# step  time_fs  cv_FeH(A)  bias(kJ/mol)  d_min_FeH(A)  d_min_OH(A)  d_min_SH(A)
0 0.0 1.7182 1499.5117 1.7182 2.5114 2.4126
10 5.0 2.6401 327.9414 2.6401 1.7194 2.2657
20 10.0 2.7119 272.3946 2.7119 1.4575 2.6848
30 15.0 2.5703 386.9672 2.5703 1.0784 2.2548
40 20.0 3.2815 14.1966 3.2815 1.2388 2.4537
50 25.0 2.9388 130.6475 2.9388 1.0843 2.5403
60 30.0 3.1205 54.2958 3.1205 1.1984 2.2937
70 35.0 3.0077 97.8175 3.0077 0.9416 2.3020
80 40.0 3.3728 2.9831 3.3728 1.2291 2.4760
90 45.0 3.2233 25.7001 3.2233 1.4063 2.3690
100 50.0 3.2698 16.2438 3.2698 1.1526 2.6215
110 55.0 3.1790 36.7293 3.1790 0.9648 2.7171
120 60.0 3.4604 0.0542 3.4604 1.2853 2.4549
130 65.0 3.2626 17.5646 3.2626 0.9190 2.4385
140 70.0 3.4166 0.5583 3.4166 1.2065 2.6129
150 75.0 3.4143 0.6375 3.4143 1.2784 2.6173
160 80.0 3.3077 10.1308 3.3077 1.2286 2.3738
170 85.0 3.2815 14.2017 3.2815 0.9548 2.6680
180 90.0 3.3379 6.2808 3.3379 1.1125 2.5394
190 95.0 3.1624 41.3483 3.1624 1.1190 2.4653
200 100.0 3.4213 0.4109 3.4213 0.9782 2.6204
210 105.0 3.3209 8.3367 3.3209 1.0440 2.7222
220 110.0 3.3018 10.9851 3.3018 1.0970 2.4367
230 115.0 3.3980 1.3502 3.3980 1.1933 2.5706
240 120.0 3.2922 12.4438 3.2922 1.1376 2.7137
250 125.0 3.2837 13.8238 3.2837 1.1632 2.6668
260 130.0 3.3429 5.7340 3.3429 1.1900 2.6567
270 135.0 3.3081 10.0631 3.3081 1.2110 2.8650
280 140.0 3.2812 14.2481 3.2812 1.0742 2.7508
290 145.0 3.3224 8.1419 3.3224 1.1375 2.8087
300 150.0 3.2262 25.0362 3.2262 1.1926 2.6814
310 155.0 3.3959 1.4641 3.3959 1.2065 2.6114
320 160.0 3.4030 1.1063 3.4030 1.2775 2.5894
330 165.0 3.2809 14.2902 3.2809 1.0976 2.7696
340 170.0 3.3847 2.1296 3.3847 1.1278 2.7533
350 175.0 3.3902 1.7906 3.3902 0.9895 2.6133
360 180.0 3.4399 0.0506 3.4399 1.1051 2.6130
370 185.0 3.3654 3.5761 3.3654 1.2694 2.7066
380 190.0 3.3424 5.7890 3.3424 0.9956 2.7154
390 195.0 3.3741 2.8800 3.3741 1.0529 2.7375
400 200.0 3.3563 4.3912 3.3563 1.0668 2.7501
410 205.0 3.2872 13.2542 3.2872 0.9850 2.7124
420 210.0 3.3372 6.3641 3.3372 1.1652 2.7968
430 215.0 3.3204 8.3980 3.3204 0.9304 2.8155
440 220.0 3.3763 2.7163 3.3763 1.0966 2.7958
450 225.0 3.3500 4.9993 3.3500 0.9275 2.8711
460 230.0 3.3898 1.8119 3.3898 1.1118 2.8556
470 235.0 3.3584 4.1997 3.3584 1.1243 2.8345
480 240.0 3.3400 6.0497 3.3400 0.9779 2.8074
490 245.0 3.3568 4.3469 3.3568 1.0406 2.8585
500 250.0 3.3095 9.8638 3.3095 1.1342 2.8368
510 255.0 3.3713 3.0998 3.3713 1.1053 2.7153
520 260.0 3.3644 3.6639 3.3644 1.0270 2.7346
530 265.0 3.3669 3.4533 3.3669 1.0802 2.7578
540 270.0 3.3588 4.1550 3.3588 1.0665 2.7317
550 275.0 3.3446 5.5572 3.3446 1.0519 2.7676
560 280.0 3.3636 3.7334 3.3636 1.0868 2.6604
570 285.0 3.3864 2.0212 3.3864 1.0558 2.5394
580 290.0 3.3976 1.3721 3.3976 1.0316 2.5067
590 295.0 3.3926 1.6464 3.3926 1.1113 2.5669
600 300.0 3.4070 0.9238 3.4070 1.1223 2.5830
610 305.0 3.4136 0.6613 3.4136 1.0200 2.5151
620 310.0 3.4052 1.0038 3.4052 1.0366 2.5248
630 315.0 3.4354 0.1070 3.4354 1.0180 2.6534
640 320.0 3.4116 0.7377 3.4116 0.9844 2.6913
650 325.0 3.3446 5.5534 3.3446 1.0167 2.5844
660 330.0 3.4059 0.9717 3.4059 0.9736 2.6119
670 335.0 3.4214 0.4087 3.4214 0.9915 2.5964
680 340.0 3.3828 2.2552 3.3828 1.0068 2.5060
690 345.0 3.3790 2.5238 3.3790 1.0187 2.4873
700 350.0 3.4148 0.6206 3.4148 0.9976 2.5563
710 355.0 3.4197 0.4578 3.4197 1.0145 2.5553
720 360.0 3.4337 0.1324 3.4337 0.9898 2.4936
730 365.0 3.3832 2.2340 3.3832 1.0050 2.3618
740 370.0 3.3956 1.4787 3.3956 0.9998 2.3291
750 375.0 3.4896 0.7845 3.4896 0.9816 2.4118
760 380.0 3.4983 1.1647 3.4983 0.9835 2.4486
770 385.0 3.4645 0.1050 3.4645 0.9849 2.4503
780 390.0 3.4520 0.0021 3.4520 1.0018 2.5100
790 395.0 3.4470 0.0045 3.4470 1.0146 2.5977
800 400.0 3.4017 1.1683 3.4017 0.9914 2.6888
810 405.0 3.3699 3.2063 3.3699 1.0044 2.6310
820 410.0 3.3351 6.6044 3.3351 0.9827 2.6049
830 415.0 3.3361 6.4857 3.3361 1.0067 2.5831
840 420.0 3.3322 6.9373 3.3322 0.9731 2.6460
850 425.0 3.3183 8.6737 3.3183 1.0218 2.7047
860 430.0 3.3244 7.8919 3.3244 0.9939 2.7507
870 435.0 3.3073 10.1866 3.3073 0.9840 2.7742
880 440.0 3.3008 11.1335 3.3008 1.0198 2.7558
890 445.0 3.3061 10.3553 3.3061 0.9749 2.7693
900 450.0 3.3223 8.1478 3.3223 1.0271 2.6319
910 455.0 3.3372 6.3635 3.3372 0.9565 2.6872
920 460.0 3.3883 1.9045 3.3883 1.0425 2.6198
930 465.0 3.3180 8.7127 3.3180 0.9433 2.5937
940 470.0 3.3289 7.3360 3.3289 1.0806 2.6907
950 475.0 3.3223 8.1492 3.3223 0.9438 2.6260
960 480.0 3.3942 1.5552 3.3942 1.1132 2.5802
970 485.0 3.3621 3.8648 3.3621 0.9408 2.6814
980 490.0 3.3948 1.5234 3.3948 1.0968 2.5748
990 495.0 3.3377 6.3020 3.3377 1.0165 2.5476
1000 500.0 3.4164 0.5645 3.4164 1.0058 2.6907
1010 505.0 3.3946 1.5324 3.3946 1.0524 2.7116
1020 510.0 3.3083 10.0434 3.3083 0.9756 2.5035
1030 515.0 3.3645 3.6535 3.3645 1.1099 2.4820
1040 520.0 3.3939 1.5746 3.3939 0.9609 2.6624
1050 525.0 3.3953 1.4967 3.3953 1.0795 2.6963
1060 530.0 3.3701 3.1899 3.3701 1.1488 2.6823
1070 535.0 3.3749 2.8214 3.3749 0.9473 2.7274
1080 540.0 3.3621 3.8666 3.3621 1.1200 2.7259
1090 545.0 3.3604 4.0131 3.3604 1.1728 2.7354
1100 550.0 3.3651 3.6058 3.3651 1.0084 2.6959
1110 555.0 3.3318 6.9853 3.3318 1.0560 2.7573
1120 560.0 3.3507 4.9324 3.3507 1.1983 2.7635
1130 565.0 3.3464 5.3689 3.3464 1.1139 2.8132
1140 570.0 3.3491 5.0909 3.3491 1.0064 2.8322
1150 575.0 3.3618 3.8894 3.3618 1.1582 2.7362
1160 580.0 3.3529 4.7146 3.3529 1.1852 2.6959
1170 585.0 3.3657 3.5548 3.3657 1.0530 2.8299
1180 590.0 3.3708 3.1387 3.3708 1.0132 2.7138
1190 595.0 3.3768 2.6818 3.3768 1.0940 2.7975
1200 600.0 3.3483 5.1669 3.3483 1.1184 2.7567
1210 605.0 3.3823 2.2946 3.3823 1.0011 2.8094
1220 610.0 3.3175 8.7807 3.3175 1.0258 2.6084
1230 615.0 3.3938 1.5809 3.3938 0.9770 2.6838
1240 620.0 3.3746 2.8441 3.3746 1.0496 2.6580
1250 625.0 3.3737 2.9100 3.3737 0.9935 2.6151
1260 630.0 3.4621 0.0729 3.4621 0.9953 2.7966
1270 635.0 3.3671 3.4359 3.3671 1.0071 2.8661
1280 640.0 3.4797 0.4425 3.4797 0.9705 2.8132
1290 645.0 3.4427 0.0268 3.4427 1.0216 2.6880
1300 650.0 3.3666 3.4782 3.3666 0.9945 2.6817
1310 655.0 3.4478 0.0024 3.4478 1.0441 2.8567
1320 660.0 3.4212 0.4137 3.4212 0.9836 2.7954
1330 665.0 3.4029 1.1099 3.4029 1.0326 2.7993
1340 670.0 3.4233 0.3564 3.4233 1.0401 2.8561
1350 675.0 3.3739 2.8942 3.3739 1.0382 2.8247
1360 680.0 3.3991 1.2932 3.3991 1.0363 2.7119
1370 685.0 3.4151 0.6088 3.4151 1.0375 2.8678
1380 690.0 3.3400 6.0465 3.3400 1.1349 2.7078
1390 695.0 3.4216 0.4046 3.4216 1.0353 2.7759
1400 700.0 3.3687 3.3049 3.3687 1.0304 2.8069
1410 705.0 3.4390 0.0605 3.4390 1.1206 2.6811
1420 710.0 3.4238 0.3426 3.4238 0.9822 2.5740
1430 715.0 3.4135 0.6674 3.4135 1.0855 2.5881
1440 720.0 3.3644 3.6658 3.3644 1.1306 2.7138
1450 725.0 3.3810 2.3800 3.3810 0.9637 2.7049
1460 730.0 3.4458 0.0088 3.4458 1.0901 2.5834
1470 735.0 3.4134 0.6716 3.4134 1.0966 2.6356
1480 740.0 3.3857 2.0679 3.3857 0.9987 2.7242
1490 745.0 3.4179 0.5143 3.4179 1.0495 2.6528
1500 750.0 3.3764 2.7110 3.3764 1.1019 2.7151
1510 755.0 3.3697 3.2229 3.3697 1.0743 2.7181
1520 760.0 3.3770 2.6678 3.3770 1.0433 2.5959
1530 765.0 3.4077 0.8931 3.4077 1.0136 2.6044
1540 770.0 3.4010 1.2007 3.4010 1.0938 2.6696
1550 775.0 3.4027 1.1180 3.4027 1.1072 2.6768
1560 780.0 3.4071 0.9192 3.4071 1.0062 2.6773
1570 785.0 3.3740 2.8868 3.3740 1.0997 2.7076
1580 790.0 3.4146 0.6261 3.4146 1.1036 2.6727
1590 795.0 3.4658 0.1253 3.4658 0.9958 2.6248
1600 800.0 3.4637 0.0944 3.4637 1.0682 2.6181
1610 805.0 3.3986 1.3218 3.3986 1.1147 2.6758
1620 810.0 3.4254 0.3030 3.4254 1.0108 2.6628
1630 815.0 3.4652 0.1153 3.4652 1.0360 2.6229
1640 820.0 3.4203 0.4420 3.4203 1.1791 2.6724
1650 825.0 3.4098 0.8061 3.4098 1.1679 2.6609
1660 830.0 3.4661 0.1288 3.4661 1.0120 2.6498
1670 835.0 3.4261 0.2846 3.4261 1.0487 2.6801
1680 840.0 3.3718 3.0553 3.3718 1.0744 2.7491
1690 845.0 3.4395 0.0551 3.4395 0.9747 2.7126
1700 850.0 3.4766 0.3542 3.4766 1.0733 2.6717
1710 855.0 3.4023 1.1379 3.4023 1.0240 2.7864
1720 860.0 3.4170 0.5437 3.4170 1.0307 2.8042
1730 865.0 3.4679 0.1599 3.4679 1.1069 2.7639
1740 870.0 3.4703 0.2066 3.4703 1.0079 2.7930
1750 875.0 3.4590 0.0405 3.4590 1.0585 2.8224
1760 880.0 3.4331 0.1428 3.4331 1.1834 2.8442
1770 885.0 3.4437 0.0201 3.4437 1.1003 2.8116
1780 890.0 3.4277 0.2480 3.4277 0.9866 2.7619
1790 895.0 3.4150 0.6122 3.4150 1.0677 2.6510
1800 900.0 3.4173 0.5348 3.4173 1.0318 2.5455
1810 905.0 3.4018 1.1618 3.4018 1.0090 2.4996
1820 910.0 3.3751 2.8037 3.3751 1.0271 2.5591
1830 915.0 3.3452 5.4911 3.3452 0.9953 2.5910
1840 920.0 3.3553 4.4834 3.3553 1.0321 2.5007
1850 925.0 3.3387 6.1963 3.3387 1.0384 2.5302
1860 930.0 3.3615 3.9150 3.3615 1.0077 2.6868
1870 935.0 3.3658 3.5475 3.3658 1.0380 2.6983
1880 940.0 3.3663 3.5023 3.3663 1.0689 2.5943
1890 945.0 3.4100 0.8008 3.4100 0.9697 2.5784
1900 950.0 3.3877 1.9431 3.3877 1.0599 2.5466
1910 955.0 3.3593 4.1120 3.3593 0.9896 2.5503
1920 960.0 3.4269 0.2660 3.4269 1.0280 2.4313
1930 965.0 3.4105 0.7786 3.4105 0.9827 2.4510
1940 970.0 3.2984 11.4980 3.2984 1.0224 2.5427
1950 975.0 3.4260 0.2890 3.4260 0.9848 2.4446
1960 980.0 3.4747 0.3054 3.4747 1.0210 2.2322
1970 985.0 3.3770 2.6613 3.3770 0.9869 2.1447
1980 990.0 3.3278 7.4715 3.3278 1.0078 2.0893
1990 995.0 3.3794 2.4904 3.3794 0.9818 2.1318
2000 1000.0 3.3792 2.5028 3.3792 1.0297 2.1207
2010 1005.0 3.4077 0.8952 3.4077 0.9746 2.1488
2020 1010.0 3.3878 1.9318 3.3878 1.0321 2.1168
2030 1015.0 3.4567 0.0227 3.4567 0.9746 2.1882
2040 1020.0 3.4046 1.0305 3.4046 1.0443 2.1620
2050 1025.0 3.4642 0.1006 3.4642 0.9764 2.2405
2060 1030.0 3.4633 0.0890 3.4633 1.0488 2.2217
2070 1035.0 3.4996 1.2306 3.4996 0.9817 2.2380
2080 1040.0 3.4248 0.3183 3.4248 1.0342 2.1676
2090 1045.0 3.4114 0.7457 3.4114 0.9939 2.1508
2100 1050.0 3.3874 1.9614 3.3874 1.0256 2.0881
2110 1055.0 3.3993 1.2844 3.3993 1.0131 2.1088
2120 1060.0 3.4279 0.2444 3.4279 1.0071 2.2058
2130 1065.0 3.4803 0.4595 3.4803 0.9911 2.3020
2140 1070.0 3.4243 0.3310 3.4243 1.0311 2.3816
2150 1075.0 3.3881 1.9149 3.3881 1.0111 2.4366
2160 1080.0 3.4947 0.9992 3.4947 1.0147 2.3331
2170 1085.0 3.4612 0.0624 3.4612 1.0623 2.2387
2180 1090.0 3.5050 1.5124 3.5050 0.9804 2.2681
2190 1095.0 3.4574 0.0275 3.4574 1.0484 2.2609
2200 1100.0 3.4745 0.3003 3.4745 1.0041 2.2614
2210 1105.0 3.4431 0.0236 3.4431 1.0314 2.2314
2220 1110.0 3.4504 0.0001 3.4504 1.0178 2.2261
2230 1115.0 3.4449 0.0130 3.4449 1.0383 2.2252
2240 1120.0 3.4476 0.0028 3.4476 1.0169 2.2079
2250 1125.0 3.4001 1.2447 3.4001 1.0251 2.1197
2260 1130.0 3.3676 3.3970 3.3676 1.0178 2.0134
2270 1135.0 3.3634 3.7504 3.3634 1.0326 1.9809
2280 1140.0 3.3859 2.0527 3.3859 1.0052 2.0129
2290 1145.0 3.3916 1.7037 3.3916 1.0243 2.0526
2300 1150.0 3.4518 0.0016 3.4518 1.0191 2.1753
2310 1155.0 3.4418 0.0333 3.4418 1.0144 2.3231
2320 1160.0 3.3383 6.2439 3.3383 1.0078 2.4602
2330 1165.0 3.3979 1.3584 3.3979 1.0264 2.4311
2340 1170.0 3.3644 3.6607 3.3644 0.9883 2.4009
2350 1175.0 3.3723 3.0225 3.3723 1.0128 2.3853
2360 1180.0 3.3266 7.6104 3.3266 1.0065 2.4728
2370 1185.0 3.3479 5.2095 3.3479 1.0117 2.4338
2380 1190.0 3.3471 5.2986 3.3471 0.9815 2.2647
2390 1195.0 3.3250 7.8071 3.3250 0.9765 2.1908
2400 1200.0 3.4062 0.9578 3.4062 1.0086 2.2165
2410 1205.0 3.4057 0.9809 3.4057 0.9966 2.2218
2420 1210.0 3.4151 0.6104 3.4151 1.0083 2.1517
2430 1215.0 3.4038 1.0693 3.4038 1.0041 2.1183
2440 1220.0 3.3990 1.2989 3.3990 1.0147 2.1879
2450 1225.0 3.3468 5.3280 3.3468 1.0269 2.2671
2460 1230.0 3.3966 1.4252 3.3966 0.9876 2.2441
2470 1235.0 3.3698 3.2165 3.3698 1.0442 2.1951
2480 1240.0 3.4031 1.0997 3.4031 0.9565 2.2899
2490 1245.0 3.3759 2.7439 3.3759 1.0831 2.2886
2500 1250.0 3.3865 2.0182 3.3865 0.9540 2.2878
2510 1255.0 3.4054 0.9967 3.4054 1.0641 2.2002
2520 1260.0 3.4336 0.1348 3.4336 0.9859 2.1750
2530 1265.0 3.4323 0.1574 3.4323 1.0386 2.0872
2540 1270.0 3.4087 0.8534 3.4087 1.0179 2.0447
2550 1275.0 3.4173 0.5343 3.4173 1.0025 2.0769
2560 1280.0 3.4703 0.2067 3.4703 1.0393 2.1778
2570 1285.0 3.4230 0.3649 3.4230 0.9759 2.4113
2580 1290.0 3.3632 3.7645 3.3632 1.0627 2.5017
2590 1295.0 3.4674 0.1507 3.4674 0.9661 2.4496
2600 1300.0 3.4589 0.0395 3.4589 1.0459 2.4459
2610 1305.0 3.3517 4.8293 3.3517 0.9525 2.5366
2620 1310.0 3.4732 0.2696 3.4732 1.0474 2.4170
2630 1315.0 3.5220 2.5955 3.5220 0.9499 2.3651
2640 1320.0 3.4998 1.2383 3.4998 1.0571 2.3927
2650 1325.0 3.3862 2.0356 3.3862 0.9708 2.5220
2660 1330.0 3.3552 4.4924 3.3552 1.0405 2.5674
2670 1335.0 3.4589 0.0398 3.4589 1.0523 2.4604
2680 1340.0 3.4601 0.0512 3.4601 0.9692 2.4703
2690 1345.0 3.4067 0.9355 3.4067 1.0794 2.5250
2700 1350.0 3.3455 5.4601 3.3455 1.0198 2.5865
2710 1355.0 3.4416 0.0355 3.4416 1.0266 2.4996
2720 1360.0 3.4431 0.0236 3.4431 1.1098 2.5201
2730 1365.0 3.3654 3.5760 3.3654 1.1256 2.6081
2740 1370.0 3.4143 0.6387 3.4143 1.1848 2.5329
2750 1375.0 3.4379 0.0733 3.4379 1.1600 2.4508
2760 1380.0 3.3421 5.8208 3.3421 1.0073 2.5454
2770 1385.0 3.3909 1.7442 3.3909 1.1074 2.4800
2780 1390.0 3.3872 1.9690 3.3872 1.1588 2.4150
2790 1395.0 3.3306 7.1315 3.3306 1.0623 2.4308
2800 1400.0 3.4124 0.7064 3.4124 1.0467 2.2910
2810 1405.0 3.4193 0.4708 3.4193 1.0353 2.2346
2820 1410.0 3.3844 2.1514 3.3844 1.0245 2.3485
2830 1415.0 3.3493 5.0726 3.3493 1.1030 2.3774
2840 1420.0 3.4367 0.0883 3.4367 0.9899 2.2886
2850 1425.0 3.3547 4.5368 3.3547 1.0300 2.2326
2860 1430.0 3.4233 0.3551 3.4233 0.9896 2.3770
2870 1435.0 3.3331 6.8308 3.3331 1.0409 2.5446
2880 1440.0 3.3532 4.6875 3.3532 1.0036 2.5421
2890 1445.0 3.4214 0.4076 3.4214 1.0088 2.4806
2900 1450.0 3.4066 0.9435 3.4066 1.0138 2.4998
2910 1455.0 3.3890 1.8592 3.3890 1.0001 2.4956
2920 1460.0 3.3906 1.7663 3.3906 1.0370 2.4956
2930 1465.0 3.4048 1.0238 3.4048 1.0215 2.4658
2940 1470.0 3.4075 0.9039 3.4075 1.0164 2.4281
2950 1475.0 3.3746 2.8423 3.3746 1.0513 2.4985
2960 1480.0 3.3597 4.0792 3.3597 1.0698 2.4797
2970 1485.0 3.3700 3.2003 3.3700 1.0391 2.5042
2980 1490.0 3.3698 3.2186 3.3698 1.0933 2.5276
2990 1495.0 3.3549 4.5179 3.3549 1.1167 2.5816
3000 1500.0 3.3642 3.6831 3.3642 1.0981 2.5775
3010 1505.0 3.3916 1.7029 3.3916 1.0647 2.5632
3020 1510.0 3.4391 0.0590 3.4391 1.1280 2.5360
3030 1515.0 3.4218 0.3987 3.4218 1.0800 2.5604
3040 1520.0 3.3968 1.4173 3.3968 1.0251 2.5734
3050 1525.0 3.4049 1.0156 3.4049 1.1101 2.5835
3060 1530.0 3.3768 2.6760 3.3768 1.0887 2.5925
3070 1535.0 3.3613 3.9346 3.3613 1.0342 2.5858
3080 1540.0 3.3751 2.8079 3.3751 1.0492 2.5260
3090 1545.0 3.3848 2.1267 3.3848 1.0157 2.5205
3100 1550.0 3.4142 0.6411 3.4142 1.0576 2.4443
3110 1555.0 3.4054 0.9954 3.4054 1.0216 2.5049
3120 1560.0 3.3732 2.9529 3.3732 1.0192 2.5528
3130 1565.0 3.4223 0.3840 3.4223 1.0365 2.5115
3140 1570.0 3.3777 2.6164 3.3777 1.0092 2.6000
3150 1575.0 3.4257 0.2949 3.4257 1.0144 2.5888
3160 1580.0 3.4665 0.1359 3.4665 1.0379 2.5442
3170 1585.0 3.3900 1.8014 3.3900 1.0159 2.7027
3180 1590.0 3.2703 16.1524 3.2703 1.0385 2.8567
3190 1595.0 3.4442 0.0170 3.4442 1.0471 2.6919
3200 1600.0 3.3993 1.2837 3.3993 1.0469 2.6085
3210 1605.0 3.3831 2.2360 3.3831 1.0165 2.7544
3220 1610.0 3.3888 1.8756 3.3888 1.0954 2.7613
3230 1615.0 3.4814 0.4936 3.4814 1.0204 2.6514
3240 1620.0 3.4158 0.5853 3.4158 1.0171 2.6850
3250 1625.0 3.3739 2.8967 3.3739 1.1319 2.6972
3260 1630.0 3.4027 1.1171 3.4027 0.9738 2.5472
3270 1635.0 3.4361 0.0960 3.4361 1.0525 2.5454
3280 1640.0 3.3414 5.8919 3.3414 1.0300 2.6124
3290 1645.0 3.3706 3.1517 3.3706 1.0006 2.4530
3300 1650.0 3.4062 0.9612 3.4062 1.0708 2.4503
3310 1655.0 3.3475 5.2552 3.3475 0.9676 2.5238
3320 1660.0 3.3983 1.3341 3.3983 1.0642 2.4472
3330 1665.0 3.3714 3.0851 3.3714 0.9812 2.4803
3340 1670.0 3.2772 14.9376 3.2772 1.0387 2.5950
3350 1675.0 3.3177 8.7555 3.3177 0.9993 2.5054
3360 1680.0 3.2920 12.4822 3.2920 1.0144 2.5711
3370 1685.0 3.3401 6.0387 3.3401 1.0190 2.4513
3380 1690.0 3.3084 10.0200 3.3084 0.9848 2.5608
3390 1695.0 3.3517 4.8310 3.3517 0.9910 2.5342
3400 1700.0 3.3110 9.6637 3.3110 1.0062 2.4313
3410 1705.0 3.3455 5.4648 3.3455 0.9913 2.5926
3420 1710.0 3.3354 6.5690 3.3354 1.0138 2.5265
3430 1715.0 3.3843 2.1584 3.3843 1.0104 2.5282
3440 1720.0 3.2897 12.8467 3.2897 0.9685 2.6506
3450 1725.0 3.3863 2.0275 3.3863 1.0073 2.5412
3460 1730.0 3.3431 5.7162 3.3431 1.0040 2.4032
3470 1735.0 3.3672 3.4263 3.3672 1.0010 2.4192
3480 1740.0 3.4659 0.1257 3.4659 0.9938 2.4513
3490 1745.0 3.4788 0.4149 3.4788 1.0038 2.4701
3500 1750.0 3.3701 3.1960 3.3701 0.9963 2.5962
3510 1755.0 3.3698 3.2129 3.3698 1.0112 2.5720
3520 1760.0 3.4149 0.6147 3.4149 1.0141 2.4364
3530 1765.0 3.3562 4.4035 3.3562 0.9764 2.4352
3540 1770.0 3.3520 4.8018 3.3520 1.0114 2.6079
3550 1775.0 3.4025 1.1283 3.4025 1.0029 2.5550
3560 1780.0 3.4628 0.0816 3.4628 1.0018 2.5138
3570 1785.0 3.3341 6.7108 3.3341 0.9950 2.6733
3580 1790.0 3.4037 1.0713 3.4037 1.0030 2.5779
3590 1795.0 3.3156 9.0376 3.3156 1.0304 2.3754
3600 1800.0 3.4133 0.6730 3.4133 0.9843 2.4989
3610 1805.0 3.3646 3.6505 3.3646 1.0356 2.5931
3620 1810.0 3.4375 0.0783 3.4375 0.9874 2.4462
3630 1815.0 3.4160 0.5796 3.4160 1.0425 2.4474
3640 1820.0 3.3227 8.1036 3.3227 1.0230 2.6379
3650 1825.0 3.3826 2.2709 3.3826 0.9778 2.5724
3660 1830.0 3.3948 1.5237 3.3948 1.0251 2.5005
3670 1835.0 3.2791 14.6062 3.2791 0.9822 2.6786
3680 1840.0 3.3286 7.3735 3.3286 1.0274 2.6320
3690 1845.0 3.4458 0.0089 3.4458 1.0200 2.4346
3700 1850.0 3.3823 2.2946 3.3823 0.9785 2.4206
3710 1855.0 3.4096 0.8179 3.4096 1.0270 2.5291
3720 1860.0 3.3831 2.2369 3.3831 0.9786 2.5609
3730 1865.0 3.3803 2.4286 3.3803 1.0294 2.5823
3740 1870.0 3.3941 1.5644 3.3941 0.9918 2.5685
3750 1875.0 3.3992 1.2891 3.3992 1.0147 2.5695
3760 1880.0 3.4255 0.3004 3.4255 1.0054 2.5292
3770 1885.0 3.3802 2.4391 3.3802 1.0002 2.4641
3780 1890.0 3.4283 0.2346 3.4283 0.9927 2.5168
3790 1895.0 3.3270 7.5659 3.3270 0.9970 2.6249
3800 1900.0 3.3675 3.4025 3.3675 1.0083 2.5661
3810 1905.0 3.3337 6.7676 3.3337 0.9972 2.4301
3820 1910.0 3.3669 3.4507 3.3669 0.9912 2.5382
3830 1915.0 3.3582 4.2147 3.3582 1.0151 2.5377
3840 1920.0 3.4103 0.7884 3.4103 0.9832 2.3531
3850 1925.0 3.4208 0.4277 3.4208 0.9789 2.3342
3860 1930.0 3.4114 0.7435 3.4114 1.0039 2.4599
3870 1935.0 3.3841 2.1732 3.3841 0.9819 2.4732
3880 1940.0 3.4309 0.1815 3.4309 1.0113 2.3698
3890 1945.0 3.4151 0.6099 3.4151 0.9833 2.3893
3900 1950.0 3.3542 4.5869 3.3542 1.0250 2.4911
3910 1955.0 3.3963 1.4405 3.3963 1.0154 2.4236
3920 1960.0 3.3628 3.7983 3.3628 0.9831 2.3214
3930 1965.0 3.4049 1.0165 3.4049 1.0095 2.3971
3940 1970.0 3.2990 11.3947 3.2990 1.0214 2.5057
3950 1975.0 3.3883 1.9021 3.3883 1.0791 2.3974
3960 1980.0 3.4408 0.0421 3.4408 0.9784 2.3090
3970 1985.0 3.4412 0.0390 3.4412 1.0649 2.2429
3980 1990.0 3.4035 1.0812 3.4035 1.0281 2.3260
3990 1995.0 3.3355 6.5511 3.3355 1.0219 2.3933
4000 2000.0 3.4162 0.5721 3.4162 1.0385 2.3187
4010 2005.0 3.4625 0.0785 3.4625 0.9757 2.2801
4020 2010.0 3.4168 0.5521 3.4168 1.0628 2.3047
4030 2015.0 3.3900 1.7979 3.3900 0.9942 2.4678
4040 2020.0 3.3993 1.2875 3.3993 1.0512 2.5329
4050 2025.0 3.4538 0.0071 3.4538 1.0478 2.5198
4060 2030.0 3.4649 0.1104 3.4649 0.9822 2.5228
4070 2035.0 3.4182 0.5042 3.4182 1.0303 2.5033
4080 2040.0 3.4167 0.5545 3.4167 0.9808 2.6324
4090 2045.0 3.3464 5.3689 3.3464 1.0750 2.7301
4100 2050.0 3.3988 1.3084 3.3988 0.9701 2.6073
4110 2055.0 3.3421 5.8182 3.3421 1.0211 2.3930
4120 2060.0 3.3953 1.4956 3.3953 0.9539 2.4125
4130 2065.0 3.3635 3.7447 3.3635 1.0310 2.5280
4140 2070.0 3.2933 12.2774 3.2933 0.9645 2.5534
4150 2075.0 3.3825 2.2777 3.3825 1.0115 2.3223
4160 2080.0 3.3841 2.1726 3.3841 0.9682 2.2201
4170 2085.0 3.3938 1.5791 3.3938 0.9983 2.3028
4180 2090.0 3.3388 6.1814 3.3388 1.0104 2.3637
4190 2095.0 3.4078 0.8907 3.4078 0.9833 2.2689
4200 2100.0 3.4015 1.1761 3.4015 0.9890 2.2028
4210 2105.0 3.4038 1.0693 3.4038 0.9997 2.3320
4220 2110.0 3.3688 3.2939 3.3688 1.0031 2.3980
4230 2115.0 3.4743 0.2956 3.4743 0.9984 2.3041
4240 2120.0 3.4548 0.0115 3.4548 1.0017 2.2427
4250 2125.0 3.4784 0.4019 3.4784 0.9963 2.2633
4260 2130.0 3.4947 0.9970 3.4947 1.0155 2.3108
4270 2135.0 3.4214 0.4086 3.4214 0.9816 2.4290
4280 2140.0 3.4003 1.2356 3.4003 1.0083 2.4776
4290 2145.0 3.4803 0.4583 3.4803 0.9665 2.4117
4300 2150.0 3.4640 0.0981 3.4640 1.0171 2.4301
4310 2155.0 3.3606 3.9978 3.3606 0.9801 2.5539
4320 2160.0 3.3686 3.3170 3.3686 1.0039 2.5693
4330 2165.0 3.4332 0.1405 3.4332 0.9692 2.4895
4340 2170.0 3.4389 0.0613 3.4389 1.0063 2.4394
4350 2175.0 3.3737 2.9099 3.3737 0.9810 2.4655
4360 2180.0 3.4481 0.0019 3.4481 1.0137 2.3836
4370 2185.0 3.4819 0.5084 3.4819 0.9683 2.3514
4380 2190.0 3.3983 1.3362 3.3983 1.0214 2.4083
4390 2195.0 3.3310 7.0847 3.3310 1.0234 2.4743
4400 2200.0 3.4494 0.0002 3.4494 1.0009 2.3877
4410 2205.0 3.4923 0.8962 3.4923 0.9948 2.3508
4420 2210.0 3.4804 0.4611 3.4804 0.9882 2.3857
4430 2215.0 3.4545 0.0100 3.4545 1.0164 2.4468
4440 2220.0 3.4353 0.1074 3.4353 0.9950 2.5491
4450 2225.0 3.3775 2.6310 3.3775 1.0034 2.6466
4460 2230.0 3.4111 0.7581 3.4111 0.9981 2.6013
4470 2235.0 3.4305 0.1904 3.4305 1.0148 2.4817
4480 2240.0 3.4337 0.1332 3.4337 1.0096 2.4208
4490 2245.0 3.4421 0.0314 3.4421 1.0041 2.4241
4500 2250.0 3.4421 0.0309 3.4421 1.0272 2.5314
4510 2255.0 3.3445 5.5687 3.3445 0.9828 2.6493
4520 2260.0 3.4216 0.4042 3.4216 1.0579 2.5676
4530 2265.0 3.4544 0.0097 3.4544 0.9573 2.4031
4540 2270.0 3.3796 2.4747 3.3796 1.0349 2.3201
4550 2275.0 3.5002 1.2617 3.5002 0.9683 2.4487
4560 2280.0 3.3402 6.0334 3.3402 1.0529 2.6123
4570 2285.0 3.3694 3.2500 3.3694 0.9637 2.5355
4580 2290.0 3.5004 1.2681 3.5004 1.0340 2.3673
4590 2295.0 3.3987 1.3137 3.3987 0.9443 2.4469
4600 2300.0 3.3790 2.5179 3.3790 1.0369 2.4882
4610 2305.0 3.4164 0.5635 3.4164 0.9749 2.4218
4620 2310.0 3.4365 0.0916 3.4365 1.0364 2.2285
4630 2315.0 3.4408 0.0427 3.4408 0.9412 2.2001
4640 2320.0 3.4070 0.9237 3.4070 1.0464 2.2388
4650 2325.0 3.4153 0.6017 3.4153 0.9768 2.3962
4660 2330.0 3.4156 0.5911 3.4156 1.0464 2.4316
4670 2335.0 3.4397 0.0533 3.4397 0.9849 2.3907
4680 2340.0 3.4351 0.1117 3.4351 1.0230 2.3656
4690 2345.0 3.4262 0.2822 3.4262 1.0869 2.3741
4700 2350.0 3.4088 0.8490 3.4088 0.9833 2.4037
4710 2355.0 3.3882 1.9079 3.3882 1.0460 2.4331
4720 2360.0 3.3371 6.3681 3.3371 1.0217 2.4514
4730 2365.0 3.4073 0.9131 3.4073 1.0213 2.3284
4740 2370.0 3.4476 0.0029 3.4476 1.0349 2.2366
4750 2375.0 3.4246 0.3222 3.4246 0.9892 2.2469
4760 2380.0 3.4129 0.6874 3.4129 1.0338 2.2544
4770 2385.0 3.3822 2.2952 3.3822 0.9861 2.2801
4780 2390.0 3.4101 0.7955 3.4101 1.0305 2.2511
4790 2395.0 3.4480 0.0021 3.4480 0.9715 2.2063
4800 2400.0 3.4492 0.0003 3.4492 0.9987 2.2148
4810 2405.0 3.3765 2.7036 3.3765 0.9958 2.3160
4820 2410.0 3.3710 3.1215 3.3710 1.0082 2.3525
4830 2415.0 3.4684 0.1692 3.4684 0.9996 2.2729
4840 2420.0 3.3627 3.8083 3.3627 0.9857 2.2260
4850 2425.0 3.4374 0.0795 3.4374 0.9915 2.3576
4860 2430.0 3.3186 8.6305 3.3186 1.0470 2.5157
4870 2435.0 3.4077 0.8931 3.4077 0.9749 2.4045
4880 2440.0 3.3832 2.2304 3.3832 1.0131 2.2552
4890 2445.0 3.4296 0.2080 3.4296 0.9783 2.3412
4900 2450.0 3.3729 2.9693 3.3729 1.0701 2.4436
4910 2455.0 3.3566 4.3601 3.3566 0.9564 2.4239
4920 2460.0 3.3403 6.0136 3.3403 1.0231 2.3068
4930 2465.0 3.3540 4.6093 3.3540 0.9394 2.3374
4940 2470.0 3.3255 7.7464 3.3255 1.0841 2.4125
4950 2475.0 3.2916 12.5416 3.2916 1.0332 2.4539
4960 2480.0 3.3469 5.3122 3.3469 1.0085 2.3382
4970 2485.0 3.3506 4.9428 3.3506 0.9850 2.2803
4980 2490.0 3.3879 1.9281 3.3879 1.0067 2.3248
4990 2495.0 3.3801 2.4456 3.3801 1.0147 2.4031
5000 2500.0 3.4020 1.1526 3.4020 1.0368 2.4258
5010 2505.0 3.4228 0.3706 3.4228 0.9645 2.4423
5020 2510.0 3.4353 0.1075 3.4353 1.0264 2.4556
5030 2515.0 3.3900 1.7971 3.3900 0.9751 2.5111
5040 2520.0 3.4099 0.8049 3.4099 1.0557 2.4990
5050 2525.0 3.4635 0.0908 3.4635 0.9647 2.4141
5060 2530.0 3.4985 1.1767 3.4985 0.9998 2.3565
5070 2535.0 3.4266 0.2734 3.4266 0.9831 2.4348
5080 2540.0 3.4049 1.0172 3.4049 1.0240 2.4900
5090 2545.0 3.4189 0.4832 3.4189 0.9996 2.4852
5100 2550.0 3.4550 0.0127 3.4550 1.0345 2.4428
5110 2555.0 3.4373 0.0811 3.4373 0.9766 2.4299
5120 2560.0 3.4170 0.5454 3.4170 1.0373 2.4407
5130 2565.0 3.3959 1.4635 3.3959 0.9911 2.4387
5140 2570.0 3.4172 0.5370 3.4172 1.0365 2.4434
5150 2575.0 3.3921 1.6773 3.3921 0.9959 2.4712
5160 2580.0 3.4223 0.3846 3.4223 0.9930 2.4190
5170 2585.0 3.4294 0.2126 3.4294 0.9830 2.3805
5180 2590.0 3.4267 0.2718 3.4267 1.0130 2.3628
5190 2595.0 3.4359 0.0990 3.4359 0.9695 2.3179
5200 2600.0 3.4320 0.1625 3.4320 1.0127 2.2696
5210 2605.0 3.3696 3.2349 3.3696 0.9535 2.2796
5220 2610.0 3.4174 0.5310 3.4174 1.0278 2.2092
5230 2615.0 3.4426 0.0277 3.4426 0.9538 2.1699
5240 2620.0 3.4131 0.6812 3.4131 1.0196 2.1846
5250 2625.0 3.3683 3.3402 3.3683 0.9404 2.2248
5260 2630.0 3.4469 0.0049 3.4469 1.0356 2.1042
5270 2635.0 3.4754 0.3225 3.4754 0.9353 2.1239
5280 2640.0 3.4379 0.0726 3.4379 1.0284 2.1698
5290 2645.0 3.3116 9.5835 3.3116 0.9623 2.3066
5300 2650.0 3.3975 1.3757 3.3975 1.0123 2.2293
5310 2655.0 3.4566 0.0215 3.4566 0.9852 2.1489
5320 2660.0 3.4376 0.0765 3.4376 1.0118 2.1945
5330 2665.0 3.3921 1.6756 3.3921 0.9970 2.3766
5340 2670.0 3.3775 2.6292 3.3775 1.0280 2.4504
5350 2675.0 3.3980 1.3536 3.3980 0.9963 2.4382
5360 2680.0 3.4089 0.8466 3.4089 0.9976 2.3797
5370 2685.0 3.4506 0.0002 3.4506 0.9880 2.3995
5380 2690.0 3.4455 0.0102 3.4455 1.0013 2.4557
5390 2695.0 3.3745 2.8484 3.3745 1.0050 2.5223
5400 2700.0 3.4272 0.2593 3.4272 1.0252 2.4445
5410 2705.0 3.4388 0.0624 3.4388 0.9780 2.3245
5420 2710.0 3.4100 0.7997 3.4100 0.9947 2.2650
5430 2715.0 3.4285 0.2314 3.4285 0.9895 2.3562
5440 2720.0 3.3437 5.6456 3.3437 1.0348 2.4510
5450 2725.0 3.4363 0.0936 3.4363 1.0128 2.3713
5460 2730.0 3.4522 0.0024 3.4522 0.9958 2.3586
5470 2735.0 3.3957 1.4730 3.3957 1.0156 2.4426
5480 2740.0 3.4073 0.9125 3.4073 1.0234 2.4468
5490 2745.0 3.4305 0.1902 3.4305 1.0009 2.3750
5500 2750.0 3.4183 0.5033 3.4183 1.0238 2.3775
5510 2755.0 3.4051 1.0077 3.4051 0.9937 2.4514
5520 2760.0 3.4122 0.7146 3.4122 1.0670 2.4471
5530 2765.0 3.4311 0.1780 3.4311 0.9530 2.3664
5540 2770.0 3.4180 0.5107 3.4180 1.0690 2.2717
5550 2775.0 3.4326 0.1519 3.4326 0.9366 2.3335
5560 2780.0 3.4268 0.2698 3.4268 1.0875 2.3403
5570 2785.0 3.3773 2.6460 3.3773 0.9526 2.3887
5580 2790.0 3.4662 0.1316 3.4662 1.0912 2.2930
5590 2795.0 3.4145 0.6285 3.4145 0.9604 2.3623
5600 2800.0 3.3838 2.1900 3.3838 1.0819 2.4106
5610 2805.0 3.4008 1.2122 3.4008 1.0739 2.4099
5620 2810.0 3.4313 0.1742 3.4313 0.9758 2.4057
5630 2815.0 3.4503 0.0000 3.4503 1.1047 2.3839
5640 2820.0 3.3676 3.3983 3.3676 0.9383 2.5555
5650 2825.0 3.3709 3.1270 3.3709 1.1156 2.6291
5660 2830.0 3.4197 0.4581 3.4197 0.9706 2.5919
5670 2835.0 3.4587 0.0376 3.4587 1.0556 2.5408
5680 2840.0 3.4560 0.0178 3.4560 1.0320 2.5293
5690 2845.0 3.4657 0.1240 3.4657 0.9914 2.5487
5700 2850.0 3.4537 0.0068 3.4537 1.0635 2.5799
5710 2855.0 3.4345 0.1194 3.4345 0.9495 2.5905
5720 2860.0 3.4407 0.0429 3.4407 1.0790 2.5575
5730 2865.0 3.4005 1.2257 3.4005 0.9562 2.5464
5740 2870.0 3.4075 0.9012 3.4075 1.0598 2.4704
5750 2875.0 3.4307 0.1864 3.4307 0.9677 2.3683
5760 2880.0 3.4148 0.6184 3.4148 1.0313 2.2313
5770 2885.0 3.4468 0.0051 3.4468 0.9650 2.2395
5780 2890.0 3.4068 0.9345 3.4068 1.0523 2.2974
5790 2895.0 3.3467 5.3360 3.3467 0.9663 2.3907
5800 2900.0 3.4082 0.8729 3.4082 1.0326 2.3462
5810 2905.0 3.4159 0.5826 3.4159 0.9585 2.3211
5820 2910.0 3.3860 2.0485 3.3860 1.0340 2.3457
5830 2915.0 3.4337 0.1336 3.4337 0.9789 2.4359
5840 2920.0 3.4155 0.5937 3.4155 1.0389 2.4810
5850 2925.0 3.4658 0.1241 3.4658 0.9603 2.5526
5860 2930.0 3.4259 0.2902 3.4259 1.0215 2.6087
5870 2935.0 3.4226 0.3740 3.4226 0.9933 2.6037
5880 2940.0 3.4635 0.0915 3.4635 1.0209 2.5255
5890 2945.0 3.4089 0.8456 3.4089 0.9526 2.5408
5900 2950.0 3.4002 1.2403 3.4002 1.0180 2.5273
5910 2955.0 3.3998 1.2618 3.3998 0.9808 2.5319
5920 2960.0 3.3604 4.0150 3.3604 1.0501 2.5616
5930 2965.0 3.2662 16.8843 3.2662 0.9911 2.6393
5940 2970.0 3.4091 0.8357 3.4091 1.0367 2.4673
5950 2975.0 3.4711 0.2229 3.4711 0.9480 2.3758
5960 2980.0 3.4663 0.1336 3.4663 1.0494 2.3554
5970 2985.0 3.3824 2.2820 3.3824 0.9611 2.4298
5980 2990.0 3.4402 0.0480 3.4402 1.0652 2.3672
5990 2995.0 3.3778 2.6063 3.3778 0.9563 2.3856
6000 3000.0 3.4271 0.2626 3.4271 1.0504 2.3162
6010 3005.0 3.4772 0.3693 3.4772 0.9873 2.2465
6020 3010.0 3.4497 0.0001 3.4497 1.0342 2.1785
6030 3015.0 3.4262 0.2843 3.4262 0.9920 2.2350
6040 3020.0 3.3540 4.6116 3.3540 1.0173 2.3271
6050 3025.0 3.3938 1.5799 3.3938 1.0563 2.3328
6060 3030.0 3.4121 0.7173 3.4121 0.9735 2.3299
6070 3035.0 3.4064 0.9494 3.4064 1.0423 2.3327
6080 3040.0 3.3126 9.4367 3.3126 0.9839 2.4329
6090 3045.0 3.3490 5.0988 3.3490 1.0579 2.4249
6100 3050.0 3.4200 0.4512 3.4200 0.9603 2.3112
6110 3055.0 3.4172 0.5383 3.4172 1.0201 2.1896
6120 3060.0 3.4292 0.2158 3.4292 0.9514 2.2874
6130 3065.0 3.3413 5.9088 3.3413 1.0397 2.4105
6140 3070.0 3.3475 5.2546 3.3475 0.9679 2.4335
6150 3075.0 3.4470 0.0045 3.4470 1.0339 2.3415
6160 3080.0 3.4546 0.0106 3.4546 0.9618 2.3779
6170 3085.0 3.4326 0.1509 3.4326 1.0203 2.4320
6180 3090.0 3.3688 3.2966 3.3688 0.9755 2.5100
6190 3095.0 3.4100 0.8016 3.4100 1.0180 2.4663
6200 3100.0 3.4569 0.0238 3.4569 0.9682 2.3655
6210 3105.0 3.4505 0.0002 3.4505 1.0214 2.3408
6220 3110.0 3.3669 3.4537 3.3669 0.9594 2.4223
6230 3115.0 3.3617 3.8960 3.3617 1.0582 2.4151
6240 3120.0 3.4158 0.5835 3.4158 0.9635 2.3221
6250 3125.0 3.4599 0.0489 3.4599 1.0632 2.2595
6260 3130.0 3.4046 1.0301 3.4046 1.0047 2.3087
6270 3135.0 3.3842 2.1619 3.3842 1.0125 2.3194
6280 3140.0 3.4231 0.3622 3.4231 1.0575 2.2742
6290 3145.0 3.3935 1.5954 3.3935 0.9720 2.2870
6300 3150.0 3.4126 0.7010 3.4126 1.0432 2.2148
6310 3155.0 3.3863 2.0289 3.3863 0.9697 2.2961
6320 3160.0 3.3766 2.6962 3.3766 1.0799 2.3414
6330 3165.0 3.3389 6.1672 3.3389 0.9602 2.3795
6340 3170.0 3.4175 0.5273 3.4175 1.0351 2.2627
6350 3175.0 3.4389 0.0617 3.4389 0.9562 2.2699
6360 3180.0 3.4196 0.4629 3.4196 1.0314 2.3127
6370 3185.0 3.3571 4.3182 3.3571 0.9726 2.4323
6380 3190.0 3.3839 2.1871 3.3839 1.0476 2.4396
6390 3195.0 3.4398 0.0517 3.4398 0.9468 2.3661
6400 3200.0 3.3896 1.8253 3.3896 1.0095 2.3352
6410 3205.0 3.3773 2.6428 3.3773 0.9763 2.4810
6420 3210.0 3.3447 5.5461 3.3447 1.0133 2.5285
6430 3215.0 3.4164 0.5629 3.4164 0.9789 2.3964
6440 3220.0 3.4002 1.2410 3.4002 0.9868 2.3396
6450 3225.0 3.4003 1.2375 3.4003 1.0054 2.3859
6460 3230.0 3.3315 7.0164 3.3315 1.0265 2.4923
6470 3235.0 3.3791 2.5102 3.3791 1.0270 2.4302
6480 3240.0 3.4138 0.6557 3.4138 0.9936 2.3148
6490 3245.0 3.4207 0.4287 3.4207 0.9959 2.3200
6500 3250.0 3.4021 1.1492 3.4021 1.0033 2.4242
6510 3255.0 3.3379 6.2845 3.3379 1.0156 2.5027
6520 3260.0 3.4361 0.0966 3.4361 1.0100 2.3984
6530 3265.0 3.4690 0.1801 3.4690 0.9811 2.2900
6540 3270.0 3.4777 0.3847 3.4777 1.0076 2.3068
6550 3275.0 3.4132 0.6773 3.4132 0.9923 2.4304
6560 3280.0 3.4166 0.5590 3.4166 1.0212 2.4629
6570 3285.0 3.4240 0.3382 3.4240 0.9755 2.4417
6580 3290.0 3.4279 0.2442 3.4279 0.9932 2.4452
6590 3295.0 3.4100 0.7988 3.4100 0.9939 2.4964
6600 3300.0 3.3977 1.3696 3.3977 1.0095 2.5289
6610 3305.0 3.4205 0.4338 3.4205 0.9898 2.5027
6620 3310.0 3.4288 0.2252 3.4288 0.9965 2.5018
6630 3315.0 3.4216 0.4030 3.4216 1.0063 2.5211
6640 3320.0 3.3945 1.5400 3.3945 1.0355 2.5543
6650 3325.0 3.4381 0.0709 3.4381 0.9785 2.4975
6660 3330.0 3.4837 0.5691 3.4837 1.0023 2.4535
6670 3335.0 3.3983 1.3373 3.3983 0.9962 2.5548
6680 3340.0 3.3801 2.4439 3.3801 1.0047 2.5713
6690 3345.0 3.4728 0.2609 3.4728 1.0007 2.4574
6700 3350.0 3.4868 0.6779 3.4868 1.0036 2.4306
6710 3355.0 3.3721 3.0305 3.3721 0.9975 2.5248
6720 3360.0 3.3786 2.5464 3.3786 1.0606 2.4792
6730 3365.0 3.4279 0.2448 3.4279 0.9845 2.3762
6740 3370.0 3.3984 1.3319 3.3984 1.0251 2.3695
6750 3375.0 3.3564 4.3845 3.3564 1.0269 2.4109
6760 3380.0 3.4032 1.0956 3.4032 1.0389 2.3813
6770 3385.0 3.4286 0.2297 3.4286 1.0233 2.3657
6780 3390.0 3.4066 0.9412 3.4066 1.0335 2.4084
6790 3395.0 3.3731 2.9563 3.3731 1.0498 2.4498
6800 3400.0 3.4174 0.5329 3.4174 1.0006 2.3879
6810 3405.0 3.3823 2.2939 3.3823 1.0029 2.3106
6820 3410.0 3.4133 0.6720 3.4133 0.9859 2.3727
6830 3415.0 3.3704 3.1694 3.3704 1.0294 2.4864
6840 3420.0 3.3231 8.0558 3.3231 1.0184 2.5353
6850 3425.0 3.3955 1.4846 3.3955 1.0034 2.3878
6860 3430.0 3.4078 0.8892 3.4078 0.9678 2.3107
6870 3435.0 3.3787 2.5443 3.3787 1.0548 2.3629
6880 3440.0 3.3591 4.1353 3.3591 1.0503 2.3594
6890 3445.0 3.4219 0.3960 3.4219 0.9651 2.2254
6900 3450.0 3.3905 1.7686 3.3905 1.0591 2.1278
6910 3455.0 3.3949 1.5160 3.3949 0.9649 2.2785
6920 3460.0 3.3703 3.1737 3.3703 1.1184 2.3688
6930 3465.0 3.3554 4.4762 3.3554 0.9670 2.4043
6940 3470.0 3.4597 0.0475 3.4597 1.0559 2.3492
6950 3475.0 3.4249 0.3140 3.4249 0.9588 2.4319
6960 3480.0 3.4378 0.0740 3.4378 1.0464 2.4677
6970 3485.0 3.4006 1.2199 3.4006 0.9803 2.5669
6980 3490.0 3.4026 1.1245 3.4026 1.0706 2.6261
6990 3495.0 3.3867 2.0063 3.3867 1.0514 2.6774
7000 3500.0 3.4115 0.7419 3.4115 1.0013 2.6622
7010 3505.0 3.3853 2.0958 3.3853 1.0440 2.6232
7020 3510.0 3.3604 4.0141 3.3604 0.9881 2.6733
7030 3515.0 3.3858 2.0586 3.3858 1.0491 2.6046
7040 3520.0 3.3945 1.5393 3.3945 0.9904 2.5718
7050 3525.0 3.4615 0.0657 3.4615 1.0766 2.5088
7060 3530.0 3.4040 1.0587 3.4040 0.9431 2.5112
7070 3535.0 3.4258 0.2927 3.4258 1.0992 2.5051
7080 3540.0 3.4596 0.0460 3.4596 0.9897 2.4051
7090 3545.0 3.4170 0.5447 3.4170 1.0296 2.4266
7100 3550.0 3.3930 1.6255 3.3930 1.0437 2.5235
7110 3555.0 3.4085 0.8606 3.4085 0.9830 2.4532
7120 3560.0 3.3887 1.8768 3.3887 1.0326 2.4158
7130 3565.0 3.3347 6.6523 3.3347 0.9850 2.5411
7140 3570.0 3.3633 3.7615 3.3633 1.0765 2.5004
7150 3575.0 3.3513 4.8693 3.3513 0.9705 2.4475
7160 3580.0 3.3771 2.6563 3.3771 1.0338 2.3768
7170 3585.0 3.4205 0.4359 3.4205 0.9673 2.3244
7180 3590.0 3.4116 0.7375 3.4116 1.0039 2.3799
7190 3595.0 3.3515 4.8482 3.3515 1.0107 2.5242
7200 3600.0 3.3920 1.6814 3.3920 1.0408 2.5157
7210 3605.0 3.3861 2.0403 3.3861 1.0008 2.4769
7220 3610.0 3.3767 2.6836 3.3767 1.0340 2.4641
7230 3615.0 3.3506 4.9444 3.3506 1.0209 2.5132
7240 3620.0 3.3349 6.6227 3.3349 1.0353 2.5097
7250 3625.0 3.3058 10.3911 3.3058 0.9822 2.5421
7260 3630.0 3.3249 7.8253 3.3249 1.0394 2.4499
7270 3635.0 3.3490 5.1008 3.3490 0.9987 2.5381
7280 3640.0 3.3987 1.3143 3.3987 1.0464 2.5660
7290 3645.0 3.4414 0.0367 3.4414 0.9393 2.4820
7300 3650.0 3.4208 0.4251 3.4208 1.0120 2.4892
7310 3655.0 3.4455 0.0099 3.4455 0.9638 2.5416
7320 3660.0 3.3835 2.2133 3.3835 1.0043 2.6039
7330 3665.0 3.4112 0.7542 3.4112 0.9654 2.5713
7340 3670.0 3.4451 0.0119 3.4451 1.0138 2.5416
7350 3675.0 3.3948 1.5224 3.3948 0.9689 2.5879
7360 3680.0 3.4137 0.6591 3.4137 1.0173 2.5714
7370 3685.0 3.4502 0.0000 3.4502 0.9654 2.5201
7380 3690.0 3.4389 0.0611 3.4389 1.0067 2.5450
7390 3695.0 3.4101 0.7952 3.4101 0.9661 2.5813
7400 3700.0 3.4300 0.1990 3.4300 1.0023 2.5611
7410 3705.0 3.4182 0.5044 3.4182 0.9696 2.5338
7420 3710.0 3.4108 0.7693 3.4108 0.9852 2.5997
7430 3715.0 3.3867 2.0053 3.3867 0.9966 2.6161
7440 3720.0 3.3803 2.4307 3.3803 0.9960 2.5152
7450 3725.0 3.3673 3.4184 3.3673 0.9923 2.4653
7460 3730.0 3.3537 4.6383 3.3537 0.9980 2.4855
7470 3735.0 3.3212 8.2918 3.3212 1.0169 2.5535
7480 3740.0 3.3403 6.0129 3.3403 0.9956 2.5122
7490 3745.0 3.3419 5.8447 3.3419 1.0049 2.4730
7500 3750.0 3.3563 4.3855 3.3563 0.9778 2.5259
7510 3755.0 3.3601 4.0421 3.3601 1.0478 2.5413
7520 3760.0 3.3800 2.4477 3.3800 0.9571 2.5039
7530 3765.0 3.3812 2.3650 3.3812 1.0253 2.5226
7540 3770.0 3.3965 1.4287 3.3965 0.9680 2.5179
7550 3775.0 3.3867 2.0058 3.3867 1.0253 2.4706
7560 3780.0 3.3804 2.4237 3.3804 0.9957 2.4841
7570 3785.0 3.3845 2.1446 3.3845 1.0145 2.4532
7580 3790.0 3.3983 1.3384 3.3983 0.9689 2.4357
7590 3795.0 3.3992 1.2901 3.3992 1.0092 2.4320
7600 3800.0 3.3625 3.8256 3.3625 0.9744 2.4615
7610 3805.0 3.3981 1.3493 3.3981 1.0159 2.4248
7620 3810.0 3.4586 0.0370 3.4586 0.9874 2.3554
7630 3815.0 3.4809 0.4763 3.4809 1.0004 2.3585
7640 3820.0 3.3926 1.6495 3.3926 0.9918 2.4522
7650 3825.0 3.3681 3.3544 3.3681 1.0157 2.4707
7660 3830.0 3.4948 1.0027 3.4948 1.0012 2.3034
7670 3835.0 3.4238 0.3431 3.4238 0.9820 2.2009
7680 3840.0 3.4692 0.1845 3.4692 0.9981 2.3005
7690 3845.0 3.3187 8.6223 3.3187 1.0332 2.4740
7700 3850.0 3.4189 0.4831 3.4189 1.0026 2.3954
7710 3855.0 3.4930 0.9253 3.4930 0.9981 2.2782
7720 3860.0 3.4478 0.0024 3.4478 1.0123 2.2075
7730 3865.0 3.4221 0.3880 3.4221 0.9993 2.1625
7740 3870.0 3.4343 0.1231 3.4343 1.0170 2.2317
7750 3875.0 3.3652 3.5914 3.3652 0.9741 2.4681
7760 3880.0 3.3251 7.7999 3.3251 0.9910 2.5103
7770 3885.0 3.4396 0.0544 3.4396 1.0159 2.3336
7780 3890.0 3.3938 1.5788 3.3938 0.9900 2.2581
7790 3895.0 3.4422 0.0307 3.4422 0.9744 2.3197
7800 3900.0 3.4084 0.8663 3.4084 0.9955 2.4046
7810 3905.0 3.3732 2.9527 3.3732 0.9847 2.4429
7820 3910.0 3.3497 5.0328 3.3497 1.0304 2.4766
7830 3915.0 3.3173 8.8049 3.3173 0.9891 2.4962
7840 3920.0 3.4327 0.1495 3.4327 1.0242 2.2966
7850 3925.0 3.4459 0.0085 3.4459 0.9566 2.2261
7860 3930.0 3.4177 0.5217 3.4177 1.0624 2.3078
7870 3935.0 3.2513 19.7340 3.2513 1.0092 2.4788
7880 3940.0 3.3654 3.5816 3.3654 1.0230 2.3535
7890 3945.0 3.4354 0.1059 3.4354 0.9701 2.2322
7900 3950.0 3.4290 0.2213 3.4290 1.0394 2.2237
7910 3955.0 3.3445 5.5681 3.3445 0.9918 2.3388
7920 3960.0 3.4314 0.1738 3.4314 1.0257 2.2997
7930 3965.0 3.4536 0.0066 3.4536 0.9640 2.2753
7940 3970.0 3.4450 0.0126 3.4450 1.0390 2.2768
7950 3975.0 3.4317 0.1669 3.4317 0.9775 2.3271
7960 3980.0 3.4360 0.0985 3.4360 1.0405 2.3219
7970 3985.0 3.4287 0.2272 3.4287 0.9405 2.4319
7980 3990.0 3.3456 5.4493 3.3456 1.0626 2.5589
7990 3995.0 3.3994 1.2802 3.3994 0.9811 2.4764
8000 4000.0 3.3538 4.6275 3.3538 1.0164 2.2431
8010 4005.0 3.3596 4.0878 3.3596 0.9374 2.1982
8020 4010.0 3.3853 2.0929 3.3853 1.0318 2.3059
8030 4015.0 3.3248 7.8340 3.3248 1.0027 2.5522
8040 4020.0 3.3544 4.5729 3.3544 1.0229 2.5659
8050 4025.0 3.3693 3.2579 3.3693 0.9732 2.3654
8060 4030.0 3.3379 6.2806 3.3379 0.9951 2.2466
8070 4035.0 3.4039 1.0627 3.4039 1.0060 2.3072
8080 4040.0 3.3911 1.7322 3.3911 1.0076 2.4247
8090 4045.0 3.3764 2.7110 3.3764 0.9936 2.5134
8100 4050.0 3.3649 3.6197 3.3649 0.9952 2.5233
8110 4055.0 3.4004 1.2281 3.4004 1.0039 2.4650
8120 4060.0 3.4292 0.2157 3.4292 0.9949 2.4149
8130 4065.0 3.4573 0.0267 3.4573 1.0015 2.3741
8140 4070.0 3.4427 0.0268 3.4427 0.9811 2.3580
8150 4075.0 3.4520 0.0020 3.4520 1.0092 2.4334
8160 4080.0 3.3879 1.9276 3.3879 1.0000 2.5981
8170 4085.0 3.3536 4.6508 3.3536 1.0197 2.6398
8180 4090.0 3.3891 1.8531 3.3891 1.0157 2.5278
8190 4095.0 3.4222 0.3868 3.4222 0.9943 2.5551
8200 4100.0 3.4127 0.6971 3.4127 1.1027 2.6593
8210 4105.0 3.3640 3.6972 3.3640 0.9962 2.6784
8220 4110.0 3.4195 0.4663 3.4195 1.0395 2.5699
8230 4115.0 3.4535 0.0061 3.4535 1.0396 2.5897
8240 4120.0 3.3768 2.6777 3.3768 0.9768 2.6524
8250 4125.0 3.4002 1.2384 3.4002 1.0312 2.6286
8260 4130.0 3.4553 0.0141 3.4553 0.9773 2.5666
8270 4135.0 3.4346 0.1184 3.4346 1.0263 2.5316
8280 4140.0 3.4598 0.0476 3.4598 0.9756 2.5320
8290 4145.0 3.4463 0.0068 3.4463 1.0138 2.5664
8300 4150.0 3.4106 0.7762 3.4106 0.9815 2.5922
8310 4155.0 3.4463 0.0068 3.4463 1.0166 2.5436
8320 4160.0 3.4635 0.0910 3.4635 0.9810 2.4762
8330 4165.0 3.4597 0.0472 3.4597 1.0229 2.4447
8340 4170.0 3.4695 0.1897 3.4695 0.9867 2.4470
8350 4175.0 3.4239 0.3398 3.4239 1.0313 2.5313
8360 4180.0 3.3327 6.8853 3.3327 0.9937 2.6042
8370 4185.0 3.3917 1.6985 3.3917 1.0332 2.5276
8380 4190.0 3.4811 0.4835 3.4811 1.0091 2.3957
8390 4195.0 3.4629 0.0838 3.4629 0.9956 2.3205
8400 4200.0 3.5014 1.3211 3.5014 0.9987 2.3379
8410 4205.0 3.3757 2.7635 3.3757 1.0153 2.4544
8420 4210.0 3.3774 2.6372 3.3774 1.0027 2.4254
8430 4215.0 3.4854 0.6276 3.4854 1.0106 2.2663
8440 4220.0 3.4747 0.3058 3.4747 0.9725 2.2089
8450 4225.0 3.4335 0.1362 3.4335 1.0416 2.2127
8460 4230.0 3.3707 3.1473 3.3707 0.9852 2.3394
8470 4235.0 3.3988 1.3097 3.3988 1.0395 2.3374
8480 4240.0 3.4130 0.6843 3.4130 0.9675 2.2998
8490 4245.0 3.4017 1.1671 3.4017 1.0506 2.2452
8500 4250.0 3.4143 0.6372 3.4143 0.9760 2.2842
8510 4255.0 3.4327 0.1492 3.4327 1.0416 2.3678
8520 4260.0 3.3655 3.5670 3.3655 0.9463 2.4409
8530 4265.0 3.4414 0.0371 3.4414 1.0598 2.3787
8540 4270.0 3.4384 0.0674 3.4384 0.9388 2.3409
8550 4275.0 3.4492 0.0003 3.4492 1.0676 2.3519
8560 4280.0 3.3435 5.6669 3.3435 0.9365 2.4664
8570 4285.0 3.3937 1.5836 3.3937 1.0664 2.4332
8580 4290.0 3.4230 0.3640 3.4230 0.9386 2.3631
8590 4295.0 3.4552 0.0135 3.4552 1.0560 2.2765
8600 4300.0 3.4473 0.0036 3.4473 0.9464 2.3372
8610 4305.0 3.4355 0.1054 3.4355 1.0582 2.3701
8620 4310.0 3.3911 1.7375 3.3911 0.9349 2.4278
8630 4315.0 3.4458 0.0087 3.4458 1.0770 2.3774
8640 4320.0 3.4257 0.2953 3.4257 0.9442 2.4150
8650 4325.0 3.4503 0.0000 3.4503 1.0792 2.4106
8660 4330.0 3.3711 3.1123 3.3711 0.9287 2.5093
8670 4335.0 3.4203 0.4418 3.4203 1.0670 2.4730
8680 4340.0 3.3836 2.2075 3.3836 0.9664 2.4992
8690 4345.0 3.3796 2.4799 3.3796 1.0650 2.4702
8700 4350.0 3.3366 6.4261 3.3366 0.9993 2.5660
8710 4355.0 3.3888 1.8757 3.3888 1.0240 2.5122
8720 4360.0 3.4366 0.0896 3.4366 0.9808 2.4437
8730 4365.0 3.4473 0.0035 3.4473 1.0421 2.4365
8740 4370.0 3.3996 1.2707 3.3996 1.0273 2.4771
8750 4375.0 3.3593 4.1153 3.3593 0.9818 2.4940
8760 4380.0 3.4376 0.0770 3.4376 1.0040 2.3798
8770 4385.0 3.5107 1.8413 3.5107 0.9981 2.2665
8780 4390.0 3.4925 0.9025 3.4925 1.0169 2.2204
8790 4395.0 3.5072 1.6339 3.5072 0.9891 2.2321
8800 4400.0 3.4198 0.4557 3.4198 1.0173 2.3059
8810 4405.0 3.3602 4.0291 3.3602 0.9797 2.3664
8820 4410.0 3.4251 0.3107 3.4251 1.0377 2.2990
8830 4415.0 3.4807 0.4713 3.4807 0.9906 2.2440
8840 4420.0 3.4582 0.0337 3.4582 1.0045 2.2695
8850 4425.0 3.3759 2.7427 3.3759 0.9765 2.3757
8860 4430.0 3.4124 0.7079 3.4124 1.0195 2.3749
8870 4435.0 3.4259 0.2907 3.4259 0.9909 2.3877
8880 4440.0 3.4599 0.0490 3.4599 1.0231 2.3667
8890 4445.0 3.4234 0.3549 3.4234 0.9663 2.4025
8900 4450.0 3.4203 0.4407 3.4203 1.0018 2.4124
8910 4455.0 3.4134 0.6695 3.4134 1.0019 2.4193
8920 4460.0 3.4145 0.6284 3.4145 1.0294 2.4189
8930 4465.0 3.4103 0.7894 3.4103 1.0040 2.4150
8940 4470.0 3.4248 0.3166 3.4248 0.9982 2.4000
8950 4475.0 3.4021 1.1484 3.4021 1.0373 2.4529
8960 4480.0 3.3938 1.5768 3.3938 1.0526 2.4770
8970 4485.0 3.4323 0.1561 3.4323 1.0094 2.4231
8980 4490.0 3.4287 0.2269 3.4287 0.9973 2.4398
8990 4495.0 3.4094 0.8233 3.4094 1.0142 2.4903
9000 4500.0 3.4401 0.0486 3.4401 1.0088 2.4675
9010 4505.0 3.4702 0.2046 3.4702 1.0039 2.4375
9020 4510.0 3.4209 0.4243 3.4209 0.9780 2.4877
9030 4515.0 3.3921 1.6791 3.3921 0.9972 2.5217
9040 4520.0 3.4465 0.0060 3.4465 1.0025 2.4276
9050 4525.0 3.3823 2.2910 3.3823 1.0105 2.3433
9060 4530.0 3.4027 1.1169 3.4027 1.0030 2.4207
9070 4535.0 3.3715 3.0844 3.3715 1.0262 2.4443
9080 4540.0 3.3515 4.8473 3.3515 0.9873 2.4047
9090 4545.0 3.3413 5.9130 3.3413 1.0443 2.4821
9100 4550.0 3.3540 4.6077 3.3540 0.9777 2.4429
9110 4555.0 3.3988 1.3126 3.3988 1.0156 2.3020
9120 4560.0 3.4488 0.0007 3.4488 0.9747 2.2929
9130 4565.0 3.4430 0.0242 3.4430 1.0040 2.3374
9140 4570.0 3.3873 1.9681 3.3873 0.9728 2.3932
9150 4575.0 3.4262 0.2822 3.4262 0.9997 2.3608
9160 4580.0 3.4603 0.0535 3.4603 0.9851 2.3361
9170 4585.0 3.4294 0.2115 3.4294 1.0053 2.3556
9180 4590.0 3.3929 1.6321 3.3929 1.0064 2.4630
9190 4595.0 3.3778 2.6040 3.3778 1.0171 2.4957
9200 4600.0 3.4182 0.5042 3.4182 1.0066 2.4622
9210 4605.0 3.4062 0.9579 3.4062 1.0143 2.4914
9220 4610.0 3.4242 0.3316 3.4242 1.0092 2.5033
9230 4615.0 3.4136 0.6619 3.4136 0.9674 2.5284
9240 4620.0 3.4428 0.0256 3.4428 1.0549 2.5472
9250 4625.0 3.4096 0.8163 3.4096 1.0261 2.5279
9260 4630.0 3.4231 0.3619 3.4231 0.9812 2.5257
9270 4635.0 3.4343 0.1230 3.4343 1.0384 2.5678
9280 4640.0 3.3773 2.6447 3.3773 0.9982 2.6609
9290 4645.0 3.4253 0.3045 3.4253 1.0776 2.5987
9300 4650.0 3.4003 1.2345 3.4003 0.9881 2.4824
9310 4655.0 3.4068 0.9318 3.4068 1.0193 2.4257
9320 4660.0 3.4553 0.0143 3.4553 1.0488 2.4580
9330 4665.0 3.3949 1.5166 3.3949 0.9840 2.4847
9340 4670.0 3.4430 0.0244 3.4430 1.1301 2.3784
9350 4675.0 3.4659 0.1262 3.4659 0.9576 2.3432
9360 4680.0 3.4105 0.7791 3.4105 1.0758 2.2833
9370 4685.0 3.3925 1.6541 3.3925 0.9818 2.4225
9380 4690.0 3.3402 6.0292 3.3402 1.0731 2.5215
9390 4695.0 3.4028 1.1127 3.4028 1.1078 2.4881
9400 4700.0 3.3752 2.7969 3.3752 0.9850 2.5198
9410 4705.0 3.4299 0.2028 3.4299 1.0869 2.5348
9420 4710.0 3.4067 0.9383 3.4067 1.0407 2.5921
9430 4715.0 3.4266 0.2735 3.4266 1.0285 2.5606
9440 4720.0 3.3952 1.5009 3.3952 1.0495 2.5014
9450 4725.0 3.4330 0.1445 3.4330 1.0054 2.5017
9460 4730.0 3.4345 0.1206 3.4345 1.0777 2.5103
9470 4735.0 3.4228 0.3692 3.4228 1.0149 2.5657
9480 4740.0 3.4227 0.3723 3.4227 0.9891 2.5511
9490 4745.0 3.4668 0.1416 3.4668 1.0568 2.4971
9500 4750.0 3.4834 0.5585 3.4834 0.9901 2.4694
9510 4755.0 3.4823 0.5227 3.4823 1.0405 2.4954
9520 4760.0 3.3604 4.0144 3.3604 0.9991 2.6173
9530 4765.0 3.3824 2.2874 3.3824 1.0220 2.5827
9540 4770.0 3.5077 1.6640 3.5077 1.0609 2.4038
9550 4775.0 3.4713 0.2271 3.4713 0.9836 2.2868
9560 4780.0 3.4274 0.2553 3.4274 0.9994 2.2054
9570 4785.0 3.4392 0.0581 3.4392 1.0025 2.2161
9580 4790.0 3.4799 0.4484 3.4799 1.0125 2.2660
9590 4795.0 3.4442 0.0169 3.4442 0.9849 2.3378
9600 4800.0 3.4181 0.5089 3.4181 1.0166 2.3640
9610 4805.0 3.4171 0.5402 3.4171 0.9759 2.3494
9620 4810.0 3.4262 0.2841 3.4262 0.9969 2.2974
9630 4815.0 3.4130 0.6863 3.4130 0.9803 2.2586
9640 4820.0 3.3927 1.6418 3.3927 1.0029 2.2537
9650 4825.0 3.3934 1.6022 3.3934 0.9900 2.2538
9660 4830.0 3.4058 0.9781 3.4058 0.9699 2.2884
9670 4835.0 3.3941 1.5607 3.3941 1.0062 2.3426
9680 4840.0 3.3876 1.9491 3.3876 0.9836 2.3449
9690 4845.0 3.4014 1.1792 3.4014 1.0062 2.3079
9700 4850.0 3.4132 0.6783 3.4132 0.9855 2.3194
9710 4855.0 3.3983 1.3375 3.3983 0.9980 2.3817
9720 4860.0 3.3844 2.1485 3.3844 1.0171 2.3869
9730 4865.0 3.4096 0.8170 3.4096 0.9928 2.3048
9740 4870.0 3.4205 0.4356 3.4205 1.0032 2.2724
9750 4875.0 3.4256 0.2978 3.4256 1.0101 2.3415
9760 4880.0 3.4201 0.4457 3.4201 0.9803 2.4458
9770 4885.0 3.4396 0.0543 3.4396 1.0142 2.4678
9780 4890.0 3.4331 0.1421 3.4331 0.9841 2.5007
9790 4895.0 3.4363 0.0940 3.4363 1.0025 2.4536
9800 4900.0 3.4085 0.8603 3.4085 1.0007 2.3851
9810 4905.0 3.4350 0.1131 3.4350 1.0065 2.4109
9820 4910.0 3.4495 0.0002 3.4495 1.0393 2.4694
9830 4915.0 3.4340 0.1279 3.4340 0.9878 2.4977
9840 4920.0 3.4624 0.0764 3.4624 1.0309 2.4725
9850 4925.0 3.4908 0.8329 3.4908 0.9854 2.4357
9860 4930.0 3.4663 0.1331 3.4663 1.0478 2.3971
9870 4935.0 3.4316 0.1687 3.4316 0.9770 2.3729
9880 4940.0 3.4028 1.1159 3.4028 1.0268 2.4132
9890 4945.0 3.4324 0.1550 3.4324 0.9851 2.5650
9900 4950.0 3.3412 5.9234 3.3412 0.9927 2.6657
9910 4955.0 3.4602 0.0525 3.4602 1.0141 2.5587
9920 4960.0 3.3676 3.3974 3.3676 0.9799 2.4091
9930 4965.0 3.3832 2.2297 3.3832 0.9868 2.3694
9940 4970.0 3.5031 1.4075 3.5031 1.0264 2.4683
9950 4975.0 3.3046 10.5766 3.3046 0.9772 2.6651
9960 4980.0 3.3192 8.5497 3.3192 1.0228 2.6113
9970 4985.0 3.5242 2.7553 3.5242 1.0315 2.2873
9980 4990.0 3.3865 2.0166 3.3865 0.9827 2.0656
9990 4995.0 3.3208 8.3430 3.3208 1.0010 1.9613
10000 5000.0 3.4145 0.6289 3.4145 0.9717 2.1034
10010 5005.0 3.4509 0.0004 3.4509 1.0373 2.2387
10020 5010.0 3.4407 0.0435 3.4407 0.9629 2.2587
10030 5015.0 3.4525 0.0031 3.4525 1.0370 2.2610
10040 5020.0 3.3380 6.2768 3.3380 0.9588 2.3935
10050 5025.0 3.4112 0.7522 3.4112 1.0384 2.3120
10060 5030.0 3.4657 0.1230 3.4657 0.9594 2.1122
10070 5035.0 3.3328 6.8720 3.3328 1.0151 1.9905
10080 5040.0 3.4130 0.6859 3.4130 0.9726 2.1444
10090 5045.0 3.4121 0.7196 3.4121 1.0188 2.2404
10100 5050.0 3.4407 0.0434 3.4407 0.9736 2.3133
10110 5055.0 3.3631 3.7723 3.3631 1.0171 2.4770
10120 5060.0 3.3274 7.5213 3.3274 0.9709 2.5274
10130 5065.0 3.4476 0.0030 3.4476 1.0080 2.3875
10140 5070.0 3.4438 0.0190 3.4438 0.9766 2.3357
10150 5075.0 3.4445 0.0151 3.4445 1.0100 2.3423
10160 5080.0 3.4589 0.0393 3.4589 0.9906 2.3324
10170 5085.0 3.4672 0.1476 3.4672 0.9976 2.3716
10180 5090.0 3.4438 0.0191 3.4438 1.0024 2.3905
10190 5095.0 3.4835 0.5611 3.4835 1.0028 2.3247
10200 5100.0 3.4923 0.8945 3.4923 1.0105 2.2296
10210 5105.0 3.4809 0.4782 3.4809 0.9812 2.2359
10220 5110.0 3.4066 0.9405 3.4066 1.0074 2.3006
10230 5115.0 3.4109 0.7656 3.4109 0.9977 2.2936
10240 5120.0 3.4856 0.6329 3.4856 1.0015 2.1997
10250 5125.0 3.4681 0.1630 3.4681 0.9847 2.2237
10260 5130.0 3.4053 1.0006 3.4053 1.0211 2.2974
10270 5135.0 3.3800 2.4532 3.3800 1.0168 2.3605
10280 5140.0 3.4560 0.0180 3.4560 1.0704 2.3156
10290 5145.0 3.4603 0.0527 3.4603 1.0213 2.3518
10300 5150.0 3.4210 0.4206 3.4210 1.0504 2.4254
10310 5155.0 3.4260 0.2887 3.4260 1.1132 2.4369
10320 5160.0 3.4154 0.5989 3.4154 1.0274 2.4374
10330 5165.0 3.4336 0.1351 3.4336 1.0101 2.4158
10340 5170.0 3.4345 0.1197 3.4345 1.1236 2.3812
10350 5175.0 3.3948 1.5210 3.3948 1.0094 2.4379
10360 5180.0 3.4165 0.5602 3.4165 1.0533 2.3531
10370 5185.0 3.4226 0.3766 3.4226 1.0224 2.3053
10380 5190.0 3.3989 1.3055 3.3989 1.0004 2.3623
10390 5195.0 3.3656 3.5641 3.3656 1.0913 2.4035
10400 5200.0 3.3538 4.6232 3.3538 0.9913 2.4012
10410 5205.0 3.3761 2.7288 3.3761 1.0327 2.2598
10420 5210.0 3.3866 2.0095 3.3866 0.9844 2.2742
10430 5215.0 3.3592 4.1196 3.3592 1.0325 2.3525
10440 5220.0 3.3680 3.3634 3.3680 1.0421 2.3710
10450 5225.0 3.3859 2.0543 3.3859 0.9941 2.2290
10460 5230.0 3.4016 1.1724 3.4016 0.9868 2.1893
10470 5235.0 3.4172 0.5382 3.4172 1.0319 2.2828
10480 5240.0 3.3861 2.0425 3.3861 1.0829 2.4134
10490 5245.0 3.3906 1.7653 3.3906 1.0078 2.3853
10500 5250.0 3.4105 0.7811 3.4105 1.0230 2.1725
10510 5255.0 3.4496 0.0001 3.4496 0.9857 2.1293
10520 5260.0 3.4649 0.1106 3.4649 1.0362 2.1748
10530 5265.0 3.4881 0.7271 3.4881 0.9948 2.2893
10540 5270.0 3.4795 0.4337 3.4795 1.0259 2.3124
10550 5275.0 3.4286 0.2283 3.4286 0.9910 2.3750
10560 5280.0 3.3920 1.6807 3.3920 1.0296 2.4283
10570 5285.0 3.3981 1.3481 3.3981 1.0091 2.4288
10580 5290.0 3.4180 0.5130 3.4180 1.0218 2.3879
10590 5295.0 3.4496 0.0001 3.4496 1.0563 2.3283
10600 5300.0 3.4223 0.3833 3.4223 0.9669 2.2450
10610 5305.0 3.3457 5.4344 3.3457 1.0362 2.1369
10620 5310.0 3.4395 0.0551 3.4395 0.9729 2.2052
10630 5315.0 3.4214 0.4086 3.4214 1.0690 2.2472
10640 5320.0 3.4467 0.0056 3.4467 1.0198 2.3310
10650 5325.0 3.4142 0.6392 3.4142 1.0249 2.3391
10660 5330.0 3.4272 0.2606 3.4272 1.0053 2.3703
10670 5335.0 3.3717 3.0679 3.3717 1.0133 2.4450
10680 5340.0 3.3595 4.0952 3.3595 1.0789 2.4711
10690 5345.0 3.3788 2.5349 3.3788 1.0058 2.4625
10700 5350.0 3.4677 0.1562 3.4677 1.0396 2.3496
10710 5355.0 3.4398 0.0520 3.4398 1.0155 2.2438
10720 5360.0 3.4034 1.0867 3.4034 1.0174 2.1360
10730 5365.0 3.4362 0.0955 3.4362 0.9890 2.1702
10740 5370.0 3.4275 0.2536 3.4275 1.0362 2.2502
10750 5375.0 3.4220 0.3924 3.4220 1.0059 2.3028
10760 5380.0 3.4081 0.8798 3.4081 1.0230 2.3091
10770 5385.0 3.3994 1.2789 3.3994 1.0404 2.2950
10780 5390.0 3.3907 1.7605 3.3907 1.0068 2.3107
10790 5395.0 3.3761 2.7335 3.3761 1.0613 2.2847
10800 5400.0 3.3864 2.0242 3.3864 0.9525 2.3071
10810 5405.0 3.3051 10.4938 3.3051 1.0902 2.2675
10820 5410.0 3.3552 4.4980 3.3552 1.0034 2.4227
10830 5415.0 3.3530 4.7013 3.3530 1.0314 2.4331
10840 5420.0 3.3896 1.8268 3.3896 1.0372 2.3890
10850 5425.0 3.4034 1.0874 3.4034 0.9927 2.4392
10860 5430.0 3.3973 1.3889 3.3973 1.0726 2.4180
10870 5435.0 3.3553 4.4871 3.3553 0.9740 2.4783
10880 5440.0 3.4325 0.1534 3.4325 1.0383 2.4043
10890 5445.0 3.4544 0.0095 3.4544 1.0069 2.4300
10900 5450.0 3.4218 0.3962 3.4218 1.0233 2.4527
10910 5455.0 3.4154 0.5995 3.4154 0.9998 2.4259
10920 5460.0 3.4949 1.0101 3.4949 1.0051 2.3182
10930 5465.0 3.4957 1.0432 3.4957 1.0280 2.2783
10940 5470.0 3.4528 0.0039 3.4528 1.0073 2.2669
10950 5475.0 3.4020 1.1519 3.4020 1.0091 2.2063
10960 5480.0 3.4193 0.4709 3.4193 0.9939 2.1910
10970 5485.0 3.4821 0.5150 3.4821 1.0178 2.3102
10980 5490.0 3.4448 0.0136 3.4448 1.0071 2.3585
10990 5495.0 3.3984 1.3292 3.3984 1.0341 2.2400
11000 5500.0 3.3956 1.4770 3.3956 0.9727 2.1948
11010 5505.0 3.3838 2.1921 3.3838 1.0629 2.2518
11020 5510.0 3.3742 2.8755 3.3742 1.0431 2.4578
11030 5515.0 3.3699 3.2044 3.3699 1.0416 2.4332
11040 5520.0 3.3750 2.8114 3.3750 1.0376 2.2758
11050 5525.0 3.4133 0.6730 3.4133 0.9797 2.3625
11060 5530.0 3.3712 3.1025 3.3712 1.1271 2.5359
11070 5535.0 3.3788 2.5339 3.3788 1.0774 2.5230
11080 5540.0 3.4174 0.5328 3.4174 0.9781 2.3755
11090 5545.0 3.4106 0.7754 3.4106 1.0708 2.4311
11100 5550.0 3.3103 9.7649 3.3103 1.0401 2.5651
11110 5555.0 3.4041 1.0546 3.4041 1.0493 2.3883
11120 5560.0 3.4090 0.8395 3.4090 1.0034 2.3483
11130 5565.0 3.3510 4.9049 3.3510 1.0386 2.4903
11140 5570.0 3.4208 0.4262 3.4208 1.1159 2.4380
11150 5575.0 3.4227 0.3736 3.4227 1.0306 2.3426
11160 5580.0 3.4252 0.3068 3.4252 1.0086 2.3160
11170 5585.0 3.4038 1.0674 3.4038 1.0313 2.3763
11180 5590.0 3.3900 1.7985 3.3900 0.9932 2.4171
11190 5595.0 3.4106 0.7763 3.4106 1.0345 2.3921
11200 5600.0 3.4431 0.0240 3.4431 0.9897 2.4963
11210 5605.0 3.4065 0.9464 3.4065 1.0168 2.5804
11220 5610.0 3.3988 1.3114 3.3988 1.0083 2.3837
11230 5615.0 3.3595 4.0958 3.3595 0.9911 2.2207
11240 5620.0 3.4060 0.9688 3.4060 0.9981 2.2521
11250 5625.0 3.4137 0.6590 3.4137 1.0362 2.3594
11260 5630.0 3.4065 0.9470 3.4065 0.9942 2.3699
11270 5635.0 3.4200 0.4514 3.4200 1.0247 2.2253
11280 5640.0 3.4119 0.7249 3.4119 0.9603 2.1872
11290 5645.0 3.3597 4.0806 3.3597 1.0372 2.1308
11300 5650.0 3.4809 0.4787 3.4809 0.9709 2.2225
11310 5655.0 3.4698 0.1958 3.4698 1.0437 2.2166
11320 5660.0 3.4585 0.0359 3.4585 0.9744 2.2425
11330 5665.0 3.4181 0.5075 3.4181 1.0405 2.2905
11340 5670.0 3.3868 1.9954 3.3868 1.0339 2.3385
11350 5675.0 3.3783 2.5672 3.3783 0.9950 2.3893
11360 5680.0 3.3447 5.5454 3.3447 1.0764 2.4958
11370 5685.0 3.3695 3.2387 3.3695 1.0178 2.5110
11380 5690.0 3.4724 0.2499 3.4724 1.0175 2.3224
11390 5695.0 3.4538 0.0071 3.4538 1.0313 2.2915
11400 5700.0 3.4417 0.0343 3.4417 1.0241 2.4693
11410 5705.0 3.4149 0.6168 3.4149 1.0798 2.5683
11420 5710.0 3.4165 0.5617 3.4165 1.0557 2.4124
11430 5715.0 3.3520 4.8055 3.3520 0.9486 2.3156
11440 5720.0 3.3960 1.4560 3.3960 1.0271 2.4567
11450 5725.0 3.3117 9.5584 3.3117 1.0183 2.6934
11460 5730.0 3.4365 0.0911 3.4365 1.0330 2.5841
11470 5735.0 3.4379 0.0733 3.4379 1.0275 2.4004
11480 5740.0 3.4315 0.1714 3.4315 0.9816 2.3387
11490 5745.0 3.4612 0.0627 3.4612 1.0052 2.3619
11500 5750.0 3.5317 3.3398 3.5317 1.0306 2.4319
11510 5755.0 3.5262 2.9011 3.5262 1.0516 2.4894
11520 5760.0 3.3795 2.4886 3.3795 0.9734 2.6510
11530 5765.0 3.3545 4.5615 3.3545 1.0954 2.6879
11540 5770.0 3.3898 1.8112 3.3898 0.9933 2.6238
11550 5775.0 3.4713 0.2261 3.4713 1.0323 2.4630
11560 5780.0 3.4592 0.0422 3.4592 1.0186 2.4512
11570 5785.0 3.4498 0.0000 3.4498 1.0312 2.5606
11580 5790.0 3.3598 4.0713 3.3598 1.1413 2.6795
11590 5795.0 3.3848 2.1260 3.3848 1.2042 2.6603
11600 5800.0 3.4427 0.0268 3.4427 1.0884 2.5748
11610 5805.0 3.4230 0.3640 3.4230 1.0104 2.5906
11620 5810.0 3.4467 0.0056 3.4467 1.1359 2.5573
11630 5815.0 3.3539 4.6138 3.3539 1.1852 2.5918
11640 5820.0 3.3859 2.0523 3.3859 0.9793 2.5325
11650 5825.0 3.4489 0.0006 3.4489 1.0784 2.3214
11660 5830.0 3.4446 0.0147 3.4446 1.0513 2.3306
11670 5835.0 3.3331 6.8305 3.3331 1.0015 2.4994
11680 5840.0 3.3356 6.5491 3.3356 1.1384 2.4541
11690 5845.0 3.4014 1.1787 3.4014 0.9724 2.3376
11700 5850.0 3.3575 4.2748 3.3575 1.0742 2.3002
11710 5855.0 3.3477 5.2376 3.3477 1.0521 2.4192
11720 5860.0 3.3544 4.5707 3.3544 1.0091 2.4457
11730 5865.0 3.3892 1.8510 3.3892 1.0671 2.3302
11740 5870.0 3.4114 0.7438 3.4114 0.9929 2.3353
11750 5875.0 3.3556 4.4566 3.3556 1.0662 2.3729
11760 5880.0 3.4066 0.9425 3.4066 1.0866 2.3263
11770 5885.0 3.4332 0.1405 3.4332 0.9723 2.3249
11780 5890.0 3.4064 0.9508 3.4064 1.0782 2.3538
11790 5895.0 3.4389 0.0616 3.4389 1.0379 2.3436
11800 5900.0 3.4859 0.6453 3.4859 1.0256 2.3202
11810 5905.0 3.4243 0.3298 3.4243 1.1493 2.3947
11820 5910.0 3.3536 4.6424 3.3536 1.1746 2.4785
11830 5915.0 3.4240 0.3367 3.4240 1.0938 2.3912
11840 5920.0 3.4936 0.9502 3.4936 0.9826 2.3030
11850 5925.0 3.4164 0.5634 3.4164 1.1156 2.2662
11860 5930.0 3.4241 0.3344 3.4241 1.2266 2.3599
11870 5935.0 3.3682 3.3471 3.3682 1.1839 2.4124
11880 5940.0 3.3770 2.6674 3.3770 1.0908 2.3010
11890 5945.0 3.3531 4.6914 3.3531 1.0809 2.3033
11900 5950.0 3.3551 4.4991 3.3551 1.2206 2.4235
11910 5955.0 3.3749 2.8201 3.3749 1.2507 2.3559
11920 5960.0 3.3795 2.4871 3.3795 1.2323 2.2905
11930 5965.0 3.3795 2.4864 3.3795 1.1513 2.3665
11940 5970.0 3.3666 3.4746 3.3666 1.0268 2.5205
11950 5975.0 3.3431 5.7173 3.3431 1.0970 2.5692
11960 5980.0 3.3598 4.0647 3.3598 1.2100 2.5449
11970 5985.0 3.4119 0.7241 3.4119 1.1537 2.5121
11980 5990.0 3.4000 1.2524 3.4000 1.1303 2.5763
11990 5995.0 3.4026 1.1254 3.4026 1.1813 2.5981
12000 6000.0 3.3806 2.4070 3.3806 1.1812 2.5182
12010 6005.0 3.4159 0.5814 3.4159 1.1365 2.6057
12020 6010.0 3.3618 3.8920 3.3618 1.1807 2.6185
12030 6015.0 3.4292 0.2168 3.4292 1.2269 2.4787
12040 6020.0 3.4342 0.1243 3.4342 1.1810 2.4585
12050 6025.0 3.4078 0.8900 3.4078 1.0444 2.4645
12060 6030.0 3.4550 0.0124 3.4550 1.0617 2.3105
12070 6035.0 3.4400 0.0498 3.4400 1.0492 2.2430
12080 6040.0 3.4679 0.1605 3.4679 1.0062 2.3130
12090 6045.0 3.4159 0.5825 3.4159 1.1019 2.3889
12100 6050.0 3.3728 2.9831 3.3728 1.0919 2.4557
12110 6055.0 3.4444 0.0160 3.4444 1.0436 2.4018
12120 6060.0 3.4922 0.8894 3.4922 1.0784 2.3462
12130 6065.0 3.3949 1.5162 3.3949 1.0135 2.4747
12140 6070.0 3.3543 4.5828 3.3543 1.0608 2.5330
12150 6075.0 3.4746 0.3031 3.4746 1.1129 2.4210
12160 6080.0 3.4831 0.5476 3.4831 1.0272 2.4174
12170 6085.0 3.4279 0.2453 3.4279 1.0391 2.4608
12180 6090.0 3.4275 0.2528 3.4275 1.1228 2.4416
12190 6095.0 3.4289 0.2233 3.4289 1.0102 2.4369
12200 6100.0 3.4935 0.9474 3.4935 1.0398 2.3233
12210 6105.0 3.4881 0.7263 3.4881 1.0762 2.2760
12220 6110.0 3.4079 0.8877 3.4079 1.0095 2.4138
12230 6115.0 3.3868 1.9957 3.3868 1.0768 2.4085
12240 6120.0 3.4346 0.1189 3.4346 1.0426 2.2874
12250 6125.0 3.4525 0.0032 3.4525 1.0065 2.1637
12260 6130.0 3.4464 0.0065 3.4464 1.0281 2.0889
12270 6135.0 3.4414 0.0367 3.4414 0.9812 2.1385
12280 6140.0 3.4080 0.8816 3.4080 1.0542 2.1474
12290 6145.0 3.3950 1.5109 3.3950 0.9698 2.1661
12300 6150.0 3.4255 0.2999 3.4255 1.0550 2.0701
12310 6155.0 3.4279 0.2449 3.4279 0.9694 2.0692
12320 6160.0 3.3754 2.7848 3.3754 1.0357 2.0692
12330 6165.0 3.4148 0.6179 3.4148 0.9533 2.2306
12340 6170.0 3.3753 2.7875 3.3753 1.0631 2.2833
12350 6175.0 3.3542 4.5929 3.3542 0.9785 2.3619
12360 6180.0 3.3928 1.6344 3.3928 1.0400 2.3053
12370 6185.0 3.3995 1.2761 3.3995 1.0034 2.3430
12380 6190.0 3.3938 1.5820 3.3938 1.0324 2.4096
12390 6195.0 3.3744 2.8586 3.3744 1.0947 2.3101
12400 6200.0 3.3902 1.7855 3.3902 0.9625 2.2507
12410 6205.0 3.3861 2.0408 3.3861 1.0627 2.1624
12420 6210.0 3.4057 0.9803 3.4057 0.9766 2.2077
12430 6215.0 3.3958 1.4690 3.3958 1.0688 2.1903
12440 6220.0 3.3605 4.0036 3.3605 1.0301 2.2512
12450 6225.0 3.3858 2.0619 3.3858 1.0132 2.2923
12460 6230.0 3.3896 1.8238 3.3896 1.1478 2.2687
12470 6235.0 3.4249 0.3151 3.4249 1.0644 2.3370
12480 6240.0 3.4350 0.1126 3.4350 1.0044 2.2867
12490 6245.0 3.4125 0.7028 3.4125 1.0814 2.2289
12500 6250.0 3.3482 5.1844 3.3482 0.9945 2.4041
12510 6255.0 3.3836 2.2074 3.3836 1.1240 2.3923
12520 6260.0 3.3830 2.2473 3.3830 1.1320 2.2779
12530 6265.0 3.3905 1.7713 3.3905 0.9802 2.2724
12540 6270.0 3.4071 0.9187 3.4071 1.0523 2.1829
12550 6275.0 3.4086 0.8550 3.4086 0.9866 2.1939
12560 6280.0 3.3560 4.4166 3.3560 1.0365 2.1560
12570 6285.0 3.4049 1.0173 3.4049 0.9621 2.2009
12580 6290.0 3.4057 0.9811 3.4057 1.0314 2.2364
12590 6295.0 3.3532 4.6803 3.3532 0.9624 2.3673
12600 6300.0 3.3808 2.3936 3.3808 1.0459 2.3273
12610 6305.0 3.4074 0.9091 3.4074 0.9667 2.3226
12620 6310.0 3.3905 1.7711 3.3905 1.0236 2.4073
12630 6315.0 3.3675 3.4052 3.3675 1.0021 2.5243
12640 6320.0 3.3923 1.6669 3.3923 1.0048 2.4670
12650 6325.0 3.3810 2.3823 3.3810 1.0104 2.3995
12660 6330.0 3.3826 2.2727 3.3826 1.0062 2.4154
12670 6335.0 3.3816 2.3419 3.3816 1.0414 2.3709
12680 6340.0 3.3927 1.6417 3.3927 0.9636 2.3195
12690 6345.0 3.3745 2.8466 3.3745 1.0524 2.3397
12700 6350.0 3.3862 2.0333 3.3862 0.9875 2.4192
12710 6355.0 3.4022 1.1417 3.4022 1.0352 2.3233
12720 6360.0 3.4111 0.7561 3.4111 0.9994 2.3177
12730 6365.0 3.3650 3.6105 3.3650 1.0403 2.4493
12740 6370.0 3.3653 3.5910 3.3653 1.0496 2.4637
12750 6375.0 3.4235 0.3520 3.4235 0.9844 2.3266
12760 6380.0 3.4273 0.2576 3.4273 1.0451 2.3169
12770 6385.0 3.3860 2.0454 3.3860 0.9771 2.4260
12780 6390.0 3.4273 0.2586 3.4273 1.0390 2.3347
12790 6395.0 3.4442 0.0169 3.4442 0.9835 2.1867
12800 6400.0 3.4091 0.8368 3.4091 1.0131 2.1153
12810 6405.0 3.4664 0.1340 3.4664 1.0042 2.1771
12820 6410.0 3.4512 0.0007 3.4512 1.0262 2.1667
12830 6415.0 3.4550 0.0125 3.4550 1.0113 2.1506
12840 6420.0 3.4084 0.8648 3.4084 1.0171 2.2361
12850 6425.0 3.3591 4.1343 3.3591 1.0283 2.2615
12860 6430.0 3.4628 0.0824 3.4628 0.9841 2.1072
12870 6435.0 3.4019 1.1592 3.4019 1.0290 2.0223
12880 6440.0 3.4495 0.0001 3.4495 1.0004 2.1045
12890 6445.0 3.4230 0.3634 3.4230 1.0662 2.1086
12900 6450.0 3.4486 0.0010 3.4486 0.9706 2.1269
12910 6455.0 3.4205 0.4363 3.4205 1.0420 2.0923
12920 6460.0 3.4234 0.3528 3.4234 0.9854 2.2422
12930 6465.0 3.3544 4.5696 3.3544 1.0599 2.3118
12940 6470.0 3.4371 0.0838 3.4371 0.9788 2.2630
12950 6475.0 3.4452 0.0117 3.4452 1.0691 2.2126
12960 6480.0 3.4553 0.0143 3.4553 1.0104 2.2938
12970 6485.0 3.4406 0.0442 3.4406 1.0061 2.3023
12980 6490.0 3.4477 0.0025 3.4477 1.0335 2.3293
12990 6495.0 3.4425 0.0284 3.4425 0.9927 2.3901
13000 6500.0 3.4422 0.0306 3.4422 1.1125 2.3546
13010 6505.0 3.4522 0.0024 3.4522 1.0157 2.3603
13020 6510.0 3.4092 0.8312 3.4092 1.0529 2.4278
13030 6515.0 3.4310 0.1803 3.4310 1.1971 2.4036
13040 6520.0 3.4321 0.1602 3.4321 1.2011 2.3395
13050 6525.0 3.4480 0.0019 3.4480 1.0398 2.3146
13060 6530.0 3.4492 0.0003 3.4492 1.0061 2.3175
13070 6535.0 3.4090 0.8387 3.4090 1.1173 2.3759
13080 6540.0 3.3441 5.6034 3.3441 0.9649 2.5404
13090 6545.0 3.4235 0.3520 3.4235 1.0467 2.5008
13100 6550.0 3.4149 0.6151 3.4149 0.9679 2.4796
13110 6555.0 3.3916 1.7063 3.3916 1.0408 2.5342
13120 6560.0 3.3917 1.7014 3.3917 0.9733 2.5350
13130 6565.0 3.3494 5.0580 3.3494 1.0202 2.4825
13140 6570.0 3.3735 2.9268 3.3735 0.9589 2.5223
13150 6575.0 3.3581 4.2263 3.3581 1.0432 2.6309
13160 6580.0 3.3625 3.8300 3.3625 0.9775 2.6306
13170 6585.0 3.3695 3.2436 3.3695 1.0282 2.5829
13180 6590.0 3.3871 1.9757 3.3871 0.9657 2.5505
13190 6595.0 3.3837 2.1969 3.3837 1.0498 2.5191
13200 6600.0 3.3930 1.6264 3.3930 0.9841 2.4637
13210 6605.0 3.3900 1.7997 3.3900 1.0318 2.4180
13220 6610.0 3.4118 0.7292 3.4118 1.0032 2.3388
13230 6615.0 3.4087 0.8547 3.4087 1.0046 2.2422
13240 6620.0 3.4391 0.0594 3.4391 1.0176 2.2343
13250 6625.0 3.4636 0.0931 3.4636 1.0034 2.2320
13260 6630.0 3.4611 0.0618 3.4611 1.0130 2.2368
13270 6635.0 3.3911 1.7344 3.3911 0.9921 2.3212
13280 6640.0 3.3845 2.1434 3.3845 1.0461 2.3645
13290 6645.0 3.3902 1.7908 3.3902 0.9807 2.3566
13300 6650.0 3.4333 0.1391 3.4333 1.0557 2.3105
13310 6655.0 3.4326 0.1519 3.4326 0.9855 2.3183
13320 6660.0 3.3869 1.9902 3.3869 1.0429 2.3431
13330 6665.0 3.3687 3.3030 3.3687 1.0020 2.4678
13340 6670.0 3.3896 1.8234 3.3896 1.0601 2.4588
13350 6675.0 3.4473 0.0036 3.4473 1.0668 2.3743
13360 6680.0 3.4220 0.3916 3.4220 0.9753 2.3626
13370 6685.0 3.4252 0.3085 3.4252 1.0952 2.3873
13380 6690.0 3.3133 9.3452 3.3133 0.9772 2.4616
13390 6695.0 3.4358 0.1010 3.4358 1.0528 2.3386
13400 6700.0 3.4692 0.1850 3.4692 0.9882 2.2311
13410 6705.0 3.3728 2.9830 3.3728 1.0039 2.1600
13420 6710.0 3.4364 0.0926 3.4364 0.9556 2.2923
13430 6715.0 3.3664 3.4941 3.3664 1.0634 2.4402
13440 6720.0 3.3561 4.4118 3.3561 0.9761 2.4679
13450 6725.0 3.3965 1.4299 3.3965 1.0333 2.2792
13460 6730.0 3.4531 0.0047 3.4531 0.9436 2.3412
13470 6735.0 3.4372 0.0817 3.4372 1.0488 2.5022
13480 6740.0 3.3821 2.3019 3.3821 0.9609 2.6215
13490 6745.0 3.4312 0.1765 3.4312 1.0551 2.5220
13500 6750.0 3.4117 0.7346 3.4117 0.9304 2.5490
13510 6755.0 3.3789 2.5280 3.3789 1.0567 2.6260
13520 6760.0 3.4227 0.3730 3.4227 0.9379 2.5210
13530 6765.0 3.4467 0.0055 3.4467 1.0550 2.3968
13540 6770.0 3.4685 0.1703 3.4685 0.9501 2.3812
13550 6775.0 3.3823 2.2886 3.3823 1.0293 2.4818
13560 6780.0 3.3573 4.3001 3.3573 0.9621 2.4773
13570 6785.0 3.4563 0.0197 3.4563 1.0356 2.3798
13580 6790.0 3.4777 0.3848 3.4777 0.9602 2.3184
13590 6795.0 3.4354 0.1072 3.4354 1.0157 2.3012
13600 6800.0 3.4592 0.0426 3.4592 0.9776 2.3321
13610 6805.0 3.4307 0.1862 3.4307 1.0140 2.3417
13620 6810.0 3.3937 1.5841 3.3937 0.9731 2.3981
13630 6815.0 3.4111 0.7585 3.4111 0.9919 2.3829
13640 6820.0 3.4030 1.1049 3.4030 1.0132 2.4124
13650 6825.0 3.3602 4.0307 3.3602 1.0225 2.4688
13660 6830.0 3.3604 4.0096 3.3604 1.0006 2.4213
13670 6835.0 3.3496 5.0426 3.3496 0.9924 2.4357
13680 6840.0 3.3357 6.5357 3.3357 1.0261 2.4455
13690 6845.0 3.3258 7.7067 3.3258 1.0583 2.4651
13700 6850.0 3.3206 8.3776 3.3206 0.9800 2.4964
13710 6855.0 3.3150 9.1094 3.3150 1.0733 2.4519
13720 6860.0 3.3181 8.6998 3.3181 0.9947 2.5561
13730 6865.0 3.3498 5.0166 3.3498 1.0899 2.5320
13740 6870.0 3.3731 2.9584 3.3731 1.0029 2.4890
13750 6875.0 3.3901 1.7919 3.3901 1.0246 2.4947
13760 6880.0 3.3784 2.5626 3.3784 1.0298 2.5266
13770 6885.0 3.3406 5.9798 3.3406 0.9991 2.5503
13780 6890.0 3.4277 0.2483 3.4277 1.0547 2.4682
13790 6895.0 3.4565 0.0209 3.4565 0.9576 2.3982
13800 6900.0 3.4454 0.0104 3.4454 1.0483 2.3034
13810 6905.0 3.4714 0.2286 3.4714 0.9588 2.2773
13820 6910.0 3.4229 0.3681 3.4229 1.0553 2.3360
13830 6915.0 3.3821 2.3048 3.3821 0.9583 2.3375
13840 6920.0 3.4444 0.0158 3.4444 1.0419 2.2543
13850 6925.0 3.4117 0.7350 3.4117 0.9675 2.3016
13860 6930.0 3.3844 2.1519 3.3844 1.0364 2.3471
13870 6935.0 3.4177 0.5216 3.4177 0.9924 2.3240
13880 6940.0 3.4195 0.4644 3.4195 0.9864 2.3673
13890 6945.0 3.4149 0.6162 3.4149 1.0180 2.4469
13900 6950.0 3.4054 0.9937 3.4054 0.9905 2.5318
13910 6955.0 3.4323 0.1571 3.4323 1.0053 2.5528
13920 6960.0 3.4139 0.6523 3.4139 0.9919 2.6090
13930 6965.0 3.3834 2.2183 3.3834 0.9972 2.6692
13940 6970.0 3.4144 0.6335 3.4144 1.0055 2.6497
13950 6975.0 3.4296 0.2081 3.4296 1.0007 2.6016
13960 6980.0 3.4292 0.2172 3.4292 1.0039 2.5818
13970 6985.0 3.4144 0.6352 3.4144 1.0054 2.6033
13980 6990.0 3.3767 2.6859 3.3767 1.0112 2.6238
13990 6995.0 3.4101 0.7973 3.4101 1.0540 2.5378
14000 7000.0 3.4195 0.4653 3.4195 0.9741 2.4375
14010 7005.0 3.3760 2.7359 3.3760 1.0175 2.4342
14020 7010.0 3.3709 3.1308 3.3709 1.0249 2.6151
14030 7015.0 3.3812 2.3683 3.3812 1.0683 2.6581
14040 7020.0 3.4587 0.0377 3.4587 0.9962 2.5450
14050 7025.0 3.4309 0.1822 3.4309 1.0283 2.5511
14060 7030.0 3.4407 0.0430 3.4407 1.0187 2.5996
14070 7035.0 3.4125 0.7050 3.4125 0.9965 2.5694
14080 7040.0 3.4283 0.2350 3.4283 1.0140 2.6016
14090 7045.0 3.3752 2.8007 3.3752 1.0139 2.7416
14100 7050.0 3.3706 3.1500 3.3706 0.9940 2.7316
14110 7055.0 3.4461 0.0076 3.4461 1.0068 2.5854
14120 7060.0 3.4364 0.0927 3.4364 0.9886 2.5374
14130 7065.0 3.4331 0.1432 3.4331 1.0216 2.5224
14140 7070.0 3.4257 0.2959 3.4257 0.9835 2.4592
14150 7075.0 3.3779 2.5956 3.3779 0.9984 2.4382
14160 7080.0 3.3817 2.3356 3.3817 0.9835 2.5438
14170 7085.0 3.3335 6.7894 3.3335 1.0287 2.6129
14180 7090.0 3.3680 3.3587 3.3680 0.9675 2.5010
14190 7095.0 3.3617 3.9007 3.3617 1.0298 2.5004
14200 7100.0 3.3447 5.5480 3.3447 1.0222 2.5606
14210 7105.0 3.3779 2.6020 3.3779 1.0165 2.4594
14220 7110.0 3.3499 5.0145 3.3499 1.0450 2.3301
14230 7115.0 3.3931 1.6177 3.3931 0.9806 2.3953
14240 7120.0 3.3580 4.2289 3.3580 1.1051 2.4178
14250 7125.0 3.4201 0.4461 3.4201 0.9376 2.3309
14260 7130.0 3.4204 0.4394 3.4204 1.0804 2.3504
14270 7135.0 3.3677 3.3870 3.3677 0.9820 2.4216
14280 7140.0 3.4613 0.0640 3.4613 1.0377 2.3324
14290 7145.0 3.4787 0.4122 3.4787 0.9963 2.2945
14300 7150.0 3.4441 0.0176 3.4441 1.0179 2.3465
14310 7155.0 3.4129 0.6870 3.4129 1.0058 2.3862
14320 7160.0 3.4436 0.0206 3.4436 0.9897 2.3606
14330 7165.0 3.4258 0.2933 3.4258 1.0287 2.3755
14340 7170.0 3.3941 1.5612 3.3941 0.9931 2.3951
14350 7175.0 3.4761 0.3408 3.4761 1.0307 2.3033
14360 7180.0 3.5055 1.5399 3.5055 0.9974 2.2831
14370 7185.0 3.4078 0.8923 3.4078 1.0252 2.3872
14380 7190.0 3.3851 2.1037 3.3851 1.0002 2.4142
14390 7195.0 3.4950 1.0103 3.4950 1.0056 2.3061
14400 7200.0 3.4751 0.3155 3.4751 1.0137 2.2277
14410 7205.0 3.4457 0.0091 3.4457 0.9780 2.1625
14420 7210.0 3.4316 0.1695 3.4316 0.9925 2.1435
14430 7215.0 3.4683 0.1680 3.4683 0.9975 2.1956
14440 7220.0 3.4823 0.5214 3.4823 1.0095 2.2176
14450 7225.0 3.4834 0.5580 3.4834 0.9940 2.2259
14460 7230.0 3.4653 0.1167 3.4653 0.9855 2.2889
14470 7235.0 3.3503 4.9695 3.3503 0.9990 2.4188
14480 7240.0 3.3528 4.7233 3.3528 0.9970 2.4373
14490 7245.0 3.4463 0.0069 3.4463 1.0086 2.3754
14500 7250.0 3.4194 0.4682 3.4194 1.0105 2.4300
14510 7255.0 3.4057 0.9802 3.4057 0.9926 2.4527
14520 7260.0 3.4248 0.3177 3.4248 1.0349 2.3548
14530 7265.0 3.4533 0.0056 3.4533 0.9762 2.3751
14540 7270.0 3.4069 0.9275 3.4069 1.0430 2.4421
14550 7275.0 3.4321 0.1595 3.4321 1.0183 2.3662
14560 7280.0 3.4048 1.0197 3.4048 0.9841 2.2900
14570 7285.0 3.3653 3.5840 3.3653 1.0431 2.3900
14580 7290.0 3.3432 5.7020 3.3432 0.9869 2.4011
14590 7295.0 3.4079 0.8851 3.4079 1.0328 2.2842
14600 7300.0 3.4142 0.6394 3.4142 1.0057 2.3592
14610 7305.0 3.3902 1.7877 3.3902 1.0181 2.4325
14620 7310.0 3.3945 1.5423 3.3945 1.0246 2.3260
14630 7315.0 3.4112 0.7543 3.4112 0.9813 2.3079
14640 7320.0 3.3681 3.3570 3.3681 1.0494 2.4843
14650 7325.0 3.3137 9.2883 3.3137 0.9560 2.5584
14660 7330.0 3.4235 0.3508 3.4235 1.0629 2.4618
14670 7335.0 3.4408 0.0419 3.4408 0.9766 2.4818
14680 7340.0 3.3991 1.2956 3.3991 1.0445 2.5831
14690 7345.0 3.4216 0.4032 3.4216 1.0146 2.4604
14700 7350.0 3.3937 1.5834 3.3937 1.0006 2.3412
14710 7355.0 3.4248 0.3165 3.4248 1.0420 2.4317
14720 7360.0 3.2731 15.6521 3.2731 0.9801 2.5705
14730 7365.0 3.4249 0.3139 3.4249 1.0251 2.4305
14740 7370.0 3.4061 0.9633 3.4061 0.9918 2.3494
14750 7375.0 3.4423 0.0293 3.4423 1.0415 2.5062
14760 7380.0 3.3754 2.7815 3.3754 1.0200 2.6244
14770 7385.0 3.4337 0.1323 3.4337 1.0127 2.5190
14780 7390.0 3.4316 0.1688 3.4316 1.0084 2.4870
14790 7395.0 3.4220 0.3907 3.4220 1.0031 2.5801
14800 7400.0 3.4111 0.7570 3.4111 1.0399 2.6520
14810 7405.0 3.3761 2.7335 3.3761 1.0116 2.5760
14820 7410.0 3.4028 1.1160 3.4028 0.9893 2.6014
14830 7415.0 3.3771 2.6538 3.3771 1.0844 2.6472
14840 7420.0 3.4029 1.1093 3.4029 0.9912 2.4632
14850 7425.0 3.3609 3.9712 3.3609 1.0165 2.3252
14860 7430.0 3.3672 3.4258 3.3672 0.9758 2.4711
14870 7435.0 3.3100 9.7952 3.3100 1.0561 2.5522
14880 7440.0 3.4008 1.2086 3.4008 1.0278 2.4400
14890 7445.0 3.3946 1.5350 3.3946 0.9635 2.3473
14900 7450.0 3.3978 1.3610 3.3978 1.0188 2.3878
14910 7455.0 3.3349 6.6251 3.3349 1.0219 2.4800
14920 7460.0 3.3921 1.6774 3.3921 1.0093 2.4075
14930 7465.0 3.3898 1.8141 3.3898 0.9818 2.3943
14940 7470.0 3.3796 2.4801 3.3796 1.0524 2.5064
14950 7475.0 3.3224 8.1409 3.3224 0.9706 2.5634
14960 7480.0 3.3548 4.5300 3.3548 1.0485 2.4377
14970 7485.0 3.4010 1.1998 3.4010 0.9404 2.4377
14980 7490.0 3.3975 1.3795 3.3975 1.0783 2.5596
14990 7495.0 3.3596 4.0817 3.3596 0.9705 2.5568
15000 7500.0 3.3817 2.3337 3.3817 1.0453 2.4356
15010 7505.0 3.4161 0.5759 3.4161 0.9848 2.4272
15020 7510.0 3.3452 5.4959 3.3452 1.0290 2.5293
15030 7515.0 3.3723 3.0209 3.3723 1.0505 2.4258
15040 7520.0 3.3462 5.3888 3.3462 0.9604 2.3765
15050 7525.0 3.3001 11.2299 3.3001 1.0761 2.5676
15060 7530.0 3.3516 4.8388 3.3516 1.0108 2.4869
15070 7535.0 3.3391 6.1494 3.3391 0.9805 2.4696
15080 7540.0 3.2796 14.5152 3.2796 1.0490 2.6244
15090 7545.0 3.3981 1.3478 3.3981 0.9955 2.5058
15100 7550.0 3.4145 0.6308 3.4145 1.0049 2.4602
15110 7555.0 3.4296 0.2085 3.4296 1.0134 2.5491
15120 7560.0 3.4737 0.2808 3.4737 0.9987 2.5361
15130 7565.0 3.4207 0.4306 3.4207 1.0122 2.4459
15140 7570.0 3.4435 0.0210 3.4435 0.9765 2.4754
15150 7575.0 3.3814 2.3521 3.3814 1.0235 2.6729
15160 7580.0 3.3161 8.9694 3.3161 0.9605 2.7489
15170 7585.0 3.4917 0.8679 3.4917 1.0603 2.5617
15180 7590.0 3.4954 1.0286 3.4954 0.9951 2.5454
15190 7595.0 3.4789 0.4169 3.4789 1.0213 2.6386
15200 7600.0 3.3926 1.6497 3.3926 1.0490 2.7038
15210 7605.0 3.4442 0.0168 3.4442 0.9786 2.5314
15220 7610.0 3.3658 3.5483 3.3658 1.0025 2.4251
15230 7615.0 3.3333 6.8064 3.3333 1.0053 2.5583
15240 7620.0 3.4106 0.7760 3.4106 0.9955 2.4581
15250 7625.0 3.3804 2.4241 3.3804 1.0214 2.3176
15260 7630.0 3.4320 0.1622 3.4320 0.9999 2.4410
15270 7635.0 3.3865 2.0177 3.3865 1.0022 2.5469
15280 7640.0 3.3875 1.9551 3.3875 1.0097 2.4913
15290 7645.0 3.3668 3.4636 3.3668 0.9915 2.4675
15300 7650.0 3.3013 11.0599 3.3013 1.0180 2.5270
15310 7655.0 3.3993 1.2835 3.3993 0.9865 2.3981
15320 7660.0 3.3657 3.5548 3.3657 0.9941 2.2942
15330 7665.0 3.3470 5.3089 3.3470 1.0160 2.2820
15340 7670.0 3.3898 1.8110 3.3898 0.9475 2.3167
15350 7675.0 3.3856 2.0747 3.3856 1.0418 2.2707
15360 7680.0 3.3312 7.0556 3.3312 0.9376 2.3500
15370 7685.0 3.3111 9.6470 3.3111 1.0552 2.3416
15380 7690.0 3.3074 10.1741 3.3074 0.9525 2.4869
15390 7695.0 3.3045 10.5843 3.3045 1.0355 2.5760
15400 7700.0 3.3335 6.7870 3.3335 0.9309 2.5497
15410 7705.0 3.3144 9.1983 3.3144 1.0630 2.5638
15420 7710.0 3.3153 9.0754 3.3153 0.9673 2.4860
15430 7715.0 3.3634 3.7486 3.3634 1.0241 2.3330
15440 7720.0 3.3982 1.3411 3.3982 0.9421 2.3155
15450 7725.0 3.4031 1.0992 3.4031 1.0606 2.4260
15460 7730.0 3.3286 7.3676 3.3286 0.9785 2.5445
15470 7735.0 3.3629 3.7973 3.3629 1.0265 2.5181
15480 7740.0 3.4259 0.2912 3.4259 0.9875 2.4635
15490 7745.0 3.4453 0.0110 3.4453 1.0270 2.4679
15500 7750.0 3.4598 0.0477 3.4598 1.0201 2.4522
15510 7755.0 3.4220 0.3912 3.4220 0.9939 2.5112
15520 7760.0 3.3442 5.6021 3.3442 1.0614 2.6250
15530 7765.0 3.4029 1.1094 3.4029 0.9568 2.5450
15540 7770.0 3.4219 0.3939 3.4219 1.0640 2.4454
15550 7775.0 3.4488 0.0008 3.4488 0.9455 2.4679
15560 7780.0 3.4373 0.0810 3.4373 1.0768 2.4988
15570 7785.0 3.4309 0.1817 3.4309 0.9248 2.4534
15580 7790.0 3.4475 0.0031 3.4475 1.0745 2.4600
15590 7795.0 3.3500 5.0038 3.3500 0.9283 2.5530
15600 7800.0 3.3757 2.7598 3.3757 1.0724 2.5988
15610 7805.0 3.4420 0.0321 3.4420 0.9330 2.5375
15620 7810.0 3.4370 0.0843 3.4370 1.0364 2.5846
15630 7815.0 3.4026 1.1220 3.4026 0.9526 2.6201
15640 7820.0 3.4543 0.0090 3.4543 1.0321 2.5963
15650 7825.0 3.4444 0.0158 3.4444 0.9597 2.5711
15660 7830.0 3.4390 0.0601 3.4390 1.0631 2.6559
15670 7835.0 3.4513 0.0009 3.4513 0.9959 2.7355
15680 7840.0 3.3888 1.8716 3.3888 1.0389 2.6940
15690 7845.0 3.3891 1.8514 3.3891 1.0079 2.6452
15700 7850.0 3.4181 0.5074 3.4181 1.0409 2.7208
15710 7855.0 3.3781 2.5880 3.3781 1.0038 2.6921
15720 7860.0 3.4259 0.2898 3.4259 1.0018 2.5612
15730 7865.0 3.3989 1.3078 3.3989 1.0130 2.5756
15740 7870.0 3.3527 4.7355 3.3527 0.9986 2.6103
15750 7875.0 3.4196 0.4631 3.4196 0.9948 2.5018
15760 7880.0 3.4229 0.3682 3.4229 1.0068 2.4685
15770 7885.0 3.4078 0.8899 3.4078 0.9909 2.5098
15780 7890.0 3.4213 0.4125 3.4213 1.0189 2.4886
15790 7895.0 3.4061 0.9616 3.4061 0.9815 2.4906
15800 7900.0 3.3715 3.0831 3.3715 1.0360 2.5587
15810 7905.0 3.3878 1.9339 3.3878 0.9828 2.5362
15820 7910.0 3.3667 3.4674 3.3667 1.0189 2.4526
15830 7915.0 3.4047 1.0282 3.4047 0.9644 2.5066
15840 7920.0 3.3726 2.9973 3.3726 1.0434 2.6729
15850 7925.0 3.3328 6.8727 3.3328 1.0162 2.7047
15860 7930.0 3.3079 10.1033 3.3079 0.9995 2.5333
15870 7935.0 3.3445 5.5668 3.3445 0.9722 2.6006
15880 7940.0 3.2892 12.9362 3.2892 1.0564 2.7115
15890 7945.0 3.3225 8.1335 3.3225 0.9532 2.5567
15900 7950.0 3.2863 13.3971 3.2863 1.0555 2.5226
15910 7955.0 3.2752 15.2689 3.2752 1.0070 2.5799
15920 7960.0 3.3077 10.1178 3.3077 1.0026 2.3928
15930 7965.0 3.3527 4.7307 3.3527 0.9479 2.3694
15940 7970.0 3.3244 7.8851 3.3244 1.0483 2.4201
15950 7975.0 3.3550 4.5121 3.3550 0.9939 2.3279
15960 7980.0 3.3987 1.3133 3.3987 0.9997 2.1678
15970 7985.0 3.4392 0.0582 3.4392 0.9669 2.2095
15980 7990.0 3.3816 2.3394 3.3816 1.0132 2.3405
15990 7995.0 3.3291 7.3065 3.3291 0.9926 2.4394
16000 8000.0 3.4281 0.2395 3.4281 0.9941 2.3699
16010 8005.0 3.4634 0.0896 3.4634 0.9853 2.3476
16020 8010.0 3.3948 1.5254 3.3948 1.0352 2.4240
16030 8015.0 3.3573 4.2940 3.3573 0.9937 2.4775
16040 8020.0 3.4102 0.7936 3.4102 1.0143 2.4084
16050 8025.0 3.4591 0.0413 3.4591 0.9702 2.3541
16060 8030.0 3.4609 0.0594 3.4609 1.0403 2.3554
16070 8035.0 3.3923 1.6619 3.3923 0.9863 2.4278
16080 8040.0 3.4718 0.2381 3.4718 1.0331 2.3516
16090 8045.0 3.4676 0.1557 3.4676 0.9891 2.3628
16100 8050.0 3.3857 2.0649 3.3857 1.0417 2.4809
16110 8055.0 3.3978 1.3646 3.3978 1.0233 2.4838
16120 8060.0 3.4787 0.4104 3.4787 0.9974 2.3972
16130 8065.0 3.4715 0.2317 3.4715 1.0865 2.3699
16140 8070.0 3.4234 0.3535 3.4234 0.9919 2.4535
16150 8075.0 3.3987 1.3165 3.3987 1.0376 2.5094
16160 8080.0 3.4634 0.0891 3.4634 1.0677 2.4646
16170 8085.0 3.4302 0.1965 3.4302 0.9563 2.4286
16180 8090.0 3.3820 2.3116 3.3820 1.0611 2.4207
16190 8095.0 3.4405 0.0447 3.4405 1.0091 2.4881
16200 8100.0 3.3996 1.2685 3.3996 1.0303 2.5089
16210 8105.0 3.3792 2.5041 3.3792 1.0190 2.5351
16220 8110.0 3.4229 0.3659 3.4229 1.0565 2.4923
16230 8115.0 3.4564 0.0204 3.4564 1.0890 2.4528
16240 8120.0 3.4102 0.7923 3.4102 0.9992 2.5132
16250 8125.0 3.3969 1.4120 3.3969 1.0223 2.5382
16260 8130.0 3.4299 0.2015 3.4299 0.9940 2.4817
16270 8135.0 3.4162 0.5698 3.4162 1.0205 2.4510
16280 8140.0 3.3906 1.7624 3.3906 1.0395 2.4762
16290 8145.0 3.3745 2.8520 3.3745 0.9909 2.4902
16300 8150.0 3.3915 1.7107 3.3915 1.0173 2.4696
16310 8155.0 3.3875 1.9557 3.3875 0.9911 2.4426
16320 8160.0 3.3789 2.5282 3.3789 1.0084 2.4250
16330 8165.0 3.3596 4.0892 3.3596 1.0027 2.4557
16340 8170.0 3.3418 5.8575 3.3418 1.0091 2.5661
16350 8175.0 3.3095 9.8655 3.3095 0.9956 2.6561
16360 8180.0 3.3020 10.9551 3.3020 0.9812 2.5656
16370 8185.0 3.2932 12.2906 3.2932 0.9848 2.6162
16380 8190.0 3.2915 12.5610 3.2915 1.0182 2.7122
16390 8195.0 3.3025 10.8805 3.3025 0.9814 2.7257
16400 8200.0 3.3041 10.6369 3.3041 0.9878 2.7372
16410 8205.0 3.2896 12.8599 3.2896 1.0190 2.6722
16420 8210.0 3.2994 11.3458 3.2994 1.0183 2.7053
16430 8215.0 3.3138 9.2693 3.3138 0.9665 2.7137
16440 8220.0 3.3233 8.0270 3.3233 1.0237 2.7092
16450 8225.0 3.3232 8.0426 3.3232 0.9394 2.7237
16460 8230.0 3.3259 7.7055 3.3259 1.0539 2.6524
16470 8235.0 3.3364 6.4576 3.3364 0.9213 2.6577
16480 8240.0 3.3370 6.3800 3.3370 1.0610 2.5446
16490 8245.0 3.3389 6.1665 3.3389 0.9936 2.5309
16500 8250.0 3.3311 7.0726 3.3311 1.0156 2.5893
16510 8255.0 3.3421 5.8212 3.3421 1.0304 2.5394
16520 8260.0 3.3449 5.5242 3.3449 0.9927 2.5425
16530 8265.0 3.3753 2.7908 3.3753 1.0107 2.6162
16540 8270.0 3.3870 1.9849 3.3870 0.9858 2.6449
16550 8275.0 3.4125 0.7029 3.4125 1.0231 2.5940
16560 8280.0 3.4114 0.7458 3.4114 0.9888 2.5780
16570 8285.0 3.4373 0.0802 3.4373 1.0256 2.6744
16580 8290.0 3.4367 0.0882 3.4367 1.0103 2.6931
16590 8295.0 3.4345 0.1199 3.4345 1.0007 2.6367
16600 8300.0 3.4032 1.0975 3.4032 1.0356 2.6063
16610 8305.0 3.4417 0.0346 3.4417 0.9877 2.6266
16620 8310.0 3.4167 0.5554 3.4167 1.0414 2.5911
16630 8315.0 3.4110 0.7600 3.4110 0.9642 2.6048
16640 8320.0 3.3948 1.5249 3.3948 1.0259 2.6333
16650 8325.0 3.3978 1.3615 3.3978 0.9834 2.6166
16660 8330.0 3.4037 1.0711 3.4037 1.0158 2.5655
16670 8335.0 3.3705 3.1588 3.3705 0.9704 2.5675
16680 8340.0 3.3589 4.1537 3.3589 1.0163 2.5163
16690 8345.0 3.3988 1.3120 3.3988 0.9622 2.3956
16700 8350.0 3.3719 3.0460 3.3719 1.0131 2.3716
16710 8355.0 3.3649 3.6195 3.3649 0.9676 2.4598
16720 8360.0 3.3486 5.1443 3.3486 1.0267 2.5451
16730 8365.0 3.3558 4.4414 3.3558 0.9635 2.5391
16740 8370.0 3.3348 6.6304 3.3348 1.0038 2.5293
16750 8375.0 3.3081 10.0695 3.3081 0.9955 2.5095
16760 8380.0 3.3047 10.5532 3.3047 0.9992 2.3674
16770 8385.0 3.3204 8.4011 3.3204 0.9803 2.3545
16780 8390.0 3.2963 11.8174 3.2963 0.9997 2.4609
16790 8395.0 3.3467 5.3317 3.3467 1.0014 2.3811
16800 8400.0 3.3425 5.7772 3.3425 0.9567 2.2697
16810 8405.0 3.3773 2.6449 3.3773 0.9947 2.3657
16820 8410.0 3.2820 14.1105 3.2820 0.9974 2.5629
16830 8415.0 3.3689 3.2896 3.3689 0.9979 2.5057
16840 8420.0 3.3621 3.8655 3.3621 1.0036 2.3563
16850 8425.0 3.4209 0.4227 3.4209 0.9894 2.4261
16860 8430.0 3.4033 1.0884 3.4033 1.0441 2.5486
16870 8435.0 3.3419 5.8457 3.3419 0.9843 2.6502
16880 8440.0 3.4046 1.0307 3.4046 1.0225 2.5904
16890 8445.0 3.4349 0.1141 3.4349 0.9978 2.4765
16900 8450.0 3.3738 2.9019 3.3738 1.0435 2.4346
16910 8455.0 3.4112 0.7529 3.4112 0.9699 2.4501
16920 8460.0 3.4080 0.8827 3.4080 1.0494 2.5923
16930 8465.0 3.3174 8.7907 3.3174 1.0052 2.6608
16940 8470.0 3.4105 0.7819 3.4105 1.0058 2.5509
16950 8475.0 3.4362 0.0946 3.4362 1.0183 2.5609
16960 8480.0 3.4297 0.2058 3.4297 1.0096 2.5663
16970 8485.0 3.3718 3.0552 3.3718 1.0228 2.4855
16980 8490.0 3.3894 1.8380 3.3894 0.9873 2.5930
16990 8495.0 3.4098 0.8086 3.4098 1.0499 2.6319
17000 8500.0 3.4189 0.4843 3.4189 0.9585 2.5816
17010 8505.0 3.4162 0.5715 3.4162 1.0398 2.6505
17020 8510.0 3.3756 2.7705 3.3756 0.9657 2.6637
17030 8515.0 3.3949 1.5164 3.3949 1.0420 2.5907
17040 8520.0 3.3968 1.4170 3.3968 0.9445 2.5122
17050 8525.0 3.4089 0.8435 3.4089 1.0420 2.4614
17060 8530.0 3.4336 0.1349 3.4336 0.9523 2.4554
17070 8535.0 3.4243 0.3313 3.4243 1.0317 2.4539
17080 8540.0 3.4195 0.4656 3.4195 0.9562 2.4820
17090 8545.0 3.3527 4.7361 3.3527 1.0406 2.5496
17100 8550.0 3.3765 2.7001 3.3765 0.9672 2.4852
17110 8555.0 3.3905 1.7701 3.3905 1.0187 2.4545
17120 8560.0 3.3882 1.9076 3.3882 0.9824 2.4588
17130 8565.0 3.3932 1.6116 3.3932 1.0321 2.4307
17140 8570.0 3.3759 2.7418 3.3759 0.9938 2.3931
17150 8575.0 3.3720 3.0415 3.3720 1.0332 2.4250
17160 8580.0 3.3365 6.4359 3.3365 0.9829 2.5344
17170 8585.0 3.3529 4.7187 3.3529 1.0659 2.5074
17180 8590.0 3.3577 4.2571 3.3577 0.9457 2.4680
17190 8595.0 3.3458 5.4293 3.3458 1.0529 2.5155
17200 8600.0 3.3221 8.1798 3.3221 0.9618 2.5304
17210 8605.0 3.3427 5.7552 3.3427 1.0795 2.4613
17220 8610.0 3.3001 11.2354 3.3001 0.9331 2.4717
17230 8615.0 3.3382 6.2465 3.3382 1.0680 2.4464
17240 8620.0 3.3486 5.1425 3.3486 0.9272 2.3993
17250 8625.0 3.3539 4.6147 3.3539 1.0455 2.2972
17260 8630.0 3.3556 4.4541 3.3556 0.9528 2.3501
17270 8635.0 3.3527 4.7348 3.3527 1.0618 2.3074
17280 8640.0 3.3512 4.8779 3.3512 0.9492 2.3420
17290 8645.0 3.3307 7.1186 3.3307 1.0571 2.4015
17300 8650.0 3.3154 9.0583 3.3154 0.9545 2.4248
17310 8655.0 3.3553 4.4888 3.3553 1.0456 2.3820
17320 8660.0 3.3530 4.7009 3.3530 0.9742 2.4217
17330 8665.0 3.3693 3.2568 3.3693 1.0427 2.3353
17340 8670.0 3.3960 1.4598 3.3960 0.9638 2.2669
17350 8675.0 3.4014 1.1793 3.4014 1.0367 2.3112
17360 8680.0 3.3790 2.5230 3.3790 0.9650 2.3789
17370 8685.0 3.3881 1.9145 3.3881 1.0265 2.3992
17380 8690.0 3.4149 0.6169 3.4149 0.9810 2.3804
17390 8695.0 3.3961 1.4506 3.3961 1.0104 2.3765
17400 8700.0 3.4153 0.6032 3.4153 0.9915 2.4849
17410 8705.0 3.3767 2.6900 3.3767 1.0336 2.5602
17420 8710.0 3.4276 0.2518 3.4276 0.9751 2.4973
17430 8715.0 3.4270 0.2638 3.4270 1.0277 2.4568
17440 8720.0 3.4270 0.2636 3.4270 0.9858 2.4178
17450 8725.0 3.3783 2.5725 3.3783 1.0148 2.3766
17460 8730.0 3.4097 0.8102 3.4097 0.9846 2.4894
17470 8735.0 3.3665 3.4892 3.3665 1.0779 2.5529
17480 8740.0 3.4065 0.9442 3.4065 0.9852 2.4418
17490 8745.0 3.4237 0.3456 3.4237 1.0279 2.4649
17500 8750.0 3.3973 1.3903 3.3973 1.0503 2.5980
17510 8755.0 3.4359 0.0998 3.4359 0.9890 2.5708
17520 8760.0 3.4060 0.9690 3.4060 1.0284 2.5566
17530 8765.0 3.4036 1.0781 3.4036 1.0132 2.6694
17540 8770.0 3.4123 0.7090 3.4123 0.9975 2.6678
17550 8775.0 3.4054 0.9956 3.4054 1.0447 2.6053
17560 8780.0 3.4212 0.4147 3.4212 0.9569 2.5934
17570 8785.0 3.4229 0.3667 3.4229 1.0791 2.6771
17580 8790.0 3.4098 0.8080 3.4098 0.9732 2.6417
17590 8795.0 3.4423 0.0295 3.4423 1.0415 2.6428
17600 8800.0 3.3966 1.4232 3.3966 1.0170 2.6800
17610 8805.0 3.4007 1.2170 3.4007 1.0051 2.6692
17620 8810.0 3.4507 0.0002 3.4507 1.0841 2.6276
17630 8815.0 3.4517 0.0014 3.4517 0.9615 2.5858
17640 8820.0 3.4407 0.0431 3.4407 1.0659 2.6124
17650 8825.0 3.4275 0.2528 3.4275 1.0251 2.6296
17660 8830.0 3.4199 0.4532 3.4199 1.0009 2.5866
17670 8835.0 3.3584 4.1954 3.3584 1.0488 2.6704
17680 8840.0 3.3568 4.3450 3.3568 0.9647 2.6613
17690 8845.0 3.3881 1.9138 3.3881 1.0930 2.6102
17700 8850.0 3.4108 0.7682 3.4108 0.9372 2.6754
17710 8855.0 3.4006 1.2185 3.4006 1.0792 2.7366
17720 8860.0 3.3909 1.7491 3.3909 0.9685 2.7242
17730 8865.0 3.3801 2.4411 3.3801 1.0625 2.7635
17740 8870.0 3.3634 3.7517 3.3634 1.0351 2.7638
17750 8875.0 3.3748 2.8312 3.3748 0.9837 2.7579
17760 8880.0 3.3875 1.9556 3.3875 1.1025 2.7026
17770 8885.0 3.3832 2.2282 3.3832 0.9822 2.6937
17780 8890.0 3.3909 1.7468 3.3909 1.0746 2.7840
17790 8895.0 3.4110 0.7591 3.4110 1.1478 2.8036
17800 8900.0 3.3641 3.6885 3.3641 0.9459 2.8069
17810 8905.0 3.4051 1.0066 3.4051 1.1038 2.7121
17820 8910.0 3.4187 0.4909 3.4187 1.0228 2.7414
17830 8915.0 3.3624 3.8331 3.3624 1.0307 2.7843
17840 8920.0 3.4233 0.3557 3.4233 1.0977 2.8029
17850 8925.0 3.4212 0.4141 3.4212 0.9427 2.7240
17860 8930.0 3.3689 3.2870 3.3689 1.1095 2.8265
17870 8935.0 3.3961 1.4532 3.3961 1.0037 2.7136
17880 8940.0 3.3452 5.4904 3.3452 1.0196 2.6187
17890 8945.0 3.3777 2.6159 3.3777 1.0757 2.7291
17900 8950.0 3.3536 4.6449 3.3536 0.9514 2.7262
17910 8955.0 3.3464 5.3636 3.3464 1.0829 2.6846
17920 8960.0 3.3467 5.3368 3.3467 0.9634 2.7178
17930 8965.0 3.3278 7.4717 3.3278 1.0507 2.6657
17940 8970.0 3.3439 5.6304 3.3439 1.0061 2.6354
17950 8975.0 3.3748 2.8292 3.3748 1.0172 2.6158
17960 8980.0 3.3955 1.4872 3.3955 1.0462 2.6429
17970 8985.0 3.3897 1.8154 3.3897 0.9724 2.5690
17980 8990.0 3.4235 0.3521 3.4235 1.0433 2.6689
17990 8995.0 3.2422 21.5835 3.2422 0.9739 2.6856
18000 9000.0 3.3909 1.7462 3.3909 1.0273 2.6436
