# step  time_fs  cv_FeH(A)  bias(kJ/mol)  d_min_FeH(A)  d_min_OH(A)  d_min_SH(A)
0 0.0 1.7182 640.4504 1.7182 2.5114 2.4126
10 5.0 2.2990 151.8258 2.2990 2.0256 2.3660
20 10.0 3.1276 38.5413 3.1276 1.3216 2.4576
30 15.0 2.7400 6.0518 2.7400 0.9316 2.0475
40 20.0 2.6057 29.8409 2.6057 1.6850 1.4231
50 25.0 2.6963 11.8062 2.6963 1.7114 1.3744
60 30.0 2.6594 18.1704 2.6594 1.1225 1.7614
70 35.0 2.5685 39.6079 2.5685 0.9760 1.8155
80 40.0 2.6715 15.9278 2.6715 1.1022 1.7323
90 45.0 3.0382 17.7072 3.0382 1.0753 1.8524
100 50.0 3.0174 14.0175 3.0174 1.1920 1.8830
110 55.0 2.8475 0.0032 2.8475 1.1865 1.8319
120 60.0 2.9164 2.2050 2.9164 0.9475 2.0540
130 65.0 2.8045 1.0343 2.8045 1.0996 2.2222
140 70.0 3.0180 14.1119 3.0180 0.9679 2.3885
150 75.0 2.9525 5.2551 2.9525 1.0861 2.2406
160 80.0 2.8817 0.5032 2.8817 0.9369 2.3379
170 85.0 2.6965 11.7863 2.6965 0.9986 2.1439
180 90.0 2.7506 4.9441 2.7506 0.9633 2.1988
190 95.0 2.8390 0.0603 2.8390 0.9886 2.2622
200 100.0 2.8737 0.2800 2.8737 1.0128 2.2041
210 105.0 2.8674 0.1509 2.8674 0.9644 2.2279
220 110.0 2.8207 0.4303 2.8207 1.0223 2.2095
230 115.0 2.9060 1.5680 2.9060 0.9416 2.3552
240 120.0 2.7775 2.6264 2.7775 1.0348 2.3190
250 125.0 2.8776 0.3814 2.8776 0.9440 2.4357
260 130.0 2.8640 0.0979 2.8640 1.0154 2.4134
270 135.0 2.8794 0.4321 2.8794 1.0030 2.3806
280 140.0 2.9167 2.2266 2.9167 0.9871 2.4238
290 145.0 2.8976 1.1336 2.8976 1.0255 2.4502
300 150.0 2.9516 5.1577 2.9516 0.9674 2.4733
310 155.0 2.8435 0.0208 2.8435 1.0466 2.3595
320 160.0 2.8862 0.6556 2.8862 0.9570 2.3592
330 165.0 2.7923 1.6653 2.7923 1.0378 2.3511
340 170.0 2.8824 0.5258 2.8824 0.9741 2.4486
350 175.0 2.9055 1.5400 2.9055 1.0182 2.3746
360 180.0 2.8968 1.0963 2.8968 0.9990 2.3711
370 185.0 2.8297 0.2067 2.8297 0.9775 2.3813
380 190.0 2.7759 2.7464 2.7759 1.0086 2.3408
390 195.0 2.8894 0.7756 2.8894 0.9866 2.3671
400 200.0 2.9544 5.4486 2.9544 1.0186 2.3427
410 205.0 2.8527 0.0037 2.8527 0.9649 2.3723
420 210.0 2.7084 10.0285 2.7084 0.9800 2.3861
430 215.0 2.7577 4.2598 2.7577 0.9647 2.4277
440 220.0 2.8288 0.2247 2.8288 0.9791 2.4185
450 225.0 2.9012 1.3098 2.9012 1.0100 2.3949
460 230.0 2.9077 1.6659 2.9077 0.9787 2.4611
470 235.0 2.8217 0.4014 2.8217 1.0292 2.4445
480 240.0 2.8896 0.7846 2.8896 0.9513 2.5148
490 245.0 2.8586 0.0367 2.8586 1.0287 2.4804
500 250.0 2.9155 2.1459 2.9155 0.9656 2.5412
510 255.0 2.8154 0.6002 2.8154 1.0247 2.4565
520 260.0 2.8115 0.7396 2.8115 0.9575 2.3585
530 265.0 2.7652 3.5972 2.7652 0.9856 2.2740
540 270.0 2.7713 3.0973 2.7713 0.9875 2.2368
550 275.0 2.8312 0.1760 2.8312 0.9645 2.2930
560 280.0 2.8545 0.0101 2.8545 0.9997 2.3577
570 285.0 2.8974 1.1241 2.8974 0.9926 2.4304
580 290.0 2.8826 0.5318 2.8826 1.0031 2.4348
590 295.0 2.8665 0.1361 2.8665 0.9939 2.4189
600 300.0 2.8602 0.0522 2.8602 0.9769 2.4160
610 305.0 2.8115 0.7395 2.8115 1.0063 2.3919
620 310.0 2.8400 0.0498 2.8400 0.9374 2.3606
630 315.0 2.7519 4.8112 2.7519 1.0026 2.2513
640 320.0 2.8065 0.9440 2.8065 0.9576 2.2528
650 325.0 2.8180 0.5122 2.8180 0.9808 2.3097
660 330.0 2.8406 0.0440 2.8406 1.0161 2.4261
670 335.0 2.9380 3.8707 2.9380 0.9638 2.5236
680 340.0 2.9085 1.7085 2.9085 1.0483 2.5321
690 345.0 2.9172 2.2607 2.9172 0.9383 2.4512
700 350.0 2.7786 2.5460 2.7786 1.0022 2.2682
710 355.0 2.8005 1.2241 2.8005 0.9801 2.1129
720 360.0 2.8540 0.0079 2.8540 0.9956 1.9902
730 365.0 2.8391 0.0597 2.8391 1.0199 1.8974
740 370.0 2.8946 0.9946 2.8946 0.9536 1.8924
750 375.0 2.8968 1.0957 2.8968 1.0411 1.7729
760 380.0 2.9758 7.9142 2.9758 1.0089 1.7782
770 385.0 2.8906 0.8248 2.8906 1.0325 1.7203
780 390.0 2.8413 0.0376 2.8413 0.9747 1.7611
790 395.0 2.8045 1.0337 2.8045 1.0053 1.7792
800 400.0 2.8282 0.2374 2.8282 0.9761 1.8521
810 405.0 2.8088 0.8497 2.8088 0.9968 1.8521
820 410.0 2.8574 0.0272 2.8574 0.9857 1.8708
830 415.0 2.8603 0.0532 2.8603 0.9973 1.8881
840 420.0 2.8182 0.5049 2.8182 0.9794 1.9262
850 425.0 2.7786 2.5506 2.7786 0.9816 1.9575
860 430.0 2.8270 0.2649 2.8270 0.9794 1.9771
870 435.0 2.8442 0.0169 2.8442 1.0224 1.9631
880 440.0 2.8731 0.2665 2.8731 0.9897 2.0263
890 445.0 2.8584 0.0356 2.8584 0.9973 2.0594
900 450.0 2.9204 2.4796 2.9204 0.9900 2.0859
910 455.0 2.9129 1.9769 2.9129 1.0113 2.0285
920 460.0 2.8380 0.0717 2.8380 0.9829 1.9628
930 465.0 2.7702 3.1863 2.7702 1.0029 1.8684
940 470.0 2.8425 0.0278 2.8425 1.0029 1.8572
950 475.0 2.8644 0.1033 2.8644 0.9975 1.8878
960 480.0 2.8136 0.6612 2.8136 0.9812 1.9113
970 485.0 2.8739 0.2858 2.8739 0.9856 1.9545
980 490.0 2.9216 2.5627 2.9216 1.0114 1.9932
990 495.0 2.8707 0.2140 2.8707 0.9713 2.0280
1000 500.0 2.8054 0.9936 2.8054 0.9973 2.0686
1010 505.0 2.8603 0.0525 2.8603 0.9689 2.2209
1020 510.0 2.8313 0.1755 2.8313 0.9942 2.2535
1030 515.0 2.8124 0.7082 2.8124 0.9568 2.2687
1040 520.0 2.8734 0.2732 2.8734 0.9873 2.3203
1050 525.0 2.9112 1.8714 2.9112 0.9861 2.3784
1060 530.0 2.8470 0.0045 2.8470 0.9706 2.4017
1070 535.0 2.7705 3.1592 2.7705 0.9726 2.4273
1080 540.0 2.7888 1.8743 2.7888 0.9695 2.4624
1090 545.0 2.8835 0.5595 2.8835 0.9801 2.4813
1100 550.0 2.9275 3.0020 2.9275 0.9827 2.4554
1110 555.0 2.8643 0.1025 2.8643 0.9750 2.3725
1120 560.0 2.8103 0.7896 2.8103 0.9945 2.2627
1130 565.0 2.8182 0.5054 2.8182 0.9760 2.1905
1140 570.0 2.7658 3.5407 2.7658 1.0029 2.0850
1150 575.0 2.8208 0.4267 2.8208 0.9753 2.1206
1160 580.0 2.8686 0.1721 2.8686 1.0192 2.1393
1170 585.0 2.8542 0.0088 2.8542 0.9679 2.1764
1180 590.0 2.8113 0.7498 2.8113 0.9932 2.1221
1190 595.0 2.8343 0.1228 2.8343 0.9794 2.1051
1200 600.0 2.8428 0.0261 2.8428 0.9945 2.0705
1210 605.0 2.8596 0.0465 2.8596 0.9775 2.0677
1220 610.0 2.8557 0.0162 2.8557 0.9920 2.0509
1230 615.0 2.8057 0.9797 2.8057 0.9865 2.0401
1240 620.0 2.8459 0.0084 2.8459 0.9993 2.0778
1250 625.0 2.8984 1.1730 2.8984 0.9699 2.1479
1260 630.0 2.8471 0.0041 2.8471 0.9875 2.1195
1270 635.0 2.8239 0.3401 2.8239 0.9785 2.1596
1280 640.0 2.8681 0.1634 2.8681 0.9936 2.2360
1290 645.0 2.9131 1.9936 2.9131 0.9745 2.2966
1300 650.0 2.9044 1.4784 2.9044 0.9853 2.2923
1310 655.0 2.8518 0.0017 2.8518 0.9799 2.2858
1320 660.0 2.8731 0.2673 2.8731 0.9721 2.3716
1330 665.0 2.8737 0.2814 2.8737 1.0104 2.3969
1340 670.0 2.8222 0.3857 2.8222 0.9563 2.3151
1350 675.0 2.8476 0.0030 2.8476 1.0314 2.1914
1360 680.0 2.9516 5.1660 2.9516 0.9541 2.2325
1370 685.0 2.8757 0.3304 2.8757 1.0481 2.0907
1380 690.0 2.8135 0.6671 2.8135 0.9571 2.1008
1390 695.0 2.7627 3.8144 2.7627 1.0452 1.9986
1400 700.0 2.8537 0.0068 2.8537 0.9712 2.0966
1410 705.0 2.8467 0.0054 2.8467 1.0328 2.0683
1420 710.0 2.8002 1.2401 2.8002 0.9489 2.0859
1430 715.0 2.7540 4.6085 2.7540 1.0486 1.9738
1440 720.0 2.8467 0.0054 2.8467 0.9619 2.0665
1450 725.0 2.8324 0.1549 2.8324 1.0314 2.0044
1460 730.0 2.8198 0.4561 2.8198 0.9522 2.0658
1470 735.0 2.8135 0.6651 2.8135 1.0398 2.0638
1480 740.0 2.8933 0.9386 2.8933 0.9563 2.2559
1490 745.0 2.7827 2.2630 2.7827 1.0230 2.2218
1500 750.0 2.8299 0.2012 2.8299 0.9449 2.3226
1510 755.0 2.9038 1.4494 2.9038 1.0232 2.3752
1520 760.0 2.8796 0.4373 2.8796 0.9707 2.4106
1530 765.0 2.7875 1.9533 2.7875 0.9765 2.3469
1540 770.0 2.8193 0.4707 2.8193 0.9887 2.3434
1550 775.0 2.8917 0.8714 2.8917 0.9794 2.3439
1560 780.0 2.8702 0.2037 2.8702 1.0028 2.2550
1570 785.0 2.8200 0.4513 2.8200 0.9822 2.2083
1580 790.0 2.7861 2.0439 2.7861 0.9915 2.1637
1590 795.0 2.8501 0.0000 2.8501 0.9721 2.1649
1600 800.0 2.8722 0.2469 2.8722 1.0308 2.1157
1610 805.0 2.8525 0.0031 2.8525 0.9716 2.1412
1620 810.0 2.7678 3.3748 2.7678 1.0032 2.0800
1630 815.0 2.8571 0.0254 2.8571 0.9619 2.1216
1640 820.0 2.8454 0.0104 2.8454 1.0644 2.0393
1650 825.0 2.8467 0.0054 2.8467 0.9720 2.1102
1660 830.0 2.7371 6.3747 2.7371 1.0094 2.0824
1670 835.0 2.8102 0.7919 2.8102 0.9512 2.0738
1680 840.0 2.8305 0.1903 2.8305 1.0460 1.9001
1690 845.0 2.9234 2.6914 2.9234 0.9926 1.8710
1700 850.0 2.8347 0.1170 2.8347 1.0361 1.7865
1710 855.0 2.8205 0.4338 2.8205 0.9773 1.8205
1720 860.0 2.7848 2.1280 2.7848 1.0083 1.7754
1730 865.0 2.8094 0.8228 2.8094 1.0013 1.7709
1740 870.0 2.8344 0.1220 2.8344 1.0039 1.7748
1750 875.0 2.8622 0.0746 2.8622 1.0087 1.7879
1760 880.0 2.8567 0.0223 2.8567 1.0146 1.8132
1770 885.0 2.8103 0.7891 2.8103 1.0055 1.8873
1780 890.0 2.7890 1.8608 2.7890 0.9936 1.9692
1790 895.0 2.8121 0.7171 2.8121 0.9914 2.0278
1800 900.0 2.8071 0.9190 2.8071 1.0136 2.0587
1810 905.0 2.8199 0.4515 2.8199 0.9672 2.1528
1820 910.0 2.7721 3.0319 2.7721 1.0345 2.1502
1830 915.0 2.8679 0.1600 2.8679 0.9630 2.2269
1840 920.0 2.7982 1.3432 2.7982 1.0323 2.0884
1850 925.0 2.8551 0.0132 2.8551 0.9497 2.1312
1860 930.0 2.8092 0.8330 2.8092 1.0466 2.0342
1870 935.0 2.8561 0.0185 2.8561 0.9631 2.0975
1880 940.0 2.7185 8.6435 2.7185 1.0161 2.0253
1890 945.0 2.7543 4.5754 2.7543 0.9360 2.0922
1900 950.0 2.7363 6.4592 2.7363 1.0014 1.9902
1910 955.0 2.7885 1.8911 2.7885 1.0058 1.9294
1920 960.0 2.8025 1.1287 2.8025 0.9688 1.9299
1930 965.0 2.7943 1.5513 2.7943 1.0222 1.8701
1940 970.0 2.8667 0.1399 2.8667 0.9632 1.8872
1950 975.0 2.7785 2.5547 2.7785 1.0617 1.7647
1960 980.0 2.7538 4.6279 2.7538 0.9757 1.8304
1970 985.0 2.7141 9.2361 2.7141 1.0144 1.7851
1980 990.0 2.8501 0.0000 2.8501 0.9828 1.8659
1990 995.0 2.9393 3.9901 2.9393 1.0156 1.9177
2000 1000.0 2.7983 1.3369 2.7983 0.9989 1.8979
2010 1005.0 2.7158 9.0084 2.7158 0.9638 1.9418
2020 1010.0 2.8343 0.1226 2.8343 1.0079 2.0292
2030 1015.0 2.8453 0.0113 2.8453 0.9929 2.0637
2040 1020.0 2.7948 1.5232 2.7948 0.9627 2.0620
2050 1025.0 2.8844 0.5926 2.8844 1.0123 2.1612
2060 1030.0 2.9382 3.8915 2.9382 0.9570 2.3201
2070 1035.0 2.8091 0.8345 2.8091 1.0163 2.3127
2080 1040.0 2.7811 2.3756 2.7811 0.9404 2.3397
2090 1045.0 2.8843 0.5867 2.8843 1.0177 2.4340
2100 1050.0 2.9527 5.2719 2.9527 0.9440 2.5231
2110 1055.0 2.8776 0.3801 2.8776 0.9973 2.4932
2120 1060.0 2.8036 1.0777 2.8036 0.9747 2.4920
2130 1065.0 2.8730 0.2656 2.8730 0.9631 2.6232
2140 1070.0 2.9183 2.3322 2.9183 0.9986 2.5624
2150 1075.0 2.8328 0.1475 2.8328 0.9527 2.6345
2160 1080.0 2.8140 0.6482 2.8140 0.9986 2.6264
2170 1085.0 2.8732 0.2685 2.8732 0.9856 2.5878
2180 1090.0 2.8710 0.2213 2.8710 0.9890 2.6275
2190 1095.0 2.8369 0.0860 2.8369 0.9996 2.5688
2200 1100.0 2.8350 0.1128 2.8350 0.9757 2.5148
2210 1105.0 2.8920 0.8823 2.8920 0.9956 2.5236
2220 1110.0 2.8552 0.0136 2.8552 0.9864 2.5394
2230 1115.0 2.8414 0.0370 2.8414 0.9848 2.6321
2240 1120.0 2.9022 1.3644 2.9022 0.9894 2.7066
2250 1125.0 2.8823 0.5201 2.8823 0.9782 2.5209
2260 1130.0 2.8145 0.6314 2.8145 0.9840 2.3452
2270 1135.0 2.8278 0.2475 2.8278 0.9713 2.3190
2280 1140.0 2.8927 0.9122 2.8927 0.9815 2.3857
2290 1145.0 2.8789 0.4183 2.8789 0.9806 2.4563
2300 1150.0 2.8443 0.0165 2.8443 0.9779 2.5146
2310 1155.0 2.8182 0.5049 2.8182 1.0008 2.5505
2320 1160.0 2.8660 0.1279 2.8660 0.9828 2.6723
2330 1165.0 2.9321 3.3729 2.9321 1.0040 2.6230
2340 1170.0 2.8857 0.6384 2.8857 1.0289 2.4648
2350 1175.0 2.7974 1.3821 2.7974 1.0159 2.3398
2360 1180.0 2.8684 0.1700 2.8684 1.0144 2.3965
2370 1185.0 2.9250 2.8123 2.9250 1.0451 2.5184
2380 1190.0 2.8773 0.3718 2.8773 1.0156 2.5477
2390 1195.0 2.8360 0.0979 2.8360 1.0416 2.4958
2400 1200.0 2.8819 0.5103 2.8819 1.0799 2.5539
2410 1205.0 2.8956 1.0418 2.8956 1.0404 2.6117
2420 1210.0 2.8172 0.5377 2.8172 1.0301 2.6122
2430 1215.0 2.8511 0.0006 2.8511 1.1073 2.5659
2440 1220.0 2.9627 6.3523 2.9627 1.0929 2.5427
2450 1225.0 2.8755 0.3239 2.8755 1.0260 2.5126
2460 1230.0 2.8602 0.0525 2.8602 1.1213 2.5535
2470 1235.0 2.9032 1.4172 2.9032 1.1018 2.5607
2480 1240.0 2.8600 0.0505 2.8600 0.9950 2.5314
2490 1245.0 2.8612 0.0625 2.8612 1.1068 2.5929
2500 1250.0 2.8971 1.1104 2.8971 1.0394 2.6875
2510 1255.0 2.8754 0.3231 2.8754 0.9977 2.6056
2520 1260.0 2.8569 0.0238 2.8569 1.0776 2.6063
2530 1265.0 2.8698 0.1960 2.8698 0.9693 2.6540
2540 1270.0 2.8707 0.2146 2.8707 1.0756 2.6058
2550 1275.0 2.8543 0.0091 2.8543 0.9600 2.6286
2560 1280.0 2.8684 0.1690 2.8684 1.0896 2.6459
2570 1285.0 2.8794 0.4336 2.8794 1.0447 2.5892
2580 1290.0 2.8794 0.4320 2.8794 1.0041 2.4928
2590 1295.0 2.8844 0.5920 2.8844 1.0496 2.4614
2600 1300.0 2.9008 1.2901 2.9008 1.0108 2.5545
2610 1305.0 2.9275 3.0048 2.9275 1.0578 2.6002
2620 1310.0 2.9008 1.2882 2.9008 1.0476 2.4357
2630 1315.0 2.8914 0.8556 2.8914 1.0604 2.2863
2640 1320.0 2.8967 1.0913 2.8967 1.0005 2.3152
2650 1325.0 2.9027 1.3885 2.9027 1.0795 2.4376
2660 1330.0 2.9346 3.5747 2.9346 1.1587 2.4998
2670 1335.0 2.8762 0.3433 2.8762 1.0462 2.4732
2680 1340.0 2.8563 0.0200 2.8563 1.0325 2.3633
2690 1345.0 2.9274 2.9976 2.9274 1.1210 2.3777
2700 1350.0 2.9006 1.2813 2.9006 1.0397 2.3790
2710 1355.0 2.8178 0.5179 2.8178 1.0136 2.3242
2720 1360.0 2.8724 0.2514 2.8724 1.0858 2.2949
2730 1365.0 2.9985 11.0280 2.9985 1.0622 2.3760
2740 1370.0 2.8633 0.0879 2.8633 1.0250 2.3799
2750 1375.0 2.8298 0.2042 2.8298 1.0471 2.4668
2760 1380.0 2.9389 3.9496 2.9389 0.9989 2.5425
2770 1385.0 2.9285 3.0831 2.9285 1.0482 2.4981
2780 1390.0 2.8537 0.0069 2.8537 1.0389 2.4989
2790 1395.0 2.8687 0.1756 2.8687 1.0070 2.5655
2800 1400.0 2.9056 1.5434 2.9056 1.0251 2.5618
2810 1405.0 2.8877 0.7094 2.8877 1.0105 2.5195
2820 1410.0 2.8513 0.0008 2.8513 1.0267 2.5445
2830 1415.0 2.8947 1.0000 2.8947 1.0601 2.5326
2840 1420.0 2.9674 6.8933 2.9674 1.0537 2.5771
2850 1425.0 2.8748 0.3075 2.8748 1.0701 2.5733
2860 1430.0 2.8362 0.0957 2.8362 1.1109 2.5840
2870 1435.0 2.9412 4.1573 2.9412 1.1133 2.6431
2880 1440.0 2.8885 0.7398 2.8885 1.1617 2.5839
2890 1445.0 2.8419 0.0324 2.8419 1.1464 2.5520
2900 1450.0 2.8935 0.9467 2.8935 1.0667 2.6161
2910 1455.0 2.8671 0.1469 2.8671 1.0303 2.6081
2920 1460.0 2.8468 0.0053 2.8468 1.0638 2.4699
2930 1465.0 2.8640 0.0986 2.8640 1.0412 2.4474
2940 1470.0 2.9220 2.5892 2.9220 1.0222 2.5112
2950 1475.0 2.8516 0.0013 2.8516 1.0307 2.5731
2960 1480.0 2.8120 0.7228 2.8120 1.0160 2.6148
2970 1485.0 2.9051 1.5173 2.9051 1.0111 2.5201
2980 1490.0 2.9320 3.3654 2.9320 1.0253 2.4772
2990 1495.0 2.8252 0.3067 2.8252 1.0721 2.4223
3000 1500.0 2.8625 0.0782 2.8625 1.1472 2.3957
3010 1505.0 2.9411 4.1535 2.9411 1.1960 2.4956
3020 1510.0 2.8385 0.0656 2.8385 1.1714 2.5068
3030 1515.0 2.8425 0.0283 2.8425 1.1593 2.5200
3040 1520.0 2.9386 3.9287 2.9386 1.0917 2.4481
3050 1525.0 2.9063 1.5836 2.9063 1.1431 2.4269
3060 1530.0 2.7973 1.3873 2.7973 1.1074 2.4939
3070 1535.0 2.8075 0.9032 2.8075 1.1796 2.4576
3080 1540.0 2.8543 0.0095 2.8543 1.0661 2.3928
3090 1545.0 2.8609 0.0597 2.8609 1.0008 2.4023
3100 1550.0 2.8236 0.3498 2.8236 1.1105 2.4074
3110 1555.0 2.8068 0.9313 2.8068 0.9420 2.4928
3120 1560.0 2.9013 1.3146 2.9013 1.0837 2.3801
3130 1565.0 2.8737 0.2799 2.8737 0.9317 2.5012
3140 1570.0 2.8144 0.6324 2.8144 1.0713 2.5243
3150 1575.0 2.8377 0.0753 2.8377 0.9274 2.6091
3160 1580.0 2.8417 0.0344 2.8417 1.0751 2.5592
3170 1585.0 2.8701 0.2021 2.8701 0.9371 2.6261
3180 1590.0 2.8332 0.1407 2.8332 1.0652 2.5965
3190 1595.0 2.8541 0.0083 2.8541 0.9508 2.6302
3200 1600.0 2.8635 0.0911 2.8635 1.0553 2.5593
3210 1605.0 2.8502 0.0000 2.8502 1.0100 2.5869
3220 1610.0 2.8129 0.6880 2.8129 1.0372 2.6101
3230 1615.0 2.8400 0.0496 2.8400 1.0582 2.5792
3240 1620.0 2.8427 0.0263 2.8427 1.0420 2.5743
3250 1625.0 2.8094 0.8247 2.8094 1.0829 2.5764
3260 1630.0 2.8740 0.2876 2.8740 1.1976 2.4789
3270 1635.0 2.8775 0.3790 2.8775 1.2025 2.4621
3280 1640.0 2.8059 0.9724 2.8059 1.2008 2.5294
3290 1645.0 2.8913 0.8514 2.8913 1.1814 2.4588
3300 1650.0 2.8773 0.3729 2.8773 1.1459 2.4947
3310 1655.0 2.8259 0.2905 2.8259 1.1243 2.5710
3320 1660.0 2.8909 0.8362 2.8909 1.0454 2.5454
3330 1665.0 2.9008 1.2920 2.9008 1.0811 2.5638
3340 1670.0 2.8549 0.0121 2.8549 1.0781 2.5998
3350 1675.0 2.8773 0.3740 2.8773 1.0475 2.5804
3360 1680.0 2.8780 0.3915 2.8780 1.0569 2.5968
3370 1685.0 2.8651 0.1140 2.8651 1.0747 2.6433
3380 1690.0 2.8539 0.0076 2.8539 1.0300 2.6798
3390 1695.0 2.8540 0.0081 2.8540 1.0143 2.6468
3400 1700.0 2.8398 0.0518 2.8398 1.0823 2.5734
3410 1705.0 2.8734 0.2734 2.8734 1.0076 2.5587
3420 1710.0 2.8835 0.5602 2.8835 1.0555 2.5072
3430 1715.0 2.8375 0.0780 2.8375 1.0789 2.5108
3440 1720.0 2.8394 0.0562 2.8394 0.9904 2.4828
3450 1725.0 2.8706 0.2127 2.8706 1.0841 2.3761
3460 1730.0 2.7953 1.4954 2.7953 1.0367 2.4270
3470 1735.0 2.7584 4.1986 2.7584 1.0321 2.4429
3480 1740.0 2.8522 0.0024 2.8522 1.0667 2.3314
3490 1745.0 2.8612 0.0626 2.8612 0.9985 2.3481
3500 1750.0 2.8489 0.0006 2.8489 1.0827 2.3772
3510 1755.0 2.8924 0.9002 2.8924 1.0925 2.3765
3520 1760.0 2.8210 0.4204 2.8210 0.9884 2.4877
3530 1765.0 2.7531 4.6980 2.7531 1.0332 2.5615
3540 1770.0 2.8355 0.1052 2.8355 1.0044 2.5241
3550 1775.0 2.8553 0.0141 2.8553 1.0304 2.5400
3560 1780.0 2.8298 0.2034 2.8298 1.0185 2.6171
3570 1785.0 2.8394 0.0567 2.8394 1.0194 2.6809
3580 1790.0 2.9153 2.1336 2.9153 1.0133 2.6895
3590 1795.0 2.8331 0.1430 2.8331 1.0047 2.6216
3600 1800.0 2.7528 4.7218 2.7528 1.0070 2.6127
3610 1805.0 2.8553 0.0138 2.8553 1.0022 2.7364
3620 1810.0 2.8852 0.6181 2.8852 1.0199 2.7564
3630 1815.0 2.7849 2.1207 2.7849 0.9908 2.7338
3640 1820.0 2.7741 2.8787 2.7741 0.9990 2.7734
3650 1825.0 2.8535 0.0062 2.8535 1.0179 2.7560
3660 1830.0 2.8000 1.2476 2.8000 1.0036 2.6941
3670 1835.0 2.7700 3.1987 2.7700 1.0212 2.6573
3680 1840.0 2.9065 1.5951 2.9065 1.0154 2.7011
3690 1845.0 2.8773 0.3714 2.8773 1.0346 2.7211
3700 1850.0 2.7826 2.2736 2.7826 1.0132 2.7770
3710 1855.0 2.9195 2.4139 2.9195 1.0290 2.6781
3720 1860.0 2.8341 0.1256 2.8341 0.9946 2.7263
3730 1865.0 2.7015 11.0263 2.7015 1.0637 2.7730
3740 1870.0 2.8825 0.5283 2.8825 1.0242 2.6888
3750 1875.0 2.8759 0.3349 2.8759 1.0211 2.7037
3760 1880.0 2.7432 5.7068 2.7432 1.0307 2.6774
3770 1885.0 2.9341 3.5381 2.9341 1.0861 2.5435
3780 1890.0 2.9522 5.2255 2.9522 1.0740 2.4802
3790 1895.0 2.7045 10.5801 2.7045 1.0373 2.7079
3800 1900.0 2.8074 0.9080 2.8074 0.9860 2.6584
3810 1905.0 2.9461 4.6219 2.9461 1.0887 2.5767
3820 1910.0 2.7906 1.7649 2.7906 1.0709 2.7444
3830 1915.0 2.7794 2.4889 2.7794 1.0544 2.7381
3840 1920.0 2.9094 1.7634 2.9094 1.1167 2.7899
3850 1925.0 2.8038 1.0680 2.8038 1.0776 2.7486
3860 1930.0 2.7545 4.5563 2.7545 0.9988 2.6143
3870 1935.0 2.8900 0.7980 2.8900 1.0496 2.7285
3880 1940.0 2.8541 0.0083 2.8541 1.0871 2.8575
3890 1945.0 2.7017 11.0018 2.7017 1.1122 2.6590
3900 1950.0 2.8270 0.2655 2.8270 1.1586 2.7633
3910 1955.0 2.9162 2.1890 2.9162 1.1666 2.8273
3920 1960.0 2.8273 0.2569 2.8273 1.0568 2.8530
3930 1965.0 2.8555 0.0152 2.8555 1.0619 2.8135
3940 1970.0 2.8866 0.6703 2.8866 1.1649 2.7395
3950 1975.0 2.8466 0.0057 2.8466 1.1039 2.6867
3960 1980.0 2.8374 0.0793 2.8374 1.0211 2.6617
3970 1985.0 2.8675 0.1533 2.8675 1.1137 2.6359
3980 1990.0 2.8864 0.6609 2.8864 1.1616 2.6050
3990 1995.0 2.8677 0.1567 2.8677 1.0119 2.6420
4000 2000.0 2.7658 3.5458 2.7658 1.0516 2.7528
4010 2005.0 2.8621 0.0728 2.8621 1.0844 2.7418
4020 2010.0 2.8914 0.8561 2.8914 1.0521 2.6912
4030 2015.0 2.7832 2.2322 2.7832 1.1172 2.7656
4040 2020.0 2.8397 0.0532 2.8397 1.1634 2.7447
4050 2025.0 2.8391 0.0594 2.8391 1.1596 2.7938
4060 2030.0 2.7669 3.4545 2.7669 1.0796 2.8630
4070 2035.0 2.8303 0.1931 2.8303 1.1521 2.7935
4080 2040.0 2.9292 3.1391 2.9292 1.1718 2.6909
4090 2045.0 2.8316 0.1701 2.8316 1.1181 2.7820
4100 2050.0 2.8037 1.0708 2.8037 1.1114 2.7336
4110 2055.0 2.8733 0.2704 2.8733 1.1291 2.7072
4120 2060.0 2.8180 0.5125 2.8180 1.0966 2.7021
4130 2065.0 2.7977 1.3662 2.7977 1.0358 2.7587
4140 2070.0 2.8939 0.9621 2.8939 1.0325 2.7137
4150 2075.0 2.8867 0.6737 2.8867 1.0483 2.7139
4160 2080.0 2.7984 1.3307 2.7984 1.0098 2.7082
4170 2085.0 2.8531 0.0049 2.8531 1.0243 2.7398
4180 2090.0 2.9497 4.9691 2.9497 1.0234 2.6822
4190 2095.0 2.8094 0.8235 2.8094 1.0392 2.7745
4200 2100.0 2.7688 3.3002 2.7688 0.9662 2.7140
4210 2105.0 2.9094 1.7631 2.9094 1.0532 2.7624
4220 2110.0 2.8813 0.4892 2.8813 1.0017 2.7999
4230 2115.0 2.8146 0.6273 2.8146 1.0673 2.7835
4240 2120.0 2.8494 0.0002 2.8494 1.0268 2.7950
4250 2125.0 2.9002 1.2617 2.9002 1.0053 2.7616
4260 2130.0 2.8589 0.0393 2.8589 1.0471 2.7728
4270 2135.0 2.7821 2.3047 2.7821 0.9923 2.6747
4280 2140.0 2.8917 0.8709 2.8917 1.0160 2.7307
4290 2145.0 2.9482 4.8232 2.9482 1.0097 2.6545
4300 2150.0 2.8428 0.0262 2.8428 1.0208 2.7314
4310 2155.0 2.8052 1.0050 2.8052 0.9954 2.7333
4320 2160.0 2.9166 2.2162 2.9166 1.0213 2.6649
4330 2165.0 2.9032 1.4139 2.9032 0.9675 2.7039
4340 2170.0 2.7713 3.1002 2.7713 1.0242 2.7187
4350 2175.0 2.8476 0.0028 2.8476 0.9773 2.6944
4360 2180.0 2.9280 3.0415 2.9280 0.9952 2.6604
4370 2185.0 2.8482 0.0016 2.8482 0.9797 2.5862
4380 2190.0 2.8178 0.5193 2.8178 0.9765 2.5429
4390 2195.0 2.8924 0.8970 2.8924 1.0091 2.5474
4400 2200.0 2.9233 2.6865 2.9233 0.9409 2.5541
4410 2205.0 2.8275 0.2538 2.8275 1.0245 2.5312
4420 2210.0 2.8104 0.7827 2.8104 0.9416 2.6219
4430 2215.0 2.8877 0.7105 2.8877 1.0394 2.6546
4440 2220.0 2.9290 3.1224 2.9290 0.9395 2.6550
4450 2225.0 2.8850 0.6115 2.8850 1.0319 2.6385
4460 2230.0 2.8258 0.2937 2.8258 0.9579 2.6875
4470 2235.0 2.8760 0.3380 2.8760 1.0220 2.6203
4480 2240.0 2.9035 1.4289 2.9035 0.9720 2.6374
4490 2245.0 2.7913 1.7251 2.7913 0.9968 2.7161
4500 2250.0 2.8007 1.2147 2.8007 1.0057 2.6952
4510 2255.0 2.8897 0.7882 2.8897 0.9795 2.6435
4520 2260.0 2.8466 0.0057 2.8466 1.0179 2.6840
4530 2265.0 2.8269 0.2677 2.8269 0.9655 2.7060
4540 2270.0 2.8711 0.2218 2.8711 1.0243 2.6143
4550 2275.0 2.8460 0.0081 2.8460 0.9818 2.6203
4560 2280.0 2.7960 1.4585 2.7960 1.0367 2.6418
4570 2285.0 2.8346 0.1182 2.8346 0.9824 2.6457
4580 2290.0 2.9186 2.3531 2.9186 1.0412 2.5810
4590 2295.0 2.8333 0.1387 2.8333 0.9856 2.6686
4600 2300.0 2.8203 0.4416 2.8203 1.0404 2.6085
4610 2305.0 2.9522 5.2182 2.9522 1.0156 2.6231
4620 2310.0 2.9308 3.2667 2.9308 0.9900 2.5700
4630 2315.0 2.7921 1.6768 2.7921 1.0293 2.5270
4640 2320.0 2.7994 1.2824 2.7994 0.9915 2.6239
4650 2325.0 2.9178 2.3007 2.9178 1.0274 2.6719
4660 2330.0 2.8963 1.0701 2.8963 0.9773 2.7059
4670 2335.0 2.8066 0.9437 2.8066 1.0196 2.7279
4680 2340.0 2.8153 0.6026 2.8153 0.9711 2.7127
4690 2345.0 2.9163 2.1993 2.9163 0.9955 2.6986
4700 2350.0 2.9035 1.4285 2.9035 0.9873 2.7301
4710 2355.0 2.8433 0.0224 2.8433 0.9598 2.8163
4720 2360.0 2.8197 0.4587 2.8197 1.0132 2.7541
4730 2365.0 2.9149 2.1051 2.9149 0.9570 2.7612
4740 2370.0 2.9047 1.4937 2.9047 0.9892 2.6923
4750 2375.0 2.7726 2.9964 2.7726 0.9841 2.5921
4760 2380.0 2.8066 0.9437 2.8066 0.9661 2.6643
4770 2385.0 2.9793 8.3642 2.9793 1.0096 2.7806
4780 2390.0 2.8975 1.1269 2.8975 0.9515 2.8358
4790 2395.0 2.7716 3.0744 2.7716 1.0211 2.7651
4800 2400.0 2.8525 0.0031 2.8525 0.9569 2.7846
4810 2405.0 2.9431 4.3298 2.9431 1.0078 2.7329
4820 2410.0 2.8446 0.0145 2.8446 0.9786 2.6527
4830 2415.0 2.7822 2.2975 2.7822 0.9974 2.6213
4840 2420.0 2.8766 0.3546 2.8766 0.9898 2.7103
4850 2425.0 2.8972 1.1121 2.8972 0.9659 2.7315
4860 2430.0 2.8106 0.7761 2.8106 1.0223 2.6696
4870 2435.0 2.8205 0.4353 2.8205 0.9592 2.6696
4880 2440.0 2.9004 1.2704 2.9004 1.0211 2.7571
4890 2445.0 2.8822 0.5169 2.8822 0.9391 2.6745
4900 2450.0 2.8468 0.0051 2.8468 1.0257 2.5959
4910 2455.0 2.8301 0.1989 2.8301 0.9459 2.6297
4920 2460.0 2.8539 0.0076 2.8539 1.0151 2.6769
4930 2465.0 2.9249 2.8018 2.9249 0.9687 2.7370
4940 2470.0 2.8970 1.1051 2.8970 0.9856 2.6799
4950 2475.0 2.8369 0.0853 2.8369 0.9949 2.5884
4960 2480.0 2.8464 0.0063 2.8464 0.9660 2.6075
4970 2485.0 2.8922 0.8912 2.8922 0.9967 2.7023
4980 2490.0 2.8580 0.0323 2.8580 0.9541 2.7536
4990 2495.0 2.7865 2.0184 2.7865 1.0049 2.7119
5000 2500.0 2.8262 0.2835 2.8262 0.9647 2.6907
5010 2505.0 2.8890 0.7587 2.8890 0.9977 2.7405
5020 2510.0 2.8514 0.0010 2.8514 0.9648 2.7316
5030 2515.0 2.8280 0.2417 2.8280 0.9953 2.6945
5040 2520.0 2.8216 0.4026 2.8216 0.9823 2.7177
5050 2525.0 2.8422 0.0307 2.8422 0.9855 2.8206
5060 2530.0 2.8574 0.0272 2.8574 1.0007 2.9299
5070 2535.0 2.8315 0.1720 2.8315 0.9519 2.9129
5080 2540.0 2.8540 0.0080 2.8540 1.0040 2.9146
5090 2545.0 2.8538 0.0073 2.8538 0.9563 2.9026
5100 2550.0 2.8531 0.0047 2.8531 1.0084 2.8965
5110 2555.0 2.8397 0.0535 2.8397 0.9682 2.8466
5120 2560.0 2.8631 0.0858 2.8631 1.0025 2.7917
5130 2565.0 2.8298 0.2049 2.8298 0.9663 2.7570
5140 2570.0 2.8582 0.0335 2.8582 0.9960 2.7592
5150 2575.0 2.8932 0.9318 2.8932 0.9643 2.7333
5160 2580.0 2.8713 0.2263 2.8713 1.0157 2.6395
5170 2585.0 2.8321 0.1595 2.8321 0.9628 2.5928
5180 2590.0 2.8239 0.3403 2.8239 1.0153 2.6185
5190 2595.0 2.9040 1.4574 2.9040 0.9693 2.7215
5200 2600.0 2.8520 0.0019 2.8520 1.0056 2.6964
5210 2605.0 2.8311 0.1784 2.8311 0.9645 2.6915
5220 2610.0 2.8787 0.4116 2.8787 1.0349 2.7753
5230 2615.0 2.8921 0.8868 2.8921 0.9497 2.8083
5240 2620.0 2.7949 1.5161 2.7949 1.0292 2.7171
5250 2625.0 2.8352 0.1096 2.8352 0.9837 2.6624
5260 2630.0 2.9102 1.8147 2.9102 1.0254 2.6741
5270 2635.0 2.8838 0.5713 2.8838 0.9887 2.6313
5280 2640.0 2.7876 1.9483 2.7876 1.0129 2.5611
5290 2645.0 2.8193 0.4718 2.8193 0.9938 2.5478
5300 2650.0 2.9251 2.8209 2.9251 1.0083 2.5785
5310 2655.0 2.9007 1.2848 2.9007 1.0045 2.5694
5320 2660.0 2.8021 1.1470 2.8021 1.0012 2.5070
5330 2665.0 2.8425 0.0280 2.8425 1.0148 2.5288
5340 2670.0 2.8781 0.3947 2.8781 1.0235 2.5695
5350 2675.0 2.8088 0.8493 2.8088 1.0106 2.5859
5360 2680.0 2.8369 0.0856 2.8369 1.0103 2.6121
5370 2685.0 2.8732 0.2695 2.8732 1.0251 2.5600
5380 2690.0 2.7942 1.5578 2.7942 1.0360 2.4930
5390 2695.0 2.7715 3.0822 2.7715 1.0084 2.5483
5400 2700.0 2.8902 0.8095 2.8902 1.0522 2.7426
5410 2705.0 2.8610 0.0610 2.8610 0.9695 2.8138
5420 2710.0 2.8256 0.2974 2.8256 1.0873 2.7834
5430 2715.0 2.7877 1.9420 2.7877 0.9453 2.8325
5440 2720.0 2.8981 1.1553 2.8981 1.0807 2.7239
5450 2725.0 2.7942 1.5579 2.7942 0.9401 2.7712
5460 2730.0 2.8189 0.4822 2.8189 1.0940 2.7176
5470 2735.0 2.7930 1.6228 2.7930 0.9539 2.7740
5480 2740.0 2.8213 0.4108 2.8213 1.0666 2.7140
5490 2745.0 2.8518 0.0016 2.8518 0.9444 2.7538
5500 2750.0 2.9261 2.8918 2.9261 1.0312 2.6695
5510 2755.0 2.8264 0.2779 2.8264 0.9737 2.6796
5520 2760.0 2.8008 1.2127 2.8008 1.0199 2.7101
5530 2765.0 2.8932 0.9351 2.8932 0.9632 2.6885
5540 2770.0 2.8974 1.1228 2.8974 0.9976 2.6066
5550 2775.0 2.7847 2.1304 2.7847 0.9788 2.4931
5560 2780.0 2.8053 0.9974 2.8053 0.9844 2.4516
5570 2785.0 2.9199 2.4399 2.9199 0.9933 2.4326
5580 2790.0 2.8543 0.0094 2.8543 0.9552 2.3842
5590 2795.0 2.7725 3.0006 2.7725 1.0116 2.3422
5600 2800.0 2.8776 0.3820 2.8776 0.9620 2.3808
5610 2805.0 2.9430 4.3243 2.9430 1.0062 2.3594
5620 2810.0 2.7917 1.6977 2.7917 0.9778 2.2623
5630 2815.0 2.7569 4.3305 2.7569 0.9504 2.2797
5640 2820.0 2.9002 1.2593 2.9002 1.0250 2.3824
5650 2825.0 2.9730 7.5649 2.9730 0.9403 2.4956
5660 2830.0 2.8130 0.6850 2.8130 1.0480 2.4665
5670 2835.0 2.7926 1.6496 2.7926 0.9392 2.4970
5680 2840.0 2.8683 0.1667 2.8683 1.0501 2.5040
5690 2845.0 2.9727 7.5304 2.9727 0.9447 2.5549
5700 2850.0 2.8557 0.0164 2.8557 1.0532 2.4698
5710 2855.0 2.7877 1.9394 2.7877 0.9544 2.4983
5720 2860.0 2.8822 0.5180 2.8822 1.0300 2.5492
5730 2865.0 2.9748 7.7867 2.9748 0.9546 2.5940
5740 2870.0 2.8244 0.3274 2.8244 1.0037 2.4810
5750 2875.0 2.7408 5.9625 2.7408 0.9721 2.4745
5760 2880.0 2.8602 0.0520 2.8602 0.9909 2.6076
5770 2885.0 2.9724 7.4955 2.9724 0.9923 2.5983
5780 2890.0 2.8619 0.0711 2.8619 0.9868 2.6946
5790 2895.0 2.7359 6.5113 2.7359 0.9883 2.6706
5800 2900.0 2.8283 0.2364 2.8283 0.9560 2.6874
5810 2905.0 2.9519 5.1893 2.9519 1.0009 2.5994
5820 2910.0 2.8890 0.7588 2.8890 0.9727 2.6707
5830 2915.0 2.7853 2.0959 2.7853 0.9791 2.6097
5840 2920.0 2.8213 0.4106 2.8213 0.9736 2.5807
5850 2925.0 2.8961 1.0610 2.8961 0.9616 2.6561
5860 2930.0 2.8960 1.0577 2.8960 1.0057 2.6227
5870 2935.0 2.8067 0.9384 2.8067 0.9714 2.5339
5880 2940.0 2.8021 1.1475 2.8021 0.9810 2.5349
5890 2945.0 2.9335 3.4862 2.9335 0.9806 2.5809
5900 2950.0 2.9412 4.1621 2.9412 0.9658 2.5734
5910 2955.0 2.8144 0.6340 2.8144 0.9933 2.5849
5920 2960.0 2.7894 1.8346 2.7894 0.9594 2.6413
5930 2965.0 2.8838 0.5698 2.8838 0.9994 2.6223
5940 2970.0 2.9038 1.4450 2.9038 0.9607 2.6128
5950 2975.0 2.8455 0.0103 2.8455 0.9842 2.6542
5960 2980.0 2.8147 0.6224 2.8147 0.9897 2.6777
5970 2985.0 2.8552 0.0133 2.8552 0.9639 2.6539
5980 2990.0 2.8966 1.0877 2.8966 1.0217 2.5963
5990 2995.0 2.8575 0.0279 2.8575 0.9529 2.6553
6000 3000.0 2.8163 0.5683 2.8163 1.0286 2.6276
6010 3005.0 2.8685 0.1718 2.8685 0.9347 2.6424
6020 3010.0 2.9236 2.7085 2.9236 1.0421 2.5490
6030 3015.0 2.8553 0.0142 2.8553 0.9419 2.6485
6040 3020.0 2.8196 0.4626 2.8196 1.0258 2.6441
6050 3025.0 2.8914 0.8565 2.8914 0.9661 2.5814
6060 3030.0 2.8975 1.1297 2.8975 0.9872 2.5477
6070 3035.0 2.8434 0.0218 2.8434 0.9982 2.5554
6080 3040.0 2.8420 0.0321 2.8420 0.9637 2.6289
6090 3045.0 2.8745 0.3012 2.8745 1.0188 2.6523
6100 3050.0 2.8712 0.2244 2.8712 0.9418 2.6500
6110 3055.0 2.8436 0.0203 2.8436 1.0186 2.5940
6120 3060.0 2.8790 0.4195 2.8790 0.9468 2.5164
6130 3065.0 2.8645 0.1044 2.8645 1.0268 2.4734
6140 3070.0 2.8481 0.0018 2.8481 0.9519 2.5553
6150 3075.0 2.8490 0.0005 2.8490 0.9891 2.6229
6160 3080.0 2.8902 0.8076 2.8902 0.9846 2.6054
6170 3085.0 2.8781 0.3946 2.8781 0.9846 2.6294
6180 3090.0 2.8682 0.1664 2.8682 0.9943 2.4984
6190 3095.0 2.8708 0.2160 2.8708 0.9745 2.3507
6200 3100.0 2.8862 0.6566 2.8862 0.9968 2.2641
6210 3105.0 2.8392 0.0582 2.8392 0.9652 2.2051
6220 3110.0 2.8292 0.2170 2.8292 1.0079 2.1267
6230 3115.0 2.8571 0.0250 2.8571 0.9736 2.0842
6240 3120.0 2.8579 0.0311 2.8579 1.0171 1.9943
6250 3125.0 2.8110 0.7596 2.8110 0.9576 1.9982
6260 3130.0 2.7944 1.5429 2.7944 1.0237 1.9778
6270 3135.0 2.8609 0.0595 2.8609 0.9716 2.0724
6280 3140.0 2.8243 0.3298 2.8243 1.0185 1.9901
6290 3145.0 2.7857 2.0696 2.7857 0.9603 1.9920
6300 3150.0 2.7923 1.6620 2.7923 1.0204 1.9641
6310 3155.0 2.8668 0.1416 2.8668 0.9713 2.0619
6320 3160.0 2.8896 0.7860 2.8896 1.0008 2.0534
6330 3165.0 2.8246 0.3238 2.8246 0.9679 2.0261
6340 3170.0 2.7810 2.3787 2.7810 0.9982 1.9899
6350 3175.0 2.8536 0.0064 2.8536 0.9682 2.0707
6360 3180.0 2.8977 1.1391 2.8977 1.0111 2.1100
6370 3185.0 2.8380 0.0721 2.8380 0.9560 2.1376
6380 3190.0 2.7740 2.8845 2.7740 0.9980 2.0905
6390 3195.0 2.9088 1.7269 2.9088 0.9625 2.2042
6400 3200.0 2.9440 4.4201 2.9440 1.0187 2.2758
6410 3205.0 2.8680 0.1628 2.8680 0.9703 2.2764
6420 3210.0 2.7656 3.5580 2.7656 0.9738 2.1214
6430 3215.0 2.8519 0.0017 2.8519 1.0170 1.9769
6440 3220.0 2.9527 5.2695 2.9527 1.0465 1.9184
6450 3225.0 2.8783 0.3997 2.8783 0.9828 1.8611
6460 3230.0 2.7813 2.3627 2.7813 1.0653 1.7169
6470 3235.0 2.8907 0.8287 2.8907 0.9536 1.8178
6480 3240.0 2.8462 0.0070 2.8462 1.0958 1.7087
6490 3245.0 2.8447 0.0141 2.8447 0.9980 1.7707
6500 3250.0 2.7548 4.5359 2.7548 1.0445 1.7751
6510 3255.0 2.8721 0.2434 2.8721 1.0016 1.9297
6520 3260.0 2.9721 7.4559 2.9721 1.0032 2.0743
6530 3265.0 2.8630 0.0845 2.8630 0.9816 2.1272
6540 3270.0 2.8286 0.2294 2.8286 0.9870 2.2709
6550 3275.0 2.8896 0.7831 2.8896 0.9794 2.4405
6560 3280.0 2.8548 0.0115 2.8548 0.9882 2.4647
6570 3285.0 2.8360 0.0978 2.8360 0.9583 2.4539
6580 3290.0 2.8748 0.3069 2.8748 0.9860 2.4870
6590 3295.0 2.8551 0.0132 2.8551 0.9712 2.5381
6600 3300.0 2.8282 0.2372 2.8282 0.9555 2.5563
6610 3305.0 2.8782 0.3981 2.8782 1.0019 2.5672
6620 3310.0 2.9003 1.2644 2.9003 0.9533 2.5651
6630 3315.0 2.8789 0.4172 2.8789 1.0244 2.5457
6640 3320.0 2.8452 0.0116 2.8452 0.9432 2.5560
6650 3325.0 2.7720 3.0453 2.7720 1.0243 2.4367
6660 3330.0 2.8784 0.4024 2.8784 0.9363 2.4405
6670 3335.0 2.9165 2.2142 2.9165 1.0065 2.4388
6680 3340.0 2.8063 0.9560 2.8063 0.9734 2.4463
6690 3345.0 2.8072 0.9155 2.8072 0.9782 2.4368
6700 3350.0 2.9196 2.4202 2.9196 1.0068 2.4108
6710 3355.0 2.8779 0.3890 2.8779 0.9596 2.3697
6720 3360.0 2.7446 5.5499 2.7446 1.0019 2.2682
6730 3365.0 2.7957 1.4742 2.7957 0.9514 2.3272
6740 3370.0 2.8560 0.0178 2.8560 1.0132 2.3316
6750 3375.0 2.8710 0.2203 2.8710 0.9594 2.3808
6760 3380.0 2.8060 0.9701 2.8060 0.9992 2.3575
6770 3385.0 2.8406 0.0439 2.8406 0.9536 2.4349
6780 3390.0 2.8842 0.5848 2.8842 1.0030 2.4847
6790 3395.0 2.8503 0.0000 2.8503 0.9690 2.4787
6800 3400.0 2.7713 3.0948 2.7713 0.9895 2.3775
6810 3405.0 2.8017 1.1659 2.8017 0.9789 2.3276
6820 3410.0 2.8742 0.2927 2.8742 0.9907 2.2878
6830 3415.0 2.8510 0.0005 2.8510 0.9897 2.2193
6840 3420.0 2.8288 0.2240 2.8288 0.9711 2.1604
6850 3425.0 2.8422 0.0305 2.8422 0.9990 2.1317
6860 3430.0 2.8539 0.0075 2.8539 0.9701 2.2003
6870 3435.0 2.8364 0.0924 2.8364 0.9960 2.2665
6880 3440.0 2.8482 0.0016 2.8482 0.9578 2.3751
6890 3445.0 2.8920 0.8802 2.8920 1.0056 2.4596
6900 3450.0 2.8847 0.6021 2.8847 0.9605 2.3839
6910 3455.0 2.8238 0.3445 2.8238 0.9999 2.2640
6920 3460.0 2.8323 0.1568 2.8323 0.9797 2.2442
6930 3465.0 2.8842 0.5844 2.8842 0.9780 2.3164
6940 3470.0 2.8471 0.0043 2.8471 1.0023 2.3506
6950 3475.0 2.8399 0.0514 2.8399 0.9576 2.4099
6960 3480.0 2.8473 0.0038 2.8473 0.9935 2.4527
6970 3485.0 2.8317 0.1673 2.8317 0.9734 2.4620
6980 3490.0 2.8396 0.0539 2.8396 0.9881 2.4014
6990 3495.0 2.8451 0.0121 2.8451 0.9883 2.3844
7000 3500.0 2.8558 0.0169 2.8558 0.9612 2.4269
7010 3505.0 2.8387 0.0635 2.8387 1.0101 2.4339
7020 3510.0 2.8214 0.4085 2.8214 0.9576 2.4495
7030 3515.0 2.8498 0.0000 2.8498 0.9932 2.4560
7040 3520.0 2.8491 0.0004 2.8491 0.9715 2.4210
7050 3525.0 2.8317 0.1665 2.8317 0.9804 2.3527
7060 3530.0 2.8735 0.2760 2.8735 0.9872 2.3436
7070 3535.0 2.8871 0.6900 2.8871 0.9568 2.3827
7080 3540.0 2.8398 0.0519 2.8398 0.9991 2.3607
7090 3545.0 2.8259 0.2905 2.8259 0.9573 2.3381
7100 3550.0 2.8707 0.2147 2.8707 1.0017 2.3211
7110 3555.0 2.8136 0.6631 2.8136 0.9800 2.2861
7120 3560.0 2.8157 0.5892 2.8157 0.9728 2.2956
7130 3565.0 2.9060 1.5701 2.9060 1.0034 2.3053
7140 3570.0 2.8485 0.0011 2.8485 0.9582 2.1926
7150 3575.0 2.7592 4.1258 2.7592 1.0229 2.0693
7160 3580.0 2.8438 0.0191 2.8438 0.9458 2.1715
7170 3585.0 2.9263 2.9070 2.9263 1.0259 2.3121
7180 3590.0 2.8285 0.2320 2.8285 0.9589 2.3666
7190 3595.0 2.7530 4.7088 2.7530 0.9974 2.3732
7200 3600.0 2.8737 0.2814 2.8737 0.9811 2.4713
7210 3605.0 2.9124 1.9482 2.9124 0.9895 2.5121
7220 3610.0 2.7870 1.9858 2.7870 0.9865 2.4041
7230 3615.0 2.7612 3.9449 2.7612 0.9474 2.3643
7240 3620.0 2.8179 0.5138 2.8179 1.0165 2.3416
7250 3625.0 2.9462 4.6243 2.9462 0.9465 2.4569
7260 3630.0 2.8125 0.7031 2.8125 1.0220 2.3653
7270 3635.0 2.7911 1.7371 2.7911 0.9283 2.3880
7280 3640.0 2.8178 0.5187 2.8178 1.0192 2.4178
7290 3645.0 2.9792 8.3410 2.9792 0.9727 2.6054
7300 3650.0 2.8749 0.3096 2.8749 1.0165 2.5207
7310 3655.0 2.7373 6.3538 2.7373 0.9632 2.4880
7320 3660.0 2.7509 4.9083 2.7509 0.9599 2.4932
7330 3665.0 2.9014 1.3186 2.9014 1.0056 2.4904
7340 3670.0 2.9421 4.2406 2.9421 0.9758 2.4618
7350 3675.0 2.8114 0.7451 2.8114 0.9929 2.3376
7360 3680.0 2.7618 3.8871 2.7618 0.9826 2.3091
7370 3685.0 2.8450 0.0127 2.8450 0.9912 2.3922
7380 3690.0 2.8662 0.1308 2.8662 0.9617 2.4860
7390 3695.0 2.9015 1.3265 2.9015 1.0068 2.5164
7400 3700.0 2.8697 0.1936 2.8697 0.9562 2.4923
7410 3705.0 2.8245 0.3241 2.8245 1.0081 2.4201
7420 3710.0 2.7546 4.5532 2.7546 0.9711 2.4078
7430 3715.0 2.8271 0.2620 2.8271 1.0065 2.5002
7440 3720.0 2.9055 1.5379 2.9055 0.9553 2.7097
7450 3725.0 2.8656 0.1222 2.8656 1.0113 2.6016
7460 3730.0 2.8022 1.1405 2.8022 0.9607 2.5893
7470 3735.0 2.8275 0.2521 2.8275 1.0039 2.6312
7480 3740.0 2.9292 3.1351 2.9292 0.9726 2.7015
7490 3745.0 2.8987 1.1861 2.8987 0.9932 2.6322
7500 3750.0 2.8126 0.6998 2.8126 0.9736 2.4383
7510 3755.0 2.8288 0.2242 2.8288 1.0065 2.2835
7520 3760.0 2.8530 0.0046 2.8530 0.9793 2.2956
7530 3765.0 2.8954 1.0287 2.8954 0.9887 2.3325
7540 3770.0 2.8903 0.8138 2.8903 0.9744 2.3665
7550 3775.0 2.8372 0.0814 2.8372 0.9845 2.3406
7560 3780.0 2.8824 0.5234 2.8824 0.9934 2.3795
7570 3785.0 2.9148 2.1013 2.9148 0.9661 2.3993
7580 3790.0 2.8818 0.5063 2.8818 0.9814 2.3619
7590 3795.0 2.8129 0.6882 2.8129 0.9882 2.3253
7600 3800.0 2.8526 0.0034 2.8526 0.9912 2.3865
7610 3805.0 2.9692 7.0985 2.9692 0.9652 2.5496
7620 3810.0 2.9396 4.0156 2.9396 0.9776 2.5678
7630 3815.0 2.8477 0.0027 2.8477 0.9960 2.4886
7640 3820.0 2.7724 3.0147 2.7724 0.9774 2.4681
7650 3825.0 2.8486 0.0010 2.8486 1.0002 2.5815
7660 3830.0 2.9358 3.6771 2.9358 0.9468 2.6913
7670 3835.0 2.9054 1.5372 2.9054 1.0080 2.7105
7680 3840.0 2.8161 0.5729 2.8161 0.9472 2.6418
7690 3845.0 2.8536 0.0065 2.8536 1.0351 2.6030
7700 3850.0 2.8538 0.0071 2.8538 0.9439 2.6497
7710 3855.0 2.8788 0.4136 2.8788 1.0209 2.6031
7720 3860.0 2.7627 3.8100 2.7627 0.9608 2.5246
7730 3865.0 2.7933 1.6097 2.7933 1.0250 2.5225
7740 3870.0 2.8932 0.9321 2.8932 0.9697 2.6641
7750 3875.0 2.9279 3.0336 2.9279 0.9542 2.6745
7760 3880.0 2.8420 0.0320 2.8420 1.0246 2.4869
7770 3885.0 2.6860 13.4452 2.6860 0.9628 2.3552
7780 3890.0 2.7874 1.9565 2.7874 1.0451 2.4007
7790 3895.0 2.8795 0.4361 2.8795 0.9270 2.5771
7800 3900.0 2.9502 5.0199 2.9502 1.0302 2.5616
7810 3905.0 2.7638 3.7110 2.7638 0.9501 2.3822
7820 3910.0 2.7298 7.2254 2.7298 1.0430 2.2701
7830 3915.0 2.8345 0.1204 2.8345 0.9539 2.4191
7840 3920.0 2.9384 3.9044 2.9384 0.9883 2.4793
7850 3925.0 2.8481 0.0019 2.8481 1.0029 2.3685
7860 3930.0 2.7623 3.8454 2.7623 0.9774 2.3254
7870 3935.0 2.8950 1.0138 2.8950 1.0239 2.3759
7880 3940.0 2.8742 0.2929 2.8742 0.9321 2.4098
7890 3945.0 2.8725 0.2524 2.8725 1.0370 2.3277
7900 3950.0 2.7483 5.1735 2.7483 0.9462 2.3137
7910 3955.0 2.8806 0.4683 2.8806 1.0422 2.3639
7920 3960.0 2.9071 1.6286 2.9071 0.9371 2.4921
7930 3965.0 2.9213 2.5430 2.9213 0.9958 2.4868
7940 3970.0 2.7989 1.3071 2.7989 1.0061 2.3812
7950 3975.0 2.7694 3.2503 2.7694 0.9849 2.3953
7960 3980.0 2.9087 1.7229 2.9087 1.0126 2.5505
7970 3985.0 2.9018 1.3397 2.9018 0.9216 2.6547
7980 3990.0 2.8793 0.4292 2.8793 1.0427 2.5530
7990 3995.0 2.7566 4.3635 2.7566 0.9494 2.5129
8000 4000.0 2.8708 0.2172 2.8708 1.0371 2.5755
8010 4005.0 2.8764 0.3488 2.8764 0.9354 2.6726
8020 4010.0 2.8839 0.5744 2.8839 1.0109 2.6284
8030 4015.0 2.8020 1.1508 2.8020 0.9888 2.5794
8040 4020.0 2.8490 0.0005 2.8490 0.9859 2.5563
8050 4025.0 2.9065 1.5966 2.9065 1.0083 2.4677
8060 4030.0 2.8469 0.0049 2.8469 0.9595 2.4824
8070 4035.0 2.8619 0.0704 2.8619 1.0391 2.4012
8080 4040.0 2.8158 0.5841 2.8158 0.9633 2.4451
8090 4045.0 2.8636 0.0930 2.8636 1.0232 2.3965
8100 4050.0 2.8551 0.0131 2.8551 0.9603 2.4066
8110 4055.0 2.8884 0.7377 2.8884 1.0143 2.3221
8120 4060.0 2.8339 0.1300 2.8339 0.9715 2.3698
8130 4065.0 2.8294 0.2123 2.8294 1.0229 2.3372
8140 4070.0 2.8603 0.0531 2.8603 0.9527 2.3271
8150 4075.0 2.9172 2.2551 2.9172 1.0306 2.2333
8160 4080.0 2.8721 0.2448 2.8721 0.9644 2.3095
8170 4085.0 2.7804 2.4202 2.7804 1.0314 2.2923
8180 4090.0 2.8148 0.6200 2.8148 0.9657 2.3331
8190 4095.0 2.9136 2.0198 2.9136 1.0144 2.3255
8200 4100.0 2.8847 0.6004 2.8847 0.9625 2.3746
8210 4105.0 2.8429 0.0250 2.8429 1.0174 2.3329
8220 4110.0 2.8380 0.0724 2.8380 0.9647 2.4368
8230 4115.0 2.9152 2.1279 2.9152 0.9849 2.4179
8240 4120.0 2.9260 2.8878 2.9260 0.9778 2.4368
8250 4125.0 2.8293 0.2148 2.8293 0.9907 2.5231
8260 4130.0 2.7564 4.3842 2.7564 0.9889 2.4950
8270 4135.0 2.8588 0.0387 2.8588 0.9736 2.5362
8280 4140.0 2.9439 4.4070 2.9439 1.0004 2.4586
8290 4145.0 2.8382 0.0693 2.8382 0.9737 2.5476
8300 4150.0 2.7667 3.4707 2.7667 0.9757 2.4690
8310 4155.0 2.8775 0.3785 2.8775 0.9863 2.5041
8320 4160.0 2.9418 4.2156 2.9418 0.9781 2.4606
8330 4165.0 2.8518 0.0017 2.8518 0.9823 2.5051
8340 4170.0 2.7815 2.3455 2.7815 0.9634 2.4184
8350 4175.0 2.8614 0.0648 2.8614 0.9933 2.3945
8360 4180.0 2.9326 3.4075 2.9326 0.9715 2.3985
8370 4185.0 2.8610 0.0609 2.8610 1.0065 2.2904
8380 4190.0 2.8556 0.0159 2.8556 0.9749 2.2957
8390 4195.0 2.8915 0.8600 2.8915 1.0014 2.3659
8400 4200.0 2.9242 2.7552 2.9242 0.9723 2.4126
8410 4205.0 2.8699 0.1974 2.8699 0.9976 2.4224
8420 4210.0 2.8407 0.0429 2.8407 0.9664 2.3439
8430 4215.0 2.8478 0.0025 2.8478 1.0170 2.2835
8440 4220.0 2.8723 0.2479 2.8723 0.9579 2.2730
8450 4225.0 2.8304 0.1926 2.8304 1.0184 2.1739
8460 4230.0 2.7737 2.9071 2.7737 0.9620 2.1719
8470 4235.0 2.8269 0.2666 2.8269 1.0251 2.2405
8480 4240.0 2.8698 0.1955 2.8698 0.9499 2.3927
8490 4245.0 2.8317 0.1674 2.8317 1.0336 2.3818
8500 4250.0 2.8271 0.2625 2.8271 0.9337 2.4442
8510 4255.0 2.8707 0.2143 2.8707 1.0421 2.5292
8520 4260.0 2.8708 0.2168 2.8708 0.9416 2.6086
8530 4265.0 2.8314 0.1732 2.8314 1.0242 2.5350
8540 4270.0 2.8358 0.1011 2.8358 0.9659 2.5479
8550 4275.0 2.9234 2.6946 2.9234 1.0024 2.5691
8560 4280.0 2.9301 3.2053 2.9301 0.9873 2.5471
8570 4285.0 2.8207 0.4284 2.8207 1.0076 2.4567
8580 4290.0 2.7640 3.6952 2.7640 0.9809 2.3444
8590 4295.0 2.9006 1.2817 2.9006 0.9966 2.3673
8600 4300.0 2.9506 5.0631 2.9506 0.9854 2.3995
8610 4305.0 2.8145 0.6288 2.8145 0.9921 2.3336
8620 4310.0 2.7677 3.3847 2.7677 0.9927 2.3465
8630 4315.0 2.9224 2.6236 2.9224 0.9905 2.5034
8640 4320.0 2.9159 2.1698 2.9159 0.9922 2.5273
8650 4325.0 2.7752 2.7989 2.7752 0.9785 2.5115
8660 4330.0 2.7866 2.0067 2.7866 1.0087 2.4298
8670 4335.0 2.8941 0.9705 2.8941 0.9720 2.5230
8680 4340.0 2.9499 4.9924 2.9499 0.9891 2.5082
8690 4345.0 2.8712 0.2252 2.8712 0.9792 2.4481
8700 4350.0 2.7730 2.9653 2.7730 0.9825 2.3489
8710 4355.0 2.8004 1.2294 2.8004 1.0068 2.3693
8720 4360.0 2.8474 0.0034 2.8474 0.9784 2.4559
8730 4365.0 2.8610 0.0600 2.8610 0.9956 2.5076
8740 4370.0 2.8256 0.2969 2.8256 0.9706 2.5353
8750 4375.0 2.8348 0.1161 2.8348 0.9991 2.5377
8760 4380.0 2.8378 0.0743 2.8378 0.9771 2.5558
8770 4385.0 2.8340 0.1278 2.8340 0.9931 2.5765
8780 4390.0 2.8308 0.1834 2.8308 0.9799 2.6110
8790 4395.0 2.8573 0.0269 2.8573 0.9884 2.6002
8800 4400.0 2.8124 0.7081 2.8124 1.0051 2.5297
8810 4405.0 2.7508 4.9178 2.7508 0.9951 2.4528
8820 4410.0 2.7983 1.3378 2.7983 1.0070 2.5005
8830 4415.0 2.9087 1.7242 2.9087 0.9678 2.4351
8840 4420.0 2.9889 9.6435 2.9889 0.9995 2.3300
8850 4425.0 2.8492 0.0003 2.8492 0.9696 2.4164
8860 4430.0 2.7216 8.2427 2.7216 1.0145 2.4804
8870 4435.0 2.8153 0.6012 2.8153 0.9707 2.4036
8880 4440.0 2.9418 4.2133 2.9418 1.0119 2.2694
8890 4445.0 2.8909 0.8365 2.8909 0.9678 2.3258
8900 4450.0 2.8041 1.0548 2.8041 1.0165 2.3940
8910 4455.0 2.7708 3.1371 2.7708 0.9865 2.3798
8920 4460.0 2.8368 0.0866 2.8368 0.9874 2.4137
8930 4465.0 2.9413 4.1719 2.9413 0.9953 2.3820
8940 4470.0 2.8630 0.0841 2.8630 0.9802 2.4164
8950 4475.0 2.8160 0.5795 2.8160 1.0217 2.3669
8960 4480.0 2.8668 0.1406 2.8668 0.9565 2.4408
8970 4485.0 2.9114 1.8857 2.9114 1.0122 2.4055
8980 4490.0 2.7747 2.8360 2.7747 0.9452 2.3341
8990 4495.0 2.7689 3.2903 2.7689 1.0482 2.2352
9000 4500.0 2.8711 0.2230 2.8711 0.9465 2.3719
9010 4505.0 2.9715 7.3775 2.9715 1.0254 2.4240
9020 4510.0 2.8293 0.2149 2.8293 0.9425 2.3699
9030 4515.0 2.7482 5.1807 2.7482 1.0507 2.2457
9040 4520.0 2.7586 4.1793 2.7586 0.9579 2.3388
9050 4525.0 2.8391 0.0591 2.8391 1.0332 2.4429
9060 4530.0 2.8485 0.0011 2.8485 0.9442 2.5204
9070 4535.0 2.8642 0.1011 2.8642 1.0366 2.4508
9080 4540.0 2.7438 5.6400 2.7438 0.9777 2.3513
9090 4545.0 2.7320 6.9622 2.7320 1.0338 2.2896
9100 4550.0 2.8203 0.4424 2.8203 0.9796 2.4337
9110 4555.0 2.9497 4.9736 2.9497 0.9909 2.3866
9120 4560.0 2.9365 3.7423 2.9365 0.9957 2.3936
9130 4565.0 2.7952 1.5034 2.7952 0.9894 2.3821
9140 4570.0 2.7244 7.8845 2.7244 1.0311 2.2241
9150 4575.0 2.7742 2.8762 2.7742 0.9757 2.2887
9160 4580.0 2.9225 2.6297 2.9225 1.0210 2.3552
9170 4585.0 2.8701 0.2016 2.8701 0.9592 2.3526
9180 4590.0 2.7892 1.8493 2.7892 1.0512 2.1654
9190 4595.0 2.7461 5.3946 2.7461 0.9507 2.2020
9200 4600.0 2.8796 0.4387 2.8796 1.0485 2.2866
9210 4605.0 2.8959 1.0524 2.8959 0.9467 2.3792
9220 4610.0 2.8205 0.4353 2.8205 1.0454 2.2708
9230 4615.0 2.8052 1.0056 2.8052 0.9493 2.3104
9240 4620.0 2.8762 0.3427 2.8762 1.0350 2.3474
9250 4625.0 2.8205 0.4357 2.8205 0.9548 2.3970
9260 4630.0 2.8115 0.7417 2.8115 1.0250 2.3889
9270 4635.0 2.8391 0.0598 2.8391 0.9587 2.3929
9280 4640.0 2.8457 0.0092 2.8457 1.0367 2.3477
9290 4645.0 2.8254 0.3034 2.8254 0.9481 2.3935
9300 4650.0 2.8427 0.0269 2.8427 1.0396 2.3088
9310 4655.0 2.8814 0.4916 2.8814 0.9474 2.2851
9320 4660.0 2.8884 0.7359 2.8884 1.0450 2.2015
9330 4665.0 2.7563 4.3859 2.7563 0.9608 2.3305
9340 4670.0 2.7687 3.3078 2.7687 1.0371 2.2674
9350 4675.0 2.8556 0.0159 2.8556 0.9649 2.1915
9360 4680.0 2.9630 6.3833 2.9630 1.0337 2.0626
9370 4685.0 2.8498 0.0000 2.8498 0.9553 2.1473
9380 4690.0 2.8185 0.4971 2.8185 1.0535 2.1053
9390 4695.0 2.8019 1.1567 2.8019 0.9626 2.1514
9400 4700.0 2.9090 1.7376 2.9090 1.0400 2.0526
9410 4705.0 2.8262 0.2837 2.8262 0.9623 2.1480
9420 4710.0 2.8355 0.1053 2.8355 1.0522 2.1209
9430 4715.0 2.8099 0.8060 2.8099 0.9753 2.2023
9440 4720.0 2.8804 0.4626 2.8804 1.0538 2.1488
9450 4725.0 2.8147 0.6229 2.8147 0.9967 2.2584
9460 4730.0 2.7731 2.9569 2.7731 1.0330 2.3169
9470 4735.0 2.7941 1.5620 2.7941 1.0045 2.3511
9480 4740.0 2.8358 0.1013 2.8358 1.0221 2.3308
9490 4745.0 2.8268 0.2695 2.8268 0.9912 2.3677
9500 4750.0 2.8649 0.1105 2.8649 1.0332 2.3420
9510 4755.0 2.8282 0.2367 2.8282 0.9689 2.4084
9520 4760.0 2.8522 0.0025 2.8522 1.0515 2.3689
9530 4765.0 2.7603 4.0245 2.7603 0.9482 2.4095
9540 4770.0 2.8216 0.4023 2.8216 1.0594 2.3212
9550 4775.0 2.8004 1.2302 2.8004 0.9320 2.3708
9560 4780.0 2.8910 0.8386 2.8910 1.0684 2.3401
9570 4785.0 2.8408 0.0423 2.8408 0.9296 2.3763
9580 4790.0 2.7967 1.4197 2.7967 1.0628 2.2872
9590 4795.0 2.8274 0.2560 2.8274 0.9215 2.3652
9600 4800.0 2.9262 2.9001 2.9262 1.0371 2.3611
9610 4805.0 2.9131 1.9918 2.9131 0.9426 2.3533
9620 4810.0 2.8499 0.0000 2.8499 1.0217 2.2103
9630 4815.0 2.8000 1.2487 2.8000 0.9660 2.1243
9640 4820.0 2.8697 0.1935 2.8697 0.9995 2.1362
9650 4825.0 2.9358 3.6836 2.9358 0.9723 2.2335
9660 4830.0 2.9185 2.3487 2.9185 0.9791 2.2450
9670 4835.0 2.8675 0.1538 2.8675 0.9889 2.2424
9680 4840.0 2.8705 0.2098 2.8705 0.9867 2.2814
9690 4845.0 2.8914 0.8578 2.8914 0.9859 2.2584
9700 4850.0 2.8549 0.0121 2.8549 0.9777 2.2781
9710 4855.0 2.8121 0.7185 2.8121 0.9895 2.3139
9720 4860.0 2.8453 0.0111 2.8453 0.9914 2.3061
9730 4865.0 2.8977 1.1397 2.8977 0.9831 2.3373
9740 4870.0 2.8563 0.0200 2.8563 0.9980 2.4444
9750 4875.0 2.7562 4.3965 2.7562 0.9785 2.3758
9760 4880.0 2.7696 3.2285 2.7696 1.0002 2.4106
9770 4885.0 2.8363 0.0943 2.8363 0.9804 2.4218
9780 4890.0 2.8259 0.2898 2.8259 1.0119 2.3115
9790 4895.0 2.7814 2.3517 2.7814 0.9712 2.2973
9800 4900.0 2.8219 0.3945 2.8219 1.0038 2.3270
9810 4905.0 2.8276 0.2503 2.8276 0.9928 2.3459
9820 4910.0 2.7721 3.0347 2.7721 1.0010 2.2713
9830 4915.0 2.7804 2.4200 2.7804 0.9750 2.2602
9840 4920.0 2.8918 0.8722 2.8918 1.0099 2.3137
9850 4925.0 2.8788 0.4156 2.8788 0.9775 2.3858
9860 4930.0 2.7410 5.9395 2.7410 0.9945 2.3580
9870 4935.0 2.7890 1.8588 2.7890 0.9874 2.4621
9880 4940.0 2.9082 1.6944 2.9082 0.9956 2.3536
9890 4945.0 2.9112 1.8717 2.9112 0.9812 2.2831
9900 4950.0 2.8309 0.1824 2.8309 1.0024 2.2376
9910 4955.0 2.7972 1.3930 2.7972 0.9874 2.2138
9920 4960.0 2.9205 2.4882 2.9205 1.0049 2.1405
9930 4965.0 2.9048 1.5026 2.9048 0.9721 2.1621
9940 4970.0 2.8427 0.0269 2.8427 1.0156 2.1733
9950 4975.0 2.7744 2.8558 2.7744 0.9933 2.2679
9960 4980.0 2.8567 0.0224 2.8567 0.9859 2.2832
9970 4985.0 2.9246 2.7820 2.9246 0.9906 2.3041
9980 4990.0 2.8075 0.9052 2.8075 0.9869 2.3807
9990 4995.0 2.7531 4.6921 2.7531 0.9935 2.4180
10000 5000.0 2.8532 0.0052 2.8532 0.9911 2.3833
10010 5005.0 2.9214 2.5499 2.9214 0.9762 2.3858
10020 5010.0 2.8554 0.0146 2.8554 0.9810 2.3534
10030 5015.0 2.7688 3.2933 2.7688 0.9950 2.3062
10040 5020.0 2.8272 0.2595 2.8272 0.9833 2.3780
10050 5025.0 2.8925 0.9023 2.8925 0.9888 2.4704
10060 5030.0 2.8642 0.1015 2.8642 0.9821 2.4601
10070 5035.0 2.7905 1.7717 2.7905 1.0002 2.4682
10080 5040.0 2.7685 3.3200 2.7685 0.9974 2.4341
10090 5045.0 2.8569 0.0240 2.8569 0.9950 2.3697
10100 5050.0 2.9052 1.5247 2.9052 0.9825 2.3617
10110 5055.0 2.8582 0.0332 2.8582 1.0009 2.3695
10120 5060.0 2.7722 3.0274 2.7722 0.9944 2.3569
10130 5065.0 2.8001 1.2443 2.8001 1.0230 2.2556
10140 5070.0 2.8237 0.3447 2.8237 0.9945 2.2323
10150 5075.0 2.8663 0.1322 2.8663 1.0048 2.2074
10160 5080.0 2.8511 0.0006 2.8511 0.9866 2.2072
10170 5085.0 2.8007 1.2138 2.8007 1.0304 2.1477
10180 5090.0 2.7836 2.2016 2.7836 1.0007 2.1625
10190 5095.0 2.8552 0.0136 2.8552 1.0066 2.0889
10200 5100.0 2.8921 0.8869 2.8921 1.0070 2.0551
10210 5105.0 2.8855 0.6286 2.8855 0.9809 2.0736
10220 5110.0 2.8562 0.0191 2.8562 1.0272 2.0395
10230 5115.0 2.7572 4.3074 2.7572 1.0041 2.0899
10240 5120.0 2.7746 2.8393 2.7746 1.0564 2.0828
10250 5125.0 2.8340 0.1273 2.8340 0.9730 2.1760
10260 5130.0 2.9320 3.3645 2.9320 1.0129 2.1586
10270 5135.0 2.8272 0.2591 2.8272 0.9762 2.1888
10280 5140.0 2.7744 2.8602 2.7744 1.0741 2.1405
10290 5145.0 2.7560 4.4176 2.7560 0.9715 2.1525
10300 5150.0 2.9209 2.5153 2.9209 1.0464 2.0361
10310 5155.0 2.8736 0.2795 2.8736 0.9518 2.1022
10320 5160.0 2.8722 0.2473 2.8722 1.0453 2.0418
10330 5165.0 2.7641 3.6935 2.7641 0.9708 2.0775
10340 5170.0 2.8407 0.0431 2.8407 1.0904 1.9535
10350 5175.0 2.8289 0.2232 2.8289 0.9616 2.0723
10360 5180.0 2.9254 2.8408 2.9254 1.0461 2.0213
10370 5185.0 2.8159 0.5811 2.8159 0.9483 2.1325
10380 5190.0 2.8321 0.1600 2.8321 1.0983 2.0261
10390 5195.0 2.8031 1.1014 2.8031 0.9957 2.1192
10400 5200.0 2.8718 0.2374 2.8718 1.0294 2.1070
10410 5205.0 2.8546 0.0106 2.8546 0.9760 2.1793
10420 5210.0 2.8666 0.1385 2.8666 1.0458 2.1280
10430 5215.0 2.7986 1.3195 2.7986 1.0185 2.1673
10440 5220.0 2.7709 3.1258 2.7709 1.0205 2.1829
10450 5225.0 2.8431 0.0235 2.8431 1.0055 2.1670
10460 5230.0 2.9162 2.1935 2.9162 0.9907 2.1253
10470 5235.0 2.8935 0.9463 2.8935 1.0185 2.0321
10480 5240.0 2.8541 0.0083 2.8541 1.0124 2.0010
10490 5245.0 2.7741 2.8812 2.7741 1.0234 1.9929
10500 5250.0 2.7649 3.6227 2.7649 1.0199 1.9805
10510 5255.0 2.8093 0.8298 2.8093 1.0029 1.9743
10520 5260.0 2.8109 0.7648 2.8109 1.0125 1.9709
10530 5265.0 2.8680 0.1618 2.8680 1.0030 1.9663
10540 5270.0 2.8451 0.0120 2.8451 1.0420 1.9707
10550 5275.0 2.6508 19.8316 2.6508 1.0209 2.0920
10560 5280.0 2.7269 7.5813 2.7269 1.0394 2.0754
10570 5285.0 2.9020 1.3540 2.9020 0.9869 2.0781
10580 5290.0 2.9761 7.9478 2.9761 0.9652 2.1148
10590 5295.0 2.9413 4.1640 2.9413 0.9997 2.0900
10600 5300.0 2.7766 2.6935 2.7766 1.0092 2.1168
10610 5305.0 2.7668 3.4615 2.7668 1.0365 2.1189
10620 5310.0 2.9069 1.6192 2.9069 0.9955 2.1262
10630 5315.0 2.9873 9.4241 2.9873 0.9769 2.1554
10640 5320.0 2.9473 4.7328 2.9473 1.0265 2.1364
10650 5325.0 2.8246 0.3232 2.8246 1.0022 2.2443
10660 5330.0 2.8150 0.6113 2.8150 1.0112 2.2706
10670 5335.0 2.9286 3.0880 2.9286 0.9855 2.2773
10680 5340.0 2.9666 6.8006 2.9666 0.9916 2.2965
10690 5345.0 2.8787 0.4115 2.8787 1.0028 2.3662
10700 5350.0 2.8575 0.0278 2.8575 0.9976 2.4647
10710 5355.0 2.8561 0.0186 2.8561 0.9837 2.6172
10720 5360.0 2.8111 0.7551 2.8111 0.9759 2.6115
10730 5365.0 2.8032 1.0950 2.8032 1.0057 2.6669
10740 5370.0 2.8715 0.2307 2.8715 0.9910 2.6570
10750 5375.0 2.8485 0.0011 2.8485 0.9860 2.7003
10760 5380.0 2.7738 2.9048 2.7738 0.9872 2.6825
10770 5385.0 2.8339 0.1304 2.8339 0.9942 2.6866
10780 5390.0 2.8696 0.1923 2.8696 1.0006 2.5376
10790 5395.0 2.7638 3.7156 2.7638 1.0047 2.5411
10800 5400.0 2.7863 2.0279 2.7863 0.9894 2.5189
10810 5405.0 2.9165 2.2143 2.9165 0.9898 2.4334
10820 5410.0 2.8894 0.7751 2.8894 0.9935 2.4375
10830 5415.0 2.7972 1.3917 2.7972 0.9999 2.4893
10840 5420.0 2.8542 0.0088 2.8542 0.9903 2.4632
10850 5425.0 2.8804 0.4624 2.8804 0.9733 2.4691
10860 5430.0 2.8183 0.5033 2.8183 1.0153 2.5199
10870 5435.0 2.8407 0.0436 2.8407 0.9674 2.5234
10880 5440.0 2.9452 4.5285 2.9452 1.0195 2.5069
10890 5445.0 2.8241 0.3362 2.8241 0.9441 2.5511
10900 5450.0 2.7784 2.5635 2.7784 1.0641 2.4691
10910 5455.0 2.7469 5.3121 2.7469 0.9436 2.5464
10920 5460.0 2.9190 2.3810 2.9190 1.0604 2.3654
10930 5465.0 2.8593 0.0430 2.8593 0.9263 2.4307
10940 5470.0 2.8533 0.0054 2.8533 1.0672 2.3195
10950 5475.0 2.7471 5.2943 2.7471 0.9424 2.4442
10960 5480.0 2.8742 0.2926 2.8742 1.0581 2.2907
10970 5485.0 2.8798 0.4450 2.8798 0.9375 2.3463
10980 5490.0 2.8117 0.7331 2.8117 1.0581 2.3346
10990 5495.0 2.7651 3.6055 2.7651 0.9437 2.4392
11000 5500.0 2.7762 2.7251 2.7762 1.0249 2.3350
11010 5505.0 2.8972 1.1128 2.8972 0.9521 2.2254
11020 5510.0 2.9570 5.7203 2.9570 1.0521 2.0900
11030 5515.0 2.8433 0.0222 2.8433 0.9421 2.2127
11040 5520.0 2.7743 2.8668 2.7743 1.0352 2.2010
11050 5525.0 2.8706 0.2128 2.8706 0.9425 2.1586
11060 5530.0 2.9472 4.7261 2.9472 1.0610 2.0366
11070 5535.0 2.8310 0.1799 2.8310 0.9397 2.2049
11080 5540.0 2.7807 2.4001 2.7807 1.0378 2.1856
11090 5545.0 2.9065 1.5977 2.9065 0.9578 2.1314
11100 5550.0 2.9185 2.3483 2.9185 1.0260 2.0921
11110 5555.0 2.8585 0.0362 2.8585 0.9652 2.1872
11120 5560.0 2.8097 0.8121 2.8097 1.0282 2.1896
11130 5565.0 2.8790 0.4217 2.8790 0.9778 2.1760
11140 5570.0 2.9296 3.1669 2.9296 0.9998 2.1329
11150 5575.0 2.8988 1.1925 2.8988 0.9749 2.1650
11160 5580.0 2.8476 0.0029 2.8476 1.0248 2.1911
11170 5585.0 2.7872 1.9713 2.7872 0.9783 2.2620
11180 5590.0 2.8902 0.8094 2.8902 1.0416 2.1638
11190 5595.0 2.8758 0.3321 2.8758 0.9658 2.2411
11200 5600.0 2.8598 0.0484 2.8598 1.0367 2.2660
11210 5605.0 2.7891 1.8545 2.7891 0.9677 2.3480
11220 5610.0 2.8365 0.0912 2.8365 1.0290 2.2427
11230 5615.0 2.9014 1.3213 2.9014 0.9650 2.2327
11240 5620.0 2.9419 4.2224 2.9419 1.0207 2.1986
11250 5625.0 2.8055 0.9909 2.8055 0.9829 2.2729
11260 5630.0 2.7922 1.6695 2.7922 1.0465 2.2179
11270 5635.0 2.8472 0.0039 2.8472 0.9821 2.2007
11280 5640.0 2.9868 9.3615 2.9868 1.0249 2.1118
11290 5645.0 2.9110 1.8633 2.9110 0.9558 2.1974
11300 5650.0 2.8791 0.4246 2.8791 1.0389 2.1993
11310 5655.0 2.8067 0.9393 2.8067 0.9625 2.3035
11320 5660.0 2.8750 0.3120 2.8750 1.0290 2.2565
11330 5665.0 2.8534 0.0059 2.8534 0.9547 2.3174
11340 5670.0 2.8868 0.6784 2.8868 1.0295 2.2719
11350 5675.0 2.7958 1.4691 2.7958 0.9627 2.3592
11360 5680.0 2.8651 0.1135 2.8651 1.0271 2.2796
11370 5685.0 2.8622 0.0739 2.8622 0.9595 2.2875
11380 5690.0 2.9011 1.3047 2.9011 1.0279 2.1973
11390 5695.0 2.8197 0.4587 2.8197 0.9716 2.2401
11400 5700.0 2.8481 0.0018 2.8481 1.0344 2.1749
11410 5705.0 2.8327 0.1490 2.8327 0.9798 2.1814
11420 5710.0 2.8727 0.2586 2.8727 1.0408 2.0892
11430 5715.0 2.7950 1.5103 2.7950 0.9992 2.1205
11440 5720.0 2.7872 1.9696 2.7872 1.0552 2.0791
11450 5725.0 2.8026 1.1250 2.8026 0.9800 2.0934
11460 5730.0 2.8968 1.0966 2.8968 1.0406 1.9904
11470 5735.0 2.8900 0.8020 2.8900 0.9995 2.0123
11480 5740.0 2.8885 0.7413 2.8885 1.0222 1.9961
11490 5745.0 2.8066 0.9427 2.8066 0.9946 2.0360
11500 5750.0 2.8048 1.0217 2.8048 1.0358 2.0071
11510 5755.0 2.8420 0.0318 2.8420 1.0090 1.9828
11520 5760.0 2.8820 0.5107 2.8820 0.9987 1.9627
11530 5765.0 2.8891 0.7645 2.8891 0.9853 1.9654
11540 5770.0 2.8588 0.0388 2.8588 1.0193 1.9669
11550 5775.0 2.8417 0.0344 2.8417 0.9972 1.9956
11560 5780.0 2.9020 1.3532 2.9020 1.0320 1.9632
11570 5785.0 2.8536 0.0065 2.8536 0.9898 2.0754
11580 5790.0 2.8209 0.4226 2.8209 1.0313 2.1592
11590 5795.0 2.7920 1.6841 2.7920 0.9732 2.2174
11600 5800.0 2.8710 0.2205 2.8710 1.0444 2.1201
11610 5805.0 2.8505 0.0001 2.8505 0.9750 2.1551
11620 5810.0 2.8854 0.6269 2.8854 1.0285 2.1056
11630 5815.0 2.8120 0.7215 2.8120 0.9979 2.1629
11640 5820.0 2.8051 1.0077 2.8051 1.0319 2.1776
11650 5825.0 2.7800 2.4485 2.7800 0.9977 2.2096
11660 5830.0 2.8210 0.4215 2.8210 1.0047 2.1685
11670 5835.0 2.8625 0.0782 2.8625 1.0022 2.1255
11680 5840.0 2.8552 0.0137 2.8552 0.9906 2.1305
11690 5845.0 2.8667 0.1397 2.8667 1.0160 2.1216
11700 5850.0 2.8245 0.3262 2.8245 0.9963 2.1956
11710 5855.0 2.7915 1.7136 2.7915 1.0093 2.2686
11720 5860.0 2.8092 0.8305 2.8092 0.9898 2.2769
11730 5865.0 2.8760 0.3390 2.8760 1.0037 2.2039
11740 5870.0 2.8787 0.4109 2.8787 0.9740 2.2001
11750 5875.0 2.8634 0.0893 2.8634 1.0099 2.1988
11760 5880.0 2.7764 2.7056 2.7764 0.9822 2.2648
11770 5885.0 2.8356 0.1036 2.8356 1.0266 2.2079
11780 5890.0 2.9194 2.4105 2.9194 0.9403 2.1770
11790 5895.0 3.0001 11.2630 3.0001 1.0284 2.1064
11800 5900.0 2.8185 0.4957 2.8185 0.9530 2.3077
11810 5905.0 2.7779 2.6000 2.7779 1.0563 2.2734
11820 5910.0 2.8109 0.7661 2.8109 0.9632 2.3975
11830 5915.0 2.9528 5.2848 2.9528 1.0373 2.3244
11840 5920.0 2.8161 0.5736 2.8161 0.9471 2.4591
11850 5925.0 2.7062 10.3351 2.7062 1.0533 2.2829
11860 5930.0 2.7927 1.6428 2.7927 0.9588 2.4119
11870 5935.0 2.9516 5.1562 2.9516 1.0385 2.2935
11880 5940.0 2.8752 0.3165 2.8752 0.9690 2.3482
11890 5945.0 2.8030 1.1037 2.8030 1.0170 2.3569
11900 5950.0 2.8232 0.3602 2.8232 1.0038 2.3325
11910 5955.0 2.9081 1.6877 2.9081 0.9987 2.2729
11920 5960.0 2.9230 2.6620 2.9230 1.0107 2.2188
11930 5965.0 2.8929 0.9182 2.8929 1.0225 2.1193
11940 5970.0 2.8732 0.2685 2.8732 0.9914 2.0701
11950 5975.0 2.8497 0.0000 2.8497 1.0120 2.0201
11960 5980.0 2.9098 1.7878 2.9098 1.0175 1.9842
11970 5985.0 2.9187 2.3565 2.9187 1.1060 1.9055
11980 5990.0 2.9851 9.1241 2.9851 0.9556 2.0431
11990 5995.0 2.8628 0.0814 2.8628 1.0890 1.8987
12000 6000.0 2.9341 3.5363 2.9341 1.0015 1.9917
12010 6005.0 2.9357 3.6747 2.9357 1.0272 1.9895
12020 6010.0 2.8600 0.0504 2.8600 0.9955 2.0213
12030 6015.0 2.8075 0.9027 2.8075 1.0016 2.0639
12040 6020.0 2.8566 0.0217 2.8566 0.9865 2.1264
12050 6025.0 2.8719 0.2404 2.8719 1.0233 2.1101
12060 6030.0 2.9009 1.2971 2.9009 0.9899 2.0899
12070 6035.0 2.8552 0.0133 2.8552 1.0095 2.0054
12080 6040.0 2.8709 0.2180 2.8709 0.9910 1.9640
12090 6045.0 2.8919 0.8777 2.8919 1.0205 1.9212
12100 6050.0 2.9427 4.2995 2.9427 1.0164 1.9263
12110 6055.0 2.9231 2.6690 2.9231 1.0571 1.8830
12120 6060.0 2.9097 1.7836 2.9097 1.0132 1.9161
12130 6065.0 2.8660 0.1275 2.8660 1.0226 1.9138
12140 6070.0 2.8970 1.1057 2.8970 0.9992 1.9967
12150 6075.0 2.9071 1.6309 2.9071 1.0038 2.0729
12160 6080.0 2.9060 1.5675 2.9060 0.9895 2.0891
12170 6085.0 2.8515 0.0011 2.8515 0.9883 2.0530
12180 6090.0 2.7791 2.5163 2.7791 0.9886 2.0247
12190 6095.0 2.8102 0.7925 2.8102 0.9707 2.0353
12200 6100.0 2.8644 0.1042 2.8644 1.0193 2.0008
12210 6105.0 2.9307 3.2596 2.9307 1.0202 1.9978
12220 6110.0 2.9083 1.6971 2.9083 1.0073 2.0063
12230 6115.0 2.8176 0.5243 2.8176 0.9968 2.0055
12240 6120.0 2.8352 0.1090 2.8352 1.0007 1.9905
12250 6125.0 2.9432 4.3391 2.9432 1.0598 1.9407
12260 6130.0 2.9446 4.4708 2.9446 1.0135 1.9779
12270 6135.0 2.8021 1.1496 2.8021 1.0182 1.9582
12280 6140.0 2.7932 1.6149 2.7932 0.9747 1.9345
12290 6145.0 2.8672 0.1471 2.8672 1.0285 1.8354
12300 6150.0 2.9256 2.8571 2.9256 1.0581 1.8236
12310 6155.0 2.9190 2.3773 2.9190 0.9893 1.9247
12320 6160.0 2.8064 0.9524 2.8064 1.0079 1.9456
12330 6165.0 2.8013 1.1865 2.8013 0.9795 1.9919
12340 6170.0 2.8476 0.0030 2.8476 0.9894 2.0185
12350 6175.0 2.9103 1.8167 2.9103 1.0170 2.0208
12360 6180.0 2.9672 6.8647 2.9672 1.0607 2.0090
12370 6185.0 3.0257 15.4382 3.0257 1.0180 2.0644
12380 6190.0 2.9044 1.4801 2.9044 1.0557 2.0490
12390 6195.0 2.9017 1.3347 2.9017 0.9969 2.1224
12400 6200.0 2.8868 0.6764 2.8868 1.0320 2.0837
12410 6205.0 2.9154 2.1358 2.9154 0.9803 2.0832
12420 6210.0 2.8568 0.0234 2.8568 1.0270 1.9866
12430 6215.0 2.8692 0.1843 2.8692 0.9748 1.9911
12440 6220.0 2.8465 0.0060 2.8465 1.0267 1.9051
12450 6225.0 2.9263 2.9099 2.9263 0.9977 1.9073
12460 6230.0 2.9149 2.1057 2.9149 1.0330 1.8516
12470 6235.0 2.8437 0.0200 2.8437 1.0158 1.8524
12480 6240.0 2.8250 0.3129 2.8250 0.9937 1.8894
12490 6245.0 2.8698 0.1966 2.8698 1.0127 1.8975
12500 6250.0 2.8973 1.1171 2.8973 1.0199 1.8819
12510 6255.0 2.8977 1.1395 2.8977 1.0729 1.8516
12520 6260.0 2.9629 6.3693 2.9629 1.0380 1.9024
12530 6265.0 2.8988 1.1927 2.8988 1.0195 1.8955
12540 6270.0 2.8267 0.2722 2.8267 1.0010 1.9384
12550 6275.0 2.8249 0.3160 2.8249 1.0073 1.9738
12560 6280.0 2.9027 1.3899 2.9027 0.9927 1.9985
12570 6285.0 2.9742 7.7163 2.9742 1.0710 1.9376
12580 6290.0 2.9931 10.2371 2.9931 1.1021 1.9149
12590 6295.0 3.0123 13.1635 3.0123 0.9695 2.0441
12600 6300.0 3.0019 11.5361 3.0019 1.0793 1.9533
12610 6305.0 2.9572 5.7510 2.9572 0.9999 2.0230
12620 6310.0 2.8070 0.9266 2.8070 1.0160 2.0551
12630 6315.0 2.8095 0.8194 2.8095 0.9517 2.1282
12640 6320.0 2.7996 1.2706 2.7996 1.0317 2.0474
12650 6325.0 2.9448 4.4904 2.9448 0.9765 2.1421
12660 6330.0 2.9162 2.1938 2.9162 1.0263 2.2227
12670 6335.0 2.8336 0.1343 2.8336 0.9844 2.3225
12680 6340.0 2.8810 0.4818 2.8810 1.0164 2.3159
12690 6345.0 2.8763 0.3454 2.8763 0.9922 2.3880
12700 6350.0 2.8327 0.1496 2.8327 0.9729 2.4282
12710 6355.0 2.8640 0.0975 2.8640 1.0336 2.3757
12720 6360.0 2.8129 0.6895 2.8129 0.9534 2.4836
12730 6365.0 2.8561 0.0185 2.8561 1.0235 2.4889
12740 6370.0 2.8492 0.0003 2.8492 0.9476 2.5275
12750 6375.0 2.8894 0.7772 2.8894 1.0328 2.4405
12760 6380.0 2.7744 2.8541 2.7744 0.9670 2.5260
12770 6385.0 2.8005 1.2229 2.8005 1.0323 2.4791
12780 6390.0 2.8588 0.0388 2.8588 0.9585 2.4562
12790 6395.0 2.9591 5.9478 2.9591 1.0189 2.3387
12800 6400.0 2.8469 0.0047 2.8469 0.9657 2.4002
12810 6405.0 2.8040 1.0579 2.8040 1.0313 2.3846
12820 6410.0 2.8239 0.3402 2.8239 0.9600 2.4037
12830 6415.0 2.9327 3.4168 2.9327 1.0482 2.2746
12840 6420.0 2.8035 1.0807 2.8035 0.9478 2.3846
12850 6425.0 2.8090 0.8390 2.8090 1.0620 2.3093
12860 6430.0 2.7937 1.5825 2.7937 0.9468 2.3672
12870 6435.0 2.8915 0.8617 2.8915 1.0422 2.2388
12880 6440.0 2.9157 2.1586 2.9157 0.9489 2.2699
12890 6445.0 2.9150 2.1144 2.9150 1.0400 2.2222
12900 6450.0 2.7756 2.7689 2.7756 0.9568 2.3753
12910 6455.0 2.8356 0.1034 2.8356 1.0466 2.2769
12920 6460.0 2.8865 0.6673 2.8865 0.9528 2.2996
12930 6465.0 2.8447 0.0140 2.8447 1.0330 2.2915
12940 6470.0 2.8181 0.5097 2.8181 0.9465 2.3617
12950 6475.0 2.8669 0.1429 2.8669 1.0304 2.2614
12960 6480.0 2.8374 0.0795 2.8374 0.9727 2.2970
12970 6485.0 2.9113 1.8805 2.9113 1.0264 2.2095
12980 6490.0 2.9232 2.6814 2.9232 0.9648 2.2256
12990 6495.0 2.8885 0.7393 2.8885 1.0068 2.2197
13000 6500.0 2.7976 1.3715 2.7976 0.9811 2.2880
13010 6505.0 2.8726 0.2543 2.8726 1.0095 2.2172
13020 6510.0 2.8953 1.0246 2.8953 0.9844 2.2178
13030 6515.0 2.8489 0.0006 2.8489 0.9821 2.2485
13040 6520.0 2.8006 1.2223 2.8006 1.0197 2.2577
13050 6525.0 2.8406 0.0442 2.8406 0.9906 2.2717
13060 6530.0 2.8754 0.3237 2.8754 1.0229 2.2795
13070 6535.0 2.7788 2.5348 2.7788 0.9764 2.3749
13080 6540.0 2.7894 1.8348 2.7894 1.0427 2.3075
13090 6545.0 2.8123 0.7093 2.8123 0.9779 2.3260
13100 6550.0 2.8537 0.0068 2.8537 1.0358 2.3000
13110 6555.0 2.7590 4.1389 2.7590 0.9680 2.3728
13120 6560.0 2.8379 0.0737 2.8379 1.0377 2.2502
13130 6565.0 2.8586 0.0372 2.8586 0.9834 2.2347
13140 6570.0 2.8227 0.3717 2.8227 1.0485 2.1899
13150 6575.0 2.7701 3.1888 2.7701 0.9826 2.2366
13160 6580.0 2.8892 0.7670 2.8892 1.0209 2.1261
13170 6585.0 2.9321 3.3734 2.9321 0.9681 2.1088
13180 6590.0 2.8411 0.0395 2.8411 1.0442 2.0418
13190 6595.0 2.8919 0.8762 2.8919 0.9696 2.0815
13200 6600.0 2.8908 0.8320 2.8908 1.0414 1.9835
13210 6605.0 2.9456 4.5664 2.9456 0.9935 2.0293
13220 6610.0 2.9340 3.5292 2.9340 1.0204 2.0270
13230 6615.0 2.9452 4.5296 2.9452 1.0191 2.0372
13240 6620.0 2.9716 7.3948 2.9716 1.0241 2.0258
13250 6625.0 2.9530 5.3056 2.9530 1.0189 2.0286
13260 6630.0 2.8790 0.4204 2.8790 1.0347 2.0139
13270 6635.0 2.9002 1.2576 2.9002 1.0098 2.0360
13280 6640.0 2.9254 2.8428 2.9254 1.0428 2.0099
13290 6645.0 2.8955 1.0371 2.8955 0.9946 2.0404
13300 6650.0 2.8084 0.8649 2.8084 1.0276 1.9874
13310 6655.0 2.8657 0.1235 2.8657 0.9868 2.0121
13320 6660.0 2.8752 0.3171 2.8752 1.0287 1.9773
13330 6665.0 2.8542 0.0088 2.8542 0.9961 2.0294
13340 6670.0 2.8347 0.1166 2.8347 1.0085 2.0590
13350 6675.0 2.8597 0.0469 2.8597 0.9819 2.0927
13360 6680.0 2.8716 0.2333 2.8716 1.0167 2.0729
13370 6685.0 2.8562 0.0194 2.8562 0.9670 2.1583
13380 6690.0 2.8462 0.0073 2.8462 1.0423 2.1552
13390 6695.0 2.7249 7.8247 2.7249 0.9891 2.3109
13400 6700.0 2.7590 4.1410 2.7590 1.0474 2.3686
13410 6705.0 2.8437 0.0200 2.8437 0.9534 2.4817
13420 6710.0 2.9064 1.5877 2.9064 1.0091 2.4588
13430 6715.0 2.7483 5.1684 2.7483 1.0006 2.4440
13440 6720.0 2.7108 9.6916 2.7108 1.0499 2.4134
13450 6725.0 2.8199 0.4526 2.8199 0.9840 2.4052
13460 6730.0 2.9239 2.7333 2.9239 1.0264 2.3261
13470 6735.0 2.8003 1.2372 2.8003 0.9776 2.3475
13480 6740.0 2.7725 3.0020 2.7725 1.0567 2.2860
13490 6745.0 2.7564 4.3821 2.7564 0.9725 2.3087
13500 6750.0 2.8953 1.0242 2.8953 1.0540 2.1769
13510 6755.0 2.8398 0.0523 2.8398 0.9462 2.2625
13520 6760.0 2.8774 0.3767 2.8774 1.0507 2.1816
13530 6765.0 2.7718 3.0588 2.7718 0.9477 2.2862
13540 6770.0 2.8788 0.4155 2.8788 1.0529 2.1818
13550 6775.0 2.8496 0.0001 2.8496 0.9571 2.2684
13560 6780.0 2.8865 0.6670 2.8865 1.0474 2.2555
13570 6785.0 2.7606 3.9975 2.7606 0.9569 2.2608
13580 6790.0 2.8233 0.3563 2.8233 1.0593 2.2551
13590 6795.0 2.8564 0.0205 2.8564 0.9527 2.3746
13600 6800.0 2.8418 0.0333 2.8418 1.0447 2.3666
13610 6805.0 2.8434 0.0220 2.8434 0.9535 2.3829
13620 6810.0 2.9448 4.4899 2.9448 1.0427 2.3059
13630 6815.0 2.8874 0.6993 2.8874 0.9528 2.3600
13640 6820.0 2.8187 0.4889 2.8187 1.0431 2.2667
13650 6825.0 2.7806 2.4105 2.7806 0.9707 2.3461
13660 6830.0 2.9214 2.5499 2.9214 1.0365 2.2652
13670 6835.0 2.8965 1.0832 2.8965 0.9720 2.3092
13680 6840.0 2.8537 0.0069 2.8537 1.0024 2.3128
13690 6845.0 2.8229 0.3663 2.8229 1.0084 2.3225
13700 6850.0 2.8205 0.4352 2.8205 0.9841 2.3429
13710 6855.0 2.8732 0.2694 2.8732 1.0244 2.3025
13720 6860.0 2.8030 1.1026 2.8030 0.9574 2.3858
13730 6865.0 2.9013 1.3153 2.9013 1.0555 2.3047
13740 6870.0 2.8641 0.0993 2.8641 0.9285 2.4242
13750 6875.0 2.9126 1.9589 2.9126 1.0812 2.2893
13760 6880.0 2.8744 0.2976 2.8744 0.9743 2.2637
13770 6885.0 2.8488 0.0007 2.8488 1.0506 2.3311
13780 6890.0 2.7627 3.8128 2.7627 0.9608 2.4423
13790 6895.0 2.8482 0.0016 2.8482 1.0624 2.4013
13800 6900.0 2.8093 0.8277 2.8093 0.9273 2.3634
13810 6905.0 2.8751 0.3153 2.8751 1.0881 2.2641
13820 6910.0 2.7872 1.9727 2.7872 0.9264 2.3413
13830 6915.0 2.8836 0.5649 2.8836 1.0866 2.3330
13840 6920.0 2.8094 0.8235 2.8094 0.9103 2.4272
13850 6925.0 2.9192 2.3969 2.9192 1.0822 2.4045
13860 6930.0 2.7906 1.7638 2.7906 0.9224 2.5612
13870 6935.0 2.8528 0.0038 2.8528 1.0757 2.4523
13880 6940.0 2.7449 5.5274 2.7449 0.9509 2.6019
13890 6945.0 2.8607 0.0568 2.8607 1.0305 2.5144
13900 6950.0 2.8504 0.0001 2.8504 0.9801 2.5450
13910 6955.0 2.8466 0.0057 2.8466 1.0081 2.5185
13920 6960.0 2.8239 0.3394 2.8239 0.9961 2.4786
13930 6965.0 2.8478 0.0023 2.8478 0.9809 2.4726
13940 6970.0 2.8568 0.0231 2.8568 1.0088 2.4098
13950 6975.0 2.7727 2.9879 2.7727 0.9757 2.4570
13960 6980.0 2.8276 0.2510 2.8276 1.0215 2.3788
13970 6985.0 2.8788 0.4161 2.8788 0.9615 2.3450
13980 6990.0 2.9082 1.6949 2.9082 1.0040 2.2949
13990 6995.0 2.8087 0.8526 2.8087 0.9901 2.3586
14000 7000.0 2.7848 2.1264 2.7848 1.0143 2.3680
14010 7005.0 2.8646 0.1065 2.8646 0.9853 2.3407
14020 7010.0 2.9418 4.2131 2.9418 0.9873 2.3197
14030 7015.0 2.9156 2.1538 2.9156 0.9879 2.3806
14040 7020.0 2.7985 1.3261 2.7985 0.9929 2.3552
14050 7025.0 2.7775 2.6275 2.7775 0.9912 2.3301
14060 7030.0 2.8948 1.0019 2.8948 0.9941 2.4018
14070 7035.0 2.8934 0.9432 2.8934 0.9939 2.3992
14080 7040.0 2.7911 1.7343 2.7911 0.9800 2.3886
14090 7045.0 2.8314 0.1722 2.8314 1.0044 2.4673
14100 7050.0 2.8832 0.5500 2.8832 0.9659 2.5058
14110 7055.0 2.8776 0.3806 2.8776 1.0045 2.5003
14120 7060.0 2.8208 0.4256 2.8208 0.9726 2.5507
14130 7065.0 2.8653 0.1178 2.8653 1.0089 2.5038
14140 7070.0 2.8776 0.3817 2.8776 0.9843 2.5064
14150 7075.0 2.9018 1.3413 2.9018 0.9769 2.4997
14160 7080.0 2.8838 0.5712 2.8838 0.9834 2.5039
14170 7085.0 2.8484 0.0013 2.8484 0.9844 2.5259
14180 7090.0 2.8515 0.0011 2.8515 0.9983 2.5305
14190 7095.0 2.8374 0.0797 2.8374 0.9797 2.5725
14200 7100.0 2.8180 0.5111 2.8180 1.0269 2.5764
14210 7105.0 2.7686 3.3119 2.7686 0.9820 2.6521
14220 7110.0 2.7962 1.4456 2.7962 1.0243 2.6241
14230 7115.0 2.7997 1.2675 2.7997 0.9595 2.6413
14240 7120.0 2.8850 0.6115 2.8850 1.0076 2.5423
14250 7125.0 2.8711 0.2227 2.8711 0.9604 2.5350
14260 7130.0 2.8942 0.9770 2.8942 0.9925 2.4728
14270 7135.0 2.8520 0.0020 2.8520 0.9859 2.4849
14280 7140.0 2.8112 0.7545 2.8112 1.0022 2.5022
14290 7145.0 2.7954 1.4879 2.7954 0.9900 2.5467
14300 7150.0 2.8473 0.0037 2.8473 0.9806 2.5710
14310 7155.0 2.9008 1.2917 2.9008 0.9887 2.5627
14320 7160.0 2.8734 0.2732 2.8734 0.9718 2.5855
14330 7165.0 2.8183 0.5039 2.8183 1.0010 2.5732
14340 7170.0 2.7828 2.2597 2.7828 0.9877 2.4478
14350 7175.0 2.8679 0.1600 2.8679 0.9809 2.4194
14360 7180.0 2.9399 4.0373 2.9399 0.9930 2.4372
14370 7185.0 2.8086 0.8576 2.8086 0.9918 2.3717
14380 7190.0 2.7093 9.8990 2.7093 0.9897 2.3676
14390 7195.0 2.8300 0.1995 2.8300 1.0087 2.4813
14400 7200.0 2.9076 1.6617 2.9076 0.9628 2.4976
14410 7205.0 2.8916 0.8655 2.8916 1.0053 2.3885
14420 7210.0 2.7621 3.8618 2.7621 0.9727 2.3692
14430 7215.0 2.7994 1.2809 2.7994 1.0350 2.2371
14440 7220.0 2.8681 0.1635 2.8681 0.9840 2.1626
14450 7225.0 2.7787 2.5406 2.7787 1.0321 2.0831
14460 7230.0 2.8207 0.4301 2.8207 0.9554 2.1939
14470 7235.0 2.8037 1.0724 2.8037 1.0232 2.1789
14480 7240.0 2.9005 1.2772 2.9005 0.9832 2.2308
14490 7245.0 2.8573 0.0266 2.8573 1.0322 2.2483
14500 7250.0 2.6484 20.3242 2.6484 1.0068 2.4077
14510 7255.0 2.7567 4.3551 2.7567 1.0404 2.3534
14520 7260.0 2.9041 1.4639 2.9041 0.9961 2.3576
14530 7265.0 2.9506 5.0555 2.9506 0.9679 2.4183
14540 7270.0 2.9679 6.9451 2.9679 0.9954 2.4019
14550 7275.0 2.9226 2.6367 2.9226 1.0011 2.3529
14560 7280.0 2.8736 0.2776 2.8736 0.9910 2.3594
14570 7285.0 2.7751 2.8052 2.7751 1.0282 2.4114
14580 7290.0 2.7106 9.7096 2.7106 0.9894 2.4801
14590 7295.0 2.8558 0.0170 2.8558 1.0105 2.3649
14600 7300.0 2.8683 0.1668 2.8683 0.9796 2.3250
14610 7305.0 2.7887 1.8818 2.7887 1.0172 2.2741
14620 7310.0 2.8567 0.0224 2.8567 0.9758 2.3193
14630 7315.0 2.8737 0.2817 2.8737 1.0226 2.2990
14640 7320.0 2.8694 0.1880 2.8694 0.9821 2.3337
14650 7325.0 2.8593 0.0430 2.8593 1.0212 2.2891
14660 7330.0 2.9332 3.4624 2.9332 0.9999 2.3446
14670 7335.0 2.8099 0.8060 2.8099 0.9880 2.4468
14680 7340.0 2.7293 7.2837 2.7293 1.0245 2.4193
14690 7345.0 2.8459 0.0085 2.8459 0.9733 2.3923
14700 7350.0 2.9508 5.0765 2.9508 1.0009 2.2611
14710 7355.0 2.8368 0.0870 2.8368 1.0054 2.1739
14720 7360.0 2.7760 2.7399 2.7760 0.9733 2.1800
14730 7365.0 2.8393 0.0569 2.8393 0.9965 2.1910
14740 7370.0 2.9143 2.0679 2.9143 0.9878 2.2052
14750 7375.0 2.8931 0.9306 2.8931 1.0182 2.1460
14760 7380.0 2.8992 1.2106 2.8992 1.0014 2.1590
14770 7385.0 2.9140 2.0483 2.9140 0.9894 2.1979
14780 7390.0 2.8796 0.4381 2.8796 0.9915 2.2016
14790 7395.0 2.8296 0.2088 2.8296 1.0086 2.2146
14800 7400.0 2.8088 0.8480 2.8088 1.0064 2.2357
14810 7405.0 2.8225 0.3779 2.8225 0.9874 2.2028
14820 7410.0 2.8161 0.5749 2.8161 1.0068 2.1777
14830 7415.0 2.8234 0.3532 2.8234 0.9825 2.2131
14840 7420.0 2.8567 0.0227 2.8567 1.0046 2.2271
14850 7425.0 2.8762 0.3443 2.8762 0.9826 2.3033
14860 7430.0 2.8507 0.0003 2.8507 0.9991 2.3559
14870 7435.0 2.8268 0.2701 2.8268 0.9732 2.3929
14880 7440.0 2.8683 0.1669 2.8683 0.9991 2.3521
14890 7445.0 2.8575 0.0283 2.8575 0.9770 2.3613
14900 7450.0 2.8380 0.0721 2.8380 1.0149 2.3604
14910 7455.0 2.8000 1.2501 2.8000 0.9770 2.3864
14920 7460.0 2.8963 1.0716 2.8963 1.0155 2.2682
14930 7465.0 2.8885 0.7430 2.8885 0.9710 2.2513
14940 7470.0 2.8766 0.3545 2.8766 1.0149 2.2319
14950 7475.0 2.7876 1.9500 2.7876 0.9816 2.3221
14960 7480.0 2.8293 0.2133 2.8293 1.0237 2.2486
14970 7485.0 2.8863 0.6600 2.8863 0.9847 2.1750
14980 7490.0 2.9242 2.7553 2.9242 1.0049 2.1336
14990 7495.0 2.8477 0.0026 2.8477 0.9933 2.2008
15000 7500.0 2.8112 0.7529 2.8112 0.9973 2.2225
15010 7505.0 2.8695 0.1910 2.8695 0.9983 2.1541
15020 7510.0 2.8564 0.0203 2.8564 0.9905 2.1242
15030 7515.0 2.8365 0.0914 2.8365 1.0160 2.1112
15040 7520.0 2.8158 0.5845 2.8158 0.9976 2.1262
15050 7525.0 2.8702 0.2035 2.8702 1.0196 2.0886
15060 7530.0 2.8830 0.5447 2.8830 1.0068 2.1067
15070 7535.0 2.8371 0.0836 2.8371 1.0247 2.1248
15080 7540.0 2.7889 1.8668 2.7889 1.0303 2.1623
15090 7545.0 2.7987 1.3144 2.7987 1.0255 2.1817
15100 7550.0 2.8940 0.9662 2.8940 1.0307 2.1571
15110 7555.0 2.9115 1.8890 2.9115 0.9912 2.1893
15120 7560.0 2.8674 0.1508 2.8674 1.0277 2.1761
15130 7565.0 2.7269 7.5752 2.7269 1.0078 2.2519
15140 7570.0 2.7867 2.0026 2.7867 1.0322 2.1982
15150 7575.0 2.8916 0.8673 2.8916 0.9815 2.1747
15160 7580.0 2.9282 3.0552 2.9282 1.0053 2.1358
15170 7585.0 2.8182 0.5065 2.8182 0.9822 2.2101
15180 7590.0 2.7932 1.6117 2.7932 1.0134 2.2358
15190 7595.0 2.8468 0.0050 2.8468 1.0061 2.2226
15200 7600.0 2.8774 0.3756 2.8774 0.9671 2.2292
15210 7605.0 2.8933 0.9393 2.8933 1.0185 2.1994
15220 7610.0 2.7819 2.3221 2.7819 0.9864 2.2834
15230 7615.0 2.8044 1.0408 2.8044 1.0397 2.2649
15240 7620.0 2.8375 0.0778 2.8375 0.9533 2.3260
15250 7625.0 2.9112 1.8706 2.9112 1.0119 2.2527
15260 7630.0 2.8043 1.0432 2.8043 0.9832 2.2883
15270 7635.0 2.8382 0.0693 2.8382 1.0258 2.2289
15280 7640.0 2.9275 3.0050 2.9275 0.9678 2.1900
15290 7645.0 2.9353 3.6389 2.9353 0.9742 2.1708
15300 7650.0 2.8378 0.0742 2.8378 1.0053 2.2207
15310 7655.0 2.7644 3.6610 2.7644 0.9948 2.2868
15320 7660.0 2.8372 0.0823 2.8372 1.0030 2.2394
15330 7665.0 2.9133 2.0009 2.9133 0.9835 2.2118
15340 7670.0 2.9115 1.8934 2.9115 0.9955 2.2483
15350 7675.0 2.7912 1.7314 2.7912 0.9751 2.3913
15360 7680.0 2.8308 0.1847 2.8308 1.0035 2.3832
15370 7685.0 2.8664 0.1350 2.8664 0.9822 2.4232
15380 7690.0 2.7740 2.8856 2.7740 0.9994 2.5461
15390 7695.0 2.8221 0.3886 2.8221 0.9730 2.5682
15400 7700.0 2.8959 1.0513 2.8959 1.0134 2.5038
15410 7705.0 2.8650 0.1129 2.8650 0.9670 2.5668
15420 7710.0 2.8145 0.6318 2.8145 1.0223 2.4867
15430 7715.0 2.8090 0.8393 2.8090 0.9547 2.4711
15440 7720.0 2.8812 0.4882 2.8812 1.0315 2.4531
15450 7725.0 2.8499 0.0000 2.8499 0.9495 2.4472
15460 7730.0 2.8556 0.0159 2.8556 1.0122 2.3731
15470 7735.0 2.8362 0.0948 2.8362 0.9708 2.3764
15480 7740.0 2.8768 0.3604 2.8768 1.0008 2.3820
15490 7745.0 2.8693 0.1866 2.8693 0.9776 2.3960
15500 7750.0 2.8498 0.0000 2.8498 0.9888 2.3693
15510 7755.0 2.8115 0.7430 2.8115 0.9853 2.3543
15520 7760.0 2.8314 0.1721 2.8314 0.9932 2.4072
15530 7765.0 2.8611 0.0619 2.8611 0.9793 2.4999
15540 7770.0 2.8517 0.0014 2.8517 0.9957 2.4905
15550 7775.0 2.8545 0.0100 2.8545 0.9897 2.4645
15560 7780.0 2.8713 0.2265 2.8713 0.9840 2.4323
15570 7785.0 2.8381 0.0712 2.8381 1.0131 2.3845
15580 7790.0 2.7715 3.0783 2.7715 0.9954 2.3832
15590 7795.0 2.8195 0.4658 2.8195 1.0254 2.3075
15600 7800.0 2.8441 0.0173 2.8441 0.9696 2.2859
15610 7805.0 2.9226 2.6345 2.9226 1.0145 2.1801
15620 7810.0 2.8531 0.0047 2.8531 0.9591 2.1819
15630 7815.0 2.8415 0.0364 2.8415 1.0316 2.1066
15640 7820.0 2.8070 0.9232 2.8070 0.9685 2.1173
15650 7825.0 2.8878 0.7158 2.8878 1.0291 2.0208
15660 7830.0 2.8433 0.0224 2.8433 0.9464 2.0710
15670 7835.0 2.8773 0.3735 2.8773 1.0230 2.0223
15680 7840.0 2.8594 0.0443 2.8594 0.9689 2.0596
15690 7845.0 2.8953 1.0253 2.8953 1.0125 2.0414
15700 7850.0 2.8802 0.4573 2.8802 0.9671 2.0940
15710 7855.0 2.8597 0.0473 2.8597 1.0081 2.1425
15720 7860.0 2.8347 0.1166 2.8347 0.9727 2.2200
15730 7865.0 2.9053 1.5317 2.9053 1.0080 2.2115
15740 7870.0 2.8719 0.2399 2.8719 0.9761 2.3032
15750 7875.0 2.8060 0.9688 2.8060 0.9968 2.4056
15760 7880.0 2.7864 2.0246 2.7864 1.0021 2.4644
15770 7885.0 2.8564 0.0204 2.8564 0.9832 2.4305
15780 7890.0 2.9036 1.4361 2.9036 0.9948 2.3997
15790 7895.0 2.8144 0.6334 2.8144 0.9800 2.4687
15800 7900.0 2.7769 2.6727 2.7769 1.0168 2.4770
15810 7905.0 2.8177 0.5212 2.8177 0.9914 2.4398
15820 7910.0 2.8986 1.1806 2.8986 0.9998 2.3804
15830 7915.0 2.8968 1.0943 2.8968 0.9760 2.3998
15840 7920.0 2.8130 0.6840 2.8130 0.9908 2.4529
15850 7925.0 2.7978 1.3627 2.7978 0.9959 2.4642
15860 7930.0 2.8800 0.4500 2.8800 0.9807 2.4333
15870 7935.0 2.9374 3.8154 2.9374 0.9905 2.4164
15880 7940.0 2.8311 0.1795 2.8311 0.9804 2.5332
15890 7945.0 2.7766 2.6934 2.7766 0.9958 2.5602
15900 7950.0 2.8515 0.0011 2.8515 0.9868 2.5429
15910 7955.0 2.8650 0.1123 2.8650 1.0128 2.4976
15920 7960.0 2.7775 2.6265 2.7775 0.9743 2.5327
15930 7965.0 2.8076 0.8969 2.8076 1.0105 2.5061
15940 7970.0 2.8419 0.0329 2.8419 0.9895 2.4329
15950 7975.0 2.8479 0.0022 2.8479 0.9849 2.4034
15960 7980.0 2.8834 0.5587 2.8834 1.0008 2.3644
15970 7985.0 2.8453 0.0111 2.8453 0.9830 2.3950
15980 7990.0 2.8145 0.6290 2.8145 0.9999 2.4158
15990 7995.0 2.8153 0.6036 2.8153 1.0012 2.4294
16000 8000.0 2.8536 0.0064 2.8536 0.9988 2.3910
16010 8005.0 2.8567 0.0227 2.8567 0.9829 2.3793
16020 8010.0 2.8411 0.0396 2.8411 1.0038 2.3608
16030 8015.0 2.8153 0.6025 2.8153 0.9847 2.3769
16040 8020.0 2.8485 0.0011 2.8485 1.0096 2.3372
16050 8025.0 2.8396 0.0541 2.8396 0.9850 2.3539
16060 8030.0 2.8505 0.0001 2.8505 0.9894 2.3373
16070 8035.0 2.8536 0.0063 2.8536 0.9939 2.3202
16080 8040.0 2.8153 0.6032 2.8153 1.0022 2.3058
16090 8045.0 2.8169 0.5479 2.8169 1.0104 2.2624
16100 8050.0 2.8347 0.1173 2.8347 1.0057 2.2139
16110 8055.0 2.8187 0.4886 2.8187 1.0081 2.1602
16120 8060.0 2.7892 1.8459 2.7892 1.0091 2.1168
16130 8065.0 2.8432 0.0230 2.8432 1.0127 2.0462
16140 8070.0 2.8691 0.1816 2.8691 1.0021 2.0243
16150 8075.0 2.8518 0.0017 2.8518 0.9935 2.0164
16160 8080.0 2.8276 0.2512 2.8276 1.0184 1.9778
16170 8085.0 2.7792 2.5064 2.7792 0.9993 1.9830
16180 8090.0 2.8007 1.2155 2.8007 1.0370 1.9396
16190 8095.0 2.7948 1.5228 2.7948 1.0178 1.9308
16200 8100.0 2.8082 0.8729 2.8082 1.0318 1.9296
16210 8105.0 2.8202 0.4448 2.8202 1.0371 2.0173
16220 8110.0 2.8141 0.6431 2.8141 0.9798 2.1769
16230 8115.0 2.8526 0.0035 2.8526 1.0205 2.2532
16240 8120.0 2.8101 0.7966 2.8101 1.0038 2.3703
16250 8125.0 2.7735 2.9235 2.7735 1.0136 2.4951
16260 8130.0 2.7648 3.6321 2.7648 0.9898 2.5049
16270 8135.0 2.8176 0.5249 2.8176 1.0067 2.4804
16280 8140.0 2.8598 0.0485 2.8598 0.9820 2.3725
16290 8145.0 2.8773 0.3720 2.8773 1.0070 2.2844
16300 8150.0 2.8701 0.2015 2.8701 0.9849 2.2815
16310 8155.0 2.8787 0.4109 2.8787 0.9977 2.2683
16320 8160.0 2.8695 0.1901 2.8695 0.9891 2.2982
16330 8165.0 2.8428 0.0263 2.8428 0.9765 2.3630
16340 8170.0 2.8643 0.1018 2.8643 1.0046 2.3684
16350 8175.0 2.8386 0.0651 2.8386 0.9746 2.4351
16360 8180.0 2.8349 0.1141 2.8349 0.9879 2.4617
16370 8185.0 2.8514 0.0010 2.8514 1.0070 2.4569
16380 8190.0 2.8400 0.0505 2.8400 0.9789 2.4541
16390 8195.0 2.8331 0.1433 2.8331 1.0185 2.4317
16400 8200.0 2.7864 2.0224 2.7864 0.9883 2.4849
16410 8205.0 2.8085 0.8618 2.8085 1.0273 2.4678
16420 8210.0 2.8310 0.1813 2.8310 0.9578 2.5504
16430 8215.0 2.8791 0.4220 2.8791 1.0093 2.5399
16440 8220.0 2.7965 1.4335 2.7965 0.9746 2.5642
16450 8225.0 2.7888 1.8738 2.7888 1.0256 2.5102
16460 8230.0 2.8517 0.0014 2.8517 0.9846 2.4927
16470 8235.0 2.8727 0.2581 2.8727 0.9788 2.4823
16480 8240.0 2.8431 0.0235 2.8431 1.0051 2.4605
16490 8245.0 2.8094 0.8235 2.8094 0.9846 2.4592
16500 8250.0 2.8217 0.4012 2.8217 1.0035 2.3965
16510 8255.0 2.8614 0.0651 2.8614 0.9769 2.3308
16520 8260.0 2.8743 0.2943 2.8743 1.0154 2.2366
16530 8265.0 2.8570 0.0244 2.8570 0.9839 2.2270
16540 8270.0 2.8570 0.0244 2.8570 1.0066 2.1868
16550 8275.0 2.8545 0.0100 2.8545 0.9769 2.1985
16560 8280.0 2.8416 0.0351 2.8416 1.0018 2.2124
16570 8285.0 2.8636 0.0922 2.8636 0.9647 2.2389
16580 8290.0 2.8848 0.6057 2.8848 1.0201 2.2130
16590 8295.0 2.8561 0.0183 2.8561 0.9502 2.3027
16600 8300.0 2.8311 0.1786 2.8311 1.0148 2.3094
16610 8305.0 2.8997 1.2345 2.8997 0.9608 2.3255
16620 8310.0 2.9107 1.8410 2.9107 1.0100 2.3143
16630 8315.0 2.8209 0.4243 2.8209 0.9726 2.3727
16640 8320.0 2.8183 0.5027 2.8183 0.9902 2.3015
16650 8325.0 2.9107 1.8425 2.9107 0.9937 2.3083
16660 8330.0 2.8983 1.1676 2.8983 0.9734 2.2749
16670 8335.0 2.8319 0.1642 2.8319 1.0096 2.1890
16680 8340.0 2.7852 2.0983 2.7852 0.9777 2.1928
16690 8345.0 2.8492 0.0003 2.8492 1.0168 2.2627
16700 8350.0 2.8651 0.1139 2.8651 0.9644 2.3829
16710 8355.0 2.8874 0.6998 2.8874 1.0125 2.4138
16720 8360.0 2.8180 0.5122 2.8180 0.9829 2.4049
16730 8365.0 2.8255 0.2990 2.8255 1.0018 2.4304
16740 8370.0 2.8397 0.0528 2.8397 0.9852 2.4908
16750 8375.0 2.8421 0.0309 2.8421 0.9988 2.5073
16760 8380.0 2.7905 1.7702 2.7905 0.9789 2.4877
16770 8385.0 2.8496 0.0001 2.8496 1.0247 2.4302
16780 8390.0 2.8775 0.3787 2.8775 0.9728 2.4046
16790 8395.0 2.8427 0.0263 2.8427 1.0184 2.3713
16800 8400.0 2.7629 3.7973 2.7629 0.9726 2.3720
16810 8405.0 2.8315 0.1710 2.8315 1.0445 2.2124
16820 8410.0 2.8921 0.8856 2.8921 0.9640 2.1589
16830 8415.0 2.9105 1.8321 2.9105 1.0209 2.1165
16840 8420.0 2.8229 0.3675 2.8229 0.9666 2.1916
16850 8425.0 2.8269 0.2657 2.8269 1.0346 2.1332
16860 8430.0 2.8487 0.0009 2.8487 0.9731 2.0914
16870 8435.0 2.8929 0.9200 2.8929 1.0560 1.9930
16880 8440.0 2.8182 0.5056 2.8182 0.9797 2.0558
16890 8445.0 2.8471 0.0041 2.8471 1.0466 2.0094
16900 8450.0 2.8166 0.5579 2.8166 0.9985 2.0756
16910 8455.0 2.8624 0.0763 2.8624 1.0203 2.0873
16920 8460.0 2.8165 0.5597 2.8165 0.9948 2.1444
16930 8465.0 2.7959 1.4639 2.7959 1.0149 2.1713
16940 8470.0 2.8006 1.2186 2.8006 1.0105 2.2216
16950 8475.0 2.8433 0.0224 2.8433 1.0171 2.2455
16960 8480.0 2.8354 0.1067 2.8354 0.9914 2.2791
16970 8485.0 2.8063 0.9532 2.8063 1.0259 2.2871
16980 8490.0 2.7590 4.1409 2.7590 0.9940 2.3457
16990 8495.0 2.8495 0.0001 2.8495 1.0114 2.3137
17000 8500.0 2.8871 0.6877 2.8871 0.9897 2.3281
17010 8505.0 2.8479 0.0022 2.8479 1.0083 2.3411
17020 8510.0 2.7897 1.8207 2.7897 0.9871 2.3907
17030 8515.0 2.8544 0.0098 2.8544 0.9990 2.3550
17040 8520.0 2.9265 2.9248 2.9265 0.9746 2.3411
17050 8525.0 2.9084 1.7071 2.9084 1.0175 2.3276
17060 8530.0 2.7936 1.5920 2.7936 0.9708 2.4438
17070 8535.0 2.8366 0.0891 2.8366 1.0144 2.4000
17080 8540.0 2.9181 2.3161 2.9181 0.9677 2.3801
17090 8545.0 2.8941 0.9703 2.8941 1.0188 2.4092
17100 8550.0 2.7915 1.7117 2.7915 0.9627 2.4435
17110 8555.0 2.7874 1.9615 2.7874 1.0191 2.3216
17120 8560.0 2.8689 0.1786 2.8689 0.9660 2.3678
17130 8565.0 2.8922 0.8915 2.8922 1.0005 2.3676
17140 8570.0 2.7868 1.9967 2.7868 0.9940 2.3352
17150 8575.0 2.7376 6.3120 2.7376 0.9934 2.3197
17160 8580.0 2.8661 0.1296 2.8661 1.0047 2.3714
17170 8585.0 2.9475 4.7529 2.9475 0.9672 2.4497
17180 8590.0 2.8659 0.1268 2.8659 1.0177 2.4250
17190 8595.0 2.7040 10.6541 2.7040 0.9925 2.5362
17200 8600.0 2.8097 0.8140 2.8097 1.0100 2.4484
17210 8605.0 2.9793 8.3533 2.9793 0.9803 2.3626
17220 8610.0 2.9676 6.9102 2.9676 0.9862 2.3431
17230 8615.0 2.8173 0.5358 2.8173 0.9853 2.4293
17240 8620.0 2.7532 4.6807 2.7532 1.0102 2.4552
17250 8625.0 2.8860 0.6470 2.8860 0.9885 2.3670
17260 8630.0 2.9649 6.5974 2.9649 1.0003 2.3230
17270 8635.0 2.7728 2.9837 2.7728 0.9905 2.4761
17280 8640.0 2.7775 2.6272 2.7775 0.9730 2.4927
17290 8645.0 2.9732 7.5918 2.9732 0.9982 2.3856
17300 8650.0 2.8807 0.4710 2.8807 0.9738 2.4887
17310 8655.0 2.7721 3.0334 2.7721 0.9883 2.3791
17320 8660.0 2.8478 0.0024 2.8478 0.9817 2.4451
17330 8665.0 2.9300 3.1979 2.9300 1.0013 2.4732
17340 8670.0 2.8380 0.0718 2.8380 0.9919 2.4279
17350 8675.0 2.8018 1.1596 2.8018 0.9700 2.3422
17360 8680.0 2.8943 0.9828 2.8943 0.9992 2.3884
17370 8685.0 2.9304 3.2308 2.9304 0.9631 2.4839
17380 8690.0 2.8005 1.2271 2.8005 1.0216 2.4153
17390 8695.0 2.7949 1.5178 2.7949 0.9452 2.4094
17400 8700.0 2.8713 0.2275 2.8713 1.0178 2.4281
17410 8705.0 2.9014 1.3205 2.9014 0.9633 2.4364
17420 8710.0 2.7901 1.7931 2.7901 1.0026 2.3178
17430 8715.0 2.7803 2.4308 2.7803 0.9556 2.2988
17440 8720.0 2.8217 0.4014 2.8217 0.9927 2.3148
17450 8725.0 2.8793 0.4292 2.8793 0.9882 2.4754
17460 8730.0 2.8640 0.0979 2.8640 0.9790 2.5167
17470 8735.0 2.8367 0.0890 2.8367 0.9855 2.4176
17480 8740.0 2.8495 0.0001 2.8495 0.9592 2.3811
17490 8745.0 2.9377 3.8422 2.9377 1.0223 2.3584
17500 8750.0 2.9051 1.5162 2.9051 0.9453 2.3200
17510 8755.0 2.7929 1.6277 2.7929 1.0212 2.1735
17520 8760.0 2.8010 1.1982 2.8010 0.9594 2.2363
17530 8765.0 2.9153 2.1340 2.9153 1.0179 2.2989
17540 8770.0 2.9053 1.5305 2.9053 0.9616 2.3064
17550 8775.0 2.8185 0.4967 2.8185 1.0112 2.3493
17560 8780.0 2.7888 1.8750 2.7888 0.9854 2.3950
17570 8785.0 2.8859 0.6459 2.8859 1.0011 2.3563
17580 8790.0 2.8796 0.4380 2.8796 0.9746 2.3493
17590 8795.0 2.8137 0.6592 2.8137 1.0092 2.2969
17600 8800.0 2.8245 0.3247 2.8245 0.9635 2.4442
17610 8805.0 2.8957 1.0454 2.8957 1.0376 2.3451
17620 8810.0 2.8324 0.1546 2.8324 0.9557 2.4220
17630 8815.0 2.8582 0.0338 2.8582 1.0230 2.3649
17640 8820.0 2.8907 0.8267 2.8907 0.9466 2.3945
17650 8825.0 2.9120 1.9195 2.9120 1.0214 2.3382
17660 8830.0 2.8563 0.0197 2.8563 0.9580 2.4138
17670 8835.0 2.8319 0.1637 2.8319 1.0079 2.4115
17680 8840.0 2.8747 0.3062 2.8747 0.9675 2.4134
17690 8845.0 2.8760 0.3377 2.8760 0.9971 2.4205
17700 8850.0 2.8036 1.0763 2.8036 0.9610 2.5367
17710 8855.0 2.8350 0.1125 2.8350 0.9896 2.5217
17720 8860.0 2.9511 5.1156 2.9511 0.9834 2.4475
17730 8865.0 2.8642 0.1013 2.8642 0.9999 2.5238
17740 8870.0 2.7689 3.2926 2.7689 0.9800 2.5421
17750 8875.0 2.7849 2.1181 2.7849 0.9784 2.5444
17760 8880.0 2.9051 1.5204 2.9051 1.0010 2.5472
17770 8885.0 2.8841 0.5826 2.8841 0.9806 2.5162
17780 8890.0 2.8020 1.1526 2.8020 0.9930 2.4475
17790 8895.0 2.7862 2.0321 2.7862 0.9806 2.4412
17800 8900.0 2.8675 0.1523 2.8675 0.9997 2.5107
17810 8905.0 2.8636 0.0927 2.8636 0.9943 2.5245
17820 8910.0 2.7722 3.0293 2.7722 0.9941 2.4362
17830 8915.0 2.7820 2.3108 2.7820 0.9936 2.4562
17840 8920.0 2.8527 0.0037 2.8527 0.9945 2.5278
17850 8925.0 2.8836 0.5631 2.8836 0.9841 2.4939
17860 8930.0 2.8920 0.8840 2.8920 0.9827 2.4679
17870 8935.0 2.8822 0.5191 2.8822 0.9926 2.4549
17880 8940.0 2.8325 0.1535 2.8325 0.9846 2.4704
17890 8945.0 2.8264 0.2781 2.8264 1.0179 2.4329
17900 8950.0 2.8479 0.0023 2.8479 0.9678 2.4234
17910 8955.0 2.8961 1.0605 2.8961 1.0196 2.3496
17920 8960.0 2.7831 2.2381 2.7831 0.9806 2.4138
17930 8965.0 2.8014 1.1794 2.8014 1.0203 2.3826
17940 8970.0 2.8311 0.1791 2.8311 0.9720 2.4294
17950 8975.0 2.8638 0.0951 2.8638 1.0061 2.4551
17960 8980.0 2.8634 0.0894 2.8634 0.9727 2.4236
17970 8985.0 2.8035 1.0796 2.8035 1.0079 2.3157
17980 8990.0 2.7566 4.3645 2.7566 0.9749 2.2569
17990 8995.0 2.8306 0.1891 2.8306 1.0026 2.2542
18000 9000.0 2.8968 1.0964 2.8968 0.9565 2.3181
