# step  time_fs  cv_FeH(A)  bias(kJ/mol)  d_min_FeH(A)  d_min_OH(A)  d_min_SH(A)
0 0.0 1.7182 481.9350 1.7182 2.5114 2.4126
10 5.0 2.2582 97.5903 2.2582 2.0859 2.2853
20 10.0 2.8543 11.9011 2.8543 1.6018 2.0884
30 15.0 2.8307 8.5454 2.8307 1.8006 1.4935
40 20.0 2.7285 0.4071 2.7285 1.9662 1.3177
50 25.0 2.7248 0.3086 2.7248 1.3148 1.9741
60 30.0 2.7147 0.1087 2.7147 1.1046 2.3137
70 35.0 2.6926 0.0272 2.6926 0.9464 2.5904
80 40.0 2.6121 3.8659 2.6121 1.0162 2.6449
90 45.0 2.7408 0.8319 2.7408 1.0078 2.6375
100 50.0 2.8233 7.6061 2.8233 0.9926 2.6896
110 55.0 2.6091 4.1296 2.6091 1.0268 2.7238
120 60.0 2.6012 4.8776 2.6012 0.9014 2.6600
130 65.0 2.6636 0.6632 2.6636 1.0792 2.7197
140 70.0 2.8438 10.3461 2.8438 0.9042 2.7055
150 75.0 2.6734 0.3546 2.6734 1.1025 2.6074
160 80.0 2.7629 1.9768 2.7629 0.9196 2.4864
170 85.0 2.6912 0.0386 2.6912 1.0970 2.2395
180 90.0 2.6224 3.0070 2.6224 0.9294 2.1604
190 95.0 2.4922 21.5848 2.4922 1.0384 2.0077
200 100.0 2.6853 0.1084 2.6853 0.9750 2.0904
210 105.0 2.6938 0.0192 2.6938 1.0514 2.0382
220 110.0 2.6872 0.0813 2.6872 0.9559 2.0962
230 115.0 2.6792 0.2154 2.6792 1.0100 2.0365
240 120.0 2.7930 4.3270 2.7930 0.9855 2.0980
250 125.0 2.7698 2.4372 2.7698 1.0148 2.0917
260 130.0 2.6810 0.1808 2.6810 0.9872 2.0987
270 135.0 2.6924 0.0288 2.6924 0.9886 2.1030
280 140.0 2.7339 0.5738 2.7339 1.0011 2.1538
290 145.0 2.7815 3.3191 2.7815 0.9967 2.2483
300 150.0 2.7423 0.8960 2.7423 1.0012 2.3076
310 155.0 2.7206 0.2127 2.7206 0.9873 2.4190
320 160.0 2.7499 1.2429 2.7499 0.9987 2.5518
330 165.0 2.6910 0.0403 2.6910 0.9647 2.5412
340 170.0 2.6533 1.0884 2.6533 1.0196 2.4055
350 175.0 2.7791 3.1294 2.7791 0.9866 2.3745
360 180.0 2.8310 8.5857 2.8310 0.9998 2.3189
370 185.0 2.6827 0.1505 2.6827 0.9874 2.2101
380 190.0 2.6815 0.1705 2.6815 1.0056 2.2421
390 195.0 2.8155 6.6644 2.8155 1.0020 2.3607
400 200.0 2.7093 0.0436 2.7093 1.0043 2.2659
410 205.0 2.6336 2.2015 2.6336 1.0039 2.1975
420 210.0 2.7770 2.9670 2.7770 1.0070 2.2323
430 215.0 2.7266 0.3547 2.7266 1.0371 2.1814
440 220.0 2.6051 4.4992 2.6051 0.9678 2.1591
450 225.0 2.6953 0.0108 2.6953 1.0200 2.1875
460 230.0 2.7930 4.3252 2.7930 1.0035 2.2326
470 235.0 2.6284 2.5635 2.6284 1.0145 2.1235
480 240.0 2.6160 3.5309 2.6160 0.9669 2.1433
490 245.0 2.7188 0.1771 2.7188 1.0584 2.1301
500 250.0 2.7109 0.0590 2.7109 0.9895 2.0825
510 255.0 2.6147 3.6399 2.6147 1.0152 1.9356
520 260.0 2.7737 2.7169 2.7737 0.9794 1.9732
530 265.0 2.7666 2.2177 2.7666 1.0894 1.9069
540 270.0 2.6833 0.1402 2.6833 0.9466 2.0057
550 275.0 2.5864 6.4482 2.5864 1.0441 1.9555
560 280.0 2.7890 3.9579 2.7890 0.9730 2.0885
570 285.0 2.7133 0.0883 2.7133 1.0573 2.0115
580 290.0 2.6989 0.0006 2.6989 0.9471 2.0730
590 295.0 2.6750 0.3114 2.6750 1.0577 2.0217
600 300.0 2.7608 1.8499 2.7608 0.9642 2.1728
610 305.0 2.5974 5.2591 2.5974 1.0465 2.1077
620 310.0 2.6657 0.5867 2.6657 0.9458 2.2456
630 315.0 2.7284 0.4037 2.7284 1.0586 2.2544
640 320.0 2.8351 9.1321 2.8351 0.9633 2.3911
650 325.0 2.7443 0.9834 2.7443 1.0668 2.3324
660 330.0 2.7814 3.3103 2.7814 0.9367 2.4709
670 335.0 2.7940 4.4167 2.7940 1.0477 2.4846
680 340.0 2.7116 0.0668 2.7116 0.9494 2.4494
690 345.0 2.6661 0.5750 2.6661 1.0204 2.3282
700 350.0 2.7545 1.4863 2.7545 0.9768 2.3472
710 355.0 2.7147 0.1081 2.7147 1.0318 2.2449
720 360.0 2.5970 5.3058 2.5970 0.9568 2.2022
730 365.0 2.6356 2.0706 2.6356 1.0299 2.1683
740 370.0 2.7166 0.1371 2.7166 0.9631 2.2642
750 375.0 2.6702 0.4430 2.6702 1.0342 2.1808
760 380.0 2.7000 0.0000 2.7000 0.9528 2.2615
770 385.0 2.7656 2.1549 2.7656 1.0497 2.2393
780 390.0 2.7703 2.4727 2.7703 0.9700 2.2654
790 395.0 2.6451 1.5051 2.6451 1.0364 2.0891
800 400.0 2.6980 0.0020 2.6980 0.9752 2.0988
810 405.0 2.7405 0.8204 2.7405 1.0314 2.0741
820 410.0 2.6842 0.1250 2.6842 0.9762 2.0756
830 415.0 2.5754 7.7603 2.5754 1.0011 2.0454
840 420.0 2.7000 0.0000 2.7000 0.9744 2.1799
850 425.0 2.7238 0.2834 2.7238 1.0120 2.2606
860 430.0 2.6747 0.3211 2.6747 0.9764 2.3477
870 435.0 2.6293 2.4965 2.6293 0.9950 2.3813
880 440.0 2.6617 0.7343 2.6617 0.9748 2.4335
890 445.0 2.6284 2.5644 2.6284 1.0052 2.4943
900 450.0 2.6430 1.6218 2.6430 0.9705 2.6478
910 455.0 2.6320 2.3142 2.6320 0.9878 2.7382
920 460.0 2.6237 2.9085 2.6237 0.9793 2.7939
930 465.0 2.5959 5.4213 2.5959 0.9945 2.7573
940 470.0 2.5941 5.6065 2.5941 0.9577 2.6145
950 475.0 2.5755 7.7542 2.5755 0.9849 2.4761
960 480.0 2.6157 3.5525 2.6157 0.9611 2.4843
970 485.0 2.6401 1.7967 2.6401 0.9691 2.5480
980 490.0 2.6822 0.1583 2.6822 0.9977 2.5914
990 495.0 2.7726 2.6320 2.7726 0.9510 2.6522
1000 500.0 2.7137 0.0937 2.7137 1.0268 2.6129
1010 505.0 2.7477 1.1378 2.7477 0.9469 2.6635
1020 510.0 2.6624 0.7080 2.6624 1.0048 2.5523
1030 515.0 2.6730 0.3648 2.6730 0.9658 2.5444
1040 520.0 2.6657 0.5889 2.6657 0.9635 2.5332
1050 525.0 2.6443 1.5499 2.6443 0.9973 2.4848
1060 530.0 2.7032 0.0052 2.7032 0.9581 2.4795
1070 535.0 2.7062 0.0194 2.7062 1.0059 2.4247
1080 540.0 2.7556 1.5467 2.7556 1.0085 2.4495
1090 545.0 2.7621 1.9301 2.7621 1.0094 2.5101
1100 550.0 2.7277 0.3848 2.7277 0.9902 2.5294
1110 555.0 2.6732 0.3592 2.6732 0.9648 2.5250
1120 560.0 2.6107 3.9858 2.6107 0.9990 2.5108
1130 565.0 2.7131 0.0857 2.7131 0.9449 2.6190
1140 570.0 2.7657 2.1574 2.7657 1.0625 2.5452
1150 575.0 2.8193 7.1218 2.8193 0.9419 2.5844
1160 580.0 2.6023 4.7762 2.6023 1.0232 2.4522
1170 585.0 2.5970 5.3028 2.5970 0.9447 2.5118
1180 590.0 2.6775 0.2532 2.6775 0.9724 2.5366
1190 595.0 2.8240 7.6933 2.8240 1.0332 2.5796
1200 600.0 2.8077 5.8032 2.8077 0.9642 2.6187
1210 605.0 2.6047 4.5439 2.6047 1.0167 2.5523
1220 610.0 2.6417 1.6984 2.6417 0.9244 2.6733
1230 615.0 2.6107 3.9849 2.6107 0.9833 2.6206
1240 620.0 2.6550 1.0123 2.6550 0.9958 2.6443
1250 625.0 2.7712 2.5378 2.7712 0.9514 2.7250
1260 630.0 2.7420 0.8811 2.7420 1.0466 2.6883
1270 635.0 2.8173 6.8817 2.8173 0.9482 2.7726
1280 640.0 2.6844 0.1210 2.6844 1.0424 2.6755
1290 645.0 2.7367 0.6738 2.7367 0.9357 2.6850
1300 650.0 2.6593 0.8279 2.6593 0.9848 2.6166
1310 655.0 2.6122 3.8543 2.6122 1.0059 2.6278
1320 660.0 2.6744 0.3268 2.6744 0.9152 2.7086
1330 665.0 2.6067 4.3545 2.6067 1.0258 2.6393
1340 670.0 2.7291 0.4225 2.7291 0.9464 2.6964
1350 675.0 2.7429 0.9187 2.7429 1.0142 2.6707
1360 680.0 2.7677 2.2930 2.7677 0.9984 2.5813
1370 685.0 2.7473 1.1175 2.7473 0.9814 2.4408
1380 690.0 2.6993 0.0003 2.6993 1.0035 2.3680
1390 695.0 2.6948 0.0137 2.6948 0.9479 2.4421
1400 700.0 2.6478 1.3628 2.6478 1.0132 2.4055
1410 705.0 2.7095 0.0455 2.7095 0.9634 2.4166
1420 710.0 2.7651 2.1193 2.7651 1.0031 2.3567
1430 715.0 2.8463 10.7030 2.8463 0.9960 2.3607
1440 720.0 2.7944 4.4582 2.7944 1.0163 2.3335
1450 725.0 2.7151 0.1134 2.7151 0.9716 2.3856
1460 730.0 2.6386 1.8866 2.6386 0.9799 2.4095
1470 735.0 2.6613 0.7473 2.6613 0.9638 2.4148
1480 740.0 2.7081 0.0327 2.7081 0.9837 2.3631
1490 745.0 2.7464 1.0750 2.7464 1.0064 2.3376
1500 750.0 2.7816 3.3293 2.7816 0.9813 2.3475
1510 755.0 2.6839 0.1293 2.6839 0.9956 2.3066
1520 760.0 2.6193 3.2540 2.6193 0.9479 2.3542
1530 765.0 2.6007 4.9333 2.6007 0.9882 2.2961
1540 770.0 2.7820 3.3629 2.7820 0.9836 2.2795
1550 775.0 2.8301 8.4689 2.8301 1.0099 2.2444
1560 780.0 2.6887 0.0635 2.6887 0.9874 2.1521
1570 785.0 2.6572 0.9176 2.6572 0.9778 2.0609
1580 790.0 2.7245 0.3003 2.7245 0.9863 2.0427
1590 795.0 2.7619 1.9167 2.7619 0.9686 2.0874
1600 800.0 2.7161 0.1298 2.7161 1.0101 2.1390
1610 805.0 2.6751 0.3090 2.6751 0.9662 2.1732
1620 810.0 2.6687 0.4912 2.6687 1.0060 2.1508
1630 815.0 2.7695 2.4159 2.7695 0.9565 2.3169
1640 820.0 2.7500 1.2502 2.7500 1.0142 2.4241
1650 825.0 2.6252 2.7967 2.6252 0.9718 2.4257
1660 830.0 2.6406 1.7652 2.6406 0.9864 2.3432
1670 835.0 2.7975 4.7511 2.7975 0.9873 2.3712
1680 840.0 2.7564 1.5906 2.7564 0.9969 2.3794
1690 845.0 2.6457 1.4722 2.6457 0.9833 2.3893
1700 850.0 2.7360 0.6464 2.7360 0.9873 2.3572
1710 855.0 2.7857 3.6727 2.7857 1.0139 2.3044
1720 860.0 2.6587 0.8529 2.6587 0.9736 2.3022
1730 865.0 2.6363 2.0301 2.6363 0.9825 2.2833
1740 870.0 2.7768 2.9528 2.7768 0.9895 2.2610
1750 875.0 2.7385 0.7417 2.7385 0.9896 2.2050
1760 880.0 2.5692 8.5544 2.5692 0.9717 2.1664
1770 885.0 2.5990 5.0974 2.5990 0.9737 2.1180
1780 890.0 2.7921 4.2370 2.7921 1.0022 2.0932
1790 895.0 2.8209 7.3133 2.8209 0.9912 2.1138
1800 900.0 2.6724 0.3807 2.6724 1.0085 2.1010
1810 905.0 2.8032 5.3279 2.8032 1.0093 2.2154
1820 910.0 2.8458 10.6264 2.8458 1.0108 2.2981
1830 915.0 2.6220 3.0417 2.6220 0.9875 2.2823
1840 920.0 2.5955 5.4640 2.5955 0.9515 2.3259
1850 925.0 2.7532 1.4146 2.7532 1.0392 2.4744
1860 930.0 2.8262 7.9573 2.8262 0.9686 2.6236
1870 935.0 2.6699 0.4531 2.6699 1.0287 2.5904
1880 940.0 2.6752 0.3069 2.6752 0.9522 2.5953
1890 945.0 2.7508 1.2886 2.7508 1.0443 2.5920
1900 950.0 2.7881 3.8787 2.7881 0.9466 2.5864
1910 955.0 2.6325 2.2790 2.6325 1.0309 2.4398
1920 960.0 2.6757 0.2948 2.6757 0.9450 2.3698
1930 965.0 2.7154 0.1190 2.7154 1.0279 2.2342
1940 970.0 2.7433 0.9387 2.7433 0.9644 2.2303
1950 975.0 2.7311 0.4825 2.7311 1.0210 2.1843
1960 980.0 2.7839 3.5188 2.7839 0.9803 2.2583
1970 985.0 2.7141 0.0997 2.7141 1.0095 2.2357
1980 990.0 2.6902 0.0483 2.6902 0.9640 2.2820
1990 995.0 2.6982 0.0016 2.6982 0.9917 2.2865
2000 1000.0 2.7228 0.2600 2.7228 0.9935 2.3210
2010 1005.0 2.6922 0.0303 2.6922 0.9668 2.3726
2020 1010.0 2.6398 1.8093 2.6398 1.0065 2.3937
2030 1015.0 2.7452 1.0198 2.7452 0.9504 2.4895
2040 1020.0 2.7412 0.8494 2.7412 1.0259 2.4884
2050 1025.0 2.7343 0.5881 2.7343 0.9504 2.5993
2060 1030.0 2.6742 0.3323 2.6742 1.0182 2.5820
2070 1035.0 2.7434 0.9437 2.7434 0.9645 2.6347
2080 1040.0 2.7264 0.3492 2.7264 1.0137 2.6217
2090 1045.0 2.7168 0.1404 2.7168 0.9755 2.6753
2100 1050.0 2.7159 0.1257 2.7159 0.9780 2.6638
2110 1055.0 2.7226 0.2549 2.7226 1.0131 2.5742
2120 1060.0 2.7214 0.2287 2.7214 0.9568 2.5806
2130 1065.0 2.7139 0.0968 2.7139 1.0135 2.6199
2140 1070.0 2.7290 0.4217 2.7290 0.9558 2.6952
2150 1075.0 2.6849 0.1143 2.6849 1.0165 2.6188
2160 1080.0 2.6850 0.1118 2.6850 0.9503 2.6029
2170 1085.0 2.6722 0.3858 2.6722 1.0128 2.5652
2180 1090.0 2.7535 1.4291 2.7535 0.9601 2.6458
2190 1095.0 2.7538 1.4477 2.7538 1.0305 2.6663
2200 1100.0 2.7129 0.0830 2.7129 0.9638 2.6487
2210 1105.0 2.6457 1.4752 2.6457 1.0120 2.5225
2220 1110.0 2.7087 0.0382 2.7087 0.9645 2.5405
2230 1115.0 2.7341 0.5821 2.7341 1.0146 2.5454
2240 1120.0 2.7500 1.2502 2.7500 0.9778 2.5420
2250 1125.0 2.6790 0.2197 2.6790 1.0013 2.4456
2260 1130.0 2.6550 1.0119 2.6550 0.9745 2.4408
2270 1135.0 2.6814 0.1734 2.6814 0.9770 2.5006
2280 1140.0 2.7458 1.0500 2.7458 1.0206 2.5677
2290 1145.0 2.7551 1.5153 2.7551 0.9897 2.5909
2300 1150.0 2.6419 1.6895 2.6419 1.0055 2.4985
2310 1155.0 2.6659 0.5824 2.6659 0.9311 2.5251
2320 1160.0 2.7149 0.1115 2.7149 1.0456 2.5702
2330 1165.0 2.7732 2.6808 2.7732 0.9485 2.6280
2340 1170.0 2.6799 0.2020 2.6799 1.0442 2.5064
2350 1175.0 2.7416 0.8646 2.7416 0.9416 2.6143
2360 1180.0 2.7370 0.6851 2.7370 1.0485 2.5038
2370 1185.0 2.7638 2.0368 2.7638 0.9439 2.4763
2380 1190.0 2.6663 0.5683 2.6663 1.0296 2.3488
2390 1195.0 2.6682 0.5059 2.6682 0.9500 2.3746
2400 1200.0 2.7173 0.1499 2.7173 1.0301 2.2935
2410 1205.0 2.8055 5.5608 2.8055 0.9622 2.3274
2420 1210.0 2.7487 1.1838 2.7487 1.0143 2.2519
2430 1215.0 2.6773 0.2586 2.6773 0.9737 2.3004
2440 1220.0 2.6649 0.6156 2.6649 0.9988 2.2980
2450 1225.0 2.7455 1.0353 2.7455 0.9844 2.2906
2460 1230.0 2.7051 0.0129 2.7051 0.9897 2.2674
2470 1235.0 2.7013 0.0009 2.7013 0.9899 2.3346
2480 1240.0 2.7791 3.1298 2.7791 1.0137 2.3977
2490 1245.0 2.7952 4.5273 2.7952 0.9965 2.3684
2500 1250.0 2.7244 0.2978 2.7244 0.9989 2.2752
2510 1255.0 2.6801 0.1984 2.6801 0.9754 2.2950
2520 1260.0 2.6948 0.0136 2.6948 1.0019 2.4028
2530 1265.0 2.7964 4.6509 2.7964 1.0160 2.4968
2540 1270.0 2.7908 4.1180 2.7908 1.0030 2.4322
2550 1275.0 2.6781 0.2402 2.6781 0.9871 2.3298
2560 1280.0 2.6437 1.5853 2.6437 0.9686 2.3261
2570 1285.0 2.7602 1.8150 2.7602 1.0150 2.3677
2580 1290.0 2.8018 5.1821 2.8018 0.9822 2.3615
2590 1295.0 2.6590 0.8410 2.6590 1.0003 2.2441
2600 1300.0 2.6592 0.8321 2.6592 0.9552 2.2616
2610 1305.0 2.7093 0.0435 2.7093 1.0260 2.2590
2620 1310.0 2.7762 2.9036 2.7762 0.9726 2.3237
2630 1315.0 2.7144 0.1042 2.7144 1.0214 2.2855
2640 1320.0 2.7420 0.8831 2.7420 0.9713 2.3115
2650 1325.0 2.7044 0.0095 2.7044 0.9878 2.2556
2660 1330.0 2.6521 1.1491 2.6521 0.9906 2.2031
2670 1335.0 2.6610 0.7600 2.6610 0.9642 2.2044
2680 1340.0 2.6845 0.1199 2.6845 1.0052 2.1795
2690 1345.0 2.7795 3.1564 2.7795 0.9928 2.2365
2700 1350.0 2.7862 3.7145 2.7862 1.0012 2.2774
2710 1355.0 2.7302 0.4559 2.7302 1.0077 2.3119
2720 1360.0 2.7533 1.4203 2.7533 0.9787 2.4111
2730 1365.0 2.7298 0.4430 2.7298 0.9908 2.4450
2740 1370.0 2.7114 0.0653 2.7114 0.9874 2.4793
2750 1375.0 2.7350 0.6112 2.7350 0.9944 2.5015
2760 1380.0 2.8210 7.3168 2.8210 0.9800 2.5111
2770 1385.0 2.7529 1.4000 2.7529 1.0217 2.3821
2780 1390.0 2.7391 0.7641 2.7391 0.9764 2.2884
2790 1395.0 2.7247 0.3059 2.7247 1.0092 2.2085
2800 1400.0 2.7243 0.2950 2.7243 0.9839 2.1781
2810 1405.0 2.6934 0.0217 2.6934 0.9919 2.1495
2820 1410.0 2.7323 0.5216 2.7323 0.9943 2.1705
2830 1415.0 2.7858 3.6819 2.7858 1.0130 2.2205
2840 1420.0 2.7670 2.2436 2.7670 0.9952 2.2958
2850 1425.0 2.7006 0.0002 2.7006 0.9802 2.3359
2860 1430.0 2.7053 0.0141 2.7053 0.9970 2.3378
2870 1435.0 2.7251 0.3156 2.7251 0.9794 2.3126
2880 1440.0 2.6713 0.4111 2.6713 1.0088 2.2405
2890 1445.0 2.6895 0.0548 2.6895 0.9641 2.2564
2900 1450.0 2.7277 0.3845 2.7277 1.0247 2.1873
2910 1455.0 2.8103 6.0794 2.8103 0.9763 2.2042
2920 1460.0 2.7103 0.0535 2.7103 1.0091 2.1243
2930 1465.0 2.6736 0.3476 2.6736 0.9543 2.1782
2940 1470.0 2.7013 0.0008 2.7013 1.0255 2.1843
2950 1475.0 2.7686 2.3496 2.7686 0.9559 2.3124
2960 1480.0 2.6948 0.0135 2.6948 1.0323 2.2790
2970 1485.0 2.6917 0.0345 2.6917 0.9468 2.4092
2980 1490.0 2.7051 0.0130 2.7051 1.0439 2.4878
2990 1495.0 2.7305 0.4646 2.7305 0.9688 2.6258
3000 1500.0 2.6929 0.0256 2.6929 1.0150 2.6301
3010 1505.0 2.6792 0.2158 2.6792 0.9613 2.6136
3020 1510.0 2.7057 0.0165 2.7057 0.9995 2.5439
3030 1515.0 2.6980 0.0020 2.6980 0.9741 2.5083
3040 1520.0 2.7072 0.0262 2.7072 0.9937 2.5478
3050 1525.0 2.7436 0.9505 2.7436 0.9773 2.6261
3060 1530.0 2.7495 1.2238 2.7495 0.9993 2.6312
3070 1535.0 2.7290 0.4208 2.7290 0.9897 2.6076
3080 1540.0 2.7087 0.0382 2.7087 0.9962 2.5359
3090 1545.0 2.7221 0.2449 2.7221 0.9897 2.4664
3100 1550.0 2.7533 1.4206 2.7533 1.0086 2.3781
3110 1555.0 2.6992 0.0003 2.6992 0.9955 2.2591
3120 1560.0 2.6222 3.0281 2.6222 0.9646 2.2348
3130 1565.0 2.6315 2.3430 2.6315 0.9840 2.2460
3140 1570.0 2.7483 1.1678 2.7483 0.9825 2.3339
3150 1575.0 2.7754 2.8454 2.7754 1.0264 2.3901
3160 1580.0 2.7339 0.5762 2.7339 0.9779 2.4580
3170 1585.0 2.6762 0.2842 2.6762 1.0046 2.4848
3180 1590.0 2.7316 0.4991 2.7316 0.9681 2.5796
3190 1595.0 2.7337 0.5675 2.7337 1.0226 2.6297
3200 1600.0 2.7290 0.4193 2.7290 0.9746 2.6978
3210 1605.0 2.7180 0.1614 2.7180 1.0075 2.6563
3220 1610.0 2.7490 1.1982 2.7490 0.9737 2.6266
3230 1615.0 2.6872 0.0824 2.6872 0.9892 2.6001
3240 1620.0 2.7028 0.0040 2.7028 0.9674 2.6321
3250 1625.0 2.7365 0.6663 2.7365 1.0137 2.5748
3260 1630.0 2.7457 1.0464 2.7457 0.9590 2.5640
3270 1635.0 2.6851 0.1111 2.6851 0.9945 2.4822
3280 1640.0 2.7081 0.0330 2.7081 0.9792 2.4782
3290 1645.0 2.7120 0.0725 2.7120 0.9965 2.4340
3300 1650.0 2.6838 0.1315 2.6838 0.9758 2.3923
3310 1655.0 2.6780 0.2415 2.6780 0.9776 2.3647
3320 1660.0 2.7166 0.1380 2.7166 0.9913 2.3929
3330 1665.0 2.7352 0.6178 2.7352 0.9869 2.4675
3340 1670.0 2.7246 0.3028 2.7246 0.9925 2.5059
3350 1675.0 2.7138 0.0947 2.7138 0.9603 2.4931
3360 1680.0 2.6613 0.7503 2.6613 1.0019 2.4598
3370 1685.0 2.6690 0.4815 2.6690 0.9502 2.5506
3380 1690.0 2.7257 0.3291 2.7257 1.0327 2.5803
3390 1695.0 2.7864 3.7333 2.7864 0.9365 2.6477
3400 1700.0 2.6665 0.5626 2.6665 1.0379 2.5368
3410 1705.0 2.6917 0.0346 2.6917 0.9267 2.5915
3420 1710.0 2.6935 0.0210 2.6935 1.0434 2.5502
3430 1715.0 2.7640 2.0452 2.7640 0.9490 2.5655
3440 1720.0 2.6772 0.2589 2.6772 1.0195 2.4306
3450 1725.0 2.6618 0.7296 2.6618 0.9588 2.4230
3460 1730.0 2.7283 0.4001 2.7283 1.0144 2.4058
3470 1735.0 2.7651 2.1180 2.7651 0.9717 2.4189
3480 1740.0 2.6736 0.3488 2.6736 1.0166 2.3255
3490 1745.0 2.6430 1.6227 2.6430 0.9605 2.3483
3500 1750.0 2.7107 0.0568 2.7107 1.0091 2.3570
3510 1755.0 2.7948 4.4945 2.7948 0.9845 2.4406
3520 1760.0 2.7038 0.0071 2.7038 1.0096 2.4307
3530 1765.0 2.6506 1.2226 2.6506 0.9859 2.4895
3540 1770.0 2.7341 0.5806 2.7341 0.9870 2.5837
3550 1775.0 2.7667 2.2276 2.7667 1.0019 2.6571
3560 1780.0 2.6840 0.1275 2.6840 1.0170 2.6800
3570 1785.0 2.7199 0.1977 2.7199 0.9754 2.7367
3580 1790.0 2.7664 2.2036 2.7664 1.0426 2.6961
3590 1795.0 2.7521 1.3559 2.7521 0.9611 2.6311
3600 1800.0 2.6594 0.8251 2.6594 1.0306 2.5178
3610 1805.0 2.7042 0.0086 2.7042 0.9650 2.4814
3620 1810.0 2.6945 0.0154 2.6945 1.0159 2.3920
3630 1815.0 2.7248 0.3067 2.7248 0.9859 2.3999
3640 1820.0 2.7214 0.2290 2.7214 1.0009 2.3770
3650 1825.0 2.7085 0.0364 2.7085 0.9919 2.3329
3660 1830.0 2.6868 0.0871 2.6868 0.9841 2.2848
3670 1835.0 2.6926 0.0275 2.6926 1.0051 2.2755
3680 1840.0 2.7541 1.4644 2.7541 0.9886 2.3080
3690 1845.0 2.7648 2.1024 2.7648 1.0100 2.2548
3700 1850.0 2.7205 0.2094 2.7205 0.9728 2.2115
3710 1855.0 2.6703 0.4403 2.6703 0.9899 2.1556
3720 1860.0 2.6906 0.0445 2.6906 0.9686 2.1783
3730 1865.0 2.7185 0.1704 2.7185 1.0133 2.1647
3740 1870.0 2.7820 3.3605 2.7820 0.9633 2.2293
3750 1875.0 2.6458 1.4682 2.6458 1.0198 2.1781
3760 1880.0 2.6387 1.8800 2.6387 0.9334 2.2966
3770 1885.0 2.6464 1.4354 2.6464 1.0246 2.2380
3780 1890.0 2.8065 5.6743 2.8065 0.9700 2.3178
3790 1895.0 2.7692 2.3937 2.7692 1.0183 2.2691
3800 1900.0 2.6518 1.1615 2.6518 0.9585 2.2775
3810 1905.0 2.6230 2.9667 2.6230 0.9749 2.2419
3820 1910.0 2.7594 1.7663 2.7594 1.0093 2.2424
3830 1915.0 2.8517 11.5001 2.8517 0.9908 2.3116
3840 1920.0 2.7782 3.0609 2.7782 1.0056 2.2567
3850 1925.0 2.6712 0.4161 2.6712 0.9689 2.2046
3860 1930.0 2.6719 0.3943 2.6719 1.0122 2.1766
3870 1935.0 2.7541 1.4612 2.7541 0.9629 2.2954
3880 1940.0 2.7464 1.0745 2.7464 1.0476 2.3747
3890 1945.0 2.7483 1.1686 2.7483 0.9586 2.5180
3900 1950.0 2.7330 0.5443 2.7330 1.0312 2.5572
3910 1955.0 2.7368 0.6764 2.7368 0.9573 2.6564
3920 1960.0 2.7091 0.0418 2.7091 1.0221 2.6428
3930 1965.0 2.7576 1.6566 2.7576 0.9648 2.5536
3940 1970.0 2.7135 0.0908 2.7135 1.0125 2.4318
3950 1975.0 2.6710 0.4196 2.6710 0.9626 2.4304
3960 1980.0 2.6956 0.0095 2.6956 1.0003 2.4305
3970 1985.0 2.8090 5.9423 2.8090 0.9681 2.5265
3980 1990.0 2.7412 0.8473 2.7412 1.0089 2.5233
3990 1995.0 2.6736 0.3475 2.6736 0.9463 2.5717
4000 2000.0 2.6821 0.1607 2.6821 0.9937 2.6496
4010 2005.0 2.8237 7.6560 2.8237 0.9905 2.6697
4020 2010.0 2.8224 7.4918 2.8224 1.0009 2.5966
4030 2015.0 2.7017 0.0014 2.7017 0.9890 2.4728
4040 2020.0 2.6450 1.5116 2.6450 0.9555 2.4555
4050 2025.0 2.6709 0.4226 2.6709 0.9899 2.4316
4060 2030.0 2.7869 3.7770 2.7869 0.9767 2.4424
4070 2035.0 2.7977 4.7713 2.7977 1.0179 2.3533
4080 2040.0 2.7217 0.2350 2.7217 0.9657 2.3138
4090 2045.0 2.6147 3.6355 2.6147 0.9774 2.2428
4100 2050.0 2.5984 5.1593 2.5984 0.9745 2.2111
4110 2055.0 2.6568 0.9325 2.6568 0.9618 2.2141
4120 2060.0 2.6679 0.5145 2.6679 1.0070 2.1917
4130 2065.0 2.6919 0.0327 2.6919 0.9564 2.2435
4140 2070.0 2.6838 0.1313 2.6838 1.0069 2.2133
4150 2075.0 2.7842 3.5422 2.7842 0.9924 2.1648
4160 2080.0 2.7382 0.7296 2.7382 1.0110 2.0770
4170 2085.0 2.6482 1.3398 2.6482 0.9758 2.0973
4180 2090.0 2.6049 4.5254 2.6049 0.9631 2.1376
4190 2095.0 2.6323 2.2945 2.6323 0.9824 2.1182
4200 2100.0 2.7229 0.2631 2.7229 0.9798 2.1451
4210 2105.0 2.7270 0.3649 2.7270 1.0217 2.1717
4220 2110.0 2.7259 0.3350 2.7259 0.9531 2.3014
4230 2115.0 2.6581 0.8790 2.6581 1.0175 2.3259
4240 2120.0 2.7335 0.5624 2.7335 0.9590 2.4497
4250 2125.0 2.7128 0.0822 2.7128 0.9905 2.4643
4260 2130.0 2.6489 1.3062 2.6489 0.9885 2.4814
4270 2135.0 2.6679 0.5144 2.6679 0.9378 2.5481
4280 2140.0 2.6874 0.0795 2.6874 1.0320 2.5449
4290 2145.0 2.8015 5.1475 2.8015 0.9522 2.6444
4300 2150.0 2.6777 0.2488 2.6777 1.0352 2.5492
4310 2155.0 2.6989 0.0006 2.6989 0.9332 2.6204
4320 2160.0 2.6958 0.0088 2.6958 1.0520 2.5770
4330 2165.0 2.8031 5.3176 2.8031 0.9524 2.6393
4340 2170.0 2.7130 0.0851 2.7130 1.0320 2.5176
4350 2175.0 2.6779 0.2435 2.6779 0.9486 2.5669
4360 2180.0 2.6925 0.0285 2.6925 1.0084 2.5874
4370 2185.0 2.7640 2.0453 2.7640 0.9838 2.5881
4380 2190.0 2.7265 0.3510 2.7265 0.9796 2.4956
4390 2195.0 2.6805 0.1909 2.6805 0.9689 2.4638
4400 2200.0 2.7361 0.6524 2.7361 0.9836 2.5341
4410 2205.0 2.7077 0.0296 2.7077 0.9956 2.5574
4420 2210.0 2.6662 0.5697 2.6662 0.9883 2.4946
4430 2215.0 2.7185 0.1717 2.7185 0.9807 2.4627
4440 2220.0 2.7665 2.2131 2.7665 0.9926 2.4596
4450 2225.0 2.7326 0.5322 2.7326 0.9760 2.4766
4460 2230.0 2.6572 0.9170 2.6572 0.9830 2.4658
4470 2235.0 2.6788 0.2250 2.6788 0.9747 2.4215
4480 2240.0 2.7488 1.1921 2.7488 0.9763 2.3934
4490 2245.0 2.7738 2.7228 2.7738 0.9833 2.4518
4500 2250.0 2.6981 0.0017 2.6981 1.0091 2.4966
4510 2255.0 2.6632 0.6756 2.6632 0.9672 2.5178
4520 2260.0 2.6662 0.5703 2.6662 0.9768 2.4625
4530 2265.0 2.6896 0.0544 2.6896 0.9787 2.4208
4540 2270.0 2.6955 0.0103 2.6955 0.9682 2.3585
4550 2275.0 2.6874 0.0799 2.6874 0.9975 2.2666
4560 2280.0 2.7237 0.2813 2.7237 0.9541 2.2589
4570 2285.0 2.6486 1.3196 2.6486 1.0111 2.1726
4580 2290.0 2.6588 0.8506 2.6588 0.9646 2.1757
4590 2295.0 2.6339 2.1841 2.6339 0.9690 2.1629
4600 2300.0 2.6048 4.5276 2.6048 0.9865 2.1636
4610 2305.0 2.6580 0.8800 2.6580 0.9418 2.2267
4620 2310.0 2.6504 1.2316 2.6504 0.9975 2.2155
4630 2315.0 2.7114 0.0651 2.7114 0.9821 2.2653
4640 2320.0 2.7371 0.6897 2.7371 1.0015 2.2756
4650 2325.0 2.7511 1.3065 2.7511 0.9713 2.3506
4660 2330.0 2.6842 0.1256 2.6842 1.0073 2.4130
4670 2335.0 2.6952 0.0117 2.6952 0.9656 2.5201
4680 2340.0 2.6545 1.0339 2.6545 0.9723 2.5118
4690 2345.0 2.6148 3.6261 2.6148 0.9832 2.4824
4700 2350.0 2.6473 1.3886 2.6473 0.9388 2.4901
4710 2355.0 2.6054 4.4749 2.6054 1.0174 2.3558
4720 2360.0 2.7531 1.4111 2.7531 0.9565 2.3587
4730 2365.0 2.7741 2.7457 2.7741 1.0422 2.3113
4740 2370.0 2.8094 5.9818 2.8094 0.9676 2.4175
4750 2375.0 2.6748 0.3179 2.6748 0.9941 2.3830
4760 2380.0 2.5526 10.8651 2.5526 0.9803 2.3842
4770 2385.0 2.5563 10.3216 2.5563 0.9115 2.4863
4780 2390.0 2.5138 17.3400 2.5138 0.9774 2.5396
4790 2395.0 2.5998 5.0193 2.5998 0.9726 2.6534
4800 2400.0 2.6948 0.0136 2.6948 0.9484 2.7024
4810 2405.0 2.7169 0.1425 2.7169 1.0080 2.6894
4820 2410.0 2.7892 3.9813 2.7892 0.9597 2.7980
4830 2415.0 2.7240 0.2890 2.7240 1.0274 2.7359
4840 2420.0 2.7400 0.8003 2.7400 0.9507 2.7962
4850 2425.0 2.6562 0.9604 2.6562 0.9925 2.6718
4860 2430.0 2.6679 0.5136 2.6679 0.9773 2.6034
4870 2435.0 2.6966 0.0056 2.6966 0.9500 2.6278
4880 2440.0 2.6712 0.4159 2.6712 1.0065 2.6536
4890 2445.0 2.6819 0.1631 2.6819 0.9588 2.6414
4900 2450.0 2.6484 1.3337 2.6484 0.9760 2.5497
4910 2455.0 2.6841 0.1267 2.6841 0.9914 2.5450
4920 2460.0 2.7779 3.0378 2.7779 0.9808 2.5735
4930 2465.0 2.7550 1.5116 2.7550 1.0231 2.4640
4940 2470.0 2.7313 0.4884 2.7313 0.9664 2.3708
4950 2475.0 2.6432 1.6155 2.6432 0.9924 2.3537
4960 2480.0 2.6491 1.2974 2.6491 0.9539 2.4380
4970 2485.0 2.6483 1.3375 2.6483 0.9887 2.4102
4980 2490.0 2.7258 0.3324 2.7258 0.9718 2.3813
4990 2495.0 2.7382 0.7314 2.7382 0.9836 2.3651
5000 2500.0 2.6737 0.3457 2.6737 0.9898 2.3728
5010 2505.0 2.6701 0.4479 2.6701 0.9422 2.4451
5020 2510.0 2.5998 5.0199 2.5998 1.0180 2.3493
5030 2515.0 2.7000 0.0000 2.7000 0.9337 2.3950
5040 2520.0 2.7808 3.2607 2.7808 1.0424 2.3363
5050 2525.0 2.8824 16.6417 2.8824 0.9442 2.4797
5060 2530.0 2.7202 0.2039 2.7202 1.0520 2.4598
5070 2535.0 2.7169 0.1428 2.7169 0.9363 2.6408
5080 2540.0 2.6396 1.8240 2.6396 0.9966 2.5439
5090 2545.0 2.6706 0.4335 2.6706 0.9786 2.5597
5100 2550.0 2.7360 0.6468 2.7360 0.9551 2.6073
5110 2555.0 2.7464 1.0754 2.7464 1.0218 2.5722
5120 2560.0 2.7954 4.5482 2.7954 0.9477 2.6658
5130 2565.0 2.7053 0.0141 2.7053 1.0245 2.6196
5140 2570.0 2.7157 0.1237 2.7157 0.9526 2.6997
5150 2575.0 2.6724 0.3816 2.6724 0.9820 2.6389
5160 2580.0 2.6615 0.7424 2.6615 0.9894 2.6001
5170 2585.0 2.6928 0.0262 2.6928 0.9455 2.5934
5180 2590.0 2.6485 1.3277 2.6485 1.0024 2.5148
5190 2595.0 2.6846 0.1193 2.6846 0.9565 2.5639
5200 2600.0 2.6833 0.1393 2.6833 0.9620 2.6096
5210 2605.0 2.6609 0.7644 2.6609 1.0111 2.5788
5220 2610.0 2.7377 0.7112 2.7377 0.9516 2.6493
5230 2615.0 2.6926 0.0276 2.6926 1.0162 2.6139
5240 2620.0 2.7591 1.7478 2.7591 0.9447 2.7178
5250 2625.0 2.7032 0.0051 2.7032 1.0264 2.6802
5260 2630.0 2.7625 1.9551 2.7625 0.9653 2.7316
5270 2635.0 2.7191 0.1821 2.7191 0.9857 2.6719
5280 2640.0 2.6701 0.4469 2.6701 0.9825 2.6634
5290 2645.0 2.6725 0.3783 2.6725 0.9490 2.7270
5300 2650.0 2.6562 0.9604 2.6562 1.0073 2.7513
5310 2655.0 2.7625 1.9509 2.7625 0.9578 2.8140
5320 2660.0 2.7534 1.4251 2.7534 0.9932 2.7766
5330 2665.0 2.6915 0.0363 2.6915 0.9780 2.8035
5340 2670.0 2.6445 1.5396 2.6445 0.9451 2.8065
5350 2675.0 2.5727 8.1040 2.5727 1.0008 2.7645
5360 2680.0 2.6890 0.0608 2.6890 0.9242 2.8571
5370 2685.0 2.7115 0.0660 2.7115 1.0286 2.8063
5380 2690.0 2.7565 1.5937 2.7565 0.9372 2.7812
5390 2695.0 2.6359 2.0519 2.6359 1.0181 2.6405
5400 2700.0 2.6462 1.4467 2.6462 0.9667 2.6197
5410 2705.0 2.6525 1.1297 2.6525 0.9682 2.6044
5420 2710.0 2.7226 0.2552 2.7226 1.0153 2.5805
5430 2715.0 2.7947 4.4809 2.7947 0.9560 2.6573
5440 2720.0 2.6462 1.4464 2.6462 1.0242 2.5736
5450 2725.0 2.6708 0.4261 2.6708 0.9213 2.6894
5460 2730.0 2.7356 0.6325 2.7356 1.0346 2.7141
5470 2735.0 2.7521 1.3570 2.7521 0.9334 2.8006
5480 2740.0 2.6641 0.6431 2.6641 0.9985 2.6991
5490 2745.0 2.6766 0.2742 2.6766 0.9776 2.6783
5500 2750.0 2.7139 0.0962 2.7139 0.9746 2.6865
5510 2755.0 2.7244 0.2969 2.7244 1.0005 2.6912
5520 2760.0 2.7436 0.9489 2.7436 0.9367 2.7443
5530 2765.0 2.7502 1.2590 2.7502 1.0458 2.7118
5540 2770.0 2.7519 1.3467 2.7519 0.9271 2.7444
5550 2775.0 2.6887 0.0635 2.6887 1.0292 2.6775
5560 2780.0 2.7065 0.0209 2.7065 0.9316 2.6101
5570 2785.0 2.7160 0.1278 2.7160 1.0057 2.6424
5580 2790.0 2.7220 0.2427 2.7220 0.9682 2.6953
5590 2795.0 2.6851 0.1110 2.6851 0.9700 2.7582
5600 2800.0 2.6469 1.4123 2.6469 0.9966 2.6963
5610 2805.0 2.7759 2.8821 2.7759 0.9501 2.7384
5620 2810.0 2.7477 1.1355 2.7477 1.0181 2.6562
5630 2815.0 2.7079 0.0314 2.7079 0.9396 2.6914
5640 2820.0 2.6586 0.8588 2.6586 1.0018 2.6280
5650 2825.0 2.7242 0.2919 2.7242 0.9738 2.6676
5660 2830.0 2.6748 0.3173 2.6748 1.0018 2.6439
5670 2835.0 2.6259 2.7463 2.6259 0.9825 2.6687
5680 2840.0 2.6930 0.0248 2.6930 0.9418 2.7134
5690 2845.0 2.7107 0.0567 2.7107 1.0493 2.6239
5700 2850.0 2.7330 0.5445 2.7330 0.9373 2.7503
5710 2855.0 2.6468 1.4129 2.6468 1.0034 2.5724
5720 2860.0 2.7766 2.9322 2.7766 0.9558 2.5896
5730 2865.0 2.7596 1.7751 2.7596 0.9924 2.5760
5740 2870.0 2.6991 0.0004 2.6991 1.0010 2.4861
5750 2875.0 2.7397 0.7897 2.7397 0.9505 2.4591
5760 2880.0 2.7319 0.5078 2.7319 1.0242 2.4283
5770 2885.0 2.7735 2.7018 2.7735 0.9414 2.5598
5780 2890.0 2.6748 0.3174 2.6748 1.0200 2.5889
5790 2895.0 2.7075 0.0284 2.7075 0.9561 2.6863
5800 2900.0 2.7033 0.0056 2.7033 0.9673 2.7601
5810 2905.0 2.6936 0.0206 2.6936 1.0160 2.7079
5820 2910.0 2.7700 2.4516 2.7700 0.9443 2.7490
5830 2915.0 2.6654 0.6000 2.6654 1.0230 2.6640
5840 2920.0 2.6803 0.1940 2.6803 0.9321 2.7520
5850 2925.0 2.6241 2.8770 2.6241 0.9867 2.7323
5860 2930.0 2.6519 1.1545 2.6519 0.9798 2.7358
5870 2935.0 2.7269 0.3618 2.7269 0.9550 2.7718
5880 2940.0 2.7121 0.0735 2.7121 1.0301 2.7082
5890 2945.0 2.7529 1.4006 2.7529 0.9306 2.7222
5900 2950.0 2.6568 0.9317 2.6568 1.0154 2.6804
5910 2955.0 2.6990 0.0005 2.6990 0.9583 2.7251
5920 2960.0 2.6939 0.0184 2.6939 0.9791 2.6723
5930 2965.0 2.6917 0.0346 2.6917 1.0039 2.5333
5940 2970.0 2.7811 3.2879 2.7811 0.9477 2.4927
5950 2975.0 2.7475 1.1264 2.7475 1.0317 2.3619
5960 2980.0 2.7405 0.8221 2.7405 0.9295 2.3756
5970 2985.0 2.5881 6.2635 2.5881 1.0237 2.2401
5980 2990.0 2.6148 3.6299 2.6148 0.9447 2.2557
5990 2995.0 2.6408 1.7496 2.6408 0.9724 2.1964
6000 3000.0 2.7235 0.2764 2.7235 1.0253 2.1704
6010 3005.0 2.7650 2.1093 2.7650 0.9516 2.2152
6020 3010.0 2.6453 1.4942 2.6453 1.0354 2.1215
6030 3015.0 2.6628 0.6912 2.6628 0.9168 2.2458
6040 3020.0 2.6361 2.0396 2.6361 1.0354 2.2657
6050 3025.0 2.8170 6.8402 2.8170 0.9474 2.4458
6060 3030.0 2.7530 1.4062 2.7530 1.0279 2.4283
6070 3035.0 2.6491 1.2969 2.6491 0.9522 2.4690
6080 3040.0 2.6268 2.6797 2.6268 0.9796 2.5146
6090 3045.0 2.7665 2.2115 2.7665 0.9957 2.6365
6100 3050.0 2.7914 4.1776 2.7914 0.9823 2.6783
6110 3055.0 2.7059 0.0174 2.7059 1.0026 2.6265
6120 3060.0 2.7370 0.6837 2.7370 0.9745 2.6295
6130 3065.0 2.7198 0.1969 2.7198 0.9968 2.6074
6140 3070.0 2.7122 0.0741 2.7122 0.9708 2.5993
6150 3075.0 2.6724 0.3809 2.6724 1.0018 2.5692
6160 3080.0 2.7368 0.6763 2.7368 0.9631 2.6298
6170 3085.0 2.7401 0.8026 2.7401 1.0071 2.6388
6180 3090.0 2.7436 0.9495 2.7436 0.9622 2.6826
6190 3095.0 2.7071 0.0250 2.7071 0.9996 2.7565
6200 3100.0 2.7304 0.4620 2.7304 0.9688 2.8088
6210 3105.0 2.6751 0.3092 2.6751 0.9886 2.6981
6220 3110.0 2.6856 0.1035 2.6856 0.9724 2.5853
6230 3115.0 2.7792 3.1341 2.7792 0.9938 2.5451
6240 3120.0 2.7744 2.7655 2.7744 0.9943 2.5079
6250 3125.0 2.6667 0.5551 2.6667 0.9763 2.4666
6260 3130.0 2.6134 3.7518 2.6134 0.9783 2.4660
6270 3135.0 2.6765 0.2760 2.6765 0.9808 2.5592
6280 3140.0 2.7829 3.4338 2.7829 1.0013 2.6719
6290 3145.0 2.7508 1.2880 2.7508 0.9693 2.7360
6300 3150.0 2.6500 1.2485 2.6500 0.9935 2.7336
6310 3155.0 2.7059 0.0175 2.7059 0.9744 2.6386
6320 3160.0 2.7422 0.8908 2.7422 0.9817 2.6209
6330 3165.0 2.7316 0.4979 2.7316 0.9942 2.6543
6340 3170.0 2.7273 0.3725 2.7273 0.9618 2.7360
6350 3175.0 2.6645 0.6317 2.6645 1.0018 2.5880
6360 3180.0 2.7172 0.1472 2.7172 0.9591 2.4568
6370 3185.0 2.7316 0.5001 2.7316 1.0109 2.3149
6380 3190.0 2.6855 0.1051 2.6855 0.9668 2.2975
6390 3195.0 2.6247 2.8332 2.6247 0.9885 2.2638
6400 3200.0 2.6417 1.7002 2.6417 0.9775 2.2521
6410 3205.0 2.7291 0.4231 2.7291 0.9835 2.2586
6420 3210.0 2.7960 4.6066 2.7960 1.0038 2.3121
6430 3215.0 2.7816 3.3277 2.7816 0.9788 2.3856
6440 3220.0 2.6559 0.9718 2.6559 1.0138 2.4061
6450 3225.0 2.6669 0.5479 2.6669 0.9301 2.5064
6460 3230.0 2.6373 1.9641 2.6373 1.0116 2.5764
6470 3235.0 2.7402 0.8091 2.7402 0.9497 2.7414
6480 3240.0 2.7044 0.0097 2.7044 1.0221 2.7413
6490 3245.0 2.7234 0.2744 2.7234 0.9619 2.7556
6500 3250.0 2.6582 0.8750 2.6582 1.0100 2.7187
6510 3255.0 2.6580 0.8805 2.6580 0.9722 2.7773
6520 3260.0 2.6401 1.7930 2.6401 0.9757 2.8249
6530 3265.0 2.6118 3.8907 2.6118 1.0062 2.8619
6540 3270.0 2.6771 0.2616 2.6771 0.9454 2.7640
6550 3275.0 2.6423 1.6665 2.6423 1.0341 2.6742
6560 3280.0 2.7180 0.1612 2.7180 0.9447 2.7079
6570 3285.0 2.6633 0.6742 2.6633 1.0223 2.7267
6580 3290.0 2.7062 0.0193 2.7062 0.9628 2.7757
6590 3295.0 2.7136 0.0928 2.7136 0.9925 2.7629
6600 3300.0 2.7371 0.6873 2.7371 0.9956 2.7344
6610 3305.0 2.7472 1.1134 2.7472 0.9768 2.7272
6620 3310.0 2.6654 0.5978 2.6654 1.0257 2.7747
6630 3315.0 2.7114 0.0654 2.7114 0.9335 2.8132
6640 3320.0 2.6688 0.4856 2.6688 1.0351 2.7251
6650 3325.0 2.7836 3.4908 2.7836 0.9605 2.6107
6660 3330.0 2.7279 0.3904 2.7279 1.0140 2.4885
6670 3335.0 2.7043 0.0091 2.7043 0.9836 2.4607
6680 3340.0 2.6780 0.2420 2.6780 0.9587 2.4721
6690 3345.0 2.6123 3.8440 2.6123 1.0205 2.4996
6700 3350.0 2.6736 0.3482 2.6736 0.9222 2.6294
6710 3355.0 2.6158 3.5438 2.6158 1.0387 2.6888
6720 3360.0 2.6939 0.0186 2.6939 0.9502 2.6049
6730 3365.0 2.6432 1.6127 2.6432 0.9960 2.5437
6740 3370.0 2.6169 3.4500 2.6169 1.0060 2.6158
6750 3375.0 2.6765 0.2760 2.6765 0.9346 2.7748
6760 3380.0 2.5911 5.9258 2.5911 1.0570 2.6483
6770 3385.0 2.6980 0.0019 2.6980 0.9182 2.7453
6780 3390.0 2.6111 3.9482 2.6111 1.0349 2.6899
6790 3395.0 2.6842 0.1250 2.6842 0.9589 2.7231
6800 3400.0 2.6716 0.4025 2.6716 0.9910 2.7285
6810 3405.0 2.6613 0.7507 2.6613 1.0158 2.7225
6820 3410.0 2.7106 0.0559 2.7106 0.9479 2.8158
6830 3415.0 2.6573 0.9097 2.6573 1.0259 2.6852
6840 3420.0 2.7575 1.6526 2.7575 0.9313 2.7181
6850 3425.0 2.6803 0.1938 2.6803 1.0352 2.6135
6860 3430.0 2.7582 1.6926 2.7582 0.9666 2.5683
6870 3435.0 2.7387 0.7505 2.7387 1.0065 2.4774
6880 3440.0 2.7226 0.2550 2.7226 1.0055 2.5007
6890 3445.0 2.7412 0.8486 2.7412 0.9502 2.5839
6900 3450.0 2.6584 0.8660 2.6584 1.0263 2.5365
6910 3455.0 2.7099 0.0493 2.7099 0.9439 2.5904
6920 3460.0 2.6513 1.1853 2.6513 0.9937 2.6374
6930 3465.0 2.6423 1.6634 2.6423 1.0055 2.8062
6940 3470.0 2.6893 0.0567 2.6893 0.9490 2.7288
6950 3475.0 2.6417 1.6988 2.6417 1.0371 2.7712
6960 3480.0 2.7430 0.9236 2.7430 0.9243 2.8407
6970 3485.0 2.6570 0.9232 2.6570 1.0358 2.7891
6980 3490.0 2.6996 0.0001 2.6996 0.9653 2.7420
6990 3495.0 2.6705 0.4357 2.6705 0.9745 2.7654
7000 3500.0 2.5684 8.6576 2.5684 1.0116 2.7991
7010 3505.0 2.6230 2.9627 2.6230 0.9006 2.7786
7020 3510.0 2.5411 12.6176 2.5411 1.0124 2.6935
7030 3515.0 2.6099 4.0599 2.6099 0.9698 2.8098
7040 3520.0 2.6419 1.6866 2.6419 0.9597 2.8179
7050 3525.0 2.5595 9.8673 2.5595 1.0026 2.7935
7060 3530.0 2.6281 2.5850 2.6281 0.9396 2.6722
7070 3535.0 2.6707 0.4307 2.6707 1.0066 2.4986
7080 3540.0 2.7741 2.7423 2.7741 0.9822 2.4745
7090 3545.0 2.7607 1.8420 2.7607 0.9921 2.4433
7100 3550.0 2.6681 0.5084 2.6681 1.0055 2.4078
7110 3555.0 2.6401 1.7915 2.6401 0.9291 2.4853
7120 3560.0 2.5200 16.1961 2.5200 1.0089 2.5399
7130 3565.0 2.6109 3.9727 2.6109 0.9339 2.5037
7140 3570.0 2.6009 4.9088 2.6009 0.9828 2.4623
7150 3575.0 2.6037 4.6385 2.6037 1.0085 2.4726
7160 3580.0 2.7085 0.0363 2.7085 0.9351 2.5139
7170 3585.0 2.6462 1.4482 2.6462 1.0393 2.3750
7180 3590.0 2.7235 0.2754 2.7235 0.9327 2.4134
7190 3595.0 2.6302 2.4365 2.6302 1.0343 2.3743
7200 3600.0 2.6956 0.0098 2.6956 0.9619 2.4332
7210 3605.0 2.7058 0.0170 2.7058 0.9754 2.3634
7220 3610.0 2.7030 0.0045 2.7030 1.0141 2.2670
7230 3615.0 2.7215 0.2308 2.7215 0.9665 2.2809
7240 3620.0 2.6435 1.5963 2.6435 1.0084 2.1826
7250 3625.0 2.6862 0.0950 2.6862 0.9534 2.1487
7260 3630.0 2.6966 0.0057 2.6966 1.0085 2.0608
7270 3635.0 2.7272 0.3701 2.7272 0.9635 2.1138
7280 3640.0 2.7071 0.0251 2.7071 1.0074 2.1090
7290 3645.0 2.8083 5.8652 2.8083 0.9787 2.1889
7300 3650.0 2.8194 7.1329 2.8194 1.0144 2.1821
7310 3655.0 2.7235 0.2769 2.7235 0.9723 2.1931
7320 3660.0 2.6289 2.5273 2.6289 0.9770 2.1962
7330 3665.0 2.6586 0.8579 2.6586 0.9747 2.2048
7340 3670.0 2.6826 0.1516 2.6826 0.9787 2.2207
7350 3675.0 2.6755 0.2993 2.6755 0.9985 2.2949
7360 3680.0 2.7685 2.3452 2.7685 0.9889 2.4132
7370 3685.0 2.7883 3.9023 2.7883 0.9937 2.4505
7380 3690.0 2.7246 0.3020 2.7246 0.9660 2.4746
7390 3695.0 2.6435 1.5963 2.6435 1.0007 2.4924
7400 3700.0 2.7062 0.0194 2.7062 0.9620 2.5636
7410 3705.0 2.7450 1.0127 2.7450 1.0195 2.5114
7420 3710.0 2.7189 0.1790 2.7189 0.9531 2.4645
7430 3715.0 2.6786 0.2286 2.6786 1.0125 2.3697
7440 3720.0 2.7313 0.4892 2.7313 0.9535 2.4500
7450 3725.0 2.7301 0.4524 2.7301 1.0151 2.4136
7460 3730.0 2.6931 0.0235 2.6931 0.9450 2.4618
7470 3735.0 2.7164 0.1353 2.7164 1.0219 2.4526
7480 3740.0 2.7996 4.9583 2.7996 0.9462 2.5282
7490 3745.0 2.7082 0.0338 2.7082 1.0186 2.4095
7500 3750.0 2.6396 1.8244 2.6396 0.9637 2.3955
7510 3755.0 2.6970 0.0045 2.6970 0.9715 2.4090
7520 3760.0 2.8091 5.9502 2.8091 1.0039 2.4575
7530 3765.0 2.7474 1.1257 2.7474 0.9580 2.4528
7540 3770.0 2.6295 2.4843 2.6295 1.0000 2.3438
7550 3775.0 2.6948 0.0138 2.6948 0.9584 2.4056
7560 3780.0 2.8395 9.7280 2.8395 1.0008 2.5557
7570 3785.0 2.7652 2.1278 2.7652 0.9764 2.6474
7580 3790.0 2.6523 1.1393 2.6523 0.9915 2.6321
7590 3795.0 2.7209 0.2190 2.7209 0.9707 2.6409
7600 3800.0 2.8091 5.9500 2.8091 0.9903 2.6917
7610 3805.0 2.7266 0.3538 2.7266 0.9863 2.7266
7620 3810.0 2.6566 0.9428 2.6566 0.9852 2.7386
7630 3815.0 2.7144 0.1036 2.7144 0.9941 2.6650
7640 3820.0 2.7930 4.3258 2.7930 0.9743 2.6129
7650 3825.0 2.7210 0.2208 2.7210 0.9943 2.5953
7660 3830.0 2.6688 0.4873 2.6688 0.9587 2.6354
7670 3835.0 2.6664 0.5650 2.6664 1.0001 2.5924
7680 3840.0 2.7975 4.7559 2.7975 0.9696 2.5767
7690 3845.0 2.8060 5.6168 2.8060 1.0007 2.5803
7700 3850.0 2.7224 0.2504 2.7224 0.9803 2.6747
7710 3855.0 2.6821 0.1604 2.6821 0.9769 2.7724
7720 3860.0 2.6924 0.0289 2.6924 0.9691 2.7962
7730 3865.0 2.7411 0.8466 2.7411 0.9814 2.8239
7740 3870.0 2.7869 3.7762 2.7869 0.9813 2.8572
7750 3875.0 2.7381 0.7267 2.7381 0.9834 2.9151
7760 3880.0 2.6660 0.5783 2.6660 0.9734 2.8741
7770 3885.0 2.6601 0.7970 2.6601 0.9715 2.8005
7780 3890.0 2.7581 1.6899 2.7581 0.9832 2.8036
7790 3895.0 2.7916 4.1968 2.7916 1.0031 2.7891
7800 3900.0 2.6795 0.2092 2.6795 0.9677 2.6606
7810 3905.0 2.5936 5.6619 2.5936 0.9873 2.5402
7820 3910.0 2.7558 1.5559 2.7558 0.9759 2.6055
7830 3915.0 2.8673 13.9886 2.8673 1.0012 2.6401
7840 3920.0 2.7261 0.3405 2.7261 0.9706 2.5267
7850 3925.0 2.5843 6.6979 2.5843 0.9634 2.4428
7860 3930.0 2.6691 0.4764 2.6691 0.9709 2.4576
7870 3935.0 2.8494 11.1569 2.8494 1.0263 2.4653
7880 3940.0 2.8414 9.9971 2.8414 0.9732 2.4320
7890 3945.0 2.6087 4.1670 2.6087 1.0111 2.2624
7900 3950.0 2.6323 2.2931 2.6323 0.9574 2.2482
7910 3955.0 2.7475 1.1282 2.7475 1.0079 2.2437
7920 3960.0 2.8122 6.2986 2.8122 0.9710 2.3222
7930 3965.0 2.7145 0.1057 2.7145 1.0071 2.2851
7940 3970.0 2.6900 0.0502 2.6900 0.9918 2.2440
7950 3975.0 2.7169 0.1425 2.7169 0.9727 2.2192
7960 3980.0 2.7075 0.0284 2.7075 1.0037 2.1816
7970 3985.0 2.6700 0.4515 2.6700 0.9778 2.2690
7980 3990.0 2.6614 0.7461 2.6614 1.0242 2.3403
7990 3995.0 2.7354 0.6263 2.7354 0.9525 2.3571
8000 4000.0 2.6696 0.4612 2.6696 1.0105 2.3234
8010 4005.0 2.6672 0.5372 2.6672 0.9489 2.5184
8020 4010.0 2.7564 1.5878 2.7564 1.0258 2.6816
8030 4015.0 2.8346 9.0596 2.8346 0.9469 2.6866
8040 4020.0 2.6830 0.1446 2.6830 1.0118 2.5297
8050 4025.0 2.6121 3.8597 2.6121 0.9377 2.5110
8060 4030.0 2.6888 0.0624 2.6888 1.0070 2.5487
8070 4035.0 2.8679 14.0985 2.8679 0.9726 2.7154
8080 4040.0 2.7540 1.4592 2.7540 1.0035 2.6834
8090 4045.0 2.6363 2.0288 2.6363 0.9729 2.5927
8100 4050.0 2.7111 0.0612 2.7111 0.9740 2.5704
8110 4055.0 2.7521 1.3570 2.7521 0.9901 2.5831
8120 4060.0 2.7124 0.0773 2.7124 0.9830 2.6073
8130 4065.0 2.7209 0.2194 2.7209 0.9771 2.6075
8140 4070.0 2.7243 0.2944 2.7243 0.9880 2.5702
8150 4075.0 2.7070 0.0246 2.7070 0.9728 2.5303
8160 4080.0 2.6793 0.2151 2.6793 0.9784 2.5371
8170 4085.0 2.7071 0.0254 2.7071 0.9815 2.5874
8180 4090.0 2.7451 1.0184 2.7451 0.9845 2.5922
8190 4095.0 2.7239 0.2856 2.7239 0.9811 2.5352
8200 4100.0 2.6879 0.0736 2.6879 0.9871 2.4964
8210 4105.0 2.6949 0.0131 2.6949 0.9642 2.5104
8220 4110.0 2.6942 0.0169 2.6942 1.0120 2.4538
8230 4115.0 2.7443 0.9817 2.7443 0.9731 2.4131
8240 4120.0 2.7181 0.1631 2.7181 0.9897 2.3267
8250 4125.0 2.6942 0.0167 2.6942 0.9772 2.2978
8260 4130.0 2.7025 0.0031 2.7025 1.0006 2.2828
8270 4135.0 2.7833 3.4719 2.7833 0.9875 2.2855
8280 4140.0 2.8041 5.4196 2.8041 0.9800 2.2626
8290 4145.0 2.6449 1.5161 2.6449 1.0108 2.1824
8300 4150.0 2.6737 0.3468 2.6737 0.9465 2.2272
8310 4155.0 2.7626 1.9600 2.7626 1.0332 2.2261
8320 4160.0 2.8161 6.7344 2.8161 0.9607 2.2859
8330 4165.0 2.6730 0.3632 2.6730 1.0169 2.2224
8340 4170.0 2.6532 1.0946 2.6532 0.9724 2.2644
8350 4175.0 2.7022 0.0024 2.7022 0.9928 2.3015
8360 4180.0 2.7548 1.4992 2.7548 0.9882 2.3506
8370 4185.0 2.7249 0.3091 2.7249 0.9819 2.3919
8380 4190.0 2.6787 0.2276 2.6787 0.9986 2.3956
8390 4195.0 2.7170 0.1438 2.7170 0.9579 2.4537
8400 4200.0 2.6798 0.2037 2.6798 0.9967 2.4286
8410 4205.0 2.6996 0.0001 2.6996 0.9657 2.4281
8420 4210.0 2.6962 0.0071 2.6962 0.9921 2.3972
8430 4215.0 2.7429 0.9181 2.7429 0.9800 2.3884
8440 4220.0 2.7340 0.5787 2.7340 0.9770 2.3582
8450 4225.0 2.6924 0.0291 2.6924 0.9826 2.3160
8460 4230.0 2.6883 0.0688 2.6883 0.9801 2.3062
8470 4235.0 2.7327 0.5342 2.7327 0.9818 2.3149
8480 4240.0 2.7270 0.3653 2.7270 0.9825 2.3224
8490 4245.0 2.7022 0.0024 2.7022 1.0070 2.3407
8500 4250.0 2.7703 2.4688 2.7703 0.9812 2.3905
8510 4255.0 2.7690 2.3783 2.7690 1.0154 2.3407
8520 4260.0 2.7224 0.2512 2.7224 0.9763 2.3002
8530 4265.0 2.6677 0.5202 2.6677 0.9831 2.2571
8540 4270.0 2.6719 0.3961 2.6719 0.9761 2.2551
8550 4275.0 2.6797 0.2062 2.6797 0.9770 2.2868
8560 4280.0 2.6733 0.3559 2.6733 0.9880 2.3525
8570 4285.0 2.6958 0.0088 2.6958 0.9844 2.4383
8580 4290.0 2.7268 0.3587 2.7268 0.9910 2.4775
8590 4295.0 2.7204 0.2076 2.7204 0.9796 2.4997
8600 4300.0 2.6598 0.8095 2.6598 0.9765 2.5229
8610 4305.0 2.6406 1.7665 2.6406 0.9773 2.5600
8620 4310.0 2.7049 0.0119 2.7049 0.9739 2.5644
8630 4315.0 2.7492 1.2105 2.7492 1.0065 2.5544
8640 4320.0 2.7305 0.4643 2.7305 0.9624 2.5867
8650 4325.0 2.6654 0.5982 2.6654 1.0029 2.5971
8660 4330.0 2.7087 0.0382 2.7087 0.9696 2.5200
8670 4335.0 2.7004 0.0001 2.7004 0.9806 2.4388
8680 4340.0 2.6507 1.2173 2.6507 1.0013 2.3417
8690 4345.0 2.7556 1.5432 2.7556 0.9776 2.3248
8700 4350.0 2.8469 10.7870 2.8469 1.0245 2.2857
8710 4355.0 2.7367 0.6725 2.7367 0.9761 2.2515
8720 4360.0 2.6034 4.6644 2.6034 0.9757 2.2251
8730 4365.0 2.6356 2.0737 2.6356 0.9638 2.2539
8740 4370.0 2.6968 0.0050 2.6968 0.9701 2.2764
8750 4375.0 2.6861 0.0970 2.6861 0.9938 2.2583
8760 4380.0 2.7256 0.3279 2.7256 0.9730 2.2809
8770 4385.0 2.7765 2.9267 2.7765 1.0268 2.2786
8780 4390.0 2.8257 7.8980 2.8257 0.9833 2.3634
8790 4395.0 2.6638 0.6537 2.6638 1.0106 2.3319
8800 4400.0 2.6071 4.3192 2.6071 0.9606 2.3899
8810 4405.0 2.5862 6.4802 2.5862 0.9650 2.4550
8820 4410.0 2.5922 5.8152 2.5922 0.9781 2.5211
8830 4415.0 2.6245 2.8474 2.6245 0.9585 2.4382
8840 4420.0 2.6133 3.7544 2.6133 0.9969 2.3569
8850 4425.0 2.7240 0.2871 2.7240 0.9845 2.3909
8860 4430.0 2.7818 3.3423 2.7818 1.0096 2.4380
8870 4435.0 2.7134 0.0901 2.7134 0.9783 2.5061
8880 4440.0 2.6343 2.1562 2.6343 0.9971 2.5500
8890 4445.0 2.6682 0.5049 2.6682 0.9857 2.5546
8900 4450.0 2.6432 1.6149 2.6432 0.9915 2.5085
8910 4455.0 2.5363 13.4004 2.5363 0.9609 2.3724
8920 4460.0 2.5449 12.0356 2.5449 0.9517 2.3966
8930 4465.0 2.6557 0.9814 2.6557 1.0005 2.5387
8940 4470.0 2.7694 2.4097 2.7694 0.9879 2.7955
8950 4475.0 2.7479 1.1452 2.7479 1.0160 2.8304
8960 4480.0 2.7458 1.0493 2.7458 0.9789 2.7840
8970 4485.0 2.6744 0.3278 2.6744 1.0002 2.7414
8980 4490.0 2.6383 1.9034 2.6383 0.9400 2.7003
8990 4495.0 2.5611 9.6518 2.5611 0.9584 2.5531
9000 4500.0 2.5504 11.1960 2.5504 0.9772 2.5099
9010 4505.0 2.6825 0.1531 2.6825 0.9523 2.6723
9020 4510.0 2.7264 0.3495 2.7264 1.0068 2.8104
9030 4515.0 2.7563 1.5831 2.7563 0.9778 2.7434
9040 4520.0 2.7177 0.1562 2.7177 0.9969 2.5993
9050 4525.0 2.7190 0.1811 2.7190 0.9967 2.5811
9060 4530.0 2.7244 0.2978 2.7244 0.9927 2.6879
9070 4535.0 2.7099 0.0488 2.7099 0.9774 2.7017
9080 4540.0 2.6943 0.0161 2.6943 1.0002 2.5943
9090 4545.0 2.6962 0.0073 2.6962 0.9735 2.5939
9100 4550.0 2.6227 2.9898 2.6227 0.9845 2.7079
9110 4555.0 2.6194 3.2494 2.6194 0.9613 2.7501
9120 4560.0 2.6279 2.5964 2.6279 0.9801 2.5620
9130 4565.0 2.6270 2.6653 2.6270 0.9726 2.4728
9140 4570.0 2.6252 2.7993 2.6252 0.9693 2.4758
9150 4575.0 2.6709 0.4241 2.6709 0.9597 2.5229
9160 4580.0 2.6872 0.0818 2.6872 0.9924 2.5413
9170 4585.0 2.7192 0.1846 2.7192 0.9827 2.5950
9180 4590.0 2.7150 0.1124 2.7150 1.0020 2.6318
9190 4595.0 2.7368 0.6759 2.7368 0.9822 2.6153
9200 4600.0 2.7197 0.1947 2.7197 0.9778 2.6603
9210 4605.0 2.6915 0.0360 2.6915 0.9919 2.6408
9220 4610.0 2.6900 0.0504 2.6900 0.9593 2.6222
9230 4615.0 2.6365 2.0159 2.6365 0.9868 2.5884
9240 4620.0 2.6356 2.0746 2.6356 0.9514 2.6015
9250 4625.0 2.6229 2.9704 2.6229 0.9612 2.5578
9260 4630.0 2.6090 4.1418 2.6090 0.9808 2.5154
9270 4635.0 2.6267 2.6834 2.6267 0.9694 2.5369
9280 4640.0 2.6315 2.3447 2.6315 0.9705 2.5915
9290 4645.0 2.6227 2.9905 2.6227 0.9776 2.6862
9300 4650.0 2.5990 5.1014 2.5990 0.9727 2.7439
9310 4655.0 2.5580 10.0851 2.5580 0.9806 2.7356
9320 4660.0 2.5886 6.2086 2.5886 0.9316 2.6560
9330 4665.0 2.5485 11.4720 2.5485 1.0030 2.5595
9340 4670.0 2.6721 0.3887 2.6721 0.9496 2.5866
9350 4675.0 2.7312 0.4880 2.7312 0.9987 2.5941
9360 4680.0 2.7771 2.9737 2.7771 1.0086 2.5911
9370 4685.0 2.7749 2.8080 2.7749 0.9714 2.5824
9380 4690.0 2.6890 0.0607 2.6890 1.0183 2.5441
9390 4695.0 2.7205 0.2104 2.7205 0.9369 2.5675
9400 4700.0 2.6535 1.0819 2.6535 1.0045 2.5436
9410 4705.0 2.7069 0.0237 2.7069 0.9650 2.6711
9420 4710.0 2.7138 0.0948 2.7138 0.9928 2.7856
9430 4715.0 2.6966 0.0057 2.6966 0.9903 2.7194
9440 4720.0 2.6865 0.0905 2.6865 0.9690 2.7446
9450 4725.0 2.6411 1.7374 2.6411 0.9972 2.6794
9460 4730.0 2.6432 1.6110 2.6432 0.9537 2.6339
9470 4735.0 2.6189 3.2872 2.6189 1.0176 2.6388
9480 4740.0 2.6924 0.0289 2.6924 0.9532 2.5283
9490 4745.0 2.6808 0.1835 2.6808 0.9972 2.4126
9500 4750.0 2.6908 0.0424 2.6908 0.9857 2.4599
9510 4755.0 2.7163 0.1321 2.7163 0.9491 2.5424
9520 4760.0 2.6788 0.2249 2.6788 1.0393 2.4264
9530 4765.0 2.7806 3.2479 2.7806 0.9504 2.4805
9540 4770.0 2.6818 0.1653 2.6818 1.0123 2.4730
9550 4775.0 2.6608 0.7680 2.6608 0.9604 2.5935
9560 4780.0 2.6505 1.2256 2.6505 0.9592 2.6227
9570 4785.0 2.6400 1.8007 2.6400 0.9906 2.5968
9580 4790.0 2.6946 0.0144 2.6946 0.9547 2.6446
9590 4795.0 2.7211 0.2235 2.7211 0.9972 2.6542
9600 4800.0 2.7796 3.1644 2.7796 0.9889 2.6781
9610 4805.0 2.7569 1.6171 2.7569 1.0047 2.5737
9620 4810.0 2.7269 0.3621 2.7269 0.9757 2.5148
9630 4815.0 2.6419 1.6849 2.6419 0.9656 2.4697
9640 4820.0 2.6333 2.2232 2.6333 0.9752 2.4250
9650 4825.0 2.7267 0.3558 2.7267 0.9674 2.4289
9660 4830.0 2.7285 0.4074 2.7285 1.0087 2.3768
9670 4835.0 2.7097 0.0471 2.7097 0.9564 2.3778
9680 4840.0 2.6555 0.9918 2.6555 1.0080 2.2807
9690 4845.0 2.6993 0.0002 2.6993 0.9500 2.3155
9700 4850.0 2.6847 0.1170 2.6847 1.0134 2.2491
9710 4855.0 2.7494 1.2213 2.7494 0.9698 2.2852
9720 4860.0 2.7342 0.5857 2.7342 1.0117 2.2266
9730 4865.0 2.7012 0.0007 2.7012 0.9669 2.2253
9740 4870.0 2.6548 1.0215 2.6548 1.0072 2.1596
9750 4875.0 2.7057 0.0164 2.7057 0.9629 2.2105
9760 4880.0 2.7361 0.6529 2.7361 1.0068 2.1976
9770 4885.0 2.7209 0.2193 2.7209 0.9662 2.2191
9780 4890.0 2.6309 2.3840 2.6309 0.9820 2.1904
9790 4895.0 2.6381 1.9175 2.6381 0.9681 2.2033
9800 4900.0 2.7324 0.5260 2.7324 0.9903 2.2381
9810 4905.0 2.8215 7.3870 2.8215 1.0012 2.2741
9820 4910.0 2.7364 0.6627 2.7364 0.9862 2.2523
9830 4915.0 2.6273 2.6409 2.6273 0.9843 2.2573
9840 4920.0 2.6117 3.8977 2.6117 0.9620 2.2894
9850 4925.0 2.6427 1.6391 2.6427 0.9688 2.2715
9860 4930.0 2.6895 0.0552 2.6895 0.9851 2.2600
9870 4935.0 2.7367 0.6728 2.7367 0.9722 2.3030
9880 4940.0 2.7243 0.2944 2.7243 1.0064 2.2728
9890 4945.0 2.7429 0.9182 2.7429 0.9762 2.2210
9900 4950.0 2.7262 0.3439 2.7262 1.0033 2.1678
9910 4955.0 2.7463 1.0740 2.7463 0.9697 2.2024
9920 4960.0 2.7133 0.0887 2.7133 1.0117 2.1674
9930 4965.0 2.7187 0.1751 2.7187 0.9634 2.2100
9940 4970.0 2.6665 0.5609 2.6665 0.9917 2.1814
9950 4975.0 2.6952 0.0114 2.6952 0.9600 2.2229
9960 4980.0 2.6852 0.1097 2.6852 0.9934 2.2336
9970 4985.0 2.7127 0.0812 2.7127 0.9773 2.3055
9980 4990.0 2.7366 0.6710 2.7366 0.9738 2.3537
9990 4995.0 2.6943 0.0163 2.6943 1.0081 2.3406
10000 5000.0 2.6953 0.0110 2.6953 0.9378 2.4054
10010 5005.0 2.6291 2.5134 2.6291 1.0015 2.3692
10020 5010.0 2.6808 0.1847 2.6808 0.9658 2.3743
10030 5015.0 2.6966 0.0058 2.6966 0.9897 2.3258
10040 5020.0 2.6794 0.2120 2.6794 0.9952 2.3148
10050 5025.0 2.6822 0.1584 2.6822 0.9465 2.3761
10060 5030.0 2.6333 2.2240 2.6333 1.0180 2.3076
10070 5035.0 2.7131 0.0856 2.7131 0.9316 2.3824
10080 5040.0 2.6905 0.0455 2.6905 1.0281 2.3104
10090 5045.0 2.7385 0.7414 2.7385 0.9674 2.4116
10100 5050.0 2.7060 0.0183 2.7060 0.9934 2.4372
10110 5055.0 2.7063 0.0198 2.7063 0.9962 2.4287
10120 5060.0 2.7123 0.0761 2.7123 0.9582 2.4114
10130 5065.0 2.6187 3.3070 2.6187 1.0076 2.3366
10140 5070.0 2.6281 2.5844 2.6281 0.9372 2.3513
10150 5075.0 2.5981 5.1879 2.5981 0.9797 2.2409
10160 5080.0 2.6630 0.6840 2.6630 0.9924 2.1482
10170 5085.0 2.6963 0.0068 2.6963 0.9683 2.1521
10180 5090.0 2.6256 2.7676 2.6256 0.9858 2.1210
10190 5095.0 2.6382 1.9124 2.6382 0.9583 2.1353
10200 5100.0 2.6908 0.0426 2.6908 0.9802 2.1010
10210 5105.0 2.7572 1.6332 2.7572 0.9812 2.1012
10220 5110.0 2.6872 0.0813 2.6872 1.0014 2.0707
10230 5115.0 2.6360 2.0498 2.6360 0.9704 2.1413
10240 5120.0 2.6752 0.3067 2.6752 0.9811 2.1745
10250 5125.0 2.7394 0.7748 2.7394 0.9758 2.2494
10260 5130.0 2.6874 0.0795 2.6874 0.9861 2.3200
10270 5135.0 2.6811 0.1783 2.6811 0.9786 2.3853
10280 5140.0 2.7250 0.3114 2.7250 0.9779 2.3961
10290 5145.0 2.7040 0.0080 2.7040 0.9672 2.3807
10300 5150.0 2.6231 2.9588 2.6231 0.9888 2.3841
10310 5155.0 2.6722 0.3860 2.6722 0.9620 2.4605
10320 5160.0 2.7483 1.1644 2.7483 1.0089 2.4581
10330 5165.0 2.8057 5.5872 2.8057 0.9729 2.5031
10340 5170.0 2.6982 0.0017 2.6982 1.0033 2.5148
10350 5175.0 2.6777 0.2481 2.6777 0.9569 2.4588
10360 5180.0 2.6367 2.0041 2.6367 0.9879 2.3900
10370 5185.0 2.6416 1.7046 2.6416 0.9770 2.3961
10380 5190.0 2.6713 0.4117 2.6713 0.9549 2.4266
10390 5195.0 2.6461 1.4500 2.6461 1.0032 2.4436
10400 5200.0 2.7015 0.0011 2.7015 0.9590 2.5496
10410 5205.0 2.7011 0.0006 2.7011 0.9984 2.5428
10420 5210.0 2.7439 0.9624 2.7439 0.9636 2.5946
10430 5215.0 2.6939 0.0187 2.6939 1.0035 2.5616
10440 5220.0 2.6608 0.7679 2.6608 0.9553 2.5840
10450 5225.0 2.6402 1.7879 2.6402 0.9874 2.5545
10460 5230.0 2.7476 1.1323 2.7476 0.9759 2.6275
10470 5235.0 2.7782 3.0572 2.7782 0.9950 2.6460
10480 5240.0 2.6509 1.2048 2.6509 0.9737 2.5996
10490 5245.0 2.6334 2.2209 2.6334 0.9581 2.6322
10500 5250.0 2.6943 0.0163 2.6943 1.0061 2.6612
10510 5255.0 2.7959 4.6020 2.7959 0.9589 2.6691
10520 5260.0 2.7642 2.0592 2.7642 1.0240 2.5839
10530 5265.0 2.7418 0.8742 2.7418 0.9558 2.5104
10540 5270.0 2.6358 2.0618 2.6358 1.0067 2.4566
10550 5275.0 2.6416 1.7026 2.6416 0.9669 2.5527
10560 5280.0 2.7049 0.0122 2.7049 0.9555 2.5584
10570 5285.0 2.7335 0.5624 2.7335 1.0188 2.4576
10580 5290.0 2.7813 3.3043 2.7813 0.9493 2.4299
10590 5295.0 2.6725 0.3774 2.6725 1.0230 2.2877
10600 5300.0 2.6635 0.6671 2.6635 0.9298 2.3372
10610 5305.0 2.6131 3.7718 2.6131 0.9973 2.2599
10620 5310.0 2.6965 0.0060 2.6965 0.9797 2.2637
10630 5315.0 2.7589 1.7348 2.7589 0.9789 2.2610
10640 5320.0 2.7406 0.8242 2.7406 1.0220 2.2002
10650 5325.0 2.7164 0.1346 2.7164 0.9538 2.2344
10660 5330.0 2.6508 1.2113 2.6508 1.0172 2.1587
10670 5335.0 2.7521 1.3585 2.7521 0.9461 2.2283
10680 5340.0 2.7399 0.7966 2.7399 1.0261 2.1764
10690 5345.0 2.7503 1.2629 2.7503 0.9631 2.2517
10700 5350.0 2.6741 0.3346 2.6741 1.0118 2.2140
10710 5355.0 2.6861 0.0959 2.6861 0.9483 2.2722
10720 5360.0 2.6443 1.5510 2.6443 0.9954 2.2666
10730 5365.0 2.6648 0.6183 2.6648 0.9867 2.3714
10740 5370.0 2.7359 0.6448 2.7359 0.9641 2.5001
10750 5375.0 2.7528 1.3940 2.7528 1.0181 2.5285
10760 5380.0 2.7587 1.7219 2.7587 0.9529 2.5233
10770 5385.0 2.6476 1.3750 2.6476 1.0085 2.4327
10780 5390.0 2.6838 0.1309 2.6838 0.9543 2.4474
10790 5395.0 2.7562 1.5783 2.7562 1.0029 2.4273
10800 5400.0 2.7876 3.8373 2.7876 0.9864 2.4294
10810 5405.0 2.6719 0.3957 2.6719 0.9762 2.3931
10820 5410.0 2.5800 7.2032 2.5800 0.9827 2.3733
10830 5415.0 2.6626 0.6981 2.6626 0.9450 2.3859
10840 5420.0 2.7364 0.6635 2.7364 1.0102 2.3450
10850 5425.0 2.7874 3.8220 2.7874 0.9752 2.3759
10860 5430.0 2.7093 0.0435 2.7093 1.0094 2.2940
10870 5435.0 2.6551 1.0059 2.6551 0.9690 2.2693
10880 5440.0 2.6355 2.0796 2.6355 0.9601 2.2562
10890 5445.0 2.6306 2.4065 2.6306 1.0011 2.2274
10900 5450.0 2.6990 0.0005 2.6990 0.9455 2.3064
10910 5455.0 2.6636 0.6639 2.6636 1.0205 2.2649
10920 5460.0 2.7116 0.0672 2.7116 0.9634 2.3526
10930 5465.0 2.6824 0.1542 2.6824 0.9880 2.3622
10940 5470.0 2.7043 0.0092 2.7043 0.9917 2.4035
10950 5475.0 2.7448 1.0025 2.7448 0.9701 2.4815
10960 5480.0 2.7241 0.2911 2.7241 1.0047 2.4733
10970 5485.0 2.7006 0.0002 2.7006 0.9416 2.5184
10980 5490.0 2.6584 0.8662 2.6584 1.0195 2.4642
10990 5495.0 2.7605 1.8307 2.7605 0.9492 2.5942
11000 5500.0 2.7504 1.2692 2.7504 1.0166 2.5562
11010 5505.0 2.7046 0.0107 2.7046 0.9561 2.5576
11020 5510.0 2.6571 0.9182 2.6571 0.9932 2.5248
11030 5515.0 2.6533 1.0899 2.6533 0.9784 2.5831
11040 5520.0 2.7010 0.0005 2.7010 0.9859 2.6296
11050 5525.0 2.7582 1.6949 2.7582 0.9816 2.6188
11060 5530.0 2.7163 0.1326 2.7163 0.9815 2.5760
11070 5535.0 2.6558 0.9767 2.6558 0.9789 2.5838
11080 5540.0 2.6859 0.0995 2.6859 0.9715 2.6411
11090 5545.0 2.7709 2.5124 2.7709 0.9952 2.6531
11100 5550.0 2.7721 2.5963 2.7721 0.9659 2.6491
11110 5555.0 2.6546 1.0290 2.6546 0.9907 2.5863
11120 5560.0 2.6659 0.5813 2.6659 0.9492 2.5653
11130 5565.0 2.6991 0.0004 2.6991 0.9961 2.5969
11140 5570.0 2.7884 3.9053 2.7884 0.9802 2.5830
11150 5575.0 2.7456 1.0397 2.7456 0.9907 2.5368
11160 5580.0 2.6887 0.0637 2.6887 0.9824 2.4720
11170 5585.0 2.6829 0.1467 2.6829 0.9740 2.3938
11180 5590.0 2.7021 0.0023 2.7021 0.9986 2.3094
11190 5595.0 2.7496 1.2298 2.7496 0.9533 2.3177
11200 5600.0 2.6772 0.2594 2.6772 1.0188 2.2229
11210 5605.0 2.6734 0.3541 2.6734 0.9473 2.2152
11220 5610.0 2.6603 0.7891 2.6603 1.0199 2.0940
11230 5615.0 2.7631 1.9879 2.7631 0.9517 2.1496
11240 5620.0 2.6961 0.0074 2.6961 1.0310 2.1693
11250 5625.0 2.7212 0.2249 2.7212 0.9646 2.3193
11260 5630.0 2.7124 0.0771 2.7124 1.0170 2.3515
11270 5635.0 2.7700 2.4511 2.7700 0.9661 2.4350
11280 5640.0 2.7766 2.9334 2.7766 0.9978 2.5769
11290 5645.0 2.7400 0.8017 2.7400 0.9819 2.6371
11300 5650.0 2.6939 0.0189 2.6939 0.9919 2.5918
11310 5655.0 2.6758 0.2938 2.6758 0.9772 2.6342
11320 5660.0 2.7388 0.7520 2.7388 0.9715 2.6975
11330 5665.0 2.7628 1.9744 2.7628 1.0073 2.6811
11340 5670.0 2.7101 0.0513 2.7101 0.9730 2.6846
11350 5675.0 2.6242 2.8703 2.6242 0.9906 2.6484
11360 5680.0 2.6699 0.4539 2.6699 0.9517 2.7151
11370 5685.0 2.7844 3.5650 2.7844 1.0127 2.7373
11380 5690.0 2.7977 4.7775 2.7977 0.9593 2.7727
11390 5695.0 2.6214 3.0904 2.6214 0.9941 2.6825
11400 5700.0 2.6268 2.6789 2.6268 0.9539 2.6614
11410 5705.0 2.7434 0.9427 2.7434 0.9955 2.7313
11420 5710.0 2.7928 4.3059 2.7928 0.9948 2.7528
11430 5715.0 2.6542 1.0511 2.6542 0.9845 2.5897
11440 5720.0 2.5812 7.0561 2.5812 0.9802 2.4383
11450 5725.0 2.6921 0.0316 2.6921 0.9532 2.5166
11460 5730.0 2.7948 4.4962 2.7948 1.0178 2.6114
11470 5735.0 2.7782 3.0537 2.7782 0.9547 2.5683
11480 5740.0 2.6161 3.5195 2.6161 1.0087 2.3916
11490 5745.0 2.6290 2.5215 2.6290 0.9370 2.4463
11500 5750.0 2.6950 0.0126 2.6950 0.9986 2.5508
11510 5755.0 2.8323 8.7535 2.8323 0.9862 2.6753
11520 5760.0 2.7104 0.0539 2.7104 0.9932 2.5391
11530 5765.0 2.5770 7.5695 2.5770 0.9651 2.4638
11540 5770.0 2.6384 1.8977 2.6384 0.9554 2.5185
11550 5775.0 2.7779 3.0304 2.7779 1.0308 2.5504
11560 5780.0 2.7483 1.1682 2.7483 0.9687 2.5425
11570 5785.0 2.6077 4.2624 2.6077 1.0067 2.4440
11580 5790.0 2.6968 0.0050 2.6968 0.9436 2.4982
11590 5795.0 2.7751 2.8175 2.7751 1.0319 2.5329
11600 5800.0 2.7452 1.0207 2.7452 0.9594 2.4927
11610 5805.0 2.6268 2.6786 2.6268 0.9933 2.4163
11620 5810.0 2.6965 0.0062 2.6965 0.9618 2.4657
11630 5815.0 2.7468 1.0937 2.7468 1.0121 2.4741
11640 5820.0 2.7586 1.7182 2.7586 0.9715 2.4570
11650 5825.0 2.6705 0.4345 2.6705 0.9770 2.3782
11660 5830.0 2.6226 2.9990 2.6226 0.9903 2.3418
11670 5835.0 2.7004 0.0001 2.7004 0.9611 2.3767
11680 5840.0 2.7436 0.9520 2.7436 1.0201 2.3610
11690 5845.0 2.7636 2.0212 2.7636 0.9596 2.4534
11700 5850.0 2.6512 1.1905 2.6512 1.0118 2.4778
11710 5855.0 2.6824 0.1556 2.6824 0.9501 2.5960
11720 5860.0 2.6896 0.0545 2.6896 0.9961 2.6558
11730 5865.0 2.7533 1.4213 2.7533 0.9822 2.5788
11740 5870.0 2.7694 2.4077 2.7694 1.0082 2.4938
11750 5875.0 2.7439 0.9630 2.7439 0.9933 2.4787
11760 5880.0 2.7026 0.0034 2.7026 0.9709 2.4618
11770 5885.0 2.6707 0.4306 2.6707 1.0089 2.4377
11780 5890.0 2.6820 0.1612 2.6820 0.9666 2.4590
11790 5895.0 2.6384 1.8950 2.6384 0.9993 2.5102
11800 5900.0 2.7099 0.0491 2.7099 0.9620 2.6919
11810 5905.0 2.7638 2.0366 2.7638 0.9733 2.7939
11820 5910.0 2.7085 0.0358 2.7085 0.9852 2.7266
11830 5915.0 2.6523 1.1376 2.6523 0.9747 2.6357
11840 5920.0 2.7289 0.4173 2.7289 0.9704 2.7350
11850 5925.0 2.7639 2.0413 2.7639 1.0010 2.7134
11860 5930.0 2.6604 0.7858 2.6604 0.9581 2.6414
11870 5935.0 2.6608 0.7693 2.6608 1.0070 2.4989
11880 5940.0 2.8335 8.9075 2.8335 0.9681 2.5881
11890 5945.0 2.7615 1.8882 2.7615 1.0071 2.5508
11900 5950.0 2.6223 3.0175 2.6223 0.9479 2.4759
11910 5955.0 2.6054 4.4708 2.6054 0.9914 2.3929
11920 5960.0 2.7356 0.6323 2.7356 0.9882 2.4691
11930 5965.0 2.7447 1.0011 2.7447 0.9885 2.5979
11940 5970.0 2.6793 0.2146 2.6793 0.9776 2.6709
11950 5975.0 2.6885 0.0658 2.6885 0.9937 2.6927
11960 5980.0 2.7273 0.3725 2.7273 0.9911 2.6821
11970 5985.0 2.6856 0.1030 2.6856 0.9877 2.5105
11980 5990.0 2.6828 0.1488 2.6828 0.9806 2.3544
11990 5995.0 2.6503 1.2367 2.6503 0.9747 2.3006
12000 6000.0 2.6622 0.7162 2.6622 0.9919 2.3337
12010 6005.0 2.7724 2.6241 2.7724 0.9854 2.4038
12020 6010.0 2.7796 3.1652 2.7796 0.9970 2.4062
12030 6015.0 2.6739 0.3393 2.6739 0.9798 2.4056
12040 6020.0 2.6466 1.4239 2.6466 0.9570 2.4541
12050 6025.0 2.6492 1.2928 2.6492 0.9914 2.5092
12060 6030.0 2.7333 0.5557 2.7333 0.9651 2.6104
12070 6035.0 2.7585 1.7086 2.7585 0.9922 2.6722
12080 6040.0 2.7478 1.1400 2.7478 0.9890 2.6104
12090 6045.0 2.7122 0.0745 2.7122 0.9979 2.5945
12100 6050.0 2.7153 0.1163 2.7153 0.9768 2.5914
12110 6055.0 2.7346 0.5969 2.7346 0.9758 2.5987
12120 6060.0 2.7284 0.4044 2.7284 0.9952 2.5575
12130 6065.0 2.7281 0.3936 2.7281 0.9682 2.5862
12140 6070.0 2.6822 0.1586 2.6822 0.9887 2.5067
12150 6075.0 2.7053 0.0142 2.7053 0.9612 2.4568
12160 6080.0 2.6965 0.0062 2.6965 0.9900 2.4077
12170 6085.0 2.7339 0.5745 2.7339 0.9779 2.3777
12180 6090.0 2.7489 1.1944 2.7489 0.9852 2.3223
12190 6095.0 2.6988 0.0007 2.6988 0.9880 2.2851
12200 6100.0 2.6557 0.9801 2.6557 0.9545 2.2917
12210 6105.0 2.6143 3.6700 2.6143 0.9737 2.2517
12220 6110.0 2.6507 1.2159 2.6507 0.9647 2.2786
12230 6115.0 2.7251 0.3161 2.7251 1.0055 2.3721
12240 6120.0 2.8183 6.9940 2.8183 0.9918 2.5278
12250 6125.0 2.7623 1.9411 2.7623 0.9815 2.4862
12260 6130.0 2.6281 2.5867 2.6281 0.9711 2.3695
12270 6135.0 2.6093 4.1141 2.6093 0.9650 2.3407
12280 6140.0 2.7307 0.4714 2.7307 0.9812 2.3937
12290 6145.0 2.7664 2.2073 2.7664 0.9864 2.4039
12300 6150.0 2.6282 2.5792 2.6282 0.9846 2.2876
12310 6155.0 2.6044 4.5733 2.6044 0.9524 2.2505
12320 6160.0 2.7205 0.2103 2.7205 1.0015 2.3298
12330 6165.0 2.7747 2.7914 2.7747 0.9659 2.4496
12340 6170.0 2.6616 0.7362 2.6616 1.0091 2.4530
12350 6175.0 2.6703 0.4398 2.6703 0.9559 2.5272
12360 6180.0 2.7758 2.8749 2.7758 1.0303 2.5012
12370 6185.0 2.7823 3.3889 2.7823 0.9556 2.5378
12380 6190.0 2.6394 1.8380 2.6394 1.0243 2.4928
12390 6195.0 2.6851 0.1106 2.6851 0.9352 2.5671
12400 6200.0 2.6944 0.0158 2.6944 1.0278 2.5384
12410 6205.0 2.7800 3.1974 2.7800 0.9636 2.5254
12420 6210.0 2.6799 0.2023 2.6799 1.0097 2.3721
12430 6215.0 2.6261 2.7278 2.6261 0.9663 2.3054
12440 6220.0 2.5994 5.0612 2.5994 0.9600 2.2845
12450 6225.0 2.5963 5.3809 2.5963 0.9740 2.2842
12460 6230.0 2.6389 1.8647 2.6389 0.9576 2.3469
12470 6235.0 2.6715 0.4064 2.6715 0.9714 2.4101
12480 6240.0 2.7105 0.0547 2.7105 0.9922 2.4782
12490 6245.0 2.7651 2.1160 2.7651 0.9720 2.5733
12500 6250.0 2.7366 0.6698 2.7366 1.0158 2.4388
12510 6255.0 2.7607 1.8419 2.7607 0.9741 2.3589
12520 6260.0 2.6775 0.2523 2.6775 1.0030 2.2926
12530 6265.0 2.6544 1.0410 2.6544 0.9489 2.3363
12540 6270.0 2.6289 2.5294 2.6289 0.9787 2.2792
12550 6275.0 2.6440 1.5697 2.6440 0.9718 2.2794
12560 6280.0 2.6878 0.0746 2.6878 0.9843 2.2835
12570 6285.0 2.7186 0.1721 2.7186 0.9980 2.3240
12580 6290.0 2.7496 1.2282 2.7496 0.9742 2.4666
12590 6295.0 2.7539 1.4548 2.7539 0.9935 2.5309
12600 6300.0 2.7374 0.7009 2.7374 0.9857 2.5812
12610 6305.0 2.7037 0.0069 2.7037 0.9925 2.5346
12620 6310.0 2.6714 0.4076 2.6714 0.9739 2.4864
12630 6315.0 2.6266 2.6908 2.6266 0.9519 2.5249
12640 6320.0 2.5853 6.5833 2.5853 0.9757 2.4934
12650 6325.0 2.6180 3.3621 2.6180 0.9707 2.4549
12660 6330.0 2.6881 0.0706 2.6881 0.9627 2.4269
12670 6335.0 2.6867 0.0883 2.6867 0.9948 2.4351
12680 6340.0 2.7174 0.1510 2.7174 0.9644 2.5725
12690 6345.0 2.7284 0.4045 2.7284 1.0229 2.5669
12700 6350.0 2.8009 5.0862 2.8009 0.9698 2.6449
12710 6355.0 2.7256 0.3265 2.7256 1.0096 2.6106
12720 6360.0 2.7061 0.0183 2.7061 0.9674 2.5605
12730 6365.0 2.6804 0.1916 2.6804 0.9607 2.5294
12740 6370.0 2.6404 1.7762 2.6404 0.9987 2.4700
12750 6375.0 2.7098 0.0478 2.7098 0.9524 2.4788
12760 6380.0 2.7215 0.2310 2.7215 0.9986 2.4294
12770 6385.0 2.7476 1.1346 2.7476 0.9750 2.4299
12780 6390.0 2.7115 0.0664 2.7115 0.9837 2.3894
12790 6395.0 2.6883 0.0681 2.6883 0.9689 2.3758
12800 6400.0 2.6780 0.2418 2.6780 0.9781 2.3724
12810 6405.0 2.7061 0.0186 2.7061 0.9832 2.4178
12820 6410.0 2.7224 0.2518 2.7224 0.9872 2.4861
12830 6415.0 2.7365 0.6667 2.7365 0.9843 2.5678
12840 6420.0 2.7062 0.0192 2.7062 0.9798 2.6328
12850 6425.0 2.6501 1.2474 2.6501 0.9839 2.6591
12860 6430.0 2.6864 0.0926 2.6864 0.9835 2.6283
12870 6435.0 2.7371 0.6878 2.7371 0.9857 2.5780
12880 6440.0 2.7325 0.5273 2.7325 0.9808 2.4928
12890 6445.0 2.6598 0.8093 2.6598 0.9844 2.3891
12900 6450.0 2.6654 0.5969 2.6654 0.9753 2.3612
12910 6455.0 2.7374 0.7009 2.7374 0.9971 2.3854
12920 6460.0 2.6964 0.0065 2.6964 0.9679 2.4206
12930 6465.0 2.6643 0.6375 2.6643 0.9858 2.4503
12940 6470.0 2.7065 0.0209 2.7065 0.9705 2.5206
12950 6475.0 2.6980 0.0020 2.6980 0.9760 2.5555
12960 6480.0 2.6673 0.5338 2.6673 0.9712 2.6007
12970 6485.0 2.6506 1.2224 2.6506 0.9931 2.6368
12980 6490.0 2.7042 0.0088 2.7042 0.9730 2.6828
12990 6495.0 2.7598 1.7878 2.7598 0.9979 2.6808
13000 6500.0 2.7648 2.0964 2.7648 0.9827 2.6912
13010 6505.0 2.6949 0.0128 2.6949 0.9752 2.6531
13020 6510.0 2.6723 0.3846 2.6723 0.9820 2.5657
13030 6515.0 2.7583 1.6969 2.7583 0.9749 2.5841
13040 6520.0 2.7940 4.4150 2.7940 1.0116 2.5918
13050 6525.0 2.6905 0.0454 2.6905 0.9558 2.5247
13060 6530.0 2.6267 2.6873 2.6267 1.0012 2.4288
13070 6535.0 2.7331 0.5493 2.7331 0.9652 2.4523
13080 6540.0 2.7248 0.3072 2.7248 1.0078 2.4496
13090 6545.0 2.6471 1.3976 2.6471 0.9613 2.5141
13100 6550.0 2.6594 0.8240 2.6594 0.9790 2.5514
13110 6555.0 2.7579 1.6757 2.7579 0.9986 2.5760
13120 6560.0 2.7518 1.3415 2.7518 0.9681 2.5897
13130 6565.0 2.6591 0.8377 2.6591 1.0213 2.6285
13140 6570.0 2.7029 0.0043 2.7029 0.9430 2.5944
13150 6575.0 2.7218 0.2373 2.7218 1.0211 2.5884
13160 6580.0 2.7178 0.1580 2.7178 0.9659 2.6336
13170 6585.0 2.6470 1.4019 2.6470 1.0255 2.5449
13180 6590.0 2.6668 0.5522 2.6668 0.9342 2.4855
13190 6595.0 2.7095 0.0452 2.7095 1.0143 2.4500
13200 6600.0 2.7586 1.7151 2.7586 0.9734 2.5886
13210 6605.0 2.6672 0.5378 2.6672 0.9993 2.5456
13220 6610.0 2.6320 2.3134 2.6320 0.9771 2.4830
13230 6615.0 2.7253 0.3201 2.7253 0.9703 2.5428
13240 6620.0 2.8065 5.6721 2.8065 1.0230 2.6184
13250 6625.0 2.7872 3.8047 2.7872 0.9880 2.5876
13260 6630.0 2.6782 0.2368 2.6782 0.9921 2.4948
13270 6635.0 2.6522 1.1438 2.6522 0.9709 2.5349
13280 6640.0 2.7252 0.3171 2.7252 0.9939 2.6310
13290 6645.0 2.7715 2.5592 2.7715 0.9838 2.6365
13300 6650.0 2.6764 0.2794 2.6764 1.0015 2.5859
13310 6655.0 2.6543 1.0424 2.6543 0.9621 2.5268
13320 6660.0 2.7015 0.0011 2.7015 1.0016 2.4299
13330 6665.0 2.7590 1.7434 2.7590 0.9698 2.4433
13340 6670.0 2.6650 0.6108 2.6650 0.9967 2.4134
13350 6675.0 2.7327 0.5336 2.7327 0.9808 2.3931
13360 6680.0 2.8064 5.6627 2.8064 1.0068 2.3313
13370 6685.0 2.6615 0.7405 2.6615 0.9773 2.2613
13380 6690.0 2.5724 8.1443 2.5724 0.9462 2.2519
13390 6695.0 2.5769 7.5818 2.5769 1.0014 2.1853
13400 6700.0 2.6990 0.0005 2.6990 0.9444 2.2563
13410 6705.0 2.6782 0.2383 2.6782 1.0334 2.2489
13420 6710.0 2.7961 4.6215 2.7961 0.9733 2.4488
13430 6715.0 2.8169 6.8383 2.8169 1.0272 2.4959
13440 6720.0 2.6573 0.9100 2.6573 0.9667 2.4405
13450 6725.0 2.5347 13.6589 2.5347 0.9366 2.4097
13460 6730.0 2.4900 22.0584 2.4900 0.9757 2.4407
13470 6735.0 2.6767 0.2715 2.6767 0.9743 2.6594
13480 6740.0 2.8786 15.9519 2.8786 1.0364 2.7434
13490 6745.0 2.7593 1.7589 2.7593 0.9682 2.6804
13500 6750.0 2.5524 10.8972 2.5524 0.9536 2.5217
13510 6755.0 2.4782 24.5917 2.4782 1.0082 2.5294
13520 6760.0 2.7362 0.6549 2.7362 0.9467 2.5699
13530 6765.0 2.8386 9.6114 2.8386 1.0559 2.5919
13540 6770.0 2.7326 0.5325 2.7326 0.9424 2.5527
13550 6775.0 2.5557 10.4174 2.5557 0.9970 2.4211
13560 6780.0 2.5742 7.9112 2.5742 0.9603 2.4464
13570 6785.0 2.7152 0.1162 2.7152 0.9765 2.4671
13580 6790.0 2.8135 6.4463 2.8135 1.0133 2.5853
13590 6795.0 2.7242 0.2917 2.7242 0.9698 2.4404
13600 6800.0 2.5796 7.2506 2.5796 0.9791 2.3074
13610 6805.0 2.6122 3.8529 2.6122 0.9485 2.3396
13620 6810.0 2.7273 0.3738 2.7273 1.0141 2.4428
13630 6815.0 2.8556 12.1088 2.8556 0.9672 2.5577
13640 6820.0 2.7008 0.0004 2.7008 1.0006 2.4047
13650 6825.0 2.5925 5.7740 2.5925 0.9457 2.3320
13660 6830.0 2.6347 2.1351 2.6347 0.9743 2.3908
13670 6835.0 2.8127 6.3540 2.8127 0.9898 2.5683
13680 6840.0 2.7800 3.1998 2.7800 0.9816 2.5644
13690 6845.0 2.6019 4.8112 2.6019 0.9822 2.4158
13700 6850.0 2.5705 8.3819 2.5705 0.9501 2.3860
13710 6855.0 2.6394 1.8384 2.6394 0.9822 2.4352
13720 6860.0 2.8110 6.1623 2.8110 0.9792 2.5551
13730 6865.0 2.7845 3.5743 2.7845 1.0124 2.5275
13740 6870.0 2.7014 0.0010 2.7014 0.9855 2.4297
13750 6875.0 2.6942 0.0170 2.6942 0.9728 2.3184
13760 6880.0 2.6883 0.0681 2.6883 0.9955 2.1930
13770 6885.0 2.6830 0.1448 2.6830 0.9841 2.1118
13780 6890.0 2.6575 0.9047 2.6575 0.9874 2.0736
13790 6895.0 2.7146 0.1071 2.7146 0.9963 2.0980
13800 6900.0 2.7319 0.5092 2.7319 0.9959 2.1362
13810 6905.0 2.6637 0.6606 2.6637 0.9797 2.1458
13820 6910.0 2.6776 0.2504 2.6776 0.9930 2.1818
13830 6915.0 2.7532 1.4149 2.7532 0.9877 2.2865
13840 6920.0 2.7295 0.4364 2.7295 0.9983 2.3511
13850 6925.0 2.6533 1.0882 2.6533 0.9623 2.4146
13860 6930.0 2.6176 3.3926 2.6176 0.9735 2.4508
13870 6935.0 2.6595 0.8203 2.6595 0.9598 2.5199
13880 6940.0 2.6827 0.1499 2.6827 0.9839 2.5665
13890 6945.0 2.6958 0.0090 2.6958 0.9833 2.5800
13900 6950.0 2.6931 0.0241 2.6931 0.9849 2.4987
13910 6955.0 2.7149 0.1117 2.7149 1.0192 2.3335
13920 6960.0 2.7423 0.8947 2.7423 0.9834 2.2882
13930 6965.0 2.6813 0.1741 2.6813 0.9964 2.2272
13940 6970.0 2.7046 0.0108 2.7046 0.9767 2.2056
13950 6975.0 2.7830 3.4480 2.7830 1.0246 2.1582
13960 6980.0 2.8113 6.1971 2.8113 0.9756 2.1757
13970 6985.0 2.6557 0.9807 2.6557 1.0150 2.0913
13980 6990.0 2.6539 1.0637 2.6539 0.9420 2.1656
13990 6995.0 2.6690 0.4802 2.6690 1.0193 2.1138
14000 7000.0 2.7408 0.8334 2.7408 0.9704 2.1827
14010 7005.0 2.6553 0.9995 2.6553 1.0074 2.1859
14020 7010.0 2.6966 0.0057 2.6966 0.9797 2.3132
14030 7015.0 2.7942 4.4392 2.7942 1.0134 2.3960
14040 7020.0 2.7479 1.1478 2.7479 0.9864 2.4115
14050 7025.0 2.6451 1.5084 2.6451 0.9702 2.3863
14060 7030.0 2.6860 0.0986 2.6860 1.0121 2.3611
14070 7035.0 2.8006 5.0585 2.8006 0.9881 2.3819
14080 7040.0 2.7587 1.7225 2.7587 1.0143 2.2967
14090 7045.0 2.7118 0.0692 2.7118 0.9865 2.2538
14100 7050.0 2.7518 1.3432 2.7518 1.0228 2.2420
14110 7055.0 2.7978 4.7873 2.7978 0.9880 2.2496
14120 7060.0 2.7005 0.0001 2.7005 1.0200 2.1934
14130 7065.0 2.7167 0.1394 2.7167 0.9625 2.3120
14140 7070.0 2.7106 0.0564 2.7106 1.0404 2.3924
14150 7075.0 2.7324 0.5254 2.7324 0.9399 2.5255
14160 7080.0 2.6257 2.7586 2.6257 1.0379 2.5334
14170 7085.0 2.7463 1.0739 2.7463 0.9437 2.6792
14180 7090.0 2.7521 1.3572 2.7521 1.0379 2.7064
14190 7095.0 2.7496 1.2284 2.7496 0.9546 2.7276
14200 7100.0 2.6118 3.8887 2.6118 0.9932 2.6522
14210 7105.0 2.6196 3.2304 2.6196 0.9976 2.6217
14220 7110.0 2.7531 1.4085 2.7531 0.9469 2.6586
14230 7115.0 2.6929 0.0252 2.6929 1.0400 2.5434
14240 7120.0 2.7265 0.3508 2.7265 0.9420 2.5616
14250 7125.0 2.6947 0.0143 2.6947 1.0259 2.4871
14260 7130.0 2.7778 3.0283 2.7778 0.9533 2.6024
14270 7135.0 2.6740 0.3371 2.6740 0.9968 2.5886
14280 7140.0 2.6494 1.2827 2.6494 0.9637 2.6276
14290 7145.0 2.6635 0.6663 2.6635 0.9940 2.6469
14300 7150.0 2.7421 0.8854 2.7421 0.9901 2.7176
14310 7155.0 2.8138 6.4750 2.8138 0.9932 2.7562
14320 7160.0 2.7543 1.4744 2.7543 1.0044 2.6561
14330 7165.0 2.6899 0.0514 2.6899 0.9691 2.5903
14340 7170.0 2.6351 2.1074 2.6351 0.9918 2.5558
14350 7175.0 2.7017 0.0014 2.7017 0.9709 2.5884
14360 7180.0 2.7573 1.6417 2.7573 1.0152 2.6642
14370 7185.0 2.7046 0.0104 2.7046 0.9614 2.6966
14380 7190.0 2.6332 2.2340 2.6332 0.9856 2.7108
14390 7195.0 2.7342 0.5855 2.7342 0.9927 2.7251
14400 7200.0 2.7764 2.9188 2.7764 0.9697 2.7523
14410 7205.0 2.6760 0.2869 2.6760 1.0121 2.6607
14420 7210.0 2.6690 0.4791 2.6690 0.9455 2.6810
14430 7215.0 2.7094 0.0439 2.7094 1.0468 2.7066
14440 7220.0 2.8160 6.7250 2.8160 0.9527 2.8621
14450 7225.0 2.6532 1.0962 2.6532 1.0490 2.7344
14460 7230.0 2.6756 0.2968 2.6756 0.9196 2.7830
14470 7235.0 2.6534 1.0863 2.6534 1.0447 2.7045
14480 7240.0 2.8046 5.4681 2.8046 0.9474 2.8097
14490 7245.0 2.7369 0.6801 2.7369 1.0375 2.7194
14500 7250.0 2.7075 0.0284 2.7075 0.9537 2.6667
14510 7255.0 2.6705 0.4357 2.6705 0.9980 2.5770
14520 7260.0 2.7228 0.2595 2.7228 0.9689 2.6031
14530 7265.0 2.7292 0.4266 2.7292 0.9992 2.5861
14540 7270.0 2.7116 0.0675 2.7116 0.9858 2.6149
14550 7275.0 2.7081 0.0329 2.7081 0.9772 2.6194
14560 7280.0 2.6715 0.4068 2.6715 0.9861 2.5726
14570 7285.0 2.6500 1.2514 2.6500 0.9662 2.5467
14580 7290.0 2.6543 1.0464 2.6543 0.9984 2.5006
14590 7295.0 2.7402 0.8077 2.7402 0.9634 2.5051
14600 7300.0 2.7590 1.7390 2.7590 1.0186 2.4342
14610 7305.0 2.7522 1.3614 2.7522 0.9779 2.4506
14620 7310.0 2.6847 0.1175 2.6847 0.9978 2.3894
14630 7315.0 2.6806 0.1880 2.6806 0.9653 2.3772
14640 7320.0 2.6463 1.4436 2.6463 0.9752 2.3394
14650 7325.0 2.6251 2.8069 2.6251 0.9864 2.3255
14660 7330.0 2.6460 1.4553 2.6460 0.9617 2.3478
14670 7335.0 2.6675 0.5285 2.6675 1.0107 2.2801
14680 7340.0 2.7415 0.8616 2.7415 0.9603 2.3341
14690 7345.0 2.6612 0.7517 2.6612 1.0052 2.3242
14700 7350.0 2.6529 1.1111 2.6529 0.9687 2.3724
14710 7355.0 2.6562 0.9583 2.6562 0.9772 2.3101
14720 7360.0 2.7143 0.1025 2.7143 0.9988 2.2808
14730 7365.0 2.7671 2.2512 2.7671 0.9737 2.3545
14740 7370.0 2.7083 0.0344 2.7083 1.0209 2.3608
14750 7375.0 2.7034 0.0058 2.7034 0.9692 2.3535
14760 7380.0 2.6787 0.2261 2.6787 0.9879 2.2853
14770 7385.0 2.6998 0.0000 2.6998 0.9783 2.2938
14780 7390.0 2.7236 0.2782 2.7236 0.9933 2.3202
14790 7395.0 2.7135 0.0911 2.7135 0.9904 2.3162
14800 7400.0 2.6250 2.8155 2.6250 0.9911 2.2619
14810 7405.0 2.6246 2.8435 2.6246 0.9580 2.2909
14820 7410.0 2.7440 0.9670 2.7440 1.0195 2.2794
14830 7415.0 2.7704 2.4795 2.7704 0.9771 2.2987
14840 7420.0 2.6408 1.7513 2.6408 1.0119 2.2138
14850 7425.0 2.6830 0.1445 2.6830 0.9669 2.2346
14860 7430.0 2.7384 0.7385 2.7384 1.0233 2.1918
14870 7435.0 2.7338 0.5699 2.7338 0.9846 2.2197
14880 7440.0 2.6524 1.1326 2.6524 0.9922 2.2089
14890 7445.0 2.6519 1.1588 2.6519 0.9891 2.2259
14900 7450.0 2.7163 0.1327 2.7163 0.9572 2.2600
14910 7455.0 2.7512 1.3107 2.7512 1.0332 2.2177
14920 7460.0 2.8139 6.4862 2.8139 0.9699 2.2903
14930 7465.0 2.6572 0.9159 2.6572 1.0228 2.2237
14940 7470.0 2.6402 1.7884 2.6402 0.9292 2.3187
14950 7475.0 2.5820 6.9569 2.5820 1.0072 2.2506
14960 7480.0 2.7401 0.8051 2.7401 0.9643 2.2908
14970 7485.0 2.7934 4.3608 2.7934 1.0272 2.2645
14980 7490.0 2.7723 2.6142 2.7723 0.9755 2.2777
14990 7495.0 2.7018 0.0016 2.7018 0.9980 2.1814
15000 7500.0 2.6830 0.1437 2.6830 0.9783 2.1402
15010 7505.0 2.6781 0.2406 2.6781 0.9790 2.1217
15020 7510.0 2.7410 0.8413 2.7410 0.9997 2.1522
15030 7515.0 2.8319 8.7019 2.8319 0.9910 2.2429
15040 7520.0 2.7799 3.1956 2.7799 0.9977 2.2497
15050 7525.0 2.6863 0.0942 2.6863 0.9872 2.2641
15060 7530.0 2.6968 0.0051 2.6968 0.9993 2.3580
15070 7535.0 2.7502 1.2619 2.7502 0.9925 2.5074
15080 7540.0 2.7326 0.5315 2.7326 0.9878 2.5928
15090 7545.0 2.7035 0.0060 2.7035 0.9669 2.6362
15100 7550.0 2.6889 0.0618 2.6889 1.0021 2.6245
15110 7555.0 2.7878 3.8562 2.7878 0.9737 2.7049
15120 7560.0 2.7371 0.6891 2.7371 1.0032 2.6500
15130 7565.0 2.6632 0.6764 2.6632 0.9754 2.6284
15140 7570.0 2.7342 0.5860 2.7342 0.9936 2.6683
15150 7575.0 2.7514 1.3226 2.7514 0.9844 2.6996
15160 7580.0 2.6672 0.5386 2.6672 0.9960 2.6760
15170 7585.0 2.6959 0.0083 2.6959 0.9650 2.7352
15180 7590.0 2.7497 1.2365 2.7497 1.0083 2.7293
15190 7595.0 2.7010 0.0005 2.7010 0.9949 2.7217
15200 7600.0 2.6457 1.4746 2.6457 0.9755 2.7380
15210 7605.0 2.6792 0.2173 2.6792 0.9809 2.7569
15220 7610.0 2.7738 2.7232 2.7738 0.9967 2.7579
15230 7615.0 2.7708 2.5095 2.7708 0.9934 2.7384
15240 7620.0 2.6452 1.5025 2.6452 0.9849 2.6882
15250 7625.0 2.6025 4.7493 2.6025 0.9654 2.6735
15260 7630.0 2.7108 0.0580 2.7108 0.9803 2.6833
15270 7635.0 2.8538 11.8247 2.8538 1.0024 2.7409
15280 7640.0 2.7955 4.5579 2.7955 0.9986 2.7542
15290 7645.0 2.6477 1.3669 2.6477 0.9876 2.7334
15300 7650.0 2.5959 5.4163 2.5959 0.9633 2.7476
15310 7655.0 2.6937 0.0199 2.6937 0.9828 2.7595
15320 7660.0 2.7660 2.1772 2.7660 1.0064 2.7284
15330 7665.0 2.7540 1.4604 2.7540 0.9776 2.6719
15340 7670.0 2.6938 0.0194 2.6938 0.9813 2.5936
15350 7675.0 2.7291 0.4248 2.7291 0.9771 2.5717
15360 7680.0 2.7248 0.3078 2.7248 1.0165 2.5136
15370 7685.0 2.6865 0.0909 2.6865 0.9673 2.5389
15380 7690.0 2.6748 0.3166 2.6748 0.9879 2.5231
15390 7695.0 2.7712 2.5375 2.7712 0.9839 2.5387
15400 7700.0 2.7677 2.2928 2.7677 1.0187 2.4981
15410 7705.0 2.7286 0.4098 2.7286 0.9664 2.5222
15420 7710.0 2.6341 2.1709 2.6341 0.9968 2.4971
15430 7715.0 2.6396 1.8250 2.6396 0.9635 2.5486
15440 7720.0 2.6311 2.3734 2.6311 0.9734 2.5604
15450 7725.0 2.6315 2.3428 2.6315 0.9984 2.5282
15460 7730.0 2.6981 0.0019 2.6981 0.9602 2.5451
15470 7735.0 2.7034 0.0057 2.7034 1.0033 2.4984
15480 7740.0 2.7488 1.1892 2.7488 0.9767 2.5279
15490 7745.0 2.7124 0.0773 2.7124 1.0150 2.4700
15500 7750.0 2.7103 0.0527 2.7103 0.9713 2.4367
15510 7755.0 2.6545 1.0363 2.6545 0.9801 2.3567
15520 7760.0 2.6138 3.7118 2.6138 1.0036 2.2897
15530 7765.0 2.6911 0.0395 2.6911 0.9526 2.2942
15540 7770.0 2.7339 0.5746 2.7339 1.0422 2.1915
15550 7775.0 2.8074 5.7725 2.8074 0.9553 2.2171
15560 7780.0 2.6762 0.2843 2.6762 1.0276 2.0827
15570 7785.0 2.6379 1.9251 2.6379 0.9468 2.1381
15580 7790.0 2.6011 4.8938 2.6011 0.9983 2.0922
15590 7795.0 2.6823 0.1561 2.6823 0.9689 2.1280
15600 7800.0 2.7428 0.9171 2.7428 1.0108 2.1154
15610 7805.0 2.7934 4.3656 2.7934 0.9834 2.1504
15620 7810.0 2.7038 0.0072 2.7038 1.0013 2.1004
15630 7815.0 2.6242 2.8727 2.6242 0.9579 2.1187
15640 7820.0 2.5951 5.5005 2.5951 0.9778 2.0899
15650 7825.0 2.7024 0.0028 2.7024 0.9811 2.1058
15660 7830.0 2.8222 7.4643 2.8222 1.0079 2.1784
15670 7835.0 2.7950 4.5151 2.7950 0.9920 2.2557
15680 7840.0 2.6617 0.7328 2.6617 0.9921 2.2651
15690 7845.0 2.6366 2.0110 2.6366 0.9615 2.3335
15700 7850.0 2.6584 0.8654 2.6584 0.9787 2.4119
15710 7855.0 2.7447 0.9969 2.7447 1.0027 2.4843
15720 7860.0 2.7858 3.6773 2.7858 0.9927 2.4677
15730 7865.0 2.7068 0.0230 2.7068 0.9981 2.4680
15740 7870.0 2.6903 0.0473 2.6903 0.9604 2.4207
15750 7875.0 2.7005 0.0001 2.7005 0.9907 2.3881
15760 7880.0 2.7291 0.4227 2.7291 0.9879 2.3962
15770 7885.0 2.7298 0.4443 2.7298 0.9991 2.3643
15780 7890.0 2.7095 0.0452 2.7095 0.9979 2.4176
15790 7895.0 2.6902 0.0483 2.6902 0.9680 2.5023
15800 7900.0 2.6435 1.5982 2.6435 0.9884 2.5084
15810 7905.0 2.6567 0.9366 2.6567 0.9778 2.5861
15820 7910.0 2.7101 0.0511 2.7101 0.9788 2.5989
15830 7915.0 2.7137 0.0933 2.7137 0.9993 2.6231
15840 7920.0 2.7087 0.0379 2.7087 0.9801 2.5696
15850 7925.0 2.7267 0.3561 2.7267 0.9938 2.5577
15860 7930.0 2.7131 0.0860 2.7131 0.9878 2.5723
15870 7935.0 2.6893 0.0573 2.6893 0.9737 2.5686
15880 7940.0 2.7177 0.1573 2.7177 0.9895 2.5318
15890 7945.0 2.7487 1.1845 2.7487 0.9893 2.5171
15900 7950.0 2.6606 0.7750 2.6606 0.9803 2.4964
15910 7955.0 2.6237 2.9106 2.6237 0.9761 2.4659
15920 7960.0 2.7628 1.9699 2.7628 0.9730 2.4864
15930 7965.0 2.7856 3.6595 2.7856 1.0113 2.4327
15940 7970.0 2.6647 0.6241 2.6647 0.9684 2.3702
15950 7975.0 2.6534 1.0878 2.6534 0.9949 2.3098
15960 7980.0 2.8036 5.3616 2.8036 0.9934 2.3575
15970 7985.0 2.7975 4.7551 2.7975 0.9849 2.3348
15980 7990.0 2.6513 1.1871 2.6513 0.9887 2.2439
15990 7995.0 2.6366 2.0085 2.6366 0.9731 2.2317
16000 8000.0 2.7504 1.2725 2.7504 0.9961 2.2399
16010 8005.0 2.7985 4.8528 2.7985 0.9841 2.2939
16020 8010.0 2.7667 2.2238 2.7667 1.0017 2.2972
16030 8015.0 2.7070 0.0244 2.7070 0.9809 2.3033
16040 8020.0 2.6618 0.7292 2.6618 0.9756 2.3338
16050 8025.0 2.6515 1.1737 2.6515 0.9869 2.4049
16060 8030.0 2.7134 0.0892 2.7134 0.9750 2.5122
16070 8035.0 2.7094 0.0438 2.7094 0.9964 2.5302
16080 8040.0 2.7165 0.1356 2.7165 0.9804 2.5508
16090 8045.0 2.7135 0.0912 2.7135 0.9853 2.5560
16100 8050.0 2.7474 1.1243 2.7474 0.9820 2.6022
16110 8055.0 2.7227 0.2583 2.7227 1.0084 2.5577
16120 8060.0 2.7038 0.0071 2.7038 0.9647 2.5460
16130 8065.0 2.6622 0.7160 2.6622 0.9829 2.5069
16140 8070.0 2.6495 1.2741 2.6495 0.9703 2.5039
16150 8075.0 2.6812 0.1761 2.6812 0.9736 2.4724
16160 8080.0 2.7230 0.2650 2.7230 0.9984 2.4310
16170 8085.0 2.7338 0.5717 2.7338 0.9806 2.4365
16180 8090.0 2.6731 0.3631 2.6731 0.9808 2.3998
16190 8095.0 2.6331 2.2394 2.6331 0.9872 2.3611
16200 8100.0 2.6543 1.0446 2.6543 0.9460 2.3849
16210 8105.0 2.6171 3.4384 2.6171 0.9991 2.3480
16220 8110.0 2.6770 0.2635 2.6770 0.9465 2.4421
16230 8115.0 2.6736 0.3489 2.6736 1.0021 2.4155
16240 8120.0 2.7469 1.0985 2.7469 0.9851 2.4286
16250 8125.0 2.7637 2.0289 2.7637 0.9815 2.4385
16260 8130.0 2.7044 0.0097 2.7044 0.9997 2.4318
16270 8135.0 2.6776 0.2504 2.6776 0.9655 2.4751
16280 8140.0 2.6670 0.5449 2.6670 0.9852 2.4082
16290 8145.0 2.7267 0.3551 2.7267 0.9823 2.3605
16300 8150.0 2.7637 2.0291 2.7637 0.9741 2.3732
16310 8155.0 2.6862 0.0958 2.6862 1.0065 2.3415
16320 8160.0 2.6733 0.3576 2.6733 0.9641 2.3470
16330 8165.0 2.6566 0.9421 2.6566 0.9947 2.3063
16340 8170.0 2.7062 0.0193 2.7062 0.9614 2.3551
16350 8175.0 2.7321 0.5145 2.7321 1.0006 2.3445
16360 8180.0 2.7332 0.5501 2.7332 0.9996 2.3805
16370 8185.0 2.7345 0.5944 2.7345 0.9748 2.3891
16380 8190.0 2.7145 0.1051 2.7145 0.9994 2.3442
16390 8195.0 2.7069 0.0237 2.7069 0.9637 2.3972
16400 8200.0 2.6345 2.1460 2.6345 1.0024 2.4574
16410 8205.0 2.6529 1.1094 2.6529 0.9714 2.5103
16420 8210.0 2.6572 0.9152 2.6572 0.9808 2.4643
16430 8215.0 2.6890 0.0600 2.6890 0.9895 2.4519
16440 8220.0 2.7214 0.2299 2.7214 0.9577 2.5280
16450 8225.0 2.6466 1.4245 2.6466 1.0251 2.5251
16460 8230.0 2.7239 0.2856 2.7239 0.9703 2.4788
16470 8235.0 2.7507 1.2835 2.7507 1.0088 2.3693
16480 8240.0 2.7034 0.0058 2.7034 0.9969 2.3610
16490 8245.0 2.6635 0.6677 2.6635 0.9428 2.4393
16500 8250.0 2.5907 5.9758 2.5907 1.0346 2.3206
16510 8255.0 2.7544 1.4787 2.7544 0.9466 2.3375
16520 8260.0 2.7047 0.0111 2.7047 1.0368 2.2550
16530 8265.0 2.6717 0.4007 2.6717 0.9539 2.3502
16540 8270.0 2.6416 1.7068 2.6416 0.9752 2.3109
16550 8275.0 2.7337 0.5665 2.7337 1.0250 2.2078
16560 8280.0 2.7990 4.9025 2.7990 0.9697 2.2598
16570 8285.0 2.6641 0.6448 2.6641 1.0213 2.2502
16580 8290.0 2.6818 0.1656 2.6818 0.9373 2.3513
16590 8295.0 2.6740 0.3390 2.6740 1.0162 2.2697
16600 8300.0 2.7577 1.6618 2.7577 0.9609 2.3361
16610 8305.0 2.7098 0.0484 2.7098 1.0168 2.3492
16620 8310.0 2.7171 0.1456 2.7171 0.9814 2.3741
16630 8315.0 2.7241 0.2913 2.7241 0.9715 2.3265
16640 8320.0 2.6665 0.5623 2.6665 0.9883 2.2928
16650 8325.0 2.6655 0.5954 2.6655 0.9475 2.3296
16660 8330.0 2.6782 0.2375 2.6782 1.0186 2.2741
16670 8335.0 2.7866 3.7505 2.7866 0.9547 2.3600
16680 8340.0 2.7029 0.0041 2.7029 1.0283 2.3010
16690 8345.0 2.6784 0.2325 2.6784 0.9600 2.3587
16700 8350.0 2.6336 2.2014 2.6336 0.9652 2.3293
16710 8355.0 2.6021 4.7957 2.6021 0.9951 2.2750
16720 8360.0 2.6837 0.1328 2.6837 0.9400 2.3106
16730 8365.0 2.6712 0.4154 2.6712 1.0354 2.2192
16740 8370.0 2.7641 2.0515 2.7641 0.9323 2.3109
16750 8375.0 2.7105 0.0554 2.7105 1.0316 2.2020
16760 8380.0 2.7445 0.9891 2.7445 0.9587 2.2421
16770 8385.0 2.6870 0.0840 2.6870 1.0043 2.1600
16780 8390.0 2.6943 0.0161 2.6943 0.9824 2.1668
16790 8395.0 2.7467 1.0902 2.7467 0.9622 2.1968
16800 8400.0 2.7436 0.9504 2.7436 1.0163 2.1724
16810 8405.0 2.7357 0.6379 2.7357 0.9657 2.2437
16820 8410.0 2.6185 3.3221 2.6185 1.0031 2.2551
16830 8415.0 2.6721 0.3883 2.6721 0.9448 2.2803
16840 8420.0 2.6759 0.2901 2.6759 1.0091 2.1906
16850 8425.0 2.6905 0.0451 2.6905 0.9550 2.2685
16860 8430.0 2.6145 3.6575 2.6145 1.0043 2.2624
16870 8435.0 2.6536 1.0742 2.6536 0.9664 2.3455
16880 8440.0 2.6866 0.0895 2.6866 0.9852 2.3892
16890 8445.0 2.6795 0.2102 2.6795 0.9932 2.4225
16900 8450.0 2.7021 0.0022 2.7021 0.9530 2.4319
16910 8455.0 2.6766 0.2737 2.6766 1.0251 2.3194
16920 8460.0 2.8010 5.1011 2.8010 0.9559 2.3160
16930 8465.0 2.7375 0.7038 2.7375 1.0595 2.1616
16940 8470.0 2.7472 1.1125 2.7472 0.9338 2.1568
16950 8475.0 2.5792 7.2982 2.5792 1.0472 1.9947
16960 8480.0 2.6556 0.9875 2.6556 0.9161 2.0722
16970 8485.0 2.6128 3.7979 2.6128 1.0339 1.9481
16980 8490.0 2.7095 0.0455 2.7095 0.9623 2.0269
16990 8495.0 2.6773 0.2573 2.6773 1.0478 2.0203
17000 8500.0 2.7855 3.6519 2.7855 0.9900 2.1976
17010 8505.0 2.7577 1.6668 2.7577 1.0373 2.1817
17020 8510.0 2.6511 1.1934 2.6511 0.9895 2.1733
17030 8515.0 2.6474 1.3831 2.6474 0.9580 2.2077
17040 8520.0 2.6965 0.0062 2.6965 1.0481 2.1676
17050 8525.0 2.7947 4.4840 2.7947 0.9559 2.2687
17060 8530.0 2.6971 0.0043 2.6971 1.0386 2.1634
17070 8535.0 2.7010 0.0005 2.7010 0.9272 2.2353
17080 8540.0 2.6344 2.1497 2.6344 1.0427 2.1094
17090 8545.0 2.7354 0.6256 2.7354 0.9262 2.2210
17100 8550.0 2.7043 0.0093 2.7043 1.0600 2.1040
17110 8555.0 2.7085 0.0359 2.7085 0.9245 2.2177
17120 8560.0 2.6635 0.6649 2.6635 1.0455 2.1161
17130 8565.0 2.7569 1.6190 2.7569 0.9488 2.2302
17140 8570.0 2.7150 0.1119 2.7150 1.0331 2.1778
17150 8575.0 2.7155 0.1201 2.7155 0.9453 2.3092
17160 8580.0 2.6997 0.0000 2.6997 1.0305 2.2773
17170 8585.0 2.7784 3.0699 2.7784 0.9438 2.3612
17180 8590.0 2.7011 0.0006 2.7011 1.0094 2.3397
17190 8595.0 2.6924 0.0290 2.6924 0.9749 2.4701
17200 8600.0 2.6894 0.0563 2.6894 0.9866 2.4846
17210 8605.0 2.7068 0.0232 2.7068 0.9905 2.4896
17220 8610.0 2.6983 0.0014 2.6983 0.9618 2.4590
17230 8615.0 2.6324 2.2849 2.6324 1.0069 2.3943
17240 8620.0 2.7287 0.4111 2.7287 0.9472 2.4219
17250 8625.0 2.7770 2.9662 2.7770 1.0232 2.3422
17260 8630.0 2.7747 2.7888 2.7747 0.9645 2.2965
17270 8635.0 2.6571 0.9209 2.6571 0.9953 2.1897
17280 8640.0 2.6488 1.3083 2.6488 0.9605 2.1934
17290 8645.0 2.7304 0.4627 2.7304 0.9858 2.1794
17300 8650.0 2.8054 5.5535 2.8054 1.0015 2.1703
17310 8655.0 2.7283 0.4012 2.7283 1.0001 2.1292
17320 8660.0 2.6443 1.5518 2.6443 0.9764 2.1423
17330 8665.0 2.6333 2.2267 2.6333 0.9671 2.1698
17340 8670.0 2.6432 1.6110 2.6432 0.9935 2.1693
17350 8675.0 2.7004 0.0001 2.7004 0.9544 2.2393
17360 8680.0 2.6340 2.1801 2.6340 1.0118 2.2378
17370 8685.0 2.6837 0.1332 2.6837 0.9512 2.3158
17380 8690.0 2.6501 1.2426 2.6501 1.0011 2.2842
17390 8695.0 2.6918 0.0340 2.6918 0.9665 2.3182
17400 8700.0 2.6684 0.4978 2.6684 0.9800 2.2959
17410 8705.0 2.6590 0.8406 2.6590 1.0017 2.2429
17420 8710.0 2.7243 0.2943 2.7243 0.9614 2.2566
17430 8715.0 2.7487 1.1867 2.7487 1.0261 2.1942
17440 8720.0 2.7886 3.9242 2.7886 0.9681 2.2508
17450 8725.0 2.7004 0.0001 2.7004 1.0254 2.2084
17460 8730.0 2.6919 0.0325 2.6919 0.9638 2.2459
17470 8735.0 2.6790 0.2198 2.6790 0.9796 2.1996
17480 8740.0 2.7197 0.1939 2.7197 0.9912 2.1907
17490 8745.0 2.7838 3.5147 2.7838 1.0015 2.2055
17500 8750.0 2.7243 0.2951 2.7243 0.9841 2.1979
17510 8755.0 2.6345 2.1448 2.6345 0.9680 2.2013
17520 8760.0 2.6702 0.4454 2.6702 0.9816 2.1968
17530 8765.0 2.7761 2.8943 2.7761 0.9907 2.2206
17540 8770.0 2.7791 3.1283 2.7791 1.0072 2.2281
17550 8775.0 2.7473 1.1194 2.7473 0.9731 2.2619
17560 8780.0 2.6752 0.3086 2.6752 0.9882 2.2628
17570 8785.0 2.6457 1.4723 2.6457 0.9651 2.3124
17580 8790.0 2.6816 0.1696 2.6816 0.9784 2.3233
17590 8795.0 2.7424 0.8973 2.7424 0.9973 2.3226
17600 8800.0 2.7599 1.7934 2.7599 0.9908 2.3462
17610 8805.0 2.7337 0.5688 2.7337 0.9959 2.3509
17620 8810.0 2.6920 0.0317 2.6920 0.9740 2.3748
17630 8815.0 2.6389 1.8688 2.6389 0.9749 2.3767
17640 8820.0 2.6496 1.2713 2.6496 0.9636 2.3749
17650 8825.0 2.6445 1.5424 2.6445 0.9819 2.3602
17660 8830.0 2.6740 0.3372 2.6740 0.9601 2.3545
17670 8835.0 2.6721 0.3891 2.6721 1.0051 2.2681
17680 8840.0 2.7559 1.5605 2.7559 0.9709 2.2559
17690 8845.0 2.7708 2.5071 2.7708 1.0089 2.1991
17700 8850.0 2.7694 2.4085 2.7694 0.9750 2.2062
17710 8855.0 2.6851 0.1115 2.6851 0.9931 2.1825
17720 8860.0 2.6495 1.2729 2.6495 0.9719 2.2117
17730 8865.0 2.6625 0.7019 2.6625 0.9664 2.2413
17740 8870.0 2.6786 0.2281 2.6786 1.0006 2.2300
17750 8875.0 2.7832 3.4614 2.7832 0.9682 2.2758
17760 8880.0 2.7822 3.3806 2.7822 1.0255 2.2191
17770 8885.0 2.7453 1.0245 2.7453 0.9588 2.2485
17780 8890.0 2.6332 2.2278 2.6332 0.9963 2.1805
17790 8895.0 2.6542 1.0479 2.6542 0.9645 2.1913
17800 8900.0 2.7411 0.8446 2.7411 1.0065 2.1691
17810 8905.0 2.8247 7.7753 2.8247 0.9885 2.2110
17820 8910.0 2.7121 0.0734 2.7121 0.9965 2.1429
17830 8915.0 2.6113 3.9373 2.6113 0.9726 2.1387
17840 8920.0 2.6568 0.9348 2.6568 0.9648 2.1697
17850 8925.0 2.7522 1.3648 2.7522 1.0066 2.1784
17860 8930.0 2.8216 7.3896 2.8216 0.9928 2.2474
17870 8935.0 2.7120 0.0720 2.7120 1.0086 2.2727
17880 8940.0 2.6665 0.5596 2.6665 0.9554 2.3985
17890 8945.0 2.6090 4.1366 2.6090 0.9877 2.4896
17900 8950.0 2.6256 2.7692 2.6256 0.9654 2.6448
17910 8955.0 2.6341 2.1681 2.6341 0.9769 2.6683
17920 8960.0 2.7241 0.2903 2.7241 1.0001 2.7095
17930 8965.0 2.8049 5.5062 2.8049 0.9713 2.7468
17940 8970.0 2.6664 0.5651 2.6664 1.0094 2.7609
17950 8975.0 2.6437 1.5843 2.6437 0.9467 2.6675
17960 8980.0 2.6567 0.9395 2.6567 1.0000 2.6168
17970 8985.0 2.6818 0.1655 2.6818 0.9634 2.6091
17980 8990.0 2.6620 0.7227 2.6620 0.9692 2.5996
17990 8995.0 2.6918 0.0337 2.6918 0.9888 2.6552
18000 9000.0 2.7746 2.7846 2.7746 0.9900 2.6450
