# step  time_fs  cv_FeH(A)  bias(kJ/mol)  d_min_FeH(A)  d_min_OH(A)  d_min_SH(A)
0 0.0 1.7182 3.3431 1.7182 2.5114 2.4126
10 5.0 1.7303 2.4293 1.7303 2.5264 2.3731
20 10.0 1.6110 17.8624 1.6110 2.6973 2.1984
30 15.0 1.6448 12.0483 1.6448 2.6315 2.1642
40 20.0 1.7791 0.2175 1.7791 2.4211 2.3249
50 25.0 1.7253 2.7908 1.7253 2.4412 2.2915
60 30.0 1.6013 19.7468 1.6013 2.6261 2.1763
70 35.0 1.6533 10.7626 1.6533 2.5823 2.2630
80 40.0 1.7988 0.0007 1.7988 2.4057 2.3919
90 45.0 1.7209 3.1273 1.7209 2.4401 2.3083
100 50.0 1.6255 15.2212 1.6255 2.5884 2.1840
110 55.0 1.6846 6.6623 1.6846 2.5929 2.2730
120 60.0 1.7503 1.2332 1.7503 2.5299 2.3443
130 65.0 1.7067 4.3527 1.7067 2.5883 2.2390
140 70.0 1.6127 17.5410 1.6127 2.6225 2.1470
150 75.0 1.7003 4.9720 1.7003 2.5271 2.2854
160 80.0 1.7757 0.2945 1.7757 2.4930 2.3126
170 85.0 1.6579 10.1017 1.6579 2.6438 2.2167
180 90.0 1.6300 14.4564 1.6300 2.6554 2.1858
190 95.0 1.6937 5.6461 1.6937 2.5427 2.2518
200 100.0 1.7543 1.0455 1.7543 2.5223 2.3034
210 105.0 1.6651 9.0944 1.6651 2.6908 2.1451
220 110.0 1.6460 11.8649 1.6460 2.7837 2.1021
230 115.0 1.7208 3.1333 1.7208 2.7154 2.2373
240 120.0 1.7315 2.3482 1.7315 2.7145 2.3219
250 125.0 1.6768 7.5847 1.6768 2.7990 2.2693
260 130.0 1.6501 11.2282 1.6501 2.8272 2.2582
270 135.0 1.7034 4.6613 1.7034 2.7963 2.3006
280 140.0 1.7080 4.2337 1.7080 2.8392 2.2532
290 145.0 1.6745 7.8742 1.6745 2.9143 2.2076
300 150.0 1.7064 4.3824 1.7064 2.8582 2.2851
310 155.0 1.6945 5.5703 1.6945 2.8568 2.3202
320 160.0 1.6864 6.4530 1.6864 2.8559 2.3283
330 165.0 1.6885 6.2163 1.6885 2.8430 2.3280
340 170.0 1.7021 4.7924 1.7021 2.8175 2.2888
350 175.0 1.7261 2.7339 1.7261 2.7964 2.2763
360 180.0 1.7281 2.5815 1.7281 2.7747 2.2866
370 185.0 1.6838 6.7532 1.6838 2.8089 2.3108
380 190.0 1.6896 6.0925 1.6896 2.8303 2.3817
390 195.0 1.6827 6.8786 1.6827 2.8587 2.3930
400 200.0 1.6907 5.9722 1.6907 2.8662 2.3626
410 205.0 1.6830 6.8426 1.6830 2.8659 2.2826
420 210.0 1.7316 2.3384 1.7316 2.8865 2.2343
430 215.0 1.7196 3.2283 1.7196 2.9538 2.2155
440 220.0 1.6815 7.0156 1.6815 2.9821 2.2767
450 225.0 1.7001 4.9919 1.7001 2.9739 2.4019
460 230.0 1.6776 7.4907 1.6776 3.0166 2.2963
470 235.0 1.6899 6.0586 1.6899 3.0125 2.2959
480 240.0 1.6832 6.8175 1.6832 3.0037 2.3227
490 245.0 1.6888 6.1821 1.6888 3.0696 2.2780
500 250.0 1.7287 2.5404 1.7287 2.9967 2.2459
510 255.0 1.7462 1.4448 1.7462 2.9482 2.2597
520 260.0 1.7193 3.2577 1.7193 2.9666 2.2589
530 265.0 1.7189 3.2862 1.7189 3.0086 2.2484
540 270.0 1.7098 4.0653 1.7098 3.0439 2.2550
550 275.0 1.7230 2.9678 1.7230 3.0003 2.3109
560 280.0 1.7421 1.6740 1.7421 2.9322 2.3474
570 285.0 1.7017 4.8292 1.7017 2.9302 2.2788
580 290.0 1.7254 2.7818 1.7254 2.9008 2.2327
590 295.0 1.7275 2.6256 1.7275 2.8626 2.2253
600 300.0 1.7254 2.7802 1.7254 2.8262 2.2772
610 305.0 1.7210 3.1206 1.7210 2.8679 2.2850
620 310.0 1.6934 5.6773 1.6934 2.9177 2.2800
630 315.0 1.7209 3.1303 1.7209 2.8753 2.3300
640 320.0 1.7304 2.4243 1.7304 2.8381 2.3546
650 325.0 1.7072 4.3015 1.7072 2.8555 2.3154
660 330.0 1.6868 6.4080 1.6868 2.9088 2.2706
670 335.0 1.6943 5.5912 1.6943 2.9064 2.3006
680 340.0 1.7351 2.1041 1.7351 2.8347 2.4039
690 345.0 1.7173 3.4170 1.7173 2.8393 2.4097
700 350.0 1.6803 7.1582 1.6803 2.8920 2.3376
710 355.0 1.7173 3.4202 1.7173 2.9036 2.3281
720 360.0 1.7360 2.0462 1.7360 2.9317 2.3261
730 365.0 1.6985 5.1528 1.6985 2.9753 2.3405
740 370.0 1.7133 3.7557 1.7133 2.9467 2.4030
750 375.0 1.7163 3.5006 1.7163 2.9354 2.3922
760 380.0 1.6978 5.2231 1.6978 2.9527 2.3051
770 385.0 1.7151 3.6011 1.7151 2.9234 2.2310
780 390.0 1.7481 1.3464 1.7481 2.8809 2.2256
790 395.0 1.7490 1.2998 1.7490 2.8941 2.2600
800 400.0 1.7013 4.8744 1.7013 2.9066 2.3190
810 405.0 1.7213 3.0934 1.7213 2.8420 2.3591
820 410.0 1.6933 5.6964 1.6933 2.8119 2.2720
830 415.0 1.7196 3.2292 1.7196 2.7992 2.3110
840 420.0 1.7189 3.2906 1.7189 2.8397 2.2303
850 425.0 1.7246 2.8459 1.7246 2.8912 2.1713
860 430.0 1.7450 1.5141 1.7450 2.8685 2.2327
870 435.0 1.7896 0.0544 1.7896 2.7989 2.3174
880 440.0 1.7507 1.2161 1.7507 2.8492 2.2746
890 445.0 1.6341 13.7554 1.6341 2.9462 2.2044
900 450.0 1.7249 2.8195 1.7249 2.8527 2.2786
910 455.0 1.8130 0.0842 1.8130 2.7449 2.3513
920 460.0 1.7537 1.0710 1.7537 2.8445 2.2089
930 465.0 1.6747 7.8462 1.6747 2.9637 2.0622
940 470.0 1.6791 7.3070 1.6791 2.8880 2.1904
950 475.0 1.7641 0.6456 1.7641 2.6908 2.3479
960 480.0 1.7595 0.8202 1.7595 2.6299 2.3312
970 485.0 1.6516 11.0157 1.6516 2.7366 2.2659
980 490.0 1.6569 10.2457 1.6569 2.8042 2.2322
990 495.0 1.7572 0.9176 1.7572 2.8089 2.3168
1000 500.0 1.6977 5.2366 1.6977 2.8583 2.3491
1010 505.0 1.7258 2.7502 1.7258 2.8613 2.3374
1020 510.0 1.6946 5.5520 1.6946 2.8358 2.2719
1030 515.0 1.6382 13.0863 1.6382 2.8126 2.3186
1040 520.0 1.7385 1.8938 1.7385 2.7456 2.3962
1050 525.0 1.7437 1.5842 1.7437 2.8163 2.3645
1060 530.0 1.6684 8.6613 1.6684 2.9600 2.2808
1070 535.0 1.6323 14.0573 1.6323 2.9651 2.2163
1080 540.0 1.7390 1.8630 1.7390 2.8345 2.3962
1090 545.0 1.8050 0.0123 1.8050 2.7742 2.4734
1100 550.0 1.7108 3.9810 1.7108 2.9474 2.3562
1110 555.0 1.6288 14.6616 1.6288 3.0895 2.1774
1120 560.0 1.7128 3.8063 1.7128 3.0031 2.2847
1130 565.0 1.8260 0.3374 1.8260 2.8847 2.4370
1140 570.0 1.8012 0.0008 1.8012 2.9630 2.3516
1150 575.0 1.7088 4.1542 1.7088 3.1245 2.1413
1160 580.0 1.7138 3.7128 1.7138 3.1692 2.1079
1170 585.0 1.8240 0.2875 1.8240 2.9958 2.3293
1180 590.0 1.8563 1.5843 1.8563 2.9459 2.4175
1190 595.0 1.7082 4.2142 1.7082 3.0903 2.2595
1200 600.0 1.6521 10.9307 1.6521 3.1695 2.1892
1210 605.0 1.8085 0.0361 1.8085 3.0335 2.3358
1220 610.0 1.8012 0.0008 1.8012 3.0051 2.3937
1230 615.0 1.6391 12.9488 1.6391 3.1163 2.3073
1240 620.0 1.7095 4.0935 1.7095 3.0583 2.3448
1250 625.0 1.7680 0.5118 1.7680 2.9699 2.4474
1260 630.0 1.7322 2.2960 1.7322 3.0057 2.3450
1270 635.0 1.6501 11.2391 1.6501 3.0576 2.2966
1280 640.0 1.6924 5.7851 1.6924 2.9824 2.2907
1290 645.0 1.7962 0.0070 1.7962 2.9136 2.3145
1300 650.0 1.7157 3.5559 1.7157 2.9775 2.2570
1310 655.0 1.6529 10.8235 1.6529 3.0187 2.2472
1320 660.0 1.7637 0.6602 1.7637 2.8778 2.3798
1330 665.0 1.8331 0.5486 1.8331 2.8149 2.4429
1340 670.0 1.7184 3.3292 1.7184 2.9742 2.3015
1350 675.0 1.6492 11.3689 1.6492 3.0793 2.1933
1360 680.0 1.7170 3.4441 1.7170 2.9122 2.3183
1370 685.0 1.8048 0.0117 1.8048 2.7787 2.4552
1380 690.0 1.7026 4.7405 1.7026 2.9089 2.3747
1390 695.0 1.6162 16.8993 1.6162 3.0964 2.2733
1400 700.0 1.6817 7.0019 1.6817 2.9831 2.3636
1410 705.0 1.8318 0.5045 1.8318 2.7685 2.4604
1420 710.0 1.6681 8.6956 1.6681 2.8899 2.2914
1430 715.0 1.5999 20.0202 1.5999 2.9650 2.2212
1440 720.0 1.7564 0.9520 1.7564 2.7424 2.4135
1450 725.0 1.7703 0.4399 1.7703 2.6785 2.4693
1460 730.0 1.6132 17.4518 1.6132 2.8347 2.3383
1470 735.0 1.6838 6.7504 1.6838 2.7570 2.3336
1480 740.0 1.6871 6.3764 1.6871 2.6433 2.2440
1490 745.0 1.7763 0.2807 1.7763 2.6038 2.3241
1500 750.0 1.6937 5.6516 1.6937 2.8049 2.2903
1510 755.0 1.6099 18.0660 1.6099 2.8860 2.2489
1520 760.0 1.8003 0.0000 1.8003 2.6764 2.3688
1530 765.0 1.7602 0.7917 1.7602 2.6442 2.3623
1540 770.0 1.6683 8.6688 1.6683 2.7777 2.2303
1550 775.0 1.7276 2.6195 1.7276 2.7929 2.1861
1560 780.0 1.7435 1.5971 1.7435 2.7732 2.2277
1570 785.0 1.7739 0.3407 1.7739 2.7108 2.2854
1580 790.0 1.7266 2.6952 1.7266 2.7634 2.2383
1590 795.0 1.6949 5.5212 1.6949 2.8080 2.2054
1600 800.0 1.6783 7.4111 1.6783 2.8124 2.1465
1610 805.0 1.6883 6.2370 1.6883 2.7595 2.1164
1620 810.0 1.7250 2.8093 1.7250 2.7463 2.1276
1630 815.0 1.6458 11.8846 1.6458 2.8453 2.1859
1640 820.0 1.7160 3.5308 1.7160 2.7909 2.2375
1650 825.0 1.7736 0.3493 1.7736 2.7251 2.2330
1660 830.0 1.7320 2.3115 1.7320 2.7531 2.2036
1670 835.0 1.7066 4.3593 1.7066 2.7646 2.2126
1680 840.0 1.6883 6.2371 1.6883 2.7444 2.2678
1690 845.0 1.6851 6.6064 1.6851 2.6921 2.3065
1700 850.0 1.6845 6.6704 1.6845 2.6329 2.3132
1710 855.0 1.6775 7.5003 1.6775 2.5812 2.2485
1720 860.0 1.7092 4.1238 1.7092 2.5060 2.2212
1730 865.0 1.7232 2.9499 1.7232 2.4352 2.2192
1740 870.0 1.6887 6.1958 1.6887 2.4078 2.2230
1750 875.0 1.6758 7.7143 1.6758 2.3459 2.3095
1760 880.0 1.7148 3.6255 1.7148 2.2601 2.3312
1770 885.0 1.6635 9.3133 1.6635 2.2888 2.2888
1780 890.0 1.6317 14.1627 1.6317 2.2978 2.2215
1790 895.0 1.7115 3.9124 1.7115 2.1632 2.2357
1800 900.0 1.7777 0.2493 1.7777 2.0658 2.2210
1810 905.0 1.7142 3.6784 1.7142 2.1406 2.0893
1820 910.0 1.6661 8.9695 1.6661 2.1636 2.0611
1830 915.0 1.7037 4.6356 1.7037 2.0670 2.1807
1840 920.0 1.6680 8.7067 1.6680 2.0272 2.2773
1850 925.0 1.6602 9.7683 1.6602 2.0374 2.1954
1860 930.0 1.6233 15.6162 1.6233 2.0425 2.1968
1870 935.0 1.6961 5.3948 1.6961 1.9853 2.2942
1880 940.0 1.6905 5.9908 1.6905 2.0056 2.2565
1890 945.0 1.6847 6.6437 1.6847 2.0671 2.1682
1900 950.0 1.6617 9.5654 1.6617 2.0965 2.1053
1910 955.0 1.7138 3.7141 1.7138 2.0432 2.1418
1920 960.0 1.7201 3.1922 1.7201 2.0457 2.1634
1930 965.0 1.6487 11.4476 1.6487 2.1014 2.1717
1940 970.0 1.6838 6.7486 1.6838 2.0516 2.2398
1950 975.0 1.7016 4.8371 1.7016 1.9998 2.3233
1960 980.0 1.6871 6.3764 1.6871 2.0426 2.2917
1970 985.0 1.6531 10.7930 1.6531 2.1216 2.2677
1980 990.0 1.6824 6.9184 1.6824 2.1213 2.2503
1990 995.0 1.7127 3.8143 1.7127 2.1220 2.2330
2000 1000.0 1.7105 4.0059 1.7105 2.1693 2.2192
2010 1005.0 1.6621 9.5115 1.6621 2.2776 2.1857
2020 1010.0 1.6618 9.5511 1.6618 2.3036 2.2262
2030 1015.0 1.6877 6.3110 1.6877 2.2925 2.3086
2040 1020.0 1.6453 11.9647 1.6453 2.3670 2.2993
2050 1025.0 1.6310 14.2733 1.6310 2.3944 2.2756
2060 1030.0 1.6985 5.1498 1.6985 2.3286 2.2804
2070 1035.0 1.6981 5.1961 1.6981 2.3446 2.2215
2080 1040.0 1.6418 12.5193 1.6418 2.4426 2.1173
2090 1045.0 1.6615 9.5975 1.6615 2.4224 2.1352
2100 1050.0 1.7053 4.4843 1.7053 2.3621 2.2348
2110 1055.0 1.6504 11.1834 1.6504 2.4351 2.2578
2120 1060.0 1.6258 15.1704 1.6258 2.5069 2.1027
2130 1065.0 1.6680 8.7083 1.6680 2.4745 2.0562
2140 1070.0 1.7078 4.2545 1.7078 2.4446 2.0886
2150 1075.0 1.6326 14.0053 1.6326 2.5495 2.1439
2160 1080.0 1.6332 13.9087 1.6332 2.5675 2.1678
2170 1085.0 1.7417 1.7013 1.7417 2.4446 2.1975
2180 1090.0 1.7712 0.4147 1.7712 2.4146 2.2064
2190 1095.0 1.6543 10.6203 1.6543 2.5520 2.1344
2200 1100.0 1.6368 13.3148 1.6368 2.5718 2.1272
2210 1105.0 1.7477 1.3666 1.7477 2.4298 2.1265
2220 1110.0 1.7292 2.5085 1.7292 2.4593 2.0961
2230 1115.0 1.6056 18.9009 1.6056 2.6272 2.0907
2240 1120.0 1.6794 7.2692 1.6794 2.5297 2.1764
2250 1125.0 1.7933 0.0223 1.7933 2.4084 2.1947
2260 1130.0 1.7363 2.0302 1.7363 2.4839 2.1369
2270 1135.0 1.6367 13.3279 1.6367 2.6265 2.1006
2280 1140.0 1.6305 14.3694 1.6305 2.6152 2.2195
2290 1145.0 1.7445 1.5412 1.7445 2.4701 2.2592
2300 1150.0 1.7307 2.4033 1.7307 2.5332 2.2235
2310 1155.0 1.6092 18.2006 1.6092 2.7275 2.1543
2320 1160.0 1.6677 8.7488 1.6677 2.6726 2.1298
2330 1165.0 1.7990 0.0005 1.7990 2.5097 2.2674
2340 1170.0 1.7289 2.5289 1.7289 2.5979 2.2430
2350 1175.0 1.6463 11.8171 1.6463 2.7535 2.1637
2360 1180.0 1.7052 4.4928 1.7052 2.7422 2.2279
2370 1185.0 1.7163 3.5012 1.7163 2.7081 2.3135
2380 1190.0 1.7147 3.6339 1.7147 2.7617 2.2892
2390 1195.0 1.7359 2.0560 1.7359 2.8203 2.2152
2400 1200.0 1.7113 3.9347 1.7113 2.9048 2.1765
2410 1205.0 1.6945 5.5676 1.6945 2.9363 2.2234
2420 1210.0 1.7359 2.0547 1.7359 2.9211 2.2937
2430 1215.0 1.7021 4.7884 1.7021 2.9690 2.2598
2440 1220.0 1.6642 9.2175 1.6642 3.0338 2.2724
2450 1225.0 1.7134 3.7533 1.7134 3.0087 2.2680
2460 1230.0 1.7307 2.3992 1.7307 2.9843 2.2542
2470 1235.0 1.7495 1.2748 1.7495 2.9814 2.2499
2480 1240.0 1.7131 3.7757 1.7131 3.0106 2.2723
2490 1245.0 1.6782 7.4138 1.6782 3.0190 2.3263
2500 1250.0 1.6950 5.5139 1.6950 3.0098 2.3452
2510 1255.0 1.6873 6.3454 1.6873 3.0011 2.3448
2520 1260.0 1.7282 2.5772 1.7282 2.9563 2.3486
2530 1265.0 1.7194 3.2444 1.7194 2.9571 2.3089
2540 1270.0 1.6733 8.0311 1.6733 3.0222 2.2620
2550 1275.0 1.7679 0.5153 1.7679 2.9623 2.3069
2560 1280.0 1.7624 0.7067 1.7624 3.0034 2.2744
2570 1285.0 1.6657 9.0167 1.6657 3.1252 2.2506
2580 1290.0 1.6934 5.6850 1.6934 3.1133 2.3393
2590 1295.0 1.7038 4.6319 1.7038 3.1047 2.2730
2600 1300.0 1.6932 5.7055 1.6932 3.1053 2.2859
2610 1305.0 1.6909 5.9544 1.6909 3.0974 2.3358
2620 1310.0 1.7127 3.8120 1.7127 3.0774 2.2505
2630 1315.0 1.7442 1.5548 1.7442 3.0412 2.2333
2640 1320.0 1.7315 2.3489 1.7315 3.0376 2.2405
2650 1325.0 1.6847 6.6476 1.6847 3.0683 2.2504
2660 1330.0 1.6838 6.7514 1.6838 3.0517 2.1938
2670 1335.0 1.7295 2.4823 1.7295 2.9799 2.2061
2680 1340.0 1.7168 3.4652 1.7168 2.9838 2.2189
2690 1345.0 1.6670 8.8491 1.6670 3.0450 2.1387
2700 1350.0 1.7126 3.8159 1.7126 2.9801 2.1793
2710 1355.0 1.7557 0.9794 1.7557 2.9236 2.2468
2720 1360.0 1.7314 2.3533 1.7314 2.9549 2.2379
2730 1365.0 1.6872 6.3591 1.6872 2.9861 2.2054
2740 1370.0 1.7050 4.5166 1.7050 2.9479 2.2056
2750 1375.0 1.7337 2.1967 1.7337 2.9046 2.2222
2760 1380.0 1.7213 3.0945 1.7213 2.9087 2.2332
2770 1385.0 1.6941 5.6052 1.6941 2.9212 2.2450
2780 1390.0 1.6957 5.4412 1.6957 2.8899 2.3173
2790 1395.0 1.7059 4.4304 1.7059 2.8495 2.3612
2800 1400.0 1.6654 9.0520 1.6654 2.8701 2.3480
2810 1405.0 1.7083 4.2039 1.7083 2.8318 2.3572
2820 1410.0 1.6941 5.6056 1.6941 2.8513 2.3032
2830 1415.0 1.7027 4.7303 1.7027 2.8539 2.2606
2840 1420.0 1.7490 1.3018 1.7490 2.8248 2.2805
2850 1425.0 1.7046 4.5484 1.7046 2.8783 2.2567
2860 1430.0 1.7195 3.2430 1.7195 2.9046 2.3055
2870 1435.0 1.7101 4.0367 1.7101 2.9275 2.3803
2880 1440.0 1.7144 3.6651 1.7144 2.9565 2.4070
2890 1445.0 1.6774 7.5124 1.6774 3.0464 2.3282
2900 1450.0 1.7020 4.8008 1.7020 3.0687 2.2526
2910 1455.0 1.7613 0.7488 1.7613 3.0252 2.2639
2920 1460.0 1.7473 1.3901 1.7473 3.0349 2.2845
2930 1465.0 1.6938 5.6438 1.6938 3.1137 2.2880
2940 1470.0 1.6954 5.4657 1.6954 3.1561 2.3165
2950 1475.0 1.6966 5.3424 1.6966 3.1471 2.2828
2960 1480.0 1.7288 2.5375 1.7288 3.1322 2.2416
2970 1485.0 1.6978 5.2183 1.6978 3.1996 2.2275
2980 1490.0 1.6600 9.7938 1.6600 3.2451 2.2466
2990 1495.0 1.7627 0.6938 1.7627 3.1571 2.2442
3000 1500.0 1.7915 0.0359 1.7915 3.1504 2.2375
3010 1505.0 1.7179 3.3739 1.7179 3.2641 2.2190
3020 1510.0 1.6685 8.6438 1.6685 3.3306 2.1765
3030 1515.0 1.7215 3.0819 1.7215 3.2561 2.1581
3040 1520.0 1.7513 1.1867 1.7513 3.2050 2.2502
3050 1525.0 1.7224 3.0122 1.7224 3.2340 2.2503
3060 1530.0 1.7275 2.6253 1.7275 3.2482 2.1686
3070 1535.0 1.7619 0.7242 1.7619 3.1870 2.2312
3080 1540.0 1.7292 2.5065 1.7292 3.1601 2.3160
3090 1545.0 1.6907 5.9761 1.6907 3.1639 2.3829
3100 1550.0 1.6899 6.0640 1.6899 3.1264 2.3920
3110 1555.0 1.6374 13.2125 1.6374 3.1457 2.3774
3120 1560.0 1.7054 4.4765 1.7054 3.0992 2.4333
3130 1565.0 1.7129 3.7917 1.7129 3.0779 2.3467
3140 1570.0 1.7315 2.3483 1.7315 3.0742 2.2552
3150 1575.0 1.7451 1.5092 1.7451 3.0607 2.2281
3160 1580.0 1.7225 3.0008 1.7225 3.0201 2.2984
3170 1585.0 1.7267 2.6885 1.7267 2.9981 2.3931
3180 1590.0 1.7104 4.0103 1.7104 3.0451 2.3430
3190 1595.0 1.6638 9.2778 1.6638 3.0815 2.3161
3200 1600.0 1.7452 1.4990 1.7452 2.9575 2.2924
3210 1605.0 1.7278 2.6049 1.7278 2.8744 2.2457
3220 1610.0 1.7168 3.4636 1.7168 2.8350 2.2529
3230 1615.0 1.7476 1.3719 1.7476 2.8618 2.3048
3240 1620.0 1.6972 5.2856 1.6972 2.9263 2.2323
3250 1625.0 1.6871 6.3724 1.6871 2.9244 2.2410
3260 1630.0 1.7212 3.1075 1.7212 2.8532 2.2916
3270 1635.0 1.6913 5.9041 1.6913 2.8150 2.2802
3280 1640.0 1.7663 0.5663 1.7663 2.7710 2.3626
3290 1645.0 1.7574 0.9075 1.7574 2.8301 2.3591
3300 1650.0 1.6561 10.3533 1.6561 2.9928 2.2320
3310 1655.0 1.6930 5.7192 1.6930 2.9365 2.2524
3320 1660.0 1.7618 0.7285 1.7618 2.7351 2.4016
3330 1665.0 1.7361 2.0418 1.7361 2.7051 2.4206
3340 1670.0 1.7025 4.7505 1.7025 2.8102 2.3327
3350 1675.0 1.6857 6.5316 1.6857 2.9472 2.2766
3360 1680.0 1.6734 8.0158 1.6734 2.9803 2.3214
3370 1685.0 1.7056 4.4538 1.7056 2.9260 2.4042
3380 1690.0 1.7079 4.2440 1.7079 2.9116 2.4051
3390 1695.0 1.6601 9.7792 1.6601 2.9567 2.3111
3400 1700.0 1.7457 1.4765 1.7457 2.8780 2.2635
3410 1705.0 1.7684 0.5000 1.7684 2.8622 2.2252
3420 1710.0 1.7217 3.0689 1.7217 2.9155 2.1717
3430 1715.0 1.6923 5.7982 1.6923 2.9148 2.2144
3440 1720.0 1.7055 4.4608 1.7055 2.8577 2.2920
3450 1725.0 1.7062 4.3975 1.7062 2.8411 2.1922
3460 1730.0 1.6944 5.5761 1.6944 2.8523 2.1550
3470 1735.0 1.6714 8.2737 1.6714 2.8751 2.1880
3480 1740.0 1.7093 4.1098 1.7093 2.8434 2.2383
3490 1745.0 1.7528 1.1121 1.7528 2.8147 2.1533
3500 1750.0 1.7027 4.7326 1.7027 2.8371 2.1577
3510 1755.0 1.7196 3.2303 1.7196 2.7722 2.2897
3520 1760.0 1.7819 0.1635 1.7819 2.7159 2.3921
3530 1765.0 1.6895 6.1021 1.6895 2.8400 2.3077
3540 1770.0 1.7198 3.2159 1.7198 2.9014 2.2021
3550 1775.0 1.8360 0.6474 1.8360 2.8683 2.1917
3560 1780.0 1.7782 0.2371 1.7782 2.9677 2.1639
3570 1785.0 1.6579 10.0940 1.6579 3.0898 2.1964
3580 1790.0 1.7101 4.0433 1.7101 3.0609 2.2617
3590 1795.0 1.6885 6.2114 1.6885 2.9189 2.1517
3600 1800.0 1.7180 3.3580 1.7180 2.8885 2.1446
3610 1805.0 1.6635 9.3104 1.6635 3.0222 2.1891
3620 1810.0 1.6665 8.9114 1.6665 3.0804 2.3034
3630 1815.0 1.7952 0.0113 1.7952 2.9448 2.2936
3640 1820.0 1.7877 0.0756 1.7877 2.9566 2.2429
3650 1825.0 1.6845 6.6675 1.6845 3.0011 2.2193
3660 1830.0 1.7313 2.3602 1.7313 2.9604 2.3230
3670 1835.0 1.7354 2.0860 1.7354 3.0023 2.4175
3680 1840.0 1.6571 10.2152 1.6571 3.0554 2.4438
3690 1845.0 1.7001 4.9876 1.7001 2.9278 2.4349
3700 1850.0 1.6554 10.4582 1.6554 2.8522 2.4320
3710 1855.0 1.7384 1.8958 1.7384 2.8974 2.4903
3720 1860.0 1.7002 4.9786 1.7002 3.1125 2.3364
3730 1865.0 1.6900 6.0541 1.6900 3.1813 2.2269
3740 1870.0 1.7622 0.7163 1.7622 3.1044 2.2478
3750 1875.0 1.7067 4.3505 1.7067 3.0543 2.2588
3760 1880.0 1.7229 2.9725 1.7229 3.0626 2.2903
3770 1885.0 1.7442 1.5559 1.7442 3.1320 2.3187
3780 1890.0 1.6762 7.6613 1.6762 3.2040 2.2848
3790 1895.0 1.7436 1.5916 1.7436 3.1812 2.2793
3800 1900.0 1.7372 1.9704 1.7372 3.2141 2.2367
3810 1905.0 1.6951 5.4968 1.6951 3.2579 2.2302
3820 1910.0 1.6654 9.0528 1.6654 3.3295 2.1387
3830 1915.0 1.6896 6.0914 1.6896 3.3000 2.0825
3840 1920.0 1.7530 1.1045 1.7530 3.2831 2.0887
3850 1925.0 1.6631 9.3642 1.6631 3.4188 2.0860
3860 1930.0 1.6426 12.3946 1.6426 3.4757 2.1621
3870 1935.0 1.7267 2.6880 1.7267 3.3578 2.2378
3880 1940.0 1.7482 1.3411 1.7482 3.2819 2.3069
3890 1945.0 1.6956 5.4504 1.6956 3.3204 2.3245
3900 1950.0 1.7598 0.8083 1.7598 3.3006 2.3369
3910 1955.0 1.7603 0.7886 1.7603 3.3787 2.2418
3920 1960.0 1.6962 5.3822 1.6962 3.5093 2.1602
3930 1965.0 1.6823 6.9225 1.6823 3.5039 2.2613
3940 1970.0 1.7423 1.6619 1.7423 3.3380 2.3087
3950 1975.0 1.7384 1.9000 1.7384 3.3459 2.2257
3960 1980.0 1.6437 12.2096 1.6437 3.4739 2.1680
3970 1985.0 1.6600 9.8025 1.6600 3.4715 2.2757
3980 1990.0 1.7773 0.2577 1.7773 3.3653 2.3915
3990 1995.0 1.7625 0.7037 1.7625 3.3846 2.2925
4000 2000.0 1.7057 4.4492 1.7057 3.4769 2.1953
4010 2005.0 1.7009 4.9101 1.7009 3.4944 2.2601
4020 2010.0 1.7370 1.9846 1.7370 3.4063 2.4357
4030 2015.0 1.7689 0.4829 1.7689 3.3784 2.4749
4040 2020.0 1.7150 3.6156 1.7150 3.4937 2.3655
4050 2025.0 1.6445 12.0877 1.6445 3.6363 2.1714
4060 2030.0 1.7465 1.4289 1.7465 3.5270 2.1840
4070 2035.0 1.8647 2.0916 1.8647 3.3217 2.3296
4080 2040.0 1.8244 0.2976 1.8244 3.2800 2.3138
4090 2045.0 1.6691 8.5646 1.6691 3.3535 2.1757
4100 2050.0 1.7346 2.1407 1.7346 3.3462 2.2009
4110 2055.0 1.8338 0.5712 1.8338 3.2797 2.3321
4120 2060.0 1.7590 0.8397 1.7590 3.3073 2.3257
4130 2065.0 1.6802 7.1752 1.6802 3.3918 2.2728
4140 2070.0 1.7689 0.4848 1.7689 3.4688 2.2942
4150 2075.0 1.7449 1.5181 1.7449 3.5549 2.2860
4160 2080.0 1.7365 2.0143 1.7365 3.6154 2.2459
4170 2085.0 1.7385 1.8885 1.7385 3.5736 2.2156
4180 2090.0 1.6902 6.0283 1.6902 3.4541 2.2482
4190 2095.0 1.7293 2.4964 1.7293 3.3971 2.1877
4200 2100.0 1.7335 2.2128 1.7335 3.2720 2.2571
4210 2105.0 1.7645 0.6300 1.7645 3.1589 2.3605
4220 2110.0 1.7335 2.2099 1.7335 3.1597 2.2468
4230 2115.0 1.6443 12.1231 1.6443 3.1973 2.1297
4240 2120.0 1.7281 2.5819 1.7281 3.1253 2.1778
4250 2125.0 1.8109 0.0597 1.8109 2.9530 2.3226
4260 2130.0 1.7553 1.0008 1.7553 2.8628 2.3433
4270 2135.0 1.7034 4.6680 1.7034 2.8955 2.2440
4280 2140.0 1.7740 0.3376 1.7740 2.9138 2.2038
4290 2145.0 1.8254 0.3217 1.8254 2.8891 2.2128
4300 2150.0 1.7743 0.3291 1.7743 2.8783 2.1709
4310 2155.0 1.6855 6.5589 1.6855 2.8051 2.1812
4320 2160.0 1.6947 5.5452 1.6947 2.6182 2.1426
4330 2165.0 1.7057 4.4442 1.7057 2.5266 2.1168
4340 2170.0 1.7156 3.5603 1.7156 2.6733 2.2189
4350 2175.0 1.7451 1.5070 1.7451 2.9572 2.2513
4360 2180.0 1.7472 1.3942 1.7472 3.2155 2.1395
4370 2185.0 1.6965 5.3598 1.6965 3.3129 2.1724
4380 2190.0 1.7403 1.7793 1.7403 3.2638 2.3202
4390 2195.0 1.7410 1.7411 1.7410 3.2069 2.4064
4400 2200.0 1.6850 6.6164 1.6850 3.2396 2.2899
4410 2205.0 1.6808 7.1010 1.6808 3.2288 2.3047
4420 2210.0 1.7581 0.8793 1.7581 3.2376 2.3600
4430 2215.0 1.7056 4.4590 1.7056 3.3210 2.3118
4440 2220.0 1.7002 4.9836 1.7002 3.3344 2.3015
4450 2225.0 1.7799 0.2010 1.7799 3.2482 2.3410
4460 2230.0 1.7246 2.8418 1.7246 3.2420 2.2556
4470 2235.0 1.7444 1.5444 1.7444 3.2992 2.2403
4480 2240.0 1.7159 3.5404 1.7159 3.4308 2.2922
4490 2245.0 1.6825 6.9026 1.6825 3.4850 2.2989
4500 2250.0 1.7263 2.7124 1.7263 3.4155 2.3518
4510 2255.0 1.7546 1.0293 1.7546 3.3764 2.3675
4520 2260.0 1.6970 5.3046 1.6970 3.4529 2.3484
4530 2265.0 1.6868 6.4083 1.6868 3.4671 2.2762
4540 2270.0 1.7571 0.9209 1.7571 3.3636 2.2959
4550 2275.0 1.7342 2.1674 1.7342 3.3082 2.2917
4560 2280.0 1.6702 8.4296 1.6702 3.3316 2.3073
4570 2285.0 1.6955 5.4558 1.6955 3.2932 2.3538
4580 2290.0 1.7562 0.9610 1.7562 3.2543 2.4372
4590 2295.0 1.7275 2.6250 1.7275 3.3535 2.3654
4600 2300.0 1.6734 8.0103 1.6734 3.4526 2.2688
4610 2305.0 1.7126 3.8157 1.7126 3.3950 2.3035
4620 2310.0 1.7473 1.3909 1.7473 3.2942 2.3918
4630 2315.0 1.7032 4.6861 1.7032 3.2827 2.3658
4640 2320.0 1.7009 4.9077 1.7009 3.2369 2.3127
4650 2325.0 1.7296 2.4766 1.7296 3.2173 2.3257
4660 2330.0 1.7200 3.2003 1.7200 3.2895 2.3353
4670 2335.0 1.7169 3.4565 1.7169 3.3840 2.2383
4680 2340.0 1.7961 0.0075 1.7961 3.3373 2.2539
4690 2345.0 1.7887 0.0634 1.7887 3.3503 2.2690
4700 2350.0 1.6776 7.4871 1.6776 3.4565 2.2575
4710 2355.0 1.6631 9.3679 1.6631 3.4656 2.2115
4720 2360.0 1.7244 2.8605 1.7244 3.3235 2.1875
4730 2365.0 1.7232 2.9469 1.7232 3.2616 2.2030
4740 2370.0 1.6645 9.1797 1.6645 3.2920 2.2586
4750 2375.0 1.6512 11.0638 1.6512 3.2576 2.2145
4760 2380.0 1.7689 0.4844 1.7689 3.0426 2.2566
4770 2385.0 1.7883 0.0684 1.7883 2.9338 2.3216
4780 2390.0 1.6494 11.3459 1.6494 2.9979 2.3189
4790 2395.0 1.6519 10.9713 1.6519 2.9587 2.3700
4800 2400.0 1.6923 5.7965 1.6923 2.8331 2.3917
4810 2405.0 1.7063 4.3929 1.7063 2.7779 2.4435
4820 2410.0 1.6973 5.2705 1.6973 2.7860 2.2768
4830 2415.0 1.6952 5.4906 1.6952 2.7481 2.2139
4840 2420.0 1.7045 4.5565 1.7045 2.6783 2.2822
4850 2425.0 1.7445 1.5404 1.7445 2.6555 2.3678
4860 2430.0 1.6931 5.7154 1.6931 2.7571 2.3615
4870 2435.0 1.6490 11.3931 1.6490 2.8257 2.3184
4880 2440.0 1.7327 2.2679 1.7327 2.7151 2.3356
4890 2445.0 1.7085 4.1900 1.7085 2.6244 2.3366
4900 2450.0 1.6754 7.7610 1.6754 2.6406 2.3189
4910 2455.0 1.6858 6.5164 1.6858 2.7341 2.3373
4920 2460.0 1.6728 8.0914 1.6728 2.7713 2.3027
4930 2465.0 1.7244 2.8549 1.7244 2.7127 2.3521
4940 2470.0 1.6903 6.0206 1.6903 2.7050 2.3439
4950 2475.0 1.6612 9.6325 1.6612 2.7863 2.2439
4960 2480.0 1.6839 6.7348 1.6839 2.8613 2.2890
4970 2485.0 1.7362 2.0345 1.7362 2.8526 2.2452
4980 2490.0 1.7151 3.6036 1.7151 2.8438 2.2797
4990 2495.0 1.6310 14.2828 1.6310 2.8856 2.1806
5000 2500.0 1.7181 3.3531 1.7181 2.9015 2.3012
5010 2505.0 1.7449 1.5194 1.7449 2.9836 2.3046
5020 2510.0 1.7070 4.3291 1.7070 3.0465 2.2145
5030 2515.0 1.7281 2.5875 1.7281 2.9586 2.2556
5040 2520.0 1.7345 2.1438 1.7345 2.8353 2.3543
5050 2525.0 1.6962 5.3843 1.6962 2.8202 2.1935
5060 2530.0 1.6575 10.1536 1.6575 2.8527 2.1581
5070 2535.0 1.7631 0.6811 1.7631 2.8719 2.2693
5080 2540.0 1.7201 3.1931 1.7201 3.0337 2.2898
5090 2545.0 1.7312 2.3687 1.7312 3.1645 2.1966
5100 2550.0 1.7343 2.1550 1.7343 3.1696 2.2556
5110 2555.0 1.7728 0.3689 1.7728 3.0917 2.3791
5120 2560.0 1.7851 0.1110 1.7851 3.1020 2.3802
5130 2565.0 1.7534 1.0870 1.7534 3.1753 2.3013
5140 2570.0 1.7368 1.9964 1.7368 3.2118 2.2295
5150 2575.0 1.6957 5.4366 1.6957 3.2192 2.2144
5160 2580.0 1.7433 1.6088 1.7433 3.1668 2.2463
5170 2585.0 1.7769 0.2661 1.7769 3.1300 2.3040
5180 2590.0 1.7049 4.5225 1.7049 3.1891 2.3300
5190 2595.0 1.6586 9.9959 1.6586 3.2147 2.3003
5200 2600.0 1.7239 2.8988 1.7239 3.0668 2.2490
5210 2605.0 1.7452 1.5027 1.7452 2.9515 2.1691
5220 2610.0 1.6829 6.8573 1.6829 2.9812 2.1510
5230 2615.0 1.6984 5.1588 1.6984 3.0444 2.1952
5240 2620.0 1.6506 11.1628 1.6506 3.0140 2.2852
5250 2625.0 1.7644 0.6322 1.7644 2.8272 2.3941
5260 2630.0 1.7570 0.9248 1.7570 2.8311 2.3114
5270 2635.0 1.6177 16.6200 1.6177 2.9941 2.2366
5280 2640.0 1.6779 7.4591 1.6779 2.9441 2.2530
5290 2645.0 1.7616 0.7375 1.7616 2.8356 2.3624
5300 2650.0 1.7164 3.4916 1.7164 2.9084 2.3586
5310 2655.0 1.7189 3.2918 1.7189 3.0235 2.2389
5320 2660.0 1.6909 5.9558 1.6909 3.0725 2.1768
5330 2665.0 1.7624 0.7057 1.7624 2.9633 2.2692
5340 2670.0 1.7942 0.0166 1.7942 2.8851 2.2518
5350 2675.0 1.7097 4.0732 1.7097 2.9307 2.2181
5360 2680.0 1.6740 7.9422 1.6740 3.0210 2.2364
5370 2685.0 1.7433 1.6059 1.7433 3.0441 2.3140
5380 2690.0 1.7483 1.3354 1.7483 3.1273 2.3829
5390 2695.0 1.6364 13.3858 1.6364 3.2462 2.3595
5400 2700.0 1.7161 3.5223 1.7161 3.1279 2.4002
5410 2705.0 1.6844 6.6783 1.6844 3.0087 2.1699
5420 2710.0 1.6246 15.3781 1.6246 2.9505 2.0735
5430 2715.0 1.7149 3.6248 1.7149 3.0006 2.2303
5440 2720.0 1.6873 6.3462 1.6873 3.2077 2.4050
5450 2725.0 1.6390 12.9685 1.6390 3.2841 2.3769
5460 2730.0 1.7400 1.8029 1.7400 3.0982 2.2286
5470 2735.0 1.6789 7.3336 1.6789 3.0226 2.0371
5480 2740.0 1.6592 9.9075 1.6592 3.0244 2.0349
5490 2745.0 1.7289 2.5252 1.7289 3.0718 2.1810
5500 2750.0 1.7143 3.6753 1.7143 3.2277 2.2414
5510 2755.0 1.7120 3.8677 1.7120 3.3410 2.1359
5520 2760.0 1.7337 2.1954 1.7337 3.3136 2.2067
5530 2765.0 1.7530 1.1061 1.7530 3.2929 2.3065
5540 2770.0 1.6627 9.4320 1.6627 3.3359 2.1771
5550 2775.0 1.7194 3.2460 1.7194 3.2727 2.1805
5560 2780.0 1.7651 0.6077 1.7651 3.2700 2.2408
5570 2785.0 1.6741 7.9303 1.6741 3.4092 2.2197
5580 2790.0 1.6981 5.1950 1.6981 3.3901 2.1437
5590 2795.0 1.8179 0.1608 1.8179 3.2119 2.2659
5600 2800.0 1.8011 0.0006 1.8011 3.1814 2.3307
5610 2805.0 1.6231 15.6532 1.6231 3.3160 2.2637
5620 2810.0 1.7612 0.7538 1.7612 3.2388 2.3263
5630 2815.0 1.8036 0.0065 1.8036 3.2335 2.3859
5640 2820.0 1.6823 6.9240 1.6823 3.3997 2.3037
5650 2825.0 1.6977 5.2377 1.6977 3.4207 2.2958
5660 2830.0 1.7355 2.0800 1.7355 3.2984 2.3664
5670 2835.0 1.7296 2.4801 1.7296 3.2329 2.2889
5680 2840.0 1.6684 8.6565 1.6684 3.2271 2.2700
5690 2845.0 1.7107 3.9903 1.7107 3.2152 2.3348
5700 2850.0 1.7623 0.7122 1.7623 3.2562 2.3886
5710 2855.0 1.7021 4.7879 1.7021 3.3635 2.3735
5720 2860.0 1.6773 7.5309 1.6773 3.3773 2.3887
5730 2865.0 1.7269 2.6697 1.7269 3.3039 2.4055
5740 2870.0 1.7097 4.0813 1.7097 3.2863 2.3358
5750 2875.0 1.6696 8.5065 1.6696 3.2791 2.2954
5760 2880.0 1.7533 1.0907 1.7533 3.2145 2.3717
5770 2885.0 1.7166 3.4774 1.7166 3.2525 2.3822
5780 2890.0 1.7192 3.2682 1.7192 3.2406 2.3675
5790 2895.0 1.7811 0.1777 1.7811 3.1877 2.3481
5800 2900.0 1.7003 4.9717 1.7003 3.1853 2.2128
5810 2905.0 1.6684 8.6556 1.6684 3.2020 2.1200
5820 2910.0 1.7638 0.6557 1.7638 3.2096 2.2185
5830 2915.0 1.7632 0.6757 1.7632 3.3079 2.3658
5840 2920.0 1.6637 9.2821 1.6637 3.4817 2.2717
5850 2925.0 1.7194 3.2478 1.7194 3.4282 2.3576
5860 2930.0 1.8252 0.3186 1.8252 3.3067 2.4134
5870 2935.0 1.7714 0.4085 1.7714 3.4101 2.2527
5880 2940.0 1.6918 5.8494 1.6918 3.5538 2.1158
5890 2945.0 1.7204 3.1694 1.7204 3.4847 2.2420
5900 2950.0 1.8152 0.1154 1.8152 3.3243 2.4657
5910 2955.0 1.7462 1.4493 1.7462 3.4049 2.3457
5920 2960.0 1.6222 15.8128 1.6222 3.5751 2.2175
5930 2965.0 1.6764 7.6419 1.6764 3.5125 2.2706
5940 2970.0 1.7648 0.6190 1.7648 3.3952 2.3806
5950 2975.0 1.7440 1.5683 1.7440 3.4259 2.2800
5960 2980.0 1.7040 4.6055 1.7040 3.4863 2.1860
5970 2985.0 1.7211 3.1159 1.7211 3.4516 2.2208
5980 2990.0 1.7623 0.7123 1.7623 3.3865 2.2605
5990 2995.0 1.7625 0.7041 1.7625 3.3995 2.2213
6000 3000.0 1.7034 4.6627 1.7034 3.5354 2.2238
6010 3005.0 1.7023 4.7753 1.7023 3.5846 2.1748
6020 3010.0 1.7612 0.7512 1.7612 3.5048 2.2590
6030 3015.0 1.7872 0.0823 1.7872 3.4575 2.3255
6040 3020.0 1.7347 2.1310 1.7347 3.5583 2.2712
6050 3025.0 1.6813 7.0468 1.6813 3.6310 2.2500
6060 3030.0 1.6810 7.0843 1.6810 3.6169 2.3327
6070 3035.0 1.7496 1.2677 1.7496 3.5481 2.4400
6080 3040.0 1.7496 1.2696 1.7496 3.5182 2.4263
6090 3045.0 1.6611 9.6473 1.6611 3.5495 2.3272
6100 3050.0 1.6508 11.1358 1.6508 3.5692 2.3242
6110 3055.0 1.7285 2.5576 1.7285 3.4626 2.4510
6120 3060.0 1.7484 1.3323 1.7484 3.3646 2.4744
6130 3065.0 1.6575 10.1470 1.6575 3.3877 2.3644
6140 3070.0 1.6520 10.9525 1.6520 3.4083 2.3092
6150 3075.0 1.7248 2.8280 1.7248 3.3589 2.4124
6160 3080.0 1.7614 0.7435 1.7614 3.2964 2.4782
6170 3085.0 1.7135 3.7448 1.7135 3.3090 2.3960
6180 3090.0 1.6643 9.2113 1.6643 3.3092 2.2910
6190 3095.0 1.7133 3.7546 1.7133 3.2208 2.3339
6200 3100.0 1.7841 0.1262 1.7841 3.1418 2.4143
6210 3105.0 1.7739 0.3413 1.7739 3.1749 2.3559
6220 3110.0 1.6774 7.5128 1.6774 3.2823 2.1950
6230 3115.0 1.6392 12.9277 1.6392 3.2179 2.1966
6240 3120.0 1.7347 2.1329 1.7347 3.0121 2.3674
6250 3125.0 1.7992 0.0003 1.7992 2.8426 2.3665
6260 3130.0 1.7438 1.5767 1.7438 2.8905 2.3660
6270 3135.0 1.6458 11.8867 1.6458 3.0457 2.2111
6280 3140.0 1.6339 13.7908 1.6339 3.0368 2.2298
6290 3145.0 1.7507 1.2134 1.7507 2.8294 2.3990
6300 3150.0 1.7939 0.0186 1.7939 2.7289 2.3592
6310 3155.0 1.6797 7.2415 1.6797 2.8476 2.3270
6320 3160.0 1.6126 17.5624 1.6126 2.9811 2.1887
6330 3165.0 1.7119 3.8846 1.7119 2.9285 2.3045
6340 3170.0 1.8012 0.0007 1.8012 2.8166 2.4512
6350 3175.0 1.7685 0.4975 1.7685 2.8809 2.3825
6360 3180.0 1.6633 9.3461 1.6633 3.0465 2.1917
6370 3185.0 1.6281 14.7739 1.6281 3.0923 2.1692
6380 3190.0 1.7541 1.0518 1.7541 2.9431 2.3885
6390 3195.0 1.8034 0.0058 1.8034 2.9063 2.4688
6400 3200.0 1.6859 6.5082 1.6859 3.0863 2.2779
6410 3205.0 1.6225 15.7503 1.6225 3.1923 2.1895
6420 3210.0 1.7282 2.5773 1.7282 3.1386 2.3537
6430 3215.0 1.7790 0.2212 1.7790 3.1183 2.3626
6440 3220.0 1.7191 3.2685 1.7191 3.2330 2.3695
6450 3225.0 1.6358 13.4839 1.6358 3.3208 2.2460
6460 3230.0 1.6605 9.7352 1.6605 3.3151 2.2867
6470 3235.0 1.7979 0.0022 1.7979 3.2728 2.4462
6480 3240.0 1.7843 0.1240 1.7843 3.3711 2.4271
6490 3245.0 1.6566 10.2837 1.6566 3.5464 2.2486
6500 3250.0 1.6860 6.5025 1.6860 3.5422 2.2212
6510 3255.0 1.7745 0.3252 1.7745 3.3978 2.3529
6520 3260.0 1.7217 3.0624 1.7217 3.2842 2.3385
6530 3265.0 1.7137 3.7249 1.7137 3.2225 2.2169
6540 3270.0 1.7093 4.1139 1.7093 3.2455 2.1675
6550 3275.0 1.6867 6.4190 1.6867 3.3310 2.2085
6560 3280.0 1.7591 0.8358 1.7591 3.4874 2.3230
6570 3285.0 1.7196 3.2342 1.7196 3.5960 2.2631
6580 3290.0 1.7310 2.3806 1.7310 3.5357 2.3099
6590 3295.0 1.7930 0.0247 1.7930 3.4705 2.3707
6600 3300.0 1.7169 3.4501 1.7169 3.4639 2.3004
6610 3305.0 1.6273 14.9095 1.6273 3.4698 2.2014
6620 3310.0 1.7233 2.9439 1.7233 3.4564 2.3188
6630 3315.0 1.7356 2.0708 1.7356 3.5241 2.4249
6640 3320.0 1.6854 6.5631 1.6854 3.5633 2.4044
6650 3325.0 1.7182 3.3429 1.7182 3.5359 2.3429
6660 3330.0 1.6185 16.4686 1.6185 3.5134 2.2563
6670 3335.0 1.6949 5.5257 1.6949 3.4964 2.3140
6680 3340.0 1.6961 5.4001 1.6961 3.4935 2.3923
6690 3345.0 1.7229 2.9738 1.7229 3.4563 2.3909
6700 3350.0 1.7758 0.2930 1.7758 3.4153 2.3331
6710 3355.0 1.6363 13.3987 1.6363 3.5232 2.2038
6720 3360.0 1.7000 4.9993 1.7000 3.5918 2.2089
6730 3365.0 1.6939 5.6319 1.6939 3.5371 2.3475
6740 3370.0 1.7743 0.3310 1.7743 3.3902 2.4353
6750 3375.0 1.8026 0.0034 1.8026 3.3582 2.4991
6760 3380.0 1.7005 4.9514 1.7005 3.5505 2.2832
6770 3385.0 1.6335 13.8627 1.6335 3.5577 2.1932
6780 3390.0 1.7459 1.4626 1.7459 3.4330 2.2936
6790 3395.0 1.8114 0.0651 1.8114 3.2809 2.3462
6800 3400.0 1.7612 0.7530 1.7612 3.3486 2.2953
6810 3405.0 1.7217 3.0686 1.7217 3.4982 2.1636
6820 3410.0 1.7166 3.4776 1.7166 3.5084 2.2471
6830 3415.0 1.7765 0.2762 1.7765 3.3818 2.4391
6840 3420.0 1.7451 1.5092 1.7451 3.4073 2.4097
6850 3425.0 1.6282 14.7530 1.6282 3.4836 2.3293
6860 3430.0 1.6725 8.1322 1.6725 3.4082 2.3952
6870 3435.0 1.7390 1.8576 1.7390 3.3288 2.4877
6880 3440.0 1.7095 4.0911 1.7095 3.3655 2.3732
6890 3445.0 1.6553 10.4653 1.6553 3.3698 2.2886
6900 3450.0 1.6576 10.1404 1.6576 3.2874 2.2976
6910 3455.0 1.7302 2.4356 1.7302 3.2263 2.4031
6920 3460.0 1.7232 2.9528 1.7232 3.3168 2.5006
6930 3465.0 1.6712 8.2956 1.6712 3.4120 2.4217
6940 3470.0 1.6353 13.5603 1.6353 3.4702 2.3079
6950 3475.0 1.6975 5.2527 1.6975 3.4894 2.2782
6960 3480.0 1.7537 1.0702 1.7537 3.4594 2.2550
6970 3485.0 1.7135 3.7444 1.7135 3.5221 2.2147
6980 3490.0 1.6300 14.4445 1.6300 3.6249 2.2144
6990 3495.0 1.6559 10.3766 1.6559 3.5414 2.2320
7000 3500.0 1.7367 2.0045 1.7367 3.3905 2.2519
7010 3505.0 1.7337 2.1979 1.7337 3.3356 2.3407
7020 3510.0 1.6915 5.8869 1.6915 3.3445 2.3268
7030 3515.0 1.6817 7.0013 1.6817 3.3268 2.2640
7040 3520.0 1.7327 2.2649 1.7327 3.2391 2.2992
7050 3525.0 1.7497 1.2667 1.7497 3.1821 2.1895
7060 3530.0 1.7155 3.5728 1.7155 3.1907 2.1645
7070 3535.0 1.6941 5.6044 1.6941 3.2493 2.2038
7080 3540.0 1.6956 5.4489 1.6956 3.2664 2.1901
7090 3545.0 1.7318 2.3238 1.7318 3.2287 2.2607
7100 3550.0 1.7826 0.1521 1.7826 3.1732 2.3718
7110 3555.0 1.7647 0.6215 1.7647 3.2504 2.3372
7120 3560.0 1.7149 3.6214 1.7149 3.4282 2.2466
7130 3565.0 1.6799 7.2071 1.6799 3.5680 2.2185
7140 3570.0 1.6781 7.4305 1.6781 3.5921 2.2388
7150 3575.0 1.7435 1.5953 1.7435 3.5010 2.2300
7160 3580.0 1.7443 1.5497 1.7443 3.4238 2.2110
7170 3585.0 1.6705 8.3837 1.6705 3.4461 2.2604
7180 3590.0 1.6607 9.7085 1.6607 3.4851 2.2791
7190 3595.0 1.7092 4.1214 1.7092 3.3563 2.3957
7200 3600.0 1.7123 3.8500 1.7123 3.1800 2.4438
7210 3605.0 1.7251 2.8069 1.7251 3.1554 2.4506
7220 3610.0 1.7247 2.8384 1.7247 3.3158 2.4418
7230 3615.0 1.6610 9.6667 1.6610 3.4536 2.3683
7240 3620.0 1.6475 11.6292 1.6475 3.4329 2.2764
7250 3625.0 1.7198 3.2178 1.7198 3.3858 2.2121
7260 3630.0 1.6811 7.0720 1.6811 3.4549 2.2027
7270 3635.0 1.6600 9.7947 1.6600 3.5362 2.2475
7280 3640.0 1.6735 7.9976 1.6735 3.5258 2.3996
7290 3645.0 1.6808 7.1013 1.6808 3.5627 2.4167
7300 3650.0 1.7181 3.3535 1.7181 3.6338 2.4009
7310 3655.0 1.6989 5.1105 1.6989 3.6445 2.3706
7320 3660.0 1.6154 17.0359 1.6154 3.6033 2.3438
7330 3665.0 1.6661 8.9587 1.6661 3.5637 2.3920
7340 3670.0 1.7587 0.8542 1.7587 3.5732 2.4139
7350 3675.0 1.7327 2.2678 1.7327 3.6255 2.3240
7360 3680.0 1.6425 12.4036 1.6425 3.6254 2.2215
7370 3685.0 1.6544 10.6009 1.6544 3.5052 2.3026
7380 3690.0 1.7628 0.6913 1.7628 3.4150 2.4039
7390 3695.0 1.7473 1.3910 1.7473 3.3987 2.3696
7400 3700.0 1.6441 12.1518 1.6441 3.4444 2.2845
7410 3705.0 1.6459 11.8711 1.6459 3.4349 2.2771
7420 3710.0 1.7564 0.9518 1.7564 3.3569 2.4086
7430 3715.0 1.7740 0.3370 1.7740 3.3337 2.4140
7440 3720.0 1.7161 3.5221 1.7161 3.3884 2.3572
7450 3725.0 1.6482 11.5275 1.6482 3.4944 2.2755
7460 3730.0 1.6582 10.0594 1.6582 3.4820 2.3229
7470 3735.0 1.7282 2.5753 1.7282 3.3937 2.3466
7480 3740.0 1.7296 2.4759 1.7296 3.4034 2.3107
7490 3745.0 1.6564 10.3059 1.6564 3.5162 2.2826
7500 3750.0 1.6538 10.6835 1.6538 3.6122 2.2943
7510 3755.0 1.7074 4.2896 1.7074 3.6113 2.3796
7520 3760.0 1.7533 1.0890 1.7533 3.5752 2.4222
7530 3765.0 1.6725 8.1284 1.6725 3.6183 2.2875
7540 3770.0 1.6556 10.4325 1.6556 3.6535 2.2361
7550 3775.0 1.7684 0.4982 1.7684 3.5863 2.3231
7560 3780.0 1.7647 0.6231 1.7647 3.5688 2.3488
7570 3785.0 1.6622 9.4935 1.6622 3.6867 2.2074
7580 3790.0 1.6517 10.9966 1.6517 3.6557 2.1970
7590 3795.0 1.7759 0.2914 1.7759 3.4116 2.2625
7600 3800.0 1.8035 0.0061 1.8035 3.3079 2.2299
7610 3805.0 1.7177 3.3831 1.7177 3.3963 2.1685
7620 3810.0 1.6560 10.3729 1.6560 3.5023 2.1843
7630 3815.0 1.7270 2.6626 1.7270 3.4629 2.2480
7640 3820.0 1.7570 0.9265 1.7570 3.3954 2.3170
7650 3825.0 1.7425 1.6540 1.7425 3.3826 2.2916
7660 3830.0 1.7646 0.6267 1.7646 3.4091 2.3183
7670 3835.0 1.7244 2.8550 1.7244 3.4588 2.1909
7680 3840.0 1.6435 12.2410 1.6435 3.3948 2.1791
7690 3845.0 1.7321 2.3069 1.7321 3.2791 2.2515
7700 3850.0 1.8002 0.0000 1.8002 3.2555 2.3756
7710 3855.0 1.7242 2.8692 1.7242 3.3727 2.3073
7720 3860.0 1.6938 5.6390 1.6938 3.4250 2.2062
7730 3865.0 1.6631 9.3709 1.6631 3.3232 2.2460
7740 3870.0 1.7429 1.6318 1.7429 3.1937 2.2947
7750 3875.0 1.7297 2.4731 1.7297 3.2192 2.3700
7760 3880.0 1.6534 10.7389 1.6534 3.3111 2.3391
7770 3885.0 1.7133 3.7576 1.7133 3.2550 2.3468
7780 3890.0 1.7503 1.2338 1.7503 3.2253 2.3772
7790 3895.0 1.7764 0.2775 1.7764 3.2710 2.4064
7800 3900.0 1.7162 3.5149 1.7162 3.3959 2.3170
7810 3905.0 1.6413 12.5887 1.6413 3.4398 2.2384
7820 3910.0 1.7491 1.2979 1.7491 3.2708 2.4301
7830 3915.0 1.7982 0.0015 1.7982 3.1933 2.4866
7840 3920.0 1.6887 6.1935 1.6887 3.3307 2.3770
7850 3925.0 1.6832 6.8225 1.6832 3.5050 2.2380
7860 3930.0 1.7559 0.9730 1.7559 3.5559 2.2513
7870 3935.0 1.8022 0.0023 1.8022 3.4968 2.3074
7880 3940.0 1.7807 0.1863 1.7807 3.4601 2.2799
7890 3945.0 1.6859 6.5132 1.6859 3.4089 2.2610
7900 3950.0 1.7013 4.8697 1.7013 3.3299 2.3086
7910 3955.0 1.7830 0.1445 1.7830 3.2795 2.3194
7920 3960.0 1.7354 2.0850 1.7354 3.3509 2.3447
7930 3965.0 1.6438 12.1917 1.6438 3.4401 2.2397
7940 3970.0 1.7144 3.6594 1.7144 3.3438 2.2371
7950 3975.0 1.7577 0.8962 1.7577 3.2937 2.2159
7960 3980.0 1.7251 2.8019 1.7251 3.3319 2.1930
7970 3985.0 1.6809 7.0955 1.6809 3.4099 2.2282
7980 3990.0 1.7040 4.6097 1.7040 3.4226 2.3234
7990 3995.0 1.7680 0.5129 1.7680 3.4226 2.3374
8000 4000.0 1.7589 0.8431 1.7589 3.4899 2.2639
8010 4005.0 1.7122 3.8531 1.7122 3.5592 2.1596
8020 4010.0 1.6829 6.8539 1.6829 3.5737 2.1472
8030 4015.0 1.7385 1.8918 1.7385 3.4425 2.3220
8040 4020.0 1.8130 0.0847 1.8130 3.2853 2.3313
8050 4025.0 1.7188 3.2997 1.7188 3.3353 2.3138
8060 4030.0 1.6400 12.7997 1.6400 3.4736 2.2733
8070 4035.0 1.7094 4.1023 1.7094 3.4570 2.3142
8080 4040.0 1.7656 0.5921 1.7656 3.3496 2.3645
8090 4045.0 1.7287 2.5421 1.7287 3.3112 2.3099
8100 4050.0 1.7353 2.0918 1.7353 3.3160 2.3063
8110 4055.0 1.6684 8.6622 1.6684 3.2613 2.3004
8120 4060.0 1.7179 3.3712 1.7179 3.0628 2.3293
8130 4065.0 1.7266 2.6927 1.7266 2.9291 2.2286
8140 4070.0 1.7126 3.8165 1.7126 2.9419 2.1862
8150 4075.0 1.6883 6.2333 1.6883 3.0087 2.2472
8160 4080.0 1.7541 1.0545 1.7541 3.0895 2.2613
8170 4085.0 1.7707 0.4292 1.7707 3.1827 2.2448
8180 4090.0 1.7460 1.4559 1.7460 3.2579 2.2189
8190 4095.0 1.7724 0.3819 1.7724 3.2335 2.2559
8200 4100.0 1.7744 0.3276 1.7744 3.2200 2.2582
8210 4105.0 1.7361 2.0411 1.7361 3.2325 2.2340
8220 4110.0 1.6966 5.3502 1.6966 3.2308 2.2407
8230 4115.0 1.7500 1.2518 1.7500 3.2431 2.2594
8240 4120.0 1.7811 0.1781 1.7811 3.3423 2.2684
8250 4125.0 1.7582 0.8742 1.7582 3.4951 2.2020
8260 4130.0 1.7251 2.8055 1.7251 3.5807 2.1800
8270 4135.0 1.7689 0.4825 1.7689 3.5105 2.2652
8280 4140.0 1.7828 0.1480 1.7828 3.4329 2.3296
8290 4145.0 1.7410 1.7395 1.7410 3.4191 2.3250
8300 4150.0 1.6866 6.4288 1.6866 3.4660 2.2866
8310 4155.0 1.6808 7.0986 1.6808 3.5010 2.2244
8320 4160.0 1.7308 2.3941 1.7308 3.4960 2.2510
8330 4165.0 1.7428 1.6383 1.7428 3.5305 2.3747
8340 4170.0 1.6781 7.4238 1.6781 3.6003 2.3268
8350 4175.0 1.6872 6.3588 1.6872 3.6699 2.3201
8360 4180.0 1.7157 3.5521 1.7157 3.6577 2.4259
8370 4185.0 1.7390 1.8586 1.7390 3.5436 2.4553
8380 4190.0 1.6510 11.0940 1.6510 3.5403 2.3176
8390 4195.0 1.6420 12.4800 1.6420 3.6080 2.3465
8400 4200.0 1.6715 8.2531 1.6715 3.6077 2.3809
8410 4205.0 1.7423 1.6674 1.7423 3.5068 2.3931
8420 4210.0 1.6971 5.2951 1.6971 3.4937 2.3133
8430 4215.0 1.6599 9.8104 1.6599 3.6404 2.2816
8440 4220.0 1.6828 6.8736 1.6828 3.5936 2.3431
8450 4225.0 1.7543 1.0437 1.7543 3.3839 2.3128
8460 4230.0 1.7213 3.0985 1.7213 3.3288 2.2388
8470 4235.0 1.6981 5.1869 1.6981 3.4120 2.2913
8480 4240.0 1.6870 6.3832 1.6870 3.4635 2.2738
8490 4245.0 1.7242 2.8733 1.7242 3.4065 2.2940
8500 4250.0 1.7328 2.2597 1.7328 3.3249 2.3377
8510 4255.0 1.6937 5.6493 1.6937 3.2800 2.3435
8520 4260.0 1.7921 0.0311 1.7921 3.3052 2.3758
8530 4265.0 1.7545 1.0365 1.7545 3.4594 2.2772
8540 4270.0 1.7291 2.5134 1.7291 3.5333 2.2322
8550 4275.0 1.7733 0.3552 1.7733 3.4245 2.3254
8560 4280.0 1.7512 1.1911 1.7512 3.3347 2.3851
8570 4285.0 1.7225 3.0032 1.7225 3.3511 2.3422
8580 4290.0 1.7612 0.7546 1.7612 3.4388 2.2750
8590 4295.0 1.7322 2.2977 1.7322 3.4945 2.2234
8600 4300.0 1.7560 0.9675 1.7560 3.4342 2.2539
8610 4305.0 1.7988 0.0008 1.7988 3.3363 2.3439
8620 4310.0 1.7890 0.0609 1.7890 3.3638 2.3287
8630 4315.0 1.7458 1.4699 1.7458 3.4690 2.2434
8640 4320.0 1.7003 4.9742 1.7003 3.5642 2.1917
8650 4325.0 1.7027 4.7340 1.7027 3.5385 2.3187
8660 4330.0 1.7740 0.3389 1.7740 3.4516 2.2927
8670 4335.0 1.7370 1.9818 1.7370 3.4926 2.2814
8680 4340.0 1.6714 8.2652 1.6714 3.6361 2.2683
8690 4345.0 1.7021 4.7940 1.7021 3.6410 2.2796
8700 4350.0 1.7857 0.1025 1.7857 3.5231 2.4134
8710 4355.0 1.7855 0.1051 1.7855 3.5516 2.4180
8720 4360.0 1.7197 3.2250 1.7197 3.7138 2.3230
8730 4365.0 1.6639 9.2674 1.6639 3.6893 2.3027
8740 4370.0 1.6863 6.4646 1.6863 3.6314 2.2604
8750 4375.0 1.7517 1.1661 1.7517 3.6131 2.3100
8760 4380.0 1.7156 3.5611 1.7156 3.7261 2.3840
8770 4385.0 1.7009 4.9063 1.7009 3.8327 2.3116
8780 4390.0 1.6722 8.1612 1.6722 3.8897 2.2712
8790 4395.0 1.7094 4.1011 1.7094 3.7517 2.3599
8800 4400.0 1.7046 4.5510 1.7046 3.5726 2.3319
8810 4405.0 1.6988 5.1173 1.6988 3.5012 2.2995
8820 4410.0 1.7082 4.2147 1.7082 3.5584 2.3644
8830 4415.0 1.7108 3.9814 1.7108 3.6726 2.2939
8840 4420.0 1.6978 5.2196 1.6978 3.7278 2.2407
8850 4425.0 1.6724 8.1447 1.6724 3.7034 2.2430
8860 4430.0 1.7699 0.4521 1.7699 3.5568 2.2675
8870 4435.0 1.8188 0.1777 1.8188 3.4808 2.3522
8880 4440.0 1.7146 3.6454 1.7146 3.5602 2.2302
8890 4445.0 1.6541 10.6383 1.6541 3.5964 2.1607
8900 4450.0 1.7884 0.0674 1.7884 3.5625 2.2734
8910 4455.0 1.8128 0.0825 1.8128 3.5013 2.3583
8920 4460.0 1.6491 11.3780 1.6491 3.5343 2.3246
8930 4465.0 1.6528 10.8307 1.6528 3.5556 2.2370
8940 4470.0 1.7835 0.1367 1.7835 3.4882 2.3056
8950 4475.0 1.7662 0.5714 1.7662 3.5530 2.2750
8960 4480.0 1.6860 6.5000 1.6860 3.7055 2.2691
8970 4485.0 1.7185 3.3250 1.7185 3.6960 2.1368
8980 4490.0 1.6553 10.4635 1.6553 3.5621 2.1907
8990 4495.0 1.7606 0.7743 1.7606 3.3828 2.1489
9000 4500.0 1.7921 0.0309 1.7921 3.3712 2.1865
9010 4505.0 1.7034 4.6631 1.7034 3.5757 2.2743
9020 4510.0 1.6595 9.8715 1.6595 3.7158 2.1566
9030 4515.0 1.7085 4.1860 1.7085 3.5515 2.2717
9040 4520.0 1.7811 0.1783 1.7811 3.3662 2.4433
9050 4525.0 1.7534 1.0853 1.7534 3.3890 2.4564
9060 4530.0 1.6804 7.1475 1.6804 3.6169 2.3564
9070 4535.0 1.6168 16.7755 1.6168 3.7248 2.2900
9080 4540.0 1.6668 8.8775 1.6668 3.4999 2.3322
9090 4545.0 1.7306 2.4059 1.7306 3.3075 2.2717
9100 4550.0 1.7300 2.4516 1.7300 3.3543 2.3280
9110 4555.0 1.6677 8.7530 1.6677 3.5551 2.4274
9120 4560.0 1.6074 18.5565 1.6074 3.6906 2.2771
9130 4565.0 1.6411 12.6271 1.6411 3.5648 2.3551
9140 4570.0 1.7294 2.4894 1.7294 3.4297 2.3487
9150 4575.0 1.7541 1.0530 1.7541 3.4161 2.3912
9160 4580.0 1.6998 5.0244 1.6998 3.5120 2.3317
9170 4585.0 1.6644 9.1925 1.6644 3.5485 2.2183
9180 4590.0 1.7206 3.1495 1.7206 3.4696 2.2954
9190 4595.0 1.7983 0.0014 1.7983 3.3367 2.3674
9200 4600.0 1.7338 2.1914 1.7338 3.3910 2.3352
9210 4605.0 1.6488 11.4256 1.6488 3.4895 2.2393
9220 4610.0 1.7437 1.5853 1.7437 3.4066 2.2946
9230 4615.0 1.7824 0.1554 1.7824 3.3836 2.3000
9240 4620.0 1.7403 1.7843 1.7403 3.4819 2.2820
9250 4625.0 1.6809 7.0978 1.6809 3.5866 2.1991
9260 4630.0 1.6691 8.5628 1.6691 3.5889 2.2270
9270 4635.0 1.7480 1.3526 1.7480 3.4795 2.3031
9280 4640.0 1.7448 1.5228 1.7448 3.4629 2.2610
9290 4645.0 1.6729 8.0798 1.6729 3.5501 2.2530
9300 4650.0 1.6770 7.5624 1.6770 3.6707 2.1987
9310 4655.0 1.6935 5.6679 1.6935 3.6584 2.2941
9320 4660.0 1.7562 0.9576 1.7562 3.5110 2.4099
9330 4665.0 1.6763 7.6557 1.6763 3.4300 2.2805
9340 4670.0 1.6716 8.2490 1.6716 3.4325 2.2792
9350 4675.0 1.7493 1.2866 1.7493 3.4914 2.2986
9360 4680.0 1.7524 1.1326 1.7524 3.5087 2.2847
9370 4685.0 1.6976 5.2429 1.6976 3.4628 2.2811
9380 4690.0 1.6947 5.5410 1.6947 3.2937 2.3829
9390 4695.0 1.7243 2.8663 1.7243 3.1776 2.2945
9400 4700.0 1.7376 1.9464 1.7376 3.1955 2.2817
9410 4705.0 1.6956 5.4517 1.6956 3.3475 2.2198
9420 4710.0 1.7109 3.9683 1.7109 3.3964 2.1748
9430 4715.0 1.7579 0.8860 1.7579 3.3171 2.2570
9440 4720.0 1.7810 0.1812 1.7810 3.2212 2.3245
9450 4725.0 1.7363 2.0298 1.7363 3.2230 2.2821
9460 4730.0 1.6763 7.6533 1.6763 3.2619 2.2272
9470 4735.0 1.7091 4.1270 1.7091 3.1989 2.2764
9480 4740.0 1.7530 1.1057 1.7530 3.1788 2.2976
9490 4745.0 1.7217 3.0625 1.7217 3.2772 2.3304
9500 4750.0 1.6822 6.9413 1.6822 3.3997 2.2522
9510 4755.0 1.6945 5.5695 1.6945 3.4073 2.2960
9520 4760.0 1.7233 2.9452 1.7233 3.3961 2.2933
9530 4765.0 1.7243 2.8640 1.7243 3.4400 2.3133
9540 4770.0 1.7115 3.9192 1.7115 3.5360 2.3133
9550 4775.0 1.7157 3.5499 1.7157 3.5999 2.2781
9560 4780.0 1.7259 2.7452 1.7259 3.6489 2.2763
9570 4785.0 1.7499 1.2552 1.7499 3.6747 2.2954
9580 4790.0 1.7891 0.0598 1.7891 3.6926 2.3406
9590 4795.0 1.7764 0.2785 1.7764 3.7317 2.2903
9600 4800.0 1.7439 1.5751 1.7439 3.7368 2.2410
9610 4805.0 1.7481 1.3463 1.7481 3.7159 2.2449
9620 4810.0 1.7554 0.9961 1.7554 3.6965 2.2757
9630 4815.0 1.7515 1.1760 1.7515 3.6761 2.3107
9640 4820.0 1.7346 2.1394 1.7346 3.7075 2.3207
9650 4825.0 1.7215 3.0845 1.7215 3.7203 2.3581
9660 4830.0 1.6773 7.5277 1.6773 3.6586 2.3010
9670 4835.0 1.6847 6.6424 1.6847 3.6473 2.2882
9680 4840.0 1.6933 5.6927 1.6933 3.6774 2.3503
9690 4845.0 1.7066 4.3656 1.7066 3.6841 2.3772
9700 4850.0 1.6952 5.4936 1.6952 3.6061 2.3414
9710 4855.0 1.6913 5.9114 1.6913 3.6216 2.3836
9720 4860.0 1.6743 7.8969 1.6743 3.6663 2.3594
9730 4865.0 1.6988 5.1221 1.6988 3.6110 2.3669
9740 4870.0 1.6964 5.3630 1.6964 3.5558 2.4103
9750 4875.0 1.7385 1.8927 1.7385 3.6360 2.4047
9760 4880.0 1.6834 6.8006 1.6834 3.7185 2.3454
9770 4885.0 1.7007 4.9266 1.7007 3.6529 2.3536
9780 4890.0 1.7299 2.4605 1.7299 3.5544 2.2602
9790 4895.0 1.7214 3.0924 1.7214 3.5861 2.2721
9800 4900.0 1.7283 2.5725 1.7283 3.6577 2.2866
9810 4905.0 1.6873 6.3524 1.6873 3.6739 2.2835
9820 4910.0 1.7262 2.7241 1.7262 3.6180 2.3190
9830 4915.0 1.7202 3.1819 1.7202 3.6013 2.2594
9840 4920.0 1.7019 4.8074 1.7019 3.6257 2.2420
9850 4925.0 1.7323 2.2922 1.7323 3.6912 2.3294
9860 4930.0 1.6914 5.8952 1.6914 3.7827 2.3471
9870 4935.0 1.6949 5.5245 1.6949 3.7616 2.3446
9880 4940.0 1.6862 6.4773 1.6862 3.7096 2.2512
9890 4945.0 1.7011 4.8859 1.7011 3.7127 2.2951
9900 4950.0 1.6890 6.1627 1.6890 3.7865 2.4166
9910 4955.0 1.6944 5.5792 1.6944 3.7759 2.4253
9920 4960.0 1.6677 8.7462 1.6677 3.7444 2.3391
9930 4965.0 1.6441 12.1498 1.6441 3.7770 2.3304
9940 4970.0 1.6510 11.1069 1.6510 3.7687 2.3704
9950 4975.0 1.7044 4.5679 1.7044 3.6583 2.3096
9960 4980.0 1.6921 5.8247 1.6921 3.5993 2.2608
9970 4985.0 1.7008 4.9223 1.7008 3.6274 2.3140
9980 4990.0 1.6680 8.7065 1.6680 3.6492 2.3131
9990 4995.0 1.6626 9.4431 1.6626 3.6011 2.2691
10000 5000.0 1.7105 4.0007 1.7105 3.4820 2.2332
10010 5005.0 1.7370 1.9875 1.7370 3.4052 2.2460
10020 5010.0 1.6914 5.8991 1.6914 3.4196 2.2514
10030 5015.0 1.6717 8.2299 1.6717 3.4183 2.2033
10040 5020.0 1.6946 5.5568 1.6946 3.3331 2.1662
10050 5025.0 1.7559 0.9723 1.7559 3.3058 2.2623
10060 5030.0 1.7277 2.6112 1.7277 3.3806 2.3066
10070 5035.0 1.7199 3.2048 1.7199 3.4053 2.2706
10080 5040.0 1.7437 1.5867 1.7437 3.3431 2.2937
10090 5045.0 1.7409 1.7484 1.7409 3.3274 2.2587
10100 5050.0 1.7105 4.0065 1.7105 3.4071 2.2826
10110 5055.0 1.6669 8.8594 1.6669 3.4709 2.3135
10120 5060.0 1.7067 4.3520 1.7067 3.4768 2.3453
10130 5065.0 1.7710 0.4206 1.7710 3.4609 2.3391
10140 5070.0 1.7227 2.9903 1.7227 3.5634 2.3425
10150 5075.0 1.6824 6.9111 1.6824 3.7164 2.2394
10160 5080.0 1.6559 10.3782 1.6559 3.7722 2.2516
10170 5085.0 1.7218 3.0538 1.7218 3.6755 2.3945
10180 5090.0 1.7854 0.1070 1.7854 3.5383 2.3742
10190 5095.0 1.7246 2.8405 1.7246 3.5862 2.3304
10200 5100.0 1.6569 10.2398 1.6569 3.7316 2.2673
10210 5105.0 1.6934 5.6837 1.6934 3.8081 2.2314
10220 5110.0 1.7456 1.4801 1.7456 3.7651 2.3141
10230 5115.0 1.7406 1.7635 1.7406 3.7161 2.2899
10240 5120.0 1.7569 0.9297 1.7569 3.6621 2.2862
10250 5125.0 1.7399 1.8056 1.7399 3.7174 2.2344
10260 5130.0 1.7338 2.1932 1.7338 3.7805 2.1170
10270 5135.0 1.7316 2.3375 1.7316 3.7323 2.1629
10280 5140.0 1.7930 0.0245 1.7930 3.5350 2.3480
10290 5145.0 1.7512 1.1899 1.7512 3.4457 2.3394
10300 5150.0 1.6644 9.1956 1.6644 3.5209 2.3007
10310 5155.0 1.6981 5.1882 1.6981 3.6295 2.2706
10320 5160.0 1.7497 1.2644 1.7497 3.7175 2.3337
10330 5165.0 1.7275 2.6287 1.7275 3.6798 2.3711
10340 5170.0 1.6789 7.3303 1.6789 3.7088 2.3500
10350 5175.0 1.7475 1.3775 1.7475 3.7479 2.3975
10360 5180.0 1.7746 0.3215 1.7746 3.7896 2.3860
10370 5185.0 1.7413 1.7257 1.7413 3.8383 2.2744
10380 5190.0 1.7046 4.5506 1.7046 3.9075 2.1784
10390 5195.0 1.7326 2.2746 1.7326 3.8758 2.2564
10400 5200.0 1.7630 0.6861 1.7630 3.7763 2.3910
10410 5205.0 1.6984 5.1608 1.6984 3.7646 2.4125
10420 5210.0 1.6739 7.9505 1.6739 3.8806 2.3948
10430 5215.0 1.6893 6.1305 1.6893 3.9048 2.3875
10440 5220.0 1.7899 0.0505 1.7899 3.7736 2.3959
10450 5225.0 1.7391 1.8547 1.7391 3.8314 2.2683
10460 5230.0 1.6544 10.5983 1.6544 3.9250 2.1779
10470 5235.0 1.7104 4.0111 1.7104 3.8460 2.2682
10480 5240.0 1.7686 0.4942 1.7686 3.7708 2.3951
10490 5245.0 1.7185 3.3249 1.7185 3.8507 2.3731
10500 5250.0 1.6545 10.5859 1.6545 3.9165 2.3084
10510 5255.0 1.7235 2.9259 1.7235 3.9053 2.3383
10520 5260.0 1.7416 1.7029 1.7416 3.8112 2.3081
10530 5265.0 1.6864 6.4549 1.6864 3.8229 2.2479
10540 5270.0 1.7446 1.5335 1.7446 3.9032 2.2370
10550 5275.0 1.7070 4.3222 1.7070 3.9287 2.3096
10560 5280.0 1.7793 0.2138 1.7793 3.8211 2.3725
10570 5285.0 1.6769 7.5718 1.6769 3.7082 2.2103
10580 5290.0 1.6993 5.0726 1.6993 3.7838 2.2805
10590 5295.0 1.7352 2.1000 1.7352 3.8925 2.3114
10600 5300.0 1.7351 2.1057 1.7351 3.8568 2.2895
10610 5305.0 1.7425 1.6554 1.7425 3.8225 2.2981
10620 5310.0 1.7518 1.1599 1.7518 3.8079 2.2841
10630 5315.0 1.7660 0.5788 1.7660 3.7761 2.3543
10640 5320.0 1.7199 3.2097 1.7199 3.7189 2.3572
10650 5325.0 1.6733 8.0213 1.6733 3.7001 2.3173
10660 5330.0 1.6629 9.4042 1.6629 3.6340 2.3269
10670 5335.0 1.6746 7.8602 1.6746 3.5556 2.2988
10680 5340.0 1.7095 4.0951 1.7095 3.5085 2.3593
10690 5345.0 1.6843 6.6889 1.6843 3.5680 2.4433
10700 5350.0 1.6696 8.5035 1.6696 3.6103 2.4016
10710 5355.0 1.6821 6.9502 1.6821 3.5749 2.4152
10720 5360.0 1.7008 4.9191 1.7008 3.5031 2.4252
10730 5365.0 1.6758 7.7104 1.6758 3.4568 2.3242
10740 5370.0 1.6505 11.1768 1.6505 3.4571 2.2886
10750 5375.0 1.7154 3.5745 1.7154 3.4297 2.3385
10760 5380.0 1.7165 3.4864 1.7165 3.4805 2.3936
10770 5385.0 1.6885 6.2113 1.6885 3.5942 2.3029
10780 5390.0 1.6807 7.1160 1.6807 3.6355 2.2788
10790 5395.0 1.7192 3.2675 1.7192 3.5411 2.3734
10800 5400.0 1.7437 1.5875 1.7437 3.4839 2.3707
10810 5405.0 1.6977 5.2293 1.6977 3.5241 2.3028
10820 5410.0 1.6820 6.9624 1.6820 3.5986 2.3413
10830 5415.0 1.7070 4.3231 1.7070 3.6390 2.3390
10840 5420.0 1.7151 3.6004 1.7151 3.6284 2.3695
10850 5425.0 1.7275 2.6315 1.7275 3.6306 2.3815
10860 5430.0 1.6852 6.5871 1.6852 3.6316 2.3389
10870 5435.0 1.6986 5.1385 1.6986 3.5949 2.3722
10880 5440.0 1.7315 2.3466 1.7315 3.6196 2.3974
10890 5445.0 1.7333 2.2220 1.7333 3.6450 2.3785
10900 5450.0 1.7315 2.3448 1.7315 3.5913 2.3358
10910 5455.0 1.7065 4.3700 1.7065 3.5301 2.3209
10920 5460.0 1.7320 2.3112 1.7320 3.4861 2.3600
10930 5465.0 1.7215 3.0777 1.7215 3.5245 2.3274
10940 5470.0 1.7079 4.2458 1.7079 3.5734 2.2727
10950 5475.0 1.7168 3.4595 1.7168 3.5217 2.2700
10960 5480.0 1.7198 3.2151 1.7198 3.4459 2.3294
10970 5485.0 1.7603 0.7900 1.7603 3.4322 2.3950
10980 5490.0 1.7217 3.0650 1.7217 3.5130 2.3581
10990 5495.0 1.6882 6.2508 1.6882 3.6362 2.2766
11000 5500.0 1.7075 4.2827 1.7075 3.6874 2.2802
11010 5505.0 1.7183 3.3360 1.7183 3.6530 2.3664
11020 5510.0 1.7591 0.8371 1.7591 3.6255 2.4392
11030 5515.0 1.6891 6.1454 1.6891 3.6762 2.3553
11040 5520.0 1.6689 8.5962 1.6689 3.6730 2.3222
11050 5525.0 1.7327 2.2620 1.7327 3.7476 2.3455
11060 5530.0 1.7544 1.0409 1.7544 3.7713 2.3664
11070 5535.0 1.7168 3.4646 1.7168 3.7776 2.3144
11080 5540.0 1.6567 10.2699 1.6567 3.7090 2.2966
11090 5545.0 1.7311 2.3712 1.7311 3.6658 2.3759
11100 5550.0 1.7809 0.1817 1.7809 3.6302 2.4064
11110 5555.0 1.7254 2.7802 1.7254 3.6641 2.2876
11120 5560.0 1.6913 5.9039 1.6913 3.6571 2.2273
11130 5565.0 1.7049 4.5248 1.7049 3.6176 2.2538
11140 5570.0 1.7300 2.4477 1.7300 3.5964 2.3005
11150 5575.0 1.7045 4.5620 1.7045 3.5975 2.3105
11160 5580.0 1.7133 3.7574 1.7133 3.5888 2.3168
11170 5585.0 1.7518 1.1627 1.7518 3.5843 2.3391
11180 5590.0 1.7302 2.4358 1.7302 3.5699 2.3527
11190 5595.0 1.7353 2.0917 1.7353 3.5875 2.3429
11200 5600.0 1.6749 7.8311 1.6749 3.6666 2.3224
11210 5605.0 1.6801 7.1871 1.6801 3.7150 2.3216
11220 5610.0 1.7680 0.5124 1.7680 3.7389 2.4185
11230 5615.0 1.7537 1.0739 1.7537 3.8102 2.3835
11240 5620.0 1.6620 9.5193 1.6620 3.8721 2.2375
11250 5625.0 1.6761 7.6791 1.6761 3.8520 2.2829
11260 5630.0 1.7211 3.1145 1.7211 3.7672 2.3317
11270 5635.0 1.7223 3.0180 1.7223 3.7306 2.3033
11280 5640.0 1.6787 7.3554 1.6787 3.7732 2.3897
11290 5645.0 1.6856 6.5445 1.6856 3.8866 2.3074
11300 5650.0 1.7269 2.6754 1.7269 4.0042 2.2904
11310 5655.0 1.7273 2.6426 1.7273 3.8581 2.3692
11320 5660.0 1.7468 1.4144 1.7468 3.8806 2.4115
11330 5665.0 1.7272 2.6520 1.7272 3.8826 2.3555
11340 5670.0 1.6168 16.7746 1.6168 3.7972 2.3232
11350 5675.0 1.7120 3.8741 1.7120 3.7806 2.4103
11360 5680.0 1.7561 0.9651 1.7561 3.8353 2.3891
11370 5685.0 1.6963 5.3807 1.6963 3.9170 2.3828
11380 5690.0 1.6556 10.4235 1.6556 3.8593 2.3268
11390 5695.0 1.6609 9.6714 1.6609 3.7410 2.4347
11400 5700.0 1.7483 1.3344 1.7483 3.6390 2.3940
11410 5705.0 1.7383 1.9029 1.7383 3.6812 2.4085
11420 5710.0 1.6634 9.3308 1.6634 3.8581 2.3910
11430 5715.0 1.6608 9.6890 1.6608 3.9638 2.2896
11440 5720.0 1.7347 2.1340 1.7347 3.8831 2.4007
11450 5725.0 1.7554 0.9966 1.7554 3.8139 2.4420
11460 5730.0 1.6554 10.4576 1.6554 3.7387 2.3873
11470 5735.0 1.6854 6.5671 1.6854 3.6706 2.3710
11480 5740.0 1.7631 0.6825 1.7631 3.7109 2.4232
11490 5745.0 1.7402 1.7883 1.7402 3.7956 2.3336
11500 5750.0 1.6957 5.4345 1.6957 3.8331 2.2598
11510 5755.0 1.6649 9.1289 1.6649 3.7657 2.2801
11520 5760.0 1.7260 2.7395 1.7260 3.7225 2.3722
11530 5765.0 1.7483 1.3355 1.7483 3.7339 2.3653
11540 5770.0 1.6991 5.0944 1.6991 3.7988 2.2713
11550 5775.0 1.6993 5.0729 1.6993 3.8283 2.2479
11560 5780.0 1.7002 4.9803 1.7002 3.7811 2.3019
11570 5785.0 1.7445 1.5427 1.7445 3.7258 2.3871
11580 5790.0 1.7106 3.9990 1.7106 3.6799 2.3194
11590 5795.0 1.6764 7.6428 1.6764 3.7278 2.3362
11600 5800.0 1.6929 5.7327 1.6929 3.8239 2.3191
11610 5805.0 1.7013 4.8677 1.7013 3.8337 2.3632
11620 5810.0 1.7356 2.0730 1.7356 3.7929 2.3907
11630 5815.0 1.6579 10.1033 1.6579 3.7715 2.3701
11640 5820.0 1.7271 2.6589 1.7271 3.7921 2.3955
11650 5825.0 1.7058 4.4329 1.7058 3.8452 2.3158
11660 5830.0 1.6987 5.1276 1.6987 3.8471 2.3162
11670 5835.0 1.6702 8.4260 1.6702 3.7776 2.3174
11680 5840.0 1.6783 7.3998 1.6783 3.7213 2.3653
11690 5845.0 1.7818 0.1662 1.7818 3.7240 2.4125
11700 5850.0 1.7302 2.4363 1.7302 3.8757 2.3109
11710 5855.0 1.6762 7.6611 1.6762 3.9827 2.1847
11720 5860.0 1.7169 3.4506 1.7169 3.8665 2.2700
11730 5865.0 1.7548 1.0195 1.7548 3.7440 2.4325
11740 5870.0 1.7489 1.3073 1.7489 3.7172 2.4804
11750 5875.0 1.6908 5.9621 1.6908 3.7910 2.3857
11760 5880.0 1.7510 1.1996 1.7510 3.8733 2.3009
11770 5885.0 1.7282 2.5785 1.7282 3.9863 2.2265
11780 5890.0 1.7097 4.0797 1.7097 4.0145 2.1953
11790 5895.0 1.7239 2.8950 1.7239 3.8391 2.3042
11800 5900.0 1.7243 2.8669 1.7243 3.7118 2.2805
11810 5905.0 1.7155 3.5724 1.7155 3.6935 2.2449
11820 5910.0 1.7007 4.9277 1.7007 3.7700 2.2841
11830 5915.0 1.7126 3.8220 1.7126 3.8859 2.2876
11840 5920.0 1.7255 2.7781 1.7255 3.9147 2.3202
11850 5925.0 1.7318 2.3244 1.7318 3.8713 2.3590
11860 5930.0 1.6987 5.1307 1.6987 3.8250 2.3577
11870 5935.0 1.6624 9.4717 1.6624 3.7934 2.3050
11880 5940.0 1.7335 2.2140 1.7335 3.8086 2.3967
11890 5945.0 1.7385 1.8923 1.7385 3.8960 2.4500
11900 5950.0 1.6652 9.0890 1.6652 4.0331 2.3984
11910 5955.0 1.6294 14.5602 1.6294 4.0379 2.3813
11920 5960.0 1.6806 7.1280 1.6806 3.9408 2.4405
11930 5965.0 1.7290 2.5188 1.7290 3.8742 2.4774
11940 5970.0 1.6588 9.9739 1.6588 3.8886 2.4055
11950 5975.0 1.6399 12.8122 1.6399 3.9592 2.4464
11960 5980.0 1.6677 8.7516 1.6677 4.0138 2.4452
11970 5985.0 1.6922 5.8069 1.6922 4.0107 2.4535
11980 5990.0 1.6842 6.7010 1.6842 4.0098 2.3884
11990 5995.0 1.6762 7.6606 1.6762 3.9461 2.3041
12000 6000.0 1.6714 8.2698 1.6714 3.8969 2.2207
12010 6005.0 1.6791 7.3112 1.6791 3.8776 2.1480
12020 6010.0 1.6993 5.0656 1.6993 3.9124 2.1211
12030 6015.0 1.6936 5.6593 1.6936 3.9808 2.1632
12040 6020.0 1.6992 5.0769 1.6992 3.9967 2.1959
12050 6025.0 1.7398 1.8118 1.7398 3.9226 2.2035
12060 6030.0 1.7354 2.0835 1.7354 3.8318 2.3018
12070 6035.0 1.6815 7.0153 1.6815 3.7964 2.3916
12080 6040.0 1.7458 1.4704 1.7458 3.8507 2.3594
12090 6045.0 1.7268 2.6762 1.7268 3.9345 2.3259
12100 6050.0 1.7195 3.2403 1.7195 3.9369 2.3707
12110 6055.0 1.6949 5.5193 1.6949 3.9623 2.3489
12120 6060.0 1.7076 4.2729 1.7076 3.9510 2.3624
12130 6065.0 1.6971 5.2914 1.6971 3.9266 2.3596
12140 6070.0 1.7114 3.9294 1.7114 3.9641 2.3358
12150 6075.0 1.6752 7.7880 1.6752 4.0004 2.3142
12160 6080.0 1.7198 3.2156 1.7198 4.0386 2.3900
12170 6085.0 1.7069 4.3326 1.7069 4.0738 2.3782
12180 6090.0 1.7249 2.8213 1.7249 4.0407 2.3766
12190 6095.0 1.7168 3.4579 1.7168 3.9923 2.3527
12200 6100.0 1.6874 6.3399 1.6874 3.9278 2.3165
12210 6105.0 1.7275 2.6317 1.7275 3.8351 2.3538
12220 6110.0 1.7188 3.2985 1.7188 3.7695 2.3065
12230 6115.0 1.7100 4.0525 1.7100 3.7490 2.3141
12240 6120.0 1.6985 5.1501 1.6985 3.7565 2.3065
12250 6125.0 1.7148 3.6320 1.7148 3.7340 2.3450
12260 6130.0 1.7575 0.9020 1.7575 3.6947 2.3972
12270 6135.0 1.7331 2.2367 1.7331 3.6854 2.3491
12280 6140.0 1.6832 6.8189 1.6832 3.7119 2.2672
12290 6145.0 1.7054 4.4717 1.7054 3.7022 2.2923
12300 6150.0 1.7484 1.3288 1.7484 3.6239 2.4033
12310 6155.0 1.7034 4.6680 1.7034 3.5649 2.3979
12320 6160.0 1.6429 12.3440 1.6429 3.5751 2.3413
12330 6165.0 1.6741 7.9272 1.6741 3.6586 2.3264
12340 6170.0 1.7199 3.2047 1.7199 3.6886 2.3869
12350 6175.0 1.7172 3.4302 1.7172 3.6902 2.3971
12360 6180.0 1.6819 6.9782 1.6819 3.6375 2.4066
12370 6185.0 1.6527 10.8542 1.6527 3.6076 2.2961
12380 6190.0 1.7131 3.7727 1.7131 3.5287 2.2988
12390 6195.0 1.7196 3.2353 1.7196 3.5835 2.4068
12400 6200.0 1.6594 9.8879 1.6594 3.6692 2.3298
12410 6205.0 1.6823 6.9290 1.6823 3.5683 2.3543
12420 6210.0 1.7329 2.2505 1.7329 3.4154 2.2804
12430 6215.0 1.7360 2.0449 1.7360 3.4125 2.3007
12440 6220.0 1.6455 11.9311 1.6455 3.5277 2.3734
12450 6225.0 1.6518 10.9791 1.6518 3.5157 2.3070
12460 6230.0 1.6844 6.6841 1.6844 3.4078 2.1996
12470 6235.0 1.7412 1.7285 1.7412 3.3568 2.2603
12480 6240.0 1.6771 7.5524 1.6771 3.5142 2.4082
12490 6245.0 1.6497 11.2941 1.6497 3.6068 2.3757
12500 6250.0 1.6161 16.9044 1.6161 3.5584 2.2924
12510 6255.0 1.7175 3.4066 1.7175 3.5129 2.2791
12520 6260.0 1.7011 4.8887 1.7011 3.5776 2.1251
12530 6265.0 1.7070 4.3287 1.7070 3.6482 2.1935
12540 6270.0 1.6368 13.3215 1.6368 3.7818 2.3603
12550 6275.0 1.6552 10.4867 1.6552 3.9017 2.3216
12560 6280.0 1.7306 2.4054 1.7306 3.8359 2.2469
12570 6285.0 1.7331 2.2360 1.7331 3.8317 2.2278
12580 6290.0 1.6728 8.0893 1.6728 3.8930 2.2490
12590 6295.0 1.6502 11.2232 1.6502 3.8211 2.2511
12600 6300.0 1.8001 0.0000 1.8001 3.8103 2.2496
12610 6305.0 1.7650 0.6112 1.7650 3.6959 2.1180
12620 6310.0 1.6787 7.3627 1.6787 3.7794 2.1025
12630 6315.0 1.7262 2.7199 1.7262 3.8816 2.2558
12640 6320.0 1.6966 5.3450 1.6966 3.7999 2.2174
12650 6325.0 1.7351 2.1035 1.7351 3.7351 2.3272
12660 6330.0 1.8021 0.0022 1.8021 3.7176 2.3568
12670 6335.0 1.7218 3.0568 1.7218 3.8074 2.3363
12680 6340.0 1.7078 4.2493 1.7078 3.9187 2.2916
12690 6345.0 1.6320 14.1184 1.6320 3.8465 2.2789
12700 6350.0 1.6924 5.7896 1.6924 3.8564 2.3729
12710 6355.0 1.7131 3.7742 1.7131 3.6729 2.2284
12720 6360.0 1.7168 3.4648 1.7168 3.6673 2.2191
12730 6365.0 1.6818 6.9821 1.6818 3.8012 2.3341
12740 6370.0 1.6886 6.2090 1.6886 3.9544 2.3711
12750 6375.0 1.6721 8.1802 1.6721 3.9272 2.3382
12760 6380.0 1.7077 4.2595 1.7077 3.9487 2.3917
12770 6385.0 1.7175 3.4053 1.7175 3.9520 2.4316
12780 6390.0 1.7298 2.4659 1.7298 3.9025 2.3921
12790 6395.0 1.6432 12.2958 1.6432 3.8675 2.3006
12800 6400.0 1.6929 5.7353 1.6929 3.8600 2.3325
12810 6405.0 1.7749 0.3155 1.7749 3.8787 2.4002
12820 6410.0 1.7381 1.9139 1.7381 3.9206 2.3460
12830 6415.0 1.7292 2.5065 1.7292 3.9258 2.2438
12840 6420.0 1.7032 4.6823 1.7032 3.8342 2.2399
12850 6425.0 1.7220 3.0456 1.7220 3.7194 2.3663
12860 6430.0 1.7022 4.7842 1.7022 3.5798 2.2690
12870 6435.0 1.7358 2.0639 1.7358 3.5632 2.2779
12880 6440.0 1.6998 5.0242 1.6998 3.7464 2.3526
12890 6445.0 1.6793 7.2791 1.6793 3.9326 2.1987
12900 6450.0 1.6972 5.2884 1.6972 3.9896 2.2602
12910 6455.0 1.7748 0.3185 1.7748 3.8790 2.4416
12920 6460.0 1.7312 2.3650 1.7312 3.7786 2.4314
12930 6465.0 1.6221 15.8248 1.6221 3.7844 2.3222
12940 6470.0 1.6992 5.0773 1.6992 3.8032 2.4095
12950 6475.0 1.7714 0.4091 1.7714 3.8602 2.3960
12960 6480.0 1.6972 5.2800 1.6972 3.9944 2.2777
12970 6485.0 1.6516 11.0156 1.6516 3.9995 2.2591
12980 6490.0 1.6694 8.5286 1.6694 3.7747 2.3659
12990 6495.0 1.7610 0.7619 1.7610 3.6133 2.3070
13000 6500.0 1.7062 4.4031 1.7062 3.6613 2.2071
13010 6505.0 1.6518 10.9847 1.6518 3.8586 2.3031
13020 6510.0 1.6399 12.8189 1.6399 3.9949 2.2738
13030 6515.0 1.6947 5.5432 1.6947 3.9937 2.3761
13040 6520.0 1.7458 1.4683 1.7458 3.9387 2.3971
13050 6525.0 1.7254 2.7860 1.7254 3.9181 2.4075
13060 6530.0 1.6563 10.3277 1.6563 3.9431 2.3332
13070 6535.0 1.6323 14.0650 1.6323 3.9432 2.2147
13080 6540.0 1.6859 6.5042 1.6859 3.9519 2.2303
13090 6545.0 1.7152 3.5934 1.7152 3.9937 2.3747
13100 6550.0 1.6788 7.3459 1.6788 4.0458 2.4320
13110 6555.0 1.6863 6.4655 1.6863 4.0750 2.4101
13120 6560.0 1.6887 6.1947 1.6887 4.0229 2.3167
13130 6565.0 1.6600 9.7983 1.6600 3.9435 2.3016
13140 6570.0 1.6821 6.9543 1.6821 3.8951 2.3743
13150 6575.0 1.7091 4.1304 1.7091 3.9055 2.3688
13160 6580.0 1.7137 3.7225 1.7137 3.9156 2.3432
13170 6585.0 1.6897 6.0809 1.6897 3.9527 2.3723
13180 6590.0 1.6876 6.3121 1.6876 3.9062 2.3793
13190 6595.0 1.7158 3.5420 1.7158 3.8849 2.4027
13200 6600.0 1.6910 5.9366 1.6910 3.9151 2.3446
13210 6605.0 1.6625 9.4546 1.6625 3.8676 2.3145
13220 6610.0 1.6770 7.5658 1.6770 3.8383 2.3376
13230 6615.0 1.7149 3.6244 1.7149 3.7715 2.3209
13240 6620.0 1.7246 2.8459 1.7246 3.7007 2.3589
13250 6625.0 1.6736 7.9859 1.6736 3.6840 2.3168
13260 6630.0 1.6580 10.0783 1.6580 3.7546 2.3231
13270 6635.0 1.6777 7.4734 1.6777 3.7589 2.2974
13280 6640.0 1.7238 2.8998 1.7238 3.7206 2.2819
13290 6645.0 1.7070 4.3260 1.7070 3.7352 2.2746
13300 6650.0 1.6722 8.1636 1.6722 3.8558 2.3670
13310 6655.0 1.6357 13.4991 1.6357 3.9821 2.3916
13320 6660.0 1.6996 5.0419 1.6996 3.9041 2.4639
13330 6665.0 1.7375 1.9505 1.7375 3.8753 2.3930
13340 6670.0 1.7211 3.1105 1.7211 4.0051 2.4338
13350 6675.0 1.6408 12.6760 1.6408 4.1209 2.4067
13360 6680.0 1.5949 21.0369 1.5949 4.0142 2.3578
13370 6685.0 1.7050 4.5123 1.7050 3.9161 2.3797
13380 6690.0 1.7963 0.0070 1.7963 3.8850 2.4384
13390 6695.0 1.6904 6.0096 1.6904 3.9781 2.3873
13400 6700.0 1.6103 17.9951 1.6103 4.0645 2.2467
13410 6705.0 1.7035 4.6599 1.7035 3.9232 2.3801
13420 6710.0 1.7934 0.0216 1.7934 3.8694 2.4570
13430 6715.0 1.7432 1.6128 1.7432 3.9039 2.4265
13440 6720.0 1.6568 10.2553 1.6568 4.0082 2.2357
13450 6725.0 1.6786 7.3662 1.6786 3.9135 2.2340
13460 6730.0 1.7935 0.0209 1.7935 3.7755 2.4011
13470 6735.0 1.8177 0.1560 1.8177 3.7453 2.4342
13480 6740.0 1.7250 2.8102 1.7250 3.8636 2.2420
13490 6745.0 1.6737 7.9797 1.6737 3.9331 2.1352
13500 6750.0 1.7419 1.6869 1.7419 3.7891 2.3249
13510 6755.0 1.8214 0.2294 1.8214 3.6471 2.4489
13520 6760.0 1.7621 0.7177 1.7621 3.7349 2.4350
13530 6765.0 1.6796 7.2445 1.6796 3.9033 2.2827
13540 6770.0 1.6643 9.2133 1.6643 3.9872 2.2789
13550 6775.0 1.7148 3.6313 1.7148 3.8625 2.3550
13560 6780.0 1.7381 1.9165 1.7381 3.7674 2.2770
13570 6785.0 1.6892 6.1362 1.6892 3.8225 2.2488
13580 6790.0 1.6875 6.3274 1.6875 3.9457 2.3497
13590 6795.0 1.6949 5.5222 1.6949 3.9405 2.3528
13600 6800.0 1.7044 4.5651 1.7044 3.8909 2.3579
13610 6805.0 1.7293 2.4971 1.7293 3.8587 2.4198
13620 6810.0 1.7105 4.0043 1.7105 3.9189 2.3516
13630 6815.0 1.6667 8.8895 1.6667 3.9943 2.3307
13640 6820.0 1.6814 7.0348 1.6814 3.9513 2.4094
13650 6825.0 1.7228 2.9769 1.7228 3.8185 2.4573
13660 6830.0 1.7378 1.9327 1.7378 3.7976 2.4298
13670 6835.0 1.6912 5.9197 1.6912 3.8614 2.3305
13680 6840.0 1.6783 7.4076 1.6783 3.9182 2.3065
13690 6845.0 1.7149 3.6228 1.7149 3.9037 2.4018
13700 6850.0 1.7423 1.6671 1.7423 3.8799 2.3950
13710 6855.0 1.7230 2.9662 1.7230 3.8523 2.3520
13720 6860.0 1.6548 10.5383 1.6548 3.8969 2.3249
13730 6865.0 1.6693 8.5389 1.6693 3.8970 2.2756
13740 6870.0 1.7130 3.7809 1.7130 3.8630 2.3170
13750 6875.0 1.7215 3.0844 1.7215 3.8076 2.4336
13760 6880.0 1.7081 4.2250 1.7081 3.8439 2.4219
13770 6885.0 1.6902 6.0264 1.6902 3.8750 2.3313
13780 6890.0 1.7067 4.3515 1.7067 3.8655 2.3460
13790 6895.0 1.6984 5.1643 1.6984 3.8089 2.3847
13800 6900.0 1.7215 3.0847 1.7215 3.7472 2.3566
13810 6905.0 1.7375 1.9506 1.7375 3.7366 2.2056
13820 6910.0 1.6642 9.2218 1.6642 3.8108 2.1215
13830 6915.0 1.6924 5.7882 1.6924 3.8420 2.2006
13840 6920.0 1.7475 1.3759 1.7475 3.8384 2.3029
13850 6925.0 1.7278 2.6073 1.7278 3.8746 2.2983
13860 6930.0 1.7704 0.4386 1.7704 3.7402 2.3296
13870 6935.0 1.7659 0.5810 1.7659 3.6968 2.3016
13880 6940.0 1.7309 2.3896 1.7309 3.7138 2.2243
13890 6945.0 1.7347 2.1318 1.7347 3.6809 2.2513
13900 6950.0 1.7415 1.7084 1.7415 3.6655 2.2941
13910 6955.0 1.7200 3.2018 1.7200 3.7147 2.2800
13920 6960.0 1.6980 5.2013 1.6980 3.7994 2.2518
13930 6965.0 1.7172 3.4268 1.7172 3.8431 2.3228
13940 6970.0 1.7517 1.1683 1.7517 3.8424 2.4315
13950 6975.0 1.7371 1.9794 1.7371 3.8972 2.4221
13960 6980.0 1.6821 6.9545 1.6821 3.9796 2.3144
13970 6985.0 1.6752 7.7905 1.6752 3.9510 2.3122
13980 6990.0 1.7133 3.7551 1.7133 3.8357 2.4135
13990 6995.0 1.7186 3.3162 1.7186 3.7709 2.3697
14000 7000.0 1.7046 4.5497 1.7046 3.8267 2.3544
14010 7005.0 1.6785 7.3763 1.6785 3.9743 2.3467
14020 7010.0 1.6839 6.7359 1.6839 4.0536 2.2797
14030 7015.0 1.7277 2.6160 1.7277 3.9599 2.3655
14040 7020.0 1.7913 0.0379 1.7913 3.8638 2.4794
14050 7025.0 1.6964 5.3688 1.6964 3.9302 2.3451
14060 7030.0 1.5900 22.0428 1.5900 3.9091 2.1915
14070 7035.0 1.7314 2.3521 1.7314 3.9520 2.3449
14080 7040.0 1.7334 2.2201 1.7334 3.9257 2.4180
14090 7045.0 1.7071 4.3164 1.7071 3.9389 2.3076
14100 7050.0 1.6598 9.8244 1.6598 3.9189 2.2967
14110 7055.0 1.7398 1.8128 1.7398 3.9415 2.3447
14120 7060.0 1.6989 5.1071 1.6989 3.8912 2.2682
14130 7065.0 1.6507 11.1430 1.6507 3.8722 2.2306
14140 7070.0 1.7122 3.8549 1.7122 3.8629 2.2578
14150 7075.0 1.7159 3.5349 1.7159 3.8837 2.3044
14160 7080.0 1.7060 4.4220 1.7060 3.9116 2.3594
14170 7085.0 1.6912 5.9227 1.6912 3.8969 2.3683
14180 7090.0 1.6888 6.1822 1.6888 3.8077 2.2654
14190 7095.0 1.6796 7.2509 1.6796 3.7457 2.2039
14200 7100.0 1.6853 6.5799 1.6853 3.7715 2.2670
14210 7105.0 1.6865 6.4402 1.6865 3.8779 2.3195
14220 7110.0 1.6790 7.3259 1.6790 4.0028 2.4156
14230 7115.0 1.6528 10.8373 1.6528 3.9977 2.3622
14240 7120.0 1.7116 3.9060 1.7116 4.0249 2.4215
14250 7125.0 1.7098 4.0646 1.7098 3.9988 2.3388
14260 7130.0 1.6885 6.2181 1.6885 3.9535 2.3165
14270 7135.0 1.6887 6.1965 1.6887 3.9182 2.3925
14280 7140.0 1.7008 4.9179 1.7008 3.8496 2.4037
14290 7145.0 1.7088 4.1627 1.7088 3.8517 2.3806
14300 7150.0 1.6890 6.1579 1.6890 3.8540 2.3586
14310 7155.0 1.6947 5.5417 1.6947 3.8155 2.3938
14320 7160.0 1.7172 3.4284 1.7172 3.7773 2.4007
14330 7165.0 1.6976 5.2440 1.6976 3.8393 2.3692
14340 7170.0 1.6806 7.1332 1.6806 3.8879 2.3195
14350 7175.0 1.7074 4.2877 1.7074 3.8759 2.3145
14360 7180.0 1.7036 4.6507 1.7036 3.8335 2.4051
14370 7185.0 1.6620 9.5288 1.6620 3.8564 2.3975
14380 7190.0 1.7035 4.6588 1.7035 3.9217 2.3575
14390 7195.0 1.6918 5.8493 1.6918 4.0030 2.3315
14400 7200.0 1.7052 4.4973 1.7052 3.9628 2.3401
14410 7205.0 1.6793 7.2804 1.6793 3.8139 2.3682
14420 7210.0 1.6991 5.0894 1.6991 3.7460 2.4250
14430 7215.0 1.7016 4.8370 1.7016 3.8368 2.4069
14440 7220.0 1.6950 5.5119 1.6950 3.9249 2.3352
14450 7225.0 1.7107 3.9903 1.7107 3.9179 2.2695
14460 7230.0 1.7220 3.0394 1.7220 3.8578 2.2774
14470 7235.0 1.7060 4.4153 1.7060 3.8179 2.3068
14480 7240.0 1.7004 4.9575 1.7004 3.8139 2.2811
14490 7245.0 1.7369 1.9928 1.7369 3.7712 2.3518
14500 7250.0 1.7213 3.0941 1.7213 3.7560 2.3270
14510 7255.0 1.7133 3.7582 1.7133 3.7538 2.2680
14520 7260.0 1.7106 3.9964 1.7106 3.7216 2.3154
14530 7265.0 1.7098 4.0701 1.7098 3.7425 2.3112
14540 7270.0 1.7024 4.7644 1.7024 3.7306 2.3296
14550 7275.0 1.6911 5.9292 1.6911 3.7981 2.2842
14560 7280.0 1.6802 7.1741 1.6802 3.8467 2.3395
14570 7285.0 1.6877 6.3072 1.6877 3.7952 2.3595
14580 7290.0 1.7067 4.3554 1.7067 3.7100 2.4355
14590 7295.0 1.6935 5.6684 1.6935 3.6798 2.3864
14600 7300.0 1.6355 13.5379 1.6355 3.7325 2.3169
14610 7305.0 1.7098 4.0660 1.7098 3.7953 2.4212
14620 7310.0 1.7382 1.9076 1.7382 3.8130 2.3476
14630 7315.0 1.6836 6.7705 1.6836 3.8157 2.3729
14640 7320.0 1.6330 13.9480 1.6330 3.8901 2.3767
14650 7325.0 1.7010 4.9003 1.7010 3.9071 2.4236
14660 7330.0 1.7505 1.2233 1.7505 3.9250 2.3904
14670 7335.0 1.7067 4.3508 1.7067 3.9753 2.3915
14680 7340.0 1.6501 11.2358 1.6501 3.9918 2.3282
14690 7345.0 1.6711 8.3048 1.6711 3.9114 2.3057
14700 7350.0 1.7339 2.1838 1.7339 3.8633 2.2675
14710 7355.0 1.7246 2.8434 1.7246 3.9420 2.3987
14720 7360.0 1.6382 13.0925 1.6382 4.0308 2.2563
14730 7365.0 1.6887 6.1954 1.6887 3.9718 2.2617
14740 7370.0 1.7877 0.0752 1.7877 3.8714 2.3354
14750 7375.0 1.7100 4.0497 1.7100 3.9506 2.3367
14760 7380.0 1.6422 12.4505 1.6422 4.0183 2.1832
14770 7385.0 1.6816 7.0127 1.6816 3.9382 2.2697
14780 7390.0 1.7624 0.7083 1.7624 3.8830 2.2720
14790 7395.0 1.7295 2.4881 1.7295 3.9715 2.2832
14800 7400.0 1.6428 12.3518 1.6428 4.0047 2.3095
14810 7405.0 1.6951 5.4984 1.6951 4.0502 2.3564
14820 7410.0 1.7040 4.6081 1.7040 3.9417 2.3650
14830 7415.0 1.7334 2.2178 1.7334 3.9701 2.4011
14840 7420.0 1.6980 5.2007 1.6980 4.0710 2.4155
14850 7425.0 1.6748 7.8401 1.6748 4.0184 2.3597
14860 7430.0 1.6605 9.7343 1.6605 3.9424 2.2419
14870 7435.0 1.6885 6.2159 1.6885 3.9575 2.3172
14880 7440.0 1.7270 2.6677 1.7270 3.9515 2.4747
14890 7445.0 1.6500 11.2452 1.6500 4.0348 2.3968
14900 7450.0 1.6590 9.9451 1.6590 3.9912 2.3410
14910 7455.0 1.6389 12.9792 1.6389 3.8538 2.2295
14920 7460.0 1.6937 5.6464 1.6937 3.8187 2.3274
14930 7465.0 1.7091 4.1358 1.7091 3.8975 2.3696
14940 7470.0 1.6850 6.6097 1.6850 3.9849 2.4329
14950 7475.0 1.6204 16.1335 1.6204 3.9755 2.3406
14960 7480.0 1.6743 7.8970 1.6743 3.8935 2.3952
14970 7485.0 1.7352 2.1007 1.7352 3.7865 2.2939
14980 7490.0 1.7338 2.1889 1.7338 3.7474 2.3096
14990 7495.0 1.6299 14.4616 1.6299 3.8301 2.3686
15000 7500.0 1.6327 13.9866 1.6327 3.9127 2.2920
15010 7505.0 1.7015 4.8462 1.7015 3.8800 2.4055
15020 7510.0 1.7479 1.3553 1.7479 3.7847 2.4456
15030 7515.0 1.6685 8.6416 1.6685 3.7644 2.4058
15040 7520.0 1.6639 9.2559 1.6639 3.8103 2.3566
15050 7525.0 1.6636 9.3056 1.6636 3.8170 2.3069
15060 7530.0 1.7382 1.9099 1.7382 3.7090 2.3809
15070 7535.0 1.7117 3.9005 1.7117 3.6450 2.4481
15080 7540.0 1.6852 6.5946 1.6852 3.7144 2.3833
15090 7545.0 1.6897 6.0879 1.6897 3.8158 2.3301
15100 7550.0 1.6771 7.5517 1.6771 3.7541 2.3304
15110 7555.0 1.6846 6.6542 1.6846 3.5250 2.3535
15120 7560.0 1.6830 6.8440 1.6830 3.3621 2.2232
15130 7565.0 1.7336 2.2033 1.7336 3.3355 2.2579
15140 7570.0 1.6970 5.3036 1.6970 3.4565 2.3311
15150 7575.0 1.6716 8.2379 1.6716 3.6610 2.2158
15160 7580.0 1.6703 8.4151 1.6703 3.7527 2.1847
15170 7585.0 1.7733 0.3574 1.7733 3.5762 2.3285
15180 7590.0 1.7476 1.3724 1.7476 3.4264 2.2794
15190 7595.0 1.6956 5.4491 1.6956 3.3390 2.2011
15200 7600.0 1.6972 5.2790 1.6972 3.3412 2.1393
15210 7605.0 1.6889 6.1726 1.6889 3.4425 2.1629
15220 7610.0 1.6668 8.8646 1.6668 3.6706 2.1673
15230 7615.0 1.7088 4.1575 1.7088 3.7296 2.3420
15240 7620.0 1.7108 3.9786 1.7108 3.6883 2.3495
15250 7625.0 1.6769 7.5825 1.6769 3.7235 2.3649
15260 7630.0 1.6848 6.6350 1.6848 3.8129 2.3439
15270 7635.0 1.6698 8.4764 1.6698 3.8020 2.2364
15280 7640.0 1.7352 2.1023 1.7352 3.7037 2.2826
15290 7645.0 1.7202 3.1872 1.7202 3.7788 2.2668
15300 7650.0 1.7096 4.0823 1.7096 3.9773 2.3699
15310 7655.0 1.6928 5.7477 1.6928 4.1779 2.2864
15320 7660.0 1.6970 5.3051 1.6970 4.1291 2.2923
15330 7665.0 1.7539 1.0604 1.7539 3.9776 2.3565
15340 7670.0 1.7483 1.3355 1.7483 3.8685 2.3530
15350 7675.0 1.7212 3.1027 1.7212 3.8748 2.3337
15360 7680.0 1.7117 3.9016 1.7117 3.9246 2.2934
15370 7685.0 1.7071 4.3122 1.7071 3.9767 2.3591
15380 7690.0 1.7446 1.5331 1.7446 3.9396 2.4396
15390 7695.0 1.7602 0.7920 1.7602 3.9429 2.3752
15400 7700.0 1.6601 9.7811 1.6601 4.0141 2.1874
15410 7705.0 1.6559 10.3859 1.6559 3.9979 2.2097
15420 7710.0 1.7971 0.0041 1.7971 3.9278 2.4213
15430 7715.0 1.7482 1.3425 1.7482 3.9306 2.4284
15440 7720.0 1.6353 13.5678 1.6353 3.9434 2.3459
15450 7725.0 1.7000 5.0016 1.7000 4.0798 2.3170
15460 7730.0 1.6689 8.5980 1.6689 3.9130 2.2359
15470 7735.0 1.7464 1.4342 1.7464 3.8587 2.2418
15480 7740.0 1.7239 2.8927 1.7239 3.9906 2.3315
15490 7745.0 1.6603 9.7578 1.6603 4.0790 2.2949
15500 7750.0 1.6844 6.6800 1.6844 4.1759 2.2850
15510 7755.0 1.6928 5.7464 1.6928 3.9958 2.3398
15520 7760.0 1.7410 1.7406 1.7410 3.8902 2.2836
15530 7765.0 1.7252 2.7977 1.7252 3.9931 2.3537
15540 7770.0 1.6886 6.2090 1.6886 4.1377 2.3424
15550 7775.0 1.6516 11.0127 1.6516 4.0226 2.3228
15560 7780.0 1.7345 2.1435 1.7345 3.8720 2.2869
15570 7785.0 1.7449 1.5165 1.7449 3.7717 2.2289
15580 7790.0 1.6752 7.7836 1.6752 3.7767 2.1488
15590 7795.0 1.6904 6.0018 1.6904 3.9619 2.3059
15600 7800.0 1.6510 11.0997 1.6510 4.0306 2.2630
15610 7805.0 1.7694 0.4690 1.7694 4.0813 2.3715
15620 7810.0 1.6984 5.1576 1.6984 3.9274 2.3776
15630 7815.0 1.7005 4.9535 1.7005 3.8639 2.2766
15640 7820.0 1.7536 1.0767 1.7536 3.8906 2.2068
15650 7825.0 1.6522 10.9240 1.6522 4.0535 2.1017
15660 7830.0 1.6547 10.5571 1.6547 4.1538 2.1616
15670 7835.0 1.7145 3.6535 1.7145 4.0919 2.2286
15680 7840.0 1.7177 3.3882 1.7177 3.9662 2.3553
15690 7845.0 1.7922 0.0305 1.7922 3.8832 2.3110
15700 7850.0 1.7528 1.1140 1.7528 3.8867 2.3066
15710 7855.0 1.6903 6.0154 1.6903 3.9489 2.2513
15720 7860.0 1.6612 9.6368 1.6612 3.9703 2.2022
15730 7865.0 1.6881 6.2618 1.6881 3.8973 2.1653
15740 7870.0 1.8097 0.0468 1.8097 3.8209 2.2290
15750 7875.0 1.7560 0.9678 1.7560 3.8997 2.3123
15760 7880.0 1.6417 12.5319 1.6417 4.0107 2.1575
15770 7885.0 1.6706 8.3745 1.6706 4.0006 2.2384
15780 7890.0 1.8027 0.0035 1.8027 3.9244 2.3815
15790 7895.0 1.7626 0.7012 1.7626 3.9740 2.2622
15800 7900.0 1.6482 11.5202 1.6482 4.1128 2.2399
15810 7905.0 1.6683 8.6662 1.6683 4.1615 2.3180
15820 7910.0 1.6867 6.4224 1.6867 4.0276 2.3905
15830 7915.0 1.7747 0.3188 1.7747 3.9482 2.4214
15840 7920.0 1.7045 4.5581 1.7045 4.0163 2.3665
15850 7925.0 1.6611 9.6506 1.6611 4.0592 2.3782
15860 7930.0 1.6178 16.6054 1.6178 4.1119 2.3764
15870 7935.0 1.6886 6.1995 1.6886 3.9499 2.2398
15880 7940.0 1.7400 1.7990 1.7400 3.8649 2.2162
15890 7945.0 1.6698 8.4720 1.6698 3.8882 2.3588
15900 7950.0 1.5875 22.5844 1.5875 3.9704 2.3514
15910 7955.0 1.6339 13.7886 1.6339 3.9331 2.3972
15920 7960.0 1.7683 0.5029 1.7683 3.7368 2.3957
15930 7965.0 1.7453 1.4965 1.7453 3.6881 2.4122
15940 7970.0 1.6346 13.6825 1.6346 3.8286 2.3748
15950 7975.0 1.6409 12.6619 1.6409 3.9010 2.3200
15960 7980.0 1.7530 1.1051 1.7530 3.8294 2.4476
15970 7985.0 1.7772 0.2607 1.7772 3.8146 2.4716
15980 7990.0 1.6954 5.4664 1.6954 3.9131 2.2761
15990 7995.0 1.6837 6.7645 1.6837 4.0331 2.1630
16000 8000.0 1.6955 5.4606 1.6955 3.9999 2.2306
16010 8005.0 1.7701 0.4467 1.7701 3.8803 2.2568
16020 8010.0 1.7775 0.2536 1.7775 3.8549 2.2281
16030 8015.0 1.6978 5.2231 1.6978 3.9547 2.1930
16040 8020.0 1.7029 4.7171 1.7029 4.0587 2.1544
16050 8025.0 1.7405 1.7725 1.7405 4.0833 2.1574
16060 8030.0 1.7823 0.1574 1.7823 4.0111 2.2402
16070 8035.0 1.7818 0.1663 1.7818 3.9518 2.3096
16080 8040.0 1.7154 3.5755 1.7154 3.9885 2.2643
16090 8045.0 1.7121 3.8596 1.7121 4.0340 2.2521
16100 8050.0 1.6835 6.7829 1.6835 3.9269 2.1830
16110 8055.0 1.6969 5.3151 1.6969 3.8646 2.1751
16120 8060.0 1.7401 1.7912 1.7401 3.9354 2.3220
16130 8065.0 1.6775 7.5000 1.6775 3.9586 2.3662
16140 8070.0 1.7100 4.0512 1.7100 3.9397 2.3930
16150 8075.0 1.6579 10.0971 1.6579 3.8969 2.4028
16160 8080.0 1.7166 3.4797 1.7166 3.8684 2.4673
16170 8085.0 1.6904 6.0115 1.6904 3.8497 2.4704
16180 8090.0 1.7195 3.2377 1.7195 3.7119 2.3468
16190 8095.0 1.6603 9.7618 1.6603 3.6499 2.2181
16200 8100.0 1.6604 9.7485 1.6604 3.6582 2.2778
16210 8105.0 1.6778 7.4687 1.6778 3.6440 2.3411
16220 8110.0 1.7582 0.8732 1.7582 3.5840 2.3318
16230 8115.0 1.7519 1.1577 1.7519 3.6307 2.3145
16240 8120.0 1.6857 6.5335 1.6857 3.7526 2.2377
16250 8125.0 1.6803 7.1643 1.6803 3.8218 2.2086
16260 8130.0 1.7382 1.9101 1.7382 3.7366 2.3561
16270 8135.0 1.7726 0.3745 1.7726 3.6846 2.3581
16280 8140.0 1.7032 4.6839 1.7032 3.7721 2.3480
16290 8145.0 1.6689 8.5951 1.6689 3.8228 2.2718
16300 8150.0 1.6894 6.1188 1.6894 3.8030 2.2349
16310 8155.0 1.7384 1.8952 1.7384 3.8369 2.3019
16320 8160.0 1.7371 1.9790 1.7371 3.9044 2.3516
16330 8165.0 1.7019 4.8144 1.7019 3.9280 2.3429
16340 8170.0 1.7104 4.0143 1.7104 3.8644 2.3378
16350 8175.0 1.6822 6.9338 1.6822 3.8133 2.2496
16360 8180.0 1.7136 3.7361 1.7136 3.8325 2.2972
16370 8185.0 1.7212 3.1050 1.7212 3.8895 2.3526
16380 8190.0 1.6911 5.9261 1.6911 3.9196 2.3234
16390 8195.0 1.6896 6.0936 1.6896 3.8665 2.3319
16400 8200.0 1.6888 6.1787 1.6888 3.8133 2.2674
16410 8205.0 1.6963 5.3776 1.6963 3.8177 2.3006
16420 8210.0 1.6943 5.5820 1.6943 3.8828 2.3999
16430 8215.0 1.6967 5.3396 1.6967 3.9079 2.4044
16440 8220.0 1.6971 5.2923 1.6971 3.8645 2.3933
16450 8225.0 1.6827 6.8846 1.6827 3.8272 2.3572
16460 8230.0 1.6649 9.1235 1.6649 3.8220 2.3646
16470 8235.0 1.6780 7.4392 1.6780 3.7913 2.3549
16480 8240.0 1.7028 4.7266 1.7028 3.7862 2.3771
16490 8245.0 1.6876 6.3160 1.6876 3.8363 2.3981
16500 8250.0 1.6747 7.8441 1.6747 3.9063 2.3245
16510 8255.0 1.6933 5.6975 1.6933 3.8868 2.3516
16520 8260.0 1.7112 3.9424 1.7112 3.7755 2.3735
16530 8265.0 1.7007 4.9300 1.7007 3.6856 2.3304
16540 8270.0 1.6873 6.3559 1.6873 3.6778 2.2626
16550 8275.0 1.7017 4.8360 1.7017 3.7432 2.2895
16560 8280.0 1.7510 1.1981 1.7510 3.7657 2.3264
16570 8285.0 1.7805 0.1904 1.7805 3.7750 2.3834
16580 8290.0 1.7098 4.0683 1.7098 3.8617 2.3231
16590 8295.0 1.6596 9.8555 1.6596 3.8037 2.2880
16600 8300.0 1.6896 6.0930 1.6896 3.7571 2.2112
16610 8305.0 1.7738 0.3436 1.7738 3.8492 2.3222
16620 8310.0 1.7703 0.4419 1.7703 3.7769 2.3736
16630 8315.0 1.6714 8.2636 1.6714 3.8153 2.2623
16640 8320.0 1.7128 3.7977 1.7128 3.8980 2.2704
16650 8325.0 1.7385 1.8924 1.7385 3.8961 2.3705
16660 8330.0 1.7569 0.9282 1.7569 3.8804 2.4057
16670 8335.0 1.6650 9.1182 1.6650 3.9225 2.3501
16680 8340.0 1.6725 8.1278 1.6725 3.8870 2.3486
16690 8345.0 1.7731 0.3616 1.7731 3.8140 2.4048
16700 8350.0 1.7519 1.1588 1.7519 3.8972 2.3510
16710 8355.0 1.7039 4.6146 1.7039 3.9925 2.2726
16720 8360.0 1.6931 5.7127 1.6931 3.9834 2.3181
16730 8365.0 1.7178 3.3817 1.7178 3.9162 2.4267
16740 8370.0 1.7160 3.5308 1.7160 3.8739 2.3983
16750 8375.0 1.6835 6.7919 1.6835 3.9263 2.4078
16760 8380.0 1.6838 6.7568 1.6838 4.0504 2.3394
16770 8385.0 1.6924 5.7868 1.6924 4.0269 2.3102
16780 8390.0 1.6858 6.5231 1.6858 3.9237 2.4074
16790 8395.0 1.7496 1.2715 1.7496 3.9035 2.4275
16800 8400.0 1.7015 4.8485 1.7015 3.9561 2.3020
16810 8405.0 1.6722 8.1716 1.6722 3.9342 2.2951
16820 8410.0 1.6384 13.0605 1.6384 3.8284 2.2980
16830 8415.0 1.7284 2.5632 1.7284 3.7340 2.3146
16840 8420.0 1.7459 1.4638 1.7459 3.7741 2.2560
16850 8425.0 1.6620 9.5232 1.6620 3.8895 2.3116
16860 8430.0 1.6349 13.6322 1.6349 3.9206 2.3046
16870 8435.0 1.6875 6.3303 1.6875 3.8159 2.3535
16880 8440.0 1.7625 0.7014 1.7625 3.7420 2.3723
16890 8445.0 1.6783 7.4038 1.6783 3.7631 2.2713
16900 8450.0 1.6060 18.8253 1.6060 3.8343 2.2456
16910 8455.0 1.5952 20.9731 1.5952 3.8897 2.2385
16920 8460.0 1.7266 2.6944 1.7266 3.8340 2.4179
16930 8465.0 1.6843 6.6974 1.6843 3.7864 2.4004
16940 8470.0 1.7205 3.1599 1.7205 3.7443 2.3148
16950 8475.0 1.6045 19.1028 1.6045 3.8375 2.3377
16960 8480.0 1.6194 16.3115 1.6194 3.8510 2.3602
16970 8485.0 1.6714 8.2727 1.6714 3.6784 2.3008
16980 8490.0 1.7632 0.6771 1.7632 3.6109 2.2919
16990 8495.0 1.7072 4.3043 1.7072 3.6533 2.2439
17000 8500.0 1.6620 9.5215 1.6620 3.8587 2.2668
17010 8505.0 1.6394 12.8901 1.6394 3.7323 2.2572
17020 8510.0 1.7182 3.3473 1.7182 3.5778 2.4072
17030 8515.0 1.7723 0.3838 1.7723 3.4824 2.4840
17040 8520.0 1.7209 3.1273 1.7209 3.5753 2.4776
17050 8525.0 1.6698 8.4725 1.6698 3.6756 2.3098
17060 8530.0 1.6364 13.3886 1.6364 3.7455 2.2826
17070 8535.0 1.6988 5.1243 1.6988 3.6568 2.2770
17080 8540.0 1.7170 3.4473 1.7170 3.5864 2.1759
17090 8545.0 1.7317 2.3314 1.7317 3.5816 2.2132
17100 8550.0 1.6668 8.8773 1.6668 3.7162 2.2722
17110 8555.0 1.6077 18.4990 1.6077 3.8457 2.3131
17120 8560.0 1.6784 7.3980 1.6784 3.7940 2.3850
17130 8565.0 1.7185 3.3216 1.7185 3.7402 2.3856
17140 8570.0 1.7028 4.7242 1.7028 3.8551 2.3387
17150 8575.0 1.6111 17.8340 1.6111 3.9446 2.2416
17160 8580.0 1.6776 7.4966 1.6776 3.8905 2.3532
17170 8585.0 1.7293 2.5026 1.7293 3.7182 2.4677
17180 8590.0 1.7712 0.4141 1.7712 3.7420 2.4745
17190 8595.0 1.7029 4.7106 1.7029 3.8182 2.2842
17200 8600.0 1.6370 13.2869 1.6370 3.9176 2.1595
17210 8605.0 1.6713 8.2873 1.6713 3.8876 2.3131
17220 8610.0 1.7711 0.4182 1.7711 3.6182 2.3721
17230 8615.0 1.7411 1.7364 1.7411 3.4829 2.2626
17240 8620.0 1.6550 10.5179 1.6550 3.5059 2.1658
17250 8625.0 1.6517 10.9967 1.6517 3.6087 2.2732
17260 8630.0 1.7536 1.0754 1.7536 3.6800 2.3975
17270 8635.0 1.6232 15.6282 1.6232 3.6398 2.2818
17280 8640.0 1.7346 2.1383 1.7346 3.7410 2.3150
17290 8645.0 1.6775 7.5003 1.6775 3.6665 2.2738
17300 8650.0 1.6785 7.3849 1.6785 3.4999 2.1122
17310 8655.0 1.7276 2.6225 1.7276 3.4387 2.1195
17320 8660.0 1.7317 2.3356 1.7317 3.5191 2.1692
17330 8665.0 1.6653 9.0682 1.6653 3.7173 2.2407
17340 8670.0 1.6624 9.4617 1.6624 4.0030 2.2016
17350 8675.0 1.6425 12.4099 1.6425 3.8595 2.2500
17360 8680.0 1.8009 0.0004 1.8009 3.8355 2.4248
17370 8685.0 1.7598 0.8078 1.7598 3.8002 2.3650
17380 8690.0 1.6672 8.8234 1.6672 3.8791 2.3751
17390 8695.0 1.6806 7.1241 1.6806 3.8968 2.2871
17400 8700.0 1.6390 12.9643 1.6390 3.7540 2.1014
17410 8705.0 1.7179 3.3711 1.7179 3.6571 2.1794
17420 8710.0 1.7179 3.3685 1.7179 3.7880 2.3042
17430 8715.0 1.6820 6.9647 1.6820 3.9877 2.3700
17440 8720.0 1.6237 15.5488 1.6237 3.8687 2.3394
17450 8725.0 1.7356 2.0737 1.7356 3.7959 2.4461
17460 8730.0 1.7165 3.4830 1.7165 3.7739 2.3123
17470 8735.0 1.7682 0.5047 1.7682 3.7749 2.3890
17480 8740.0 1.6704 8.4013 1.6704 3.8743 2.3189
17490 8745.0 1.6310 14.2805 1.6310 3.9297 2.2484
17500 8750.0 1.6700 8.4454 1.6700 3.7689 2.1914
17510 8755.0 1.7287 2.5427 1.7287 3.7185 2.1723
17520 8760.0 1.7418 1.6945 1.7418 3.7455 2.2558
17530 8765.0 1.7045 4.5644 1.7045 3.8865 2.3217
17540 8770.0 1.6506 11.1621 1.6506 3.9166 2.2395
17550 8775.0 1.7196 3.2319 1.7196 3.8262 2.3371
17560 8780.0 1.7442 1.5591 1.7442 3.8282 2.4284
17570 8785.0 1.6932 5.7047 1.6932 3.7467 2.3623
17580 8790.0 1.6675 8.7806 1.6675 3.6679 2.3325
17590 8795.0 1.7335 2.2111 1.7335 3.7500 2.3639
17600 8800.0 1.7426 1.6494 1.7426 3.6689 2.4317
17610 8805.0 1.7279 2.5992 1.7279 3.7051 2.3584
17620 8810.0 1.6991 5.0897 1.6991 3.8177 2.3233
17630 8815.0 1.6775 7.5052 1.6775 3.7316 2.3670
17640 8820.0 1.6975 5.2537 1.6975 3.5499 2.4129
17650 8825.0 1.7090 4.1425 1.7090 3.5035 2.4489
17660 8830.0 1.6998 5.0217 1.6998 3.5893 2.4593
17670 8835.0 1.7187 3.3089 1.7187 3.7205 2.3699
17680 8840.0 1.6860 6.4956 1.6860 3.7835 2.3203
17690 8845.0 1.7184 3.3307 1.7184 3.7362 2.3277
17700 8850.0 1.7006 4.9357 1.7006 3.6626 2.3527
17710 8855.0 1.7346 2.1395 1.7346 3.6127 2.3987
17720 8860.0 1.7421 1.6755 1.7421 3.6648 2.3565
17730 8865.0 1.6467 11.7555 1.6467 3.7152 2.2496
17740 8870.0 1.7225 3.0065 1.7225 3.7066 2.3024
17750 8875.0 1.7712 0.4161 1.7712 3.6395 2.3913
17760 8880.0 1.7022 4.7865 1.7022 3.6719 2.3689
17770 8885.0 1.7303 2.4288 1.7303 3.7401 2.3329
17780 8890.0 1.6966 5.3463 1.6966 3.7986 2.2722
17790 8895.0 1.7087 4.1668 1.7087 3.7610 2.2350
17800 8900.0 1.7164 3.4974 1.7164 3.6905 2.3339
17810 8905.0 1.6808 7.1057 1.6808 3.6953 2.3917
17820 8910.0 1.7179 3.3677 1.7179 3.7784 2.3806
17830 8915.0 1.6946 5.5496 1.6946 3.7634 2.3313
17840 8920.0 1.7197 3.2216 1.7197 3.7243 2.3448
17850 8925.0 1.6807 7.1220 1.6807 3.6840 2.4013
17860 8930.0 1.6660 8.9781 1.6660 3.6455 2.3375
17870 8935.0 1.7461 1.4536 1.7461 3.6963 2.4288
17880 8940.0 1.7077 4.2639 1.7077 3.7947 2.4076
17890 8945.0 1.6407 12.6922 1.6407 3.8735 2.2685
17900 8950.0 1.7011 4.8909 1.7011 3.8971 2.3247
17910 8955.0 1.7509 1.2039 1.7509 3.7895 2.4670
17920 8960.0 1.7863 0.0943 1.7863 3.7265 2.4759
17930 8965.0 1.7181 3.3540 1.7181 3.8295 2.3254
17940 8970.0 1.6164 16.8511 1.6164 3.8420 2.1574
17950 8975.0 1.7055 4.4682 1.7055 3.7738 2.2811
17960 8980.0 1.8392 0.7672 1.8392 3.6700 2.4830
17970 8985.0 1.7779 0.2443 1.7779 3.5795 2.3755
17980 8990.0 1.6923 5.8025 1.6923 3.6771 2.2374
17990 8995.0 1.7078 4.2534 1.7078 3.8198 2.1824
18000 9000.0 1.7185 3.3225 1.7185 3.7973 2.2759
