# step  time_fs  cv_FeH(A)  bias(kJ/mol)  d_min_FeH(A)  d_min_OH(A)  d_min_SH(A)
0 0.0 1.7182 1250.9963 1.7182 2.5114 2.4126
10 5.0 2.7276 163.7972 2.7276 1.6906 2.4725
20 10.0 3.0417 33.3573 3.0417 1.1961 2.3604
30 15.0 3.3800 3.2037 3.3800 1.0671 2.4762
40 20.0 3.3662 2.1908 3.3662 1.4526 2.4626
50 25.0 3.0114 41.6359 3.0114 1.3858 2.4818
60 30.0 3.1507 11.1435 3.1507 1.0039 2.2893
70 35.0 2.8803 88.0928 2.8803 1.1468 2.1700
80 40.0 3.2124 3.8409 3.2124 1.0319 2.5079
90 45.0 2.9427 63.8215 2.9427 1.0105 2.7809
100 50.0 3.2625 0.7037 3.2625 1.0378 2.4944
110 55.0 3.2363 2.0268 3.2363 0.9609 2.4546
120 60.0 2.9723 53.7059 2.9723 1.0700 2.7966
130 65.0 3.1047 19.0734 3.1047 0.9188 2.7047
140 70.0 3.2888 0.0625 3.2888 1.1307 2.3365
150 75.0 3.1346 13.6752 3.1346 0.9515 2.3451
160 80.0 3.2053 4.4881 3.2053 1.0159 2.4358
170 85.0 3.2627 0.6944 3.2627 1.0638 2.4105
180 90.0 3.2758 0.2917 3.2758 0.8940 2.5485
190 95.0 3.2297 2.4720 3.2297 1.1342 2.3663
200 100.0 3.1965 5.3538 3.1965 0.8995 2.7823
210 105.0 2.9678 55.1841 2.9678 1.0362 2.7729
220 110.0 3.3201 0.2012 3.3201 1.0117 2.6710
230 115.0 3.3315 0.4961 3.3315 1.0162 2.7153
240 120.0 3.1813 7.0460 3.1813 1.0249 2.8812
250 125.0 3.2959 0.0086 3.2959 0.9633 2.9011
260 130.0 3.1462 11.8209 3.1462 1.0619 2.7251
270 135.0 3.2885 0.0665 3.2885 0.9310 2.9399
280 140.0 3.0917 21.7011 3.0917 1.0875 2.7982
290 145.0 3.2060 4.4192 3.2060 0.9396 2.7736
300 150.0 3.2193 3.2575 3.2193 1.1484 2.8559
310 155.0 3.2355 2.0818 3.2355 0.9176 2.6925
320 160.0 3.2840 0.1272 3.2840 1.0658 2.5691
330 165.0 3.2756 0.2973 3.2756 0.9827 2.7292
340 170.0 3.1969 5.3196 3.1969 1.0420 2.7872
350 175.0 3.2638 0.6545 3.2638 1.0192 2.6065
360 180.0 3.2561 0.9636 3.2561 0.9619 2.5935
370 185.0 3.1395 12.8839 3.1395 1.0651 2.7903
380 190.0 3.1665 8.9177 3.1665 0.9034 2.7740
390 195.0 3.1536 10.7200 3.1536 1.0895 2.8336
400 200.0 3.1568 10.2515 3.1568 0.9168 2.7530
410 205.0 3.1701 8.4393 3.1701 1.0659 2.7831
420 210.0 3.1675 8.7793 3.1675 0.9559 2.8353
430 215.0 3.1780 7.4409 3.1780 1.0066 2.7698
440 220.0 3.2217 3.0619 3.2217 1.0066 2.6363
450 225.0 3.2145 3.6557 3.2145 0.9648 2.6743
460 230.0 3.1056 18.8885 3.1056 1.0537 2.7715
470 235.0 3.1717 8.2268 3.1717 0.9691 2.8108
480 240.0 3.2111 3.9478 3.2111 1.0589 2.7491
490 245.0 3.2151 3.6008 3.2151 0.9425 2.7644
500 250.0 3.1242 15.4614 3.1242 1.0261 2.6523
510 255.0 3.2139 3.7087 3.2139 0.9686 2.6876
520 260.0 3.2225 3.0030 3.2225 1.0305 2.7019
530 265.0 3.2184 3.3316 3.2184 0.9978 2.7022
540 270.0 3.2381 1.9173 3.2381 1.0112 2.6561
550 275.0 3.2615 0.7397 3.2615 0.9888 2.6874
560 280.0 3.2909 0.0410 3.2909 0.9875 2.7732
570 285.0 3.2880 0.0724 3.2880 1.0106 2.7625
580 290.0 3.2631 0.6797 3.2631 0.9917 2.6736
590 295.0 3.2545 1.0341 3.2545 1.0354 2.6433
600 300.0 3.2669 0.5478 3.2669 0.9664 2.7096
610 305.0 3.2576 0.9004 3.2576 1.0358 2.6504
620 310.0 3.2434 1.5996 3.2434 0.9723 2.5764
630 315.0 3.2171 3.4380 3.2171 1.0448 2.5660
640 320.0 3.2988 0.0007 3.2988 1.0331 2.7565
650 325.0 3.2785 0.2308 3.2785 0.9866 2.8652
660 330.0 3.2901 0.0486 3.2901 1.0191 2.8953
670 335.0 3.2921 0.0312 3.2921 0.9915 2.7278
680 340.0 3.2311 2.3727 3.2311 1.0283 2.6076
690 345.0 3.2465 1.4336 3.2465 0.9875 2.5870
700 350.0 3.2427 1.6390 3.2427 1.0130 2.5648
710 355.0 3.2590 0.8404 3.2590 1.0055 2.5746
720 360.0 3.2555 0.9904 3.2555 1.0261 2.5756
730 365.0 3.2666 0.5576 3.2666 0.9995 2.6263
740 370.0 3.2680 0.5117 3.2680 1.0354 2.6856
750 375.0 3.2457 1.4748 3.2457 0.9772 2.7274
760 380.0 3.2478 1.3639 3.2478 1.0458 2.6092
770 385.0 3.2315 2.3451 3.2315 0.9684 2.4720
780 390.0 3.2112 3.9396 3.2112 1.0168 2.4767
790 395.0 3.2186 3.3111 3.2186 1.0016 2.6098
800 400.0 3.2125 3.8274 3.2125 1.0625 2.6575
810 405.0 3.1739 7.9460 3.1739 0.9747 2.6423
820 410.0 3.2041 4.5942 3.2041 1.0583 2.7082
830 415.0 3.1816 7.0064 3.1816 0.9787 2.8161
840 420.0 3.2221 3.0361 3.2221 1.0470 2.8375
850 425.0 3.1990 5.1050 3.1990 0.9992 2.8070
860 430.0 3.1957 5.4351 3.1957 1.0425 2.8554
870 435.0 3.2015 4.8551 3.2015 1.0540 2.9513
880 440.0 3.1827 6.8814 3.1827 1.0107 2.9221
890 445.0 3.1532 10.7800 3.1532 1.0197 2.8192
900 450.0 3.1557 10.4150 3.1557 1.0178 2.8252
910 455.0 3.1919 5.8384 3.1919 1.0512 2.9489
920 460.0 3.2127 3.8125 3.2127 1.0454 3.0094
930 465.0 3.1993 5.0735 3.1993 1.0330 2.9729
940 470.0 3.2164 3.4924 3.2164 1.0601 2.9430
950 475.0 3.1669 8.8521 3.1669 1.0024 2.8709
960 480.0 3.2110 3.9633 3.2110 1.0663 2.8909
970 485.0 3.1904 6.0093 3.1904 1.0243 2.9386
980 490.0 3.2078 4.2522 3.2078 1.0179 2.9021
990 495.0 3.2089 4.1496 3.2089 1.0436 2.8816
1000 500.0 3.1397 12.8415 3.1397 0.9969 2.8997
1010 505.0 3.1696 8.5039 3.1696 1.0065 2.9565
1020 510.0 3.2371 1.9776 3.2371 1.0284 2.7681
1030 515.0 3.2219 3.0491 3.2219 1.0110 2.7831
1040 520.0 3.2256 2.7690 3.2256 1.0324 2.8533
1050 525.0 3.1910 5.9389 3.1910 1.0306 2.7289
1060 530.0 3.1814 7.0381 3.1814 1.0082 2.7542
1070 535.0 3.1838 6.7517 3.1838 1.0495 2.7838
1080 540.0 3.1444 12.1056 3.1444 0.9944 2.6929
1090 545.0 3.1605 9.7248 3.1605 1.0541 2.7947
1100 550.0 3.1419 12.4951 3.1419 1.0083 2.7506
1110 555.0 3.1024 19.5305 3.1024 1.0213 2.6109
1120 560.0 3.1348 13.6383 3.1348 1.0012 2.7388
1130 565.0 3.1520 10.9510 3.1520 1.0798 2.8180
1140 570.0 3.1460 11.8631 3.1460 1.0551 2.8056
1150 575.0 3.1132 17.4551 3.1132 1.0134 2.6837
1160 580.0 3.1335 13.8592 3.1335 1.0344 2.8086
1170 585.0 3.1434 12.2660 3.1434 1.0618 2.8588
1180 590.0 3.1292 14.5858 3.1292 1.0770 2.8035
1190 595.0 3.1376 13.1806 3.1376 1.0383 2.9160
1200 600.0 3.1919 5.8386 3.1919 1.1294 2.9305
1210 605.0 3.1545 10.5891 3.1545 1.0451 2.9061
1220 610.0 3.2018 4.8246 3.2018 1.0757 2.9536
1230 615.0 3.2176 3.3944 3.2176 1.0989 2.9483
1240 620.0 3.1902 6.0239 3.1902 1.0309 2.9215
1250 625.0 3.1980 5.2042 3.1980 1.1257 2.9482
1260 630.0 3.1739 7.9473 3.1739 1.0734 2.9603
1270 635.0 3.1586 9.9986 3.1586 1.0457 2.8713
1280 640.0 3.1793 7.2784 3.1793 1.0913 2.7501
1290 645.0 3.1379 13.1444 3.1379 0.9847 2.7494
1300 650.0 3.1972 5.2836 3.1972 1.0827 2.8260
1310 655.0 3.1768 7.5841 3.1768 0.9440 2.8925
1320 660.0 3.1406 12.6994 3.1406 1.0493 2.9313
1330 665.0 3.1893 6.1300 3.1893 0.9564 2.8800
1340 670.0 3.2142 3.6823 3.2142 1.0583 2.8590
1350 675.0 3.1731 8.0494 3.1731 0.9708 2.8276
1360 680.0 3.1698 8.4718 3.1698 1.0582 2.8543
1370 685.0 3.1256 15.2158 3.1256 0.9681 2.9299
1380 690.0 3.1410 12.6433 3.1410 1.0448 2.9189
1390 695.0 3.1497 11.2981 3.1497 0.9879 2.8913
1400 700.0 3.1855 6.5581 3.1855 1.0794 2.8977
1410 705.0 3.1580 10.0851 3.1580 0.9736 2.9773
1420 710.0 3.1889 6.1708 3.1889 1.0886 2.9079
1430 715.0 3.1680 8.7105 3.1680 0.9696 2.9866
1440 720.0 3.1681 8.7041 3.1681 1.0633 2.9717
1450 725.0 3.1818 6.9861 3.1818 0.9963 2.9627
1460 730.0 3.2088 4.1592 3.2088 1.1056 3.0062
1470 735.0 3.1431 12.3146 3.1431 0.9732 2.9660
1480 740.0 3.2490 1.2991 3.2490 1.1189 2.9423
1490 745.0 3.1804 7.1536 3.1804 0.9631 2.9324
1500 750.0 3.2253 2.7902 3.2253 1.1213 2.8557
1510 755.0 3.1870 6.3797 3.1870 0.9450 2.8858
1520 760.0 3.2781 0.2390 3.2781 1.1631 2.9655
1530 765.0 3.2439 1.5761 3.2439 1.0277 3.0145
1540 770.0 3.2740 0.3382 3.2740 1.0677 3.0101
1550 775.0 3.2848 0.1150 3.2848 1.0756 2.9705
1560 780.0 3.2526 1.1213 3.2526 0.9896 2.8916
1570 785.0 3.2721 0.3893 3.2721 1.1081 2.8618
1580 790.0 3.2280 2.5925 3.2280 0.9604 2.8949
1590 795.0 3.2782 0.2376 3.2782 1.0881 2.8633
1600 800.0 3.2152 3.5995 3.2152 0.9663 2.7203
1610 805.0 3.2007 4.9345 3.2007 1.0622 2.7144
1620 810.0 3.1845 6.6755 3.1845 0.9672 2.7555
1630 815.0 3.1899 6.0626 3.1899 1.0737 2.7107
1640 820.0 3.1542 10.6285 3.1542 0.9600 2.6739
1650 825.0 3.1691 8.5738 3.1691 1.0769 2.6764
1660 830.0 3.1351 13.5984 3.1351 0.9679 2.7042
1670 835.0 3.1648 9.1403 3.1648 1.0702 2.6777
1680 840.0 3.1289 14.6348 3.1289 0.9675 2.6802
1690 845.0 3.1654 9.0645 3.1654 1.0837 2.6627
1700 850.0 3.1296 14.5169 3.1296 0.9786 2.6778
1710 855.0 3.1620 9.5160 3.1620 1.0759 2.6135
1720 860.0 3.1450 12.0073 3.1450 0.9689 2.6644
1730 865.0 3.2072 4.3105 3.2072 1.0985 2.7407
1740 870.0 3.1935 5.6669 3.1935 1.0289 2.7894
1750 875.0 3.2099 4.0566 3.2099 1.0412 2.7752
1760 880.0 3.2233 2.9443 3.2233 1.0829 2.7263
1770 885.0 3.2084 4.1959 3.2084 0.9973 2.7289
1780 890.0 3.2443 1.5503 3.2443 1.1322 2.7712
1790 895.0 3.1797 7.2303 3.1797 0.9737 2.8951
1800 900.0 3.2775 0.2523 3.2775 1.1322 2.9880
1810 905.0 3.2092 4.1182 3.2092 0.9959 2.9051
1820 910.0 3.2251 2.8065 3.2251 1.0835 2.7104
1830 915.0 3.2132 3.7685 3.2132 1.0568 2.6635
1840 920.0 3.2221 3.0365 3.2221 1.0181 2.7307
1850 925.0 3.2642 0.6423 3.2642 1.1288 2.8516
1860 930.0 3.1633 9.3496 3.1633 0.9773 2.9563
1870 935.0 3.2231 2.9557 3.2231 1.0884 2.9124
1880 940.0 3.2334 2.2154 3.2334 1.0021 2.8421
1890 945.0 3.1670 8.8494 3.1670 1.0480 2.5859
1900 950.0 3.1738 7.9679 3.1738 0.9678 2.6120
1910 955.0 3.1686 8.6368 3.1686 1.0559 2.6127
1920 960.0 3.1959 5.4193 3.1959 0.9947 2.6964
1930 965.0 3.2283 2.5683 3.2283 1.0709 2.8453
1940 970.0 3.2099 4.0550 3.2099 1.0190 2.9456
1950 975.0 3.2242 2.8700 3.2242 1.0478 2.8766
1960 980.0 3.1917 5.8674 3.1917 1.0377 2.6899
1970 985.0 3.1472 11.6784 3.1472 1.0095 2.5286
1980 990.0 3.1535 10.7375 3.1535 0.9800 2.5222
1990 995.0 3.1529 10.8192 3.1529 1.0436 2.5755
2000 1000.0 3.1884 6.2276 3.1884 1.0219 2.7307
2010 1005.0 3.1592 9.9111 3.1592 1.0290 2.8751
2020 1010.0 3.2049 4.5232 3.2049 1.0709 2.8583
2030 1015.0 3.1936 5.6587 3.1936 1.0370 2.7844
2040 1020.0 3.1809 7.0951 3.1809 1.0596 2.6617
2050 1025.0 3.1934 5.6804 3.1934 1.0319 2.7793
2060 1030.0 3.2230 2.9674 3.2230 1.1099 2.9191
2070 1035.0 3.1809 7.0896 3.1809 1.0189 2.8877
2080 1040.0 3.1976 5.2382 3.1976 1.0585 2.7784
2090 1045.0 3.2033 4.6712 3.2033 1.0611 2.8218
2100 1050.0 3.1810 7.0857 3.1810 1.0522 2.9707
2110 1055.0 3.2037 4.6380 3.2037 1.0553 2.8648
2120 1060.0 3.1727 8.1039 3.1727 0.9964 2.6978
2130 1065.0 3.1954 5.4698 3.1954 1.0337 2.8086
2140 1070.0 3.1660 8.9735 3.1660 0.9934 2.7908
2150 1075.0 3.1750 7.8094 3.1750 1.0382 2.7201
2160 1080.0 3.1453 11.9705 3.1453 0.9866 2.6162
2170 1085.0 3.1670 8.8497 3.1670 1.0305 2.7041
2180 1090.0 3.1622 9.4993 3.1622 1.0081 2.7883
2190 1095.0 3.1799 7.2142 3.1799 1.0308 2.7200
2200 1100.0 3.1751 7.7963 3.1751 1.0014 2.7040
2210 1105.0 3.1857 6.5368 3.1857 1.0235 2.8075
2220 1110.0 3.1716 8.2438 3.1716 1.0183 2.8279
2230 1115.0 3.1835 6.7878 3.1835 1.0552 2.7081
2240 1120.0 3.1595 9.8637 3.1595 0.9993 2.6235
2250 1125.0 3.1890 6.1637 3.1890 1.0573 2.7000
2260 1130.0 3.1843 6.6912 3.1843 1.0129 2.7751
2270 1135.0 3.1966 5.3437 3.1966 1.0348 2.7157
2280 1140.0 3.2012 4.8763 3.2012 1.0461 2.6983
2290 1145.0 3.1955 5.4614 3.1955 1.0334 2.7961
2300 1150.0 3.2186 3.3141 3.2186 1.0661 2.8492
2310 1155.0 3.2082 4.2163 3.2082 1.0123 2.7738
2320 1160.0 3.2038 4.6319 3.2038 1.0375 2.7406
2330 1165.0 3.1935 5.6666 3.1935 1.0225 2.8587
2340 1170.0 3.1967 5.3325 3.1967 1.0389 2.8876
2350 1175.0 3.2174 3.4122 3.2174 1.0549 2.7395
2360 1180.0 3.1872 6.3647 3.1872 0.9844 2.7347
2370 1185.0 3.2334 2.2164 3.2334 1.0478 2.7852
2380 1190.0 3.2254 2.7852 3.2254 0.9608 2.7971
2390 1195.0 3.1930 5.7213 3.1930 1.0437 2.7520
2400 1200.0 3.2192 3.2633 3.2192 0.9815 2.8439
2410 1205.0 3.2216 3.0698 3.2216 1.0208 2.9700
2420 1210.0 3.2144 3.6662 3.2144 1.0054 2.9771
2430 1215.0 3.2268 2.6815 3.2268 1.0139 2.9329
2440 1220.0 3.2432 1.6139 3.2432 1.0319 2.9718
2450 1225.0 3.2498 1.2604 3.2498 1.0409 2.9278
2460 1230.0 3.2232 2.9502 3.2232 0.9983 2.8972
2470 1235.0 3.1727 8.1058 3.1727 1.0132 2.7913
2480 1240.0 3.1693 8.5460 3.1693 1.0030 2.7893
2490 1245.0 3.1698 8.4788 3.1698 1.0536 2.8418
2500 1250.0 3.1465 11.7810 3.1465 1.0382 2.8446
2510 1255.0 3.1535 10.7327 3.1535 1.1275 2.8134
2520 1260.0 3.0837 23.3910 3.0837 1.0359 2.8235
2530 1265.0 3.1338 13.8103 3.1338 1.0707 2.6639
2540 1270.0 3.1232 15.6267 3.1232 0.9710 2.6171
2550 1275.0 3.1408 12.6741 3.1408 1.0925 2.6165
2560 1280.0 3.1581 10.0724 3.1581 1.0250 2.8141
2570 1285.0 3.1830 6.8471 3.1830 1.0729 2.8884
2580 1290.0 3.2075 4.2822 3.2075 1.0529 2.7893
2590 1295.0 3.2135 3.7430 3.2135 1.0650 2.7066
2600 1300.0 3.2032 4.6886 3.2032 1.0396 2.6241
2610 1305.0 3.1980 5.2017 3.1980 0.9940 2.4558
2620 1310.0 3.1969 5.3164 3.1969 1.0072 2.4407
2630 1315.0 3.2878 0.0750 3.2878 1.0276 2.6592
2640 1320.0 3.2390 1.8583 3.2390 0.9917 2.8096
2650 1325.0 3.2972 0.0039 3.2972 1.0480 2.7633
2660 1330.0 3.2868 0.0874 3.2868 1.0130 2.6299
2670 1335.0 3.2794 0.2131 3.2794 1.0287 2.5508
2680 1340.0 3.2342 2.1633 3.2342 0.9743 2.4561
2690 1345.0 3.2058 4.4371 3.2058 1.0452 2.2783
2700 1350.0 3.1894 6.1174 3.1894 0.9785 2.3554
2710 1355.0 3.2288 2.5335 3.2288 1.0458 2.5536
2720 1360.0 3.1868 6.4118 3.1868 0.9999 2.6802
2730 1365.0 3.2383 1.9062 3.2383 1.0474 2.6857
2740 1370.0 3.2197 3.2252 3.2197 0.9895 2.7036
2750 1375.0 3.2645 0.6290 3.2645 1.0268 2.6414
2760 1380.0 3.2363 2.0293 3.2363 1.0076 2.5658
2770 1385.0 3.2142 3.6848 3.2142 1.0201 2.5721
2780 1390.0 3.2723 0.3835 3.2723 1.0218 2.7382
2790 1395.0 3.2754 0.3014 3.2754 1.0103 2.8745
2800 1400.0 3.2648 0.6201 3.2648 1.0271 2.9170
2810 1405.0 3.2448 1.5220 3.2448 1.0418 2.9752
2820 1410.0 3.1935 5.6758 3.1935 1.0357 2.9849
2830 1415.0 3.2112 3.9427 3.2112 1.0898 3.0411
2840 1420.0 3.1487 11.4440 3.1487 1.0445 2.9263
2850 1425.0 3.1300 14.4461 3.1300 1.0424 2.8873
2860 1430.0 3.1662 8.9559 3.1662 1.0638 2.9398
2870 1435.0 3.1757 7.7255 3.1757 1.0467 2.9658
2880 1440.0 3.1857 6.5306 3.1857 1.0352 3.0173
2890 1445.0 3.2240 2.8882 3.2240 1.0628 3.1236
2900 1450.0 3.2224 3.0132 3.2224 1.0099 3.1468
2910 1455.0 3.1471 11.6897 3.1471 1.0430 3.0320
2920 1460.0 3.2021 4.7876 3.2021 0.9903 3.1081
2930 1465.0 3.2816 0.1697 3.2816 1.0748 3.0975
2940 1470.0 3.2291 2.5138 3.2291 0.9718 3.1043
2950 1475.0 3.2799 0.2015 3.2799 1.0781 3.1257
2960 1480.0 3.2227 2.9889 3.2227 1.0145 3.0530
2970 1485.0 3.1635 9.3145 3.1635 1.0244 2.9334
2980 1490.0 3.2208 3.1374 3.2208 0.9972 2.9748
2990 1495.0 3.2476 1.3709 3.2476 1.0424 3.0136
3000 1500.0 3.2245 2.8510 3.2245 1.0506 2.9685
3010 1505.0 3.1581 10.0696 3.1581 1.0077 2.9310
3020 1510.0 3.1899 6.0626 3.1899 1.0436 2.8509
3030 1515.0 3.2099 4.0568 3.2099 1.0240 2.7657
3040 1520.0 3.2184 3.3331 3.2184 1.0333 2.7116
3050 1525.0 3.2226 2.9922 3.2226 0.9961 2.7189
3060 1530.0 3.2205 3.1584 3.2205 1.0291 2.7023
3070 1535.0 3.2218 3.0612 3.2218 0.9983 2.7206
3080 1540.0 3.2170 3.4406 3.2170 1.0520 2.7066
3090 1545.0 3.1931 5.7144 3.1931 1.0148 2.7643
3100 1550.0 3.1925 5.7753 3.1925 1.0545 2.8177
3110 1555.0 3.1709 8.3316 3.1709 1.0199 2.8803
3120 1560.0 3.2095 4.0925 3.2095 1.0645 2.9001
3130 1565.0 3.2093 4.1154 3.2093 1.0081 2.9083
3140 1570.0 3.2271 2.6551 3.2271 1.0384 2.8595
3150 1575.0 3.2252 2.7950 3.2252 1.0272 2.8385
3160 1580.0 3.2224 3.0135 3.2224 1.0426 2.8180
3170 1585.0 3.2396 1.8231 3.2396 1.0635 2.8863
3180 1590.0 3.2329 2.2499 3.2329 1.0225 3.0269
3190 1595.0 3.2752 0.3068 3.2752 1.1000 3.0609
3200 1600.0 3.2154 3.5784 3.2154 1.0179 3.0420
3210 1605.0 3.2372 1.9702 3.2372 1.0520 3.0240
3220 1610.0 3.2322 2.2968 3.2322 1.0438 2.9596
3230 1615.0 3.2026 4.7407 3.2026 1.0055 2.8597
3240 1620.0 3.1913 5.9049 3.1913 1.0303 2.8430
3250 1625.0 3.1977 5.2376 3.1977 1.0185 2.9460
3260 1630.0 3.2007 4.9347 3.2007 1.0381 2.9788
3270 1635.0 3.1809 7.0912 3.1809 1.0135 2.9077
3280 1640.0 3.1651 9.0943 3.1651 1.0380 2.8639
3290 1645.0 3.1660 8.9822 3.1660 1.0071 2.9827
3300 1650.0 3.1837 6.7682 3.1837 1.0660 2.9741
3310 1655.0 3.1528 10.8327 3.1528 0.9712 2.8320
3320 1660.0 3.1407 12.6925 3.1407 1.0288 2.8235
3330 1665.0 3.1806 7.1260 3.1806 0.9976 2.9366
3340 1670.0 3.1889 6.1701 3.1889 1.0469 2.9268
3350 1675.0 3.1778 7.4612 3.1778 0.9932 2.8178
3360 1680.0 3.2052 4.4891 3.2052 1.0389 2.9065
3370 1685.0 3.2025 4.7483 3.2025 0.9968 2.9209
3380 1690.0 3.1772 7.5443 3.1772 1.0700 2.7693
3390 1695.0 3.1835 6.7833 3.1835 0.9971 2.6978
3400 1700.0 3.2203 3.1721 3.2203 1.0527 2.8214
3410 1705.0 3.2127 3.8086 3.2127 1.0146 2.8029
3420 1710.0 3.1755 7.7442 3.1755 1.0576 2.6170
3430 1715.0 3.1929 5.7364 3.1929 0.9980 2.6361
3440 1720.0 3.2090 4.1362 3.2090 1.0740 2.7756
3450 1725.0 3.1873 6.3558 3.1873 1.0644 2.7822
3460 1730.0 3.1574 10.1605 3.1574 1.0414 2.6264
3470 1735.0 3.1569 10.2384 3.1569 1.0883 2.5861
3480 1740.0 3.1420 12.4840 3.1420 1.0383 2.7468
3490 1745.0 3.1981 5.1899 3.1981 1.1178 2.8078
3500 1750.0 3.1725 8.1279 3.1725 1.0543 2.7699
3510 1755.0 3.1661 8.9588 3.1661 1.0429 2.7571
3520 1760.0 3.1696 8.4957 3.1696 1.0458 2.8223
3530 1765.0 3.1583 10.0335 3.1583 1.0412 2.8031
3540 1770.0 3.1306 14.3467 3.1306 1.0411 2.7432
3550 1775.0 3.1393 12.9080 3.1393 1.0363 2.8107
3560 1780.0 3.1432 12.2995 3.1432 1.0787 2.8954
3570 1785.0 3.1065 18.7285 3.1065 1.0235 2.8506
3580 1790.0 3.0910 21.8391 3.0910 1.0603 2.6941
3590 1795.0 3.0883 22.4188 3.0883 0.9801 2.6815
3600 1800.0 3.0996 20.0830 3.0996 1.0712 2.7100
3610 1805.0 3.0858 22.9307 3.0858 1.0122 2.7396
3620 1810.0 3.0952 20.9803 3.0952 1.0813 2.6754
3630 1815.0 3.0892 22.2221 3.0892 1.0087 2.6870
3640 1820.0 3.1213 15.9650 3.1213 1.1233 2.6928
3650 1825.0 3.1175 16.6485 3.1175 1.0518 2.6708
3660 1830.0 3.1171 16.7204 3.1171 1.0739 2.6246
3670 1835.0 3.1455 11.9420 3.1455 1.0895 2.7466
3680 1840.0 3.1567 10.2640 3.1567 1.0795 2.8555
3690 1845.0 3.1698 8.4754 3.1698 1.0672 2.8192
3700 1850.0 3.1613 9.6225 3.1613 1.0207 2.7957
3710 1855.0 3.1941 5.6050 3.1941 1.0755 2.8878
3720 1860.0 3.1928 5.7417 3.1928 1.0066 2.8911
3730 1865.0 3.2120 3.8696 3.2120 1.0526 2.8302
3740 1870.0 3.2046 4.5541 3.2046 1.0314 2.7966
3750 1875.0 3.2049 4.5197 3.2049 1.0220 2.6675
3760 1880.0 3.2037 4.6348 3.2037 1.0320 2.6786
3770 1885.0 3.1746 7.8587 3.1746 1.0233 2.8516
3780 1890.0 3.1795 7.2601 3.1795 1.0169 2.8932
3790 1895.0 3.2007 4.9344 3.2007 1.0404 2.8843
3800 1900.0 3.2254 2.7799 3.2254 1.0591 2.9048
3810 1905.0 3.2186 3.3091 3.2186 1.0153 2.8868
3820 1910.0 3.2291 2.5137 3.2291 1.0631 2.9125
3830 1915.0 3.2109 3.9703 3.2109 0.9820 2.9407
3840 1920.0 3.1666 8.8992 3.1666 1.0467 2.8190
3850 1925.0 3.2236 2.9214 3.2236 0.9854 2.9045
3860 1930.0 3.2335 2.2133 3.2335 1.1041 2.9218
3870 1935.0 3.2356 2.0727 3.2356 0.9636 2.9220
3880 1940.0 3.2691 0.4770 3.2691 1.1222 2.9525
3890 1945.0 3.2663 0.5671 3.2663 1.0478 2.9552
3900 1950.0 3.2457 1.4757 3.2457 1.0113 2.9207
3910 1955.0 3.1930 5.7253 3.1930 1.0608 2.8374
3920 1960.0 3.2183 3.3382 3.2183 1.0006 2.8672
3930 1965.0 3.2070 4.3208 3.2070 1.0775 2.8909
3940 1970.0 3.2063 4.3912 3.2063 0.9721 2.9538
3950 1975.0 3.2168 3.4635 3.2168 1.0973 2.9205
3960 1980.0 3.1774 7.5206 3.1774 0.9819 2.9506
3970 1985.0 3.2044 4.5741 3.2044 1.1207 2.9274
3980 1990.0 3.1616 9.5808 3.1616 0.9547 2.9723
3990 1995.0 3.1875 6.3286 3.1875 1.1006 2.9019
4000 2000.0 3.1930 5.7236 3.1930 0.9648 2.8911
4010 2005.0 3.1715 8.2526 3.1715 1.0813 2.8808
4020 2010.0 3.2301 2.4399 3.2301 0.9924 2.9936
4030 2015.0 3.2605 0.7818 3.2605 1.0723 2.9888
4040 2020.0 3.2425 1.6547 3.2425 1.0244 2.9722
4050 2025.0 3.2618 0.7306 3.2618 1.0459 2.9817
4060 2030.0 3.2378 1.9352 3.2378 1.0292 2.9546
4070 2035.0 3.2098 4.0636 3.2098 1.0425 2.8561
4080 2040.0 3.1661 8.9631 3.1661 1.0804 2.7383
4090 2045.0 3.1791 7.3134 3.1791 1.0025 2.8568
4100 2050.0 3.2281 2.5840 3.2281 1.1112 2.9668
4110 2055.0 3.1589 9.9550 3.1589 0.9697 2.8933
4120 2060.0 3.1255 15.2233 3.1255 1.1398 2.7887
4130 2065.0 3.1649 9.1262 3.1649 0.9506 2.9402
4140 2070.0 3.2292 2.5053 3.2292 1.1378 3.0295
4150 2075.0 3.1670 8.8437 3.1670 0.9957 2.8553
4160 2080.0 3.1347 13.6539 3.1347 1.0679 2.8072
4170 2085.0 3.1837 6.7581 3.1837 1.0472 2.9402
4180 2090.0 3.1534 10.7414 3.1534 1.0384 2.9555
4190 2095.0 3.1502 11.2228 3.1502 1.1174 2.8691
4200 2100.0 3.1181 16.5515 3.1181 0.9777 2.8555
4210 2105.0 3.1707 8.3592 3.1707 1.1537 2.8464
4220 2110.0 3.1525 10.8805 3.1525 1.0337 2.8206
4230 2115.0 3.1355 13.5303 3.1355 1.0536 2.8161
4240 2120.0 3.1381 13.0990 3.1381 0.9967 2.8423
4250 2125.0 3.1283 14.7477 3.1283 1.0732 2.5921
4260 2130.0 3.1440 12.1726 3.1440 1.0271 2.7079
4270 2135.0 3.1436 12.2229 3.1436 1.0268 2.8368
4280 2140.0 3.1902 6.0277 3.1902 1.0238 2.8617
4290 2145.0 3.2043 4.5762 3.2043 1.0308 2.8883
4300 2150.0 3.1809 7.0971 3.1809 1.0566 2.9437
4310 2155.0 3.1959 5.4138 3.1959 1.0140 2.9217
4320 2160.0 3.2102 4.0284 3.2102 1.0523 2.8236
4330 2165.0 3.2104 4.0161 3.2104 0.9805 2.9445
4340 2170.0 3.1595 9.8738 3.1595 1.0464 2.9226
4350 2175.0 3.1914 5.8932 3.1914 0.9728 2.9576
4360 2180.0 3.1875 6.3304 3.1875 1.0684 2.8666
4370 2185.0 3.1836 6.7709 3.1836 0.9559 2.8351
4380 2190.0 3.1713 8.2824 3.1713 1.0375 2.8210
4390 2195.0 3.2253 2.7880 3.2253 0.9954 2.9846
4400 2200.0 3.2483 1.3350 3.2483 1.0664 2.9819
4410 2205.0 3.2192 3.2648 3.2192 0.9690 2.8989
4420 2210.0 3.2218 3.0611 3.2218 1.0609 2.9101
4430 2215.0 3.1874 6.3384 3.1874 0.9744 2.9034
4440 2220.0 3.1675 8.7750 3.1675 1.0458 2.7506
4450 2225.0 3.1510 11.1044 3.1510 0.9719 2.6640
4460 2230.0 3.1628 9.4150 3.1628 1.0684 2.8007
4470 2235.0 3.1675 8.7755 3.1675 0.9703 2.8703
4480 2240.0 3.2121 3.8601 3.2121 1.0516 2.8513
4490 2245.0 3.1883 6.2409 3.1883 0.9843 2.8731
4500 2250.0 3.2150 3.6083 3.2150 1.0916 2.9123
4510 2255.0 3.1196 16.2650 3.1196 1.0078 2.8763
4520 2260.0 3.1957 5.4405 3.1957 1.0769 2.9731
4530 2265.0 3.1663 8.9407 3.1663 1.0130 2.9181
4540 2270.0 3.1664 8.9284 3.1664 1.0572 2.9418
4550 2275.0 3.1515 11.0288 3.1515 1.0949 2.8632
4560 2280.0 3.1221 15.8172 3.1221 0.9992 2.8883
4570 2285.0 3.1183 16.5112 3.1183 1.0751 2.9362
4580 2290.0 3.1677 8.7552 3.1677 1.0726 2.7753
4590 2295.0 3.1725 8.1232 3.1725 1.0976 2.7831
4600 2300.0 3.1343 13.7235 3.1343 1.0327 2.8896
4610 2305.0 3.1449 12.0266 3.1449 1.0334 2.8365
4620 2310.0 3.1571 10.2160 3.1571 1.0381 2.7483
4630 2315.0 3.1564 10.3101 3.1564 1.0186 2.7821
4640 2320.0 3.1420 12.4839 3.1420 1.0386 2.7923
4650 2325.0 3.1436 12.2233 3.1436 1.0186 2.7484
4660 2330.0 3.1621 9.5059 3.1621 1.0086 2.7087
4670 2335.0 3.1875 6.3262 3.1875 1.0029 2.7314
4680 2340.0 3.1999 5.0132 3.1999 0.9974 2.7450
4690 2345.0 3.1981 5.1896 3.1981 1.0098 2.7304
4700 2350.0 3.1748 7.8360 3.1748 1.0035 2.6983
4710 2355.0 3.1709 8.3284 3.1709 1.0233 2.7085
4720 2360.0 3.1867 6.4238 3.1867 1.0145 2.7189
4730 2365.0 3.1927 5.7547 3.1927 0.9887 2.6738
4740 2370.0 3.2056 4.4532 3.2056 1.0232 2.6405
4750 2375.0 3.2021 4.7907 3.2021 0.9845 2.6893
4760 2380.0 3.2326 2.2722 3.2326 1.0523 2.7481
4770 2385.0 3.2237 2.9095 3.2237 1.0121 2.7836
4780 2390.0 3.2647 0.6229 3.2647 1.0651 2.8506
4790 2395.0 3.2429 1.6311 3.2429 1.0452 2.8407
4800 2400.0 3.2440 1.5704 3.2440 1.0229 2.7814
4810 2405.0 3.2676 0.5247 3.2676 1.0731 2.7093
4820 2410.0 3.2220 3.0455 3.2220 0.9851 2.6595
4830 2415.0 3.2489 1.3049 3.2489 1.0415 2.6581
4840 2420.0 3.2257 2.7567 3.2257 0.9709 2.7329
4850 2425.0 3.1968 5.3296 3.1968 1.0210 2.7377
4860 2430.0 3.2076 4.2703 3.2076 0.9844 2.6240
4870 2435.0 3.1935 5.6673 3.1935 1.0369 2.4938
4880 2440.0 3.1628 9.4103 3.1628 0.9868 2.5059
4890 2445.0 3.1906 5.9841 3.1906 1.0375 2.5744
4900 2450.0 3.1911 5.9245 3.1911 0.9943 2.5882
4910 2455.0 3.1994 5.0598 3.1994 1.0113 2.5789
4920 2460.0 3.1790 7.3155 3.1790 1.0016 2.6574
4930 2465.0 3.1584 10.0248 3.1584 0.9891 2.6793
4940 2470.0 3.1491 11.3796 3.1491 1.0390 2.6171
4950 2475.0 3.1015 19.6987 3.1015 0.9945 2.5669
4960 2480.0 3.1101 18.0346 3.1101 1.0413 2.5619
4970 2485.0 3.0993 20.1359 3.0993 0.9991 2.6306
4980 2490.0 3.0969 20.6219 3.0969 1.0007 2.6485
4990 2495.0 3.0968 20.6446 3.0968 1.0016 2.6396
5000 2500.0 3.1040 19.2043 3.1040 1.0051 2.5885
5010 2505.0 3.1009 19.8107 3.1009 1.0030 2.5418
5020 2510.0 3.1106 17.9279 3.1106 1.0336 2.4934
5030 2515.0 3.0774 24.7770 3.0774 1.0123 2.4075
5040 2520.0 3.1192 16.3383 3.1192 1.0277 2.4105
5050 2525.0 3.1343 13.7336 3.1343 1.0019 2.5051
5060 2530.0 3.1484 11.4841 3.1484 1.0130 2.4967
5070 2535.0 3.1662 8.9532 3.1662 1.0020 2.4521
5080 2540.0 3.1838 6.7464 3.1838 1.0219 2.5031
5090 2545.0 3.1964 5.3703 3.1964 0.9980 2.5333
5100 2550.0 3.1750 7.8138 3.1750 1.0366 2.4289
5110 2555.0 3.1569 10.2349 3.1569 1.0391 2.4263
5120 2560.0 3.2323 2.2924 3.2323 1.0260 2.6249
5130 2565.0 3.2409 1.7473 3.2409 1.0213 2.7395
5140 2570.0 3.2389 1.8645 3.2389 1.0149 2.7106
5150 2575.0 3.1999 5.0111 3.1999 1.0319 2.6233
5160 2580.0 3.1928 5.7431 3.1928 1.0281 2.6722
5170 2585.0 3.2203 3.1728 3.2203 1.0058 2.6373
5180 2590.0 3.2163 3.5059 3.2163 1.0013 2.6202
5190 2595.0 3.1957 5.4424 3.1957 0.9930 2.7127
5200 2600.0 3.2190 3.2807 3.2190 0.9758 2.6943
5210 2605.0 3.2382 1.9071 3.2382 1.0046 2.6441
5220 2610.0 3.2270 2.6659 3.2270 0.9687 2.7086
5230 2615.0 3.1992 5.0785 3.1992 1.0281 2.7687
5240 2620.0 3.1828 6.8684 3.1828 0.9666 2.7570
5250 2625.0 3.2461 1.4545 3.2461 1.0293 2.6648
5260 2630.0 3.2405 1.7709 3.2405 0.9646 2.6586
5270 2635.0 3.2667 0.5531 3.2667 1.0147 2.6304
5280 2640.0 3.2573 0.9103 3.2573 0.9758 2.6477
5290 2645.0 3.2912 0.0391 3.2912 1.0078 2.5941
5300 2650.0 3.2949 0.0130 3.2949 0.9743 2.5471
5310 2655.0 3.3020 0.0021 3.3020 1.0159 2.5546
5320 2660.0 3.2569 0.9273 3.2569 0.9739 2.6183
5330 2665.0 3.2584 0.8651 3.2584 1.0239 2.5944
5340 2670.0 3.2398 1.8139 3.2398 0.9947 2.5483
5350 2675.0 3.2375 1.9512 3.2375 1.0190 2.5820
5360 2680.0 3.2269 2.6703 3.2269 1.0059 2.6286
5370 2685.0 3.2491 1.2946 3.2491 0.9983 2.6040
5380 2690.0 3.2553 1.0001 3.2553 1.0168 2.5771
5390 2695.0 3.2415 1.7090 3.2415 0.9929 2.6271
5400 2700.0 3.2392 1.8480 3.2392 1.0030 2.6535
5410 2705.0 3.2282 2.5750 3.2282 0.9950 2.6687
5420 2710.0 3.2188 3.2965 3.2188 1.0036 2.6718
5430 2715.0 3.2020 4.8024 3.2020 0.9999 2.6738
5440 2720.0 3.2044 4.5670 3.2044 0.9841 2.6483
5450 2725.0 3.2002 4.9828 3.2002 0.9941 2.5933
5460 2730.0 3.1841 6.7171 3.1841 0.9626 2.5795
5470 2735.0 3.1907 5.9683 3.1907 1.0063 2.6386
5480 2740.0 3.1676 8.7690 3.1676 0.9993 2.7503
5490 2745.0 3.1509 11.1211 3.1509 1.0137 2.6172
5500 2750.0 3.2246 2.8451 3.2246 0.9818 2.7563
5510 2755.0 3.1854 6.5707 3.1854 0.9842 2.8589
5520 2760.0 3.2390 1.8601 3.2390 0.9852 2.7694
5530 2765.0 3.2124 3.8349 3.2124 0.9909 2.6232
5540 2770.0 3.2196 3.2303 3.2196 1.0059 2.6351
5550 2775.0 3.2529 1.1070 3.2529 0.9818 2.7318
5560 2780.0 3.2582 0.8739 3.2582 0.9932 2.7498
5570 2785.0 3.2437 1.5849 3.2437 0.9874 2.7209
5580 2790.0 3.2386 1.8851 3.2386 1.0120 2.6766
5590 2795.0 3.2475 1.3792 3.2475 0.9888 2.7344
5600 2800.0 3.2601 0.7977 3.2601 1.0307 2.7889
5610 2805.0 3.2592 0.8319 3.2592 0.9678 2.8017
5620 2810.0 3.2826 0.1518 3.2826 1.0452 2.6601
5630 2815.0 3.2090 4.1413 3.2090 0.9592 2.6324
5640 2820.0 3.2659 0.5813 3.2659 1.0532 2.7275
5650 2825.0 3.2014 4.8579 3.2014 0.9576 2.7468
5660 2830.0 3.2004 4.9603 3.2004 1.0533 2.6819
5670 2835.0 3.1459 11.8795 3.1459 0.9679 2.7723
5680 2840.0 3.1686 8.6284 3.1686 1.0369 2.5313
5690 2845.0 3.1488 11.4323 3.1488 0.9865 2.4615
5700 2850.0 3.1646 9.1717 3.1646 0.9750 2.5706
5710 2855.0 3.2025 4.7546 3.2025 1.0370 2.6495
5720 2860.0 3.1581 10.0715 3.1581 0.9503 2.6105
5730 2865.0 3.2205 3.1630 3.2205 1.0484 2.6300
5740 2870.0 3.1637 9.2830 3.1637 0.9685 2.7878
5750 2875.0 3.2204 3.1656 3.2204 1.0281 2.7584
5760 2880.0 3.2368 1.9988 3.2368 0.9905 2.7806
5770 2885.0 3.2427 1.6445 3.2427 1.0118 2.7615
5780 2890.0 3.2267 2.6842 3.2267 0.9890 2.7981
5790 2895.0 3.1950 5.5075 3.1950 1.0163 2.7565
5800 2900.0 3.2229 2.9705 3.2229 1.0015 2.7508
5810 2905.0 3.2164 3.4963 3.2164 0.9806 2.7110
5820 2910.0 3.2375 1.9520 3.2375 1.0254 2.7166
5830 2915.0 3.2091 4.1279 3.2091 0.9816 2.7183
5840 2920.0 3.2360 2.0506 3.2360 1.0287 2.7283
5850 2925.0 3.1840 6.7316 3.1840 0.9836 2.7650
5860 2930.0 3.1774 7.5164 3.1774 1.0232 2.6931
5870 2935.0 3.2168 3.4651 3.2168 0.9937 2.7650
5880 2940.0 3.2490 1.3003 3.2490 1.0033 2.6168
5890 2945.0 3.2175 3.4007 3.2175 0.9928 2.5968
5900 2950.0 3.1961 5.3974 3.1961 1.0028 2.5633
5910 2955.0 3.2321 2.3045 3.2321 0.9707 2.4391
5920 2960.0 3.2546 1.0291 3.2546 0.9972 2.2775
5930 2965.0 3.2637 0.6571 3.2637 0.9559 2.2114
5940 2970.0 3.2631 0.6801 3.2631 1.0025 2.2179
5950 2975.0 3.2303 2.4258 3.2303 0.9683 2.3247
5960 2980.0 3.2177 3.3856 3.2177 1.0143 2.3406
5970 2985.0 3.1984 5.1658 3.1984 0.9839 2.3791
5980 2990.0 3.1811 7.0663 3.1811 1.0075 2.4262
5990 2995.0 3.1661 8.9659 3.1661 0.9811 2.4459
6000 3000.0 3.1912 5.9196 3.1912 0.9998 2.3783
6010 3005.0 3.1891 6.1453 3.1891 0.9884 2.3654
6020 3010.0 3.1718 8.2190 3.1718 0.9763 2.4269
6030 3015.0 3.1608 9.6840 3.1608 0.9913 2.4332
6040 3020.0 3.1723 8.1565 3.1723 0.9792 2.3729
6050 3025.0 3.1772 7.5424 3.1772 1.0043 2.3284
6060 3030.0 3.1477 11.5974 3.1477 0.9958 2.3969
6070 3035.0 3.1413 12.5928 3.1413 0.9953 2.3957
6080 3040.0 3.1951 5.5058 3.1951 1.0000 2.2614
6090 3045.0 3.2019 4.8141 3.2019 0.9681 2.2496
6100 3050.0 3.1749 7.8221 3.1749 1.0182 2.3068
6110 3055.0 3.1240 15.4829 3.1240 0.9939 2.3830
6120 3060.0 3.1908 5.9652 3.1908 1.0105 2.2752
6130 3065.0 3.2163 3.5067 3.2163 0.9937 2.2131
6140 3070.0 3.2171 3.4344 3.2171 0.9704 2.2847
6150 3075.0 3.2084 4.1925 3.2084 1.0113 2.3755
6160 3080.0 3.1772 7.5352 3.1772 0.9725 2.4574
6170 3085.0 3.2182 3.3424 3.2182 1.0084 2.3862
6180 3090.0 3.2282 2.5746 3.2282 0.9619 2.3514
6190 3095.0 3.2352 2.0972 3.2352 0.9987 2.3249
6200 3100.0 3.2389 1.8691 3.2389 0.9701 2.3362
6210 3105.0 3.2464 1.4352 3.2464 0.9916 2.3497
6220 3110.0 3.2419 1.6851 3.2419 0.9949 2.3872
6230 3115.0 3.1974 5.2617 3.1974 0.9892 2.4734
6240 3120.0 3.2062 4.4033 3.2062 0.9907 2.4681
6250 3125.0 3.2608 0.7678 3.2608 0.9834 2.3731
6260 3130.0 3.2848 0.1153 3.2848 0.9830 2.3111
6270 3135.0 3.2623 0.7103 3.2623 0.9883 2.3524
6280 3140.0 3.2235 2.9283 3.2235 0.9802 2.4288
6290 3145.0 3.1932 5.7061 3.1932 0.9870 2.4766
6300 3150.0 3.2208 3.1391 3.2208 0.9920 2.4221
6310 3155.0 3.2574 0.9081 3.2574 0.9887 2.3539
6320 3160.0 3.2674 0.5317 3.2674 0.9902 2.3513
6330 3165.0 3.2460 1.4556 3.2460 0.9736 2.3973
6340 3170.0 3.2595 0.8214 3.2595 1.0024 2.4222
6350 3175.0 3.2261 2.7320 3.2261 0.9876 2.4145
6360 3180.0 3.2051 4.5010 3.2051 0.9864 2.3855
6370 3185.0 3.2535 1.0803 3.2535 0.9956 2.3490
6380 3190.0 3.2470 1.4063 3.2470 0.9700 2.3619
6390 3195.0 3.2359 2.0576 3.2359 1.0004 2.3220
6400 3200.0 3.2347 2.1298 3.2347 0.9766 2.3231
6410 3205.0 3.2270 2.6610 3.2270 0.9720 2.2604
6420 3210.0 3.2415 1.7103 3.2415 0.9809 2.2048
6430 3215.0 3.2297 2.4711 3.2297 0.9845 2.1844
6440 3220.0 3.2418 1.6932 3.2418 0.9792 2.1640
6450 3225.0 3.2118 3.8877 3.2118 1.0140 2.1255
6460 3230.0 3.2264 2.7109 3.2264 0.9847 2.1153
6470 3235.0 3.2303 2.4284 3.2303 0.9783 2.1066
6480 3240.0 3.2132 3.7633 3.2132 0.9931 2.0766
6490 3245.0 3.1793 7.2798 3.1793 0.9944 2.0756
6500 3250.0 3.1530 10.7998 3.1530 0.9803 2.1458
6510 3255.0 3.1678 8.7356 3.1678 1.0263 2.1045
6520 3260.0 3.1696 8.5023 3.1696 0.9581 2.1569
6530 3265.0 3.2021 4.7911 3.2021 1.0227 2.1124
6540 3270.0 3.2100 4.0493 3.2100 0.9721 2.1948
6550 3275.0 3.2070 4.3262 3.2070 0.9792 2.2203
6560 3280.0 3.2168 3.4583 3.2168 1.0261 2.2017
6570 3285.0 3.2145 3.6587 3.2145 0.9615 2.2655
6580 3290.0 3.1863 6.4614 3.1863 0.9850 2.2539
6590 3295.0 3.2111 3.9558 3.2111 0.9709 2.2873
6600 3300.0 3.1709 8.3381 3.1709 0.9998 2.3005
6610 3305.0 3.1440 12.1672 3.1440 1.0060 2.3229
6620 3310.0 3.1479 11.5745 3.1479 0.9501 2.3902
6630 3315.0 3.1765 7.6285 3.1765 1.0344 2.3253
6640 3320.0 3.1282 14.7577 3.1282 0.9738 2.3888
6650 3325.0 3.1738 7.9654 3.1738 1.0139 2.3418
6660 3330.0 3.2055 4.4664 3.2055 0.9963 2.3414
6670 3335.0 3.1614 9.6090 3.1614 0.9776 2.3604
6680 3340.0 3.1947 5.5430 3.1947 1.0491 2.2951
6690 3345.0 3.1806 7.1303 3.1806 0.9271 2.3855
6700 3350.0 3.2162 3.5075 3.2162 1.0695 2.2296
6710 3355.0 3.1939 5.6243 3.1939 0.9462 2.3478
6720 3360.0 3.2266 2.6974 3.2266 1.0125 2.2777
6730 3365.0 3.2215 3.0843 3.2215 1.0088 2.2753
6740 3370.0 3.1836 6.7764 3.1836 0.9738 2.3440
6750 3375.0 3.2005 4.9538 3.2005 1.0370 2.3535
6760 3380.0 3.2201 3.1934 3.2201 0.9310 2.4619
6770 3385.0 3.1593 9.8971 3.1593 1.0146 2.3909
6780 3390.0 3.1854 6.5623 3.1854 0.9543 2.4611
6790 3395.0 3.1971 5.2955 3.1971 0.9890 2.4222
6800 3400.0 3.1854 6.5683 3.1854 0.9952 2.3940
6810 3405.0 3.1761 7.6760 3.1761 0.9707 2.4140
6820 3410.0 3.2210 3.1238 3.2210 1.0159 2.3651
6830 3415.0 3.2427 1.6440 3.2427 0.9094 2.4815
6840 3420.0 3.2134 3.7477 3.2134 1.0306 2.4323
6850 3425.0 3.1697 8.4857 3.1697 0.9594 2.5867
6860 3430.0 3.2372 1.9696 3.2372 0.9950 2.6074
6870 3435.0 3.1985 5.1535 3.1985 0.9917 2.6105
6880 3440.0 3.2102 4.0313 3.2102 0.9306 2.5550
6890 3445.0 3.2211 3.1095 3.2211 1.0343 2.6059
6900 3450.0 3.1491 11.3808 3.1491 0.9449 2.5049
6910 3455.0 3.2562 0.9571 3.2562 1.0376 2.5520
6920 3460.0 3.2521 1.1484 3.2521 0.9365 2.6104
6930 3465.0 3.2403 1.7839 3.2403 0.9979 2.5865
6940 3470.0 3.2522 1.1444 3.2522 0.9919 2.5077
6950 3475.0 3.2405 1.7677 3.2405 0.9741 2.4864
6960 3480.0 3.2476 1.3749 3.2476 0.9981 2.5450
6970 3485.0 3.2684 0.4999 3.2684 0.9506 2.5157
6980 3490.0 3.2701 0.4472 3.2701 1.0089 2.4357
6990 3495.0 3.2172 3.4293 3.2172 0.9648 2.3940
7000 3500.0 3.2732 0.3581 3.2732 1.0051 2.4601
7010 3505.0 3.2744 0.3269 3.2744 0.9695 2.5116
7020 3510.0 3.2804 0.1928 3.2804 0.9803 2.5046
7030 3515.0 3.2483 1.3382 3.2483 1.0070 2.4735
7040 3520.0 3.2334 2.2164 3.2334 0.9657 2.5057
7050 3525.0 3.2584 0.8640 3.2584 1.0206 2.5153
7060 3530.0 3.2630 0.6840 3.2630 0.9461 2.5379
7070 3535.0 3.2487 1.3138 3.2487 1.0209 2.4446
7080 3540.0 3.2390 1.8587 3.2390 0.9646 2.4775
7090 3545.0 3.2489 1.3049 3.2489 1.0009 2.4226
7100 3550.0 3.2384 1.8994 3.2384 0.9980 2.3907
7110 3555.0 3.2455 1.4869 3.2455 0.9571 2.4025
7120 3560.0 3.2307 2.3991 3.2307 1.0212 2.3453
7130 3565.0 3.2180 3.3635 3.2180 0.9548 2.3575
7140 3570.0 3.2227 2.9863 3.2227 1.0111 2.2305
7150 3575.0 3.2252 2.7946 3.2252 0.9675 2.1741
7160 3580.0 3.2188 3.2936 3.2188 0.9869 2.0863
7170 3585.0 3.2203 3.1775 3.2203 0.9754 2.0452
7180 3590.0 3.2139 3.7049 3.2139 0.9972 2.0103
7190 3595.0 3.2214 3.0874 3.2214 0.9661 2.0295
7200 3600.0 3.2119 3.8782 3.2119 1.0214 2.0051
7210 3605.0 3.2047 4.5380 3.2047 0.9717 2.0797
7220 3610.0 3.2044 4.5654 3.2044 0.9596 2.1097
7230 3615.0 3.2074 4.2896 3.2074 1.0252 2.0795
7240 3620.0 3.1924 5.7875 3.1924 0.9663 2.1693
7250 3625.0 3.1999 5.0057 3.1999 0.9757 2.2025
7260 3630.0 3.1756 7.7403 3.1756 0.9976 2.2164
7270 3635.0 3.1853 6.5833 3.1853 0.9471 2.3021
7280 3640.0 3.1741 7.9210 3.1741 0.9746 2.3301
7290 3645.0 3.1646 9.1695 3.1646 1.0029 2.3225
7300 3650.0 3.1539 10.6656 3.1539 0.9800 2.3357
7310 3655.0 3.2188 3.2973 3.2188 1.0204 2.3081
7320 3660.0 3.2255 2.7771 3.2255 0.9782 2.3703
7330 3665.0 3.2190 3.2804 3.2190 0.9432 2.4196
7340 3670.0 3.1993 5.0696 3.1993 0.9991 2.3967
7350 3675.0 3.2390 1.8614 3.2390 0.9737 2.3459
7360 3680.0 3.2077 4.2632 3.2077 1.0017 2.3218
7370 3685.0 3.1419 12.5013 3.1419 1.0131 2.3538
7380 3690.0 3.1653 9.0667 3.1653 1.0064 2.3045
7390 3695.0 3.2388 1.8704 3.2388 1.0087 2.2120
7400 3700.0 3.2333 2.2233 3.2333 0.9618 2.2202
7410 3705.0 3.2382 1.9083 3.2382 1.0143 2.2144
7420 3710.0 3.2201 3.1936 3.2201 0.9651 2.2546
7430 3715.0 3.2205 3.1594 3.2205 1.0110 2.2085
7440 3720.0 3.1839 6.7396 3.1839 1.0024 2.2887
7450 3725.0 3.1561 10.3475 3.1561 1.0254 2.3814
7460 3730.0 3.1499 11.2609 3.1499 0.9938 2.4118
7470 3735.0 3.2075 4.2750 3.2075 1.0299 2.3430
7480 3740.0 3.1927 5.7543 3.1927 0.9799 2.3625
7490 3745.0 3.2147 3.6421 3.2147 1.0062 2.3352
7500 3750.0 3.2091 4.1292 3.2091 0.9847 2.3125
7510 3755.0 3.2093 4.1156 3.2093 1.0004 2.2812
7520 3760.0 3.1909 5.9557 3.1909 1.0274 2.3558
7530 3765.0 3.1129 17.5104 3.1129 0.9980 2.4816
7540 3770.0 3.1814 7.0302 3.1814 1.0501 2.3956
7550 3775.0 3.1778 7.4678 3.1778 0.9725 2.3661
7560 3780.0 3.2305 2.4165 3.2305 1.0477 2.3378
7570 3785.0 3.1873 6.3540 3.1873 0.9326 2.3984
7580 3790.0 3.2202 3.1810 3.2202 1.0476 2.3045
7590 3795.0 3.2191 3.2755 3.2191 0.9525 2.3739
7600 3800.0 3.2080 4.2309 3.2080 1.0113 2.4275
7610 3805.0 3.2113 3.9377 3.2113 0.9993 2.4198
7620 3810.0 3.2400 1.7994 3.2400 0.9446 2.3503
7630 3815.0 3.1831 6.8369 3.1831 1.0322 2.2644
7640 3820.0 3.2449 1.5169 3.2449 0.9323 2.3444
7650 3825.0 3.2366 2.0109 3.2366 1.0093 2.3891
7660 3830.0 3.2265 2.7034 3.2265 1.0053 2.3973
7670 3835.0 3.2321 2.3021 3.2321 0.9915 2.3719
7680 3840.0 3.2258 2.7515 3.2258 1.0359 2.3724
7690 3845.0 3.1889 6.1689 3.1889 0.9746 2.4134
7700 3850.0 3.2348 2.1240 3.2348 1.0342 2.3481
7710 3855.0 3.2225 3.0006 3.2225 0.9682 2.3578
7720 3860.0 3.2147 3.6422 3.2147 1.0179 2.3464
7730 3865.0 3.1915 5.8873 3.1915 0.9645 2.4347
7740 3870.0 3.2006 4.9434 3.2006 1.0159 2.4462
7750 3875.0 3.2081 4.2235 3.2081 0.9610 2.4051
7760 3880.0 3.2174 3.4087 3.2174 0.9971 2.3458
7770 3885.0 3.1990 5.0980 3.1990 0.9835 2.3256
7780 3890.0 3.1920 5.8320 3.1920 0.9730 2.2649
7790 3895.0 3.1711 8.3016 3.1711 1.0029 2.1741
7800 3900.0 3.1744 7.8837 3.1744 0.9613 2.2036
7810 3905.0 3.1837 6.7591 3.1837 1.0275 2.2507
7820 3910.0 3.1445 12.0961 3.1445 0.9863 2.4266
7830 3915.0 3.1237 15.5333 3.1237 1.0260 2.5151
7840 3920.0 3.1222 15.7999 3.1222 1.0214 2.5046
7850 3925.0 3.1406 12.6970 3.1406 1.0074 2.4121
7860 3930.0 3.1701 8.4307 3.1701 1.0252 2.2583
7870 3935.0 3.1540 10.6601 3.1540 0.9760 2.2131
7880 3940.0 3.1821 6.9499 3.1821 1.0088 2.1862
7890 3945.0 3.2065 4.3682 3.2065 0.9518 2.2912
7900 3950.0 3.2282 2.5747 3.2282 1.0167 2.3399
7910 3955.0 3.1762 7.6606 3.1762 0.9803 2.4159
7920 3960.0 3.2029 4.7158 3.2029 1.0250 2.3669
7930 3965.0 3.1453 11.9724 3.1453 0.9935 2.3189
7940 3970.0 3.1718 8.2166 3.1718 1.0322 2.2187
7950 3975.0 3.1911 5.9313 3.1911 0.9929 2.1552
7960 3980.0 3.2526 1.1240 3.2526 1.0115 2.1531
7970 3985.0 3.2547 1.0256 3.2547 0.9869 2.2216
7980 3990.0 3.2407 1.7601 3.2407 1.0025 2.2312
7990 3995.0 3.2115 3.9150 3.2115 1.0074 2.2534
8000 4000.0 3.1975 5.2570 3.1975 0.9887 2.3024
8010 4005.0 3.2390 1.8609 3.2390 1.0289 2.2629
8020 4010.0 3.2285 2.5583 3.2285 0.9661 2.2390
8030 4015.0 3.2355 2.0774 3.2355 1.0471 2.1974
8040 4020.0 3.1418 12.5090 3.1418 0.9554 2.3536
8050 4025.0 3.2322 2.2956 3.2322 1.0425 2.2779
8060 4030.0 3.2143 3.6694 3.2143 0.9521 2.2337
8070 4035.0 3.2110 3.9637 3.2110 1.0027 2.1983
8080 4040.0 3.2315 2.3482 3.2315 0.9680 2.2643
8090 4045.0 3.2198 3.2135 3.2198 0.9762 2.2707
8100 4050.0 3.2069 4.3324 3.2069 0.9984 2.3186
8110 4055.0 3.1665 8.9076 3.1665 0.9757 2.4574
8120 4060.0 3.1505 11.1677 3.1505 1.0310 2.4938
8130 4065.0 3.1509 11.1224 3.1509 0.9651 2.4160
8140 4070.0 3.1749 7.8191 3.1749 1.0550 2.2537
8150 4075.0 3.1051 18.9869 3.1051 0.9759 2.3238
8160 4080.0 3.1929 5.7370 3.1929 1.0503 2.3058
8170 4085.0 3.1801 7.1883 3.1801 0.9557 2.4133
8180 4090.0 3.2449 1.5178 3.2449 1.0555 2.4003
8190 4095.0 3.1596 9.8506 3.1596 0.9461 2.5211
8200 4100.0 3.2374 1.9574 3.2374 1.0310 2.3994
8210 4105.0 3.2243 2.8664 3.2243 1.0013 2.3597
8220 4110.0 3.2085 4.1833 3.2085 0.9723 2.4610
8230 4115.0 3.2271 2.6553 3.2271 1.0346 2.4933
8240 4120.0 3.2174 3.4088 3.2174 0.9273 2.4413
8250 4125.0 3.1566 10.2838 3.1566 1.0348 2.3219
8260 4130.0 3.2065 4.3757 3.2065 0.9617 2.4532
8270 4135.0 3.1830 6.8458 3.1830 1.0021 2.4935
8280 4140.0 3.1967 5.3305 3.1967 1.0143 2.3806
8290 4145.0 3.1675 8.7739 3.1675 0.9437 2.3487
8300 4150.0 3.1794 7.2703 3.1794 1.0500 2.2955
8310 4155.0 3.1290 14.6285 3.1290 0.9577 2.3447
8320 4160.0 3.1628 9.4131 3.1628 1.0509 2.2583
8330 4165.0 3.1234 15.5955 3.1234 0.9587 2.3529
8340 4170.0 3.1389 12.9704 3.1389 1.0397 2.3676
8350 4175.0 3.1269 14.9759 3.1269 0.9573 2.3557
8360 4180.0 3.1314 14.2102 3.1314 1.0109 2.2697
8370 4185.0 3.1452 11.9867 3.1452 0.9886 2.3380
8380 4190.0 3.1260 15.1340 3.1260 1.0041 2.4187
8390 4195.0 3.1527 10.8422 3.1527 1.0191 2.3990
8400 4200.0 3.1447 12.0536 3.1447 0.9636 2.3720
8410 4205.0 3.1609 9.6676 3.1609 1.0339 2.3555
8420 4210.0 3.1426 12.3809 3.1426 0.9563 2.4994
8430 4215.0 3.1692 8.5585 3.1692 1.0225 2.5142
8440 4220.0 3.1642 9.2265 3.1642 0.9676 2.5780
8450 4225.0 3.1797 7.2321 3.1797 1.0115 2.6177
8460 4230.0 3.1938 5.6426 3.1938 0.9689 2.6140
8470 4235.0 3.1857 6.5285 3.1857 0.9744 2.6300
8480 4240.0 3.2030 4.7011 3.2030 1.0171 2.7630
8490 4245.0 3.1607 9.7072 3.1607 0.9541 2.6317
8500 4250.0 3.2153 3.5863 3.2153 1.0287 2.6205
8510 4255.0 3.1928 5.7464 3.1928 0.9499 2.6941
8520 4260.0 3.2226 2.9981 3.2226 1.0223 2.6761
8530 4265.0 3.2141 3.6858 3.2141 0.9626 2.6090
8540 4270.0 3.2327 2.2657 3.2327 1.0139 2.5945
8550 4275.0 3.2015 4.8520 3.2015 0.9831 2.6014
8560 4280.0 3.2071 4.3181 3.2071 1.0110 2.6498
8570 4285.0 3.2197 3.2205 3.2197 0.9936 2.7766
8580 4290.0 3.2081 4.2209 3.2081 0.9894 2.7826
8590 4295.0 3.2056 4.4521 3.2056 0.9954 2.6909
8600 4300.0 3.2210 3.1176 3.2210 0.9773 2.7206
8610 4305.0 3.2563 0.9532 3.2563 1.0293 2.7402
8620 4310.0 3.2502 1.2382 3.2502 1.0292 2.6334
8630 4315.0 3.2304 2.4199 3.2304 0.9837 2.6552
8640 4320.0 3.2012 4.8847 3.2012 1.0391 2.7584
8650 4325.0 3.1507 11.1404 3.1507 0.9931 2.8286
8660 4330.0 3.2085 4.1845 3.2085 1.0388 2.7715
8670 4335.0 3.1920 5.8352 3.1920 0.9492 2.6949
8680 4340.0 3.2160 3.5266 3.2160 1.0323 2.5609
8690 4345.0 3.1756 7.7327 3.1756 0.9806 2.5115
8700 4350.0 3.1446 12.0776 3.1446 1.0139 2.4264
8710 4355.0 3.1537 10.7003 3.1537 1.0128 2.3674
8720 4360.0 3.1449 12.0269 3.1449 0.9557 2.3997
8730 4365.0 3.1833 6.8053 3.1833 1.0632 2.3207
8740 4370.0 3.1435 12.2539 3.1435 0.9483 2.4010
8750 4375.0 3.1314 14.2125 3.1314 1.0160 2.2895
8760 4380.0 3.1897 6.0859 3.1897 0.9466 2.3795
8770 4385.0 3.2060 4.4211 3.2060 1.0290 2.3439
8780 4390.0 3.1946 5.5549 3.1946 0.9469 2.3888
8790 4395.0 3.2157 3.5506 3.2157 1.0148 2.3612
8800 4400.0 3.1720 8.1971 3.1720 0.9725 2.4248
8810 4405.0 3.2030 4.7068 3.2030 0.9741 2.4000
8820 4410.0 3.1978 5.2210 3.1978 1.0195 2.3947
8830 4415.0 3.2356 2.0713 3.2356 0.9479 2.4347
8840 4420.0 3.2344 2.1534 3.2344 1.0104 2.4386
8850 4425.0 3.2186 3.3164 3.2186 0.9575 2.5828
8860 4430.0 3.2379 1.9299 3.2379 1.0288 2.4997
8870 4435.0 3.2046 4.5475 3.2046 0.9713 2.4653
8880 4440.0 3.1979 5.2082 3.1979 0.9914 2.4183
8890 4445.0 3.2453 1.4985 3.2453 0.9932 2.5220
8900 4450.0 3.1659 8.9923 3.1659 0.9527 2.6099
8910 4455.0 3.2007 4.9329 3.2007 0.9969 2.5149
8920 4460.0 3.2227 2.9851 3.2227 0.9744 2.3580
8930 4465.0 3.2238 2.8998 3.2238 0.9995 2.3514
8940 4470.0 3.2336 2.2075 3.2336 0.9794 2.5223
8950 4475.0 3.1619 9.5360 3.1619 0.9854 2.6360
8960 4480.0 3.2218 3.0563 3.2218 0.9845 2.5757
8970 4485.0 3.2490 1.3015 3.2490 0.9961 2.4861
8980 4490.0 3.2189 3.2887 3.2189 0.9953 2.4658
8990 4495.0 3.2270 2.6665 3.2270 1.0146 2.5640
9000 4500.0 3.1980 5.1972 3.1980 0.9990 2.6784
9010 4505.0 3.2024 4.7676 3.2024 1.0135 2.6937
9020 4510.0 3.1841 6.7217 3.1841 1.0047 2.7052
9030 4515.0 3.1730 8.0683 3.1730 1.0029 2.7459
9040 4520.0 3.1850 6.6174 3.1850 1.0103 2.7685
9050 4525.0 3.1825 6.8986 3.1825 0.9775 2.8223
9060 4530.0 3.1962 5.3899 3.1962 1.0137 2.8483
9070 4535.0 3.1940 5.6210 3.1940 0.9709 2.8125
9080 4540.0 3.2386 1.8874 3.2386 1.0185 2.6900
9090 4545.0 3.2251 2.8039 3.2251 0.9749 2.6676
9100 4550.0 3.2708 0.4271 3.2708 0.9927 2.7075
9110 4555.0 3.2801 0.1974 3.2801 0.9877 2.7358
9120 4560.0 3.2875 0.0787 3.2875 0.9673 2.7255
9130 4565.0 3.2945 0.0152 3.2945 0.9920 2.6991
9140 4570.0 3.2838 0.1307 3.2838 0.9632 2.7064
9150 4575.0 3.2784 0.2329 3.2784 1.0053 2.6720
9160 4580.0 3.2408 1.7532 3.2408 0.9817 2.6164
9170 4585.0 3.2177 3.3890 3.2177 1.0210 2.5638
9180 4590.0 3.1673 8.8054 3.1673 0.9728 2.6231
9190 4595.0 3.1931 5.7137 3.1931 1.0299 2.6269
9200 4600.0 3.1809 7.0967 3.1809 0.9579 2.6795
9210 4605.0 3.1772 7.5403 3.1772 1.0124 2.6969
9220 4610.0 3.1836 6.7785 3.1836 0.9816 2.7163
9230 4615.0 3.1969 5.3179 3.1969 1.0073 2.6329
9240 4620.0 3.1617 9.5686 3.1617 1.0187 2.5792
9250 4625.0 3.1475 11.6241 3.1475 1.0078 2.6065
9260 4630.0 3.1563 10.3185 3.1563 1.0465 2.6082
9270 4635.0 3.1317 14.1675 3.1317 1.0030 2.6355
9280 4640.0 3.1118 17.7024 3.1118 1.0192 2.7254
9290 4645.0 3.1265 15.0541 3.1265 0.9737 2.7109
9300 4650.0 3.1608 9.6850 3.1608 1.0555 2.5295
9310 4655.0 3.1513 11.0622 3.1513 0.9976 2.5351
9320 4660.0 3.1765 7.6306 3.1765 1.0283 2.5029
9330 4665.0 3.1819 6.9727 3.1819 0.9888 2.5157
9340 4670.0 3.1592 9.9064 3.1592 1.0161 2.6013
9350 4675.0 3.1797 7.2359 3.1797 0.9870 2.5555
9360 4680.0 3.1985 5.1496 3.1985 1.0629 2.4089
9370 4685.0 3.1993 5.0701 3.1993 0.9815 2.4403
9380 4690.0 3.2050 4.5113 3.2050 1.0448 2.4773
9390 4695.0 3.2278 2.6042 3.2278 0.9732 2.4857
9400 4700.0 3.2416 1.7060 3.2416 1.0190 2.4916
9410 4705.0 3.2431 1.6204 3.2431 0.9963 2.5705
9420 4710.0 3.2598 0.8063 3.2598 0.9808 2.6274
9430 4715.0 3.2664 0.5658 3.2664 0.9831 2.5470
9440 4720.0 3.2610 0.7607 3.2610 0.9811 2.5568
9450 4725.0 3.2670 0.5441 3.2670 0.9749 2.5843
9460 4730.0 3.2728 0.3699 3.2728 0.9925 2.5647
9470 4735.0 3.2655 0.5963 3.2655 0.9715 2.5605
9480 4740.0 3.2758 0.2917 3.2758 0.9830 2.5660
9490 4745.0 3.2791 0.2188 3.2791 0.9872 2.5886
9500 4750.0 3.2772 0.2604 3.2772 0.9781 2.5738
9510 4755.0 3.2612 0.7531 3.2612 0.9868 2.4999
9520 4760.0 3.2365 2.0159 3.2365 0.9711 2.4281
9530 4765.0 3.2291 2.5160 3.2291 0.9936 2.3549
9540 4770.0 3.2197 3.2279 3.2197 0.9842 2.3261
9550 4775.0 3.2143 3.6749 3.2143 1.0035 2.2786
9560 4780.0 3.2025 4.7522 3.2025 0.9832 2.2853
9570 4785.0 3.1908 5.9589 3.1908 0.9875 2.2603
9580 4790.0 3.2014 4.8655 3.2014 0.9810 2.2942
9590 4795.0 3.1999 5.0090 3.1999 1.0123 2.2851
9600 4800.0 3.1909 5.9542 3.1909 0.9717 2.2984
9610 4805.0 3.1765 7.6284 3.1765 1.0070 2.2803
9620 4810.0 3.2000 5.0015 3.2000 1.0061 2.2458
9630 4815.0 3.1748 7.8365 3.1748 0.9572 2.2387
9640 4820.0 3.2075 4.2752 3.2075 1.0394 2.1439
9650 4825.0 3.1293 14.5624 3.1293 0.9853 2.1858
9660 4830.0 3.1954 5.4754 3.1954 1.0441 2.0762
9670 4835.0 3.1730 8.0702 3.1730 0.9618 2.1152
9680 4840.0 3.1709 8.3378 3.1709 0.9895 2.0600
9690 4845.0 3.1808 7.1061 3.1808 1.0037 2.0141
9700 4850.0 3.1883 6.2408 3.1883 1.0165 1.9854
9710 4855.0 3.1914 5.9017 3.1914 0.9879 2.0003
9720 4860.0 3.2095 4.0966 3.2095 0.9584 2.0387
9730 4865.0 3.2308 2.3913 3.2308 1.0259 2.0414
9740 4870.0 3.2036 4.6513 3.2036 0.9674 2.2485
9750 4875.0 3.1651 9.0965 3.1651 1.0112 2.3741
9760 4880.0 3.1767 7.6043 3.1767 0.9483 2.4572
9770 4885.0 3.1833 6.8099 3.1833 1.0015 2.4569
9780 4890.0 3.1746 7.8574 3.1746 0.9864 2.5548
9790 4895.0 3.1779 7.4600 3.1779 0.9784 2.5820
9800 4900.0 3.1563 10.3298 3.1563 1.0427 2.5083
9810 4905.0 3.1120 17.6664 3.1120 0.9774 2.5794
9820 4910.0 3.1005 19.9072 3.1005 1.0270 2.3631
9830 4915.0 3.0970 20.6030 3.0970 0.9591 2.3063
9840 4920.0 3.1236 15.5598 3.1236 0.9646 2.3674
9850 4925.0 3.2006 4.9361 3.2006 1.0511 2.5889
9860 4930.0 3.1065 18.7195 3.1065 0.9529 2.7138
9870 4935.0 3.1414 12.5692 3.1414 1.0607 2.5931
9880 4940.0 3.1741 7.9268 3.1741 0.9031 2.5598
9890 4945.0 3.2134 3.7471 3.2134 1.0395 2.5346
9900 4950.0 3.1928 5.7425 3.1928 0.9812 2.5539
9910 4955.0 3.2009 4.9055 3.2009 0.9903 2.5182
9920 4960.0 3.2072 4.3089 3.2072 1.0541 2.4077
9930 4965.0 3.1228 15.7001 3.1228 0.9429 2.5332
9940 4970.0 3.0938 21.2677 3.0938 1.0600 2.3404
9950 4975.0 3.1271 14.9545 3.1271 0.9086 2.3421
9960 4980.0 3.1215 15.9306 3.1215 1.0492 2.3972
9970 4985.0 3.1565 10.2956 3.1565 0.9909 2.4975
9980 4990.0 3.1750 7.8180 3.1750 1.0218 2.4426
9990 4995.0 3.1894 6.1214 3.1894 1.0119 2.4494
10000 5000.0 3.1861 6.4880 3.1861 0.9346 2.4915
10010 5005.0 3.1273 14.9190 3.1273 1.0368 2.3858
10020 5010.0 3.1603 9.7558 3.1603 0.9340 2.5298
10030 5015.0 3.1780 7.4397 3.1780 1.0659 2.4506
10040 5020.0 3.1693 8.5450 3.1693 0.9417 2.5451
10050 5025.0 3.1289 14.6320 3.1289 0.9940 2.5455
10060 5030.0 3.1537 10.7079 3.1537 1.0032 2.5311
10070 5035.0 3.1863 6.4633 3.1863 0.9581 2.4926
10080 5040.0 3.1304 14.3894 3.1304 1.0592 2.3692
10090 5045.0 3.2453 1.4967 3.2453 0.9387 2.3487
10100 5050.0 3.0932 21.3729 3.0932 0.9998 2.2346
10110 5055.0 3.2490 1.3006 3.2490 0.9471 2.2904
10120 5060.0 3.2351 2.1092 3.2351 1.0338 2.2156
10130 5065.0 3.2576 0.8984 3.2576 0.9752 2.2765
10140 5070.0 3.2098 4.0660 3.2098 1.0169 2.2282
10150 5075.0 3.2204 3.1687 3.2204 1.0028 2.2038
10160 5080.0 3.1610 9.6654 3.1610 0.9462 2.2230
10170 5085.0 3.0855 22.9945 3.0855 0.9973 2.1770
10180 5090.0 3.2364 2.0201 3.2364 0.9608 2.2497
10190 5095.0 3.1191 16.3693 3.1191 1.0539 2.2207
10200 5100.0 3.2095 4.0931 3.2095 0.9488 2.2404
10210 5105.0 3.0860 22.8935 3.0860 0.9766 2.2347
10220 5110.0 3.1002 19.9692 3.1002 0.9906 2.2640
10230 5115.0 3.1372 13.2487 3.1372 0.9324 2.3794
10240 5120.0 3.0880 22.4811 3.0880 1.0750 2.3405
10250 5125.0 3.1443 12.1172 3.1443 0.9253 2.3587
10260 5130.0 3.0875 22.5748 3.0875 1.0275 2.1915
10270 5135.0 3.1527 10.8491 3.1527 0.9536 2.2226
10280 5140.0 3.2054 4.4755 3.2054 0.9802 2.2129
10290 5145.0 3.1654 9.0570 3.1654 1.0445 2.1889
10300 5150.0 3.2387 1.8764 3.2387 0.9793 2.1885
10310 5155.0 3.1695 8.5210 3.1695 1.0157 2.1777
10320 5160.0 3.2472 1.3924 3.2472 0.9253 2.3084
10330 5165.0 3.2455 1.4827 3.2455 1.0328 2.2268
10340 5170.0 3.1784 7.3953 3.1784 0.9680 2.3220
10350 5175.0 3.1941 5.6039 3.1941 1.0149 2.3170
10360 5180.0 3.2270 2.6621 3.2270 0.9787 2.2841
10370 5185.0 3.1839 6.7429 3.1839 0.9402 2.2762
10380 5190.0 3.2026 4.7415 3.2026 1.0391 2.1918
10390 5195.0 3.1405 12.7212 3.1405 0.9585 2.3248
10400 5200.0 3.2319 2.3203 3.2319 1.0589 2.2266
10410 5205.0 3.2413 1.7201 3.2413 0.9141 2.3188
10420 5210.0 3.2001 4.9927 3.2001 1.0553 2.2086
10430 5215.0 3.2232 2.9508 3.2232 0.9358 2.3289
10440 5220.0 3.2442 1.5583 3.2442 1.0136 2.2679
10450 5225.0 3.2220 3.0393 3.2220 0.9981 2.3135
10460 5230.0 3.2416 1.7030 3.2416 0.9727 2.3464
10470 5235.0 3.2043 4.5806 3.2043 0.9889 2.3163
10480 5240.0 3.2136 3.7345 3.2136 0.9606 2.3587
10490 5245.0 3.2187 3.3033 3.2187 1.0156 2.3100
10500 5250.0 3.2080 4.2294 3.2080 0.9559 2.3144
10510 5255.0 3.2142 3.6805 3.2142 0.9937 2.2930
10520 5260.0 3.2132 3.7691 3.2132 0.9990 2.2995
10530 5265.0 3.2272 2.6492 3.2272 0.9741 2.2975
10540 5270.0 3.2179 3.3737 3.2179 1.0245 2.2533
10550 5275.0 3.1959 5.4195 3.1959 0.9629 2.3011
10560 5280.0 3.2137 3.7276 3.2137 1.0164 2.2203
10570 5285.0 3.2058 4.4342 3.2058 0.9779 2.2396
10580 5290.0 3.2095 4.0928 3.2095 0.9777 2.1969
10590 5295.0 3.1918 5.8577 3.1918 1.0015 2.1275
10600 5300.0 3.1908 5.9573 3.1908 0.9581 2.1636
10610 5305.0 3.1770 7.5656 3.1770 0.9850 2.1109
10620 5310.0 3.1988 5.1206 3.1988 0.9869 2.0784
10630 5315.0 3.1955 5.4648 3.1955 0.9941 2.0804
10640 5320.0 3.2165 3.4830 3.2165 0.9962 2.0696
10650 5325.0 3.2058 4.4352 3.2058 0.9626 2.1218
10660 5330.0 3.1904 6.0084 3.1904 0.9663 2.1554
10670 5335.0 3.1655 9.0488 3.1655 0.9992 2.1957
10680 5340.0 3.1772 7.5424 3.1772 0.9601 2.2775
10690 5345.0 3.1625 9.4468 3.1625 0.9723 2.3435
10700 5350.0 3.1276 14.8639 3.1276 1.0065 2.4557
10710 5355.0 3.1260 15.1446 3.1260 0.9694 2.5567
10720 5360.0 3.1608 9.6844 3.1608 0.9994 2.5421
10730 5365.0 3.1835 6.7888 3.1835 0.9789 2.5502
10740 5370.0 3.1962 5.3881 3.1962 0.9585 2.5177
10750 5375.0 3.2015 4.8515 3.2015 0.9918 2.4938
10760 5380.0 3.2190 3.2837 3.2190 0.9746 2.4754
10770 5385.0 3.2197 3.2207 3.2197 1.0422 2.3823
10780 5390.0 3.1365 13.3707 3.1365 0.9566 2.4511
10790 5395.0 3.2159 3.5396 3.2159 1.0332 2.3645
10800 5400.0 3.1901 6.0340 3.1901 0.9384 2.3865
10810 5405.0 3.1622 9.4886 3.1622 0.9860 2.3671
10820 5410.0 3.1978 5.2196 3.1978 0.9890 2.4746
10830 5415.0 3.1895 6.1012 3.1895 0.9817 2.4535
10840 5420.0 3.2288 2.5376 3.2288 1.0038 2.3942
10850 5425.0 3.2108 3.9761 3.2108 0.9770 2.4403
10860 5430.0 3.2290 2.5197 3.2290 1.0058 2.4166
10870 5435.0 3.2306 2.4077 3.2306 0.9771 2.4511
10880 5440.0 3.2089 4.1515 3.2089 0.9757 2.5165
10890 5445.0 3.2071 4.3174 3.2071 0.9874 2.5537
10900 5450.0 3.1933 5.6971 3.1933 0.9546 2.6392
10910 5455.0 3.2188 3.2989 3.2188 1.0068 2.5796
10920 5460.0 3.2214 3.0852 3.2214 0.9581 2.5866
10930 5465.0 3.2107 3.9843 3.2107 0.9703 2.6569
10940 5470.0 3.2485 1.3286 3.2485 1.0012 2.5888
10950 5475.0 3.2542 1.0494 3.2542 0.9636 2.6260
10960 5480.0 3.1696 8.5052 3.1696 1.0022 2.5897
10970 5485.0 3.2169 3.4533 3.2169 0.9425 2.6471
10980 5490.0 3.2454 1.4880 3.2454 1.0365 2.5554
10990 5495.0 3.2386 1.8832 3.2386 0.9443 2.6028
11000 5500.0 3.2256 2.7687 3.2256 0.9916 2.5820
11010 5505.0 3.2751 0.3107 3.2751 0.9809 2.5995
11020 5510.0 3.2578 0.8904 3.2578 0.9633 2.5899
11030 5515.0 3.2657 0.5878 3.2657 1.0147 2.5547
11040 5520.0 3.2285 2.5546 3.2285 0.9401 2.6114
11050 5525.0 3.2681 0.5076 3.2681 1.0089 2.5258
11060 5530.0 3.2395 1.8296 3.2395 0.9568 2.5309
11070 5535.0 3.2547 1.0242 3.2547 0.9765 2.5052
11080 5540.0 3.2486 1.3216 3.2486 1.0019 2.5022
11090 5545.0 3.2757 0.2964 3.2757 0.9690 2.4309
11100 5550.0 3.2562 0.9604 3.2562 1.0093 2.2683
11110 5555.0 3.2945 0.0154 3.2945 0.9710 2.1989
11120 5560.0 3.3202 0.2035 3.3202 0.9975 2.2138
11130 5565.0 3.2598 0.8064 3.2598 0.9792 2.3048
11140 5570.0 3.1986 5.1424 3.1986 1.0250 2.4206
11150 5575.0 3.1823 6.9293 3.1823 0.9922 2.3841
11160 5580.0 3.2183 3.3391 3.2183 1.0074 2.2691
11170 5585.0 3.2046 4.5509 3.2046 0.9648 2.2361
11180 5590.0 3.2085 4.1891 3.2085 0.9841 2.1676
11190 5595.0 3.2018 4.8179 3.2018 1.0039 2.1244
11200 5600.0 3.1909 5.9542 3.1909 0.9697 2.1419
11210 5605.0 3.1910 5.9378 3.1910 0.9864 2.1493
11220 5610.0 3.2000 4.9990 3.2000 0.9715 2.1511
11230 5615.0 3.2069 4.3311 3.2069 0.9764 2.1340
11240 5620.0 3.2153 3.5883 3.2153 1.0069 2.1238
11250 5625.0 3.1753 7.7776 3.1753 0.9860 2.1941
11260 5630.0 3.2023 4.7688 3.2023 1.0264 2.1907
11270 5635.0 3.2258 2.7517 3.2258 0.9805 2.2150
11280 5640.0 3.1843 6.6945 3.1843 1.0095 2.2058
11290 5645.0 3.2055 4.4676 3.2055 0.9696 2.2765
11300 5650.0 3.1889 6.1771 3.1889 1.0576 2.2333
11310 5655.0 3.1261 15.1206 3.1261 0.9869 2.3196
11320 5660.0 3.2520 1.1497 3.2520 1.0507 2.2685
11330 5665.0 3.2543 1.0465 3.2543 0.9722 2.3549
11340 5670.0 3.2561 0.9650 3.2561 0.9979 2.3409
11350 5675.0 3.2570 0.9265 3.2570 1.0118 2.2627
11360 5680.0 3.2097 4.0792 3.2097 0.9747 2.1946
11370 5685.0 3.2399 1.8041 3.2399 1.0335 2.0923
11380 5690.0 3.2134 3.7469 3.2134 0.9823 2.1086
11390 5695.0 3.2143 3.6698 3.2143 0.9848 2.0779
11400 5700.0 3.2411 1.7374 3.2411 0.9802 2.0893
11410 5705.0 3.2287 2.5449 3.2287 1.0147 2.0889
11420 5710.0 3.2440 1.5701 3.2440 0.9911 2.1453
11430 5715.0 3.2452 1.5009 3.2452 0.9865 2.2651
11440 5720.0 3.2630 0.6855 3.2630 0.9831 2.3808
11450 5725.0 3.2383 1.9016 3.2383 0.9782 2.4478
11460 5730.0 3.2347 2.1301 3.2347 0.9584 2.4029
11470 5735.0 3.2499 1.2546 3.2499 0.9988 2.3526
11480 5740.0 3.2580 0.8808 3.2580 0.9705 2.4054
11490 5745.0 3.2748 0.3182 3.2748 0.9870 2.4068
11500 5750.0 3.2751 0.3111 3.2751 0.9852 2.4269
11510 5755.0 3.2497 1.2666 3.2497 0.9686 2.4718
11520 5760.0 3.2549 1.0171 3.2549 1.0060 2.4224
11530 5765.0 3.2281 2.5863 3.2281 0.9819 2.4046
11540 5770.0 3.2397 1.8184 3.2397 0.9897 2.4030
11550 5775.0 3.2354 2.0839 3.2354 0.9865 2.3606
11560 5780.0 3.2197 3.2202 3.2197 0.9810 2.3261
11570 5785.0 3.2205 3.1583 3.2205 1.0179 2.2807
11580 5790.0 3.2182 3.3451 3.2182 0.9740 2.2457
11590 5795.0 3.2210 3.1211 3.2210 0.9896 2.2075
11600 5800.0 3.2173 3.4183 3.2173 1.0136 2.2657
11610 5805.0 3.1943 5.5845 3.1943 0.9805 2.2975
11620 5810.0 3.2056 4.4563 3.2056 0.9993 2.2574
11630 5815.0 3.2098 4.0656 3.2098 1.0069 2.2762
11640 5820.0 3.1852 6.5938 3.1852 0.9779 2.2908
11650 5825.0 3.2175 3.4050 3.2175 1.0180 2.1974
11660 5830.0 3.2136 3.7335 3.2136 0.9840 2.1323
11670 5835.0 3.2326 2.2685 3.2326 1.0223 2.0628
11680 5840.0 3.2222 3.0298 3.2222 0.9912 2.1014
11690 5845.0 3.2448 1.5256 3.2448 1.0071 2.1184
11700 5850.0 3.2473 1.3862 3.2473 0.9879 2.2058
11710 5855.0 3.2383 1.9057 3.2383 0.9914 2.2865
11720 5860.0 3.2326 2.2722 3.2326 0.9822 2.3473
11730 5865.0 3.2491 1.2963 3.2491 0.9862 2.3357
11740 5870.0 3.2322 2.2986 3.2322 0.9674 2.3013
11750 5875.0 3.2631 0.6799 3.2631 0.9763 2.2857
11760 5880.0 3.2464 1.4360 3.2464 1.0072 2.2725
11770 5885.0 3.2089 4.1480 3.2089 0.9932 2.3035
11780 5890.0 3.2455 1.4848 3.2455 1.0086 2.3637
11790 5895.0 3.2535 1.0788 3.2535 0.9653 2.4859
11800 5900.0 3.2517 1.1647 3.2517 0.9906 2.4828
11810 5905.0 3.2398 1.8135 3.2398 0.9870 2.4493
11820 5910.0 3.2336 2.2062 3.2336 0.9662 2.4287
11830 5915.0 3.1930 5.7240 3.1930 0.9997 2.4516
11840 5920.0 3.2343 2.1580 3.2343 0.9883 2.5338
11850 5925.0 3.2129 3.7939 3.2129 1.0031 2.4778
11860 5930.0 3.2511 1.1951 3.2511 1.0009 2.3646
11870 5935.0 3.2323 2.2911 3.2323 0.9606 2.3353
11880 5940.0 3.2169 3.4532 3.2169 0.9924 2.3218
11890 5945.0 3.2466 1.4237 3.2466 0.9656 2.3498
11900 5950.0 3.2362 2.0337 3.2362 0.9763 2.3903
11910 5955.0 3.2214 3.0924 3.2214 1.0054 2.4756
11920 5960.0 3.2026 4.7405 3.2026 0.9813 2.4541
11930 5965.0 3.2128 3.7979 3.2128 0.9816 2.4118
11940 5970.0 3.2244 2.8605 3.2244 0.9593 2.4154
11950 5975.0 3.2209 3.1273 3.2209 0.9959 2.3814
11960 5980.0 3.2086 4.1797 3.2086 0.9897 2.3542
11970 5985.0 3.2044 4.5716 3.2044 0.9816 2.3100
11980 5990.0 3.2090 4.1387 3.2090 1.0026 2.2310
11990 5995.0 3.2056 4.4537 3.2056 0.9725 2.2082
12000 6000.0 3.1988 5.1191 3.1988 1.0008 2.1860
12010 6005.0 3.2001 4.9912 3.2001 0.9768 2.2064
12020 6010.0 3.1918 5.8501 3.1918 0.9755 2.2457
12030 6015.0 3.1759 7.6956 3.1759 1.0104 2.3123
12040 6020.0 3.1710 8.3199 3.1710 0.9643 2.3600
12050 6025.0 3.2320 2.3117 3.2320 1.0127 2.2244
12060 6030.0 3.2361 2.0437 3.2361 0.9621 2.1907
12070 6035.0 3.2246 2.8413 3.2246 1.0080 2.1375
12080 6040.0 3.2028 4.7247 3.2028 1.0008 2.1579
12090 6045.0 3.2150 3.6097 3.2150 0.9850 2.1397
12100 6050.0 3.2461 1.4552 3.2461 1.0127 2.0695
12110 6055.0 3.2424 1.6597 3.2424 0.9850 2.0807
12120 6060.0 3.2448 1.5229 3.2448 0.9883 2.0625
12130 6065.0 3.1998 5.0219 3.1998 0.9935 2.0070
12140 6070.0 3.2142 3.6818 3.2142 0.9948 2.0277
12150 6075.0 3.2024 4.7660 3.2024 1.0159 2.1212
12160 6080.0 3.1327 13.9982 3.1327 1.0208 2.2034
12170 6085.0 3.2192 3.2634 3.2192 1.0138 2.1543
12180 6090.0 3.1714 8.2671 3.1714 0.9919 2.1506
12190 6095.0 3.1967 5.3375 3.1967 0.9554 2.2067
12200 6100.0 3.2323 2.2912 3.2323 0.9987 2.2773
12210 6105.0 3.1966 5.3408 3.1966 1.0076 2.3569
12220 6110.0 3.2096 4.0901 3.2096 1.0159 2.3665
12230 6115.0 3.2219 3.0464 3.2219 0.9939 2.3154
12240 6120.0 3.2418 1.6958 3.2418 0.9985 2.2243
12250 6125.0 3.2185 3.3245 3.2185 0.9373 2.2438
12260 6130.0 3.1986 5.1446 3.1986 0.9986 2.2633
12270 6135.0 3.2096 4.0844 3.2096 1.0037 2.3515
12280 6140.0 3.1516 11.0074 3.1516 1.0117 2.3617
12290 6145.0 3.2475 1.3785 3.2475 1.0180 2.1947
12300 6150.0 3.2566 0.9415 3.2566 1.0075 2.0360
12310 6155.0 3.2215 3.0823 3.2215 0.9936 1.9594
12320 6160.0 3.2403 1.7800 3.2403 0.9791 1.9512
12330 6165.0 3.2452 1.5000 3.2452 1.0014 1.9385
12340 6170.0 3.2551 1.0079 3.2551 0.9879 1.9750
12350 6175.0 3.2486 1.3200 3.2486 1.0243 2.0439
12360 6180.0 3.2921 0.0313 3.2921 0.9812 2.2621
12370 6185.0 3.2407 1.7612 3.2407 1.0124 2.4357
12380 6190.0 3.1894 6.1161 3.1894 0.9996 2.5284
12390 6195.0 3.2372 1.9746 3.2372 1.0094 2.4652
12400 6200.0 3.2745 0.3252 3.2745 0.9780 2.2930
12410 6205.0 3.2186 3.3167 3.2186 0.9876 2.1361
12420 6210.0 3.2297 2.4710 3.2297 0.9799 2.0665
12430 6215.0 3.2444 1.5431 3.2444 0.9938 2.0611
12440 6220.0 3.2584 0.8638 3.2584 0.9951 2.1552
12450 6225.0 3.2918 0.0337 3.2918 0.9839 2.3346
12460 6230.0 3.2853 0.1084 3.2853 1.0100 2.4880
12470 6235.0 3.2242 2.8745 3.2242 0.9756 2.4709
12480 6240.0 3.2630 0.6852 3.2630 1.0272 2.3979
12490 6245.0 3.2753 0.3040 3.2753 0.9477 2.4525
12500 6250.0 3.2406 1.7617 3.2406 1.0121 2.4105
12510 6255.0 3.2871 0.0833 3.2871 0.9608 2.4250
12520 6260.0 3.2757 0.2945 3.2757 0.9871 2.3748
12530 6265.0 3.2707 0.4287 3.2707 1.0021 2.3276
12540 6270.0 3.2417 1.6971 3.2417 0.9684 2.3155
12550 6275.0 3.2442 1.5592 3.2442 1.0200 2.2430
12560 6280.0 3.2463 1.4401 3.2463 0.9633 2.2404
12570 6285.0 3.2374 1.9605 3.2374 0.9852 2.1728
12580 6290.0 3.2206 3.1495 3.2206 1.0136 2.0957
12590 6295.0 3.2005 4.9534 3.2005 0.9647 2.1008
12600 6300.0 3.2190 3.2784 3.2190 1.0316 2.1154
12610 6305.0 3.1928 5.7457 3.1928 0.9831 2.1998
12620 6310.0 3.2200 3.2025 3.2200 1.0196 2.2177
12630 6315.0 3.2249 2.8178 3.2249 1.0020 2.2345
12640 6320.0 3.2233 2.9394 3.2233 1.0232 2.1822
12650 6325.0 3.2071 4.3167 3.2071 0.9770 2.1905
12660 6330.0 3.2441 1.5641 3.2441 1.0450 2.2081
12670 6335.0 3.1778 7.4635 3.1778 0.9800 2.2957
12680 6340.0 3.2247 2.8335 3.2247 1.0448 2.2342
12690 6345.0 3.1802 7.1807 3.1802 0.9782 2.2640
12700 6350.0 3.2226 2.9959 3.2226 1.0521 2.2085
12710 6355.0 3.1891 6.1467 3.1891 0.9745 2.2142
12720 6360.0 3.2126 3.8157 3.2126 1.0352 2.1512
12730 6365.0 3.2000 4.9977 3.2000 0.9784 2.2087
12740 6370.0 3.2344 2.1547 3.2344 1.0461 2.2114
12750 6375.0 3.1859 6.5133 3.1859 0.9739 2.2802
12760 6380.0 3.2501 1.2460 3.2501 1.0228 2.2128
12770 6385.0 3.2425 1.6547 3.2425 0.9747 2.1796
12780 6390.0 3.2251 2.8053 3.2251 0.9853 2.2000
12790 6395.0 3.2366 2.0110 3.2366 1.0096 2.2680
12800 6400.0 3.2221 3.0348 3.2221 0.9771 2.3002
12810 6405.0 3.2445 1.5381 3.2445 1.0231 2.2787
12820 6410.0 3.2139 3.7057 3.2139 0.9605 2.3507
12830 6415.0 3.2121 3.8623 3.2121 1.0334 2.4052
12840 6420.0 3.2028 4.7226 3.2028 0.9404 2.4488
12850 6425.0 3.2050 4.5122 3.2050 1.0124 2.4043
12860 6430.0 3.2300 2.4469 3.2300 0.9671 2.4303
12870 6435.0 3.2236 2.9166 3.2236 0.9763 2.5191
12880 6440.0 3.2045 4.5645 3.2045 1.0062 2.5375
12890 6445.0 3.2095 4.0907 3.2095 0.9687 2.5839
12900 6450.0 3.2155 3.5718 3.2155 1.0075 2.5396
12910 6455.0 3.2244 2.8582 3.2244 0.9595 2.5415
12920 6460.0 3.2152 3.5989 3.2152 0.9780 2.5819
12930 6465.0 3.2239 2.8968 3.2239 0.9731 2.5698
12940 6470.0 3.2350 2.1138 3.2350 0.9822 2.4827
12950 6475.0 3.2070 4.3273 3.2070 1.0040 2.4728
12960 6480.0 3.2322 2.2996 3.2322 0.9713 2.5263
12970 6485.0 3.2313 2.3575 3.2313 0.9749 2.5677
12980 6490.0 3.2578 0.8884 3.2578 0.9800 2.6383
12990 6495.0 3.2205 3.1582 3.2205 0.9908 2.6472
13000 6500.0 3.1866 6.4265 3.1866 1.0059 2.5590
13010 6505.0 3.2328 2.2585 3.2328 0.9815 2.6283
13020 6510.0 3.2499 1.2546 3.2499 0.9936 2.7298
13030 6515.0 3.2456 1.4795 3.2456 0.9571 2.7347
13040 6520.0 3.2324 2.2848 3.2324 0.9845 2.6668
13050 6525.0 3.2379 1.9305 3.2379 0.9970 2.5917
13060 6530.0 3.2574 0.9066 3.2574 0.9738 2.5504
13070 6535.0 3.2532 1.0933 3.2532 1.0104 2.4745
13080 6540.0 3.2176 3.3975 3.2176 0.9581 2.3962
13090 6545.0 3.2438 1.5797 3.2438 1.0172 2.4193
13100 6550.0 3.2495 1.2748 3.2495 0.9440 2.5166
13110 6555.0 3.2201 3.1884 3.2201 0.9997 2.5155
13120 6560.0 3.2764 0.2787 3.2764 0.9670 2.4254
13130 6565.0 3.2498 1.2594 3.2498 0.9994 2.3750
13140 6570.0 3.2398 1.8105 3.2398 0.9846 2.4002
13150 6575.0 3.2572 0.9156 3.2572 0.9715 2.4944
13160 6580.0 3.2219 3.0509 3.2219 0.9768 2.5387
13170 6585.0 3.2747 0.3188 3.2747 0.9619 2.5033
13180 6590.0 3.2251 2.8044 3.2251 0.9987 2.5076
13190 6595.0 3.2318 2.3287 3.2318 0.9738 2.6029
13200 6600.0 3.2174 3.4087 3.2174 0.9727 2.5947
13210 6605.0 3.2337 2.1958 3.2337 0.9856 2.5540
13220 6610.0 3.2310 2.3788 3.2310 0.9660 2.4961
13230 6615.0 3.1731 8.0500 3.1731 1.0130 2.3681
13240 6620.0 3.1814 7.0305 3.1814 0.9571 2.4645
13250 6625.0 3.2349 2.1222 3.2349 1.0186 2.3954
13260 6630.0 3.2003 4.9654 3.2003 0.9363 2.4366
13270 6635.0 3.2254 2.7790 3.2254 0.9918 2.4436
13280 6640.0 3.1842 6.7090 3.1842 1.0041 2.4629
13290 6645.0 3.2467 1.4207 3.2467 0.9708 2.4645
13300 6650.0 3.2154 3.5803 3.2154 0.9834 2.4811
13310 6655.0 3.2782 0.2366 3.2782 0.9786 2.5052
13320 6660.0 3.2687 0.4895 3.2687 0.9910 2.5064
13330 6665.0 3.2746 0.3224 3.2746 0.9988 2.4487
13340 6670.0 3.2850 0.1118 3.2850 0.9795 2.4547
13350 6675.0 3.2312 2.3657 3.2312 1.0034 2.3494
13360 6680.0 3.2089 4.1508 3.2089 0.9640 2.2598
13370 6685.0 3.2271 2.6564 3.2271 0.9780 2.1694
13380 6690.0 3.2315 2.3454 3.2315 1.0361 2.0923
13390 6695.0 3.2393 1.8425 3.2393 0.9773 2.1024
13400 6700.0 3.1661 8.9705 3.1661 0.9866 2.1042
13410 6705.0 3.2218 3.0564 3.2218 0.9478 2.1811
13420 6710.0 3.2690 0.4802 3.2690 0.9924 2.2458
13430 6715.0 3.2580 0.8803 3.2580 0.9937 2.3360
13440 6720.0 3.2902 0.0475 3.2902 0.9707 2.3832
13450 6725.0 3.2275 2.6308 3.2275 0.9907 2.3284
13460 6730.0 3.2117 3.9021 3.2117 0.9717 2.3222
13470 6735.0 3.1948 5.5309 3.1948 0.9782 2.3155
13480 6740.0 3.1731 8.0535 3.1731 0.9796 2.2902
13490 6745.0 3.2146 3.6478 3.2146 0.9554 2.3479
13500 6750.0 3.2319 2.3182 3.2319 1.0062 2.3930
13510 6755.0 3.2000 5.0040 3.2000 0.9943 2.4247
13520 6760.0 3.2186 3.3096 3.2186 0.9880 2.4047
13530 6765.0 3.2220 3.0400 3.2220 0.9835 2.3104
13540 6770.0 3.2371 1.9808 3.2371 0.9860 2.2783
13550 6775.0 3.2193 3.2532 3.2193 0.9890 2.3092
13560 6780.0 3.2216 3.0738 3.2216 1.0043 2.2705
13570 6785.0 3.2371 1.9768 3.2371 1.0033 2.2218
13580 6790.0 3.2306 2.4084 3.2306 0.9960 2.2432
13590 6795.0 3.2189 3.2898 3.2189 1.0043 2.3028
13600 6800.0 3.2488 1.3085 3.2488 0.9845 2.2775
13610 6805.0 3.1960 5.4044 3.1960 0.9776 2.2451
13620 6810.0 3.2066 4.3652 3.2066 0.9867 2.2759
13630 6815.0 3.1450 12.0085 3.1450 1.0209 2.2777
13640 6820.0 3.2102 4.0300 3.2102 0.9807 2.2832
13650 6825.0 3.2203 3.1734 3.2203 0.9939 2.2640
13660 6830.0 3.2549 1.0164 3.2549 0.9905 2.3095
13670 6835.0 3.2376 1.9483 3.2376 0.9563 2.2988
13680 6840.0 3.1872 6.3603 3.1872 1.0268 2.1529
13690 6845.0 3.2338 2.1925 3.2338 0.9589 2.2107
13700 6850.0 3.2328 2.2581 3.2328 1.0167 2.2140
13710 6855.0 3.2102 4.0308 3.2102 0.9857 2.2581
13720 6860.0 3.1926 5.7636 3.1926 0.9512 2.3131
13730 6865.0 3.2284 2.5658 3.2284 1.0446 2.3244
13740 6870.0 3.1673 8.8033 3.1673 0.9541 2.4762
13750 6875.0 3.1841 6.7176 3.1841 1.0323 2.4121
13760 6880.0 3.2101 4.0422 3.2101 0.9163 2.5026
13770 6885.0 3.1902 6.0324 3.1902 1.0085 2.4589
13780 6890.0 3.1884 6.2327 3.1884 0.9905 2.5237
13790 6895.0 3.2165 3.4889 3.2165 0.9736 2.5286
13800 6900.0 3.1759 7.6989 3.1759 0.9960 2.4847
13810 6905.0 3.1915 5.8913 3.1915 0.9432 2.5475
13820 6910.0 3.2223 3.0218 3.2223 1.0240 2.4334
13830 6915.0 3.2173 3.4218 3.2173 0.9587 2.4184
13840 6920.0 3.2040 4.6120 3.2040 1.0062 2.3875
13850 6925.0 3.2201 3.1946 3.2201 0.9734 2.4007
13860 6930.0 3.1598 9.8239 3.1598 0.9580 2.3654
13870 6935.0 3.2296 2.4774 3.2296 0.9975 2.3837
13880 6940.0 3.1916 5.8758 3.1916 0.9663 2.4953
13890 6945.0 3.1950 5.5161 3.1950 0.9968 2.4917
13900 6950.0 3.1768 7.5871 3.1768 0.9481 2.5069
13910 6955.0 3.2299 2.4573 3.2299 0.9956 2.3989
13920 6960.0 3.2085 4.1844 3.2085 0.9854 2.3540
13930 6965.0 3.2438 1.5793 3.2438 0.9826 2.4167
13940 6970.0 3.2038 4.6278 3.2038 0.9840 2.5001
13950 6975.0 3.2398 1.8120 3.2398 0.9517 2.5062
13960 6980.0 3.2226 2.9981 3.2226 1.0242 2.5290
13970 6985.0 3.2197 3.2250 3.2197 0.9384 2.6497
13980 6990.0 3.2127 3.8112 3.2127 1.0053 2.6067
13990 6995.0 3.2028 4.7221 3.2028 0.9643 2.5157
14000 7000.0 3.2143 3.6734 3.2143 0.9847 2.6043
14010 7005.0 3.2150 3.6091 3.2150 0.9996 2.6345
14020 7010.0 3.1323 14.0596 3.1323 0.9946 2.4750
14030 7015.0 3.1722 8.1698 3.1722 1.0109 2.5352
14040 7020.0 3.1321 14.1033 3.1321 0.9460 2.6131
14050 7025.0 3.1318 14.1458 3.1318 0.9836 2.5778
14060 7030.0 3.1445 12.0876 3.1445 0.9806 2.6274
14070 7035.0 3.1771 7.5579 3.1771 1.0129 2.6484
14080 7040.0 3.2035 4.6580 3.2035 0.9755 2.5515
14090 7045.0 3.2131 3.7780 3.2131 0.9762 2.5421
14100 7050.0 3.2281 2.5870 3.2281 0.9994 2.5294
14110 7055.0 3.2389 1.8646 3.2389 0.9567 2.4659
14120 7060.0 3.2270 2.6649 3.2270 0.9982 2.4767
14130 7065.0 3.2336 2.2071 3.2336 0.9876 2.5404
14140 7070.0 3.2288 2.5351 3.2288 0.9765 2.5354
14150 7075.0 3.2305 2.4146 3.2305 0.9996 2.4328
14160 7080.0 3.2551 1.0063 3.2551 0.9541 2.4155
14170 7085.0 3.2445 1.5423 3.2445 1.0078 2.4677
14180 7090.0 3.2234 2.9362 3.2234 0.9573 2.5316
14190 7095.0 3.2401 1.7933 3.2401 0.9827 2.4807
14200 7100.0 3.2022 4.7829 3.2022 0.9691 2.4651
14210 7105.0 3.2225 3.0000 3.2225 0.9503 2.5109
14220 7110.0 3.1903 6.0151 3.1903 1.0129 2.4387
14230 7115.0 3.2238 2.9046 3.2238 0.9612 2.4962
14240 7120.0 3.2327 2.2625 3.2327 0.9671 2.4888
14250 7125.0 3.2424 1.6578 3.2424 0.9951 2.4176
14260 7130.0 3.2762 0.2836 3.2762 0.9732 2.3418
14270 7135.0 3.2776 0.2519 3.2776 1.0005 2.2704
14280 7140.0 3.2891 0.0598 3.2891 0.9699 2.2795
14290 7145.0 3.2866 0.0893 3.2866 0.9921 2.2981
14300 7150.0 3.2915 0.0364 3.2915 0.9789 2.3378
14310 7155.0 3.2621 0.7171 3.2621 0.9870 2.4068
14320 7160.0 3.2267 2.6894 3.2267 0.9844 2.4453
14330 7165.0 3.2487 1.3141 3.2487 0.9915 2.4153
14340 7170.0 3.2717 0.4015 3.2717 0.9858 2.3202
14350 7175.0 3.2789 0.2226 3.2789 0.9767 2.2916
14360 7180.0 3.2827 0.1491 3.2827 1.0041 2.3422
14370 7185.0 3.2234 2.9353 3.2234 0.9701 2.4426
14380 7190.0 3.2688 0.4865 3.2688 1.0179 2.4091
14390 7195.0 3.2935 0.0211 3.2935 0.9674 2.3646
14400 7200.0 3.2853 0.1087 3.2853 1.0119 2.3301
14410 7205.0 3.3134 0.0904 3.3134 0.9645 2.3808
14420 7210.0 3.2674 0.5314 3.2674 1.0110 2.3535
14430 7215.0 3.2665 0.5622 3.2665 0.9620 2.4193
14440 7220.0 3.2412 1.7295 3.2412 0.9926 2.5321
14450 7225.0 3.2035 4.6515 3.2035 0.9903 2.4844
14460 7230.0 3.2051 4.5032 3.2051 0.9578 2.3637
14470 7235.0 3.1642 9.2254 3.1642 0.9954 2.2110
14480 7240.0 3.1777 7.4788 3.1777 0.9399 2.2081
14490 7245.0 3.1941 5.6055 3.1941 0.9937 2.1991
14500 7250.0 3.2271 2.6601 3.2271 1.0007 2.2699
14510 7255.0 3.2512 1.1887 3.2512 0.9932 2.3600
14520 7260.0 3.2652 0.6062 3.2652 0.9988 2.4728
14530 7265.0 3.3101 0.0510 3.3101 0.9860 2.6145
14540 7270.0 3.3157 0.1235 3.3157 1.0043 2.5900
14550 7275.0 3.2777 0.2484 3.2777 0.9784 2.5890
14560 7280.0 3.2129 3.7947 3.2129 0.9937 2.5412
14570 7285.0 3.2675 0.5271 3.2675 0.9888 2.5546
14580 7290.0 3.2574 0.9090 3.2574 0.9854 2.6095
14590 7295.0 3.2560 0.9686 3.2560 1.0036 2.6194
14600 7300.0 3.2662 0.5696 3.2662 0.9788 2.6148
14610 7305.0 3.2579 0.8845 3.2579 0.9920 2.5666
14620 7310.0 3.2210 3.1177 3.2210 0.9828 2.4708
14630 7315.0 3.2097 4.0757 3.2097 0.9689 2.3860
14640 7320.0 3.2063 4.3894 3.2063 0.9774 2.3134
14650 7325.0 3.2066 4.3655 3.2066 0.9956 2.2676
14660 7330.0 3.1987 5.1285 3.1987 0.9954 2.2726
14670 7335.0 3.1970 5.3025 3.1970 0.9949 2.2809
14680 7340.0 3.1986 5.1445 3.1986 0.9975 2.3121
14690 7345.0 3.2028 4.7277 3.2028 0.9760 2.4012
14700 7350.0 3.2126 3.8185 3.2126 0.9765 2.4915
14710 7355.0 3.2153 3.5906 3.2153 1.0027 2.5089
14720 7360.0 3.1971 5.2907 3.1971 0.9860 2.4869
14730 7365.0 3.1968 5.3232 3.1968 1.0005 2.3709
14740 7370.0 3.1799 7.2142 3.1799 0.9627 2.2987
14750 7375.0 3.1855 6.5580 3.1855 0.9848 2.2855
14760 7380.0 3.1836 6.7720 3.1836 0.9892 2.3807
14770 7385.0 3.1963 5.3798 3.1963 0.9967 2.4382
14780 7390.0 3.2449 1.5183 3.2449 0.9970 2.2694
14790 7395.0 3.2460 1.4566 3.2460 0.9696 2.1616
14800 7400.0 3.2298 2.4645 3.2298 1.0180 2.1025
14810 7405.0 3.2376 1.9464 3.2376 0.9816 2.1837
14820 7410.0 3.2238 2.9060 3.2238 1.0126 2.2165
14830 7415.0 3.2124 3.8411 3.2124 0.9789 2.2288
14840 7420.0 3.2266 2.6932 3.2266 1.0158 2.2236
14850 7425.0 3.2169 3.4566 3.2169 0.9993 2.2461
14860 7430.0 3.2381 1.9161 3.2381 0.9968 2.2158
14870 7435.0 3.2705 0.4357 3.2705 1.0014 2.1592
14880 7440.0 3.2725 0.3781 3.2725 0.9883 2.1712
14890 7445.0 3.2532 1.0962 3.2532 0.9929 2.2531
14900 7450.0 3.2395 1.8288 3.2395 0.9988 2.3185
14910 7455.0 3.2379 1.9280 3.2379 0.9809 2.3345
14920 7460.0 3.2576 0.8976 3.2576 0.9962 2.2916
14930 7465.0 3.2662 0.5728 3.2662 0.9840 2.2825
14940 7470.0 3.2916 0.0352 3.2916 1.0110 2.2490
14950 7475.0 3.3024 0.0030 3.3024 0.9697 2.1824
14960 7480.0 3.2420 1.6807 3.2420 1.0204 2.1105
14970 7485.0 3.2898 0.0525 3.2898 0.9636 2.2139
14980 7490.0 3.2480 1.3509 3.2480 1.0225 2.2105
14990 7495.0 3.2587 0.8531 3.2587 0.9585 2.2746
15000 7500.0 3.2374 1.9566 3.2374 1.0100 2.2593
15010 7505.0 3.2111 3.9498 3.2111 0.9874 2.2361
15020 7510.0 3.2139 3.7048 3.2139 1.0060 2.1582
15030 7515.0 3.1960 5.4073 3.1960 0.9640 2.1104
15040 7520.0 3.2008 4.9200 3.2008 0.9722 2.1367
15050 7525.0 3.2232 2.9515 3.2232 1.0073 2.2250
15060 7530.0 3.2332 2.2304 3.2332 0.9649 2.2847
15070 7535.0 3.2108 3.9774 3.2108 1.0131 2.2851
15080 7540.0 3.2442 1.5586 3.2442 0.9686 2.3703
15090 7545.0 3.2296 2.4803 3.2296 0.9882 2.3752
15100 7550.0 3.2318 2.3261 3.2318 1.0184 2.3534
15110 7555.0 3.2140 3.6956 3.2140 0.9801 2.3670
15120 7560.0 3.2083 4.2090 3.2083 1.0032 2.2761
15130 7565.0 3.2054 4.4721 3.2054 0.9909 2.2549
15140 7570.0 3.1956 5.4528 3.1956 0.9975 2.2590
15150 7575.0 3.2009 4.9097 3.2009 1.0073 2.2791
15160 7580.0 3.2088 4.1586 3.2088 0.9607 2.3592
15170 7585.0 3.2103 4.0212 3.2103 0.9845 2.2610
15180 7590.0 3.2248 2.8284 3.2248 1.0165 2.2135
15190 7595.0 3.2246 2.8404 3.2246 0.9939 2.1186
15200 7600.0 3.2326 2.2720 3.2326 1.0208 1.9585
15210 7605.0 3.2524 1.1351 3.2524 1.0051 1.9250
15220 7610.0 3.2520 1.1497 3.2520 0.9904 1.9572
15230 7615.0 3.2644 0.6319 3.2644 1.0228 1.9407
15240 7620.0 3.2600 0.8000 3.2600 0.9706 2.0179
15250 7625.0 3.2468 1.4131 3.2468 1.0221 2.1207
15260 7630.0 3.1614 9.6115 3.1614 0.9963 2.3537
15270 7635.0 3.1912 5.9220 3.1912 1.0413 2.3822
15280 7640.0 3.2480 1.3515 3.2480 0.9815 2.2264
15290 7645.0 3.2022 4.7801 3.2022 0.9530 2.1360
15300 7650.0 3.2126 3.8197 3.2126 1.0112 2.0992
15310 7655.0 3.1944 5.5800 3.1944 0.9640 2.1185
15320 7660.0 3.2263 2.7157 3.2263 1.0460 2.0103
15330 7665.0 3.1606 9.7196 3.1606 0.9864 2.0198
15340 7670.0 3.2128 3.8055 3.2128 1.0535 1.9714
15350 7675.0 3.1743 7.9027 3.1743 0.9787 2.0134
15360 7680.0 3.2035 4.6584 3.2035 1.0397 1.9657
15370 7685.0 3.1801 7.1889 3.1801 0.9992 2.0618
15380 7690.0 3.1644 9.1934 3.1644 1.0285 2.1764
15390 7695.0 3.1472 11.6795 3.1472 1.0087 2.2833
15400 7700.0 3.2387 1.8793 3.2387 1.0449 2.2361
15410 7705.0 3.2300 2.4483 3.2300 0.9824 2.2376
15420 7710.0 3.2352 2.0964 3.2352 1.0017 2.2267
15430 7715.0 3.2575 0.9043 3.2575 1.0044 2.1147
15440 7720.0 3.2440 1.5676 3.2440 0.9591 2.0751
15450 7725.0 3.2731 0.3625 3.2731 1.0322 2.0714
15460 7730.0 3.2327 2.2656 3.2327 0.9546 2.1400
15470 7735.0 3.2416 1.7067 3.2416 1.0062 2.1034
15480 7740.0 3.2485 1.3239 3.2485 0.9782 2.1369
15490 7745.0 3.2212 3.1049 3.2212 0.9944 2.1672
15500 7750.0 3.2085 4.1892 3.2085 1.0273 2.1575
15510 7755.0 3.1841 6.7108 3.1841 0.9817 2.1716
15520 7760.0 3.2406 1.7636 3.2406 1.0331 2.1120
15530 7765.0 3.2129 3.7893 3.2129 0.9737 2.1835
15540 7770.0 3.2377 1.9410 3.2377 1.0195 2.1861
15550 7775.0 3.2345 2.1452 3.2345 0.9678 2.2203
15560 7780.0 3.2367 2.0037 3.2367 0.9684 2.2383
15570 7785.0 3.2357 2.0703 3.2357 1.0165 2.2673
15580 7790.0 3.2077 4.2590 3.2077 0.9666 2.2912
15590 7795.0 3.2479 1.3571 3.2479 1.0234 2.2129
15600 7800.0 3.2400 1.7979 3.2400 0.9654 2.2009
15610 7805.0 3.2454 1.4898 3.2454 0.9751 2.1722
15620 7810.0 3.2202 3.1868 3.2202 1.0227 2.1172
15630 7815.0 3.2245 2.8505 3.2245 0.9588 2.1418
15640 7820.0 3.2422 1.6696 3.2422 1.0136 2.1078
15650 7825.0 3.2240 2.8862 3.2240 0.9957 2.1524
15660 7830.0 3.2352 2.0990 3.2352 1.0035 2.1682
15670 7835.0 3.1911 5.9276 3.1911 0.9780 2.2107
15680 7840.0 3.2236 2.9198 3.2236 0.9852 2.2941
15690 7845.0 3.2203 3.1790 3.2203 1.0250 2.3600
15700 7850.0 3.2111 3.9539 3.2111 0.9851 2.3007
15710 7855.0 3.1898 6.0678 3.1898 0.9797 2.2384
15720 7860.0 3.2068 4.3455 3.2068 1.0028 2.2378
15730 7865.0 3.2044 4.5738 3.2044 0.9914 2.3226
15740 7870.0 3.2102 4.0344 3.2102 1.0067 2.3399
15750 7875.0 3.2104 4.0097 3.2104 0.9972 2.3275
15760 7880.0 3.2267 2.6864 3.2267 0.9959 2.3666
15770 7885.0 3.2264 2.7116 3.2264 0.9906 2.3335
15780 7890.0 3.2307 2.4030 3.2307 0.9880 2.3318
15790 7895.0 3.2249 2.8196 3.2249 0.9702 2.4120
15800 7900.0 3.2515 1.1781 3.2515 1.0063 2.4098
15810 7905.0 3.2639 0.6519 3.2639 0.9723 2.3343
15820 7910.0 3.2689 0.4823 3.2689 0.9920 2.2402
15830 7915.0 3.2709 0.4231 3.2709 1.0022 2.2120
15840 7920.0 3.2644 0.6352 3.2644 0.9697 2.2721
15850 7925.0 3.2438 1.5772 3.2438 0.9952 2.3237
15860 7930.0 3.1971 5.2938 3.1971 0.9744 2.4161
15870 7935.0 3.1664 8.9285 3.1664 0.9860 2.4631
15880 7940.0 3.1764 7.6409 3.1764 0.9907 2.4245
15890 7945.0 3.2092 4.1198 3.2092 0.9839 2.3481
15900 7950.0 3.2373 1.9626 3.2373 1.0013 2.2834
15910 7955.0 3.2343 2.1584 3.2343 0.9809 2.3013
15920 7960.0 3.2147 3.6355 3.2147 0.9692 2.3603
15930 7965.0 3.2037 4.6391 3.2037 0.9965 2.4148
15940 7970.0 3.1853 6.5827 3.1853 0.9858 2.4318
15950 7975.0 3.1831 6.8384 3.1831 1.0204 2.3690
15960 7980.0 3.1713 8.2775 3.1713 0.9907 2.3174
15970 7985.0 3.2517 1.1654 3.2517 1.0062 2.2031
15980 7990.0 3.2613 0.7490 3.2613 0.9720 2.1893
15990 7995.0 3.2505 1.2251 3.2505 0.9968 2.1576
16000 8000.0 3.2593 0.8264 3.2593 0.9757 2.1840
16010 8005.0 3.2436 1.5930 3.2436 0.9969 2.2058
16020 8010.0 3.2157 3.5565 3.2157 1.0002 2.2541
16030 8015.0 3.2397 1.8193 3.2397 0.9909 2.2417
16040 8020.0 3.2107 3.9861 3.2107 0.9750 2.2176
16050 8025.0 3.1892 6.1396 3.1892 0.9742 2.2579
16060 8030.0 3.1870 6.3883 3.1870 1.0033 2.3835
16070 8035.0 3.1601 9.7854 3.1601 0.9836 2.4525
16080 8040.0 3.2055 4.4613 3.2055 1.0075 2.3504
16090 8045.0 3.1872 6.3668 3.1872 0.9844 2.2453
16100 8050.0 3.1999 5.0124 3.1999 0.9847 2.2638
16110 8055.0 3.1870 6.3843 3.1870 0.9934 2.3231
16120 8060.0 3.1720 8.1930 3.1720 1.0067 2.3579
16130 8065.0 3.1527 10.8550 3.1527 1.0055 2.4209
16140 8070.0 3.1811 7.0745 3.1811 1.0235 2.4542
16150 8075.0 3.2083 4.2040 3.2083 0.9773 2.4640
16160 8080.0 3.2159 3.5333 3.2159 0.9993 2.4380
16170 8085.0 3.2509 1.2045 3.2509 1.0038 2.5249
16180 8090.0 3.2120 3.8740 3.2120 0.9707 2.5337
16190 8095.0 3.2273 2.6459 3.2273 1.0195 2.5018
16200 8100.0 3.2088 4.1565 3.2088 0.9580 2.5091
16210 8105.0 3.2595 0.8217 3.2595 1.0203 2.4978
16220 8110.0 3.2677 0.5202 3.2677 0.9246 2.4661
16230 8115.0 3.2233 2.9445 3.2233 1.0275 2.3062
16240 8120.0 3.2374 1.9584 3.2374 0.9667 2.3790
16250 8125.0 3.2346 2.1386 3.2346 0.9986 2.3785
16260 8130.0 3.2218 3.0580 3.2218 1.0016 2.3318
16270 8135.0 3.2209 3.1290 3.2209 0.9377 2.4095
16280 8140.0 3.2339 2.1841 3.2339 1.0174 2.4546
16290 8145.0 3.2204 3.1695 3.2204 0.9613 2.5333
16300 8150.0 3.2714 0.4078 3.2714 1.0176 2.4487
16310 8155.0 3.2775 0.2539 3.2775 0.9744 2.3557
16320 8160.0 3.2522 1.1417 3.2522 0.9914 2.3904
16330 8165.0 3.2465 1.4322 3.2465 0.9975 2.3899
16340 8170.0 3.2589 0.8444 3.2589 0.9879 2.2752
16350 8175.0 3.2474 1.3821 3.2474 0.9927 2.2069
16360 8180.0 3.2264 2.7089 3.2264 1.0117 2.2429
16370 8185.0 3.1499 11.2649 3.1499 1.0129 2.3063
16380 8190.0 3.2029 4.7098 3.2029 1.0081 2.1919
16390 8195.0 3.2500 1.2524 3.2500 1.0181 2.0839
16400 8200.0 3.2327 2.2657 3.2327 0.9945 2.0733
16410 8205.0 3.2363 2.0300 3.2363 0.9967 2.0430
16420 8210.0 3.2144 3.6623 3.2144 1.0054 1.9675
16430 8215.0 3.2087 4.1698 3.2087 0.9785 1.9813
16440 8220.0 3.2574 0.9089 3.2574 1.0198 2.0571
16450 8225.0 3.1937 5.6506 3.1937 0.9843 2.1963
16460 8230.0 3.2398 1.8150 3.2398 1.0213 2.1996
16470 8235.0 3.2323 2.2901 3.2323 0.9870 2.1971
16480 8240.0 3.1898 6.0728 3.1898 0.9699 2.1802
16490 8245.0 3.2129 3.7935 3.2129 0.9779 2.1677
16500 8250.0 3.2371 1.9777 3.2371 0.9730 2.1530
16510 8255.0 3.2445 1.5405 3.2445 1.0133 2.1250
16520 8260.0 3.2160 3.5274 3.2160 0.9805 2.1757
16530 8265.0 3.2329 2.2480 3.2329 1.0211 2.1435
16540 8270.0 3.1937 5.6500 3.1937 0.9870 2.1537
16550 8275.0 3.1765 7.6282 3.1765 1.0033 2.1781
16560 8280.0 3.1820 6.9561 3.1820 1.0080 2.2671
16570 8285.0 3.1641 9.2342 3.1641 1.0212 2.3230
16580 8290.0 3.1815 7.0252 3.1815 1.0137 2.3015
16590 8295.0 3.2112 3.9426 3.2112 1.0105 2.2775
16600 8300.0 3.2190 3.2805 3.2190 0.9850 2.2948
16610 8305.0 3.2730 0.3640 3.2730 0.9961 2.2386
16620 8310.0 3.2878 0.0749 3.2878 0.9725 2.1927
16630 8315.0 3.3024 0.0029 3.3024 1.0067 2.1678
16640 8320.0 3.3059 0.0174 3.3059 0.9498 2.2250
16650 8325.0 3.3152 0.1161 3.3152 1.0161 2.1754
16660 8330.0 3.3073 0.0263 3.3073 0.9604 2.1841
16670 8335.0 3.2885 0.0656 3.2885 1.0296 2.1383
16680 8340.0 3.2344 2.1524 3.2344 0.9534 2.2387
16690 8345.0 3.2422 1.6711 3.2422 1.0049 2.2300
16700 8350.0 3.2808 0.1845 3.2808 0.9723 2.2257
16710 8355.0 3.2051 4.5001 3.2051 0.9799 2.2191
16720 8360.0 3.2309 2.3881 3.2309 0.9711 2.3329
16730 8365.0 3.2067 4.3491 3.2067 1.0013 2.4995
16740 8370.0 3.1339 13.8027 3.1339 0.9984 2.5740
16750 8375.0 3.2260 2.7412 3.2260 1.0227 2.3771
16760 8380.0 3.2565 0.9449 3.2565 0.9993 2.2162
16770 8385.0 3.2537 1.0714 3.2537 1.0046 2.1613
16780 8390.0 3.2520 1.1534 3.2520 0.9893 2.1403
16790 8395.0 3.2334 2.2145 3.2334 0.9748 2.1107
16800 8400.0 3.2180 3.3606 3.2180 1.0060 2.0673
16810 8405.0 3.2179 3.3704 3.2179 0.9914 2.1510
16820 8410.0 3.1744 7.8872 3.1744 1.0134 2.2571
16830 8415.0 3.2035 4.6525 3.2035 0.9903 2.2901
16840 8420.0 3.2309 2.3842 3.2309 0.9886 2.2246
16850 8425.0 3.2060 4.4170 3.2060 0.9682 2.2539
16860 8430.0 3.2088 4.1591 3.2088 0.9780 2.2730
16870 8435.0 3.2155 3.5666 3.2155 0.9763 2.1983
16880 8440.0 3.2451 1.5084 3.2451 0.9709 2.1016
16890 8445.0 3.2744 0.3289 3.2744 0.9928 2.0483
16900 8450.0 3.2439 1.5752 3.2439 1.0014 2.0428
16910 8455.0 3.2272 2.6505 3.2272 0.9777 2.0812
16920 8460.0 3.2685 0.4955 3.2685 0.9956 2.0815
16930 8465.0 3.2528 1.1149 3.2528 0.9955 2.1122
16940 8470.0 3.2017 4.8267 3.2017 0.9779 2.2360
16950 8475.0 3.1874 6.3345 3.1874 1.0151 2.3778
16960 8480.0 3.1439 12.1839 3.1439 1.0131 2.4197
16970 8485.0 3.1633 9.3462 3.1633 1.0150 2.4312
16980 8490.0 3.1995 5.0548 3.1995 1.0127 2.3290
16990 8495.0 3.2090 4.1417 3.2090 0.9998 2.2658
17000 8500.0 3.1984 5.1571 3.1984 1.0301 2.1990
17010 8505.0 3.1675 8.7758 3.1675 0.9713 2.2002
17020 8510.0 3.2155 3.5675 3.2155 1.0373 2.1098
17030 8515.0 3.2177 3.3859 3.2177 0.9447 2.1838
17040 8520.0 3.1831 6.8383 3.1831 1.0201 2.1629
17050 8525.0 3.2445 1.5389 3.2445 0.9409 2.3295
17060 8530.0 3.2226 2.9920 3.2226 1.0017 2.3813
17070 8535.0 3.1722 8.1687 3.1722 0.9926 2.4022
17080 8540.0 3.1736 7.9910 3.1736 0.9984 2.3947
17090 8545.0 3.2023 4.7767 3.2023 1.0016 2.3630
17100 8550.0 3.2203 3.1749 3.2203 0.9423 2.3658
17110 8555.0 3.1566 10.2861 3.1566 1.0020 2.3413
17120 8560.0 3.2222 3.0281 3.2222 0.9403 2.3830
17130 8565.0 3.2455 1.4850 3.2455 1.0386 2.3378
17140 8570.0 3.1096 18.1302 3.1096 0.9992 2.4181
17150 8575.0 3.1727 8.1064 3.1727 1.0663 2.3600
17160 8580.0 3.2201 3.1896 3.2201 0.9709 2.3588
17170 8585.0 3.1736 7.9947 3.1736 0.9588 2.3634
17180 8590.0 3.1584 10.0294 3.1584 0.9987 2.2196
17190 8595.0 3.2172 3.4279 3.2172 0.9613 2.2304
17200 8600.0 3.2166 3.4761 3.2166 1.0175 2.1791
17210 8605.0 3.2292 2.5050 3.2292 0.9748 2.2004
17220 8610.0 3.2045 4.5554 3.2045 0.9818 2.2868
17230 8615.0 3.2425 1.6536 3.2425 1.0360 2.4493
17240 8620.0 3.1539 10.6703 3.1539 0.9789 2.4522
17250 8625.0 3.2631 0.6794 3.2631 1.0448 2.3189
17260 8630.0 3.2227 2.9910 3.2227 0.9200 2.3686
17270 8635.0 3.1246 15.3841 3.1246 1.0324 2.3185
17280 8640.0 3.2330 2.2466 3.2330 0.9393 2.4726
17290 8645.0 3.2391 1.8556 3.2391 1.0308 2.4529
17300 8650.0 3.2571 0.9199 3.2571 0.9861 2.4219
17310 8655.0 3.2594 0.8223 3.2594 0.9785 2.4652
17320 8660.0 3.2502 1.2379 3.2502 1.0223 2.5101
17330 8665.0 3.2638 0.6539 3.2638 0.9347 2.4273
17340 8670.0 3.1375 13.2056 3.1375 1.0042 2.2982
17350 8675.0 3.2533 1.0901 3.2533 0.9506 2.4097
17360 8680.0 3.2261 2.7319 3.2261 1.0245 2.4954
17370 8685.0 3.1958 5.4275 3.1958 0.9917 2.4816
17380 8690.0 3.2676 0.5239 3.2676 0.9781 2.4556
17390 8695.0 3.2001 4.9924 3.2001 0.9968 2.3063
17400 8700.0 3.2267 2.6829 3.2267 0.9478 2.3332
17410 8705.0 3.2599 0.8020 3.2599 1.0433 2.2633
17420 8710.0 3.2537 1.0700 3.2537 0.9569 2.3277
17430 8715.0 3.2559 0.9735 3.2559 1.0030 2.3690
17440 8720.0 3.2394 1.8355 3.2394 1.0018 2.4484
17450 8725.0 3.2649 0.6171 3.2649 0.9838 2.3864
17460 8730.0 3.2038 4.6304 3.2038 0.9781 2.2862
17470 8735.0 3.2570 0.9244 3.2570 0.9576 2.2955
17480 8740.0 3.2590 0.8417 3.2590 1.0110 2.2423
17490 8745.0 3.2437 1.5842 3.2437 0.9740 2.1516
17500 8750.0 3.2339 2.1861 3.2339 0.9976 2.0741
17510 8755.0 3.2155 3.5664 3.2155 0.9843 2.0784
17520 8760.0 3.2417 1.7001 3.2417 0.9940 2.0604
17530 8765.0 3.2131 3.7768 3.2131 0.9931 2.0711
17540 8770.0 3.2295 2.4830 3.2295 0.9847 2.2048
17550 8775.0 3.2497 1.2634 3.2497 1.0268 2.3246
17560 8780.0 3.2237 2.9100 3.2237 0.9806 2.3152
17570 8785.0 3.2294 2.4898 3.2294 0.9681 2.2734
17580 8790.0 3.1902 6.0231 3.1902 0.9951 2.2642
17590 8795.0 3.2282 2.5749 3.2282 0.9939 2.3002
17600 8800.0 3.2174 3.4106 3.2174 0.9683 2.3883
17610 8805.0 3.2429 1.6308 3.2429 1.0029 2.2529
17620 8810.0 3.2556 0.9857 3.2556 1.0082 2.1617
17630 8815.0 3.2312 2.3671 3.2312 0.9805 2.1400
17640 8820.0 3.2535 1.0823 3.2535 1.0270 2.0611
17650 8825.0 3.2155 3.5735 3.2155 0.9645 2.0772
17660 8830.0 3.2769 0.2678 3.2769 1.0337 2.1130
17670 8835.0 3.2244 2.8556 3.2244 0.9740 2.3362
17680 8840.0 3.2491 1.2939 3.2491 1.0146 2.3672
17690 8845.0 3.2486 1.3221 3.2486 0.9832 2.2470
17700 8850.0 3.2562 0.9607 3.2562 0.9629 2.2276
17710 8855.0 3.2498 1.2610 3.2498 1.0193 2.2436
17720 8860.0 3.2221 3.0361 3.2221 0.9759 2.3549
17730 8865.0 3.2852 0.1097 3.2852 1.0190 2.4434
17740 8870.0 3.2900 0.0504 3.2900 0.9815 2.3758
17750 8875.0 3.3149 0.1108 3.3149 0.9965 2.3355
17760 8880.0 3.3124 0.0766 3.3124 0.9933 2.3563
17770 8885.0 3.2689 0.4827 3.2689 0.9918 2.3881
17780 8890.0 3.2408 1.7519 3.2408 0.9964 2.3339
17790 8895.0 3.2128 3.8052 3.2128 0.9775 2.3675
17800 8900.0 3.2009 4.9095 3.2009 1.0104 2.3672
17810 8905.0 3.2125 3.8280 3.2125 0.9504 2.4069
17820 8910.0 3.1647 9.1508 3.1647 0.9751 2.3753
17830 8915.0 3.1728 8.0859 3.1728 0.9847 2.3189
17840 8920.0 3.2174 3.4133 3.2174 0.9702 2.3818
17850 8925.0 3.1851 6.5957 3.1851 1.0114 2.4247
17860 8930.0 3.1907 5.9746 3.1907 0.9888 2.3705
17870 8935.0 3.2135 3.7410 3.2135 0.9967 2.2204
17880 8940.0 3.1856 6.5437 3.1856 0.9795 2.1427
17890 8945.0 3.2225 3.0014 3.2225 0.9902 2.1509
17900 8950.0 3.2203 3.1796 3.2203 1.0177 2.1443
17910 8955.0 3.2133 3.7586 3.2133 0.9950 2.1069
17920 8960.0 3.2209 3.1314 3.2209 1.0253 2.0654
17930 8965.0 3.2034 4.6686 3.2034 0.9863 2.1235
17940 8970.0 3.1998 5.0177 3.1998 1.0152 2.1070
17950 8975.0 3.2034 4.6638 3.2034 0.9411 2.1374
17960 8980.0 3.1618 9.5533 3.1618 1.0096 2.1259
17970 8985.0 3.1645 9.1845 3.1645 0.9817 2.2550
17980 8990.0 3.1681 8.7046 3.1681 0.9669 2.2808
17990 8995.0 3.2138 3.7149 3.2138 1.0398 2.1458
18000 9000.0 3.2341 2.1724 3.2341 0.9442 2.1142
