# step  time_fs  cv_FeH(A)  bias(kJ/mol)  d_min_FeH(A)  d_min_OH(A)  d_min_SH(A)
0 0.0 1.7182 1499.5117 1.7182 2.5114 2.4126
10 5.0 2.7112 272.8763 2.7112 1.6779 2.3059
20 10.0 2.7526 243.1562 2.7526 1.4143 2.6626
30 15.0 2.9694 115.4784 2.9694 1.3681 2.2791
40 20.0 3.0314 87.6266 3.0314 1.1048 2.6400
50 25.0 3.3659 3.5338 3.3659 1.3938 2.5426
60 30.0 3.3888 1.8708 3.3888 1.2969 2.4845
70 35.0 3.3166 8.9031 3.3166 0.8852 2.4917
80 40.0 3.3592 4.1256 3.3592 1.2693 2.1858
90 45.0 3.1759 37.5687 3.1759 0.9654 2.2075
100 50.0 3.4562 0.0189 3.4562 1.1633 2.3806
110 55.0 3.2942 12.1358 3.2942 1.0507 2.5989
120 60.0 3.3180 8.7173 3.3180 1.0767 2.5968
130 65.0 3.4209 0.4231 3.4209 1.1921 2.3802
140 70.0 3.2659 16.9373 3.2659 0.8990 2.3019
150 75.0 3.4455 0.0102 3.4455 1.2619 2.4304
160 80.0 3.3012 11.0741 3.3012 1.2132 2.4720
170 85.0 3.4322 0.1583 3.4322 1.1881 2.5634
180 90.0 3.4031 1.1011 3.4031 1.1032 2.4943
190 95.0 3.3168 8.8697 3.3168 1.1107 2.4495
200 100.0 3.4090 0.8397 3.4090 1.0003 2.5252
210 105.0 3.3365 6.4458 3.3365 1.1517 2.5936
220 110.0 3.3551 4.5052 3.3551 0.9216 2.4296
230 115.0 3.4449 0.0131 3.4449 1.1589 2.4739
240 120.0 3.2398 22.0888 3.2398 0.9447 2.6188
250 125.0 3.3641 3.6864 3.3641 1.1126 2.5543
260 130.0 3.2805 14.3734 3.2805 0.9896 2.5117
270 135.0 3.3025 10.8835 3.3025 1.0785 2.5619
280 140.0 3.3573 4.2952 3.3573 1.0384 2.6053
290 145.0 3.3409 5.9505 3.3409 1.0284 2.5992
300 150.0 3.3269 7.5744 3.3269 1.0788 2.3594
310 155.0 3.3494 5.0572 3.3494 0.9519 2.3787
320 160.0 3.3606 3.9932 3.3606 1.1086 2.4812
330 165.0 3.3850 2.1120 3.3850 0.9230 2.3894
340 170.0 3.3607 3.9910 3.3607 1.0512 2.3101
350 175.0 3.3063 10.3226 3.3063 0.9752 2.5251
360 180.0 3.3983 1.3355 3.3983 1.0446 2.4064
370 185.0 3.3493 5.0673 3.3493 0.9684 2.2082
380 190.0 3.3963 1.4421 3.3963 1.0300 2.3465
390 195.0 3.3071 10.2070 3.3071 0.9821 2.4287
400 200.0 3.3863 2.0297 3.3863 1.0406 2.1841
410 205.0 3.4009 1.2056 3.4009 0.9577 2.2475
420 210.0 3.3958 1.4696 3.3958 1.0796 2.4051
430 215.0 3.4437 0.0200 3.4437 0.9439 2.3652
440 220.0 3.4046 1.0311 3.4046 1.0500 2.2841
450 225.0 3.2840 13.7765 3.2840 0.9744 2.4787
460 230.0 3.3244 7.8927 3.3244 1.0685 2.4072
470 235.0 3.4185 0.4954 3.4185 0.9537 2.2302
480 240.0 3.4377 0.0754 3.4377 1.0252 2.2109
490 245.0 3.2733 15.6054 3.2733 1.0232 2.4216
500 250.0 3.4193 0.4711 3.4193 1.0383 2.2566
510 255.0 3.3394 6.1113 3.3394 0.9732 2.1445
520 260.0 3.3475 5.2483 3.3475 1.0654 2.3261
530 265.0 3.2820 14.1115 3.2820 0.9764 2.4107
540 270.0 3.3919 1.6901 3.3919 1.0694 2.1502
550 275.0 3.3952 1.5006 3.3952 0.9932 2.2589
560 280.0 3.3107 9.7024 3.3107 1.0299 2.4151
570 285.0 3.3176 8.7661 3.3176 0.9858 2.2446
580 290.0 3.3779 2.6003 3.3779 1.0263 2.3144
590 295.0 3.2700 16.1999 3.2700 1.0236 2.5271
600 300.0 3.3582 4.2129 3.3582 1.0302 2.4170
610 305.0 3.4541 0.0083 3.4541 1.1098 2.3089
620 310.0 3.3614 3.9293 3.3614 0.9386 2.4557
630 315.0 3.4486 0.0010 3.4486 1.1004 2.3838
640 320.0 3.3309 7.0918 3.3309 0.9240 2.3182
650 325.0 3.4290 0.2212 3.4290 1.0900 2.4123
660 330.0 3.2989 11.4124 3.2989 0.9667 2.5332
670 335.0 3.3449 5.5256 3.3449 1.0673 2.4705
680 340.0 3.4123 0.7112 3.4123 1.0402 2.3835
690 345.0 3.4021 1.1490 3.4021 0.9888 2.4050
700 350.0 3.4260 0.2876 3.4260 1.0420 2.3308
710 355.0 3.3693 3.2565 3.3693 0.9827 2.1939
720 360.0 3.4412 0.0384 3.4412 1.0207 2.2639
730 365.0 3.2936 12.2316 3.2936 1.0301 2.5116
740 370.0 3.3861 2.0386 3.3861 1.0119 2.4864
750 375.0 3.4186 0.4925 3.4186 0.9850 2.3624
760 380.0 3.4673 0.1492 3.4673 0.9953 2.3858
770 385.0 3.3928 1.6354 3.3928 1.0380 2.4153
780 390.0 3.4186 0.4920 3.4186 1.0183 2.3233
790 395.0 3.4726 0.2552 3.4726 0.9916 2.2382
800 400.0 3.4343 0.1232 3.4343 1.0293 2.2460
810 405.0 3.4104 0.7829 3.4104 1.0173 2.3944
820 410.0 3.3892 1.8473 3.3892 0.9981 2.4728
830 415.0 3.3993 1.2836 3.3993 0.9996 2.5630
840 420.0 3.3194 8.5224 3.3194 1.0506 2.5936
850 425.0 3.3737 2.9076 3.3737 0.9926 2.4732
860 430.0 3.4256 0.2985 3.4256 1.0604 2.3743
870 435.0 3.4000 1.2507 3.4000 0.9861 2.4239
880 440.0 3.3550 4.5153 3.3550 1.0679 2.3582
890 445.0 3.3676 3.3973 3.3676 0.9910 2.4418
900 450.0 3.3402 6.0272 3.3402 1.0482 2.5096
910 455.0 3.3665 3.4836 3.3665 0.9856 2.4454
920 460.0 3.3245 7.8783 3.3245 1.0507 2.4828
930 465.0 3.3137 9.2826 3.3137 0.9992 2.5090
940 470.0 3.3641 3.6936 3.3641 1.0310 2.4052
950 475.0 3.3691 3.2727 3.3691 1.0007 2.4150
960 480.0 3.3873 1.9658 3.3873 1.0388 2.3533
970 485.0 3.3572 4.3053 3.3572 1.0187 2.2398
980 490.0 3.4045 1.0357 3.4045 1.0315 2.3223
990 495.0 3.3393 6.1276 3.3393 1.0491 2.4094
1000 500.0 3.3709 3.1293 3.3709 0.9867 2.3145
1010 505.0 3.4040 1.0575 3.4040 1.0929 2.3647
1020 510.0 3.3078 10.1054 3.3078 0.9664 2.5086
1030 515.0 3.3913 1.7221 3.3913 1.0738 2.4736
1040 520.0 3.4125 0.7025 3.4125 1.0040 2.4508
1050 525.0 3.3556 4.4574 3.3556 1.0705 2.4578
1060 530.0 3.4000 1.2516 3.4000 1.0469 2.4700
1070 535.0 3.3816 2.3361 3.3816 1.0014 2.3681
1080 540.0 3.4116 0.7371 3.4116 1.0896 2.4076
1090 545.0 3.3776 2.6219 3.3776 0.9899 2.4004
1100 550.0 3.3944 1.5473 3.3944 1.0803 2.3587
1110 555.0 3.3299 7.2141 3.3299 1.0141 2.4563
1120 560.0 3.3169 8.8569 3.3169 1.0284 2.4499
1130 565.0 3.4042 1.0484 3.4042 1.0413 2.3407
1140 570.0 3.3557 4.4435 3.3557 0.9962 2.3578
1150 575.0 3.3907 1.7575 3.3907 1.0999 2.2941
1160 580.0 3.3186 8.6302 3.3186 0.9741 2.3154
1170 585.0 3.3429 5.7366 3.3429 1.1107 2.4454
1180 590.0 3.3535 4.6516 3.3535 1.0052 2.3689
1190 595.0 3.3304 7.1566 3.3304 1.0587 2.4314
1200 600.0 3.3191 8.5634 3.3191 1.0959 2.4850
1210 605.0 3.3196 8.4976 3.3196 0.9569 2.4996
1220 610.0 3.3206 8.3785 3.3206 1.0652 2.3554
1230 615.0 3.2998 11.2822 3.2998 0.9604 2.4744
1240 620.0 3.3062 10.3365 3.3062 1.0646 2.4862
1250 625.0 3.3352 6.5846 3.3352 0.9455 2.4778
1260 630.0 3.3223 8.1543 3.3223 1.0784 2.4830
1270 635.0 3.3264 7.6346 3.3264 0.9407 2.5009
1280 640.0 3.3386 6.2013 3.3386 1.0901 2.4802
1290 645.0 3.3345 6.6680 3.3345 0.9308 2.5649
1300 650.0 3.3508 4.9252 3.3508 1.0631 2.5348
1310 655.0 3.3102 9.7681 3.3102 0.9475 2.5648
1320 660.0 3.3325 6.9059 3.3325 1.0476 2.5462
1330 665.0 3.3261 7.6714 3.3261 0.9551 2.5190
1340 670.0 3.3488 5.1166 3.3488 1.0330 2.5059
1350 675.0 3.3353 6.5785 3.3353 0.9765 2.5700
1360 680.0 3.3206 8.3721 3.3206 1.0217 2.5362
1370 685.0 3.3480 5.1980 3.3480 0.9886 2.5446
1380 690.0 3.3637 3.7203 3.3637 1.0285 2.5185
1390 695.0 3.3688 3.2947 3.3688 0.9902 2.4024
1400 700.0 3.3782 2.5808 3.3782 0.9943 2.4171
1410 705.0 3.3803 2.4316 3.3803 1.0209 2.3607
1420 710.0 3.3950 1.5152 3.3950 0.9708 2.4546
1430 715.0 3.3902 1.7907 3.3902 1.0609 2.5768
1440 720.0 3.3226 8.1179 3.3226 1.0095 2.5915
1450 725.0 3.3392 6.1390 3.3392 1.0256 2.6254
1460 730.0 3.3441 5.6090 3.3441 1.0229 2.4933
1470 735.0 3.4050 1.0113 3.4050 1.0155 2.4552
1480 740.0 3.3826 2.2710 3.3826 0.9894 2.4716
1490 745.0 3.3915 1.7116 3.3915 1.0318 2.3867
1500 750.0 3.3893 1.8447 3.3893 0.9689 2.5191
1510 755.0 3.3806 2.4059 3.3806 1.0758 2.5200
1520 760.0 3.3606 3.9937 3.3606 1.0568 2.6175
1530 765.0 3.3477 5.2283 3.3477 1.0088 2.7316
1540 770.0 3.3566 4.3615 3.3566 1.1317 2.6172
1550 775.0 3.3815 2.3452 3.3815 0.9596 2.7373
1560 780.0 3.4135 0.6649 3.4135 1.1247 2.6988
1570 785.0 3.3406 5.9867 3.3406 1.0681 2.7118
1580 790.0 3.2929 12.3395 3.2929 1.0101 2.6146
1590 795.0 3.4200 0.4508 3.4200 1.0559 2.7168
1600 800.0 3.4155 0.5959 3.4155 1.0169 2.6520
1610 805.0 3.3619 3.8827 3.3619 1.0004 2.7334
1620 810.0 3.3535 4.6524 3.3535 1.0117 2.6284
1630 815.0 3.3186 8.6325 3.3186 1.0714 2.6250
1640 820.0 3.3563 4.3911 3.3563 1.0189 2.5669
1650 825.0 3.3661 3.5222 3.3661 1.0230 2.6443
1660 830.0 3.4286 0.2299 3.4286 1.0821 2.6384
1670 835.0 3.3628 3.7988 3.3628 0.9595 2.6648
1680 840.0 3.4470 0.0045 3.4470 1.0830 2.5153
1690 845.0 3.3917 1.7018 3.3917 0.9499 2.5156
1700 850.0 3.3842 2.1620 3.3842 1.0726 2.6441
1710 855.0 3.3889 1.8663 3.3889 0.9488 2.6296
1720 860.0 3.2717 15.8931 3.2717 1.0454 2.4941
1730 865.0 3.3544 4.5721 3.3544 0.9522 2.6258
1740 870.0 3.3655 3.5681 3.3655 1.0641 2.6270
1750 875.0 3.3681 3.3518 3.3681 0.9461 2.5768
1760 880.0 3.3901 1.7957 3.3901 1.0412 2.6736
1770 885.0 3.3680 3.3599 3.3680 0.9620 2.5636
1780 890.0 3.3015 11.0250 3.3015 1.0169 2.5994
1790 895.0 3.3569 4.3361 3.3569 0.9794 2.5419
1800 900.0 3.3718 3.0592 3.3718 1.0106 2.4822
1810 905.0 3.4322 0.1588 3.4322 0.9888 2.6475
1820 910.0 3.4496 0.0001 3.4496 0.9834 2.6654
1830 915.0 3.4213 0.4112 3.4213 0.9985 2.6832
1840 920.0 3.4158 0.5863 3.4158 0.9648 2.6037
1850 925.0 3.3240 7.9379 3.3240 1.0166 2.4949
1860 930.0 3.4054 0.9949 3.4054 0.9728 2.6334
1870 935.0 3.3620 3.8760 3.3620 1.0107 2.5370
1880 940.0 3.3842 2.1664 3.3842 0.9629 2.5689
1890 945.0 3.3622 3.8582 3.3622 1.0167 2.5141
1900 950.0 3.3615 3.9163 3.3615 0.9715 2.4314
1910 955.0 3.3831 2.2398 3.3831 0.9994 2.5122
1920 960.0 3.3192 8.5507 3.3192 1.0004 2.5889
1930 965.0 3.3415 5.8849 3.3415 0.9715 2.5187
1940 970.0 3.2951 11.9918 3.2951 0.9934 2.4706
1950 975.0 3.2907 12.6880 3.2907 0.9866 2.5646
1960 980.0 3.3042 10.6273 3.3042 0.9814 2.6206
1970 985.0 3.2729 15.6788 3.2729 1.0087 2.3417
1980 990.0 3.3429 5.7304 3.3429 0.9788 2.4890
1990 995.0 3.2567 18.6755 3.2567 0.9893 2.5435
2000 1000.0 3.2520 19.5988 3.2520 1.0288 2.2879
2010 1005.0 3.3640 3.7002 3.3640 0.9858 2.4788
2020 1010.0 3.2685 16.4691 3.2685 1.0174 2.6381
2030 1015.0 3.3236 7.9848 3.3236 1.0118 2.5272
2040 1020.0 3.3900 1.8003 3.3900 0.9935 2.6410
2050 1025.0 3.3020 10.9461 3.3020 1.0308 2.6527
2060 1030.0 3.3016 11.0121 3.3016 0.9933 2.4518
2070 1035.0 3.3776 2.6208 3.3776 1.0059 2.5358
2080 1040.0 3.3118 9.5479 3.3118 1.0377 2.7044
2090 1045.0 3.4020 1.1523 3.4020 0.9935 2.6544
2100 1050.0 3.4136 0.6630 3.4136 1.0532 2.6995
2110 1055.0 3.2644 17.2184 3.2644 1.0018 2.6203
2120 1060.0 3.3446 5.5571 3.3446 1.0209 2.6330
2130 1065.0 3.3680 3.3593 3.3680 1.0165 2.4322
2140 1070.0 3.3704 3.1680 3.3704 0.9893 2.4738
2150 1075.0 3.3767 2.6853 3.3767 1.0383 2.4233
2160 1080.0 3.3499 5.0113 3.3499 0.9759 2.3579
2170 1085.0 3.4241 0.3355 3.4241 1.0620 2.4475
2180 1090.0 3.3801 2.4429 3.3801 0.9663 2.5557
2190 1095.0 3.4336 0.1349 3.4336 1.0603 2.4567
2200 1100.0 3.4368 0.0876 3.4368 0.9511 2.3941
2210 1105.0 3.4189 0.4848 3.4189 1.0700 2.4013
2220 1110.0 3.3666 3.4805 3.3666 0.9441 2.4631
2230 1115.0 3.3922 1.6694 3.3922 1.0783 2.4339
2240 1120.0 3.4135 0.6650 3.4135 0.9427 2.4540
2250 1125.0 3.3422 5.8095 3.3422 1.0711 2.5199
2260 1130.0 3.4218 0.3981 3.4218 0.9538 2.5026
2270 1135.0 3.3986 1.3235 3.3986 1.0737 2.5141
2280 1140.0 3.3840 2.1771 3.3840 0.9813 2.5392
2290 1145.0 3.3679 3.3712 3.3679 1.0768 2.4983
2300 1150.0 3.3530 4.7038 3.3530 1.0792 2.4764
2310 1155.0 3.3358 6.5193 3.3358 0.9848 2.5282
2320 1160.0 3.3229 8.0778 3.3229 1.0773 2.5599
2330 1165.0 3.3152 9.0853 3.3152 0.9986 2.5536
2340 1170.0 3.2811 14.2581 3.2811 1.0633 2.6452
2350 1175.0 3.2998 11.2853 3.2998 1.0195 2.5620
2360 1180.0 3.2877 13.1720 3.2877 1.0285 2.5248
2370 1185.0 3.2899 12.8217 3.2899 1.0004 2.6045
2380 1190.0 3.2953 11.9641 3.2953 1.0512 2.5811
2390 1195.0 3.2916 12.5433 3.2916 1.0062 2.5584
2400 1200.0 3.2819 14.1372 3.2819 1.0175 2.5798
2410 1205.0 3.2967 11.7495 3.2967 0.9924 2.5444
2420 1210.0 3.2977 11.5919 3.2977 1.0315 2.5185
2430 1215.0 3.2868 13.3126 3.2868 1.0057 2.5377
2440 1220.0 3.3022 10.9183 3.3022 1.0104 2.4484
2450 1225.0 3.3075 10.1561 3.3075 1.0156 2.3988
2460 1230.0 3.3158 9.0009 3.3158 1.0116 2.3858
2470 1235.0 3.3217 8.2261 3.3217 1.0228 2.3387
2480 1240.0 3.3272 7.5425 3.3272 1.0078 2.3140
2490 1245.0 3.3270 7.5658 3.3270 1.0146 2.3487
2500 1250.0 3.3296 7.2443 3.3296 1.0041 2.3593
2510 1255.0 3.3411 5.9246 3.3411 1.0321 2.3564
2520 1260.0 3.3423 5.7979 3.3423 1.0594 2.4511
2530 1265.0 3.3445 5.5645 3.3445 0.9903 2.4483
2540 1270.0 3.3304 7.1575 3.3304 1.0778 2.3777
2550 1275.0 3.3237 7.9773 3.3237 1.0061 2.2737
2560 1280.0 3.3478 5.2221 3.3478 1.0313 2.3263
2570 1285.0 3.3574 4.2861 3.3574 0.9875 2.3430
2580 1290.0 3.3508 4.9218 3.3508 1.0377 2.3401
2590 1295.0 3.3636 3.7353 3.3636 0.9891 2.4390
2600 1300.0 3.3608 3.9758 3.3608 1.0237 2.4224
2610 1305.0 3.3679 3.3710 3.3679 1.0106 2.4207
2620 1310.0 3.3771 2.6581 3.3771 1.0111 2.4110
2630 1315.0 3.3807 2.3978 3.3807 1.0044 2.4115
2640 1320.0 3.3858 2.0592 3.3858 1.0133 2.3986
2650 1325.0 3.3875 1.9553 3.3875 1.0077 2.3964
2660 1330.0 3.3917 1.7008 3.3917 1.0253 2.4076
2670 1335.0 3.4032 1.0954 3.4032 1.0253 2.4462
2680 1340.0 3.3969 1.4116 3.3969 1.0229 2.4044
2690 1345.0 3.3764 2.7107 3.3764 1.0570 2.4201
2700 1350.0 3.3588 4.1568 3.3588 1.0305 2.3878
2710 1355.0 3.4236 0.3490 3.4236 1.0231 2.2806
2720 1360.0 3.4240 0.3387 3.4240 1.0211 2.2594
2730 1365.0 3.3861 2.0417 3.3861 1.0440 2.2960
2740 1370.0 3.4004 1.2316 3.4004 1.0587 2.2104
2750 1375.0 3.4149 0.6148 3.4149 0.9938 2.2674
2760 1380.0 3.4114 0.7456 3.4114 1.0749 2.2733
2770 1385.0 3.4116 0.7373 3.4116 1.0246 2.3211
2780 1390.0 3.4047 1.0257 3.4047 1.0124 2.4197
2790 1395.0 3.4174 0.5305 3.4174 1.0627 2.4594
2800 1400.0 3.4159 0.5800 3.4159 0.9713 2.5151
2810 1405.0 3.4175 0.5277 3.4175 1.0477 2.5311
2820 1410.0 3.3758 2.7497 3.3758 0.9821 2.4974
2830 1415.0 3.3948 1.5229 3.3948 1.0452 2.4960
2840 1420.0 3.4050 1.0121 3.4050 1.0046 2.4866
2850 1425.0 3.3668 3.4605 3.3668 1.0192 2.4178
2860 1430.0 3.3776 2.6222 3.3776 1.0378 2.4751
2870 1435.0 3.3893 1.8434 3.3893 0.9854 2.4342
2880 1440.0 3.3401 6.0398 3.3401 1.0416 2.3274
2890 1445.0 3.4026 1.1218 3.4026 0.9660 2.3880
2900 1450.0 3.4013 1.1880 3.4013 1.0577 2.4215
2910 1455.0 3.4147 0.6216 3.4147 0.9493 2.4881
2920 1460.0 3.4057 0.9794 3.4057 1.0736 2.5506
2930 1465.0 3.4259 0.2915 3.4259 0.9424 2.5701
2940 1470.0 3.3812 2.3678 3.3812 1.0799 2.5359
2950 1475.0 3.3887 1.8790 3.3887 0.9323 2.5073
2960 1480.0 3.4059 0.9728 3.4059 1.0931 2.4773
2970 1485.0 3.4297 0.2070 3.4297 0.9300 2.5590
2980 1490.0 3.4162 0.5712 3.4162 1.0854 2.5500
2990 1495.0 3.4570 0.0248 3.4570 0.9569 2.5416
3000 1500.0 3.4383 0.0680 3.4383 1.0762 2.5619
3010 1505.0 3.4494 0.0002 3.4494 1.0269 2.5819
3020 1510.0 3.3583 4.2049 3.3583 1.0014 2.4623
3030 1515.0 3.4431 0.0240 3.4431 1.0680 2.5202
3040 1520.0 3.2946 12.0758 3.2946 0.9961 2.6359
3050 1525.0 3.4128 0.6915 3.4128 1.0533 2.4624
3060 1530.0 3.4351 0.1110 3.4351 1.0435 2.3507
3070 1535.0 3.4280 0.2430 3.4280 0.9945 2.3567
3080 1540.0 3.3629 3.7945 3.3629 1.0789 2.2325
3090 1545.0 3.3641 3.6917 3.3641 0.9516 2.1966
3100 1550.0 3.4489 0.0006 3.4489 1.0635 2.1983
3110 1555.0 3.3920 1.6824 3.3920 0.9538 2.3673
3120 1560.0 3.3273 7.5218 3.3273 1.0601 2.3840
3130 1565.0 3.4425 0.0284 3.4425 0.9681 2.2730
3140 1570.0 3.4178 0.5184 3.4178 1.0285 2.2352
3150 1575.0 3.4097 0.8114 3.4097 0.9771 2.3141
3160 1580.0 3.4036 1.0776 3.4036 1.0192 2.3420
3170 1585.0 3.4098 0.8074 3.4098 0.9798 2.3248
3180 1590.0 3.4051 1.0092 3.4051 1.0412 2.3178
3190 1595.0 3.3751 2.8061 3.3751 0.9648 2.3579
3200 1600.0 3.4200 0.4494 3.4200 1.0639 2.2811
3210 1605.0 3.4290 0.2200 3.4290 0.9534 2.2301
3220 1610.0 3.3590 4.1423 3.3590 1.0599 2.1270
3230 1615.0 3.4189 0.4845 3.4189 0.9689 2.2587
3240 1620.0 3.4307 0.1858 3.4307 1.0752 2.3427
3250 1625.0 3.3724 3.0098 3.3724 0.9591 2.4519
3260 1630.0 3.3770 2.6643 3.3770 1.0668 2.4380
3270 1635.0 3.3655 3.5697 3.3655 0.9550 2.4423
3280 1640.0 3.4005 1.2255 3.4005 1.0681 2.3882
3290 1645.0 3.4504 0.0001 3.4504 0.9760 2.3058
3300 1650.0 3.3482 5.1861 3.3482 1.0504 2.1189
3310 1655.0 3.4139 0.6507 3.4139 0.9454 2.1804
3320 1660.0 3.4747 0.3058 3.4747 1.0753 2.2625
3330 1665.0 3.4057 0.9791 3.4057 0.9607 2.4128
3340 1670.0 3.4396 0.0543 3.4396 1.0593 2.3520
3350 1675.0 3.4464 0.0064 3.4464 0.9658 2.3908
3360 1680.0 3.4081 0.8795 3.4081 1.0988 2.4899
3370 1685.0 3.3720 3.0388 3.3720 1.0061 2.5515
3380 1690.0 3.4364 0.0923 3.4364 1.0466 2.3717
3390 1695.0 3.4466 0.0057 3.4466 1.0574 2.2834
3400 1700.0 3.4225 0.3782 3.4225 0.9868 2.3545
3410 1705.0 3.4263 0.2801 3.4263 1.0934 2.2836
3420 1710.0 3.4005 1.2265 3.4005 0.9754 2.2916
3430 1715.0 3.3627 3.8116 3.3627 1.0496 2.4143
3440 1720.0 3.3246 7.8568 3.3246 1.0123 2.4156
3450 1725.0 3.4071 0.9200 3.4071 1.0310 2.1958
3460 1730.0 3.4193 0.4726 3.4193 1.0113 2.1665
3470 1735.0 3.4237 0.3465 3.4237 1.0124 2.2562
3480 1740.0 3.3913 1.7256 3.3913 1.0653 2.3202
3490 1745.0 3.3752 2.7938 3.3752 0.9817 2.4085
3500 1750.0 3.3708 3.1372 3.3708 1.0702 2.4609
3510 1755.0 3.3543 4.5802 3.3543 0.9554 2.5010
3520 1760.0 3.4355 0.1054 3.4355 1.0895 2.3499
3530 1765.0 3.4199 0.4527 3.4199 0.9579 2.3597
3540 1770.0 3.4116 0.7372 3.4116 1.1074 2.3456
3550 1775.0 3.4672 0.1480 3.4672 0.9917 2.2951
3560 1780.0 3.3767 2.6844 3.3767 1.0599 2.2030
3570 1785.0 3.4376 0.0771 3.4376 1.0232 2.3052
3580 1790.0 3.3359 6.5144 3.3359 1.0395 2.4640
3590 1795.0 3.3800 2.4482 3.3800 1.1067 2.4494
3600 1800.0 3.3304 7.1498 3.3304 0.9955 2.4962
3610 1805.0 3.3497 5.0278 3.3497 1.0748 2.4924
3620 1810.0 3.4188 0.4876 3.4188 1.0025 2.3782
3630 1815.0 3.3711 3.1112 3.3711 1.0016 2.3489
3640 1820.0 3.4011 1.1957 3.4011 1.0269 2.5196
3650 1825.0 3.3348 6.6404 3.3348 1.0144 2.6271
3660 1830.0 3.4560 0.0182 3.4560 1.0034 2.4933
3670 1835.0 3.4261 0.2854 3.4261 0.9886 2.3886
3680 1840.0 3.4787 0.4109 3.4787 1.0407 2.3949
3690 1845.0 3.4431 0.0236 3.4431 0.9734 2.4334
3700 1850.0 3.4649 0.1108 3.4649 1.0606 2.3455
3710 1855.0 3.4204 0.4385 3.4204 0.9916 2.4540
3720 1860.0 3.2946 12.0817 3.2946 1.0652 2.5934
3730 1865.0 3.4180 0.5130 3.4180 1.0382 2.4426
3740 1870.0 3.4293 0.2143 3.4293 1.0078 2.3294
3750 1875.0 3.4137 0.6581 3.4137 1.0791 2.3644
3760 1880.0 3.4195 0.4662 3.4195 0.9973 2.3481
3770 1885.0 3.3735 2.9288 3.3735 1.0571 2.1784
3780 1890.0 3.4280 0.2428 3.4280 1.0060 2.3129
3790 1895.0 3.3077 10.1217 3.3077 1.0550 2.4929
3800 1900.0 3.4144 0.6319 3.4144 1.0292 2.3778
3810 1905.0 3.4085 0.8619 3.4085 0.9740 2.4018
3820 1910.0 3.3334 6.7957 3.3334 1.0957 2.4910
3830 1915.0 3.4030 1.1043 3.4030 0.9845 2.3508
3840 1920.0 3.4029 1.1110 3.4029 1.0524 2.1689
3850 1925.0 3.4053 1.0011 3.4053 0.9662 2.2208
3860 1930.0 3.3932 1.6138 3.3932 1.0687 2.2563
3870 1935.0 3.3747 2.8333 3.3747 1.0235 2.3222
3880 1940.0 3.3862 2.0354 3.3862 1.0091 2.3912
3890 1945.0 3.3867 2.0011 3.3867 1.0070 2.4140
3900 1950.0 3.3950 1.5109 3.3950 1.0188 2.3264
3910 1955.0 3.3998 1.2601 3.3998 1.0588 2.2125
3920 1960.0 3.4180 0.5126 3.4180 0.9715 2.2746
3930 1965.0 3.3733 2.9451 3.3733 1.0731 2.3317
3940 1970.0 3.3994 1.2818 3.3994 0.9557 2.3934
3950 1975.0 3.3857 2.0656 3.3857 1.0811 2.4127
3960 1980.0 3.4021 1.1484 3.4021 0.9534 2.5213
3970 1985.0 3.3970 1.4068 3.3970 1.0492 2.5129
3980 1990.0 3.4244 0.3267 3.4244 0.9780 2.4704
3990 1995.0 3.4338 0.1319 3.4338 1.0411 2.3711
4000 2000.0 3.4508 0.0003 3.4508 0.9725 2.2936
4010 2005.0 3.4582 0.0339 3.4582 1.0292 2.2527
4020 2010.0 3.4593 0.0435 3.4593 0.9759 2.2816
4030 2015.0 3.4442 0.0166 3.4442 1.0314 2.2947
4040 2020.0 3.4267 0.2717 3.4267 0.9839 2.3024
4050 2025.0 3.4236 0.3484 3.4236 1.0217 2.2951
4060 2030.0 3.4222 0.3851 3.4222 0.9930 2.3360
4070 2035.0 3.3877 1.9428 3.3877 1.0372 2.3398
4080 2040.0 3.4593 0.0436 3.4593 0.9821 2.2332
4090 2045.0 3.4435 0.0208 3.4435 1.0461 2.1814
4100 2050.0 3.4108 0.7697 3.4108 1.0160 2.2889
4110 2055.0 3.4050 1.0112 3.4050 1.0015 2.2933
4120 2060.0 3.4441 0.0175 3.4441 1.0157 2.2147
4130 2065.0 3.4317 0.1680 3.4317 0.9910 2.2617
4140 2070.0 3.4244 0.3266 3.4244 1.0303 2.2718
4150 2075.0 3.4639 0.0967 3.4639 0.9980 2.2388
4160 2080.0 3.4604 0.0540 3.4604 1.0058 2.1794
4170 2085.0 3.4626 0.0799 3.4626 1.0066 2.1814
4180 2090.0 3.4624 0.0771 3.4624 0.9929 2.2441
4190 2095.0 3.4118 0.7287 3.4118 1.0380 2.3334
4200 2100.0 3.3916 1.7075 3.3916 0.9916 2.3821
4210 2105.0 3.4444 0.0158 3.4444 1.0211 2.3190
4220 2110.0 3.4362 0.0949 3.4362 1.0113 2.3425
4230 2115.0 3.3887 1.8813 3.3887 1.0066 2.4122
4240 2120.0 3.4289 0.2223 3.4289 1.0015 2.3681
4250 2125.0 3.4637 0.0933 3.4637 1.0018 2.3199
4260 2130.0 3.4142 0.6419 3.4142 1.0211 2.3994
4270 2135.0 3.3897 1.8188 3.3897 1.0032 2.4325
4280 2140.0 3.4415 0.0360 3.4415 1.0154 2.3664
4290 2145.0 3.4260 0.2868 3.4260 1.0210 2.3785
4300 2150.0 3.3917 1.6982 3.3917 1.0143 2.4162
4310 2155.0 3.3965 1.4326 3.3965 1.0100 2.4062
4320 2160.0 3.4226 0.3754 3.4226 0.9934 2.3567
4330 2165.0 3.3964 1.4348 3.3964 1.0065 2.3532
4340 2170.0 3.3810 2.3789 3.3810 1.0105 2.3214
4350 2175.0 3.4749 0.3107 3.4749 1.0155 2.1797
4360 2180.0 3.4777 0.3844 3.4777 0.9741 2.1381
4370 2185.0 3.4247 0.3188 3.4247 1.0269 2.1723
4380 2190.0 3.3483 5.1732 3.3483 0.9842 2.2508
4390 2195.0 3.4118 0.7299 3.4118 1.0020 2.1761
4400 2200.0 3.4281 0.2394 3.4281 0.9721 2.1581
4410 2205.0 3.3754 2.7825 3.3754 1.0162 2.2012
4420 2210.0 3.3740 2.8877 3.3740 0.9868 2.2088
4430 2215.0 3.3925 1.6519 3.3925 0.9799 2.0751
4440 2220.0 3.3658 3.5478 3.3658 0.9702 2.0417
4450 2225.0 3.4297 0.2055 3.4297 0.9846 2.1920
4460 2230.0 3.3134 9.3331 3.3134 0.9999 2.3411
4470 2235.0 3.4347 0.1164 3.4347 0.9910 2.2253
4480 2240.0 3.4367 0.0881 3.4367 0.9722 2.1635
4490 2245.0 3.4351 0.1107 3.4351 0.9838 2.2436
4500 2250.0 3.3933 1.6054 3.3933 1.0011 2.2788
4510 2255.0 3.4610 0.0605 3.4610 0.9839 2.1750
4520 2260.0 3.4462 0.0072 3.4462 0.9863 2.1478
4530 2265.0 3.4428 0.0263 3.4428 1.0126 2.2079
4540 2270.0 3.4440 0.0180 3.4440 0.9792 2.2301
4550 2275.0 3.4370 0.0839 3.4370 1.0181 2.1803
4560 2280.0 3.4689 0.1780 3.4689 0.9725 2.2081
4570 2285.0 3.3980 1.3512 3.3980 1.0298 2.2982
4580 2290.0 3.4047 1.0250 3.4047 0.9743 2.2947
4590 2295.0 3.3970 1.4036 3.3970 1.0178 2.2187
4600 2300.0 3.3711 3.1104 3.3711 0.9817 2.3641
4610 2305.0 3.3905 1.7680 3.3905 1.0210 2.3597
4620 2310.0 3.4205 0.4352 3.4205 0.9577 2.2955
4630 2315.0 3.3932 1.6115 3.3932 1.0316 2.4024
4640 2320.0 3.3556 4.4554 3.3556 0.9747 2.4656
4650 2325.0 3.3814 2.3554 3.3814 1.0271 2.3500
4660 2330.0 3.4368 0.0865 3.4368 0.9491 2.3926
4670 2335.0 3.4073 0.9128 3.4073 1.0612 2.4238
4680 2340.0 3.4192 0.4729 3.4192 0.9593 2.3659
4690 2345.0 3.4009 1.2071 3.4009 1.0174 2.3675
4700 2350.0 3.3896 1.8265 3.3896 0.9963 2.4317
4710 2355.0 3.4089 0.8437 3.4089 1.0038 2.3544
4720 2360.0 3.4255 0.3008 3.4255 0.9944 2.3876
4730 2365.0 3.3743 2.8642 3.3743 1.0045 2.5116
4740 2370.0 3.4343 0.1228 3.4343 0.9994 2.4674
4750 2375.0 3.4266 0.2731 3.4266 0.9983 2.4168
4760 2380.0 3.4116 0.7371 3.4116 1.0128 2.4251
4770 2385.0 3.4187 0.4911 3.4187 1.0066 2.4592
4780 2390.0 3.4011 1.1974 3.4011 1.0130 2.4620
4790 2395.0 3.3462 5.3823 3.3462 1.0115 2.5405
4800 2400.0 3.4019 1.1579 3.4019 1.0178 2.4900
4810 2405.0 3.3860 2.0466 3.3860 1.0037 2.5047
4820 2410.0 3.4250 0.3115 3.4250 1.0227 2.4547
4830 2415.0 3.4162 0.5717 3.4162 1.0036 2.3947
4840 2420.0 3.4079 0.8855 3.4079 1.0269 2.4081
4850 2425.0 3.4073 0.9121 3.4073 0.9959 2.3370
4860 2430.0 3.4099 0.8049 3.4099 1.0178 2.3592
4870 2435.0 3.3715 3.0831 3.3715 0.9940 2.3855
4880 2440.0 3.4002 1.2380 3.4002 1.0176 2.2733
4890 2445.0 3.4273 0.2580 3.4273 0.9574 2.2566
4900 2450.0 3.4259 0.2902 3.4259 1.0284 2.2998
4910 2455.0 3.3722 3.0239 3.3722 0.9561 2.3653
4920 2460.0 3.3878 1.9350 3.3878 1.0463 2.3128
4930 2465.0 3.3843 2.1578 3.3843 0.9606 2.2375
4940 2470.0 3.4015 1.1766 3.4015 1.0179 2.1526
4950 2475.0 3.4027 1.1207 3.4027 0.9694 2.1531
4960 2480.0 3.3916 1.7053 3.3916 1.0072 2.0961
4970 2485.0 3.3936 1.5921 3.3936 0.9740 2.1001
4980 2490.0 3.4013 1.1882 3.4013 1.0132 2.1254
4990 2495.0 3.3674 3.4131 3.3674 0.9942 2.2447
5000 2500.0 3.3725 3.0036 3.3725 1.0373 2.2479
5010 2505.0 3.3871 1.9793 3.3871 0.9941 2.2244
5020 2510.0 3.3779 2.5967 3.3779 1.0450 2.2345
5030 2515.0 3.3460 5.4039 3.3460 0.9967 2.2680
5040 2520.0 3.3958 1.4691 3.3958 1.0447 2.1470
5050 2525.0 3.3516 4.8366 3.3516 1.0076 2.2884
5060 2530.0 3.3597 4.0784 3.3597 1.0853 2.3148
5070 2535.0 3.4070 0.9248 3.4070 1.0232 2.2243
5080 2540.0 3.4206 0.4336 3.4206 1.0307 2.3023
5090 2545.0 3.4170 0.5433 3.4170 1.1121 2.3568
5100 2550.0 3.4160 0.5770 3.4160 0.9393 2.3602
5110 2555.0 3.4177 0.5216 3.4177 1.0988 2.3798
5120 2560.0 3.3519 4.8156 3.3519 0.9475 2.4871
5130 2565.0 3.4167 0.5546 3.4167 1.0887 2.4390
5140 2570.0 3.4382 0.0699 3.4382 0.9498 2.3651
5150 2575.0 3.3860 2.0482 3.3860 1.0633 2.3420
5160 2580.0 3.3746 2.8391 3.3746 0.9633 2.4724
5170 2585.0 3.4023 1.1378 3.4023 1.0503 2.4289
5180 2590.0 3.4312 0.1772 3.4312 0.9523 2.3696
5190 2595.0 3.3776 2.6227 3.3776 1.0562 2.4111
5200 2600.0 3.3937 1.5845 3.3937 0.9680 2.3626
5210 2605.0 3.3817 2.3334 3.3817 1.0501 2.2556
5220 2610.0 3.4211 0.4169 3.4211 0.9454 2.2891
5230 2615.0 3.4002 1.2401 3.4002 1.0552 2.3008
5240 2620.0 3.4367 0.0879 3.4367 0.9378 2.2314
5250 2625.0 3.4012 1.1888 3.4012 1.0324 2.2519
5260 2630.0 3.3381 6.2567 3.3381 0.9403 2.3012
5270 2635.0 3.4011 1.1946 3.4011 1.0390 2.1599
5280 2640.0 3.3747 2.8339 3.3747 0.9564 2.0454
5290 2645.0 3.3549 4.5201 3.3549 0.9827 2.0130
5300 2650.0 3.3869 1.9933 3.3869 1.0166 2.0514
5310 2655.0 3.4552 0.0135 3.4552 0.9856 2.1459
5320 2660.0 3.3566 4.3620 3.3566 1.0191 2.2701
5330 2665.0 3.3647 3.6421 3.3647 0.9766 2.2715
5340 2670.0 3.4052 1.0048 3.4052 1.0305 2.2399
5350 2675.0 3.3903 1.7840 3.3903 0.9998 2.2686
5360 2680.0 3.4303 0.1936 3.4303 1.0147 2.2347
5370 2685.0 3.4629 0.0836 3.4629 1.0203 2.1720
5380 2690.0 3.4740 0.2888 3.4740 0.9982 2.1695
5390 2695.0 3.4220 0.3908 3.4220 1.0340 2.2582
5400 2700.0 3.3784 2.5639 3.3784 0.9881 2.3359
5410 2705.0 3.4525 0.0030 3.4525 1.0319 2.2794
5420 2710.0 3.4251 0.3090 3.4251 0.9907 2.3329
5430 2715.0 3.4052 1.0030 3.4052 1.0521 2.3518
5440 2720.0 3.4510 0.0005 3.4510 1.0204 2.2995
5450 2725.0 3.4359 0.0990 3.4359 1.0088 2.3202
5460 2730.0 3.4080 0.8802 3.4080 1.0528 2.3550
5470 2735.0 3.4384 0.0669 3.4384 0.9822 2.3391
5480 2740.0 3.4729 0.2633 3.4729 1.0466 2.2767
5490 2745.0 3.4854 0.6271 3.4854 0.9687 2.2889
5500 2750.0 3.4778 0.3877 3.4778 1.0548 2.2863
5510 2755.0 3.4916 0.8642 3.4916 0.9607 2.3064
5520 2760.0 3.4833 0.5528 3.4833 1.0491 2.3107
5530 2765.0 3.4430 0.0247 3.4430 0.9663 2.4055
5540 2770.0 3.3848 2.1269 3.3848 1.0272 2.4614
5550 2775.0 3.3919 1.6849 3.3919 0.9767 2.4277
5560 2780.0 3.4458 0.0087 3.4458 1.0227 2.3089
5570 2785.0 3.4265 0.2750 3.4265 1.0000 2.2963
5580 2790.0 3.4425 0.0281 3.4425 1.0052 2.2688
5590 2795.0 3.4791 0.4244 3.4791 1.0120 2.2201
5600 2800.0 3.4667 0.1396 3.4667 0.9963 2.2384
5610 2805.0 3.4168 0.5513 3.4168 1.0170 2.2946
5620 2810.0 3.4149 0.6159 3.4149 0.9888 2.3062
5630 2815.0 3.3833 2.2249 3.3833 1.0132 2.3344
5640 2820.0 3.4015 1.1768 3.4015 0.9759 2.3136
5650 2825.0 3.4302 0.1954 3.4302 1.0123 2.2690
5660 2830.0 3.4576 0.0290 3.4576 0.9810 2.2372
5670 2835.0 3.4704 0.2091 3.4704 0.9993 2.2111
5680 2840.0 3.4214 0.4091 3.4214 0.9848 2.2905
5690 2845.0 3.3629 3.7970 3.3629 0.9932 2.3521
5700 2850.0 3.4002 1.2409 3.4002 0.9882 2.3142
5710 2855.0 3.3685 3.3223 3.3685 0.9847 2.3483
5720 2860.0 3.3890 1.8615 3.3890 0.9922 2.3113
5730 2865.0 3.4841 0.5801 3.4841 0.9932 2.1762
5740 2870.0 3.4782 0.3976 3.4782 0.9958 2.0804
5750 2875.0 3.4232 0.3578 3.4232 0.9897 2.0229
5760 2880.0 3.4218 0.3971 3.4218 0.9882 2.0372
5770 2885.0 3.4391 0.0589 3.4391 0.9880 2.0915
5780 2890.0 3.4213 0.4111 3.4213 0.9798 2.1705
5790 2895.0 3.3623 3.8468 3.3623 0.9937 2.2471
5800 2900.0 3.3672 3.4281 3.3672 0.9850 2.2486
5810 2905.0 3.4229 0.3662 3.4229 0.9869 2.1839
5820 2910.0 3.4315 0.1703 3.4315 0.9855 2.1836
5830 2915.0 3.4578 0.0304 3.4578 1.0012 2.1537
5840 2920.0 3.4301 0.1977 3.4301 0.9628 2.1923
5850 2925.0 3.4285 0.2306 3.4285 1.0267 2.1646
5860 2930.0 3.3630 3.7838 3.3630 0.9632 2.2239
5870 2935.0 3.4132 0.6785 3.4132 1.0135 2.1560
5880 2940.0 3.4243 0.3310 3.4243 0.9553 2.1198
5890 2945.0 3.3547 4.5439 3.3547 1.0146 2.0078
5900 2950.0 3.3904 1.7732 3.3904 0.9507 2.0552
5910 2955.0 3.4184 0.4978 3.4184 1.0008 2.1369
5920 2960.0 3.3871 1.9808 3.3871 0.9941 2.3617
5930 2965.0 3.3887 1.8768 3.3887 1.0028 2.3827
5940 2970.0 3.4623 0.0759 3.4623 0.9886 2.2578
5950 2975.0 3.4011 1.1943 3.4011 0.9723 2.1741
5960 2980.0 3.3717 3.0690 3.3717 1.0087 2.1486
5970 2985.0 3.4623 0.0752 3.4623 0.9497 2.2521
5980 2990.0 3.4562 0.0191 3.4562 1.0251 2.2763
5990 2995.0 3.4693 0.1861 3.4693 0.9510 2.3334
6000 3000.0 3.4597 0.0467 3.4597 1.0224 2.3742
6010 3005.0 3.4424 0.0289 3.4424 0.9524 2.4089
6020 3010.0 3.4709 0.2179 3.4709 1.0190 2.2874
6030 3015.0 3.4482 0.0016 3.4482 0.9494 2.2528
6040 3020.0 3.4418 0.0339 3.4418 1.0097 2.3213
6050 3025.0 3.3786 2.5484 3.3786 0.9608 2.4089
6060 3030.0 3.3616 3.9071 3.3616 0.9955 2.2136
6070 3035.0 3.3242 7.9179 3.3242 0.9522 2.1381
6080 3040.0 3.4140 0.6469 3.4140 0.9853 2.2592
6090 3045.0 3.3825 2.2813 3.3825 0.9898 2.2900
6100 3050.0 3.4347 0.1165 3.4347 0.9747 2.1581
6110 3055.0 3.4264 0.2778 3.4264 0.9902 2.1084
6120 3060.0 3.4430 0.0245 3.4430 0.9900 2.1887
6130 3065.0 3.3941 1.5630 3.3941 0.9959 2.2434
6140 3070.0 3.4502 0.0000 3.4502 0.9793 2.1728
6150 3075.0 3.4627 0.0812 3.4627 0.9892 2.1417
6160 3080.0 3.4594 0.0438 3.4594 0.9796 2.1537
6170 3085.0 3.4422 0.0306 3.4422 0.9964 2.1769
6180 3090.0 3.4203 0.4396 3.4203 0.9797 2.1726
6190 3095.0 3.4182 0.5060 3.4182 0.9773 2.1852
6200 3100.0 3.4092 0.8325 3.4092 0.9884 2.2931
6210 3105.0 3.3942 1.5577 3.3942 0.9815 2.3454
6220 3110.0 3.4610 0.0600 3.4610 1.0108 2.3033
6230 3115.0 3.4577 0.0297 3.4577 0.9588 2.3244
6240 3120.0 3.4412 0.0391 3.4412 1.0316 2.3623
6250 3125.0 3.4197 0.4605 3.4197 0.9627 2.3697
6260 3130.0 3.4547 0.0111 3.4547 1.0147 2.3224
6270 3135.0 3.4350 0.1118 3.4350 0.9706 2.3303
6280 3140.0 3.4447 0.0142 3.4447 0.9985 2.3170
6290 3145.0 3.4528 0.0039 3.4528 0.9762 2.2993
6300 3150.0 3.4359 0.0995 3.4359 1.0029 2.3133
6310 3155.0 3.4382 0.0700 3.4382 0.9804 2.2953
6320 3160.0 3.4694 0.1881 3.4694 0.9843 2.2437
6330 3165.0 3.4327 0.1499 3.4327 0.9923 2.2715
6340 3170.0 3.4191 0.4773 3.4191 0.9882 2.2730
6350 3175.0 3.4409 0.0414 3.4409 0.9917 2.2339
6360 3180.0 3.4279 0.2437 3.4279 0.9719 2.2280
6370 3185.0 3.4109 0.7648 3.4109 1.0157 2.2339
6380 3190.0 3.4293 0.2151 3.4293 0.9541 2.1853
6390 3195.0 3.4542 0.0088 3.4542 1.0279 2.1431
6400 3200.0 3.3577 4.2612 3.3577 0.9560 2.2279
6410 3205.0 3.4331 0.1423 3.4331 1.0245 2.1111
6420 3210.0 3.3679 3.3732 3.3679 0.9501 1.9917
6430 3215.0 3.3437 5.6510 3.3437 1.0006 1.9817
6440 3220.0 3.4059 0.9735 3.4059 0.9789 2.1395
6450 3225.0 3.4046 1.0324 3.4046 0.9951 2.1623
6460 3230.0 3.4466 0.0057 3.4466 0.9873 2.1012
6470 3235.0 3.4372 0.0818 3.4372 0.9672 2.1777
6480 3240.0 3.3494 5.0565 3.3494 1.0135 2.3148
6490 3245.0 3.3997 1.2632 3.3997 0.9992 2.2658
6500 3250.0 3.3810 2.3802 3.3810 0.9767 2.2551
6510 3255.0 3.3839 2.1871 3.3839 1.0347 2.3596
6520 3260.0 3.3993 1.2847 3.3993 0.9662 2.3510
6530 3265.0 3.3956 1.4775 3.3956 1.0083 2.2714
6540 3270.0 3.4037 1.0728 3.4037 0.9610 2.3614
6550 3275.0 3.3934 1.6001 3.3934 1.0180 2.3835
6560 3280.0 3.4264 0.2778 3.4264 0.9694 2.3195
6570 3285.0 3.4092 0.8337 3.4092 1.0134 2.3614
6580 3290.0 3.3726 2.9929 3.3726 0.9939 2.4594
6590 3295.0 3.3489 5.1122 3.3489 1.0203 2.3345
6600 3300.0 3.3707 3.1429 3.3707 0.9564 2.3029
6610 3305.0 3.4276 0.2500 3.4276 1.0631 2.3735
6620 3310.0 3.3652 3.5996 3.3652 1.0065 2.4508
6630 3315.0 3.4202 0.4437 3.4202 1.0227 2.3665
6640 3320.0 3.3639 3.7098 3.3639 1.0155 2.4258
6650 3325.0 3.2838 13.8171 3.2838 1.0156 2.4965
6660 3330.0 3.4128 0.6903 3.4128 1.0435 2.3272
6670 3335.0 3.4030 1.1024 3.4030 0.9651 2.2140
6680 3340.0 3.4046 1.0300 3.4046 1.0507 2.2955
6690 3345.0 3.3865 2.0141 3.3865 1.0057 2.3933
6700 3350.0 3.3420 5.8320 3.3420 1.0120 2.2993
6710 3355.0 3.3954 1.4886 3.3954 0.9957 2.3863
6720 3360.0 3.3078 10.1142 3.3078 1.0172 2.5403
6730 3365.0 3.3995 1.2763 3.3995 1.0104 2.4203
6740 3370.0 3.3860 2.0473 3.3860 0.9993 2.3534
6750 3375.0 3.4089 0.8444 3.4089 0.9961 2.4532
6760 3380.0 3.3998 1.2616 3.3998 1.0541 2.5076
6770 3385.0 3.4091 0.8358 3.4091 0.9521 2.4656
6780 3390.0 3.3907 1.7585 3.3907 1.0650 2.4963
6790 3395.0 3.3575 4.2750 3.3575 1.0019 2.5039
6800 3400.0 3.4062 0.9581 3.4062 1.0329 2.4221
6810 3405.0 3.4163 0.5686 3.4163 1.0276 2.3943
6820 3410.0 3.4283 0.2354 3.4283 1.0081 2.3621
6830 3415.0 3.4493 0.0003 3.4493 1.0597 2.2519
6840 3420.0 3.4847 0.6031 3.4847 0.9699 2.2297
6850 3425.0 3.4864 0.6635 3.4864 1.0486 2.2428
6860 3430.0 3.3133 9.3383 3.3133 1.0036 2.4290
6870 3435.0 3.3753 2.7886 3.3753 1.0200 2.3573
6880 3440.0 3.4673 0.1500 3.4673 1.0040 2.2650
6890 3445.0 3.3617 3.8985 3.3617 1.0210 2.4053
6900 3450.0 3.3713 3.0958 3.3713 1.0530 2.4416
6910 3455.0 3.4945 0.9911 3.4945 0.9946 2.3362
6920 3460.0 3.4476 0.0028 3.4476 1.0242 2.4198
6930 3465.0 3.3825 2.2802 3.3825 1.0516 2.5104
6940 3470.0 3.4605 0.0552 3.4605 1.0102 2.4241
6950 3475.0 3.4766 0.3542 3.4766 1.0512 2.3661
6960 3480.0 3.4837 0.5695 3.4837 1.0210 2.3692
6970 3485.0 3.4802 0.4552 3.4802 1.0220 2.3229
6980 3490.0 3.4702 0.2040 3.4702 1.0618 2.2865
6990 3495.0 3.4895 0.7783 3.4895 0.9846 2.3207
7000 3500.0 3.4721 0.2433 3.4721 1.0563 2.3527
7010 3505.0 3.4104 0.7859 3.4104 0.9942 2.4121
7020 3510.0 3.4556 0.0155 3.4556 1.0556 2.3618
7030 3515.0 3.4126 0.6987 3.4126 1.0275 2.4024
7040 3520.0 3.3926 1.6478 3.3926 1.0195 2.4224
7050 3525.0 3.4391 0.0596 3.4391 1.0411 2.3667
7060 3530.0 3.4611 0.0620 3.4611 0.9940 2.3266
7070 3535.0 3.4573 0.0264 3.4573 1.0374 2.2491
7080 3540.0 3.4507 0.0002 3.4507 1.0137 2.2103
7090 3545.0 3.4404 0.0460 3.4404 1.0175 2.1946
7100 3550.0 3.4360 0.0984 3.4360 1.0080 2.2353
7110 3555.0 3.4253 0.3047 3.4253 1.0076 2.3251
7120 3560.0 3.3775 2.6301 3.3775 1.0301 2.4451
7130 3565.0 3.3963 1.4407 3.3963 1.0042 2.4547
7140 3570.0 3.4254 0.3031 3.4254 1.0040 2.4506
7150 3575.0 3.3948 1.5232 3.3948 0.9904 2.5235
7160 3580.0 3.4209 0.4228 3.4209 1.0250 2.4900
7170 3585.0 3.4242 0.3325 3.4242 0.9832 2.4401
7180 3590.0 3.3831 2.2352 3.3831 1.0460 2.4418
7190 3595.0 3.3685 3.3195 3.3685 0.9859 2.4389
7200 3600.0 3.4363 0.0945 3.4363 1.0274 2.3427
7210 3605.0 3.4224 0.3796 3.4224 0.9741 2.2813
7220 3610.0 3.3879 1.9264 3.3879 0.9998 2.2629
7230 3615.0 3.4483 0.0014 3.4483 1.0000 2.4416
7240 3620.0 3.3398 6.0745 3.3398 1.0252 2.5637
7250 3625.0 3.4573 0.0263 3.4573 1.0036 2.4471
7260 3630.0 3.4673 0.1503 3.4673 1.0079 2.4497
7270 3635.0 3.3451 5.4968 3.3451 1.0043 2.5798
7280 3640.0 3.4203 0.4425 3.4203 1.0010 2.4967
7290 3645.0 3.4018 1.1623 3.4018 0.9859 2.4141
7300 3650.0 3.4118 0.7294 3.4118 0.9872 2.4669
7310 3655.0 3.4067 0.9363 3.4067 1.0011 2.5351
7320 3660.0 3.4123 0.7115 3.4123 0.9866 2.4780
7330 3665.0 3.4359 0.0996 3.4359 1.0023 2.5180
7340 3670.0 3.3456 5.4548 3.3456 1.0149 2.6228
7350 3675.0 3.4108 0.7675 3.4108 1.0073 2.5545
7360 3680.0 3.4468 0.0051 3.4468 0.9974 2.5013
7370 3685.0 3.4422 0.0302 3.4422 0.9954 2.4898
7380 3690.0 3.4528 0.0038 3.4528 0.9789 2.4760
7390 3695.0 3.4423 0.0296 3.4423 1.0099 2.4569
7400 3700.0 3.4879 0.7196 3.4879 0.9515 2.4846
7410 3705.0 3.4464 0.0066 3.4464 1.0338 2.4440
7420 3710.0 3.4515 0.0012 3.4515 0.9644 2.5165
7430 3715.0 3.4094 0.8251 3.4094 1.0109 2.5770
7440 3720.0 3.3832 2.2279 3.3832 0.9780 2.6233
7450 3725.0 3.3907 1.7585 3.3907 0.9935 2.5813
7460 3730.0 3.3790 2.5224 3.3790 0.9907 2.5821
7470 3735.0 3.3629 3.7939 3.3629 0.9916 2.5827
7480 3740.0 3.3803 2.4321 3.3803 0.9799 2.5257
7490 3745.0 3.4035 1.0790 3.4035 0.9832 2.4274
7500 3750.0 3.4117 0.7350 3.4117 1.0026 2.3312
7510 3755.0 3.4242 0.3316 3.4242 0.9799 2.2848
7520 3760.0 3.4356 0.1033 3.4356 1.0214 2.2568
7530 3765.0 3.4094 0.8245 3.4094 0.9611 2.2026
7540 3770.0 3.4066 0.9417 3.4066 1.0177 2.1933
7550 3775.0 3.4259 0.2912 3.4259 0.9861 2.3301
7560 3780.0 3.3758 2.7550 3.3758 1.0109 2.4519
7570 3785.0 3.3887 1.8769 3.3887 0.9776 2.4170
7580 3790.0 3.3260 7.6931 3.3260 1.0059 2.3199
7590 3795.0 3.3730 2.9612 3.3730 0.9699 2.4261
7600 3800.0 3.4033 1.0884 3.4033 1.0330 2.4517
7610 3805.0 3.4345 0.1199 3.4345 0.9642 2.4318
7620 3810.0 3.4385 0.0666 3.4385 1.0366 2.4284
7630 3815.0 3.3652 3.5918 3.3652 0.9860 2.5266
7640 3820.0 3.4301 0.1986 3.4301 1.0499 2.4409
7650 3825.0 3.4396 0.0537 3.4396 0.9705 2.3572
7660 3830.0 3.4492 0.0003 3.4492 1.0266 2.2988
7670 3835.0 3.4003 1.2327 3.4003 0.9896 2.3646
7680 3840.0 3.4219 0.3950 3.4219 1.0267 2.3121
7690 3845.0 3.4378 0.0747 3.4378 0.9934 2.2250
7700 3850.0 3.4095 0.8183 3.4095 0.9843 2.1202
7710 3855.0 3.4150 0.6118 3.4150 0.9953 2.0903
7720 3860.0 3.4407 0.0430 3.4407 0.9936 2.1684
7730 3865.0 3.4254 0.3019 3.4254 0.9887 2.2006
7740 3870.0 3.4462 0.0071 3.4462 0.9890 2.1512
7750 3875.0 3.4483 0.0015 3.4483 0.9972 2.0855
7760 3880.0 3.4293 0.2144 3.4293 0.9722 2.0726
7770 3885.0 3.4184 0.4984 3.4184 1.0025 2.0538
7780 3890.0 3.4345 0.1196 3.4345 0.9650 2.1445
7790 3895.0 3.3902 1.7867 3.3902 1.0195 2.2233
7800 3900.0 3.3523 4.7757 3.3523 0.9766 2.2424
7810 3905.0 3.3998 1.2583 3.3998 1.0288 2.0889
7820 3910.0 3.3270 7.5643 3.3270 0.9676 2.0730
7830 3915.0 3.3686 3.3169 3.3686 1.0263 2.1281
7840 3920.0 3.3725 3.0007 3.3725 0.9617 2.3154
7850 3925.0 3.3835 2.2117 3.3835 1.0338 2.3212
7860 3930.0 3.3922 1.6710 3.3922 0.9572 2.3442
7870 3935.0 3.3810 2.3779 3.3810 1.0297 2.4756
7880 3940.0 3.3603 4.0208 3.3603 0.9823 2.6200
7890 3945.0 3.4280 0.2413 3.4280 1.0261 2.5330
7900 3950.0 3.3818 2.3262 3.3818 0.9749 2.4113
7910 3955.0 3.4358 0.1009 3.4358 1.0255 2.4133
7920 3960.0 3.3497 5.0295 3.3497 0.9761 2.5404
7930 3965.0 3.3670 3.4414 3.3670 0.9957 2.4861
7940 3970.0 3.4802 0.4566 3.4802 0.9921 2.3032
7950 3975.0 3.4337 0.1323 3.4337 0.9911 2.2463
7960 3980.0 3.4092 0.8303 3.4092 1.0035 2.2755
7970 3985.0 3.4211 0.4163 3.4211 1.0002 2.3215
7980 3990.0 3.4546 0.0105 3.4546 1.0362 2.4274
7990 3995.0 3.3916 1.7051 3.3916 1.0099 2.5824
8000 4000.0 3.3523 4.7690 3.3523 1.0072 2.6522
8010 4005.0 3.4209 0.4235 3.4209 0.9947 2.5960
8020 4010.0 3.4180 0.5128 3.4180 0.9957 2.6123
8030 4015.0 3.3671 3.4381 3.3671 0.9979 2.6669
8040 4020.0 3.4297 0.2056 3.4297 0.9919 2.5740
8050 4025.0 3.4335 0.1369 3.4335 0.9806 2.5288
8060 4030.0 3.3097 9.8387 3.3097 1.0040 2.6282
8070 4035.0 3.3398 6.0724 3.3398 0.9882 2.5660
8080 4040.0 3.4357 0.1026 3.4357 1.0138 2.3499
8090 4045.0 3.4212 0.4157 3.4212 0.9675 2.2623
8100 4050.0 3.4389 0.0616 3.4389 1.0189 2.2306
8110 4055.0 3.4487 0.0008 3.4487 0.9739 2.1506
8120 4060.0 3.4043 1.0463 3.4043 1.0017 2.0464
8130 4065.0 3.4542 0.0087 3.4542 0.9909 2.1192
8140 4070.0 3.4239 0.3397 3.4239 1.0090 2.2406
8150 4075.0 3.4175 0.5268 3.4175 0.9962 2.2393
8160 4080.0 3.4359 0.0999 3.4359 0.9762 2.1899
8170 4085.0 3.4218 0.3963 3.4218 1.0022 2.2227
8180 4090.0 3.3682 3.3465 3.3682 0.9848 2.3190
8190 4095.0 3.4140 0.6470 3.4140 1.0170 2.2631
8200 4100.0 3.4338 0.1307 3.4338 0.9804 2.1992
8210 4105.0 3.4321 0.1610 3.4321 1.0003 2.1897
8220 4110.0 3.4496 0.0001 3.4496 0.9870 2.2826
8230 4115.0 3.4136 0.6642 3.4136 1.0070 2.3782
8240 4120.0 3.3811 2.3739 3.3811 0.9626 2.4531
8250 4125.0 3.4481 0.0019 3.4481 1.0198 2.3814
8260 4130.0 3.4473 0.0037 3.4473 0.9742 2.4124
8270 4135.0 3.4264 0.2792 3.4264 1.0034 2.5177
8280 4140.0 3.3656 3.5656 3.3656 0.9982 2.6698
8290 4145.0 3.3902 1.7877 3.3902 0.9885 2.6547
8300 4150.0 3.4398 0.0517 3.4398 0.9977 2.5570
8310 4155.0 3.4501 0.0000 3.4501 0.9784 2.5229
8320 4160.0 3.4308 0.1843 3.4308 1.0030 2.5546
8330 4165.0 3.4167 0.5545 3.4167 0.9992 2.5565
8340 4170.0 3.4289 0.2234 3.4289 1.0041 2.4955
8350 4175.0 3.4541 0.0084 3.4541 1.0036 2.4421
8360 4180.0 3.3928 1.6359 3.3928 0.9845 2.5162
8370 4185.0 3.4195 0.4638 3.4195 1.0138 2.4624
8380 4190.0 3.4681 0.1642 3.4681 0.9911 2.3912
8390 4195.0 3.4835 0.5607 3.4835 1.0288 2.3316
8400 4200.0 3.4777 0.3825 3.4777 0.9955 2.3475
8410 4205.0 3.4582 0.0333 3.4582 1.0062 2.3669
8420 4210.0 3.3444 5.5766 3.3444 0.9856 2.4906
8430 4215.0 3.3489 5.1149 3.3489 1.0285 2.4713
8440 4220.0 3.4253 0.3049 3.4253 1.0008 2.4006
8450 4225.0 3.4289 0.2229 3.4289 1.0421 2.3969
8460 4230.0 3.4168 0.5512 3.4168 1.0420 2.4240
8470 4235.0 3.4922 0.8898 3.4922 1.0027 2.3496
8480 4240.0 3.4802 0.4549 3.4802 1.0274 2.3086
8490 4245.0 3.4743 0.2956 3.4743 1.0006 2.3795
8500 4250.0 3.4011 1.1953 3.4011 1.0071 2.4549
8510 4255.0 3.4293 0.2149 3.4293 1.0305 2.3815
8520 4260.0 3.4537 0.0068 3.4537 0.9940 2.3086
8530 4265.0 3.4100 0.7989 3.4100 1.0414 2.3144
8540 4270.0 3.4276 0.2517 3.4276 0.9776 2.3277
8550 4275.0 3.4582 0.0333 3.4582 1.0348 2.2581
8560 4280.0 3.4577 0.0297 3.4577 0.9553 2.2867
8570 4285.0 3.3527 4.7378 3.3527 1.0434 2.3531
8580 4290.0 3.3484 5.1645 3.3484 0.9657 2.3221
8590 4295.0 3.4616 0.0677 3.4616 1.0312 2.1262
8600 4300.0 3.4337 0.1324 3.4337 0.9569 2.1543
8610 4305.0 3.3468 5.3233 3.3468 1.0444 2.2388
8620 4310.0 3.4016 1.1699 3.4016 0.9555 2.1866
8630 4315.0 3.4657 0.1236 3.4657 1.0282 2.0220
8640 4320.0 3.4726 0.2557 3.4726 0.9529 2.0812
8650 4325.0 3.4385 0.0659 3.4385 1.0375 2.1837
8660 4330.0 3.3564 4.3809 3.3564 0.9672 2.3045
8670 4335.0 3.4271 0.2627 3.4271 1.0113 2.2435
8680 4340.0 3.4548 0.0118 3.4548 0.9729 2.2189
8690 4345.0 3.4206 0.4335 3.4206 1.0207 2.3176
8700 4350.0 3.3813 2.3624 3.3813 0.9866 2.4130
8710 4355.0 3.4356 0.1044 3.4356 1.0023 2.3189
8720 4360.0 3.4209 0.4245 3.4209 0.9774 2.3174
8730 4365.0 3.3245 7.8796 3.3245 1.0051 2.4165
8740 4370.0 3.3625 3.8267 3.3625 1.0057 2.3639
8750 4375.0 3.4924 0.8974 3.4924 0.9858 2.1739
8760 4380.0 3.4322 0.1581 3.4322 0.9926 2.0435
8770 4385.0 3.4165 0.5626 3.4165 0.9747 2.0415
8780 4390.0 3.3958 1.4708 3.3958 1.0331 2.0381
8790 4395.0 3.3988 1.3121 3.3988 0.9570 2.0970
8800 4400.0 3.4100 0.8012 3.4100 1.0263 2.1341
8810 4405.0 3.4369 0.0859 3.4369 0.9555 2.2990
8820 4410.0 3.3610 3.9612 3.3610 1.0631 2.3141
8830 4415.0 3.3839 2.1848 3.3839 0.9711 2.3126
8840 4420.0 3.3867 2.0038 3.3867 1.0277 2.2729
8850 4425.0 3.3584 4.1927 3.3584 0.9614 2.3886
8860 4430.0 3.3341 6.7116 3.3341 1.0522 2.3835
8870 4435.0 3.3772 2.6472 3.3772 0.9450 2.3299
8880 4440.0 3.4033 1.0883 3.4033 1.0504 2.1887
8890 4445.0 3.4129 0.6901 3.4129 0.9287 2.2492
8900 4450.0 3.4411 0.0400 3.4411 1.0658 2.1634
8910 4455.0 3.4744 0.2983 3.4744 0.9346 2.1245
8920 4460.0 3.3875 1.9515 3.3875 1.0543 1.9725
8930 4465.0 3.4519 0.0018 3.4519 0.9305 2.0518
8940 4470.0 3.4435 0.0211 3.4435 1.0625 2.0760
8950 4475.0 3.4453 0.0110 3.4453 0.9398 2.1440
8960 4480.0 3.4182 0.5053 3.4182 1.0363 2.1305
8970 4485.0 3.3861 2.0444 3.3861 0.9649 2.2429
8980 4490.0 3.3447 5.5455 3.3447 1.0297 2.3158
8990 4495.0 3.3352 6.5929 3.3352 0.9727 2.3516
9000 4500.0 3.3212 8.2980 3.3212 1.0044 2.3795
9010 4505.0 3.3152 9.0906 3.3152 0.9998 2.3855
9020 4510.0 3.3556 4.4557 3.3556 0.9931 2.2519
9030 4515.0 3.3968 1.4143 3.3968 1.0041 2.1514
9040 4520.0 3.4385 0.0663 3.4385 0.9906 2.1477
9050 4525.0 3.4491 0.0004 3.4491 1.0132 2.0954
9060 4530.0 3.4276 0.2503 3.4276 0.9833 2.0592
9070 4535.0 3.3836 2.2035 3.3836 1.0335 1.9875
9080 4540.0 3.4545 0.0100 3.4545 0.9738 2.0619
9090 4545.0 3.3892 1.8506 3.3892 1.0496 1.9822
9100 4550.0 3.4455 0.0101 3.4455 0.9428 2.0459
9110 4555.0 3.3554 4.4708 3.3554 1.0547 1.9316
9120 4560.0 3.4708 0.2160 3.4708 0.9248 2.0485
9130 4565.0 3.3724 3.0100 3.3724 1.0760 1.9467
9140 4570.0 3.5087 1.7258 3.5087 0.9221 2.0707
9150 4575.0 3.3995 1.2765 3.3995 1.0709 1.9408
9160 4580.0 3.5153 2.1326 3.5153 0.9295 2.0541
9170 4585.0 3.4133 0.6742 3.4133 1.0814 1.9484
9180 4590.0 3.5241 2.7480 3.5241 0.9328 2.0946
9190 4595.0 3.3896 1.8250 3.3896 1.0765 1.9476
9200 4600.0 3.4520 0.0020 3.4520 0.9260 2.0528
9210 4605.0 3.3464 5.3703 3.3464 1.0634 2.0157
9220 4610.0 3.4933 0.9366 3.4933 0.9545 2.2654
9230 4615.0 3.4620 0.0717 3.4620 1.0651 2.3596
9240 4620.0 3.3690 3.2830 3.3690 0.9741 2.4990
9250 4625.0 3.4148 0.6213 3.4148 1.0573 2.4645
9260 4630.0 3.4542 0.0086 3.4542 0.9937 2.3880
9270 4635.0 3.4027 1.1199 3.4027 1.0073 2.3356
9280 4640.0 3.3978 1.3619 3.3978 1.0399 2.3353
9290 4645.0 3.4439 0.0184 3.4439 0.9748 2.4616
9300 4650.0 3.4040 1.0567 3.4040 1.0808 2.5196
9310 4655.0 3.3824 2.2873 3.3824 0.9818 2.5288
9320 4660.0 3.4529 0.0043 3.4529 1.0506 2.4387
9330 4665.0 3.3565 4.3702 3.3565 0.9598 2.5156
9340 4670.0 3.3737 2.9112 3.3737 1.0469 2.4642
9350 4675.0 3.4675 0.1528 3.4675 0.9388 2.3417
9360 4680.0 3.3197 8.4911 3.3197 1.0568 2.1129
9370 4685.0 3.4222 0.3853 3.4222 0.9191 2.1786
9380 4690.0 3.3482 5.1856 3.3482 1.0734 2.1187
9390 4695.0 3.4348 0.1163 3.4348 0.9381 2.2820
9400 4700.0 3.4196 0.4634 3.4196 1.0775 2.3243
9410 4705.0 3.3180 8.7130 3.3180 0.9588 2.3900
9420 4710.0 3.3952 1.5017 3.3952 1.0442 2.2482
9430 4715.0 3.4397 0.0529 3.4397 0.9911 2.0828
9440 4720.0 3.4248 0.3186 3.4248 1.0216 1.9636
9450 4725.0 3.3822 2.2968 3.3822 1.0030 1.8709
9460 4730.0 3.3121 9.5054 3.3121 1.0209 1.7870
9470 4735.0 3.3958 1.4669 3.3958 0.9774 1.8907
9480 4740.0 3.4399 0.0510 3.4399 1.0325 2.0521
9490 4745.0 3.2730 15.6572 3.2730 0.9831 2.2359
9500 4750.0 3.4231 0.3610 3.4231 1.0206 2.0633
9510 4755.0 3.4660 0.1284 3.4660 0.9710 1.9747
9520 4760.0 3.4544 0.0099 3.4544 1.0155 2.0037
9530 4765.0 3.4191 0.4783 3.4191 0.9940 2.0496
9540 4770.0 3.3979 1.3546 3.3979 1.0210 1.9686
9550 4775.0 3.3585 4.1888 3.3585 0.9767 2.0934
9560 4780.0 3.3142 9.2160 3.3142 1.0014 2.3388
9570 4785.0 3.3359 6.5133 3.3359 0.9921 2.4047
9580 4790.0 3.2981 11.5441 3.2981 0.9921 2.3764
9590 4795.0 3.3291 7.3083 3.3291 0.9960 2.4709
9600 4800.0 3.3343 6.6962 3.3343 0.9986 2.5443
9610 4805.0 3.3299 7.2175 3.3299 0.9880 2.5337
9620 4810.0 3.3487 5.1280 3.3487 1.0003 2.5826
9630 4815.0 3.3285 7.3858 3.3285 1.0304 2.6441
9640 4820.0 3.3656 3.5594 3.3656 0.9971 2.5481
9650 4825.0 3.3590 4.1402 3.3590 1.0268 2.4766
9660 4830.0 3.3617 3.8968 3.3617 0.9710 2.5168
9670 4835.0 3.3692 3.2634 3.3692 1.0249 2.4556
9680 4840.0 3.3616 3.9087 3.3616 0.9500 2.5064
9690 4845.0 3.3794 2.4895 3.3794 1.0405 2.4686
9700 4850.0 3.4050 1.0139 3.4050 0.9558 2.3563
9710 4855.0 3.3859 2.0570 3.3859 1.0310 2.1937
9720 4860.0 3.4347 0.1167 3.4347 0.9728 2.1566
9730 4865.0 3.4459 0.0082 3.4459 1.0079 2.1247
9740 4870.0 3.4495 0.0001 3.4495 0.9915 2.1297
9750 4875.0 3.4105 0.7787 3.4105 0.9958 2.1751
9760 4880.0 3.3533 4.6792 3.3533 0.9902 2.2312
9770 4885.0 3.4064 0.9487 3.4064 0.9941 2.1781
9780 4890.0 3.4486 0.0010 3.4486 0.9914 2.1197
9790 4895.0 3.4306 0.1882 3.4306 0.9621 2.1092
9800 4900.0 3.3560 4.4146 3.3560 1.0157 2.0512
9810 4905.0 3.3939 1.5725 3.3939 0.9512 2.1280
9820 4910.0 3.4261 0.2855 3.4261 0.9932 2.2023
9830 4915.0 3.3708 3.1360 3.3708 0.9915 2.3393
9840 4920.0 3.3937 1.5840 3.3937 0.9797 2.3512
9850 4925.0 3.4075 0.9034 3.4075 0.9905 2.2842
9860 4930.0 3.4227 0.3714 3.4227 0.9618 2.3529
9870 4935.0 3.4352 0.1093 3.4352 1.0222 2.3371
9880 4940.0 3.3750 2.8102 3.3750 0.9477 2.2336
9890 4945.0 3.3411 5.9337 3.3411 0.9940 2.1516
9900 4950.0 3.4480 0.0019 3.4480 0.9759 2.2153
9910 4955.0 3.4315 0.1706 3.4315 1.0115 2.2565
9920 4960.0 3.3651 3.6064 3.3651 0.9663 2.3116
9930 4965.0 3.3753 2.7887 3.3753 1.0225 2.2839
9940 4970.0 3.4006 1.2182 3.4006 0.9875 2.2697
9950 4975.0 3.4695 0.1895 3.4695 0.9993 2.2293
9960 4980.0 3.4879 0.7172 3.4879 0.9844 2.2210
9970 4985.0 3.4083 0.8682 3.4083 0.9882 2.3074
9980 4990.0 3.3465 5.3512 3.3465 1.0127 2.3726
9990 4995.0 3.3947 1.5285 3.3947 1.0077 2.3161
10000 5000.0 3.3846 2.1390 3.3846 1.0001 2.3168
10010 5005.0 3.3853 2.0926 3.3853 0.9920 2.3579
10020 5010.0 3.3526 4.7445 3.3526 1.0013 2.2460
10030 5015.0 3.3806 2.4084 3.3806 0.9536 2.2054
10040 5020.0 3.4388 0.0630 3.4388 1.0070 2.2749
10050 5025.0 3.3759 2.7461 3.3759 0.9943 2.4072
10060 5030.0 3.4049 1.0154 3.4049 0.9913 2.3970
10070 5035.0 3.4461 0.0078 3.4461 0.9955 2.3746
10080 5040.0 3.4079 0.8855 3.4079 0.9878 2.4372
10090 5045.0 3.4599 0.0488 3.4599 1.0139 2.4036
10100 5050.0 3.5215 2.5584 3.5215 0.9576 2.3376
10110 5055.0 3.5120 1.9207 3.5120 1.0326 2.2956
10120 5060.0 3.5397 4.0197 3.5397 0.9521 2.3516
10130 5065.0 3.5344 3.5585 3.5344 1.0031 2.3866
10140 5070.0 3.4488 0.0007 3.4488 0.9724 2.4930
10150 5075.0 3.4044 1.0410 3.4044 1.0010 2.5388
10160 5080.0 3.3801 2.4399 3.3801 1.0090 2.5612
10170 5085.0 3.4033 1.0899 3.4033 0.9928 2.5460
10180 5090.0 3.4196 0.4626 3.4196 1.0135 2.5548
10190 5095.0 3.4240 0.3369 3.4240 0.9925 2.5765
10200 5100.0 3.4530 0.0046 3.4530 1.0141 2.5492
10210 5105.0 3.4367 0.0887 3.4367 0.9950 2.5465
10220 5110.0 3.4408 0.0424 3.4408 1.0055 2.5202
10230 5115.0 3.4406 0.0441 3.4406 0.9894 2.4903
10240 5120.0 3.4252 0.3069 3.4252 1.0028 2.5178
10250 5125.0 3.4305 0.1895 3.4305 1.0070 2.5306
10260 5130.0 3.4451 0.0118 3.4451 0.9978 2.5401
10270 5135.0 3.4497 0.0000 3.4497 1.0185 2.5647
10280 5140.0 3.4030 1.1037 3.4030 0.9947 2.6169
10290 5145.0 3.3871 1.9793 3.3871 1.0298 2.6547
10300 5150.0 3.4127 0.6967 3.4127 0.9939 2.6239
10310 5155.0 3.4394 0.0564 3.4394 1.0373 2.5887
10320 5160.0 3.4317 0.1670 3.4317 0.9901 2.5752
10330 5165.0 3.3724 3.0105 3.3724 1.0323 2.4751
10340 5170.0 3.3896 1.8263 3.3896 0.9702 2.4345
10350 5175.0 3.4142 0.6415 3.4142 1.0550 2.4761
10360 5180.0 3.4389 0.0618 3.4389 1.0016 2.5179
10370 5185.0 3.4419 0.0326 3.4419 1.0391 2.4979
10380 5190.0 3.4172 0.5378 3.4172 0.9954 2.4985
10390 5195.0 3.3476 5.2428 3.3476 1.0293 2.5396
10400 5200.0 3.3765 2.7023 3.3765 1.0073 2.4809
10410 5205.0 3.4456 0.0096 3.4456 1.0211 2.3625
10420 5210.0 3.4461 0.0076 3.4461 1.0003 2.3641
10430 5215.0 3.4257 0.2942 3.4257 1.0099 2.3435
10440 5220.0 3.4221 0.3884 3.4221 0.9536 2.2892
10450 5225.0 3.4110 0.7618 3.4110 0.9921 2.2917
10460 5230.0 3.4356 0.1039 3.4356 0.9906 2.3966
10470 5235.0 3.4156 0.5932 3.4156 1.0023 2.3959
10480 5240.0 3.4579 0.0312 3.4579 0.9905 2.3427
10490 5245.0 3.4044 1.0418 3.4044 0.9998 2.4055
10500 5250.0 3.3729 2.9691 3.3729 0.9866 2.4571
10510 5255.0 3.4367 0.0881 3.4367 0.9830 2.3944
10520 5260.0 3.4193 0.4701 3.4193 0.9981 2.4299
10530 5265.0 3.3704 3.1719 3.3704 0.9892 2.5151
10540 5270.0 3.4668 0.1418 3.4668 1.0120 2.4637
10550 5275.0 3.4712 0.2254 3.4712 0.9753 2.3916
10560 5280.0 3.3779 2.5969 3.3779 0.9909 2.2828
10570 5285.0 3.3960 1.4566 3.3960 0.9587 2.2820
10580 5290.0 3.3679 3.3665 3.3679 1.0036 2.2768
10590 5295.0 3.4256 0.2988 3.4256 0.9824 2.3774
10600 5300.0 3.4807 0.4719 3.4807 1.0031 2.4857
10610 5305.0 3.5018 1.3428 3.5018 1.0125 2.5850
10620 5310.0 3.4669 0.1425 3.4669 0.9945 2.6473
10630 5315.0 3.4207 0.4285 3.4207 1.0303 2.6992
10640 5320.0 3.4328 0.1480 3.4328 1.0267 2.6825
10650 5325.0 3.4709 0.2187 3.4709 1.0120 2.6385
10660 5330.0 3.4642 0.1010 3.4642 1.0351 2.6424
10670 5335.0 3.4566 0.0220 3.4566 0.9892 2.6408
10680 5340.0 3.4780 0.3933 3.4780 1.0444 2.6112
10690 5345.0 3.4713 0.2263 3.4713 1.0546 2.6082
10700 5350.0 3.4245 0.3244 3.4245 0.9972 2.6510
10710 5355.0 3.4045 1.0369 3.4045 1.0528 2.6752
10720 5360.0 3.4650 0.1131 3.4650 1.0128 2.6201
10730 5365.0 3.4511 0.0006 3.4511 1.0407 2.6439
10740 5370.0 3.4268 0.2699 3.4268 1.0171 2.6702
10750 5375.0 3.4014 1.1813 3.4014 1.0048 2.7027
10760 5380.0 3.3818 2.3282 3.3818 1.0423 2.7269
10770 5385.0 3.4422 0.0302 3.4422 0.9694 2.6740
10780 5390.0 3.4697 0.1939 3.4697 1.0765 2.6328
10790 5395.0 3.4326 0.1512 3.4326 0.9441 2.6774
10800 5400.0 3.4409 0.0416 3.4409 1.0529 2.6271
10810 5405.0 3.4455 0.0100 3.4455 0.9525 2.5932
10820 5410.0 3.4209 0.4233 3.4209 1.0378 2.5609
10830 5415.0 3.4397 0.0534 3.4397 0.9585 2.4884
10840 5420.0 3.4382 0.0701 3.4382 1.0240 2.3467
10850 5425.0 3.4284 0.2335 3.4284 0.9603 2.2779
10860 5430.0 3.4053 1.0012 3.4053 1.0105 2.2661
10870 5435.0 3.3394 6.1185 3.3394 1.0044 2.3396
10880 5440.0 3.3944 1.5467 3.3944 1.0117 2.2319
10890 5445.0 3.3972 1.3942 3.3972 0.9772 2.1350
10900 5450.0 3.4320 0.1612 3.4320 1.0040 2.1552
10910 5455.0 3.4511 0.0006 3.4511 0.9849 2.1452
10920 5460.0 3.4598 0.0477 3.4598 0.9746 2.1289
10930 5465.0 3.4452 0.0113 3.4452 1.0061 2.1687
10940 5470.0 3.3924 1.6585 3.3924 0.9706 2.2846
10950 5475.0 3.4094 0.8230 3.4094 1.0189 2.2873
10960 5480.0 3.4365 0.0916 3.4365 0.9658 2.2792
10970 5485.0 3.4297 0.2051 3.4297 1.0060 2.2427
10980 5490.0 3.4473 0.0037 3.4473 0.9660 2.2963
10990 5495.0 3.4509 0.0004 3.4509 1.0212 2.3317
11000 5500.0 3.3868 1.9971 3.3868 0.9706 2.4336
11010 5505.0 3.3966 1.4280 3.3966 1.0070 2.4181
11020 5510.0 3.3962 1.4454 3.3962 0.9850 2.4358
11030 5515.0 3.3855 2.0772 3.3855 0.9930 2.4393
11040 5520.0 3.4359 0.1000 3.4359 1.0012 2.3466
11050 5525.0 3.4204 0.4379 3.4204 0.9776 2.2547
11060 5530.0 3.4227 0.3728 3.4227 1.0105 2.2306
11070 5535.0 3.4608 0.0588 3.4608 0.9703 2.3112
11080 5540.0 3.4159 0.5815 3.4159 1.0221 2.3630
11090 5545.0 3.3795 2.4871 3.3795 0.9656 2.4143
11100 5550.0 3.3921 1.6761 3.3921 1.0284 2.3809
11110 5555.0 3.4339 0.1302 3.4339 0.9476 2.3479
11120 5560.0 3.4631 0.0857 3.4631 1.0315 2.3023
11130 5565.0 3.4693 0.1865 3.4693 0.9569 2.3209
11140 5570.0 3.4644 0.1042 3.4644 1.0106 2.2623
11150 5575.0 3.4413 0.0380 3.4413 0.9688 2.2755
11160 5580.0 3.4448 0.0133 3.4448 0.9746 2.3450
11170 5585.0 3.3886 1.8865 3.3886 1.0252 2.4257
11180 5590.0 3.3681 3.3503 3.3681 0.9510 2.5042
11190 5595.0 3.3900 1.8005 3.3900 1.0263 2.4828
11200 5600.0 3.3626 3.8221 3.3626 0.9469 2.5076
11210 5605.0 3.3791 2.5151 3.3791 1.0302 2.4077
11220 5610.0 3.3714 3.0893 3.3714 0.9627 2.3583
11230 5615.0 3.3629 3.7919 3.3629 1.0064 2.3889
11240 5620.0 3.3300 7.1954 3.3300 0.9801 2.5237
11250 5625.0 3.3421 5.8168 3.3421 0.9954 2.4911
11260 5630.0 3.3554 4.4760 3.3554 0.9825 2.4207
11270 5635.0 3.3424 5.7935 3.3424 0.9871 2.3960
11280 5640.0 3.3392 6.1416 3.3392 0.9875 2.3284
11290 5645.0 3.3388 6.1877 3.3388 0.9994 2.1500
11300 5650.0 3.3573 4.2924 3.3573 0.9958 2.0944
11310 5655.0 3.3422 5.8056 3.3422 0.9942 2.1511
11320 5660.0 3.3419 5.8382 3.3419 0.9968 2.1233
11330 5665.0 3.3616 3.9041 3.3616 0.9940 2.0683
11340 5670.0 3.3153 9.0681 3.3153 1.0158 2.1725
11350 5675.0 3.3579 4.2431 3.3579 0.9950 2.1296
11360 5680.0 3.3187 8.6240 3.3187 1.0080 2.0411
11370 5685.0 3.3814 2.3544 3.3814 0.9909 2.1406
11380 5690.0 3.3904 1.7769 3.3904 1.0102 2.2069
11390 5695.0 3.4045 1.0347 3.4045 0.9891 2.2671
11400 5700.0 3.4048 1.0213 3.4048 0.9956 2.2729
11410 5705.0 3.4243 0.3294 3.4243 0.9944 2.2327
11420 5710.0 3.3995 1.2774 3.3995 0.9850 2.1797
11430 5715.0 3.4047 1.0277 3.4047 0.9919 2.2014
11440 5720.0 3.4258 0.2928 3.4258 0.9789 2.2946
11450 5725.0 3.3788 2.5359 3.3788 1.0157 2.3649
11460 5730.0 3.4263 0.2798 3.4263 0.9783 2.3674
11470 5735.0 3.4227 0.3728 3.4227 1.0154 2.4027
11480 5740.0 3.3859 2.0523 3.3859 0.9787 2.4864
11490 5745.0 3.4326 0.1519 3.4326 1.0109 2.4151
11500 5750.0 3.3688 3.2989 3.3688 0.9812 2.2816
11510 5755.0 3.3434 5.6791 3.3434 0.9550 2.2558
11520 5760.0 3.4081 0.8772 3.4081 1.0250 2.3707
11530 5765.0 3.3542 4.5878 3.3542 0.9763 2.5013
11540 5770.0 3.4426 0.0273 3.4426 1.0241 2.3903
11550 5775.0 3.4172 0.5389 3.4172 0.9534 2.2992
11560 5780.0 3.4049 1.0183 3.4049 1.0211 2.2871
11570 5785.0 3.3676 3.3962 3.3676 0.9602 2.4456
11580 5790.0 3.4119 0.7247 3.4119 1.0393 2.4089
11590 5795.0 3.4478 0.0024 3.4478 0.9581 2.3713
11600 5800.0 3.4491 0.0004 3.4491 1.0230 2.4553
11610 5805.0 3.3545 4.5588 3.3545 0.9761 2.5699
11620 5810.0 3.4211 0.4171 3.4211 1.0479 2.4156
11630 5815.0 3.4464 0.0063 3.4464 0.9541 2.3780
11640 5820.0 3.4470 0.0044 3.4470 1.0586 2.3773
11650 5825.0 3.4016 1.1695 3.4016 0.9703 2.4313
11660 5830.0 3.4255 0.3001 3.4255 1.0513 2.4017
11670 5835.0 3.3874 1.9625 3.3874 0.9724 2.4646
11680 5840.0 3.3769 2.6712 3.3769 1.0261 2.4832
11690 5845.0 3.4397 0.0531 3.4397 0.9857 2.4418
11700 5850.0 3.4551 0.0129 3.4551 1.0237 2.3999
11710 5855.0 3.4581 0.0328 3.4581 0.9800 2.3851
11720 5860.0 3.4680 0.1614 3.4680 1.0139 2.3146
11730 5865.0 3.4674 0.1506 3.4674 0.9815 2.2970
11740 5870.0 3.4321 0.1597 3.4321 1.0331 2.2770
11750 5875.0 3.4455 0.0102 3.4455 0.9693 2.2545
11760 5880.0 3.4784 0.4040 3.4784 1.0214 2.1971
11770 5885.0 3.4620 0.0715 3.4620 0.9755 2.2179
11780 5890.0 3.4392 0.0585 3.4392 1.0264 2.2225
11790 5895.0 3.4241 0.3359 3.4241 0.9756 2.2564
11800 5900.0 3.4019 1.1583 3.4019 1.0435 2.3004
11810 5905.0 3.3866 2.0095 3.3866 0.9660 2.3469
11820 5910.0 3.3947 1.5311 3.3947 1.0427 2.2964
11830 5915.0 3.4131 0.6792 3.4131 0.9680 2.3576
11840 5920.0 3.4339 0.1293 3.4339 1.0347 2.3472
11850 5925.0 3.4361 0.0964 3.4361 0.9742 2.3287
11860 5930.0 3.3871 1.9772 3.3871 1.0061 2.3658
11870 5935.0 3.3365 6.4423 3.3365 0.9977 2.3791
11880 5940.0 3.4161 0.5749 3.4161 1.0060 2.2567
11890 5945.0 3.4241 0.3366 3.4241 0.9848 2.2193
11900 5950.0 3.3976 1.3744 3.3976 0.9922 2.2491
11910 5955.0 3.4048 1.0233 3.4048 0.9996 2.2249
11920 5960.0 3.4276 0.2501 3.4276 0.9817 2.1469
11930 5965.0 3.4100 0.8016 3.4100 1.0096 2.2031
11940 5970.0 3.3029 10.8176 3.3029 0.9989 2.3214
11950 5975.0 3.3704 3.1712 3.3704 0.9983 2.2605
11960 5980.0 3.3917 1.6998 3.3917 0.9906 2.1405
11970 5985.0 3.4101 0.7952 3.4101 1.0092 2.1437
11980 5990.0 3.4182 0.5056 3.4182 0.9871 2.1790
11990 5995.0 3.4041 1.0546 3.4041 1.0110 2.0884
12000 6000.0 3.4536 0.0065 3.4536 0.9475 2.1364
12010 6005.0 3.4138 0.6551 3.4138 1.0336 2.1882
12020 6010.0 3.4236 0.3493 3.4236 0.9554 2.2216
12030 6015.0 3.4507 0.0002 3.4507 1.0233 2.1336
12040 6020.0 3.4670 0.1449 3.4670 0.9495 2.1705
12050 6025.0 3.4396 0.0536 3.4396 1.0119 2.2395
12060 6030.0 3.3102 9.7741 3.3102 0.9785 2.4173
12070 6035.0 3.3878 1.9330 3.3878 1.0169 2.3714
12080 6040.0 3.4218 0.3988 3.4218 0.9620 2.3381
12090 6045.0 3.4211 0.4170 3.4211 1.0178 2.3465
12100 6050.0 3.4183 0.5019 3.4183 0.9822 2.3627
12110 6055.0 3.3922 1.6731 3.3922 1.0012 2.3632
12120 6060.0 3.4045 1.0360 3.4045 0.9946 2.5157
12130 6065.0 3.3359 6.5151 3.3359 1.0249 2.5888
12140 6070.0 3.4580 0.0321 3.4580 0.9892 2.4452
12150 6075.0 3.4465 0.0060 3.4465 1.0097 2.4388
12160 6080.0 3.3502 4.9785 3.3502 1.0228 2.5427
12170 6085.0 3.4745 0.3009 3.4745 1.0016 2.4375
12180 6090.0 3.4400 0.0499 3.4400 1.0282 2.3778
12190 6095.0 3.4727 0.2588 3.4727 1.0435 2.5089
12200 6100.0 3.3532 4.6868 3.3532 0.9873 2.6501
12210 6105.0 3.4443 0.0163 3.4443 1.0867 2.4646
12220 6110.0 3.3776 2.6180 3.3776 1.0115 2.3118
12230 6115.0 3.5091 1.7467 3.5091 1.0376 2.4122
12240 6120.0 3.4391 0.0596 3.4391 1.0238 2.4953
12250 6125.0 3.4216 0.4030 3.4216 1.0359 2.5941
12260 6130.0 3.4184 0.4993 3.4184 1.0956 2.6758
12270 6135.0 3.4482 0.0015 3.4482 0.9488 2.6152
12280 6140.0 3.4246 0.3225 3.4246 1.1363 2.5545
12290 6145.0 3.4490 0.0005 3.4490 0.9692 2.4031
12300 6150.0 3.3055 10.4442 3.3055 1.0514 2.2277
12310 6155.0 3.4469 0.0047 3.4469 0.9718 2.4162
12320 6160.0 3.3392 6.1416 3.3392 1.0641 2.5255
12330 6165.0 3.3962 1.4493 3.3962 0.9806 2.3876
12340 6170.0 3.3830 2.2464 3.3830 1.0460 2.4223
12350 6175.0 3.3164 8.9288 3.3164 1.0313 2.5538
12360 6180.0 3.3736 2.9197 3.3736 0.9939 2.3783
12370 6185.0 3.3389 6.1723 3.3389 1.0780 2.2470
12380 6190.0 3.4136 0.6618 3.4136 0.9627 2.3048
12390 6195.0 3.4279 0.2437 3.4279 1.0747 2.2967
12400 6200.0 3.3992 1.2906 3.3992 0.9612 2.3235
12410 6205.0 3.4312 0.1772 3.4312 1.0424 2.3949
12420 6210.0 3.3785 2.5585 3.3785 0.9865 2.4601
12430 6215.0 3.4401 0.0487 3.4401 1.0392 2.3734
12440 6220.0 3.4626 0.0800 3.4626 1.0107 2.3116
12450 6225.0 3.4490 0.0005 3.4490 1.0207 2.3330
12460 6230.0 3.3803 2.4275 3.3803 1.0334 2.3933
12470 6235.0 3.4337 0.1335 3.4337 0.9983 2.3195
12480 6240.0 3.4635 0.0918 3.4635 1.0110 2.2834
12490 6245.0 3.3789 2.5261 3.3789 1.0181 2.3773
12500 6250.0 3.4029 1.1107 3.4029 0.9984 2.3465
12510 6255.0 3.4579 0.0312 3.4579 1.0238 2.2819
12520 6260.0 3.4437 0.0199 3.4437 0.9906 2.3074
12530 6265.0 3.4237 0.3466 3.4237 1.0353 2.3257
12540 6270.0 3.4438 0.0189 3.4438 1.0263 2.3143
12550 6275.0 3.4322 0.1593 3.4322 1.0032 2.3550
12560 6280.0 3.3755 2.7754 3.3755 1.0223 2.4338
12570 6285.0 3.3784 2.5642 3.3784 0.9973 2.4202
12580 6290.0 3.4843 0.5889 3.4843 1.0657 2.3021
12590 6295.0 3.4740 0.2879 3.4740 0.9370 2.3460
12600 6300.0 3.4310 0.1805 3.4310 1.0794 2.3681
12610 6305.0 3.3568 4.3432 3.3568 0.9502 2.4414
12620 6310.0 3.3947 1.5287 3.3947 1.0517 2.3753
12630 6315.0 3.3942 1.5562 3.3942 0.9626 2.3744
12640 6320.0 3.4025 1.1268 3.4025 1.0285 2.3570
12650 6325.0 3.4381 0.0703 3.4381 0.9802 2.3222
12660 6330.0 3.4808 0.4735 3.4808 1.0102 2.2672
12670 6335.0 3.4270 0.2645 3.4270 0.9896 2.3288
12680 6340.0 3.3460 5.4087 3.3460 1.0155 2.4193
12690 6345.0 3.4014 1.1808 3.4014 0.9969 2.3524
12700 6350.0 3.4651 0.1146 3.4651 1.0112 2.2705
12710 6355.0 3.4593 0.0435 3.4593 0.9835 2.2710
12720 6360.0 3.4712 0.2241 3.4712 1.0197 2.2553
12730 6365.0 3.4612 0.0622 3.4612 0.9792 2.2609
12740 6370.0 3.4491 0.0004 3.4491 0.9814 2.2821
12750 6375.0 3.4473 0.0037 3.4473 1.0205 2.2949
12760 6380.0 3.3876 1.9450 3.3876 0.9974 2.3466
12770 6385.0 3.4145 0.6284 3.4145 1.0228 2.3093
12780 6390.0 3.4142 0.6425 3.4142 0.9765 2.2815
12790 6395.0 3.3990 1.3027 3.3990 1.0286 2.2983
12800 6400.0 3.3657 3.5541 3.3657 0.9810 2.3151
12810 6405.0 3.4612 0.0623 3.4612 1.0235 2.2039
12820 6410.0 3.4381 0.0704 3.4381 0.9475 2.2290
12830 6415.0 3.4235 0.3510 3.4235 1.0401 2.2943
12840 6420.0 3.3294 7.2706 3.3294 0.9766 2.3989
12850 6425.0 3.4310 0.1808 3.4310 1.0297 2.3060
12860 6430.0 3.3831 2.2408 3.3831 0.9437 2.2477
12870 6435.0 3.4449 0.0131 3.4449 1.0236 2.3055
12880 6440.0 3.3544 4.5715 3.3544 0.9760 2.4032
12890 6445.0 3.4593 0.0433 3.4593 1.0130 2.2827
12900 6450.0 3.4392 0.0580 3.4392 0.9779 2.2199
12910 6455.0 3.4105 0.7820 3.4105 1.0018 2.3029
12920 6460.0 3.4075 0.9043 3.4075 0.9902 2.3179
12930 6465.0 3.4001 1.2456 3.4001 1.0028 2.3072
12940 6470.0 3.3928 1.6358 3.3928 0.9920 2.4620
12950 6475.0 3.3828 2.2595 3.3828 1.0279 2.5220
12960 6480.0 3.3369 6.3958 3.3369 0.9786 2.3943
12970 6485.0 3.3759 2.7448 3.3759 0.9927 2.4283
12980 6490.0 3.3020 10.9514 3.3020 1.0131 2.5115
12990 6495.0 3.3616 3.9036 3.3616 0.9787 2.3786
13000 6500.0 3.3304 7.1558 3.3304 0.9987 2.4733
13010 6505.0 3.2928 12.3624 3.2928 1.0066 2.5371
13020 6510.0 3.3098 9.8298 3.3098 1.0040 2.3789
13030 6515.0 3.3537 4.6406 3.3537 0.9761 2.4836
13040 6520.0 3.3305 7.1364 3.3305 1.0267 2.5417
13050 6525.0 3.3784 2.5665 3.3784 0.9728 2.4329
13060 6530.0 3.4039 1.0645 3.4039 1.0228 2.4181
13070 6535.0 3.3913 1.7222 3.3913 0.9743 2.4616
13080 6540.0 3.4413 0.0380 3.4413 1.0151 2.3665
13090 6545.0 3.3692 3.2649 3.3692 0.9559 2.3043
13100 6550.0 3.4130 0.6830 3.4130 1.0018 2.3611
13110 6555.0 3.3797 2.4682 3.3797 0.9865 2.4984
13120 6560.0 3.3768 2.6791 3.3768 0.9805 2.5111
13130 6565.0 3.3909 1.7476 3.3909 1.0017 2.3915
13140 6570.0 3.4012 1.1896 3.4012 0.9774 2.4127
13150 6575.0 3.3541 4.5958 3.3541 0.9966 2.4407
13160 6580.0 3.4167 0.5551 3.4167 0.9970 2.2840
13170 6585.0 3.3908 1.7532 3.3908 0.9796 2.1908
13180 6590.0 3.4233 0.3573 3.4233 0.9891 2.2796
13190 6595.0 3.3576 4.2689 3.3576 0.9872 2.3775
13200 6600.0 3.4049 1.0190 3.4049 1.0038 2.3192
13210 6605.0 3.4199 0.4521 3.4199 0.9620 2.3016
13220 6610.0 3.3927 1.6412 3.3927 1.0357 2.3609
13230 6615.0 3.4044 1.0396 3.4044 0.9560 2.3863
13240 6620.0 3.4466 0.0056 3.4466 1.0283 2.2959
13250 6625.0 3.4525 0.0031 3.4525 0.9583 2.2915
13260 6630.0 3.4414 0.0367 3.4414 1.0401 2.2718
13270 6635.0 3.4800 0.4510 3.4800 0.9441 2.3459
13280 6640.0 3.4247 0.3192 3.4247 1.0598 2.4512
13290 6645.0 3.4120 0.7213 3.4120 0.9317 2.5223
13300 6650.0 3.4367 0.0891 3.4367 1.0673 2.4632
13310 6655.0 3.4709 0.2175 3.4709 0.9375 2.4104
13320 6660.0 3.4870 0.6835 3.4870 1.0704 2.2889
13330 6665.0 3.4484 0.0013 3.4484 0.9237 2.2513
13340 6670.0 3.3924 1.6583 3.3924 1.0552 2.2183
13350 6675.0 3.4062 0.9593 3.4062 0.9447 2.4444
13360 6680.0 3.3270 7.5631 3.3270 1.0377 2.4971
13370 6685.0 3.4156 0.5931 3.4156 0.9695 2.3311
13380 6690.0 3.4072 0.9155 3.4072 1.0089 2.3205
13390 6695.0 3.3332 6.8200 3.3332 0.9947 2.4500
13400 6700.0 3.3901 1.7959 3.3901 0.9915 2.3188
13410 6705.0 3.3156 9.0369 3.3156 0.9986 2.1903
13420 6710.0 3.3821 2.3049 3.3821 1.0077 2.2957
13430 6715.0 3.3683 3.3403 3.3683 1.0100 2.2606
13440 6720.0 3.4167 0.5533 3.4167 1.0013 2.0523
13450 6725.0 3.4541 0.0082 3.4541 0.9860 2.0939
13460 6730.0 3.3671 3.4389 3.3671 1.0129 2.2387
13470 6735.0 3.4248 0.3169 3.4248 0.9841 2.2368
13480 6740.0 3.4585 0.0358 3.4585 1.0103 2.2449
13490 6745.0 3.3752 2.7951 3.3752 0.9908 2.4065
13500 6750.0 3.4128 0.6919 3.4128 1.0417 2.3944
13510 6755.0 3.3371 6.3769 3.3371 0.9549 2.2484
13520 6760.0 3.3429 5.7397 3.3429 1.0174 2.2125
13530 6765.0 3.4664 0.1342 3.4664 0.9957 2.3901
13540 6770.0 3.4153 0.6005 3.4153 1.0238 2.4675
13550 6775.0 3.4284 0.2325 3.4284 0.9787 2.4684
13560 6780.0 3.3935 1.5940 3.3935 1.0184 2.4963
13570 6785.0 3.4003 1.2347 3.4003 0.9995 2.4804
13580 6790.0 3.4615 0.0665 3.4615 1.0094 2.4145
13590 6795.0 3.5111 1.8656 3.5111 0.9848 2.3482
13600 6800.0 3.4325 0.1531 3.4325 1.0327 2.2587
13610 6805.0 3.4364 0.0926 3.4364 0.9857 2.3282
13620 6810.0 3.4700 0.2002 3.4700 1.0200 2.4102
13630 6815.0 3.4584 0.0353 3.4584 0.9845 2.3542
13640 6820.0 3.3670 3.4470 3.3670 1.0166 2.2337
13650 6825.0 3.4699 0.1970 3.4699 0.9843 2.3181
13660 6830.0 3.4300 0.1991 3.4300 1.0583 2.4163
13670 6835.0 3.4224 0.3815 3.4224 0.9473 2.4582
13680 6840.0 3.4008 1.2128 3.4008 1.0973 2.4149
13690 6845.0 3.3887 1.8793 3.3887 0.9603 2.3655
13700 6850.0 3.3686 3.3119 3.3686 1.0527 2.3370
13710 6855.0 3.3520 4.8031 3.3520 0.9691 2.4277
13720 6860.0 3.3511 4.8925 3.3511 1.0424 2.3798
13730 6865.0 3.3314 7.0383 3.3314 0.9935 2.4159
13740 6870.0 3.2907 12.6812 3.2907 0.9936 2.4329
13750 6875.0 3.3672 3.4277 3.3672 0.9898 2.3340
13760 6880.0 3.3782 2.5791 3.3782 1.0036 2.2428
13770 6885.0 3.3958 1.4681 3.3958 0.9743 2.2840
13780 6890.0 3.3946 1.5371 3.3946 1.0252 2.3078
13790 6895.0 3.4053 1.0005 3.4053 0.9558 2.4095
13800 6900.0 3.3890 1.8614 3.3890 1.0214 2.5194
13810 6905.0 3.3735 2.9293 3.3735 0.9790 2.5474
13820 6910.0 3.4098 0.8072 3.4098 1.0106 2.4084
13830 6915.0 3.4276 0.2513 3.4276 0.9594 2.3264
13840 6920.0 3.4582 0.0340 3.4582 1.0237 2.2230
13850 6925.0 3.4571 0.0254 3.4571 0.9595 2.1504
13860 6930.0 3.4074 0.9056 3.4074 0.9856 2.0583
13870 6935.0 3.4554 0.0145 3.4554 0.9770 2.0981
13880 6940.0 3.4636 0.0927 3.4636 0.9651 2.1231
13890 6945.0 3.4464 0.0066 3.4464 1.0046 2.1239
13900 6950.0 3.4350 0.1123 3.4350 0.9551 2.1978
13910 6955.0 3.3931 1.6175 3.3931 1.0211 2.2817
13920 6960.0 3.3930 1.6244 3.3930 0.9571 2.3316
13930 6965.0 3.4061 0.9648 3.4061 1.0174 2.3333
13940 6970.0 3.3970 1.4021 3.3970 0.9785 2.3780
13950 6975.0 3.3990 1.3010 3.3990 0.9975 2.3860
13960 6980.0 3.3911 1.7369 3.3911 0.9905 2.3797
13970 6985.0 3.3904 1.7787 3.3904 0.9822 2.4084
13980 6990.0 3.3627 3.8071 3.3627 1.0140 2.4100
13990 6995.0 3.3658 3.5445 3.3658 0.9778 2.3621
14000 7000.0 3.4030 1.1029 3.4030 1.0016 2.2786
14010 7005.0 3.4024 1.1315 3.4024 0.9769 2.2862
14020 7010.0 3.3949 1.5161 3.3949 1.0160 2.3096
14030 7015.0 3.4166 0.5594 3.4166 0.9869 2.3132
14040 7020.0 3.4265 0.2753 3.4265 1.0130 2.3229
14050 7025.0 3.4255 0.3005 3.4255 0.9986 2.4119
14060 7030.0 3.4125 0.7020 3.4125 1.0057 2.4742
14070 7035.0 3.4409 0.0414 3.4409 1.0071 2.4488
14080 7040.0 3.4460 0.0079 3.4460 0.9892 2.3845
14090 7045.0 3.4227 0.3733 3.4227 0.9859 2.3581
14100 7050.0 3.4195 0.4648 3.4195 0.9863 2.3883
14110 7055.0 3.4327 0.1493 3.4327 0.9905 2.4950
14120 7060.0 3.3786 2.5483 3.3786 0.9991 2.6683
14130 7065.0 3.3009 11.1100 3.3009 1.0090 2.7619
14140 7070.0 3.4104 0.7849 3.4104 0.9831 2.6078
14150 7075.0 3.3808 2.3951 3.3808 0.9901 2.4737
14160 7080.0 3.4091 0.8363 3.4091 0.9971 2.4461
14170 7085.0 3.4046 1.0289 3.4046 1.0003 2.3872
14180 7090.0 3.3813 2.3575 3.3813 0.9748 2.3225
14190 7095.0 3.4251 0.3103 3.4251 1.0113 2.3362
14200 7100.0 3.3686 3.3150 3.3686 0.9871 2.4245
14210 7105.0 3.3938 1.5775 3.3938 0.9974 2.3554
14220 7110.0 3.4226 0.3743 3.4226 0.9905 2.2819
14230 7115.0 3.4106 0.7762 3.4106 1.0038 2.2878
14240 7120.0 3.3861 2.0392 3.3861 1.0056 2.3837
14250 7125.0 3.3800 2.4505 3.3800 1.0003 2.4455
14260 7130.0 3.3513 4.8741 3.3513 1.0364 2.4541
14270 7135.0 3.3576 4.2649 3.3576 0.9752 2.5182
14280 7140.0 3.3440 5.6158 3.3440 1.0350 2.4884
14290 7145.0 3.3554 4.4699 3.3554 0.9719 2.3723
14300 7150.0 3.3802 2.4326 3.3802 1.0114 2.3283
14310 7155.0 3.4065 0.9476 3.4065 0.9851 2.3708
14320 7160.0 3.4060 0.9666 3.4060 0.9786 2.3612
14330 7165.0 3.4148 0.6210 3.4148 1.0128 2.3645
14340 7170.0 3.3880 1.9219 3.3880 0.9556 2.4896
14350 7175.0 3.3963 1.4409 3.3963 1.0434 2.4619
14360 7180.0 3.4296 0.2074 3.4296 0.9506 2.4786
14370 7185.0 3.4310 0.1812 3.4310 1.0448 2.4825
14380 7190.0 3.3833 2.2232 3.3833 0.9776 2.6121
14390 7195.0 3.4296 0.2090 3.4296 1.0363 2.5858
14400 7200.0 3.4516 0.0013 3.4516 0.9752 2.4829
14410 7205.0 3.4064 0.9488 3.4064 1.0173 2.3308
14420 7210.0 3.4587 0.0378 3.4587 1.0112 2.3109
14430 7215.0 3.4439 0.0186 3.4439 0.9997 2.2713
14440 7220.0 3.4305 0.1892 3.4305 1.0000 2.2553
14450 7225.0 3.5004 1.2711 3.5004 1.0071 2.3641
14460 7230.0 3.5073 1.6413 3.5073 1.0111 2.4236
14470 7235.0 3.4488 0.0007 3.4488 1.0125 2.4210
14480 7240.0 3.4378 0.0747 3.4378 1.0024 2.4512
14490 7245.0 3.4687 0.1756 3.4687 1.0081 2.4909
14500 7250.0 3.4288 0.2237 3.4288 1.0255 2.4382
14510 7255.0 3.4267 0.2716 3.4267 0.9784 2.4041
14520 7260.0 3.4314 0.1732 3.4314 1.0153 2.4289
14530 7265.0 3.4988 1.1888 3.4988 0.9870 2.5416
14540 7270.0 3.4046 1.0302 3.4046 1.0217 2.6758
14550 7275.0 3.3617 3.8995 3.3617 0.9959 2.7118
14560 7280.0 3.4705 0.2103 3.4705 1.0156 2.5336
14570 7285.0 3.4456 0.0095 3.4456 0.9929 2.3854
14580 7290.0 3.4262 0.2834 3.4262 0.9930 2.3037
14590 7295.0 3.4668 0.1418 3.4668 0.9713 2.3349
14600 7300.0 3.3624 3.8398 3.3624 1.0188 2.4039
14610 7305.0 3.3836 2.2053 3.3836 0.9741 2.3495
14620 7310.0 3.3981 1.3468 3.3981 1.0061 2.2273
14630 7315.0 3.4097 0.8104 3.4097 0.9843 2.2546
14640 7320.0 3.3917 1.6971 3.3917 1.0298 2.2674
14650 7325.0 3.3560 4.4178 3.3560 1.0119 2.2877
14660 7330.0 3.3530 4.7065 3.3530 1.0243 2.4348
14670 7335.0 3.2779 14.8129 3.2779 1.0066 2.5492
14680 7340.0 3.3636 3.7340 3.3636 1.0145 2.3881
14690 7345.0 3.3863 2.0288 3.3863 0.9818 2.3059
14700 7350.0 3.3789 2.5288 3.3789 1.0217 2.3044
14710 7355.0 3.4215 0.4053 3.4215 0.9842 2.2074
14720 7360.0 3.3742 2.8730 3.3742 1.0140 2.1322
14730 7365.0 3.4046 1.0322 3.4046 0.9858 2.2897
14740 7370.0 3.3340 6.7296 3.3340 1.0089 2.3988
14750 7375.0 3.3773 2.6437 3.3773 0.9967 2.3389
14760 7380.0 3.3997 1.2638 3.3997 1.0032 2.2665
14770 7385.0 3.4075 0.9049 3.4075 0.9869 2.2224
14780 7390.0 3.4408 0.0423 3.4408 0.9950 2.1263
14790 7395.0 3.4297 0.2070 3.4297 0.9764 2.0373
14800 7400.0 3.4010 1.1985 3.4010 0.9876 1.9842
14810 7405.0 3.4361 0.0962 3.4361 0.9861 2.0554
14820 7410.0 3.4010 1.2004 3.4010 0.9788 2.1482
14830 7415.0 3.3723 3.0164 3.3723 1.0083 2.2130
14840 7420.0 3.3482 5.1813 3.3482 0.9684 2.3326
14850 7425.0 3.3315 7.0161 3.3315 1.0014 2.4150
14860 7430.0 3.3627 3.8146 3.3627 0.9563 2.3251
14870 7435.0 3.3541 4.5982 3.3541 1.0010 2.1975
14880 7440.0 3.3952 1.4997 3.3952 0.9759 2.2348
14890 7445.0 3.3988 1.3083 3.3988 1.0174 2.2069
14900 7450.0 3.4118 0.7280 3.4118 0.9608 2.1037
14910 7455.0 3.3801 2.4426 3.3801 0.9801 2.0662
14920 7460.0 3.3941 1.5630 3.3941 1.0035 2.2212
14930 7465.0 3.3755 2.7743 3.3755 0.9752 2.2507
14940 7470.0 3.4561 0.0184 3.4561 1.0014 2.1399
14950 7475.0 3.4768 0.3585 3.4768 0.9521 2.1177
14960 7480.0 3.4654 0.1183 3.4654 1.0260 2.1123
14970 7485.0 3.4638 0.0946 3.4638 0.9562 2.1112
14980 7490.0 3.3706 3.1500 3.3706 1.0176 1.9763
14990 7495.0 3.4114 0.7440 3.4114 0.9725 2.0119
15000 7500.0 3.5040 1.4570 3.5040 0.9873 2.1468
15010 7505.0 3.4573 0.0270 3.4573 1.0031 2.2937
15020 7510.0 3.4690 0.1801 3.4690 0.9590 2.2990
15030 7515.0 3.4834 0.5575 3.4834 1.0149 2.2797
15040 7520.0 3.3965 1.4294 3.3965 0.9509 2.4135
15050 7525.0 3.3959 1.4658 3.3959 1.0231 2.4304
15060 7530.0 3.4954 1.0317 3.4954 0.9578 2.3693
15070 7535.0 3.4597 0.0468 3.4597 1.0194 2.4207
15080 7540.0 3.4295 0.2100 3.4295 0.9688 2.4649
15090 7545.0 3.4748 0.3075 3.4748 1.0011 2.4062
15100 7550.0 3.4405 0.0456 3.4405 0.9846 2.4561
15110 7555.0 3.3972 1.3930 3.3972 0.9890 2.5226
15120 7560.0 3.4024 1.1343 3.4024 1.0120 2.4434
15130 7565.0 3.3847 2.1346 3.3847 0.9786 2.4366
15140 7570.0 3.4155 0.5950 3.4155 1.0384 2.5200
15150 7575.0 3.3962 1.4450 3.3962 0.9874 2.5133
15160 7580.0 3.3791 2.5143 3.3791 1.0168 2.5436
15170 7585.0 3.4485 0.0011 3.4485 0.9809 2.6673
15180 7590.0 3.3885 1.8913 3.3885 1.0070 2.7763
15190 7595.0 3.4184 0.5001 3.4184 0.9747 2.7478
15200 7600.0 3.4437 0.0197 3.4437 1.0089 2.6527
15210 7605.0 3.4427 0.0267 3.4427 0.9765 2.6759
15220 7610.0 3.4356 0.1040 3.4356 1.0197 2.6686
15230 7615.0 3.3939 1.5751 3.3939 0.9840 2.5684
15240 7620.0 3.3568 4.3399 3.3568 0.9993 2.5390
15250 7625.0 3.4110 0.7598 3.4110 1.0304 2.6516
15260 7630.0 3.3859 2.0523 3.3859 1.0068 2.6217
15270 7635.0 3.4193 0.4724 3.4193 1.0129 2.4566
15280 7640.0 3.4217 0.4010 3.4217 0.9976 2.4171
15290 7645.0 3.3743 2.8623 3.3743 1.0234 2.5170
15300 7650.0 3.4398 0.0519 3.4398 1.0045 2.4330
15310 7655.0 3.3806 2.4104 3.3806 1.0012 2.3197
15320 7660.0 3.4538 0.0073 3.4538 0.9965 2.4053
15330 7665.0 3.4248 0.3168 3.4248 1.0210 2.4470
15340 7670.0 3.4531 0.0049 3.4531 0.9808 2.3219
15350 7675.0 3.4014 1.1795 3.4014 0.9950 2.2481
15360 7680.0 3.4287 0.2274 3.4287 0.9879 2.3498
15370 7685.0 3.3457 5.4400 3.3457 0.9932 2.3895
15380 7690.0 3.4586 0.0368 3.4586 1.0008 2.1957
15390 7695.0 3.3932 1.6140 3.3932 0.9749 2.1188
15400 7700.0 3.4353 0.1079 3.4353 0.9875 2.2182
15410 7705.0 3.3519 4.8131 3.3519 0.9965 2.4140
15420 7710.0 3.3577 4.2580 3.3577 1.0029 2.4745
15430 7715.0 3.3359 6.5082 3.3359 0.9825 2.5070
15440 7720.0 3.3310 7.0782 3.3310 1.0083 2.5979
15450 7725.0 3.3337 6.7679 3.3337 1.0146 2.5534
15460 7730.0 3.3178 8.7339 3.3178 0.9807 2.4535
15470 7735.0 3.3479 5.2118 3.3479 1.0492 2.5014
15480 7740.0 3.3352 6.5852 3.3352 0.9923 2.5627
15490 7745.0 3.3540 4.6092 3.3540 1.0266 2.5345
15500 7750.0 3.3531 4.6991 3.3531 1.0219 2.6023
15510 7755.0 3.3801 2.4444 3.3801 0.9969 2.5665
15520 7760.0 3.3393 6.1324 3.3393 1.0820 2.4080
15530 7765.0 3.4158 0.5864 3.4158 0.9399 2.5377
15540 7770.0 3.3591 4.1345 3.3591 1.1327 2.6498
15550 7775.0 3.3456 5.4476 3.3456 0.9350 2.6745
15560 7780.0 3.4033 1.0887 3.4033 1.1005 2.6011
15570 7785.0 3.3575 4.2745 3.3575 0.9704 2.6387
15580 7790.0 3.4178 0.5170 3.4178 1.0801 2.5399
15590 7795.0 3.4956 1.0381 3.4956 1.0262 2.4216
15600 7800.0 3.4739 0.2854 3.4739 1.0196 2.3210
15610 7805.0 3.4709 0.2191 3.4709 1.0100 2.2892
15620 7810.0 3.4741 0.2892 3.4741 1.0331 2.2696
15630 7815.0 3.4872 0.6910 3.4872 1.0120 2.2567
15640 7820.0 3.4474 0.0035 3.4474 1.0255 2.1975
15650 7825.0 3.4672 0.1483 3.4672 0.9445 2.1816
15660 7830.0 3.3722 3.0282 3.3722 1.0554 2.1099
15670 7835.0 3.4583 0.0346 3.4583 0.9395 2.2120
15680 7840.0 3.4335 0.1366 3.4335 1.0560 2.2640
15690 7845.0 3.4556 0.0155 3.4556 0.9518 2.4027
15700 7850.0 3.3856 2.0734 3.3856 1.0480 2.5159
15710 7855.0 3.3503 4.9685 3.3503 0.9462 2.5189
15720 7860.0 3.4148 0.6193 3.4148 1.0548 2.3599
15730 7865.0 3.4233 0.3557 3.4233 0.9369 2.3078
15740 7870.0 3.3730 2.9626 3.3730 1.0559 2.3477
15750 7875.0 3.3914 1.7171 3.3914 0.9409 2.3296
15760 7880.0 3.3618 3.8919 3.3618 1.0464 2.1709
15770 7885.0 3.3866 2.0129 3.3866 0.9573 2.2659
15780 7890.0 3.3634 3.7509 3.3634 1.0524 2.3113
15790 7895.0 3.3650 3.6102 3.3650 0.9553 2.3155
15800 7900.0 3.3701 3.1881 3.3701 1.0334 2.2737
15810 7905.0 3.3367 6.4224 3.3367 0.9659 2.3325
15820 7910.0 3.3866 2.0128 3.3866 1.0190 2.2610
15830 7915.0 3.4300 0.2008 3.4300 0.9809 2.2113
15840 7920.0 3.4351 0.1107 3.4351 1.0091 2.1907
15850 7925.0 3.4225 0.3771 3.4225 0.9938 2.2008
15860 7930.0 3.4019 1.1570 3.4019 0.9871 2.2434
15870 7935.0 3.3621 3.8599 3.3621 1.0091 2.2923
15880 7940.0 3.3843 2.1584 3.3843 0.9723 2.2727
15890 7945.0 3.4015 1.1771 3.4015 1.0077 2.1962
15900 7950.0 3.4090 0.8406 3.4090 0.9739 2.2043
15910 7955.0 3.4076 0.8996 3.4076 1.0019 2.1931
15920 7960.0 3.4037 1.0735 3.4037 0.9885 2.1712
15930 7965.0 3.3955 1.4874 3.3955 0.9845 2.1877
15940 7970.0 3.3734 2.9368 3.3734 0.9949 2.2840
15950 7975.0 3.3569 4.3296 3.3569 0.9876 2.3176
15960 7980.0 3.4018 1.1625 3.4018 0.9955 2.2279
15970 7985.0 3.4196 0.4618 3.4196 0.9842 2.1439
15980 7990.0 3.4380 0.0716 3.4380 1.0028 2.1369
15990 7995.0 3.4460 0.0080 3.4460 0.9793 2.1421
16000 8000.0 3.4602 0.0515 3.4602 0.9943 2.1116
16010 8005.0 3.4590 0.0407 3.4590 0.9867 2.1266
16020 8010.0 3.4025 1.1302 3.4025 1.0137 2.2132
16030 8015.0 3.4163 0.5678 3.4163 0.9793 2.2213
16040 8020.0 3.4606 0.0561 3.4606 1.0109 2.1998
16050 8025.0 3.4418 0.0340 3.4418 1.0076 2.3075
16060 8030.0 3.4046 1.0320 3.4046 1.0188 2.4332
16070 8035.0 3.4821 0.5159 3.4821 0.9938 2.3753
16080 8040.0 3.4749 0.3092 3.4749 0.9883 2.3090
16090 8045.0 3.4853 0.6233 3.4853 1.0116 2.3260
16100 8050.0 3.4249 0.3146 3.4249 0.9976 2.4139
16110 8055.0 3.4719 0.2389 3.4719 1.0074 2.3439
16120 8060.0 3.4240 0.3378 3.4240 0.9844 2.2896
16130 8065.0 3.4265 0.2766 3.4265 1.0018 2.3209
16140 8070.0 3.4357 0.1019 3.4357 0.9951 2.4144
16150 8075.0 3.4012 1.1892 3.4012 1.0277 2.3692
16160 8080.0 3.4020 1.1538 3.4020 0.9326 2.4107
16170 8085.0 3.3929 1.6304 3.3929 1.0655 2.4693
16180 8090.0 3.3005 11.1717 3.3005 0.9534 2.5448
16190 8095.0 3.4116 0.7369 3.4116 1.0557 2.3940
16200 8100.0 3.4244 0.3279 3.4244 0.9331 2.3674
16210 8105.0 3.4419 0.0327 3.4419 1.0496 2.2936
16220 8110.0 3.4550 0.0123 3.4550 0.9592 2.2834
16230 8115.0 3.3684 3.3290 3.3684 1.0245 2.2089
16240 8120.0 3.4269 0.2679 3.4269 0.9596 2.3039
16250 8125.0 3.4053 1.0000 3.4053 1.0143 2.4589
16260 8130.0 3.3430 5.7202 3.3430 0.9884 2.5858
16270 8135.0 3.4133 0.6735 3.4133 1.0034 2.5497
16280 8140.0 3.3891 1.8552 3.3891 0.9886 2.5412
16290 8145.0 3.3700 3.1991 3.3700 1.0150 2.4874
16300 8150.0 3.4081 0.8762 3.4081 0.9802 2.3284
16310 8155.0 3.4055 0.9905 3.4055 0.9784 2.3052
16320 8160.0 3.3404 6.0101 3.3404 1.0049 2.4036
16330 8165.0 3.3403 6.0187 3.3403 1.0046 2.3531
16340 8170.0 3.3804 2.4236 3.3804 0.9894 2.1842
16350 8175.0 3.3733 2.9452 3.3733 0.9989 2.0732
16360 8180.0 3.3511 4.8901 3.3511 1.0022 2.0624
16370 8185.0 3.3567 4.3513 3.3567 0.9922 1.9566
16380 8190.0 3.3175 8.7722 3.3175 0.9843 1.8619
16390 8195.0 3.3058 10.4018 3.3058 1.0047 1.9810
16400 8200.0 3.2746 15.3749 3.2746 1.0062 2.0463
16410 8205.0 3.2739 15.5078 3.2739 0.9768 2.0002
16420 8210.0 3.2755 15.2208 3.2755 0.9911 2.1573
16430 8215.0 3.2474 20.5144 3.2474 0.9988 2.2210
16440 8220.0 3.2647 17.1773 3.2647 0.9824 2.1066
16450 8225.0 3.3049 10.5315 3.3049 0.9745 2.1484
16460 8230.0 3.3039 10.6723 3.3039 1.0174 2.1578
16470 8235.0 3.3018 10.9839 3.3018 0.9699 2.0907
16480 8240.0 3.3299 7.2164 3.3299 0.9900 2.1597
16490 8245.0 3.2542 19.1772 3.2542 0.9860 2.2974
16500 8250.0 3.3435 5.6747 3.3435 0.9875 2.1297
16510 8255.0 3.3116 9.5767 3.3116 0.9850 2.0664
16520 8260.0 3.3737 2.9143 3.3737 0.9991 2.1995
16530 8265.0 3.3866 2.0122 3.3866 0.9825 2.1964
16540 8270.0 3.3762 2.7228 3.3762 0.9816 2.1383
16550 8275.0 3.3787 2.5430 3.3787 0.9867 2.2541
16560 8280.0 3.2924 12.4140 3.2924 0.9878 2.4223
16570 8285.0 3.3241 7.9307 3.3241 1.0136 2.2959
16580 8290.0 3.3471 5.2935 3.3471 0.9401 2.4178
16590 8295.0 3.3036 10.7123 3.3036 1.0688 2.6507
16600 8300.0 3.3913 1.7238 3.3913 0.9191 2.6452
16610 8305.0 3.3632 3.7681 3.3632 1.0644 2.5370
16620 8310.0 3.3654 3.5748 3.3654 0.9498 2.6237
16630 8315.0 3.4118 0.7282 3.4118 1.0630 2.4774
16640 8320.0 3.4241 0.3350 3.4241 0.9475 2.2513
16650 8325.0 3.4602 0.0517 3.4602 1.0225 2.2308
16660 8330.0 3.3622 3.8571 3.3622 1.0103 2.4761
16670 8335.0 3.4258 0.2921 3.4258 1.0282 2.4072
16680 8340.0 3.3781 2.5826 3.3781 1.0106 2.1817
16690 8345.0 3.3949 1.5162 3.3949 0.9847 2.2828
16700 8350.0 3.4463 0.0070 3.4463 1.0209 2.5171
16710 8355.0 3.4259 0.2903 3.4259 0.9637 2.5667
16720 8360.0 3.4499 0.0000 3.4499 1.0455 2.5234
16730 8365.0 3.4567 0.0226 3.4567 0.9623 2.4724
16740 8370.0 3.4306 0.1884 3.4306 1.0497 2.5122
16750 8375.0 3.4366 0.0898 3.4366 0.9542 2.5583
16760 8380.0 3.4041 1.0533 3.4041 1.0375 2.5116
16770 8385.0 3.4308 0.1843 3.4308 0.9580 2.5529
16780 8390.0 3.3672 3.4280 3.3672 1.0093 2.5939
16790 8395.0 3.3713 3.0954 3.3713 0.9911 2.5399
16800 8400.0 3.4258 0.2925 3.4258 0.9767 2.3747
16810 8405.0 3.3636 3.7299 3.3636 1.0003 2.2891
16820 8410.0 3.4195 0.4658 3.4195 0.9525 2.3338
16830 8415.0 3.3945 1.5403 3.3945 1.0231 2.3390
16840 8420.0 3.3498 5.0220 3.3498 0.9517 2.4124
16850 8425.0 3.3607 3.9843 3.3607 1.0360 2.4173
16860 8430.0 3.3644 3.6657 3.3644 0.9610 2.3844
16870 8435.0 3.3702 3.1875 3.3702 1.0133 2.2813
16880 8440.0 3.3640 3.7006 3.3640 1.0086 2.2378
16890 8445.0 3.3850 2.1108 3.3850 0.9248 2.2879
16900 8450.0 3.3689 3.2858 3.3689 1.0780 2.2984
16910 8455.0 3.3312 7.0573 3.3312 0.9180 2.3626
16920 8460.0 3.4119 0.7250 3.4119 1.0664 2.2554
16930 8465.0 3.4344 0.1216 3.4344 0.9208 2.2701
16940 8470.0 3.4377 0.0760 3.4377 1.0702 2.2614
16950 8475.0 3.4001 1.2464 3.4001 0.9594 2.3758
16960 8480.0 3.3464 5.3633 3.3464 1.0744 2.5070
16970 8485.0 3.3821 2.3020 3.3821 0.9610 2.6964
16980 8490.0 3.3680 3.3587 3.3680 1.0328 2.6417
16990 8495.0 3.4039 1.0632 3.4039 0.9662 2.5773
17000 8500.0 3.3098 9.8250 3.3098 1.0315 2.6534
17010 8505.0 3.3615 3.9192 3.3615 0.9614 2.5911
17020 8510.0 3.4272 0.2604 3.4272 1.0301 2.5156
17030 8515.0 3.4463 0.0068 3.4463 0.9798 2.5325
17040 8520.0 3.4130 0.6849 3.4130 1.0119 2.4555
17050 8525.0 3.3876 1.9487 3.3876 0.9885 2.3988
17060 8530.0 3.4496 0.0001 3.4496 1.0208 2.4460
17070 8535.0 3.4188 0.4858 3.4188 0.9844 2.4852
17080 8540.0 3.4143 0.6390 3.4143 1.0135 2.4667
17090 8545.0 3.4184 0.5001 3.4184 0.9815 2.3829
17100 8550.0 3.4037 1.0706 3.4037 1.0337 2.3850
17110 8555.0 3.3931 1.6167 3.3931 0.9780 2.4196
17120 8560.0 3.3498 5.0206 3.3498 1.0296 2.4070
17130 8565.0 3.3500 5.0027 3.3500 0.9922 2.4919
17140 8570.0 3.3258 7.7125 3.3258 1.0111 2.4892
17150 8575.0 3.3164 8.9241 3.3164 0.9930 2.4802
17160 8580.0 3.3052 10.4798 3.3052 1.0025 2.4365
17170 8585.0 3.3010 11.1017 3.3010 0.9874 2.4540
17180 8590.0 3.3107 9.6999 3.3107 1.0069 2.4556
17190 8595.0 3.3203 8.4091 3.3203 0.9658 2.4984
17200 8600.0 3.3169 8.8516 3.3169 1.0176 2.4427
17210 8605.0 3.3349 6.6209 3.3349 0.9721 2.3977
17220 8610.0 3.3423 5.7956 3.3423 1.0189 2.2618
17230 8615.0 3.3718 3.0604 3.3718 0.9623 2.1835
17240 8620.0 3.3805 2.4153 3.3805 0.9997 2.2200
17250 8625.0 3.3509 4.9145 3.3509 1.0005 2.2568
17260 8630.0 3.4126 0.7009 3.4126 1.0019 2.1884
17270 8635.0 3.4317 0.1674 3.4317 0.9967 2.1622
17280 8640.0 3.4465 0.0063 3.4465 1.0138 2.1222
17290 8645.0 3.4258 0.2938 3.4258 0.9942 2.0713
17300 8650.0 3.4238 0.3422 3.4238 0.9940 2.1138
17310 8655.0 3.3476 5.2405 3.3476 1.0228 2.3030
17320 8660.0 3.3061 10.3571 3.3061 1.0205 2.3630
17330 8665.0 3.4482 0.0015 3.4482 0.9936 2.1815
17340 8670.0 3.4129 0.6876 3.4129 0.9696 2.1099
17350 8675.0 3.4345 0.1195 3.4345 1.0114 2.1348
17360 8680.0 3.4477 0.0027 3.4477 0.9675 2.2374
17370 8685.0 3.4152 0.6046 3.4152 1.0191 2.3173
17380 8690.0 3.3824 2.2862 3.3824 0.9699 2.3891
17390 8695.0 3.3463 5.3745 3.3463 1.0253 2.4649
17400 8700.0 3.3856 2.0743 3.3856 0.9519 2.4182
17410 8705.0 3.4308 0.1852 3.4308 1.0271 2.3537
17420 8710.0 3.3901 1.7928 3.3901 0.9621 2.3451
17430 8715.0 3.4162 0.5710 3.4162 1.0151 2.2476
17440 8720.0 3.4161 0.5733 3.4161 0.9550 2.2157
17450 8725.0 3.3885 1.8894 3.3885 0.9927 2.2287
17460 8730.0 3.4157 0.5889 3.4157 1.0077 2.1947
17470 8735.0 3.4339 0.1296 3.4339 1.0021 2.1491
17480 8740.0 3.4232 0.3588 3.4232 1.0100 2.1650
17490 8745.0 3.3522 4.7864 3.3522 1.0186 2.2567
17500 8750.0 3.3733 2.9450 3.3733 1.0136 2.2198
17510 8755.0 3.3822 2.3010 3.3822 1.0274 2.1949
17520 8760.0 3.3925 1.6530 3.3925 1.0044 2.1778
17530 8765.0 3.3845 2.1442 3.3845 1.0057 2.2053
17540 8770.0 3.3673 3.4171 3.3673 0.9921 2.1729
17550 8775.0 3.3845 2.1448 3.3845 0.9851 2.2860
17560 8780.0 3.3393 6.1286 3.3393 1.0028 2.3746
17570 8785.0 3.3818 2.3235 3.3818 0.9903 2.2444
17580 8790.0 3.3566 4.3595 3.3566 0.9758 2.1959
17590 8795.0 3.4139 0.6526 3.4139 0.9910 2.2867
17600 8800.0 3.3870 1.9866 3.3870 0.9980 2.3747
17610 8805.0 3.3738 2.9050 3.3738 0.9637 2.4301
17620 8810.0 3.3205 8.3862 3.3205 1.0212 2.4887
17630 8815.0 3.3718 3.0611 3.3718 0.9633 2.4027
17640 8820.0 3.3713 3.0975 3.3713 1.0083 2.2281
17650 8825.0 3.3895 1.8305 3.3895 0.9574 2.2090
17660 8830.0 3.4105 0.7797 3.4105 0.9810 2.2614
17670 8835.0 3.4322 0.1576 3.4322 0.9880 2.3290
17680 8840.0 3.3805 2.4182 3.3805 0.9724 2.3894
17690 8845.0 3.3686 3.3157 3.3686 0.9964 2.4066
17700 8850.0 3.3577 4.2589 3.3577 0.9678 2.4204
17710 8855.0 3.3709 3.1283 3.3709 1.0084 2.3411
17720 8860.0 3.3994 1.2809 3.3994 0.9589 2.3592
17730 8865.0 3.3741 2.8817 3.3741 1.0060 2.3621
17740 8870.0 3.3652 3.5924 3.3652 0.9777 2.3303
17750 8875.0 3.3725 3.0028 3.3725 0.9613 2.2807
17760 8880.0 3.3639 3.7059 3.3639 1.0266 2.2712
17770 8885.0 3.3787 2.5405 3.3787 0.9439 2.2503
17780 8890.0 3.3712 3.1011 3.3712 0.9909 2.2641
17790 8895.0 3.3604 4.0137 3.3604 1.0076 2.2882
17800 8900.0 3.3835 2.2134 3.3835 0.9447 2.2641
17810 8905.0 3.3803 2.4319 3.3803 1.0209 2.2755
17820 8910.0 3.3776 2.6205 3.3776 0.9765 2.2809
17830 8915.0 3.3773 2.6456 3.3773 0.9804 2.1647
17840 8920.0 3.4136 0.6637 3.4136 0.9876 2.1835
17850 8925.0 3.3947 1.5310 3.3947 0.9923 2.2325
17860 8930.0 3.3923 1.6649 3.3923 0.9915 2.2048
17870 8935.0 3.3833 2.2216 3.3833 0.9726 2.1929
17880 8940.0 3.3467 5.3365 3.3467 0.9990 2.2377
17890 8945.0 3.3289 7.3337 3.3289 0.9713 2.2543
17900 8950.0 3.3708 3.1333 3.3708 0.9991 2.1315
17910 8955.0 3.3823 2.2940 3.3823 0.9657 2.0548
17920 8960.0 3.4168 0.5513 3.4168 1.0000 2.0306
17930 8965.0 3.4321 0.1599 3.4321 0.9672 2.0687
17940 8970.0 3.4256 0.2975 3.4256 1.0064 2.1139
17950 8975.0 3.4288 0.2253 3.4288 0.9568 2.1674
17960 8980.0 3.4482 0.0016 3.4482 1.0080 2.1610
17970 8985.0 3.4607 0.0574 3.4607 0.9534 2.1549
17980 8990.0 3.5098 1.7885 3.5098 1.0209 2.0798
17990 8995.0 3.4715 0.2305 3.4715 0.9688 2.0294
18000 9000.0 3.3866 2.0092 3.3866 1.0068 1.9363
