# step  time_fs  cv_FeH(A)  bias(kJ/mol)  d_min_FeH(A)  d_min_OH(A)  d_min_SH(A)
0 0.0 1.7182 1024.9810 1.7182 2.5114 2.4126
10 5.0 2.5566 176.0540 2.5566 1.7803 2.2972
20 10.0 2.9386 22.3385 2.9386 1.5898 2.3356
30 15.0 2.7739 70.7182 2.7739 1.2419 2.3327
40 20.0 3.0494 5.0560 3.0494 1.7452 1.9338
50 25.0 3.3263 15.5337 3.3263 1.6945 1.8337
60 30.0 2.8869 34.6056 2.8869 1.8622 1.2742
70 35.0 3.0373 6.3520 3.0373 1.7491 1.5560
80 40.0 3.3440 18.8201 3.3440 1.5247 1.9173
90 45.0 2.9531 19.3809 2.9531 1.1402 1.8318
100 50.0 2.7597 76.1645 2.7597 0.9204 2.1171
110 55.0 3.0094 9.8808 3.0094 1.0297 2.4097
120 60.0 3.2501 5.0077 3.2501 0.9841 2.5920
130 65.0 3.1193 0.4708 3.1193 1.0028 2.5427
140 70.0 3.2026 1.3845 3.2026 1.0152 2.4789
150 75.0 3.3403 18.1016 3.3403 1.0839 2.3995
160 80.0 3.1924 0.8970 3.1924 0.9544 2.3955
170 85.0 3.2897 9.7623 3.2897 1.0951 2.2820
180 90.0 3.1453 0.0111 3.1453 0.9267 2.4642
190 95.0 3.1079 0.8849 3.1079 1.1401 2.2834
200 100.0 3.2233 2.6854 3.2233 0.9279 2.4463
210 105.0 3.2656 6.6811 3.2656 1.0986 2.4410
220 110.0 3.1966 1.0856 3.1966 1.0085 2.5015
230 115.0 3.1729 0.2614 3.1729 1.0324 2.4462
240 120.0 3.1438 0.0193 3.1438 0.9728 2.4821
250 125.0 3.0625 3.8255 3.0625 1.0367 2.5698
260 130.0 3.1778 0.3855 3.1778 0.9611 2.4841
270 135.0 3.2628 6.3603 3.2628 1.0527 2.3718
280 140.0 3.1867 0.6718 3.1867 0.9295 2.4634
290 145.0 3.1322 0.1590 3.1322 1.0797 2.4680
300 150.0 3.1565 0.0208 3.1565 0.9176 2.4956
310 155.0 3.1731 0.2671 3.1731 1.0713 2.4493
320 160.0 3.1188 0.4874 3.1188 0.8992 2.5565
330 165.0 3.2108 1.8457 3.2108 1.1036 2.5494
340 170.0 3.1690 0.1812 3.1690 0.8967 2.6082
350 175.0 3.1371 0.0834 3.1371 1.1380 2.4038
360 180.0 3.1075 0.9027 3.1075 0.8909 2.5091
370 185.0 3.2157 2.1590 3.2157 1.1279 2.5478
380 190.0 3.1809 0.4766 3.1809 0.8912 2.5962
390 195.0 3.2142 2.0593 3.2142 1.1178 2.4903
400 200.0 3.1535 0.0060 3.1535 0.8825 2.5925
410 205.0 3.1400 0.0497 3.1400 1.0959 2.5271
420 210.0 3.1263 0.2798 3.1263 0.8988 2.5508
430 215.0 3.2090 1.7420 3.2090 1.1018 2.5752
440 220.0 3.1391 0.0596 3.1391 0.9131 2.5823
450 225.0 3.1348 0.1156 3.1348 1.0830 2.5255
460 230.0 3.1701 0.2025 3.1701 0.9375 2.5207
470 235.0 3.1636 0.0929 3.1636 1.0625 2.4353
480 240.0 3.0864 2.0229 3.0864 0.9503 2.4278
490 245.0 3.1731 0.2679 3.1731 1.0405 2.4533
500 250.0 3.2516 5.1604 3.2516 0.9565 2.5390
510 255.0 3.1110 0.7595 3.1110 1.0371 2.4630
520 260.0 2.9951 11.9972 2.9951 0.9538 2.4590
530 265.0 3.1417 0.0341 3.1417 1.0150 2.5344
540 270.0 3.3009 11.3846 3.3009 0.9825 2.3554
550 275.0 3.1239 0.3401 3.1239 0.9959 2.5227
560 280.0 2.9992 11.3634 2.9992 0.9936 2.4485
570 285.0 3.1963 1.0706 3.1963 0.9833 2.4445
580 290.0 3.3181 14.1296 3.3181 1.0168 2.4686
590 295.0 3.1326 0.1507 3.1326 1.0043 2.3656
600 300.0 3.1112 0.7521 3.1112 0.9890 2.3502
610 305.0 3.3078 12.4568 3.3078 1.0349 2.4308
620 310.0 3.1421 0.0309 3.1421 0.9566 2.3252
630 315.0 2.9950 12.0144 2.9950 1.0272 2.2493
640 320.0 3.2142 2.0604 3.2142 0.9981 2.4650
650 325.0 3.2401 4.0611 3.2401 0.9711 2.5501
660 330.0 3.1292 0.2158 3.1292 1.0521 2.4735
670 335.0 3.1324 0.1549 3.1324 0.9700 2.4668
680 340.0 3.2111 1.8682 3.2111 1.0437 2.4800
690 345.0 3.1372 0.0822 3.1372 0.9877 2.4441
700 350.0 3.1168 0.5518 3.1168 1.0315 2.4162
710 355.0 3.2627 6.3554 3.2627 1.0117 2.5135
720 360.0 3.2600 6.0449 3.2600 1.0057 2.4774
730 365.0 3.1121 0.7169 3.1121 1.0271 2.3324
740 370.0 3.1131 0.6819 3.1131 1.0034 2.2968
750 375.0 3.2505 5.0483 3.2505 1.0272 2.3929
760 380.0 3.1943 0.9830 3.1943 0.9935 2.4421
770 385.0 3.1431 0.0240 3.1431 1.0651 2.4787
780 390.0 3.2686 7.0376 3.2686 0.9563 2.6350
790 395.0 3.2197 2.4281 3.2197 1.0379 2.5554
800 400.0 3.0181 8.6990 3.0181 0.9840 2.4113
810 405.0 3.1623 0.0760 3.1623 1.0261 2.5269
820 410.0 3.2501 5.0063 3.2501 0.9973 2.6700
830 415.0 3.1180 0.5132 3.1180 1.0151 2.6217
840 420.0 3.1971 1.1073 3.1971 1.0174 2.6464
850 425.0 3.3230 14.9568 3.3230 0.9820 2.4733
860 430.0 3.1767 0.3559 3.1767 1.0012 2.5762
870 435.0 3.0699 3.2053 3.0699 1.0035 2.6865
880 440.0 3.2020 1.3543 3.2020 0.9982 2.6509
890 445.0 3.1444 0.0158 3.1444 0.9999 2.5294
900 450.0 3.0608 3.9800 3.0608 1.0097 2.3693
910 455.0 3.1788 0.4155 3.1788 0.9974 2.4574
920 460.0 3.1711 0.2224 3.1711 0.9745 2.4917
930 465.0 3.0508 4.9158 3.0508 1.0331 2.4217
940 470.0 3.1343 0.1234 3.1343 0.9675 2.5466
950 475.0 3.2466 4.6613 3.2466 1.0298 2.6330
960 480.0 3.1450 0.0123 3.1450 0.9595 2.6062
970 485.0 3.1695 0.1901 3.1695 1.0435 2.6373
980 490.0 3.2460 4.6124 3.2460 0.9486 2.7459
990 495.0 3.1645 0.1047 3.1645 1.0348 2.6470
1000 500.0 3.0790 2.5227 3.0790 0.9478 2.5989
1010 505.0 3.2099 1.7913 3.2099 1.0451 2.6492
1020 510.0 3.1492 0.0004 3.1492 0.9321 2.6144
1030 515.0 3.0897 1.8166 3.0897 1.0584 2.4844
1040 520.0 3.1618 0.0701 3.1618 0.9426 2.5424
1050 525.0 3.2209 2.5108 3.2209 1.0370 2.5444
1060 530.0 3.0820 2.3102 3.0820 0.9655 2.4432
1070 535.0 3.1063 0.9534 3.1063 1.0532 2.4595
1080 540.0 3.2263 2.9119 3.2263 0.9685 2.6241
1090 545.0 3.1498 0.0000 3.1498 1.0088 2.5887
1100 550.0 3.1399 0.0514 3.1399 0.9923 2.6207
1110 555.0 3.2482 4.8249 3.2482 0.9914 2.7206
1120 560.0 3.1734 0.2737 3.1734 0.9929 2.7041
1130 565.0 3.0646 3.6467 3.0646 0.9823 2.6761
1140 570.0 3.1623 0.0758 3.1623 1.0078 2.7701
1150 575.0 3.2073 1.6426 3.2073 0.9689 2.8120
1160 580.0 3.1406 0.0446 3.1406 1.0162 2.7191
1170 585.0 3.1574 0.0276 3.1574 0.9813 2.7917
1180 590.0 3.1841 0.5811 3.1841 0.9849 2.8544
1190 595.0 3.0890 1.8583 3.0890 0.9730 2.7464
1200 600.0 3.0913 1.7245 3.0913 1.0051 2.6744
1210 605.0 3.1875 0.7036 3.1875 0.9791 2.7410
1220 610.0 3.1767 0.3556 3.1767 0.9690 2.7267
1230 615.0 3.0675 3.4069 3.0675 1.0140 2.5908
1240 620.0 3.0624 3.8338 3.0624 0.9927 2.5952
1250 625.0 3.1922 0.8920 3.1922 0.9906 2.7467
1260 630.0 3.2148 2.1007 3.2148 0.9670 2.7774
1270 635.0 3.1653 0.1172 3.1653 0.9929 2.7434
1280 640.0 3.0546 4.5526 3.0546 0.9903 2.6140
1290 645.0 3.1042 1.0484 3.1042 0.9965 2.6634
1300 650.0 3.2025 1.3789 3.2025 0.9772 2.8107
1310 655.0 3.1858 0.6404 3.1858 0.9840 2.8150
1320 660.0 3.0588 4.1578 3.0588 0.9934 2.6770
1330 665.0 3.1081 0.8765 3.1081 0.9926 2.7174
1340 670.0 3.2443 4.4465 3.2443 0.9815 2.8467
1350 675.0 3.1626 0.0797 3.1626 0.9623 2.8016
1360 680.0 3.0469 5.3098 3.0469 1.0197 2.6389
1370 685.0 3.1608 0.0585 3.1608 0.9753 2.7183
1380 690.0 3.2869 9.3666 3.2869 1.0000 2.8102
1390 695.0 3.1329 0.1465 3.1329 0.9757 2.6546
1400 700.0 3.0319 6.9779 3.0319 1.0458 2.4704
1410 705.0 3.1662 0.1312 3.1662 0.9956 2.5709
1420 710.0 3.3210 14.6164 3.3210 0.9846 2.7189
1430 715.0 3.2340 3.5281 3.2340 0.9791 2.6116
1440 720.0 3.0758 2.7499 3.0758 1.0677 2.4002
1450 725.0 3.1110 0.7596 3.1110 1.0287 2.4577
1460 730.0 3.2749 7.7984 3.2749 0.9856 2.6557
1470 735.0 3.2534 5.3468 3.2534 1.0068 2.6330
1480 740.0 3.0464 5.3676 3.0464 1.0166 2.4370
1490 745.0 3.1159 0.5801 3.1159 1.0137 2.5172
1500 750.0 3.2986 11.0411 3.2986 0.9671 2.7358
1510 755.0 3.1908 0.8314 3.1908 0.9849 2.6478
1520 760.0 2.9880 13.1282 2.9880 0.9966 2.4643
1530 765.0 3.0889 1.8656 3.0889 0.9840 2.5478
1540 770.0 3.2102 1.8143 3.2102 1.0211 2.8147
1550 775.0 3.0279 7.4487 3.0279 0.9458 2.6833
1560 780.0 3.1188 0.4880 3.1188 0.9939 2.7954
1570 785.0 3.1585 0.0363 3.1585 0.9849 2.6719
1580 790.0 2.9773 14.9089 2.9773 0.9937 2.5176
1590 795.0 3.2133 2.0021 3.2133 0.9953 2.6676
1600 800.0 3.2238 2.7209 3.2238 0.9897 2.6856
1610 805.0 3.1069 0.9267 3.1069 0.9896 2.4510
1620 810.0 3.1274 0.2560 3.1274 0.9856 2.3987
1630 815.0 3.2301 3.2046 3.2301 0.9958 2.4741
1640 820.0 3.2916 10.0259 3.2916 1.0096 2.4925
1650 825.0 3.2153 2.1310 3.2153 0.9985 2.3832
1660 830.0 3.0963 1.4424 3.0963 0.9851 2.3150
1670 835.0 3.1157 0.5874 3.1157 0.9838 2.3765
1680 840.0 3.1943 0.9792 3.1943 1.0183 2.5280
1690 845.0 3.2436 4.3831 3.2436 0.9708 2.6263
1700 850.0 3.1414 0.0374 3.1414 0.9928 2.5595
1710 855.0 3.1070 0.9232 3.1070 0.9570 2.4590
1720 860.0 3.1550 0.0125 3.1550 0.9968 2.5003
1730 865.0 3.2552 5.5334 3.2552 0.9814 2.6030
1740 870.0 3.2054 1.5337 3.2054 0.9749 2.5410
1750 875.0 3.0850 2.1104 3.0850 0.9756 2.3362
1760 880.0 3.0875 1.9529 3.0875 0.9696 2.2499
1770 885.0 3.1817 0.5027 3.1817 0.9811 2.3353
1780 890.0 3.2220 2.5939 3.2220 0.9885 2.3817
1790 895.0 3.2151 2.1220 3.2151 0.9685 2.3475
1800 900.0 3.1752 0.3167 3.1752 0.9852 2.2900
1810 905.0 3.1763 0.3447 3.1763 0.9781 2.2851
1820 910.0 3.1297 0.2051 3.1297 0.9864 2.2765
1830 915.0 3.1976 1.1330 3.1976 0.9774 2.3962
1840 920.0 3.2698 7.1807 3.2698 1.0121 2.5255
1850 925.0 3.2568 5.7071 3.2568 0.9855 2.5050
1860 930.0 3.1477 0.0027 3.1477 0.9784 2.3829
1870 935.0 3.1090 0.8413 3.1090 0.9712 2.3356
1880 940.0 3.1779 0.3904 3.1779 0.9885 2.4528
1890 945.0 3.2801 8.4693 3.2801 1.0052 2.5846
1900 950.0 3.2403 4.0772 3.2403 0.9922 2.5091
1910 955.0 3.1109 0.7646 3.1109 0.9730 2.3171
1920 960.0 3.0774 2.6390 3.0774 0.9685 2.2725
1930 965.0 3.1756 0.3284 3.1756 0.9813 2.4187
1940 970.0 3.2715 7.3772 3.2715 1.0111 2.5526
1950 975.0 3.2702 7.2207 3.2702 0.9753 2.5332
1960 980.0 3.2050 1.5147 3.2050 1.0057 2.4759
1970 985.0 3.2436 4.3817 3.2436 0.9897 2.4637
1980 990.0 3.2224 2.6240 3.2224 0.9955 2.4216
1990 995.0 3.1355 0.1054 3.1355 0.9818 2.3343
2000 1000.0 3.1897 0.7896 3.1897 0.9597 2.3718
2010 1005.0 3.2363 3.7236 3.2363 1.0045 2.4305
2020 1010.0 3.2046 1.4889 3.2046 0.9613 2.3873
2030 1015.0 3.1021 1.1474 3.1021 0.9934 2.3398
2040 1020.0 3.1818 0.5061 3.1818 0.9624 2.4231
2050 1025.0 3.2407 4.1144 3.2407 1.0121 2.5370
2060 1030.0 3.2083 1.6975 3.2083 0.9722 2.5239
2070 1035.0 3.1696 0.1925 3.1696 0.9914 2.5120
2080 1040.0 3.2129 1.9756 3.2129 0.9872 2.5470
2090 1045.0 3.1776 0.3816 3.1776 0.9913 2.5113
2100 1050.0 3.1390 0.0605 3.1390 1.0001 2.4757
2110 1055.0 3.2457 4.5819 3.2457 0.9665 2.5672
2120 1060.0 3.2566 5.6850 3.2566 1.0248 2.6254
2130 1065.0 3.1430 0.0247 3.1430 0.9630 2.4729
2140 1070.0 3.0241 7.9234 3.0241 1.0135 2.3870
2150 1075.0 3.1954 1.0316 3.1954 0.9466 2.5447
2160 1080.0 3.2937 10.3197 3.2937 1.0310 2.5887
2170 1085.0 3.2243 2.7572 3.2243 0.9472 2.6003
2180 1090.0 3.0567 4.3540 3.0567 1.0103 2.4976
2190 1095.0 3.1201 0.4485 3.1201 0.9714 2.5562
2200 1100.0 3.2269 2.9550 3.2269 1.0151 2.7128
2210 1105.0 3.1337 0.1329 3.1337 0.9735 2.6680
2220 1110.0 3.0332 6.8189 3.0332 0.9953 2.6308
2230 1115.0 3.1560 0.0179 3.1560 0.9899 2.6735
2240 1120.0 3.1801 0.4521 3.1801 0.9767 2.7193
2250 1125.0 3.1330 0.1450 3.1330 1.0187 2.6308
2260 1130.0 3.1626 0.0792 3.1626 0.9581 2.5275
2270 1135.0 3.1551 0.0128 3.1551 1.0317 2.4271
2280 1140.0 3.0812 2.3653 3.0812 0.9507 2.4159
2290 1145.0 3.1547 0.0111 3.1547 1.0391 2.5382
2300 1150.0 3.1972 1.1149 3.1972 0.9329 2.6695
2310 1155.0 3.1348 0.1152 3.1348 1.0466 2.7328
2320 1160.0 3.1024 1.1338 3.1024 0.9318 2.7094
2330 1165.0 3.1462 0.0072 3.1462 1.0247 2.6717
2340 1170.0 3.1394 0.0562 3.1394 0.9530 2.6324
2350 1175.0 3.1395 0.0554 3.1395 1.0132 2.5630
2360 1180.0 3.1334 0.1382 3.1334 0.9582 2.5490
2370 1185.0 3.1601 0.0515 3.1601 0.9889 2.5287
2380 1190.0 3.1507 0.0002 3.1507 0.9721 2.5059
2390 1195.0 3.1458 0.0088 3.1458 0.9777 2.5030
2400 1200.0 3.1222 0.3859 3.1222 0.9793 2.5153
2410 1205.0 3.1439 0.0187 3.1439 0.9869 2.5784
2420 1210.0 3.1753 0.3203 3.1753 0.9774 2.5938
2430 1215.0 3.1225 0.3780 3.1225 0.9734 2.6022
2440 1220.0 3.0851 2.1034 3.0851 0.9729 2.5676
2450 1225.0 3.1459 0.0085 3.1459 0.9820 2.4534
2460 1230.0 3.1884 0.7391 3.1884 0.9751 2.4360
2470 1235.0 3.1176 0.5256 3.1176 0.9920 2.5425
2480 1240.0 3.0504 4.9639 3.0504 0.9557 2.6163
2490 1245.0 3.1168 0.5525 3.1168 1.0124 2.5576
2500 1250.0 3.2085 1.7138 3.2085 0.9589 2.4904
2510 1255.0 3.1742 0.2940 3.1742 0.9909 2.5864
2520 1260.0 3.0338 6.7495 3.0338 0.9657 2.7710
2530 1265.0 3.0803 2.4285 3.0803 0.9915 2.7654
2540 1270.0 3.2323 3.3896 3.2323 0.9787 2.6466
2550 1275.0 3.2057 1.5516 3.2057 0.9878 2.7070
2560 1280.0 3.0510 4.8977 3.0510 0.9833 2.7623
2570 1285.0 3.1082 0.8746 3.1082 0.9823 2.7689
2580 1290.0 3.2587 5.9043 3.2587 1.0026 2.6467
2590 1295.0 3.1638 0.0952 3.1638 0.9714 2.6879
2600 1300.0 3.0645 3.6528 3.0645 0.9995 2.6004
2610 1305.0 3.1545 0.0102 3.1545 0.9719 2.6469
2620 1310.0 3.2198 2.4389 3.2198 0.9968 2.6392
2630 1315.0 3.1041 1.0527 3.1041 0.9902 2.5674
2640 1320.0 3.1162 0.5698 3.1162 0.9940 2.6969
2650 1325.0 3.1739 0.2855 3.1739 1.0047 2.6592
2660 1330.0 3.0946 1.5330 3.0946 0.9745 2.5481
2670 1335.0 3.1010 1.2005 3.1010 1.0009 2.5697
2680 1340.0 3.2595 5.9906 3.2595 0.9863 2.7270
2690 1345.0 3.1859 0.6444 3.1859 0.9931 2.7785
2700 1350.0 3.0910 1.7378 3.0910 1.0048 2.6142
2710 1355.0 3.1709 0.2191 3.1709 0.9671 2.5755
2720 1360.0 3.1556 0.0158 3.1556 1.0078 2.4835
2730 1365.0 3.1022 1.1421 3.1022 0.9691 2.4062
2740 1370.0 3.1168 0.5502 3.1168 1.0048 2.4111
2750 1375.0 3.1939 0.9623 3.1939 0.9794 2.5654
2760 1380.0 3.1591 0.0410 3.1591 1.0217 2.6495
2770 1385.0 3.0373 6.3516 3.0373 0.9760 2.6920
2780 1390.0 3.1071 0.9219 3.1071 1.0246 2.7490
2790 1395.0 3.1807 0.4718 3.1807 0.9871 2.7789
2800 1400.0 3.0644 3.6651 3.0644 1.0370 2.6167
2810 1405.0 3.0684 3.3313 3.0684 0.9742 2.6160
2820 1410.0 3.1872 0.6915 3.1872 1.0286 2.8026
2830 1415.0 3.1694 0.1878 3.1694 1.0149 2.6906
2840 1420.0 3.0834 2.2158 3.0834 0.9837 2.5162
2850 1425.0 3.1320 0.1617 3.1320 0.9969 2.4769
2860 1430.0 3.1996 1.2277 3.1996 0.9764 2.5270
2870 1435.0 3.1498 0.0000 3.1498 0.9978 2.4646
2880 1440.0 3.1024 1.1333 3.1024 0.9718 2.4358
2890 1445.0 3.1609 0.0597 3.1609 1.0093 2.4981
2900 1450.0 3.2438 4.4012 3.2438 0.9778 2.6385
2910 1455.0 3.1443 0.0165 3.1443 1.0196 2.5969
2920 1460.0 3.0707 3.1481 3.0707 0.9777 2.5745
2930 1465.0 3.1866 0.6696 3.1866 1.0464 2.6282
2940 1470.0 3.2080 1.6835 3.2080 0.9805 2.6555
2950 1475.0 3.0810 2.3808 3.0810 1.0656 2.5711
2960 1480.0 3.1564 0.0204 3.1564 1.0081 2.5963
2970 1485.0 3.1793 0.4278 3.1793 1.0110 2.5600
2980 1490.0 3.1176 0.5257 3.1176 1.0449 2.5379
2990 1495.0 3.1277 0.2485 3.1277 1.0033 2.6203
3000 1500.0 3.1653 0.1165 3.1653 1.0139 2.6729
3010 1505.0 3.1495 0.0001 3.1495 1.0177 2.6911
3020 1510.0 3.1141 0.6456 3.1141 1.0037 2.7448
3030 1515.0 3.1533 0.0055 3.1533 1.0076 2.8138
3040 1520.0 3.1645 0.1050 3.1645 0.9966 2.7615
3050 1525.0 3.1073 0.9114 3.1073 1.0159 2.6510
3060 1530.0 3.1313 0.1740 3.1313 0.9874 2.6613
3070 1535.0 3.2095 1.7730 3.2095 1.0044 2.7324
3080 1540.0 3.2127 1.9672 3.2127 0.9988 2.7001
3090 1545.0 3.0987 1.3143 3.0987 1.0003 2.5729
3100 1550.0 3.1023 1.1378 3.1023 0.9868 2.5962
3110 1555.0 3.2479 4.7893 3.2479 1.0093 2.7719
3120 1560.0 3.2327 3.4228 3.2327 0.9688 2.8328
3130 1565.0 3.0539 4.6218 3.0539 1.0459 2.6931
3140 1570.0 3.1721 0.2433 3.1721 0.9653 2.7516
3150 1575.0 3.2553 5.5404 3.2553 1.0471 2.7991
3160 1580.0 3.1303 0.1938 3.1303 0.9671 2.7753
3170 1585.0 3.0912 1.7298 3.0912 1.0430 2.7645
3180 1590.0 3.2312 3.2953 3.2312 0.9609 2.9044
3190 1595.0 3.2288 3.1034 3.2288 1.0130 2.8888
3200 1600.0 3.0536 4.6425 3.0536 0.9688 2.7657
3210 1605.0 3.0909 1.7449 3.0909 1.0006 2.7675
3220 1610.0 3.2181 2.3213 3.2181 0.9736 2.8910
3230 1615.0 3.1553 0.0139 3.1553 0.9960 2.8586
3240 1620.0 3.1176 0.5239 3.1176 0.9808 2.8254
3250 1625.0 3.2152 2.1246 3.2152 0.9876 2.8269
3260 1630.0 3.1713 0.2261 3.1713 0.9692 2.7230
3270 1635.0 3.0413 5.9102 3.0413 1.0026 2.6227
3280 1640.0 3.1563 0.0201 3.1563 0.9699 2.8029
3290 1645.0 3.2436 4.3823 3.2436 0.9863 2.9360
3300 1650.0 3.1036 1.0786 3.1036 1.0026 2.8236
3310 1655.0 3.0366 6.4270 3.0366 0.9816 2.7632
3320 1660.0 3.1894 0.7778 3.1894 1.0088 2.8952
3330 1665.0 3.2392 3.9779 3.2392 0.9748 2.9006
3340 1670.0 3.0862 2.0341 3.0862 1.0040 2.8009
3350 1675.0 3.0522 4.7795 3.0522 0.9862 2.7509
3360 1680.0 3.2101 1.8066 3.2101 0.9980 2.7935
3370 1685.0 3.1763 0.3459 3.1763 0.9700 2.7658
3380 1690.0 3.0477 5.2276 3.0477 1.0110 2.6890
3390 1695.0 3.1275 0.2537 3.1275 0.9813 2.7493
3400 1700.0 3.2163 2.1980 3.2163 1.0045 2.7824
3410 1705.0 3.0900 1.8019 3.0900 0.9842 2.6657
3420 1710.0 3.0748 2.8291 3.0748 1.0030 2.6750
3430 1715.0 3.2232 2.6804 3.2232 1.0077 2.8523
3440 1720.0 3.1940 0.9695 3.1940 0.9799 2.8748
3450 1725.0 3.0722 3.0240 3.0722 1.0422 2.7594
3460 1730.0 3.1111 0.7560 3.1111 0.9482 2.7743
3470 1735.0 3.2099 1.7942 3.2099 1.0664 2.8432
3480 1740.0 3.1310 0.1804 3.1310 0.9458 2.8414
3490 1745.0 3.0717 3.0644 3.0717 1.0501 2.7526
3500 1750.0 3.1804 0.4606 3.1804 0.9678 2.8504
3510 1755.0 3.1728 0.2594 3.1728 1.0412 2.8486
3520 1760.0 3.0759 2.7457 3.0759 0.9973 2.7598
3530 1765.0 3.1627 0.0801 3.1627 1.0182 2.8003
3540 1770.0 3.1709 0.2181 3.1709 1.0212 2.8104
3550 1775.0 3.1066 0.9413 3.1066 0.9839 2.7794
3560 1780.0 3.1490 0.0005 3.1490 1.0335 2.8259
3570 1785.0 3.1906 0.8246 3.1906 0.9733 2.8281
3580 1790.0 3.0415 5.8854 3.0415 1.0182 2.7472
3590 1795.0 3.0263 7.6507 3.0263 0.9710 2.7518
3600 1800.0 3.2192 2.3956 3.2192 1.0370 2.8896
3610 1805.0 3.1866 0.6687 3.1866 0.9612 2.8357
3620 1810.0 3.1232 0.3590 3.1232 1.0190 2.7880
3630 1815.0 3.1535 0.0061 3.1535 0.9813 2.8290
3640 1820.0 3.2319 3.3577 3.2319 1.0224 2.8369
3650 1825.0 3.2099 1.7960 3.2099 0.9759 2.8388
3660 1830.0 3.1531 0.0047 3.1531 0.9945 2.8127
3670 1835.0 3.1881 0.7271 3.1881 0.9964 2.7676
3680 1840.0 3.2409 4.1334 3.2409 0.9883 2.7466
3690 1845.0 3.1997 1.2375 3.1997 0.9947 2.7854
3700 1850.0 3.1342 0.1249 3.1342 0.9744 2.8047
3710 1855.0 3.1467 0.0054 3.1467 0.9942 2.8009
3720 1860.0 3.2434 4.3612 3.2434 0.9952 2.7614
3730 1865.0 3.1068 0.9313 3.1068 0.9903 2.6659
3740 1870.0 3.0679 3.3728 3.0679 0.9828 2.5895
3750 1875.0 3.2237 2.7153 3.2237 1.0010 2.6706
3760 1880.0 3.1880 0.7202 3.1880 0.9736 2.6862
3770 1885.0 3.0808 2.3925 3.0808 1.0222 2.6339
3780 1890.0 3.1383 0.0689 3.1383 0.9655 2.6830
3790 1895.0 3.1847 0.6028 3.1847 1.0408 2.7116
3800 1900.0 3.1399 0.0515 3.1399 0.9639 2.7172
3810 1905.0 3.1027 1.1199 3.1027 1.0461 2.6866
3820 1910.0 3.1833 0.5548 3.1833 0.9601 2.7197
3830 1915.0 3.1690 0.1803 3.1690 1.0398 2.6654
3840 1920.0 3.1082 0.8728 3.1082 0.9552 2.5705
3850 1925.0 3.1037 1.0704 3.1037 1.0339 2.5019
3860 1930.0 3.2199 2.4422 3.2199 0.9683 2.5951
3870 1935.0 3.1670 0.1448 3.1670 1.0460 2.5606
3880 1940.0 3.1366 0.0897 3.1366 0.9722 2.5415
3890 1945.0 3.1988 1.1890 3.1988 1.0360 2.6002
3900 1950.0 3.1784 0.4037 3.1784 1.0041 2.6256
3910 1955.0 3.1388 0.0626 3.1388 0.9957 2.6226
3920 1960.0 3.1737 0.2799 3.1737 1.0231 2.6482
3930 1965.0 3.2073 1.6404 3.2073 0.9781 2.6286
3940 1970.0 3.1508 0.0003 3.1508 1.0367 2.5341
3950 1975.0 3.1231 0.3612 3.1231 0.9686 2.4594
3960 1980.0 3.1377 0.0754 3.1377 1.0116 2.4486
3970 1985.0 3.1886 0.7433 3.1886 0.9744 2.5166
3980 1990.0 3.1437 0.0200 3.1437 1.0256 2.5460
3990 1995.0 3.1693 0.1863 3.1693 0.9772 2.6378
4000 2000.0 3.1672 0.1477 3.1672 1.0196 2.7235
4010 2005.0 3.1714 0.2297 3.1714 0.9811 2.7980
4020 2010.0 3.1471 0.0041 3.1471 1.0097 2.8324
4030 2015.0 3.1533 0.0056 3.1533 0.9944 2.8468
4040 2020.0 3.1198 0.4572 3.1198 0.9980 2.7998
4050 2025.0 3.1222 0.3860 3.1222 1.0172 2.7526
4060 2030.0 3.1653 0.1170 3.1653 0.9821 2.7368
4070 2035.0 3.1201 0.4467 3.1201 1.0114 2.6426
4080 2040.0 3.1118 0.7287 3.1118 0.9866 2.6168
4090 2045.0 3.1685 0.1717 3.1685 1.0162 2.6586
4100 2050.0 3.1621 0.0733 3.1621 0.9735 2.6695
4110 2055.0 3.1295 0.2092 3.1295 1.0115 2.6470
4120 2060.0 3.1419 0.0331 3.1419 0.9977 2.7179
4130 2065.0 3.1782 0.3963 3.1782 1.0280 2.7988
4140 2070.0 3.1408 0.0427 3.1408 0.9904 2.7399
4150 2075.0 3.1284 0.2341 3.1284 1.0480 2.6617
4160 2080.0 3.1274 0.2564 3.1274 0.9583 2.6833
4170 2085.0 3.1340 0.1285 3.1340 1.0600 2.7431
4180 2090.0 3.0908 1.7524 3.0908 0.9576 2.7472
4190 2095.0 3.1269 0.2673 3.1269 1.0390 2.6909
4200 2100.0 3.1283 0.2356 3.1283 0.9607 2.6419
4210 2105.0 3.1550 0.0126 3.1550 1.0346 2.6598
4220 2110.0 3.1492 0.0003 3.1492 0.9726 2.7381
4230 2115.0 3.1448 0.0138 3.1448 1.0219 2.7880
4240 2120.0 3.1842 0.5848 3.1842 1.0183 2.8178
4250 2125.0 3.1687 0.1752 3.1687 1.0063 2.6916
4260 2130.0 3.1480 0.0021 3.1480 1.0006 2.5972
4270 2135.0 3.1334 0.1383 3.1334 1.0010 2.6123
4280 2140.0 3.1752 0.3172 3.1752 1.0329 2.7022
4290 2145.0 3.2152 2.1279 3.2152 0.9879 2.7816
4300 2150.0 3.1458 0.0088 3.1458 1.0097 2.7081
4310 2155.0 3.1157 0.5876 3.1157 0.9787 2.6258
4320 2160.0 3.1911 0.8445 3.1911 1.0083 2.6233
4330 2165.0 3.2305 3.2426 3.2305 0.9856 2.6708
4340 2170.0 3.1533 0.0056 3.1533 1.0012 2.6535
4350 2175.0 3.1030 1.1031 3.1030 0.9963 2.6203
4360 2180.0 3.2215 2.5571 3.2215 1.0009 2.7128
4370 2185.0 3.2412 4.1587 3.2412 0.9910 2.7016
4380 2190.0 3.0866 2.0083 3.0866 1.0103 2.5406
4390 2195.0 3.0650 3.6157 3.0650 0.9823 2.4878
4400 2200.0 3.2035 1.4336 3.2035 1.0129 2.6025
4410 2205.0 3.1808 0.4748 3.1808 0.9914 2.6335
4420 2210.0 3.0681 3.3507 3.0681 1.0161 2.5791
4430 2215.0 3.0895 1.8273 3.0895 0.9751 2.6414
4440 2220.0 3.2080 1.6845 3.2080 1.0173 2.7646
4450 2225.0 3.2071 1.6288 3.2071 0.9695 2.8179
4460 2230.0 3.0840 2.1774 3.0840 1.0179 2.6646
4470 2235.0 3.1169 0.5473 3.1169 0.9644 2.6775
4480 2240.0 3.2091 1.7458 3.2091 1.0196 2.7613
4490 2245.0 3.1824 0.5247 3.1824 0.9712 2.7688
4500 2250.0 3.0774 2.6339 3.0774 1.0134 2.6784
4510 2255.0 3.0941 1.5599 3.0941 0.9615 2.6636
4520 2260.0 3.1644 0.1032 3.1644 1.0203 2.7049
4530 2265.0 3.2187 2.3597 3.2187 0.9605 2.7277
4540 2270.0 3.1272 0.2608 3.1272 1.0279 2.6406
4550 2275.0 3.1035 1.0826 3.1035 0.9530 2.6102
4560 2280.0 3.1234 0.3529 3.1234 1.0092 2.5927
4570 2285.0 3.2285 3.0787 3.2285 0.9859 2.7313
4580 2290.0 3.2147 2.0902 3.2147 1.0070 2.7763
4590 2295.0 3.1779 0.3904 3.1779 0.9829 2.7437
4600 2300.0 3.1830 0.5435 3.1830 0.9909 2.7258
4610 2305.0 3.2412 4.1606 3.2412 1.0107 2.7719
4620 2310.0 3.1772 0.3703 3.1772 1.0115 2.7326
4630 2315.0 3.0994 1.2799 3.0994 0.9900 2.6512
4640 2320.0 3.1476 0.0030 3.1476 1.0077 2.6263
4650 2325.0 3.1784 0.4025 3.1784 0.9822 2.6097
4660 2330.0 3.0981 1.3463 3.0981 0.9948 2.5518
4670 2335.0 3.0465 5.3587 3.0465 0.9720 2.5035
4680 2340.0 3.1309 0.1819 3.1309 0.9924 2.5574
4690 2345.0 3.1930 0.9260 3.1930 0.9669 2.6711
4700 2350.0 3.1463 0.0068 3.1463 0.9711 2.6910
4710 2355.0 3.0598 4.0664 3.0598 0.9983 2.5743
4720 2360.0 3.1529 0.0043 3.1529 0.9859 2.6025
4730 2365.0 3.2013 1.3167 3.2013 0.9882 2.6877
4740 2370.0 3.1223 0.3823 3.1223 0.9991 2.6651
4750 2375.0 3.0945 1.5421 3.0945 0.9822 2.5629
4760 2380.0 3.1818 0.5049 3.1818 1.0188 2.5331
4770 2385.0 3.2025 1.3768 3.2025 0.9697 2.5954
4780 2390.0 3.0995 1.2728 3.0995 1.0274 2.5630
4790 2395.0 3.0923 1.6646 3.0923 0.9494 2.5397
4800 2400.0 3.1671 0.1455 3.1671 1.0610 2.4870
4810 2405.0 3.1932 0.9318 3.1932 0.9474 2.5349
4820 2410.0 3.1268 0.2686 3.1268 1.0709 2.5627
4830 2415.0 3.1281 0.2395 3.1281 1.0006 2.6356
4840 2420.0 3.1738 0.2823 3.1738 1.0236 2.6456
4850 2425.0 3.1679 0.1606 3.1679 1.0513 2.6000
4860 2430.0 3.0674 3.4111 3.0674 0.9854 2.5567
4870 2435.0 3.1433 0.0227 3.1433 1.0586 2.6854
4880 2440.0 3.2205 2.4872 3.2205 1.0323 2.7692
4890 2445.0 3.1538 0.0073 3.1538 0.9962 2.6511
4900 2450.0 3.1293 0.2151 3.1293 1.0540 2.5715
4910 2455.0 3.1951 1.0176 3.1951 0.9661 2.6576
4920 2460.0 3.1893 0.7741 3.1893 1.0496 2.7087
4930 2465.0 3.0824 2.2855 3.0824 0.9707 2.7018
4940 2470.0 3.1241 0.3356 3.1241 1.0313 2.7146
4950 2475.0 3.2105 1.8281 3.2105 0.9731 2.7310
4960 2480.0 3.1563 0.0198 3.1563 1.0360 2.6734
4970 2485.0 3.0850 2.1127 3.0850 0.9657 2.6863
4980 2490.0 3.1058 0.9781 3.1058 1.0377 2.7211
4990 2495.0 3.1351 0.1111 3.1351 0.9529 2.6828
5000 2500.0 3.0817 2.3312 3.0817 1.0352 2.5323
5010 2505.0 3.1829 0.5397 3.1829 0.9649 2.5695
5020 2510.0 3.2459 4.5942 3.2459 1.0225 2.6368
5030 2515.0 3.1361 0.0965 3.1361 0.9745 2.6079
5040 2520.0 3.1195 0.4636 3.1195 1.0079 2.6383
5050 2525.0 3.1722 0.2459 3.1722 0.9957 2.7116
5060 2530.0 3.0862 2.0339 3.0862 0.9893 2.6265
5070 2535.0 3.0725 3.0048 3.0725 1.0078 2.5690
5080 2540.0 3.2215 2.5567 3.2215 0.9704 2.6553
5090 2545.0 3.1873 0.6970 3.1873 1.0290 2.5740
5100 2550.0 3.0462 5.3885 3.0462 0.9655 2.4568
5110 2555.0 3.1138 0.6541 3.1138 1.0247 2.4758
5120 2560.0 3.2161 2.1862 3.2161 0.9999 2.6751
5130 2565.0 3.0040 10.6567 3.0040 1.0004 2.7552
5140 2570.0 3.1345 0.1197 3.1345 0.9665 2.7903
5150 2575.0 3.1588 0.0385 3.1588 1.0502 2.5842
5160 2580.0 3.0612 3.9457 3.0612 0.9604 2.4737
5170 2585.0 3.1772 0.3704 3.1772 1.0267 2.5004
5180 2590.0 3.2247 2.7869 3.2247 0.9662 2.6099
5190 2595.0 3.1391 0.0599 3.1391 1.0105 2.5293
5200 2600.0 3.1299 0.2018 3.1299 0.9764 2.4857
5210 2605.0 3.1791 0.4227 3.1791 0.9876 2.5455
5220 2610.0 3.2077 1.6618 3.2077 0.9785 2.6236
5230 2615.0 3.1154 0.5992 3.1154 0.9922 2.5864
5240 2620.0 3.0913 1.7243 3.0913 0.9682 2.6194
5250 2625.0 3.1562 0.0193 3.1562 1.0108 2.7476
5260 2630.0 3.2192 2.3936 3.2192 0.9731 2.7979
5270 2635.0 3.1237 0.3447 3.1237 1.0104 2.7354
5280 2640.0 3.0690 3.2826 3.0690 0.9638 2.6697
5290 2645.0 3.2050 1.5129 3.2050 1.0451 2.7420
5300 2650.0 3.2250 2.8160 3.2250 0.9428 2.7787
5310 2655.0 3.0834 2.2148 3.0834 1.0505 2.6221
5320 2660.0 3.0581 4.2245 3.0581 0.9385 2.5413
5330 2665.0 3.2070 1.6268 3.2070 1.0573 2.5471
5340 2670.0 3.1997 1.2333 3.1997 0.9040 2.5842
5350 2675.0 3.1054 0.9931 3.1054 1.0784 2.4117
5360 2680.0 3.0971 1.4013 3.0971 0.9049 2.4972
5370 2685.0 3.2085 1.7088 3.2085 1.0617 2.5260
5380 2690.0 3.1659 0.1259 3.1659 0.9286 2.6069
5390 2695.0 3.0855 2.0792 3.0855 1.0789 2.5892
5400 2700.0 3.1381 0.0706 3.1381 0.9285 2.7068
5410 2705.0 3.1783 0.4003 3.1783 1.0642 2.7714
5420 2710.0 3.1123 0.7112 3.1123 0.9411 2.8090
5430 2715.0 3.1379 0.0728 3.1379 1.0418 2.8310
5440 2720.0 3.1607 0.0575 3.1607 0.9571 2.8199
5450 2725.0 3.1413 0.0379 3.1413 1.0413 2.8210
5460 2730.0 3.0679 3.3687 3.0679 0.9680 2.7820
5470 2735.0 3.1268 0.2688 3.1268 1.0120 2.7755
5480 2740.0 3.2148 2.0967 3.2148 0.9870 2.8833
5490 2745.0 3.1260 0.2876 3.1260 0.9905 2.8387
5500 2750.0 3.0384 6.2256 3.0384 1.0133 2.7409
5510 2755.0 3.1691 0.1829 3.1691 0.9745 2.7911
5520 2760.0 3.2285 3.0824 3.2285 1.0238 2.8054
5530 2765.0 3.1007 1.2170 3.1007 0.9925 2.7216
5540 2770.0 3.0641 3.6879 3.0641 1.0120 2.6853
5550 2775.0 3.2107 1.8446 3.2107 1.0359 2.8124
5560 2780.0 3.2210 2.5234 3.2210 0.9923 2.8968
5570 2785.0 3.0585 4.1899 3.0585 1.0454 2.8270
5580 2790.0 3.1272 0.2602 3.1272 0.9573 2.8971
5590 2795.0 3.2248 2.7945 3.2248 1.0587 2.9806
5600 2800.0 3.1487 0.0009 3.1487 0.9715 2.8810
5610 2805.0 3.1253 0.3045 3.1253 1.0407 2.8378
5620 2810.0 3.1511 0.0006 3.1511 0.9918 2.8537
5630 2815.0 3.1052 1.0049 3.1052 1.0087 2.8031
5640 2820.0 3.0837 2.1976 3.0837 1.0272 2.7257
5650 2825.0 3.1488 0.0007 3.1488 0.9831 2.7722
5660 2830.0 3.1935 0.9440 3.1935 1.0662 2.8733
5670 2835.0 3.0947 1.5269 3.0947 0.9777 2.7449
5680 2840.0 3.1384 0.0675 3.1384 1.0202 2.6876
5690 2845.0 3.2063 1.5852 3.2063 1.0096 2.7913
5700 2850.0 3.1364 0.0924 3.1364 0.9960 2.7616
5710 2855.0 3.0784 2.5604 3.0784 1.0187 2.6257
5720 2860.0 3.1544 0.0096 3.1544 0.9525 2.6362
5730 2865.0 3.1435 0.0214 3.1435 1.0148 2.7088
5740 2870.0 3.1003 1.2367 3.1003 0.9765 2.8303
5750 2875.0 3.2131 1.9883 3.2131 1.0174 2.8629
5760 2880.0 3.2051 1.5186 3.2051 0.9586 2.9190
5770 2885.0 3.0791 2.5115 3.0791 0.9961 2.7744
5780 2890.0 3.1683 0.1679 3.1683 0.9791 2.7845
5790 2895.0 3.2593 5.9714 3.2593 1.0146 2.8341
5800 2900.0 3.2150 2.1127 3.2150 0.9765 2.9098
5810 2905.0 3.1249 0.3153 3.1249 0.9835 2.8549
5820 2910.0 3.1389 0.0619 3.1389 0.9957 2.8711
5830 2915.0 3.2567 5.6948 3.2567 1.0034 2.9115
5840 2920.0 3.1263 0.2800 3.1263 0.9980 2.7562
5850 2925.0 3.0516 4.8448 3.0516 1.0634 2.5685
5860 2930.0 3.1801 0.4527 3.1801 0.9471 2.6305
5870 2935.0 3.2203 2.4683 3.2203 1.0841 2.6649
5880 2940.0 3.1037 1.0735 3.1037 0.9475 2.5875
5890 2945.0 3.0965 1.4316 3.0965 1.0523 2.5492
5900 2950.0 3.2137 2.0290 3.2137 0.9633 2.7435
5910 2955.0 3.1756 0.3276 3.1756 1.0792 2.8863
5920 2960.0 3.0744 2.8543 3.0744 0.9725 2.8592
5930 2965.0 3.1388 0.0625 3.1388 1.0426 2.8896
5940 2970.0 3.1860 0.6481 3.1860 1.0062 2.8162
5950 2975.0 3.0909 1.7435 3.0909 1.0151 2.7666
5960 2980.0 3.1348 0.1150 3.1348 1.0142 2.7643
5970 2985.0 3.2272 2.9783 3.2272 1.0212 2.7934
5980 2990.0 3.1033 1.0922 3.1033 0.9788 2.7533
5990 2995.0 2.9643 17.2381 2.9643 1.0067 2.6189
6000 3000.0 3.2087 1.7216 3.2087 0.9881 2.8203
6010 3005.0 3.1358 0.1006 3.1358 1.0043 2.6470
6020 3010.0 3.0555 4.4615 3.0555 0.9541 2.5504
6030 3015.0 3.1790 0.4197 3.1790 1.0215 2.7472
6040 3020.0 3.1673 0.1505 3.1673 0.9860 2.7148
6050 3025.0 2.9992 11.3648 2.9992 0.9824 2.5650
6060 3030.0 3.0819 2.3200 3.0819 0.9654 2.6785
6070 3035.0 3.2490 4.9053 3.2490 1.0155 2.7350
6080 3040.0 3.1918 0.8733 3.1918 0.9628 2.6333
6090 3045.0 3.0268 7.5890 3.0268 1.0147 2.5277
6100 3050.0 3.1287 0.2272 3.1287 0.9685 2.6799
6110 3055.0 3.2024 1.3726 3.2024 1.0124 2.7483
6120 3060.0 3.1114 0.7433 3.1114 0.9805 2.6683
6130 3065.0 3.1326 0.1515 3.1326 1.0289 2.7364
6140 3070.0 3.2111 1.8663 3.2111 0.9585 2.8615
6150 3075.0 3.1078 0.8891 3.1078 1.0078 2.7588
6160 3080.0 3.0382 6.2515 3.0382 0.9668 2.7360
6170 3085.0 3.1917 0.8681 3.1917 1.0126 2.8784
6180 3090.0 3.2421 4.2429 3.2421 0.9630 2.8855
6190 3095.0 3.0939 1.5754 3.0939 1.0285 2.7124
6200 3100.0 3.0526 4.7459 3.0526 0.9487 2.6447
6210 3105.0 3.1593 0.0429 3.1593 1.0408 2.6136
6220 3110.0 3.2214 2.5489 3.2214 0.9484 2.6799
6230 3115.0 3.0929 1.6316 3.0929 1.0287 2.5869
6240 3120.0 3.1273 0.2575 3.1273 0.9587 2.5889
6250 3125.0 3.1939 0.9654 3.1939 1.0304 2.5537
6260 3130.0 3.1364 0.0923 3.1364 0.9658 2.5463
6270 3135.0 3.0828 2.2577 3.0828 0.9944 2.5997
6280 3140.0 3.1358 0.1010 3.1358 1.0020 2.7347
6290 3145.0 3.1440 0.0178 3.1440 0.9997 2.7747
6300 3150.0 3.1305 0.1895 3.1305 0.9999 2.7685
6310 3155.0 3.1793 0.4305 3.1793 1.0144 2.7767
6320 3160.0 3.2242 2.7540 3.2242 0.9828 2.7571
6330 3165.0 3.0913 1.7248 3.0913 1.0145 2.6536
6340 3170.0 3.0620 3.8745 3.0620 0.9713 2.6456
6350 3175.0 3.2299 3.1904 3.2299 1.0263 2.6317
6360 3180.0 3.1389 0.0621 3.1389 0.9612 2.7041
6370 3185.0 3.0687 3.3028 3.0687 1.0031 2.7528
6380 3190.0 3.2384 3.9099 3.2384 0.9892 2.6194
6390 3195.0 3.0688 3.2961 3.0688 1.0052 2.4496
6400 3200.0 3.0594 4.1053 3.0594 0.9759 2.4849
6410 3205.0 3.2386 3.9243 3.2386 1.0358 2.7178
6420 3210.0 3.0882 1.9097 3.0882 0.9539 2.8727
6430 3215.0 3.1208 0.4260 3.1208 1.0120 2.8135
6440 3220.0 3.2456 4.5732 3.2456 0.9775 2.7041
6450 3225.0 3.1841 0.5814 3.1841 1.0156 2.7270
6460 3230.0 3.1004 1.2307 3.1004 0.9590 2.8363
6470 3235.0 3.1764 0.3481 3.1764 1.0129 2.8019
6480 3240.0 3.1674 0.1510 3.1674 0.9871 2.5976
6490 3245.0 3.0591 4.1323 3.0591 0.9880 2.5089
6500 3250.0 3.1473 0.0035 3.1473 0.9985 2.5650
6510 3255.0 3.2348 3.5962 3.2348 0.9760 2.6414
6520 3260.0 3.1400 0.0501 3.1400 1.0187 2.6169
6530 3265.0 3.0991 1.2932 3.0991 0.9785 2.7009
6540 3270.0 3.1632 0.0873 3.1632 1.0350 2.8343
6550 3275.0 3.1481 0.0019 3.1481 1.0052 2.8520
6560 3280.0 3.1176 0.5234 3.1176 0.9898 2.8122
6570 3285.0 3.1220 0.3914 3.1220 1.0307 2.8178
6580 3290.0 3.1518 0.0017 3.1518 0.9750 2.8236
6590 3295.0 3.1641 0.0992 3.1641 1.0408 2.7094
6600 3300.0 3.1451 0.0119 3.1451 0.9603 2.6199
6610 3305.0 3.1561 0.0185 3.1561 1.0139 2.5457
6620 3310.0 3.1471 0.0043 3.1471 0.9640 2.5512
6630 3315.0 3.1524 0.0029 3.1524 0.9974 2.5233
6640 3320.0 3.1477 0.0027 3.1477 0.9801 2.4561
6650 3325.0 3.1656 0.1221 3.1656 0.9918 2.4137
6660 3330.0 3.1355 0.1055 3.1355 0.9789 2.3885
6670 3335.0 3.1209 0.4240 3.1209 0.9957 2.4029
6680 3340.0 3.1574 0.0276 3.1574 0.9744 2.5102
6690 3345.0 3.1668 0.1405 3.1668 1.0023 2.5984
6700 3350.0 3.0955 1.4838 3.0955 0.9957 2.6678
6710 3355.0 3.0988 1.3116 3.0988 1.0179 2.8233
6720 3360.0 3.1821 0.5150 3.1821 0.9808 2.9328
6730 3365.0 3.1444 0.0155 3.1444 1.0019 2.8984
6740 3370.0 3.0516 4.8387 3.0516 0.9862 2.7957
6750 3375.0 3.1176 0.5233 3.1176 0.9937 2.8644
6760 3380.0 3.2040 1.4574 3.2040 1.0067 2.9398
6770 3385.0 3.1674 0.1511 3.1674 0.9850 2.9353
6780 3390.0 3.1032 1.0972 3.1032 1.0319 2.7686
6790 3395.0 3.1187 0.4896 3.1187 0.9883 2.6311
6800 3400.0 3.1894 0.7755 3.1894 1.0056 2.5981
6810 3405.0 3.1370 0.0848 3.1370 0.9875 2.5772
6820 3410.0 3.1198 0.4561 3.1198 1.0054 2.6086
6830 3415.0 3.1735 0.2755 3.1735 0.9904 2.7126
6840 3420.0 3.1777 0.3829 3.1777 0.9867 2.7683
6850 3425.0 3.1243 0.3308 3.1243 0.9972 2.7955
6860 3430.0 3.1241 0.3363 3.1241 0.9960 2.8360
6870 3435.0 3.1655 0.1196 3.1655 0.9855 2.8410
6880 3440.0 3.1360 0.0986 3.1360 1.0073 2.7674
6890 3445.0 3.0928 1.6331 3.0928 0.9859 2.7178
6900 3450.0 3.1802 0.4546 3.1802 0.9926 2.8088
6910 3455.0 3.1747 0.3047 3.1747 0.9902 2.8804
6920 3460.0 3.0861 2.0409 3.0861 0.9969 2.9028
6930 3465.0 3.1312 0.1774 3.1312 0.9959 2.8775
6940 3470.0 3.1901 0.8048 3.1901 1.0058 2.8219
6950 3475.0 3.1572 0.0262 3.1572 0.9709 2.7107
6960 3480.0 3.1034 1.0847 3.1034 1.0316 2.6390
6970 3485.0 3.1142 0.6411 3.1142 0.9546 2.6789
6980 3490.0 3.1688 0.1766 3.1688 1.0295 2.7524
6990 3495.0 3.1243 0.3312 3.1243 0.9581 2.7864
7000 3500.0 3.1379 0.0734 3.1379 1.0352 2.7467
7010 3505.0 3.1629 0.0835 3.1629 0.9421 2.7264
7020 3510.0 3.1461 0.0075 3.1461 1.0324 2.7101
7030 3515.0 3.1134 0.6701 3.1134 0.9509 2.7010
7040 3520.0 3.1207 0.4302 3.1207 1.0241 2.6961
7050 3525.0 3.2114 1.8849 3.2114 0.9592 2.8086
7060 3530.0 3.2038 1.4466 3.2038 1.0359 2.8694
7070 3535.0 3.1198 0.4571 3.1198 0.9582 2.7652
7080 3540.0 3.0992 1.2900 3.0992 1.0345 2.7423
7090 3545.0 3.1747 0.3053 3.1747 0.9632 2.8094
7100 3550.0 3.1499 0.0000 3.1499 1.0270 2.7474
7110 3555.0 3.1099 0.8056 3.1099 0.9474 2.7348
7120 3560.0 3.1230 0.3638 3.1230 1.0472 2.7863
7130 3565.0 3.1548 0.0117 3.1548 0.9536 2.8997
7140 3570.0 3.1473 0.0036 3.1473 1.0307 2.8914
7150 3575.0 3.0892 1.8459 3.0892 0.9592 2.8212
7160 3580.0 3.1098 0.8073 3.1098 1.0309 2.7606
7170 3585.0 3.1748 0.3073 3.1748 0.9629 2.7828
7180 3590.0 3.1564 0.0204 3.1564 1.0216 2.7582
7190 3595.0 3.1079 0.8848 3.1079 0.9733 2.7440
7200 3600.0 3.1438 0.0195 3.1438 1.0216 2.7776
7210 3605.0 3.1945 0.9896 3.1945 0.9706 2.8456
7220 3610.0 3.1555 0.0151 3.1555 1.0315 2.7931
7230 3615.0 3.1013 1.1856 3.1013 0.9806 2.7652
7240 3620.0 3.1555 0.0149 3.1555 1.0168 2.8060
7250 3625.0 3.2038 1.4475 3.2038 0.9839 2.8076
7260 3630.0 3.1662 0.1311 3.1662 1.0186 2.7126
7270 3635.0 3.1225 0.3792 3.1225 0.9771 2.6777
7280 3640.0 3.1411 0.0397 3.1411 0.9993 2.6684
7290 3645.0 3.1548 0.0118 3.1548 0.9926 2.6912
7300 3650.0 3.1322 0.1592 3.1322 0.9908 2.7222
7310 3655.0 3.0941 1.5597 3.0941 1.0156 2.7816
7320 3660.0 3.1529 0.0043 3.1529 0.9762 2.9428
7330 3665.0 3.1666 0.1382 3.1666 1.0012 2.8512
7340 3670.0 3.0999 1.2563 3.0999 0.9918 2.6299
7350 3675.0 3.1379 0.0732 3.1379 0.9875 2.4990
7360 3680.0 3.2173 2.2637 3.2173 0.9701 2.4835
7370 3685.0 3.1333 0.1402 3.1333 0.9722 2.3706
7380 3690.0 3.0946 1.5327 3.0946 0.9774 2.3036
7390 3695.0 3.1573 0.0267 3.1573 0.9772 2.3590
7400 3700.0 3.2236 2.7073 3.2236 0.9820 2.4581
7410 3705.0 3.1690 0.1802 3.1690 0.9685 2.4907
7420 3710.0 3.0705 3.1601 3.0705 0.9761 2.4867
7430 3715.0 3.1146 0.6257 3.1146 0.9876 2.5911
7440 3720.0 3.2116 1.8977 3.2116 0.9895 2.7254
7450 3725.0 3.1716 0.2340 3.1716 0.9894 2.8084
7460 3730.0 3.1067 0.9361 3.1067 1.0193 2.8970
7470 3735.0 3.1324 0.1548 3.1324 0.9763 2.9909
7480 3740.0 3.1852 0.6212 3.1852 1.0308 3.0286
7490 3745.0 3.1663 0.1325 3.1663 0.9743 3.0154
7500 3750.0 3.1117 0.7325 3.1117 1.0536 2.9540
7510 3755.0 3.0971 1.4000 3.0971 0.9386 2.9787
7520 3760.0 3.1542 0.0090 3.1542 1.0838 2.9700
7530 3765.0 3.1039 1.0630 3.1039 0.9193 2.8414
7540 3770.0 3.1310 0.1809 3.1310 1.0923 2.7566
7550 3775.0 3.1411 0.0392 3.1411 0.9133 2.7782
7560 3780.0 3.1648 0.1091 3.1648 1.0663 2.7593
7570 3785.0 3.1055 0.9909 3.1055 0.9225 2.7386
7580 3790.0 3.1144 0.6344 3.1144 1.0661 2.7196
7590 3795.0 3.1142 0.6401 3.1142 0.9343 2.7698
7600 3800.0 3.1554 0.0146 3.1554 1.0540 2.8173
7610 3805.0 3.0837 2.1974 3.0837 0.9656 2.7672
7620 3810.0 3.0958 1.4673 3.0958 1.0462 2.7239
7630 3815.0 3.1514 0.0010 3.1514 0.9879 2.7619
7640 3820.0 3.1249 0.3144 3.1249 1.0226 2.7521
7650 3825.0 3.0991 1.2953 3.0991 1.0534 2.7261
7660 3830.0 3.1199 0.4521 3.1199 0.9716 2.6987
7670 3835.0 3.1806 0.4676 3.1806 1.0859 2.6903
7680 3840.0 3.2001 1.2553 3.2001 0.9377 2.7490
7690 3845.0 3.1202 0.4426 3.1202 1.0892 2.6679
7700 3850.0 3.1584 0.0351 3.1584 0.9445 2.6572
7710 3855.0 3.2050 1.5106 3.2050 1.0595 2.6336
7720 3860.0 3.1404 0.0462 3.1404 1.0046 2.5644
7730 3865.0 3.1200 0.4513 3.1200 0.9954 2.4914
7740 3870.0 3.1836 0.5640 3.1836 0.9995 2.5217
7750 3875.0 3.1666 0.1384 3.1666 1.0032 2.5049
7760 3880.0 3.1212 0.4161 3.1212 0.9887 2.4643
7770 3885.0 3.1552 0.0133 3.1552 1.0188 2.5010
7780 3890.0 3.2225 2.6307 3.2225 1.0180 2.5884
7790 3895.0 3.1450 0.0125 3.1450 0.9993 2.5688
7800 3900.0 3.0755 2.7775 3.0755 1.0287 2.5106
7810 3905.0 3.1580 0.0318 3.1580 0.9935 2.5707
7820 3910.0 3.1539 0.0076 3.1539 1.0509 2.6107
7830 3915.0 3.1242 0.3326 3.1242 0.9642 2.6147
7840 3920.0 3.1730 0.2651 3.1730 1.0655 2.5809
7850 3925.0 3.1884 0.7369 3.1884 1.0357 2.5342
7860 3930.0 3.1470 0.0044 3.1470 0.9753 2.4953
7870 3935.0 3.1840 0.5766 3.1840 1.0873 2.5213
7880 3940.0 3.2328 3.4245 3.2328 0.9584 2.5836
7890 3945.0 3.1520 0.0021 3.1520 1.0683 2.5132
7900 3950.0 3.1170 0.5455 3.1170 1.0351 2.5440
7910 3955.0 3.1894 0.7772 3.1894 0.9892 2.6794
7920 3960.0 3.1557 0.0163 3.1557 1.0703 2.6436
7930 3965.0 3.0873 1.9667 3.0873 0.9646 2.5707
7940 3970.0 3.1510 0.0005 3.1510 1.0636 2.5925
7950 3975.0 3.1494 0.0002 3.1494 0.9439 2.6715
7960 3980.0 3.1326 0.1508 3.1326 1.0412 2.6289
7970 3985.0 3.0968 1.4177 3.0968 0.9457 2.6291
7980 3990.0 3.1494 0.0002 3.1494 1.0483 2.6298
7990 3995.0 3.1384 0.0677 3.1384 0.9465 2.6880
8000 4000.0 3.1157 0.5883 3.1157 1.0458 2.6957
8010 4005.0 3.1039 1.0630 3.1039 0.9444 2.7319
8020 4010.0 3.1390 0.0607 3.1390 1.0590 2.7611
8030 4015.0 3.1399 0.0510 3.1399 0.9372 2.7362
8040 4020.0 3.1308 0.1844 3.1308 1.0572 2.8166
8050 4025.0 3.1910 0.8416 3.1910 0.9528 2.7605
8060 4030.0 3.1503 0.0000 3.1503 1.0364 2.6967
8070 4035.0 3.1062 0.9604 3.1062 0.9414 2.6572
8080 4040.0 3.1526 0.0033 3.1526 1.0565 2.7092
8090 4045.0 3.1818 0.5053 3.1818 0.9351 2.7671
8100 4050.0 3.0643 3.6718 3.0643 1.0603 2.7026
8110 4055.0 3.1195 0.4643 3.1195 0.9337 2.8430
8120 4060.0 3.2306 3.2456 3.2306 1.0698 2.7316
8130 4065.0 3.0890 1.8618 3.0890 0.9270 2.5326
8140 4070.0 3.0518 4.8245 3.0518 1.0724 2.3868
8150 4075.0 3.1960 1.0587 3.1960 0.9161 2.5916
8160 4080.0 3.2260 2.8880 3.2260 1.0619 2.7386
8170 4085.0 3.1686 0.1726 3.1686 0.9202 2.8454
8180 4090.0 3.1037 1.0718 3.1037 1.0502 2.7046
8190 4095.0 3.2044 1.4823 3.2044 0.9387 2.8217
8200 4100.0 3.2208 2.5076 3.2208 1.0791 2.7418
8210 4105.0 3.2445 4.4616 3.2445 0.9208 2.8797
8220 4110.0 3.0897 1.8164 3.0897 1.0742 2.7095
8230 4115.0 3.1950 1.0105 3.1950 0.9356 2.8508
8240 4120.0 3.2033 1.4231 3.2033 1.0737 2.7068
8250 4125.0 3.0452 5.4940 3.0452 0.9419 2.5623
8260 4130.0 3.1044 1.0411 3.1044 1.0578 2.5555
8270 4135.0 3.2260 2.8913 3.2260 0.9453 2.6370
8280 4140.0 3.0785 2.5571 3.0785 1.0444 2.7201
8290 4145.0 3.1957 1.0445 3.1957 0.9424 2.5896
8300 4150.0 3.1368 0.0872 3.1368 1.0477 2.3668
8310 4155.0 3.0241 7.9258 3.0241 0.9384 2.2973
8320 4160.0 3.1599 0.0491 3.1599 1.0399 2.3926
8330 4165.0 3.1799 0.4459 3.1799 0.9503 2.5925
8340 4170.0 3.0585 4.1843 3.0585 1.0380 2.7135
8350 4175.0 3.2292 3.1341 3.2292 0.9572 2.6599
8360 4180.0 3.0675 3.4068 3.0675 1.0637 2.5223
8370 4185.0 3.0637 3.7231 3.0637 0.9356 2.5304
8380 4190.0 3.1596 0.0460 3.1596 1.0773 2.6026
8390 4195.0 3.1948 1.0053 3.1948 0.9463 2.6479
8400 4200.0 3.1277 0.2487 3.1277 1.0528 2.5219
8410 4205.0 3.1125 0.7016 3.1125 0.9443 2.5464
8420 4210.0 3.1600 0.0497 3.1600 1.0661 2.5662
8430 4215.0 3.1860 0.6473 3.1860 0.9677 2.6303
8440 4220.0 3.1498 0.0000 3.1498 1.0451 2.5654
8450 4225.0 3.1437 0.0199 3.1437 1.0135 2.6197
8460 4230.0 3.1778 0.3860 3.1778 1.0196 2.6277
8470 4235.0 3.1287 0.2268 3.1287 1.0433 2.6387
8480 4240.0 3.1240 0.3392 3.1240 0.9806 2.6108
8490 4245.0 3.1909 0.8381 3.1909 1.0865 2.6374
8500 4250.0 3.1680 0.1621 3.1680 0.9480 2.6491
8510 4255.0 3.0600 4.0535 3.0600 1.0776 2.6088
8520 4260.0 3.1595 0.0448 3.1595 0.9281 2.6729
8530 4265.0 3.2056 1.5467 3.2056 1.1000 2.7181
8540 4270.0 3.1800 0.4513 3.1800 0.9321 2.7688
8550 4275.0 3.0979 1.3559 3.0979 1.0737 2.7313
8560 4280.0 3.1843 0.5870 3.1843 0.9448 2.7988
8570 4285.0 3.1665 0.1355 3.1665 1.0682 2.7913
8580 4290.0 3.1386 0.0653 3.1386 1.0017 2.7947
8590 4295.0 3.1225 0.3781 3.1225 1.0111 2.7863
8600 4300.0 3.1301 0.1971 3.1301 1.0292 2.7725
8610 4305.0 3.1090 0.8418 3.1090 0.9856 2.7020
8620 4310.0 3.1193 0.4702 3.1193 1.0436 2.6898
8630 4315.0 3.1546 0.0107 3.1546 0.9852 2.7966
8640 4320.0 3.1472 0.0038 3.1472 1.0265 2.8349
8650 4325.0 3.1436 0.0204 3.1436 0.9727 2.8514
8660 4330.0 3.1731 0.2658 3.1731 1.0174 2.8529
8670 4335.0 3.1484 0.0013 3.1484 0.9734 2.8249
8680 4340.0 3.1189 0.4823 3.1189 1.0258 2.8447
8690 4345.0 3.1316 0.1696 3.1316 0.9653 2.7492
8700 4350.0 3.1885 0.7428 3.1885 1.0285 2.7020
8710 4355.0 3.1414 0.0369 3.1414 0.9617 2.6754
8720 4360.0 3.0661 3.5191 3.0661 1.0277 2.5895
8730 4365.0 3.1000 1.2500 3.1000 0.9460 2.6464
8740 4370.0 3.1513 0.0009 3.1513 1.0548 2.7587
8750 4375.0 3.1564 0.0204 3.1564 0.9501 2.7907
8760 4380.0 3.1224 0.3813 3.1224 1.0645 2.6449
8770 4385.0 3.1294 0.2123 3.1294 0.9371 2.6227
8780 4390.0 3.1346 0.1187 3.1346 1.0652 2.5736
8790 4395.0 3.1354 0.1066 3.1354 0.9360 2.6575
8800 4400.0 3.1580 0.0320 3.1580 1.0657 2.7289
8810 4405.0 3.1624 0.0771 3.1624 0.9542 2.7873
8820 4410.0 3.1033 1.0886 3.1033 1.0594 2.7554
8830 4415.0 3.1401 0.0492 3.1401 1.0192 2.7632
8840 4420.0 3.2063 1.5851 3.2063 0.9921 2.7699
8850 4425.0 3.1326 0.1508 3.1326 1.0485 2.6284
8860 4430.0 3.0808 2.3965 3.0808 0.9573 2.5203
8870 4435.0 3.1331 0.1433 3.1331 1.0823 2.4924
8880 4440.0 3.2368 3.7639 3.2368 0.9508 2.6189
8890 4445.0 3.0629 3.7936 3.0629 1.0533 2.7890
8900 4450.0 3.1550 0.0125 3.1550 0.9394 2.7364
8910 4455.0 3.2385 3.9124 3.2385 1.0491 2.6261
8920 4460.0 3.0722 3.0281 3.0722 0.9693 2.4599
8930 4465.0 3.0614 3.9226 3.0614 1.0238 2.4599
8940 4470.0 3.2304 3.2306 3.2304 0.9942 2.6179
8950 4475.0 3.1543 0.0092 3.1543 1.0164 2.7211
8960 4480.0 3.1538 0.0071 3.1538 0.9901 2.7359
8970 4485.0 3.2350 3.6144 3.2350 1.0214 2.7007
8980 4490.0 3.2020 1.3519 3.2020 1.0130 2.7729
8990 4495.0 3.1311 0.1791 3.1311 0.9947 2.8126
9000 4500.0 3.1591 0.0416 3.1591 1.0127 2.7648
9010 4505.0 3.2417 4.2055 3.2417 0.9951 2.7114
9020 4510.0 3.1609 0.0589 3.1609 1.0398 2.8133
9030 4515.0 3.1290 0.2200 3.1290 0.9579 2.8485
9040 4520.0 3.1898 0.7937 3.1898 1.0643 2.7748
9050 4525.0 3.1624 0.0768 3.1624 0.9567 2.8614
9060 4530.0 3.1379 0.0728 3.1379 1.0428 2.9594
9070 4535.0 3.1655 0.1197 3.1655 0.9468 2.9434
9080 4540.0 3.2180 2.3127 3.2180 1.0495 2.8575
9090 4545.0 3.2209 2.5130 3.2209 0.9669 2.8757
9100 4550.0 3.1496 0.0001 3.1496 1.0369 2.9842
9110 4555.0 3.1608 0.0581 3.1608 0.9566 2.9463
9120 4560.0 3.1801 0.4536 3.1801 1.0273 2.9539
9130 4565.0 3.2127 1.9685 3.2127 0.9537 2.9341
9140 4570.0 3.1908 0.8327 3.1908 1.0410 2.8922
9150 4575.0 3.1566 0.0220 3.1566 0.9424 2.9066
9160 4580.0 3.1345 0.1200 3.1345 1.0271 2.8285
9170 4585.0 3.1787 0.4125 3.1787 0.9635 2.9059
9180 4590.0 3.2106 1.8377 3.2106 1.0328 2.8597
9190 4595.0 3.1602 0.0518 3.1602 0.9551 2.8534
9200 4600.0 3.0942 1.5565 3.0942 1.0169 2.8406
9210 4605.0 3.1959 1.0547 3.1959 0.9626 2.8532
9220 4610.0 3.2470 4.7038 3.2470 1.0213 2.7625
9230 4615.0 3.1343 0.1236 3.1343 0.9626 2.8252
9240 4620.0 3.1249 0.3150 3.1249 1.0360 2.8254
9250 4625.0 3.2203 2.4745 3.2203 0.9643 2.6711
9260 4630.0 3.1857 0.6357 3.1857 1.0316 2.7023
9270 4635.0 3.0869 1.9888 3.0869 0.9644 2.7457
9280 4640.0 3.1710 0.2204 3.1710 1.0292 2.6413
9290 4645.0 3.1976 1.1335 3.1976 0.9640 2.6109
9300 4650.0 3.1658 0.1243 3.1658 1.0361 2.6913
9310 4655.0 3.0975 1.3776 3.0975 0.9772 2.7541
9320 4660.0 3.1870 0.6853 3.1870 1.0270 2.6561
9330 4665.0 3.2099 1.7920 3.2099 0.9665 2.6232
9340 4670.0 3.1703 0.2059 3.1703 1.0256 2.7011
9350 4675.0 3.1395 0.0552 3.1395 0.9795 2.7646
9360 4680.0 3.1727 0.2571 3.1727 1.0194 2.7454
9370 4685.0 3.1796 0.4384 3.1796 0.9967 2.7423
9380 4690.0 3.1848 0.6043 3.1848 1.0060 2.7771
9390 4695.0 3.1820 0.5117 3.1820 1.0182 2.7313
9400 4700.0 3.1813 0.4912 3.1813 0.9905 2.7371
9410 4705.0 3.2050 1.5133 3.2050 1.0561 2.6880
9420 4710.0 3.1513 0.0009 3.1513 0.9718 2.6769
9430 4715.0 3.1590 0.0407 3.1590 1.0549 2.6112
9440 4720.0 3.1844 0.5910 3.1844 1.0052 2.6584
9450 4725.0 3.1763 0.3453 3.1763 1.0177 2.6495
9460 4730.0 3.1887 0.7490 3.1887 1.0621 2.6457
9470 4735.0 3.1484 0.0012 3.1484 0.9744 2.6726
9480 4740.0 3.1640 0.0979 3.1640 1.0570 2.6550
9490 4745.0 3.1885 0.7406 3.1885 0.9630 2.7321
9500 4750.0 3.1846 0.5988 3.1846 1.0470 2.6795
9510 4755.0 3.1324 0.1551 3.1324 0.9915 2.6556
9520 4760.0 3.1777 0.3849 3.1777 1.0302 2.6514
9530 4765.0 3.2427 4.2971 3.2427 1.0057 2.7027
9540 4770.0 3.1967 1.0927 3.1967 0.9848 2.6446
9550 4775.0 3.1246 0.3219 3.1246 1.0565 2.5270
9560 4780.0 3.1600 0.0505 3.1600 0.9502 2.6271
9570 4785.0 3.2625 6.3303 3.2625 1.0465 2.6688
9580 4790.0 3.1751 0.3158 3.1751 0.9553 2.6233
9590 4795.0 3.0982 1.3397 3.0982 1.0633 2.4888
9600 4800.0 3.1674 0.1507 3.1674 0.9692 2.6131
9610 4805.0 3.2590 5.9453 3.2590 1.0290 2.6736
9620 4810.0 3.1664 0.1339 3.1664 0.9673 2.6387
9630 4815.0 3.1760 0.3392 3.1760 1.0490 2.6027
9640 4820.0 3.1562 0.0189 3.1562 0.9738 2.6327
9650 4825.0 3.1891 0.7625 3.1891 1.0323 2.6065
9660 4830.0 3.2023 1.3666 3.2023 0.9975 2.6372
9670 4835.0 3.1553 0.0139 3.1553 1.0022 2.5971
9680 4840.0 3.1634 0.0898 3.1634 1.0049 2.6031
9690 4845.0 3.2296 3.1702 3.2296 0.9905 2.6863
9700 4850.0 3.2061 1.5728 3.2061 1.0076 2.6920
9710 4855.0 3.0745 2.8475 3.0745 0.9770 2.6537
9720 4860.0 3.1121 0.7172 3.1121 1.0087 2.7180
9730 4865.0 3.2576 5.7885 3.2576 0.9792 2.7915
9740 4870.0 3.0783 2.5681 3.0783 1.0150 2.6706
9750 4875.0 3.0391 6.1452 3.0391 0.9705 2.5882
9760 4880.0 3.1590 0.0405 3.1590 1.0296 2.7336
9770 4885.0 3.1961 1.0629 3.1961 0.9580 2.8455
9780 4890.0 3.1681 0.1630 3.1681 1.0214 2.7669
9790 4895.0 3.1394 0.0567 3.1394 0.9630 2.6583
9800 4900.0 3.1605 0.0555 3.1605 1.0189 2.6516
9810 4905.0 3.1361 0.0962 3.1361 0.9556 2.6789
9820 4910.0 3.1405 0.0450 3.1405 1.0177 2.6638
9830 4915.0 3.1565 0.0213 3.1565 0.9697 2.6108
9840 4920.0 3.1802 0.4545 3.1802 1.0258 2.5940
9850 4925.0 3.1065 0.9446 3.1065 0.9765 2.5909
9860 4930.0 3.1192 0.4758 3.1192 0.9977 2.6266
9870 4935.0 3.2117 1.9013 3.2117 0.9888 2.6728
9880 4940.0 3.1523 0.0025 3.1523 1.0068 2.5888
9890 4945.0 3.0879 1.9311 3.0879 0.9753 2.5564
9900 4950.0 3.1786 0.4088 3.1786 0.9998 2.6387
9910 4955.0 3.2021 1.3555 3.2021 0.9738 2.6717
9920 4960.0 3.1221 0.3883 3.1221 0.9916 2.6198
9930 4965.0 3.1273 0.2583 3.1273 0.9824 2.6602
9940 4970.0 3.1832 0.5501 3.1832 1.0040 2.7308
9950 4975.0 3.1588 0.0390 3.1588 0.9928 2.7003
9960 4980.0 3.1209 0.4224 3.1209 0.9885 2.6527
9970 4985.0 3.1888 0.7533 3.1888 1.0061 2.7178
9980 4990.0 3.1635 0.0905 3.1635 0.9932 2.6869
9990 4995.0 3.1222 0.3874 3.1222 0.9905 2.6034
10000 5000.0 3.1715 0.2306 3.1715 1.0034 2.6107
10010 5005.0 3.1760 0.3372 3.1760 1.0006 2.6378
10020 5010.0 3.1289 0.2224 3.1289 0.9990 2.6233
10030 5015.0 3.1468 0.0052 3.1468 1.0135 2.6327
10040 5020.0 3.2223 2.6107 3.2223 0.9903 2.6540
10050 5025.0 3.1697 0.1945 3.1697 1.0315 2.5636
10060 5030.0 3.1106 0.7743 3.1106 0.9838 2.4941
10070 5035.0 3.1549 0.0121 3.1549 0.9967 2.5176
10080 5040.0 3.1974 1.1245 3.1974 1.0132 2.5776
10090 5045.0 3.1468 0.0051 3.1468 0.9835 2.4899
10100 5050.0 3.1103 0.7898 3.1103 1.0088 2.4480
10110 5055.0 3.1663 0.1335 3.1663 0.9940 2.5309
10120 5060.0 3.1931 0.9284 3.1931 1.0041 2.5651
10130 5065.0 3.1407 0.0434 3.1407 0.9888 2.5129
10140 5070.0 3.1477 0.0027 3.1477 1.0208 2.5208
10150 5075.0 3.2146 2.0882 3.2146 1.0152 2.6378
10160 5080.0 3.1769 0.3625 3.1769 0.9977 2.6126
10170 5085.0 3.1004 1.2313 3.1004 1.0091 2.4829
10180 5090.0 3.1662 0.1309 3.1662 0.9886 2.4911
10190 5095.0 3.2190 2.3773 3.2190 1.0339 2.5406
10200 5100.0 3.1429 0.0253 3.1429 1.0204 2.5311
10210 5105.0 3.0991 1.2975 3.0991 0.9956 2.5142
10220 5110.0 3.1865 0.6675 3.1865 1.0215 2.5489
10230 5115.0 3.2245 2.7734 3.2245 0.9835 2.6453
10240 5120.0 3.1456 0.0097 3.1456 1.0406 2.6781
10250 5125.0 3.0769 2.6739 3.0769 0.9681 2.7306
10260 5130.0 3.2048 1.5033 3.2048 1.0449 2.8217
10270 5135.0 3.2047 1.4963 3.2047 0.9474 2.8165
10280 5140.0 3.0688 3.2991 3.0688 1.0537 2.7488
10290 5145.0 3.1645 0.1045 3.1645 0.9380 2.7589
10300 5150.0 3.1979 1.1487 3.1979 1.0521 2.8027
10310 5155.0 3.0846 2.1357 3.0846 0.9557 2.7567
10320 5160.0 3.0562 4.4037 3.0562 1.0227 2.7160
10330 5165.0 3.2478 4.7778 3.2478 0.9657 2.8525
10340 5170.0 3.2564 5.6615 3.2564 1.0381 2.7932
10350 5175.0 3.1488 0.0007 3.1488 0.9676 2.6007
10360 5180.0 3.0865 2.0188 3.0865 1.0159 2.5235
10370 5185.0 3.2390 3.9619 3.2390 0.9574 2.6510
10380 5190.0 3.2747 7.7689 3.2747 1.0468 2.7582
10390 5195.0 3.2456 4.5680 3.2456 0.9595 2.6964
10400 5200.0 3.1225 0.3771 3.1225 1.0341 2.6389
10410 5205.0 3.1604 0.0542 3.1604 0.9470 2.6418
10420 5210.0 3.1350 0.1132 3.1350 1.0496 2.7339
10430 5215.0 3.2733 7.6018 3.2733 0.9864 2.8714
10440 5220.0 3.1747 0.3053 3.1747 1.0358 2.8670
10450 5225.0 3.1279 0.2435 3.1279 0.9900 2.8404
10460 5230.0 3.2499 4.9901 3.2499 1.0581 2.6819
10470 5235.0 3.0604 4.0151 3.0604 1.0347 2.5154
10480 5240.0 3.1614 0.0653 3.1614 0.9758 2.5625
10490 5245.0 3.2041 1.4638 3.2041 1.0626 2.6523
10500 5250.0 3.1172 0.5367 3.1172 0.9383 2.8198
10510 5255.0 3.1426 0.0276 3.1426 1.0588 2.8493
10520 5260.0 3.1468 0.0051 3.1468 0.9550 2.7064
10530 5265.0 3.0045 10.5788 3.0045 1.0395 2.6167
10540 5270.0 3.2325 3.4047 3.2325 0.9668 2.8386
10550 5275.0 3.1204 0.4371 3.1204 1.0258 2.9302
10560 5280.0 3.2100 1.8015 3.2100 0.9600 2.7455
10570 5285.0 3.2217 2.5715 3.2217 1.0514 2.6503
10580 5290.0 3.0846 2.1399 3.0846 0.9350 2.8541
10590 5295.0 3.0887 1.8808 3.0887 1.0179 2.9221
10600 5300.0 3.2358 3.6830 3.2358 0.9694 2.7186
10610 5305.0 3.0440 5.6230 3.0440 1.0368 2.4645
10620 5310.0 3.0853 2.0927 3.0853 0.9505 2.5139
10630 5315.0 3.2352 3.6277 3.2352 1.0848 2.6472
10640 5320.0 3.1274 0.2553 3.1274 0.9633 2.8036
10650 5325.0 3.0311 7.0712 3.0311 1.0218 2.8392
10660 5330.0 3.2495 4.9466 3.2495 1.0001 2.6344
10670 5335.0 3.0739 2.8970 3.0739 1.0254 2.4736
10680 5340.0 3.1010 1.2020 3.1010 0.9737 2.5468
10690 5345.0 3.2369 3.7799 3.2369 1.1116 2.6714
10700 5350.0 3.1955 1.0330 3.1955 0.9445 2.7589
10710 5355.0 3.0330 6.8433 3.0330 1.0889 2.6401
10720 5360.0 3.1654 0.1181 3.1654 1.0213 2.7399
10730 5365.0 3.2322 3.3773 3.2322 1.0002 2.8018
10740 5370.0 3.1047 1.0258 3.1047 1.0869 2.7625
10750 5375.0 3.1749 0.3105 3.1749 0.9421 2.7053
10760 5380.0 3.1676 0.1543 3.1676 1.1001 2.7724
10770 5385.0 3.2601 6.0555 3.2601 0.9495 2.7415
10780 5390.0 3.0982 1.3399 3.0982 1.0645 2.6641
10790 5395.0 3.1353 0.1084 3.1353 0.9312 2.6208
10800 5400.0 3.1968 1.0936 3.1968 1.0687 2.7904
10810 5405.0 3.2429 4.3167 3.2429 0.9554 2.7693
10820 5410.0 3.0992 1.2922 3.0992 1.0492 2.7326
10830 5415.0 3.1371 0.0834 3.1371 0.9452 2.7300
10840 5420.0 3.1783 0.4002 3.1783 1.0483 2.6771
10850 5425.0 3.2592 5.9595 3.2592 0.9450 2.6582
10860 5430.0 3.1109 0.7628 3.1109 1.0785 2.7249
10870 5435.0 3.1919 0.8768 3.1919 0.9405 2.7207
10880 5440.0 3.2201 2.4602 3.2201 1.0819 2.7627
10890 5445.0 3.2018 1.3411 3.2018 1.0018 2.8734
10900 5450.0 3.1134 0.6684 3.1134 1.0033 2.9633
10910 5455.0 3.1791 0.4245 3.1791 1.0226 2.9375
10920 5460.0 3.1962 1.0675 3.1962 1.0151 2.8475
10930 5465.0 3.0363 6.4594 3.0363 1.0614 2.7594
10940 5470.0 3.1776 0.3817 3.1776 0.9754 2.8058
10950 5475.0 3.1704 0.2079 3.1704 1.0701 2.8247
10960 5480.0 3.0619 3.8823 3.0619 0.9919 2.7560
10970 5485.0 3.1129 0.6882 3.1129 1.0128 2.7793
10980 5490.0 3.2104 1.8236 3.2104 1.0530 2.7521
10990 5495.0 3.1209 0.4231 3.1209 0.9685 2.5008
11000 5500.0 3.0417 5.8614 3.0417 1.0088 2.3490
11010 5505.0 3.1739 0.2862 3.1739 0.9758 2.4593
11020 5510.0 3.1628 0.0814 3.1628 1.0096 2.5560
11030 5515.0 3.1180 0.5131 3.1180 0.9997 2.7037
11040 5520.0 3.2384 3.9082 3.2384 0.9975 2.6655
11050 5525.0 3.1145 0.6314 3.1145 0.9849 2.7114
11060 5530.0 3.1361 0.0968 3.1361 0.9651 2.6619
11070 5535.0 3.2513 5.1299 3.2513 1.0237 2.5976
11080 5540.0 3.2240 2.7390 3.2240 0.9717 2.7139
11090 5545.0 3.0889 1.8673 3.0889 1.0120 2.6614
11100 5550.0 3.1922 0.8919 3.1922 0.9418 2.7416
11110 5555.0 3.2605 6.1085 3.2605 1.0391 2.8388
11120 5560.0 3.1152 0.6041 3.1152 0.9476 2.6980
11130 5565.0 3.0358 6.5204 3.0358 1.0658 2.5659
11140 5570.0 3.1945 0.9892 3.1945 0.9378 2.6430
11150 5575.0 3.2373 3.8102 3.2373 1.0138 2.6827
11160 5580.0 3.0680 3.3623 3.0680 0.9889 2.6418
11170 5585.0 3.1381 0.0707 3.1381 1.0066 2.7169
11180 5590.0 3.2558 5.5972 3.2558 0.9746 2.8038
11190 5595.0 3.1249 0.3158 3.1249 0.9856 2.7468
11200 5600.0 3.0415 5.8852 3.0415 0.9931 2.8121
11210 5605.0 3.1930 0.9260 3.1930 0.9902 2.8836
11220 5610.0 3.2226 2.6380 3.2226 0.9829 2.8898
11230 5615.0 3.0677 3.3877 3.0677 0.9981 2.7391
11240 5620.0 3.0421 5.8199 3.0421 0.9705 2.6591
11250 5625.0 3.1855 0.6286 3.1855 0.9978 2.7258
11260 5630.0 3.2233 2.6886 3.2233 0.9851 2.7403
11270 5635.0 3.0504 4.9591 3.0504 0.9901 2.5916
11280 5640.0 3.0596 4.0851 3.0596 0.9732 2.6275
11290 5645.0 3.2196 2.4229 3.2196 1.0103 2.7685
11300 5650.0 3.1737 0.2820 3.1737 0.9814 2.7097
11310 5655.0 3.1156 0.5929 3.1156 0.9992 2.6745
11320 5660.0 3.2227 2.6449 3.2227 1.0006 2.7378
11330 5665.0 3.2099 1.7956 3.2099 1.0387 2.6304
11340 5670.0 3.0812 2.3653 3.0812 0.9726 2.5260
11350 5675.0 3.0741 2.8783 3.0741 0.9902 2.5376
11360 5680.0 3.2264 2.9153 3.2264 1.0043 2.6434
11370 5685.0 3.2295 3.1588 3.2295 1.0107 2.6437
11380 5690.0 3.0701 3.1910 3.0701 0.9970 2.5685
11390 5695.0 3.1116 0.7382 3.1116 0.9739 2.6529
11400 5700.0 3.2528 5.2809 3.2528 1.0197 2.6914
11410 5705.0 3.2441 4.4301 3.2441 0.9800 2.6556
11420 5710.0 3.0945 1.5401 3.0945 0.9984 2.5061
11430 5715.0 3.1023 1.1381 3.1023 0.9609 2.5076
11440 5720.0 3.2383 3.8975 3.2383 1.0340 2.6132
11450 5725.0 3.2015 1.3285 3.2015 0.9630 2.7494
11460 5730.0 3.0526 4.7479 3.0526 1.0099 2.8594
11470 5735.0 3.1819 0.5098 3.1819 0.9676 2.7993
11480 5740.0 3.2417 4.2030 3.2417 1.0421 2.7894
11490 5745.0 3.1616 0.0672 3.1616 0.9541 2.8019
11500 5750.0 3.0708 3.1339 3.0708 1.0010 2.8697
11510 5755.0 3.2074 1.6461 3.2074 0.9858 2.7738
11520 5760.0 3.2459 4.6019 3.2459 1.0334 2.6653
11530 5765.0 3.0881 1.9135 3.0881 0.9820 2.4892
11540 5770.0 3.0510 4.9024 3.0510 0.9880 2.4727
11550 5775.0 3.2158 2.1672 3.2158 1.0168 2.6998
11560 5780.0 3.2053 1.5310 3.2053 0.9855 2.8104
11570 5785.0 3.1021 1.1464 3.1021 0.9821 2.7946
11580 5790.0 3.1811 0.4841 3.1811 0.9708 2.7949
11590 5795.0 3.1799 0.4462 3.1799 0.9950 2.6034
11600 5800.0 2.9928 12.3581 2.9928 0.9777 2.4570
11610 5805.0 3.1153 0.6032 3.1153 0.9873 2.5618
11620 5810.0 3.2389 3.9488 3.2389 0.9779 2.6524
11630 5815.0 3.0975 1.3767 3.0975 0.9955 2.5129
11640 5820.0 3.0323 6.9297 3.0323 0.9821 2.4682
11650 5825.0 3.1797 0.4406 3.1797 1.0062 2.5957
11660 5830.0 3.2038 1.4480 3.2038 0.9694 2.6646
11670 5835.0 3.0826 2.2682 3.0826 0.9909 2.5741
11680 5840.0 3.0894 1.8342 3.0894 0.9905 2.5385
11690 5845.0 3.1900 0.7982 3.1900 1.0009 2.6325
11700 5850.0 3.1510 0.0005 3.1510 0.9928 2.7229
11710 5855.0 3.0572 4.3032 3.0572 1.0015 2.7457
11720 5860.0 3.1224 0.3814 3.1224 0.9914 2.7659
11730 5865.0 3.2254 2.8409 3.2254 0.9961 2.8035
11740 5870.0 3.1784 0.4037 3.1784 1.0048 2.8358
11750 5875.0 3.0505 4.9475 3.0505 1.0058 2.8252
11760 5880.0 3.1153 0.6028 3.1153 0.9869 2.8536
11770 5885.0 3.2481 4.8109 3.2481 1.0068 2.8427
11780 5890.0 3.1734 0.2731 3.1734 1.0034 2.7898
11790 5895.0 3.1098 0.8062 3.1098 0.9812 2.7803
11800 5900.0 3.1431 0.0237 3.1431 0.9904 2.8059
11810 5905.0 3.2387 3.9368 3.2387 1.0016 2.8539
11820 5910.0 3.2017 1.3370 3.2017 0.9926 2.8261
11830 5915.0 3.1189 0.4828 3.1189 0.9911 2.8093
11840 5920.0 3.1736 0.2787 3.1736 0.9948 2.8521
11850 5925.0 3.2389 3.9546 3.2389 1.0072 2.7277
11860 5930.0 3.0862 2.0384 3.0862 0.9900 2.5700
11870 5935.0 3.0904 1.7735 3.0904 1.0023 2.5787
11880 5940.0 3.2376 3.8352 3.2376 0.9835 2.7179
11890 5945.0 3.1699 0.1972 3.1699 1.0000 2.6629
11900 5950.0 3.0582 4.2141 3.0582 0.9908 2.5653
11910 5955.0 3.1425 0.0282 3.1425 1.0006 2.6399
11920 5960.0 3.2350 3.6150 3.2350 0.9794 2.7670
11930 5965.0 3.1594 0.0442 3.1594 1.0084 2.7049
11940 5970.0 3.1113 0.7485 3.1113 0.9807 2.6042
11950 5975.0 3.1801 0.4522 3.1801 1.0065 2.5868
11960 5980.0 3.1696 0.1912 3.1696 0.9857 2.6177
11970 5985.0 3.1348 0.1158 3.1348 1.0217 2.6635
11980 5990.0 3.1445 0.0149 3.1445 0.9814 2.7041
11990 5995.0 3.1662 0.1319 3.1662 1.0464 2.7325
12000 6000.0 3.1328 0.1479 3.1328 0.9672 2.7679
12010 6005.0 3.1102 0.7934 3.1102 1.0494 2.7373
12020 6010.0 3.1318 0.1649 3.1318 0.9378 2.7297
12030 6015.0 3.1156 0.5924 3.1156 1.0499 2.7147
12040 6020.0 3.1425 0.0285 3.1425 0.9413 2.7798
12050 6025.0 3.1296 0.2085 3.1296 1.0365 2.7569
12060 6030.0 3.0960 1.4591 3.0960 0.9475 2.7703
12070 6035.0 3.1122 0.7133 3.1122 1.0509 2.7920
12080 6040.0 3.1476 0.0029 3.1476 0.9665 2.7665
12090 6045.0 3.1423 0.0295 3.1423 1.0325 2.7378
12100 6050.0 3.0801 2.4424 3.0801 1.0120 2.8182
12110 6055.0 3.1023 1.1372 3.1023 0.9832 2.8238
12120 6060.0 3.1753 0.3190 3.1753 1.0287 2.7699
12130 6065.0 3.1699 0.1977 3.1699 0.9647 2.8456
12140 6070.0 3.1032 1.0954 3.1032 1.0109 2.7669
12150 6075.0 3.0789 2.5310 3.0789 0.9789 2.7101
12160 6080.0 3.1542 0.0087 3.1542 1.0000 2.6895
12170 6085.0 3.1994 1.2199 3.1994 0.9876 2.6861
12180 6090.0 3.1553 0.0139 3.1553 0.9963 2.6412
12190 6095.0 3.0571 4.3107 3.0571 1.0051 2.5728
12200 6100.0 3.1583 0.0345 3.1583 0.9780 2.6687
12210 6105.0 3.2436 4.3770 3.2436 0.9966 2.7308
12220 6110.0 3.0847 2.1310 3.0847 0.9821 2.6858
12230 6115.0 3.0408 5.9647 3.0408 1.0090 2.7721
12240 6120.0 3.1833 0.5549 3.1833 0.9793 2.9243
12250 6125.0 3.2213 2.5398 3.2213 0.9989 2.9325
12260 6130.0 3.0664 3.4941 3.0664 1.0027 2.8046
12270 6135.0 3.0525 4.7531 3.0525 0.9802 2.7268
12280 6140.0 3.2003 1.2666 3.2003 1.0080 2.8180
12290 6145.0 3.2148 2.0999 3.2148 0.9769 2.8395
12300 6150.0 3.0730 2.9612 3.0730 1.0077 2.6321
12310 6155.0 3.0436 5.6608 3.0436 0.9758 2.6087
12320 6160.0 3.1922 0.8894 3.1922 1.0207 2.7608
12330 6165.0 3.2289 3.1135 3.2289 0.9476 2.7738
12340 6170.0 3.1220 0.3913 3.1220 1.0410 2.6809
12350 6175.0 3.0542 4.5895 3.0542 0.9463 2.6962
12360 6180.0 3.1992 1.2109 3.1992 1.0459 2.7525
12370 6185.0 3.2117 1.9010 3.2117 0.9444 2.8005
12380 6190.0 3.0821 2.3040 3.0821 1.0508 2.7603
12390 6195.0 3.0566 4.3580 3.0566 0.9638 2.7058
12400 6200.0 3.2000 1.2511 3.2000 1.0306 2.7970
12410 6205.0 3.1742 0.2927 3.1742 0.9983 2.7880
12420 6210.0 3.0433 5.6878 3.0433 1.0132 2.6253
12430 6215.0 3.1296 0.2087 3.1296 1.0086 2.6046
12440 6220.0 3.2055 1.5393 3.2055 0.9935 2.6425
12450 6225.0 3.1395 0.0549 3.1395 1.0227 2.5852
12460 6230.0 3.0887 1.8798 3.0887 0.9765 2.4972
12470 6235.0 3.1583 0.0342 3.1583 1.0088 2.5048
12480 6240.0 3.1878 0.7155 3.1878 0.9907 2.6273
12490 6245.0 3.0783 2.5703 3.0783 1.0339 2.7221
12500 6250.0 3.1367 0.0885 3.1367 0.9692 2.6622
12510 6255.0 3.2162 2.1912 3.2162 1.0407 2.6312
12520 6260.0 3.0844 2.1548 3.0844 0.9642 2.7014
12530 6265.0 3.1097 0.8127 3.1097 1.0737 2.6571
12540 6270.0 3.2241 2.7471 3.2241 0.9343 2.5506
12550 6275.0 3.1927 0.9116 3.1927 1.0971 2.4962
12560 6280.0 3.1239 0.3396 3.1239 0.9258 2.5179
12570 6285.0 3.0860 2.0498 3.0860 1.0731 2.5794
12580 6290.0 3.2256 2.8611 3.2256 0.9555 2.7111
12590 6295.0 3.0540 4.6082 3.0540 1.0493 2.8946
12600 6300.0 3.1307 0.1864 3.1307 0.9525 2.8649
12610 6305.0 3.1910 0.8412 3.1910 1.0491 2.7446
12620 6310.0 3.1051 1.0072 3.1051 0.9671 2.5440
12630 6315.0 3.1232 0.3598 3.1232 1.0470 2.4243
12640 6320.0 3.1726 0.2551 3.1726 0.9553 2.5017
12650 6325.0 3.1626 0.0791 3.1626 1.0323 2.5765
12660 6330.0 3.1657 0.1228 3.1657 0.9387 2.6132
12670 6335.0 3.1655 0.1203 3.1655 1.0331 2.6077
12680 6340.0 3.1502 0.0000 3.1502 0.9484 2.6573
12690 6345.0 3.1613 0.0642 3.1613 1.0355 2.7712
12700 6350.0 3.1986 1.1829 3.1986 0.9389 2.7783
12710 6355.0 3.1548 0.0113 3.1548 1.0358 2.7641
12720 6360.0 3.1338 0.1306 3.1338 0.9580 2.6771
12730 6365.0 3.1454 0.0108 3.1454 1.0045 2.6744
12740 6370.0 3.1552 0.0136 3.1552 0.9667 2.7216
12750 6375.0 3.1694 0.1873 3.1694 1.0015 2.7153
12760 6380.0 3.1499 0.0000 3.1499 0.9795 2.6471
12770 6385.0 3.1165 0.5602 3.1165 0.9899 2.6394
12780 6390.0 3.1193 0.4711 3.1193 0.9836 2.7533
12790 6395.0 3.1640 0.0978 3.1640 0.9871 2.7487
12800 6400.0 3.1745 0.3009 3.1745 0.9938 2.7533
12810 6405.0 3.1393 0.0573 3.1393 0.9857 2.7381
12820 6410.0 3.1568 0.0231 3.1568 1.0036 2.7572
12830 6415.0 3.1630 0.0847 3.1630 0.9619 2.7605
12840 6420.0 3.1273 0.2571 3.1273 1.0137 2.7614
12850 6425.0 3.1457 0.0091 3.1457 0.9650 2.7143
12860 6430.0 3.1669 0.1434 3.1669 1.0084 2.7177
12870 6435.0 3.1318 0.1656 3.1318 0.9679 2.7192
12880 6440.0 3.0800 2.4481 3.0800 1.0081 2.6653
12890 6445.0 3.1513 0.0009 3.1513 0.9743 2.7151
12900 6450.0 3.1750 0.3135 3.1750 1.0196 2.7534
12910 6455.0 3.1137 0.6603 3.1137 0.9775 2.6623
12920 6460.0 3.1276 0.2506 3.1276 0.9869 2.6551
12930 6465.0 3.1830 0.5429 3.1830 0.9922 2.7496
12940 6470.0 3.1707 0.2146 3.1707 0.9789 2.7311
12950 6475.0 3.1483 0.0014 3.1483 1.0086 2.6669
12960 6480.0 3.1236 0.3486 3.1236 0.9712 2.6434
12970 6485.0 3.1487 0.0008 3.1487 1.0158 2.6449
12980 6490.0 3.1626 0.0795 3.1626 0.9633 2.6790
12990 6495.0 3.1549 0.0119 3.1549 1.0316 2.7177
13000 6500.0 3.0753 2.7874 3.0753 0.9597 2.7578
13010 6505.0 3.1296 0.2073 3.1296 1.0326 2.7958
13020 6510.0 3.1909 0.8374 3.1909 0.9585 2.7993
13030 6515.0 3.1365 0.0907 3.1365 1.0189 2.8165
13040 6520.0 3.0732 2.9480 3.0732 0.9585 2.8433
13050 6525.0 3.1830 0.5434 3.1830 1.0190 2.7585
13060 6530.0 3.1853 0.6241 3.1853 0.9571 2.7530
13070 6535.0 3.0867 2.0035 3.0867 1.0366 2.7499
13080 6540.0 3.1257 0.2942 3.1257 0.9452 2.7218
13090 6545.0 3.2082 1.6964 3.2082 1.0230 2.5935
13100 6550.0 3.1181 0.5101 3.1181 0.9509 2.6652
13110 6555.0 3.0711 3.1110 3.0711 1.0222 2.5865
13120 6560.0 3.1976 1.1352 3.1976 0.9678 2.6028
13130 6565.0 3.2282 3.0586 3.2282 1.0069 2.5481
13140 6570.0 3.0808 2.3930 3.0808 0.9786 2.6925
13150 6575.0 3.0670 3.4443 3.0670 0.9992 2.7322
13160 6580.0 3.1646 0.1068 3.1646 0.9753 2.7234
13170 6585.0 3.1585 0.0360 3.1585 0.9961 2.7526
13180 6590.0 3.0925 1.6549 3.0925 0.9936 2.8077
13190 6595.0 3.0997 1.2630 3.0997 0.9899 2.7824
13200 6600.0 3.1844 0.5933 3.1844 0.9905 2.7974
13210 6605.0 3.1645 0.1052 3.1645 0.9875 2.7446
13220 6610.0 3.0898 1.8119 3.0898 0.9827 2.6823
13230 6615.0 3.1137 0.6572 3.1137 0.9890 2.6784
13240 6620.0 3.2302 3.2127 3.2302 0.9816 2.7348
13250 6625.0 3.1587 0.0376 3.1587 0.9918 2.6347
13260 6630.0 3.0757 2.7592 3.0757 0.9887 2.5615
13270 6635.0 3.1655 0.1198 3.1655 0.9821 2.6531
13280 6640.0 3.2193 2.4032 3.2193 0.9812 2.7521
13290 6645.0 3.1116 0.7356 3.1116 0.9886 2.7043
13300 6650.0 3.0722 3.0278 3.0722 0.9748 2.7252
13310 6655.0 3.2017 1.3371 3.2017 1.0066 2.8931
13320 6660.0 3.2115 1.8926 3.2115 0.9628 2.8801
13330 6665.0 3.0855 2.0778 3.0855 1.0139 2.7829
13340 6670.0 3.0500 4.9961 3.0500 0.9587 2.7894
13350 6675.0 3.2005 1.2743 3.2005 1.0284 2.8630
13360 6680.0 3.2165 2.2139 3.2165 0.9400 2.8926
13370 6685.0 3.0862 2.0367 3.0862 1.0426 2.7425
13380 6690.0 3.0948 1.5222 3.0948 0.9567 2.6484
13390 6695.0 3.1944 0.9878 3.1944 1.0402 2.6853
13400 6700.0 3.1360 0.0985 3.1360 0.9432 2.7223
13410 6705.0 3.1165 0.5622 3.1165 1.0241 2.7054
13420 6710.0 3.1215 0.4057 3.1215 0.9688 2.6528
13430 6715.0 3.1423 0.0296 3.1423 1.0054 2.6608
13440 6720.0 3.1290 0.2208 3.1290 0.9926 2.7540
13450 6725.0 3.1500 0.0000 3.1500 0.9807 2.8197
13460 6730.0 3.1643 0.1016 3.1643 1.0061 2.8205
13470 6735.0 3.1248 0.3186 3.1248 0.9609 2.7564
13480 6740.0 3.1162 0.5715 3.1162 1.0371 2.7710
13490 6745.0 3.1200 0.4514 3.1200 0.9373 2.7058
13500 6750.0 3.1358 0.1012 3.1358 1.0186 2.7289
13510 6755.0 3.1361 0.0970 3.1361 0.9435 2.7520
13520 6760.0 3.1707 0.2140 3.1707 1.0423 2.6802
13530 6765.0 3.1684 0.1689 3.1684 0.9347 2.7042
13540 6770.0 3.0912 1.7288 3.0912 1.0066 2.5979
13550 6775.0 3.0687 3.3064 3.0687 0.9603 2.5175
13560 6780.0 3.1627 0.0810 3.1627 0.9955 2.4831
13570 6785.0 3.2286 3.0907 3.2286 0.9878 2.4671
13580 6790.0 3.1707 0.2135 3.1707 0.9878 2.4265
13590 6795.0 3.0981 1.3489 3.0981 1.0036 2.4373
13600 6800.0 3.1404 0.0459 3.1404 0.9665 2.5627
13610 6805.0 3.1277 0.2482 3.1277 1.0050 2.5905
13620 6810.0 3.1346 0.1192 3.1346 0.9708 2.6283
13630 6815.0 3.2200 2.4474 3.2200 1.0083 2.6979
13640 6820.0 3.2132 1.9982 3.2132 0.9697 2.7361
13650 6825.0 3.0943 1.5514 3.0943 0.9954 2.7988
13660 6830.0 3.1653 0.1171 3.1653 0.9763 2.7746
13670 6835.0 3.2049 1.5096 3.2049 0.9994 2.6876
13680 6840.0 3.1104 0.7832 3.1104 0.9639 2.7629
13690 6845.0 3.1189 0.4839 3.1189 0.9873 2.7421
13700 6850.0 3.2330 3.4407 3.2330 0.9955 2.6079
13710 6855.0 3.0709 3.1323 3.0709 0.9833 2.4995
13720 6860.0 3.0662 3.5088 3.0662 0.9832 2.4811
13730 6865.0 3.2081 1.6876 3.2081 0.9841 2.5599
13740 6870.0 3.2189 2.3707 3.2189 0.9749 2.5721
13750 6875.0 3.0826 2.2691 3.0826 1.0018 2.5147
13760 6880.0 3.0868 1.9980 3.0868 0.9680 2.6151
13770 6885.0 3.2271 2.9720 3.2271 1.0291 2.7687
13780 6890.0 3.1711 0.2222 3.1711 0.9546 2.7820
13790 6895.0 3.0635 3.7435 3.0635 1.0628 2.6876
13800 6900.0 3.0809 2.3884 3.0809 0.9450 2.7111
13810 6905.0 3.2208 2.5089 3.2208 1.0574 2.7992
13820 6910.0 3.1053 0.9992 3.1053 0.9405 2.7057
13830 6915.0 3.0559 4.4319 3.0559 1.0500 2.6012
13840 6920.0 3.1496 0.0001 3.1496 0.9492 2.6286
13850 6925.0 3.2254 2.8397 3.2254 1.0100 2.6218
13860 6930.0 3.1135 0.6650 3.1135 0.9615 2.5367
13870 6935.0 3.0656 3.5576 3.0656 1.0254 2.4927
13880 6940.0 3.1671 0.1464 3.1671 0.9508 2.6361
13890 6945.0 3.1723 0.2495 3.1723 1.0045 2.6819
13900 6950.0 3.0365 6.4449 3.0365 0.9810 2.6510
13910 6955.0 3.1095 0.8199 3.1095 0.9845 2.7839
13920 6960.0 3.2178 2.2995 3.2178 0.9898 2.8850
13930 6965.0 3.1013 1.1877 3.1013 0.9792 2.7986
13940 6970.0 3.0487 5.1325 3.0487 0.9788 2.7169
13950 6975.0 3.1665 0.1354 3.1665 0.9622 2.7642
13960 6980.0 3.1937 0.9547 3.1937 0.9999 2.8167
13970 6985.0 3.1222 0.3863 3.1222 0.9661 2.8004
13980 6990.0 3.1491 0.0004 3.1491 1.0115 2.7498
13990 6995.0 3.2260 2.8845 3.2260 0.9439 2.7992
14000 7000.0 3.1225 0.3782 3.1225 1.0467 2.6604
14010 7005.0 3.0271 7.5507 3.0271 0.9384 2.5241
14020 7010.0 3.1589 0.0394 3.1589 1.0318 2.5208
14030 7015.0 3.2087 1.7213 3.2087 0.9489 2.6842
14040 7020.0 3.0473 5.2777 3.0473 1.0223 2.7491
14050 7025.0 3.1627 0.0805 3.1627 0.9616 2.7254
14060 7030.0 3.2322 3.3746 3.2322 1.0256 2.6771
14070 7035.0 3.0648 3.6259 3.0648 0.9666 2.6448
14080 7040.0 3.0815 2.3484 3.0815 0.9964 2.6124
14090 7045.0 3.2241 2.7486 3.2241 0.9791 2.6688
14100 7050.0 3.1784 0.4033 3.1784 1.0010 2.6506
14110 7055.0 3.0714 3.0896 3.0714 0.9825 2.6476
14120 7060.0 3.1262 0.2842 3.1262 0.9921 2.7136
14130 7065.0 3.2124 1.9457 3.2124 1.0079 2.7675
14140 7070.0 3.1388 0.0624 3.1388 0.9816 2.7518
14150 7075.0 3.0839 2.1857 3.0839 0.9819 2.7221
14160 7080.0 3.1842 0.5862 3.1842 0.9963 2.7650
14170 7085.0 3.1885 0.7405 3.1885 0.9713 2.7683
14180 7090.0 3.0830 2.2419 3.0830 1.0045 2.6970
14190 7095.0 3.1174 0.5321 3.1174 0.9588 2.7159
14200 7100.0 3.1952 1.0196 3.1952 1.0153 2.7212
14210 7105.0 3.1920 0.8826 3.1920 0.9489 2.6655
14220 7110.0 3.1124 0.7077 3.1124 1.0300 2.5162
14230 7115.0 3.1231 0.3624 3.1231 0.9527 2.4423
14240 7120.0 3.1687 0.1741 3.1687 1.0292 2.4269
14250 7125.0 3.2043 1.4761 3.2043 0.9510 2.4934
14260 7130.0 3.1434 0.0221 3.1434 1.0259 2.4618
14270 7135.0 3.1182 0.5049 3.1182 0.9538 2.4138
14280 7140.0 3.1158 0.5840 3.1158 1.0301 2.4604
14290 7145.0 3.1883 0.7345 3.1883 0.9655 2.6888
14300 7150.0 3.1332 0.1407 3.1332 1.0181 2.6428
14310 7155.0 3.0983 1.3359 3.0983 0.9682 2.6431
14320 7160.0 3.1484 0.0012 3.1484 1.0368 2.7549
14330 7165.0 3.1546 0.0106 3.1546 0.9724 2.7739
14340 7170.0 3.0999 1.2541 3.0999 1.0485 2.7451
14350 7175.0 3.1259 0.2893 3.1259 0.9607 2.7231
14360 7180.0 3.1797 0.4408 3.1797 1.0420 2.6462
14370 7185.0 3.1566 0.0221 3.1566 0.9487 2.6082
14380 7190.0 3.1293 0.2143 3.1293 1.0374 2.6010
14390 7195.0 3.1474 0.0034 3.1474 0.9502 2.7153
14400 7200.0 3.1475 0.0030 3.1475 1.0232 2.7164
14410 7205.0 3.1419 0.0330 3.1419 0.9629 2.7052
14420 7210.0 3.1382 0.0699 3.1382 1.0223 2.7397
14430 7215.0 3.1583 0.0347 3.1583 0.9856 2.6980
14440 7220.0 3.1733 0.2711 3.1733 1.0055 2.6044
14450 7225.0 3.1512 0.0007 3.1512 0.9919 2.6002
14460 7230.0 3.1011 1.1963 3.1011 1.0224 2.6226
14470 7235.0 3.1303 0.1931 3.1303 0.9742 2.6771
14480 7240.0 3.1838 0.5720 3.1838 1.0260 2.7252
14490 7245.0 3.1612 0.0624 3.1612 0.9769 2.7749
14500 7250.0 3.1205 0.4359 3.1205 1.0256 2.5984
14510 7255.0 3.1675 0.1539 3.1675 0.9725 2.6027
14520 7260.0 3.2024 1.3735 3.2024 1.0124 2.6166
14530 7265.0 3.0941 1.5613 3.0941 0.9472 2.5765
14540 7270.0 3.1102 0.7909 3.1102 1.0192 2.5593
14550 7275.0 3.1990 1.1981 3.1990 0.9554 2.6527
14560 7280.0 3.1990 1.2008 3.1990 1.0186 2.6822
14570 7285.0 3.0972 1.3916 3.0972 0.9470 2.6893
14580 7290.0 3.0936 1.5890 3.0936 1.0203 2.6757
14590 7295.0 3.1721 0.2433 3.1721 0.9588 2.7220
14600 7300.0 3.1786 0.4093 3.1786 1.0093 2.6709
14610 7305.0 3.1058 0.9767 3.1058 0.9727 2.5745
14620 7310.0 3.1222 0.3870 3.1222 1.0045 2.5557
14630 7315.0 3.1893 0.7711 3.1893 0.9758 2.5816
14640 7320.0 3.1945 0.9907 3.1945 1.0025 2.5449
14650 7325.0 3.1350 0.1119 3.1350 0.9927 2.5196
14660 7330.0 3.1527 0.0038 3.1527 1.0176 2.6300
14670 7335.0 3.2037 1.4438 3.2037 0.9842 2.5906
14680 7340.0 3.1186 0.4915 3.1186 0.9950 2.4596
14690 7345.0 3.0976 1.3751 3.0976 0.9927 2.3773
14700 7350.0 3.2263 2.9118 3.2263 0.9713 2.4015
14710 7355.0 3.1942 0.9788 3.1942 1.0082 2.3400
14720 7360.0 3.0445 5.5682 3.0445 0.9707 2.3046
14730 7365.0 3.0915 1.7127 3.0915 1.0070 2.4067
14740 7370.0 3.2847 9.0688 3.2847 0.9832 2.6161
14750 7375.0 3.1370 0.0842 3.1370 0.9969 2.8056
14760 7380.0 3.0714 3.0862 3.0714 0.9928 2.7977
14770 7385.0 3.2380 3.8742 3.2380 1.0142 2.7196
14780 7390.0 3.2250 2.8127 3.2250 0.9892 2.7429
14790 7395.0 3.0788 2.5379 3.0788 1.0196 2.7381
14800 7400.0 3.1309 0.1827 3.1309 1.0084 2.7619
14810 7405.0 3.2798 8.4244 3.2798 0.9997 2.6439
14820 7410.0 3.1905 0.8214 3.1905 1.0172 2.7173
14830 7415.0 3.0670 3.4466 3.0670 0.9935 2.6355
14840 7420.0 3.1532 0.0052 3.1532 1.0161 2.6696
14850 7425.0 3.2631 6.3970 3.2631 0.9805 2.7089
14860 7430.0 3.1407 0.0432 3.1407 1.0186 2.6646
14870 7435.0 3.1066 0.9422 3.1066 0.9673 2.6909
14880 7440.0 3.1662 0.1307 3.1662 1.0136 2.7235
14890 7445.0 3.1673 0.1493 3.1673 0.9770 2.7303
14900 7450.0 3.1154 0.6003 3.1154 1.0125 2.6800
14910 7455.0 3.1618 0.0700 3.1618 0.9745 2.7510
14920 7460.0 3.1678 0.1585 3.1678 1.0313 2.7453
14930 7465.0 3.1138 0.6537 3.1138 0.9609 2.8363
14940 7470.0 3.0907 1.7605 3.0907 1.0304 2.8151
14950 7475.0 3.1616 0.0674 3.1616 0.9552 2.8162
14960 7480.0 3.1696 0.1921 3.1696 1.0372 2.7760
14970 7485.0 3.0939 1.5714 3.0939 0.9545 2.8185
14980 7490.0 3.1197 0.4577 3.1197 1.0205 2.8268
14990 7495.0 3.2128 1.9720 3.2128 0.9840 2.7818
15000 7500.0 3.1564 0.0206 3.1564 1.0232 2.6492
15010 7505.0 3.1085 0.8603 3.1085 0.9650 2.6200
15020 7510.0 3.1943 0.9800 3.1943 1.0134 2.7383
15030 7515.0 3.1725 0.2532 3.1725 0.9752 2.7168
15040 7520.0 3.1210 0.4211 3.1210 1.0222 2.6597
15050 7525.0 3.1561 0.0184 3.1561 0.9727 2.6676
15060 7530.0 3.1884 0.7367 3.1884 1.0199 2.6040
15070 7535.0 3.1282 0.2382 3.1282 0.9678 2.5321
15080 7540.0 3.1310 0.1808 3.1310 0.9997 2.5839
15090 7545.0 3.1576 0.0287 3.1576 0.9813 2.6631
15100 7550.0 3.1103 0.7874 3.1103 0.9992 2.6331
15110 7555.0 3.1257 0.2963 3.1257 0.9798 2.6468
15120 7560.0 3.1972 1.1147 3.1972 1.0115 2.7072
15130 7565.0 3.1725 0.2540 3.1725 0.9761 2.6396
15140 7570.0 3.1064 0.9515 3.1064 1.0182 2.6168
15150 7575.0 3.1400 0.0499 3.1400 0.9819 2.6637
15160 7580.0 3.1824 0.5243 3.1824 1.0168 2.6328
15170 7585.0 3.1202 0.4450 3.1202 0.9960 2.5994
15180 7590.0 3.1365 0.0905 3.1365 1.0081 2.6152
15190 7595.0 3.2334 3.4765 3.2334 1.0017 2.6533
15200 7600.0 3.1455 0.0103 3.1455 0.9859 2.5875
15210 7605.0 3.0610 3.9563 3.0610 1.0029 2.5984
15220 7610.0 3.1837 0.5670 3.1837 0.9902 2.7388
15230 7615.0 3.1636 0.0920 3.1636 0.9856 2.8484
15240 7620.0 3.0717 3.0673 3.0717 0.9815 2.8547
15250 7625.0 3.2264 2.9203 3.2264 0.9955 2.7793
15260 7630.0 3.1462 0.0074 3.1462 1.0067 2.6956
15270 7635.0 3.0581 4.2274 3.0581 0.9770 2.5572
15280 7640.0 3.1276 0.2504 3.1276 1.0045 2.6052
15290 7645.0 3.1690 0.1806 3.1690 0.9774 2.7264
15300 7650.0 3.1619 0.0707 3.1619 1.0066 2.6573
15310 7655.0 3.1747 0.3055 3.1747 0.9850 2.6727
15320 7660.0 3.1765 0.3512 3.1765 1.0013 2.7460
15330 7665.0 3.1411 0.0392 3.1411 0.9809 2.7704
15340 7670.0 3.0604 4.0100 3.0604 1.0006 2.7317
15350 7675.0 3.1385 0.0663 3.1385 0.9986 2.7751
15360 7680.0 3.1656 0.1223 3.1656 0.9993 2.8394
15370 7685.0 3.0832 2.2315 3.0832 0.9800 2.7453
15380 7690.0 3.1289 0.2221 3.1289 0.9918 2.7777
15390 7695.0 3.2026 1.3843 3.2026 0.9835 2.8828
15400 7700.0 3.1101 0.7940 3.1101 0.9868 2.7501
15410 7705.0 3.0728 2.9793 3.0728 0.9920 2.7390
15420 7710.0 3.1740 0.2872 3.1740 0.9819 2.8184
15430 7715.0 3.1860 0.6473 3.1860 0.9946 2.7677
15440 7720.0 3.1102 0.7900 3.1102 1.0024 2.6496
15450 7725.0 3.1421 0.0315 3.1421 0.9860 2.7045
15460 7730.0 3.1900 0.7993 3.1900 1.0073 2.7467
15470 7735.0 3.1286 0.2299 3.1286 0.9831 2.6687
15480 7740.0 3.1227 0.3721 3.1227 1.0056 2.6825
15490 7745.0 3.1859 0.6430 3.1859 1.0030 2.7138
15500 7750.0 3.1857 0.6384 3.1857 0.9877 2.6648
15510 7755.0 3.1035 1.0806 3.1035 1.0174 2.5939
15520 7760.0 3.1289 0.2234 3.1289 0.9799 2.6798
15530 7765.0 3.1458 0.0088 3.1458 1.0335 2.6648
15540 7770.0 3.1225 0.3770 3.1225 0.9725 2.6141
15550 7775.0 3.1197 0.4598 3.1197 1.0346 2.5955
15560 7780.0 3.1249 0.3141 3.1249 0.9569 2.5796
15570 7785.0 3.1628 0.0822 3.1628 1.0233 2.5304
15580 7790.0 3.1383 0.0687 3.1383 0.9619 2.5098
15590 7795.0 3.1368 0.0869 3.1368 1.0287 2.5489
15600 7800.0 3.1687 0.1757 3.1687 0.9537 2.6324
15610 7805.0 3.1613 0.0642 3.1613 1.0203 2.6131
15620 7810.0 3.0966 1.4269 3.0966 0.9631 2.5591
15630 7815.0 3.1195 0.4653 3.1195 1.0076 2.6127
15640 7820.0 3.1732 0.2680 3.1732 0.9770 2.7283
15650 7825.0 3.1465 0.0060 3.1465 0.9847 2.7298
15660 7830.0 3.1255 0.3001 3.1255 0.9875 2.6971
15670 7835.0 3.1392 0.0588 3.1392 0.9903 2.7372
15680 7840.0 3.1599 0.0491 3.1599 0.9916 2.7869
15690 7845.0 3.1289 0.2226 3.1289 0.9899 2.7754
15700 7850.0 3.1289 0.2231 3.1289 0.9790 2.7619
15710 7855.0 3.1411 0.0392 3.1411 0.9899 2.7497
15720 7860.0 3.1464 0.0063 3.1464 0.9738 2.7397
15730 7865.0 3.1474 0.0033 3.1474 0.9978 2.7200
15740 7870.0 3.1441 0.0175 3.1441 0.9698 2.7140
15750 7875.0 3.1301 0.1981 3.1301 1.0031 2.7105
15760 7880.0 3.1740 0.2883 3.1740 0.9647 2.7859
15770 7885.0 3.1865 0.6656 3.1865 1.0148 2.8175
15780 7890.0 3.1153 0.6010 3.1153 0.9602 2.8114
15790 7895.0 3.1153 0.6025 3.1153 1.0109 2.7749
15800 7900.0 3.1936 0.9493 3.1936 0.9592 2.7536
15810 7905.0 3.1840 0.5766 3.1840 0.9946 2.6949
15820 7910.0 3.0677 3.3854 3.0677 0.9766 2.6411
15830 7915.0 3.1144 0.6336 3.1144 0.9805 2.7118
15840 7920.0 3.2233 2.6859 3.2233 0.9935 2.8036
15850 7925.0 3.1611 0.0614 3.1611 0.9792 2.8019
15860 7930.0 3.0646 3.6482 3.0646 1.0060 2.7226
15870 7935.0 3.1778 0.3874 3.1778 0.9819 2.7839
15880 7940.0 3.2164 2.2015 3.2164 1.0105 2.8463
15890 7945.0 3.1015 1.1741 3.1015 0.9730 2.7437
15900 7950.0 3.0972 1.3921 3.0972 1.0022 2.7616
15910 7955.0 3.2094 1.7644 3.2094 0.9817 2.8625
15920 7960.0 3.1554 0.0148 3.1554 1.0134 2.7823
15930 7965.0 3.0567 4.3490 3.0567 0.9649 2.7350
15940 7970.0 3.1139 0.6509 3.1139 1.0245 2.7924
15950 7975.0 3.2415 4.1900 3.2415 0.9924 2.8556
15960 7980.0 3.1475 0.0030 3.1475 1.0041 2.8272
15970 7985.0 3.0570 4.3208 3.0570 1.0210 2.7514
15980 7990.0 3.1354 0.1061 3.1354 0.9685 2.8265
15990 7995.0 3.1910 0.8408 3.1910 1.0686 2.8222
16000 8000.0 3.1660 0.1274 3.1660 0.9542 2.7541
16010 8005.0 3.1560 0.0178 3.1560 1.0454 2.7586
16020 8010.0 3.1076 0.8979 3.1076 0.9932 2.7646
16030 8015.0 3.0841 2.1704 3.0841 0.9976 2.6915
16040 8020.0 3.1418 0.0333 3.1418 0.9950 2.6611
16050 8025.0 3.1841 0.5804 3.1841 0.9983 2.7255
16060 8030.0 3.1320 0.1613 3.1320 1.0104 2.6676
16070 8035.0 3.0734 2.9311 3.0734 0.9745 2.6518
16080 8040.0 3.1491 0.0004 3.1491 0.9879 2.6564
16090 8045.0 3.2019 1.3458 3.2019 1.0004 2.6319
16100 8050.0 3.1444 0.0154 3.1444 0.9820 2.6195
16110 8055.0 3.1040 1.0577 3.1040 0.9948 2.6200
16120 8060.0 3.1699 0.1977 3.1699 0.9734 2.6385
16130 8065.0 3.1498 0.0000 3.1498 1.0085 2.5603
16140 8070.0 3.1805 0.4642 3.1805 0.9759 2.5883
16150 8075.0 3.1977 1.1383 3.1977 1.0093 2.6190
16160 8080.0 3.1153 0.6008 3.1153 0.9708 2.5820
16170 8085.0 3.0628 3.8050 3.0628 1.0029 2.5349
16180 8090.0 3.1678 0.1591 3.1678 0.9656 2.5886
16190 8095.0 3.1533 0.0056 3.1533 1.0099 2.5392
16200 8100.0 3.1076 0.8990 3.1076 0.9682 2.5320
16210 8105.0 3.1955 1.0371 3.1955 0.9995 2.6514
16220 8110.0 3.1329 0.1468 3.1329 0.9654 2.6512
16230 8115.0 3.0192 8.5528 3.0192 0.9981 2.5743
16240 8120.0 3.1260 0.2886 3.1260 0.9554 2.6365
16250 8125.0 3.1771 0.3662 3.1771 1.0138 2.6216
16260 8130.0 3.1576 0.0291 3.1576 0.9608 2.6081
16270 8135.0 3.1370 0.0842 3.1370 1.0316 2.5922
16280 8140.0 3.2329 3.4399 3.2329 0.9576 2.6989
16290 8145.0 3.1648 0.1093 3.1648 1.0340 2.6585
16300 8150.0 3.0952 1.5026 3.0952 0.9498 2.6112
16310 8155.0 3.1178 0.5192 3.1178 1.0255 2.5879
16320 8160.0 3.1685 0.1706 3.1685 0.9616 2.5997
16330 8165.0 3.0862 2.0344 3.0862 1.0191 2.5264
16340 8170.0 3.1421 0.0315 3.1421 0.9885 2.6120
16350 8175.0 3.2285 3.0779 3.2285 1.0111 2.6942
16360 8180.0 3.1356 0.1043 3.1356 0.9949 2.6364
16370 8185.0 3.1110 0.7609 3.1110 1.0101 2.6412
16380 8190.0 3.1474 0.0035 3.1474 0.9943 2.6566
16390 8195.0 3.1295 0.2101 3.1295 1.0153 2.5296
16400 8200.0 3.0868 1.9964 3.0868 0.9892 2.3790
16410 8205.0 3.1366 0.0893 3.1366 0.9915 2.3795
16420 8210.0 3.1400 0.0500 3.1400 1.0179 2.4712
16430 8215.0 3.1147 0.6246 3.1147 1.0441 2.5898
16440 8220.0 3.1976 1.1341 3.1976 0.9841 2.7802
16450 8225.0 3.1765 0.3501 3.1765 1.0385 2.7244
16460 8230.0 3.1525 0.0032 3.1525 0.9638 2.7577
16470 8235.0 3.1229 0.3681 3.1229 1.0556 2.7326
16480 8240.0 3.1740 0.2877 3.1740 0.9807 2.6432
16490 8245.0 3.1587 0.0378 3.1587 1.0462 2.5499
16500 8250.0 3.1115 0.7429 3.1115 0.9600 2.5459
16510 8255.0 3.0755 2.7758 3.0755 1.0422 2.5629
16520 8260.0 3.0461 5.3979 3.0461 0.9633 2.4795
16530 8265.0 3.0900 1.7990 3.0900 1.0409 2.3891
16540 8270.0 3.1341 0.1264 3.1341 0.9425 2.4314
16550 8275.0 3.1865 0.6660 3.1865 1.0519 2.5422
16560 8280.0 3.1071 0.9202 3.1071 0.9606 2.6647
16570 8285.0 3.1367 0.0884 3.1367 1.0488 2.6611
16580 8290.0 3.2263 2.9142 3.2263 0.9655 2.6009
16590 8295.0 3.2107 1.8449 3.2107 1.0332 2.5183
16600 8300.0 3.1511 0.0006 3.1511 0.9697 2.5736
16610 8305.0 3.0737 2.9118 3.0737 1.0264 2.6334
16620 8310.0 3.1400 0.0500 3.1400 0.9545 2.7357
16630 8315.0 3.1763 0.3467 3.1763 1.0290 2.7254
16640 8320.0 3.2589 5.9261 3.2589 0.9876 2.7361
16650 8325.0 3.2536 5.3617 3.2536 1.0135 2.7115
16660 8330.0 3.1457 0.0094 3.1457 0.9972 2.6845
16670 8335.0 3.0294 7.2671 3.0294 0.9933 2.6998
16680 8340.0 3.1073 0.9131 3.1073 0.9879 2.6853
16690 8345.0 3.1985 1.1739 3.1985 0.9942 2.6830
16700 8350.0 3.0923 1.6654 3.0923 0.9904 2.6047
16710 8355.0 3.0639 3.7089 3.0639 0.9786 2.6818
16720 8360.0 3.1769 0.3615 3.1769 1.0057 2.6510
16730 8365.0 3.0980 1.3543 3.0980 0.9607 2.4813
16740 8370.0 3.0570 4.3250 3.0570 1.0078 2.3892
16750 8375.0 3.2491 4.9091 3.2491 0.9655 2.4901
16760 8380.0 3.2547 5.4794 3.2547 1.0061 2.4819
16770 8385.0 3.1314 0.1729 3.1314 0.9917 2.4164
16780 8390.0 3.1676 0.1542 3.1676 0.9914 2.4805
16790 8395.0 3.1558 0.0170 3.1558 0.9762 2.5154
16800 8400.0 3.0644 3.6667 3.0644 0.9942 2.5236
16810 8405.0 3.1566 0.0216 3.1566 0.9647 2.6308
16820 8410.0 3.2505 5.0523 3.2505 1.0091 2.6990
16830 8415.0 3.1245 0.3255 3.1245 0.9648 2.6797
16840 8420.0 3.0830 2.2433 3.0830 0.9940 2.6029
16850 8425.0 3.2037 1.4410 3.2037 0.9815 2.6287
16860 8430.0 3.2190 2.3839 3.2190 0.9805 2.6436
16870 8435.0 3.1932 0.9331 3.1932 1.0110 2.6376
16880 8440.0 3.1417 0.0346 3.1417 0.9883 2.6174
16890 8445.0 3.1126 0.6999 3.1126 1.0105 2.5788
16900 8450.0 3.1592 0.0424 3.1592 1.0105 2.6173
16910 8455.0 3.2424 4.2653 3.2424 0.9871 2.7029
16920 8460.0 3.1844 0.5915 3.1844 1.0148 2.6496
16930 8465.0 3.0852 2.0983 3.0852 1.0025 2.5785
16940 8470.0 3.1934 0.9422 3.1934 1.0282 2.6600
16950 8475.0 3.2368 3.7649 3.2368 0.9750 2.7376
16960 8480.0 3.1547 0.0111 3.1547 1.0222 2.6250
16970 8485.0 3.0830 2.2443 3.0830 0.9657 2.5908
16980 8490.0 3.1978 1.1417 3.1978 1.0345 2.6330
16990 8495.0 3.2427 4.2964 3.2427 0.9536 2.6871
17000 8500.0 3.1504 0.0001 3.1504 1.0304 2.6022
17010 8505.0 3.1212 0.4146 3.1212 0.9466 2.6022
17020 8510.0 3.2442 4.4338 3.2442 1.0313 2.6208
17030 8515.0 3.2556 5.5705 3.2556 0.9341 2.6578
17040 8520.0 3.1370 0.0840 3.1370 1.0442 2.4837
17050 8525.0 3.1468 0.0050 3.1468 0.9277 2.5418
17060 8530.0 3.2380 3.8722 3.2380 1.0543 2.5229
17070 8535.0 3.2126 1.9584 3.2126 0.9325 2.5776
17080 8540.0 3.0908 1.7527 3.0908 1.0414 2.4396
17090 8545.0 3.1619 0.0706 3.1619 0.9643 2.5624
17100 8550.0 3.2470 4.6997 3.2470 1.0287 2.6240
17110 8555.0 3.1480 0.0021 3.1480 0.9790 2.6186
17120 8560.0 3.1058 0.9747 3.1058 0.9909 2.6094
17130 8565.0 3.1974 1.1242 3.1974 1.0084 2.6811
17140 8570.0 3.1918 0.8752 3.1918 0.9750 2.7197
17150 8575.0 3.1338 0.1317 3.1338 1.0167 2.6746
17160 8580.0 3.1960 1.0587 3.1960 0.9755 2.7355
17170 8585.0 3.2120 1.9193 3.2120 1.0374 2.6868
17180 8590.0 3.1404 0.0461 3.1404 1.0075 2.6463
17190 8595.0 3.1215 0.4063 3.1215 0.9970 2.6527
17200 8600.0 3.1984 1.1716 3.1984 1.0248 2.7184
17210 8605.0 3.2223 2.6152 3.2223 0.9761 2.7553
17220 8610.0 3.1574 0.0274 3.1574 1.0178 2.7567
17230 8615.0 3.1583 0.0343 3.1583 0.9830 2.7971
17240 8620.0 3.1904 0.8144 3.1904 0.9906 2.7021
17250 8625.0 3.1635 0.0906 3.1635 0.9874 2.7208
17260 8630.0 3.1462 0.0073 3.1462 0.9800 2.7395
17270 8635.0 3.1757 0.3300 3.1757 0.9997 2.6978
17280 8640.0 3.1890 0.7604 3.1890 0.9831 2.7224
17290 8645.0 3.2344 3.5646 3.2344 1.0163 2.7805
17300 8650.0 3.1858 0.6423 3.1858 0.9573 2.7866
17310 8655.0 3.0796 2.4798 3.0796 1.0070 2.8947
17320 8660.0 3.1540 0.0078 3.1540 0.9721 2.8653
17330 8665.0 3.2301 3.2109 3.2301 1.0089 2.7989
17340 8670.0 3.1779 0.3893 3.1779 0.9607 2.8244
17350 8675.0 3.0965 1.4286 3.0965 0.9884 2.9137
17360 8680.0 3.1882 0.7308 3.1882 0.9905 2.8250
17370 8685.0 3.2296 3.1654 3.2296 0.9953 2.7695
17380 8690.0 3.1576 0.0292 3.1576 0.9846 2.8701
17390 8695.0 3.1077 0.8926 3.1077 0.9611 2.8545
17400 8700.0 3.1395 0.0553 3.1395 0.9958 2.8369
17410 8705.0 3.2361 3.7033 3.2361 0.9746 2.7559
17420 8710.0 3.1634 0.0900 3.1634 1.0001 2.6427
17430 8715.0 3.0018 10.9759 3.0018 0.9680 2.5002
17440 8720.0 3.1069 0.9277 3.1069 0.9899 2.5962
17450 8725.0 3.2168 2.2314 3.2168 0.9727 2.7673
17460 8730.0 3.0606 3.9948 3.0606 0.9865 2.6390
17470 8735.0 3.1485 0.0011 3.1485 0.9631 2.6906
17480 8740.0 3.2325 3.4024 3.2325 0.9975 2.7180
17490 8745.0 3.1719 0.2406 3.1719 0.9654 2.6801
17500 8750.0 3.1271 0.2616 3.1271 1.0205 2.6132
17510 8755.0 3.1771 0.3663 3.1771 0.9500 2.6968
17520 8760.0 3.2147 2.0936 3.2147 1.0252 2.6908
17530 8765.0 3.1571 0.0252 3.1571 0.9528 2.6899
17540 8770.0 3.1603 0.0530 3.1603 1.0237 2.6406
17550 8775.0 3.1981 1.1551 3.1981 0.9426 2.6603
17560 8780.0 3.1997 1.2364 3.1997 1.0164 2.6620
17570 8785.0 3.1255 0.3008 3.1255 0.9742 2.6484
17580 8790.0 3.1374 0.0794 3.1374 1.0045 2.6246
17590 8795.0 3.2292 3.1396 3.2292 0.9786 2.6159
17600 8800.0 3.2072 1.6381 3.2072 0.9962 2.6960
17610 8805.0 3.1358 0.1003 3.1358 0.9613 2.6686
17620 8810.0 3.1709 0.2193 3.1709 1.0019 2.6705
17630 8815.0 3.1525 0.0031 3.1525 0.9748 2.7123
17640 8820.0 3.1607 0.0573 3.1607 1.0029 2.7045
17650 8825.0 3.2257 2.8653 3.2257 0.9673 2.8067
17660 8830.0 3.0226 8.1191 3.0226 1.0236 2.6487
17670 8835.0 3.0907 1.7575 3.0907 0.9643 2.6942
17680 8840.0 3.2264 2.9208 3.2264 1.0447 2.7720
17690 8845.0 3.1917 0.8690 3.1917 0.9586 2.6564
17700 8850.0 3.1139 0.6505 3.1139 1.0314 2.5517
17710 8855.0 3.1934 0.9398 3.1934 0.9709 2.6698
17720 8860.0 3.1284 0.2326 3.1284 1.0345 2.6992
17730 8865.0 3.0828 2.2599 3.0828 0.9571 2.6349
17740 8870.0 3.1278 0.2466 3.1278 1.0203 2.6706
17750 8875.0 3.2525 5.2543 3.2525 0.9757 2.7572
17760 8880.0 3.1641 0.0997 3.1641 1.0091 2.6034
17770 8885.0 3.0841 2.1723 3.0841 0.9692 2.5146
17780 8890.0 3.0752 2.7954 3.0752 0.9958 2.5348
17790 8895.0 3.0625 3.8319 3.0625 0.9710 2.5193
17800 8900.0 3.0639 3.7082 3.0639 0.9996 2.4743
17810 8905.0 3.1847 0.6032 3.1847 0.9848 2.5601
17820 8910.0 3.1994 1.2191 3.1994 0.9927 2.6068
17830 8915.0 3.1847 0.6007 3.1847 0.9919 2.6353
17840 8920.0 3.2011 1.3042 3.2011 0.9823 2.6748
17850 8925.0 3.0762 2.7224 3.0762 1.0114 2.5873
17860 8930.0 3.0294 7.2666 3.0294 0.9531 2.5508
17870 8935.0 3.1320 0.1627 3.1320 1.0176 2.6323
17880 8940.0 3.1592 0.0425 3.1592 0.9499 2.6848
17890 8945.0 3.1320 0.1619 3.1320 1.0322 2.7107
17900 8950.0 3.2579 5.8263 3.2579 0.9667 2.7431
17910 8955.0 3.2042 1.4700 3.2042 1.0185 2.6618
17920 8960.0 3.0616 3.9097 3.0616 0.9430 2.5797
17930 8965.0 3.1089 0.8426 3.1089 1.0152 2.6661
17940 8970.0 3.2520 5.2058 3.2520 0.9738 2.7682
17950 8975.0 3.1485 0.0011 3.1485 1.0203 2.7011
17960 8980.0 3.0508 4.9252 3.0508 0.9511 2.6605
17970 8985.0 3.1393 0.0578 3.1393 1.0330 2.7277
17980 8990.0 3.2412 4.1594 3.2412 0.9432 2.6916
17990 8995.0 3.1618 0.0700 3.1618 1.0257 2.6859
18000 9000.0 3.0553 4.4811 3.0553 0.9596 2.7396
