# step  time_fs  cv_FeH(A)  bias(kJ/mol)  d_min_FeH(A)  d_min_OH(A)  d_min_SH(A)
0 0.0 1.7182 232.4044 1.7182 2.5114 2.4126
10 5.0 1.9261 112.3127 1.9261 2.3745 2.3637
20 10.0 2.4656 2.1525 2.4656 1.9107 2.4734
30 15.0 2.5516 11.4839 2.5516 1.8694 2.5226
40 20.0 2.1147 40.7080 2.1147 2.3123 2.4319
50 25.0 1.8047 177.2104 1.8047 2.6656 2.2743
60 30.0 2.0274 69.4072 2.0274 2.4191 2.4745
70 35.0 2.4422 0.8921 2.4422 2.0290 2.4792
80 40.0 2.4635 2.0137 2.4635 2.0894 2.3348
90 45.0 2.1429 33.0590 2.1429 2.4283 2.0278
100 50.0 2.0682 55.0496 2.0682 2.4543 1.9686
110 55.0 2.3500 1.2479 2.3500 2.2256 2.2320
120 60.0 2.4111 0.0621 2.4111 2.1147 2.4192
130 65.0 2.1336 35.4901 2.1336 2.4281 2.4168
140 70.0 1.9830 86.9472 1.9830 2.7206 2.2234
150 75.0 2.0194 72.4323 2.0194 2.6069 2.2785
160 80.0 2.2104 17.9682 2.2104 2.3106 2.3567
170 85.0 2.2741 7.9233 2.2741 2.2791 2.5755
180 90.0 2.1056 43.3385 2.1056 2.5442 2.6365
190 95.0 2.0216 71.5871 2.0216 2.7630 2.4215
200 100.0 2.0708 54.1819 2.0708 2.6794 2.3682
210 105.0 2.1993 20.1397 2.1993 2.3771 2.2507
220 110.0 2.2251 15.2974 2.2251 2.2079 2.3393
230 115.0 2.1437 32.8526 2.1437 2.2846 2.2567
240 120.0 2.0906 47.8698 2.0906 2.4153 2.2766
250 125.0 2.2049 19.0403 2.2049 2.4416 2.4624
260 130.0 2.1773 24.8037 2.1773 2.5622 2.4162
270 135.0 2.0561 59.1233 2.0561 2.7096 2.2924
280 140.0 2.1561 29.7461 2.1561 2.6325 2.3917
290 145.0 2.1947 21.0797 2.1947 2.5242 2.4370
300 150.0 2.1646 27.7180 2.1646 2.5072 2.3071
310 155.0 2.1679 26.9270 2.1679 2.5262 2.3141
320 160.0 2.1935 21.3157 2.1935 2.5571 2.4110
330 165.0 2.1401 33.7695 2.1401 2.6778 2.4230
340 170.0 2.0738 53.2128 2.0738 2.7874 2.3554
350 175.0 2.1198 39.2660 2.1198 2.7511 2.4234
360 180.0 2.1775 24.7488 2.1775 2.6393 2.3743
370 185.0 2.1854 23.0347 2.1854 2.5998 2.3442
380 190.0 2.1320 35.9187 2.1320 2.6996 2.3979
390 195.0 2.1171 40.0063 2.1171 2.7741 2.4043
400 200.0 2.1465 32.1335 2.1465 2.7705 2.4718
410 205.0 2.1932 21.3894 2.1932 2.6987 2.4092
420 210.0 2.2265 15.0473 2.2265 2.6300 2.3625
430 215.0 2.1817 23.8209 2.1817 2.6530 2.3586
440 220.0 2.1063 43.1419 2.1063 2.7412 2.3470
450 225.0 2.1122 41.4238 2.1122 2.7773 2.3677
460 230.0 2.1908 21.8824 2.1908 2.6898 2.4763
470 235.0 2.2544 10.5935 2.2544 2.5829 2.4750
480 240.0 2.1948 21.0481 2.1948 2.5525 2.4294
490 245.0 2.0830 50.2503 2.0830 2.6005 2.3627
500 250.0 2.1029 44.1396 2.1029 2.6001 2.4232
510 255.0 2.1793 24.3488 2.1793 2.5411 2.5141
520 260.0 2.2125 17.5783 2.2125 2.4561 2.4737
530 265.0 2.1137 40.9924 2.1137 2.4809 2.3636
540 270.0 2.0450 63.0252 2.0450 2.5662 2.3856
550 275.0 2.0664 55.6409 2.0664 2.5363 2.4363
560 280.0 2.1415 33.4064 2.1415 2.4135 2.4309
570 285.0 2.2472 11.6804 2.2472 2.3123 2.4452
580 290.0 2.1933 21.3572 2.1933 2.4205 2.4421
590 295.0 2.0486 61.7260 2.0486 2.6489 2.4029
600 300.0 2.0220 71.4393 2.0220 2.6745 2.3637
610 305.0 2.1656 27.4752 2.1656 2.5239 2.4439
620 310.0 2.2840 6.7260 2.2840 2.5012 2.3336
630 315.0 2.2237 15.5422 2.2237 2.6595 2.1775
640 320.0 2.1268 37.3309 2.1268 2.8088 2.1039
650 325.0 2.0934 46.9905 2.0934 2.7616 2.2253
660 330.0 2.1161 40.2947 2.1161 2.6253 2.4060
670 335.0 2.1560 29.7723 2.1560 2.5736 2.4542
680 340.0 2.2007 19.8558 2.2007 2.6263 2.3282
690 345.0 2.1496 31.3565 2.1496 2.7470 2.1563
700 350.0 2.0622 57.0416 2.0622 2.8260 2.1636
710 355.0 2.0110 75.6792 2.0110 2.7216 2.3494
720 360.0 2.0860 49.2825 2.0860 2.4824 2.4108
730 365.0 2.1896 22.1400 2.1896 2.2694 2.4302
740 370.0 2.2006 19.8797 2.2006 2.2156 2.4606
750 375.0 2.0678 55.1625 2.0678 2.3831 2.4963
760 380.0 1.9862 85.6292 1.9862 2.5737 2.4636
770 385.0 2.0406 64.5892 2.0406 2.6006 2.3629
780 390.0 2.1920 21.6408 2.1920 2.4866 2.3107
790 395.0 2.3032 4.6810 2.3032 2.3297 2.2902
800 400.0 2.2817 6.9973 2.2817 2.3190 2.2076
810 405.0 2.1732 25.7291 2.1732 2.3974 2.1304
820 410.0 2.1622 28.2804 2.1622 2.4657 2.2420
830 415.0 2.1830 23.5430 2.1830 2.5005 2.4194
840 420.0 2.1392 34.0009 2.1392 2.4507 2.5184
850 425.0 2.0629 56.8234 2.0629 2.4589 2.3723
860 430.0 2.1485 31.6330 2.1485 2.5183 2.4932
870 435.0 2.1603 28.7357 2.1603 2.4900 2.3510
880 440.0 2.1411 33.5081 2.1411 2.4648 2.2347
890 445.0 2.2747 7.8526 2.2747 2.4031 2.3250
900 450.0 2.3840 0.1275 2.3840 2.3447 2.4721
910 455.0 2.3130 3.7853 2.3130 2.4218 2.5411
920 460.0 2.1258 37.6013 2.1258 2.6487 2.5755
930 465.0 2.0285 69.0082 2.0285 2.8446 2.4092
940 470.0 2.0988 45.3574 2.0988 2.7786 2.4958
950 475.0 2.2322 14.0720 2.2322 2.6035 2.5419
960 480.0 2.2803 7.1596 2.2803 2.5207 2.5782
970 485.0 2.1904 21.9715 2.1904 2.5625 2.4481
980 490.0 2.0957 46.3042 2.0957 2.7268 2.4254
990 495.0 2.0687 54.8801 2.0687 2.8777 2.4121
1000 500.0 2.1197 39.2967 2.1197 2.8329 2.4250
1010 505.0 2.2038 19.2421 2.2038 2.6658 2.4684
1020 510.0 2.1742 25.4966 2.1742 2.6518 2.3598
1030 515.0 2.1354 35.0071 2.1354 2.7641 2.3717
1040 520.0 2.1150 40.6209 2.1150 2.9557 2.3520
1050 525.0 2.1059 43.2476 2.1059 3.0205 2.3245
1060 530.0 2.2257 15.1893 2.2257 2.8674 2.3941
1070 535.0 2.2542 10.6274 2.2542 2.7286 2.3487
1080 540.0 2.1583 29.2119 2.1583 2.7550 2.1941
1090 545.0 2.1579 29.3148 2.1579 2.8254 2.2097
1100 550.0 2.2053 18.9555 2.2053 2.9580 2.3623
1110 555.0 2.1447 32.5875 2.1447 2.9812 2.2889
1120 560.0 2.1609 28.5906 2.1609 2.8623 2.3142
1130 565.0 2.2428 12.3611 2.2428 2.8632 2.4133
1140 570.0 2.2189 16.3923 2.2189 2.9033 2.4345
1150 575.0 2.0761 52.4568 2.0761 2.9564 2.2515
1160 580.0 2.0817 50.6512 2.0817 3.0472 2.3495
1170 585.0 2.1955 20.9195 2.1955 2.9118 2.4188
1180 590.0 2.2563 10.3293 2.2563 2.7194 2.3064
1190 595.0 2.2586 9.9959 2.2586 2.6884 2.2387
1200 600.0 2.2023 19.5415 2.2023 2.8147 2.2359
1210 605.0 2.1813 23.9201 2.1813 2.9959 2.4040
1220 610.0 2.0881 48.6404 2.0881 3.1184 2.4360
1230 615.0 2.0713 54.0107 2.0713 3.0099 2.4262
1240 620.0 2.2451 11.9920 2.2451 2.9473 2.4841
1250 625.0 2.3313 2.3626 2.3313 3.0013 2.5087
1260 630.0 2.2090 18.2453 2.2090 3.1745 2.4191
1270 635.0 2.0940 46.8154 2.0940 3.2617 2.3168
1280 640.0 2.1001 44.9831 2.1001 3.1716 2.2777
1290 645.0 2.1687 26.7444 2.1687 3.0907 2.3486
1300 650.0 2.2497 11.2960 2.2497 3.0863 2.5255
1310 655.0 2.1939 21.2381 2.1939 3.1234 2.4326
1320 660.0 2.1472 31.9604 2.1472 3.1727 2.4381
1330 665.0 2.1268 37.3198 2.1268 3.1729 2.3763
1340 670.0 2.1013 44.6124 2.1013 3.0968 2.3308
1350 675.0 2.1613 28.4915 2.1613 3.0443 2.4141
1360 680.0 2.2271 14.9471 2.2271 3.0188 2.5142
1370 685.0 2.2465 11.7739 2.2465 3.0631 2.4554
1380 690.0 2.1602 28.7451 2.1602 3.1061 2.2957
1390 695.0 2.0635 56.6074 2.0635 3.2013 2.2515
1400 700.0 2.0870 48.9760 2.0870 3.1784 2.4639
1410 705.0 2.1324 35.8001 2.1324 3.0611 2.5104
1420 710.0 2.2138 17.3333 2.2138 3.0361 2.5925
1430 715.0 2.1598 28.8402 2.1598 3.1574 2.4806
1440 720.0 2.0419 64.1105 2.0419 3.2862 2.4464
1450 725.0 2.0333 67.2379 2.0333 3.2212 2.5287
1460 730.0 2.1487 31.5831 2.1487 3.1374 2.5882
1470 735.0 2.2046 19.0883 2.2046 3.1550 2.4961
1480 740.0 2.1896 22.1266 2.1896 3.1874 2.4825
1490 745.0 2.1226 38.4726 2.1226 3.2111 2.5768
1500 750.0 2.0448 63.0745 2.0448 3.2882 2.5222
1510 755.0 2.0528 60.2803 2.0528 3.2830 2.4301
1520 760.0 2.1267 37.3561 2.1267 3.1752 2.4617
1530 765.0 2.1958 20.8557 2.1958 3.1260 2.5460
1540 770.0 2.1870 22.6935 2.1870 3.1208 2.5232
1550 775.0 2.1016 44.5336 2.1016 3.1728 2.3853
1560 780.0 2.1218 38.6965 2.1218 3.1189 2.4388
1570 785.0 2.1784 24.5427 2.1784 2.9982 2.3971
1580 790.0 2.1779 24.6613 2.1779 2.9005 2.3393
1590 795.0 2.1868 22.7323 2.1868 2.7828 2.2400
1600 800.0 2.2075 18.5203 2.2075 2.7385 2.2447
1610 805.0 2.2363 13.4060 2.2363 2.7423 2.2957
1620 810.0 2.2372 13.2521 2.2372 2.8311 2.2847
1630 815.0 2.1887 22.3198 2.1887 2.9534 2.2958
1640 820.0 2.1187 39.5662 2.1187 3.0864 2.3593
1650 825.0 2.1050 43.5197 2.1050 3.2071 2.3828
1660 830.0 2.1322 35.8530 2.1322 3.2867 2.4182
1670 835.0 2.1694 26.5969 2.1694 3.1235 2.4537
1680 840.0 2.1909 21.8537 2.1909 2.9710 2.4025
1690 845.0 2.1985 20.2984 2.1985 2.9011 2.4073
1700 850.0 2.2001 19.9718 2.2001 2.9361 2.4532
1710 855.0 2.1319 35.9469 2.1319 3.0063 2.3602
1720 860.0 2.1404 33.7036 2.1404 2.9485 2.3929
1730 865.0 2.1324 35.7961 2.1324 2.8320 2.4814
1740 870.0 2.1889 22.2730 2.1889 2.7938 2.4623
1750 875.0 2.1606 28.6639 2.1606 2.8504 2.4246
1760 880.0 2.1096 42.1634 2.1096 2.9070 2.4240
1770 885.0 2.0990 45.2969 2.0990 2.9048 2.4544
1780 890.0 2.1495 31.3779 2.1495 2.9334 2.3882
1790 895.0 2.1760 25.0885 2.1760 3.0090 2.2997
1800 900.0 2.1794 24.3354 2.1794 3.0463 2.3065
1810 905.0 2.1808 24.0229 2.1808 3.0293 2.4137
1820 910.0 2.1610 28.5596 2.1610 3.0006 2.4737
1830 915.0 2.1294 36.6010 2.1294 3.0279 2.3462
1840 920.0 2.1241 38.0670 2.1241 3.0541 2.2641
1850 925.0 2.1983 20.3511 2.1983 3.0694 2.3330
1860 930.0 2.2489 11.4205 2.2489 3.1350 2.4222
1870 935.0 2.1797 24.2692 2.1797 3.1318 2.2533
1880 940.0 2.1505 31.1159 2.1505 3.1143 2.1798
1890 945.0 2.2211 16.0073 2.2211 3.1820 2.2642
1900 950.0 2.2334 13.8850 2.2334 3.2447 2.4051
1910 955.0 2.1212 38.8598 2.1212 3.3383 2.3218
1920 960.0 2.0581 58.4637 2.0581 3.3887 2.2692
1930 965.0 2.1059 43.2362 2.1059 3.4308 2.3484
1940 970.0 2.1800 24.1973 2.1800 3.2897 2.2458
1950 975.0 2.3065 4.3720 2.3065 3.1577 2.2869
1960 980.0 2.3267 2.6848 2.3267 3.1585 2.3078
1970 985.0 2.1880 22.4745 2.1880 3.3270 2.2981
1980 990.0 2.0747 52.9190 2.0747 3.4364 2.2295
1990 995.0 2.1078 42.7049 2.1078 3.3698 2.1498
2000 1000.0 2.2701 8.4405 2.2701 3.1983 2.1856
2010 1005.0 2.3796 0.2079 2.3796 3.1088 2.2481
2020 1010.0 2.2962 5.3903 2.2962 3.1936 2.2384
2030 1015.0 2.1486 31.5960 2.1486 3.3201 2.2113
2040 1020.0 2.0895 48.1989 2.0895 3.3379 2.1908
2050 1025.0 2.1541 30.2337 2.1541 3.2613 2.2124
2060 1030.0 2.2580 10.0841 2.2580 3.2276 2.2821
2070 1035.0 2.2792 7.2979 2.2792 3.2825 2.3477
2080 1040.0 2.2251 15.2913 2.2251 3.4003 2.2772
2090 1045.0 2.2371 13.2725 2.2371 3.3897 2.2936
2100 1050.0 2.2583 10.0370 2.2583 3.2848 2.3644
2110 1055.0 2.2330 13.9364 2.2330 3.2088 2.3779
2120 1060.0 2.2482 11.5193 2.2482 3.1998 2.3872
2130 1065.0 2.2379 13.1456 2.2379 3.2982 2.4046
2140 1070.0 2.1995 20.0911 2.1995 3.4703 2.2696
2150 1075.0 2.1567 29.6018 2.1567 3.5535 2.1720
2160 1080.0 2.2262 15.1049 2.2262 3.4140 2.2840
2170 1085.0 2.2414 12.5709 2.2414 3.2277 2.4365
2180 1090.0 2.1868 22.7171 2.1868 3.1562 2.4374
2190 1095.0 2.1563 29.6970 2.1563 3.1826 2.4070
2200 1100.0 2.1990 20.1920 2.1990 3.2653 2.4193
2210 1105.0 2.2029 19.4260 2.2029 3.3571 2.3282
2220 1110.0 2.2134 17.4104 2.2134 3.3659 2.2120
2230 1115.0 2.2387 13.0076 2.2387 3.2812 2.1740
2240 1120.0 2.2461 11.8355 2.2461 3.1814 2.2018
2250 1125.0 2.2325 14.0301 2.2325 3.1744 2.2547
2260 1130.0 2.1801 24.1738 2.1801 3.2539 2.3294
2270 1135.0 2.1057 43.3025 2.1057 3.3313 2.3786
2280 1140.0 2.1032 44.0546 2.1032 3.2698 2.3509
2290 1145.0 2.1751 25.2842 2.1751 3.1559 2.3764
2300 1150.0 2.2297 14.4997 2.2297 3.1444 2.3993
2310 1155.0 2.1772 24.8124 2.1772 3.2041 2.3322
2320 1160.0 2.1184 39.6588 2.1184 3.2282 2.3574
2330 1165.0 2.0703 54.3596 2.0703 3.1494 2.3277
2340 1170.0 2.0983 45.5057 2.0983 3.0876 2.3797
2350 1175.0 2.1868 22.7335 2.1868 3.0806 2.4645
2360 1180.0 2.2100 18.0433 2.2100 3.1004 2.4313
2370 1185.0 2.1912 21.7930 2.1912 3.1474 2.4039
2380 1190.0 2.1433 32.9538 2.1433 3.1978 2.3344
2390 1195.0 2.1048 43.5683 2.1048 3.2663 2.3473
2400 1200.0 2.1364 34.7330 2.1364 3.2882 2.4414
2410 1205.0 2.1869 22.6961 2.1869 3.2588 2.4564
2420 1210.0 2.2313 14.2315 2.2313 3.2620 2.4651
2430 1215.0 2.2117 17.7266 2.2117 3.3090 2.3920
2440 1220.0 2.1367 34.6616 2.1367 3.2765 2.3340
2450 1225.0 2.1647 27.6901 2.1647 3.2504 2.3811
2460 1230.0 2.1539 30.2808 2.1539 3.2702 2.4436
2470 1235.0 2.1334 35.5252 2.1334 3.2660 2.4169
2480 1240.0 2.1816 23.8437 2.1816 3.0900 2.3268
2490 1245.0 2.1288 36.7747 2.1288 2.9327 2.3492
2500 1250.0 2.1749 25.3326 2.1749 2.8604 2.4871
2510 1255.0 2.1129 41.2151 2.1129 2.9345 2.3191
2520 1260.0 2.1024 44.2901 2.1024 2.9466 2.3897
2530 1265.0 2.0894 48.2256 2.0894 2.8938 2.3816
2540 1270.0 2.1362 34.8034 2.1362 2.8394 2.3537
2550 1275.0 2.2013 19.7449 2.2013 2.8213 2.4877
2560 1280.0 2.1345 35.2334 2.1345 2.8621 2.3416
2570 1285.0 2.0706 54.2558 2.0706 2.8852 2.3178
2580 1290.0 2.0873 48.8854 2.0873 2.8539 2.4634
2590 1295.0 2.1220 38.6403 2.1220 2.8359 2.4208
2600 1300.0 2.2010 19.8082 2.2010 2.7993 2.4373
2610 1305.0 2.1873 22.6149 2.1873 2.8433 2.2846
2620 1310.0 2.1169 40.0605 2.1169 2.9163 2.2077
2630 1315.0 2.0759 52.5277 2.0759 2.9424 2.3274
2640 1320.0 2.0679 55.1323 2.0679 2.9755 2.4624
2650 1325.0 2.1176 39.8850 2.1176 3.0452 2.4425
2660 1330.0 2.1541 30.2440 2.1541 3.0336 2.4037
2670 1335.0 2.1561 29.7344 2.1561 2.9835 2.4136
2680 1340.0 2.0366 66.0376 2.0366 3.0218 2.4309
2690 1345.0 2.0217 71.5677 2.0217 3.1243 2.4193
2700 1350.0 2.0806 51.0095 2.0806 3.1583 2.4383
2710 1355.0 2.1577 29.3643 2.1577 3.0775 2.4477
2720 1360.0 2.1945 21.1150 2.1945 2.9910 2.5213
2730 1365.0 2.1353 35.0403 2.1353 2.9658 2.3312
2740 1370.0 2.0674 55.3203 2.0674 3.0946 2.2680
2750 1375.0 2.0558 59.2482 2.0558 3.2491 2.3680
2760 1380.0 2.1450 32.5182 2.1450 3.1840 2.3629
2770 1385.0 2.2198 16.2434 2.2198 3.0414 2.4666
2780 1390.0 2.2136 17.3673 2.2136 2.9804 2.2835
2790 1395.0 2.1261 37.5087 2.1261 3.0394 2.1432
2800 1400.0 2.1466 32.0950 2.1466 3.1601 2.2702
2810 1405.0 2.1447 32.5949 2.1447 3.2572 2.3579
2820 1410.0 2.2028 19.4510 2.2028 3.2024 2.3858
2830 1415.0 2.2742 7.9119 2.2742 3.1265 2.3743
2840 1420.0 2.2209 16.0398 2.2209 3.1634 2.3036
2850 1425.0 2.0990 45.2964 2.0990 3.2263 2.2676
2860 1430.0 2.0680 55.1177 2.0680 3.2622 2.3159
2870 1435.0 2.1420 33.2698 2.1420 3.2041 2.4308
2880 1440.0 2.2865 6.4406 2.2865 3.1394 2.4428
2890 1445.0 2.2572 10.2001 2.2572 3.1813 2.2992
2900 1450.0 2.0972 45.8449 2.0972 3.2986 2.2529
2910 1455.0 2.0575 58.6677 2.0575 3.3070 2.4372
2920 1460.0 2.1102 41.9850 2.1102 3.0905 2.4358
2930 1465.0 2.2549 10.5288 2.2549 2.9726 2.2819
2940 1470.0 2.2220 15.8407 2.2220 2.8895 2.1198
2950 1475.0 2.1466 32.1056 2.1466 2.8003 1.9731
2960 1480.0 2.2421 12.4588 2.2421 2.6176 1.9112
2970 1485.0 2.3387 1.8796 2.3387 2.3289 1.7736
2980 1490.0 2.3358 2.0606 2.3358 2.0326 1.3958
2990 1495.0 2.5502 11.2825 2.5502 1.7145 1.3194
3000 1500.0 2.6603 33.8729 2.6603 1.5319 1.4195
3010 1505.0 2.3563 0.9557 2.3563 1.6705 1.3432
3020 1510.0 2.2204 16.1194 2.2204 1.7188 1.5617
3030 1515.0 2.3155 3.5670 2.3155 1.6221 1.7079
3040 1520.0 2.4235 0.2754 2.4235 1.5491 1.5032
3050 1525.0 2.5174 6.8945 2.5174 1.6074 1.2698
3060 1530.0 2.5457 10.6126 2.5457 1.5294 1.4117
3070 1535.0 2.5000 5.0042 2.5000 1.5148 1.6547
3080 1540.0 2.3823 0.1564 2.3823 1.6296 1.6530
3090 1545.0 2.2665 8.9099 2.2665 1.7750 1.3599
3100 1550.0 2.4741 2.7488 2.4741 1.6574 1.3558
3110 1555.0 2.6269 25.7456 2.6269 1.5615 1.4973
3120 1560.0 2.4164 0.1343 2.4164 1.8073 1.2805
3130 1565.0 2.3505 1.2235 2.3505 1.9640 1.4451
3140 1570.0 2.3764 0.2794 2.3764 2.0944 1.6797
3150 1575.0 2.2238 15.5275 2.2238 2.2769 1.5620
3160 1580.0 2.2495 11.3249 2.2495 2.2271 1.3935
3170 1585.0 2.4969 4.6924 2.4969 1.9600 1.4094
3180 1590.0 2.5109 6.1471 2.5109 1.9396 1.3554
3190 1595.0 2.3176 3.3960 2.3176 2.1081 1.3435
3200 1600.0 2.2789 7.3340 2.2789 2.1520 1.5080
3210 1605.0 2.3984 0.0013 2.3984 2.0574 1.5464
3220 1610.0 2.4284 0.4023 2.4284 2.0364 1.3286
3230 1615.0 2.5232 7.5863 2.5232 1.9712 1.3466
3240 1620.0 2.5408 9.9178 2.5408 1.9644 1.4364
3250 1625.0 2.3536 1.0770 2.3536 2.1522 1.3481
3260 1630.0 2.3706 0.4329 2.3706 2.1696 1.4831
3270 1635.0 2.4161 0.1300 2.4161 2.1752 1.5981
3280 1640.0 2.3029 4.7168 2.3029 2.2397 1.4277
3290 1645.0 2.3908 0.0420 2.3908 2.1093 1.3715
3300 1650.0 2.5577 12.4312 2.5577 1.9505 1.4515
3310 1655.0 2.4345 0.5945 2.4345 2.0736 1.3242
3320 1660.0 2.3969 0.0049 2.3969 2.2196 1.4647
3330 1665.0 2.3770 0.2652 2.3770 2.3481 1.5727
3340 1670.0 2.3133 3.7606 2.3133 2.4016 1.4596
3350 1675.0 2.4175 0.1524 2.4175 2.3241 1.3719
3360 1680.0 2.5576 12.4135 2.5576 2.2759 1.4116
3370 1685.0 2.4392 0.7673 2.4392 2.4488 1.3825
3380 1690.0 2.3128 3.7977 2.3128 2.6691 1.4429
3390 1695.0 2.3613 0.7500 2.3613 2.7225 1.5379
3400 1700.0 2.4072 0.0258 2.4072 2.6019 1.4533
3410 1705.0 2.4292 0.4262 2.4292 2.3842 1.3174
3420 1710.0 2.5364 9.3036 2.5364 2.2173 1.4440
3430 1715.0 2.3656 0.5910 2.3656 2.2873 1.4600
3440 1720.0 2.2408 12.6686 2.2408 2.3559 1.4852
3450 1725.0 2.3897 0.0531 2.3897 2.2101 1.5108
3460 1730.0 2.4763 2.9137 2.4763 2.0902 1.3620
3470 1735.0 2.5086 5.8981 2.5086 2.1400 1.3346
3480 1740.0 2.4494 1.2187 2.4494 2.3873 1.4724
3490 1745.0 2.2676 8.7587 2.2676 2.6800 1.5086
3500 1750.0 2.3068 4.3453 2.3068 2.7094 1.4878
3510 1755.0 2.4857 3.6749 2.4857 2.5921 1.4406
3520 1760.0 2.4661 2.1870 2.4661 2.5843 1.3272
3530 1765.0 2.4486 1.1793 2.4486 2.6762 1.3874
3540 1770.0 2.4354 0.6262 2.4354 2.7876 1.5036
3550 1775.0 2.3295 2.4880 2.3295 2.8272 1.4443
3560 1780.0 2.3714 0.4096 2.3714 2.7286 1.4168
3570 1785.0 2.5128 6.3653 2.5128 2.5716 1.4486
3580 1790.0 2.4351 0.6177 2.4351 2.4672 1.3368
3590 1795.0 2.3834 0.1374 2.3834 2.4317 1.4370
3600 1800.0 2.3956 0.0097 2.3956 2.4075 1.5911
3610 1805.0 2.2982 5.1767 2.2982 2.3463 1.4599
3620 1810.0 2.3834 0.1376 2.3834 2.1664 1.3476
3630 1815.0 2.5390 9.6669 2.5390 2.0580 1.4368
3640 1820.0 2.3751 0.3104 2.3751 2.2457 1.3946
3650 1825.0 2.2746 7.8629 2.2746 2.4482 1.4427
3660 1830.0 2.4222 0.2463 2.4222 2.4719 1.5466
3670 1835.0 2.4145 0.1045 2.4145 2.4288 1.3881
3680 1840.0 2.4322 0.5176 2.4322 2.3948 1.3359
3690 1845.0 2.5165 6.7904 2.5165 2.3833 1.4846
3700 1850.0 2.3484 1.3325 2.3484 2.4875 1.4116
3710 1855.0 2.2820 6.9638 2.2820 2.5073 1.4370
3720 1860.0 2.4186 0.1725 2.4186 2.4217 1.5544
3730 1865.0 2.4310 0.4794 2.4310 2.3036 1.4049
3740 1870.0 2.4700 2.4516 2.4700 2.2305 1.3365
3750 1875.0 2.5023 5.2353 2.5023 2.2490 1.4477
3760 1880.0 2.3539 1.0625 2.3539 2.3844 1.4600
3770 1885.0 2.2704 8.4033 2.2704 2.4608 1.4530
3780 1890.0 2.4177 0.1568 2.4177 2.4097 1.4884
3790 1895.0 2.4748 2.7975 2.4748 2.3597 1.3874
3800 1900.0 2.4488 1.1898 2.4488 2.4024 1.3364
3810 1905.0 2.4264 0.3474 2.4264 2.4525 1.4661
3820 1910.0 2.3248 2.8280 2.3248 2.3916 1.4697
3830 1915.0 2.3522 1.1419 2.3522 2.4066 1.4144
3840 1920.0 2.4843 3.5541 2.4843 2.4734 1.3768
3850 1925.0 2.4512 1.3129 2.4512 2.5145 1.3546
3860 1930.0 2.3803 0.1939 2.3803 2.5035 1.4034
3870 1935.0 2.3921 0.0313 2.3921 2.4645 1.5021
3880 1940.0 2.3864 0.0925 2.3864 2.4330 1.4521
3890 1945.0 2.4311 0.4834 2.4311 2.3633 1.3690
3900 1950.0 2.5106 6.1201 2.5106 2.2362 1.4346
3910 1955.0 2.3553 0.9994 2.3553 2.2368 1.4056
3920 1960.0 2.3168 3.4575 2.3168 2.2431 1.5036
3930 1965.0 2.3526 1.1228 2.3526 2.3943 1.5165
3940 1970.0 2.4390 0.7616 2.4390 2.4074 1.3978
3950 1975.0 2.5323 8.7563 2.5323 2.4325 1.3754
3960 1980.0 2.4428 0.9155 2.4428 2.6222 1.4037
3970 1985.0 2.3358 2.0630 2.3358 2.7747 1.4665
3980 1990.0 2.3225 3.0069 2.3225 2.7782 1.4961
3990 1995.0 2.4093 0.0432 2.4093 2.6007 1.4392
4000 2000.0 2.5058 5.5979 2.5058 2.3915 1.3625
4010 2005.0 2.4684 2.3363 2.4684 2.3877 1.3678
4020 2010.0 2.3453 1.4977 2.3453 2.5194 1.4657
4030 2015.0 2.2948 5.5373 2.2948 2.5562 1.5321
4040 2020.0 2.3820 0.1617 2.3820 2.4071 1.4794
4050 2025.0 2.4865 3.7444 2.4865 2.2152 1.3509
4060 2030.0 2.5342 9.0083 2.5342 2.1637 1.3667
4070 2035.0 2.4192 0.1840 2.4192 2.3371 1.4677
4080 2040.0 2.2619 9.5318 2.2619 2.5123 1.4903
4090 2045.0 2.3834 0.1384 2.3834 2.4034 1.5379
4100 2050.0 2.4865 3.7416 2.4865 2.2190 1.4263
4110 2055.0 2.4707 2.4975 2.4707 2.1662 1.2877
4120 2060.0 2.5070 5.7267 2.5070 2.1709 1.4578
4130 2065.0 2.3479 1.3585 2.3479 2.3147 1.4512
4140 2070.0 2.2834 6.7932 2.2834 2.3657 1.4612
4150 2075.0 2.4079 0.0311 2.4079 2.2325 1.4832
4160 2080.0 2.4657 2.1570 2.4657 2.1102 1.3627
4170 2085.0 2.4676 2.2868 2.4676 2.1079 1.3439
4180 2090.0 2.4196 0.1923 2.4196 2.2130 1.4632
4190 2095.0 2.3162 3.5082 2.3162 2.3267 1.4786
4200 2100.0 2.3084 4.1994 2.3084 2.3048 1.4169
4210 2105.0 2.4502 1.2589 2.4502 2.1666 1.4271
4220 2110.0 2.4427 0.9114 2.4427 2.1587 1.3864
4230 2115.0 2.3706 0.4309 2.3706 2.2450 1.4206
4240 2120.0 2.3746 0.3226 2.3746 2.2800 1.5081
4250 2125.0 2.3664 0.5653 2.3664 2.2602 1.4595
4260 2130.0 2.4137 0.0940 2.4137 2.1387 1.3532
4270 2135.0 2.5068 5.7002 2.5068 2.0227 1.3960
4280 2140.0 2.4349 0.6099 2.4349 2.0715 1.4282
4290 2145.0 2.3152 3.5914 2.3152 2.1474 1.4709
4300 2150.0 2.3539 1.0628 2.3539 2.0956 1.5648
4310 2155.0 2.3736 0.3485 2.3736 1.9899 1.4541
4320 2160.0 2.4205 0.2094 2.4205 1.8851 1.3500
4330 2165.0 2.5046 5.4663 2.5046 1.7959 1.4164
4340 2170.0 2.4166 0.1384 2.4166 1.8962 1.4086
4350 2175.0 2.3175 3.4057 2.3175 2.0278 1.4249
4360 2180.0 2.3895 0.0553 2.3895 1.9953 1.4899
4370 2185.0 2.4012 0.0007 2.4012 2.0054 1.4048
4380 2190.0 2.4096 0.0459 2.4096 2.0389 1.3317
4390 2195.0 2.4817 3.3359 2.4817 2.0446 1.4453
4400 2200.0 2.3803 0.1932 2.3803 2.2060 1.4421
4410 2205.0 2.2840 6.7253 2.2840 2.3444 1.4466
4420 2210.0 2.4079 0.0315 2.4079 2.2459 1.5082
4430 2215.0 2.4634 2.0069 2.4634 2.1722 1.4108
4440 2220.0 2.4543 1.4756 2.4543 2.1618 1.3319
4450 2225.0 2.4528 1.3952 2.4528 2.1549 1.4387
4460 2230.0 2.3601 0.7975 2.3601 2.2189 1.4501
4470 2235.0 2.3228 2.9834 2.3228 2.2140 1.4475
4480 2240.0 2.4229 0.2628 2.4229 2.0715 1.4799
4490 2245.0 2.4581 1.6878 2.4581 1.9823 1.3829
4500 2250.0 2.4749 2.8032 2.4749 1.9340 1.3361
4510 2255.0 2.4571 1.6302 2.4571 1.9334 1.4367
4520 2260.0 2.3219 3.0486 2.3219 2.0669 1.4718
4530 2265.0 2.2807 7.1177 2.2807 2.0912 1.4504
4540 2270.0 2.4685 2.3459 2.4685 1.8926 1.4932
4550 2275.0 2.4873 3.8081 2.4873 1.8551 1.3601
4560 2280.0 2.4479 1.1460 2.4479 1.8955 1.3439
4570 2285.0 2.4529 1.3974 2.4529 1.9254 1.4834
4580 2290.0 2.3078 4.2524 2.3078 2.0897 1.4484
4590 2295.0 2.3251 2.8062 2.3251 2.0845 1.4441
4600 2300.0 2.4744 2.7711 2.4744 1.9443 1.4808
4610 2305.0 2.4273 0.3715 2.4273 1.9791 1.3384
4620 2310.0 2.4299 0.4470 2.4299 2.0004 1.3794
4630 2315.0 2.4221 0.2448 2.4221 2.0408 1.4792
4640 2320.0 2.3103 4.0244 2.3103 2.1487 1.4133
4650 2325.0 2.3859 0.0994 2.3859 2.0757 1.4552
4660 2330.0 2.4685 2.3494 2.4685 1.9760 1.4481
4670 2335.0 2.4189 0.1786 2.4189 2.0001 1.3246
4680 2340.0 2.4932 4.3449 2.4932 1.9242 1.4235
4690 2345.0 2.4455 1.0366 2.4455 1.9656 1.4453
4700 2350.0 2.3050 4.5140 2.3050 2.0897 1.3980
4710 2355.0 2.4094 0.0439 2.4094 1.9858 1.5154
4720 2360.0 2.4211 0.2216 2.4211 1.9476 1.4309
4730 2365.0 2.3632 0.6756 2.3632 1.9787 1.3263
4740 2370.0 2.4510 1.3001 2.4510 1.8933 1.5004
4750 2375.0 2.3821 0.1609 2.3821 1.9587 1.4915
4760 2380.0 2.3080 4.2284 2.3080 2.0167 1.3897
4770 2385.0 2.5005 5.0533 2.5005 1.8522 1.4794
4780 2390.0 2.5027 5.2722 2.5027 1.8559 1.4024
4790 2395.0 2.4064 0.0202 2.4064 1.9840 1.3441
4800 2400.0 2.4437 0.9536 2.4437 2.0274 1.5230
4810 2405.0 2.3819 0.1629 2.3819 2.0999 1.5089
4820 2410.0 2.3232 2.9505 2.3232 2.1157 1.3641
4830 2415.0 2.4885 3.9131 2.4885 1.9703 1.4743
4840 2420.0 2.4643 2.0698 2.4643 1.9993 1.4330
4850 2425.0 2.3218 3.0613 2.3218 2.1572 1.3511
4860 2430.0 2.4371 0.6890 2.4371 2.0996 1.5166
4870 2435.0 2.4095 0.0449 2.4095 2.1377 1.4753
4880 2440.0 2.3526 1.1239 2.3526 2.1761 1.3567
4890 2445.0 2.4856 3.6607 2.4856 2.0333 1.4662
4900 2450.0 2.3900 0.0499 2.3900 2.0858 1.4413
4910 2455.0 2.2948 5.5370 2.2948 2.1331 1.3882
4920 2460.0 2.4399 0.7974 2.4399 1.9554 1.4951
4930 2465.0 2.4554 1.5373 2.4554 1.9212 1.4102
4940 2470.0 2.4232 0.2701 2.4232 1.9483 1.3177
4950 2475.0 2.4858 3.6792 2.4858 1.8489 1.4347
4960 2480.0 2.4002 0.0000 2.4002 1.8822 1.4367
4970 2485.0 2.3119 3.8780 2.3119 1.9253 1.3853
4980 2490.0 2.4204 0.2071 2.4204 1.7714 1.4484
4990 2495.0 2.4768 2.9489 2.4768 1.6687 1.4807
5000 2500.0 2.3837 0.1333 2.3837 1.7038 1.4202
5010 2505.0 2.3737 0.3459 2.3737 1.6550 1.4354
5020 2510.0 2.4951 4.5260 2.4951 1.4756 1.5651
5030 2515.0 2.6197 24.1347 2.6197 1.2872 1.6700
5040 2520.0 2.6782 38.7079 2.6782 1.1200 1.7923
5050 2525.0 2.5861 17.3091 2.5861 1.1079 1.8973
5060 2530.0 2.5560 12.1622 2.5560 1.0271 1.9352
5070 2535.0 2.4605 1.8275 2.4605 1.0294 1.8350
5080 2540.0 2.4282 0.3967 2.4282 1.0347 1.8156
5090 2545.0 2.4511 1.3038 2.4511 1.0265 2.0003
5100 2550.0 2.4486 1.1827 2.4486 1.0451 2.1950
5110 2555.0 2.5087 5.9112 2.5087 1.0039 2.3279
5120 2560.0 2.4563 1.5871 2.4563 1.0680 2.3371
5130 2565.0 2.4994 4.9369 2.4994 0.9967 2.2893
5140 2570.0 2.4665 2.2104 2.4665 1.0555 2.2057
5150 2575.0 2.5280 8.1939 2.5280 0.9917 2.1816
5160 2580.0 2.4665 2.2139 2.4665 1.0472 2.1504
5170 2585.0 2.5303 8.4951 2.5303 0.9929 2.2541
5180 2590.0 2.4871 3.7939 2.4871 1.0731 2.2693
5190 2595.0 2.5603 12.8523 2.5603 0.9885 2.2451
5200 2600.0 2.4550 1.5100 2.4550 1.0584 2.0579
5210 2605.0 2.4919 4.2272 2.4919 0.9852 1.9711
5220 2610.0 2.4313 0.4888 2.4313 1.0441 1.8652
5230 2615.0 2.5277 8.1507 2.5277 1.0082 1.8326
5240 2620.0 2.4931 4.3379 2.4931 1.1137 1.7515
5250 2625.0 2.5600 12.8000 2.5600 0.9941 1.8822
5260 2630.0 2.3841 0.1269 2.3841 1.1160 1.9009
5270 2635.0 2.5409 9.9252 2.5409 0.9475 2.1188
5280 2640.0 2.3990 0.0005 2.3990 1.1127 2.1599
5290 2645.0 2.5451 10.5305 2.5451 0.9554 2.3119
5300 2650.0 2.3705 0.4351 2.3705 1.1073 2.2577
5310 2655.0 2.4846 3.5749 2.4846 0.9441 2.3031
5320 2660.0 2.3354 2.0877 2.3354 1.0959 2.1985
5330 2665.0 2.4961 4.6213 2.4961 0.9400 2.2297
5340 2670.0 2.3884 0.0673 2.3884 1.0940 2.0432
5350 2675.0 2.4772 2.9822 2.4772 0.9504 2.1554
5360 2680.0 2.3168 3.4598 2.3168 1.0657 2.1444
5370 2685.0 2.4316 0.5008 2.4316 0.9653 2.1742
5380 2690.0 2.3977 0.0026 2.3977 1.0477 2.1932
5390 2695.0 2.4770 2.9623 2.4770 0.9909 2.2374
5400 2700.0 2.4074 0.0271 2.4074 1.0694 2.1226
5410 2705.0 2.4994 4.9435 2.4994 1.0002 2.1238
5420 2710.0 2.4353 0.6239 2.4353 1.0674 2.1331
5430 2715.0 2.4875 3.8258 2.4875 0.9978 2.2473
5440 2720.0 2.4208 0.2172 2.4208 1.0603 2.2122
5450 2725.0 2.5211 7.3374 2.5211 0.9701 2.2352
5460 2730.0 2.4000 0.0000 2.4000 1.0439 2.2073
5470 2735.0 2.4154 0.1181 2.4154 0.9488 2.2324
5480 2740.0 2.3233 2.9404 2.3233 1.0031 2.1773
5490 2745.0 2.3284 2.5649 2.3284 0.9833 2.1699
5500 2750.0 2.3803 0.1943 2.3803 0.9661 2.2813
5510 2755.0 2.4066 0.0217 2.4066 1.0421 2.4399
5520 2760.0 2.4967 4.6751 2.4967 1.0079 2.4633
5530 2765.0 2.4262 0.3443 2.4262 1.0315 2.4115
5540 2770.0 2.4372 0.6920 2.4372 0.9890 2.2913
5550 2775.0 2.4039 0.0076 2.4039 1.0262 2.1544
5560 2780.0 2.4721 2.5977 2.4721 1.0294 2.0445
5570 2785.0 2.4867 3.7628 2.4867 1.0780 1.9192
5580 2790.0 2.4803 3.2225 2.4803 1.0596 1.8928
5590 2795.0 2.4016 0.0013 2.4016 1.0226 1.9579
5600 2800.0 2.4053 0.0142 2.4053 0.9994 2.0472
5610 2805.0 2.4270 0.3633 2.4270 1.0427 2.0133
5620 2810.0 2.4889 3.9528 2.4889 0.9960 1.9261
5630 2815.0 2.4404 0.8164 2.4404 1.0495 1.8281
5640 2820.0 2.5096 6.0038 2.5096 1.0250 1.8503
5650 2825.0 2.5063 5.6459 2.5063 1.0464 1.7938
5660 2830.0 2.5062 5.6341 2.5062 1.0462 1.8195
5670 2835.0 2.5250 7.8137 2.5250 1.0538 1.9823
5680 2840.0 2.5819 16.5443 2.5819 1.0792 2.1330
5690 2845.0 2.6030 20.6064 2.6030 1.0801 2.1105
5700 2850.0 2.6041 20.8238 2.6041 1.0424 1.9260
5710 2855.0 2.5469 10.7862 2.5469 1.0644 1.8171
5720 2860.0 2.5712 14.6462 2.5712 1.0442 1.9045
5730 2865.0 2.5242 7.7173 2.5242 1.0206 1.9355
5740 2870.0 2.4609 1.8549 2.4609 1.0043 1.9683
5750 2875.0 2.4782 3.0595 2.4782 1.0084 2.0995
5760 2880.0 2.5104 6.0990 2.5104 1.0189 2.2072
5770 2885.0 2.4518 1.3436 2.4518 1.0225 2.1112
5780 2890.0 2.4465 1.0801 2.4465 0.9871 1.9558
5790 2895.0 2.4719 2.5870 2.4719 0.9977 1.9473
5800 2900.0 2.5036 5.3619 2.5036 1.0315 2.0132
5810 2905.0 2.5303 8.4890 2.5303 1.0378 2.0277
5820 2910.0 2.5644 13.5096 2.5644 1.0256 2.0326
5830 2915.0 2.5475 10.8816 2.5475 1.0304 2.0451
5840 2920.0 2.5135 6.4433 2.5135 1.0164 2.0783
5850 2925.0 2.4833 3.4735 2.4833 1.0255 2.1394
5860 2930.0 2.4689 2.3735 2.4689 1.0122 2.2145
5870 2935.0 2.4755 2.8513 2.4755 0.9795 2.2665
5880 2940.0 2.4121 0.0733 2.4121 1.0288 2.2336
5890 2945.0 2.4684 2.3394 2.4684 0.9828 2.2057
5900 2950.0 2.4346 0.5972 2.4346 1.0376 2.1967
5910 2955.0 2.5243 7.7212 2.5243 0.9697 2.2564
5920 2960.0 2.5241 7.6973 2.5241 1.0392 2.2682
5930 2965.0 2.5334 8.9028 2.5334 0.9853 2.1655
5940 2970.0 2.4545 1.4865 2.4545 1.0233 2.0288
5950 2975.0 2.4886 3.9222 2.4886 0.9948 2.0061
5960 2980.0 2.4738 2.7197 2.4738 1.0191 1.9997
5970 2985.0 2.5212 7.3446 2.5212 1.0283 2.0992
5980 2990.0 2.6004 20.0878 2.6004 1.0509 2.2134
5990 2995.0 2.6144 22.9767 2.6144 1.0364 2.1888
6000 3000.0 2.5076 5.7849 2.5076 1.0670 1.9909
6010 3005.0 2.5209 7.3077 2.5209 0.9996 1.8704
6020 3010.0 2.4497 1.2330 2.4497 1.0403 1.8199
6030 3015.0 2.4832 3.4635 2.4832 0.9910 1.9693
6040 3020.0 2.4778 3.0227 2.4778 1.0419 2.1257
6050 3025.0 2.5276 8.1392 2.5276 1.0047 2.3191
6060 3030.0 2.4665 2.2107 2.4665 1.0362 2.2823
6070 3035.0 2.4412 0.8506 2.4412 0.9834 2.3420
6080 3040.0 2.3985 0.0011 2.3985 0.9884 2.3413
6090 3045.0 2.3622 0.7142 2.3622 0.9990 2.2774
6100 3050.0 2.3905 0.0451 2.3905 0.9622 2.2612
6110 3055.0 2.3779 0.2433 2.3779 0.9972 2.2231
6120 3060.0 2.4491 1.2074 2.4491 0.9799 2.2289
6130 3065.0 2.4786 3.0918 2.4786 1.0209 2.1960
6140 3070.0 2.5101 6.0556 2.5101 1.0059 2.1088
6150 3075.0 2.4956 4.5711 2.4956 0.9984 2.0070
6160 3080.0 2.4773 2.9892 2.4773 0.9987 1.9892
6170 3085.0 2.4620 1.9204 2.4620 1.0034 2.0341
6180 3090.0 2.4673 2.2650 2.4673 0.9941 2.0816
6190 3095.0 2.4321 0.5165 2.4321 1.0213 2.0754
6200 3100.0 2.4897 4.0227 2.4897 0.9726 2.1337
6210 3105.0 2.4770 2.9638 2.4770 1.0470 2.2341
6220 3110.0 2.5607 12.9095 2.5607 0.9843 2.3567
6230 3115.0 2.4598 1.7900 2.4598 1.0637 2.3195
6240 3120.0 2.5355 9.1765 2.5355 0.9680 2.3296
6250 3125.0 2.4751 2.8167 2.4751 1.0510 2.3074
6260 3130.0 2.5310 8.5791 2.5310 0.9968 2.2898
6270 3135.0 2.4677 2.2911 2.4677 1.0481 2.1460
6280 3140.0 2.5176 6.9206 2.5176 0.9844 2.0634
6290 3145.0 2.4528 1.3956 2.4528 1.0710 1.9340
6300 3150.0 2.5096 6.0051 2.5096 1.0150 1.9142
6310 3155.0 2.4938 4.4004 2.4938 1.0472 1.8897
6320 3160.0 2.5434 10.2886 2.5434 1.0119 1.9482
6330 3165.0 2.5288 8.2948 2.5288 1.0739 2.0160
6340 3170.0 2.5679 14.0918 2.5679 1.0271 2.0894
6350 3175.0 2.4854 3.6458 2.4854 1.0688 2.0296
6360 3180.0 2.5314 8.6355 2.5314 0.9950 2.0394
6370 3185.0 2.4866 3.7471 2.4866 1.0571 2.0141
6380 3190.0 2.5454 10.5758 2.5454 1.0083 2.0532
6390 3195.0 2.4683 2.3294 2.4683 1.0430 2.0161
6400 3200.0 2.5252 7.8389 2.5252 0.9807 2.0990
6410 3205.0 2.4645 2.0799 2.4645 1.0619 2.1554
6420 3210.0 2.5465 10.7338 2.5465 0.9880 2.2188
6430 3215.0 2.4496 1.2311 2.4496 1.0585 2.1160
6440 3220.0 2.5019 5.1890 2.5019 0.9619 2.0832
6450 3225.0 2.3955 0.0103 2.3955 1.0693 1.9648
6460 3230.0 2.4920 4.2365 2.4920 0.9788 1.9863
6470 3235.0 2.4465 1.0826 2.4465 1.0659 1.9612
6480 3240.0 2.5195 7.1415 2.5195 0.9735 2.0695
6490 3245.0 2.4639 2.0417 2.4639 1.0285 2.1078
6500 3250.0 2.5016 5.1570 2.5016 0.9981 2.2179
6510 3255.0 2.4415 0.8629 2.4415 1.0338 2.3024
6520 3260.0 2.4609 1.8558 2.4609 0.9799 2.4508
6530 3265.0 2.4355 0.6303 2.4355 1.0312 2.4370
6540 3270.0 2.4653 2.1344 2.4653 0.9734 2.3945
6550 3275.0 2.3454 1.4891 2.3454 1.0234 2.2742
6560 3280.0 2.3393 1.8448 2.3393 0.9678 2.2073
6570 3285.0 2.3755 0.2998 2.3755 1.0005 2.1105
6580 3290.0 2.4661 2.1823 2.4661 0.9824 2.1488
6590 3295.0 2.4344 0.5900 2.4344 1.0229 2.1742
6600 3300.0 2.4324 0.5254 2.4324 0.9833 2.2111
6610 3305.0 2.4329 0.5400 2.4329 1.0213 2.1702
6620 3310.0 2.4732 2.6817 2.4732 0.9721 2.2358
6630 3315.0 2.4011 0.0006 2.4011 1.0347 2.2752
6640 3320.0 2.4358 0.6401 2.4358 0.9605 2.3956
6650 3325.0 2.4338 0.5698 2.4338 1.0232 2.3740
6660 3330.0 2.4963 4.6359 2.4963 0.9752 2.3636
6670 3335.0 2.4436 0.9500 2.4436 0.9917 2.3427
6680 3340.0 2.3760 0.2885 2.3760 0.9970 2.4068
6690 3345.0 2.4101 0.0507 2.4101 0.9900 2.4517
6700 3350.0 2.4162 0.1309 2.4162 1.0086 2.4293
6710 3355.0 2.4073 0.0268 2.4073 0.9757 2.5107
6720 3360.0 2.3917 0.0344 2.3917 1.0191 2.3396
6730 3365.0 2.4895 4.0019 2.4895 0.9859 2.2494
6740 3370.0 2.4776 3.0110 2.4776 1.0270 2.1336
6750 3375.0 2.5159 6.7207 2.5159 0.9806 2.0363
6760 3380.0 2.5011 5.1143 2.5011 1.0287 1.9473
6770 3385.0 2.5289 8.3066 2.5289 0.9840 1.9693
6780 3390.0 2.4467 1.0885 2.4467 1.0186 2.0344
6790 3395.0 2.4707 2.5016 2.4707 0.9857 2.2056
6800 3400.0 2.4487 1.1860 2.4487 1.0237 2.2807
6810 3405.0 2.4644 2.0760 2.4644 0.9964 2.2995
6820 3410.0 2.4297 0.4415 2.4297 1.0126 2.2956
6830 3415.0 2.4192 0.1851 2.4192 0.9989 2.2873
6840 3420.0 2.4063 0.0199 2.4063 0.9918 2.2028
6850 3425.0 2.4274 0.3758 2.4274 1.0029 2.1105
6860 3430.0 2.4752 2.8254 2.4752 0.9891 2.1484
6870 3435.0 2.4773 2.9882 2.4773 1.0276 2.1883
6880 3440.0 2.5272 8.0865 2.5272 0.9794 2.2672
6890 3445.0 2.4422 0.8916 2.4422 1.0311 2.2598
6900 3450.0 2.4241 0.2903 2.4241 0.9655 2.2325
6910 3455.0 2.3486 1.3191 2.3486 1.0244 2.2194
6920 3460.0 2.3922 0.0307 2.3922 0.9628 2.3105
6930 3465.0 2.3735 0.3506 2.3735 1.0271 2.4017
6940 3470.0 2.4629 1.9795 2.4629 0.9637 2.4393
6950 3475.0 2.4286 0.4100 2.4286 1.0342 2.3933
6960 3480.0 2.3969 0.0047 2.3969 0.9691 2.3902
6970 3485.0 2.3138 3.7181 2.3138 1.0134 2.2832
6980 3490.0 2.4232 0.2682 2.4232 0.9583 2.2952
6990 3495.0 2.4365 0.6660 2.4365 1.0374 2.3009
7000 3500.0 2.5096 6.0023 2.5096 0.9851 2.3735
7010 3505.0 2.4429 0.9196 2.4429 1.0424 2.3251
7020 3510.0 2.4562 1.5769 2.4562 0.9691 2.2624
7030 3515.0 2.3741 0.3342 2.3741 1.0247 2.1426
7040 3520.0 2.3932 0.0234 2.3932 0.9913 2.1774
7050 3525.0 2.4105 0.0551 2.4105 0.9801 2.2012
7060 3530.0 2.3930 0.0244 2.3930 1.0227 2.1344
7070 3535.0 2.5042 5.4242 2.5042 0.9887 2.1071
7080 3540.0 2.5004 5.0433 2.5004 1.0639 2.1100
7090 3545.0 2.5147 6.5728 2.5147 0.9872 2.1546
7100 3550.0 2.3895 0.0554 2.3895 1.0326 2.0589
7110 3555.0 2.4215 0.2315 2.4215 0.9623 1.9801
7120 3560.0 2.3962 0.0072 2.3962 1.0313 1.8417
7130 3565.0 2.4409 0.8349 2.4409 0.9770 1.8718
7140 3570.0 2.4055 0.0151 2.4055 1.0046 1.9088
7150 3575.0 2.4678 2.2991 2.4678 0.9913 2.0101
7160 3580.0 2.4807 3.2534 2.4807 1.0416 2.0586
7170 3585.0 2.5067 5.6936 2.5067 0.9864 2.1320
7180 3590.0 2.4069 0.0237 2.4069 1.0417 2.1338
7190 3595.0 2.4115 0.0665 2.4115 0.9601 2.2485
7200 3600.0 2.3793 0.2151 2.3793 1.0268 2.3266
7210 3605.0 2.4960 4.6093 2.4960 0.9608 2.4109
7220 3610.0 2.4136 0.0929 2.4136 1.0592 2.3735
7230 3615.0 2.4202 0.2048 2.4202 0.9552 2.3112
7240 3620.0 2.3338 2.1887 2.3338 1.0169 2.1553
7250 3625.0 2.3974 0.0034 2.3974 0.9836 2.1382
7260 3630.0 2.4250 0.3118 2.4250 1.0186 2.2108
7270 3635.0 2.5112 6.1818 2.5112 1.0008 2.3039
7280 3640.0 2.5097 6.0131 2.5097 1.0504 2.2297
7290 3645.0 2.5201 7.2174 2.5201 0.9929 2.1203
7300 3650.0 2.4148 0.1100 2.4148 1.0306 2.0052
7310 3655.0 2.3923 0.0295 2.3923 0.9891 2.0223
7320 3660.0 2.3912 0.0386 2.3912 0.9954 1.9679
7330 3665.0 2.4674 2.2685 2.4674 1.0229 1.8533
7340 3670.0 2.4883 3.9000 2.4883 1.0695 1.8100
7350 3675.0 2.4661 2.1858 2.4661 0.9671 1.9611
7360 3680.0 2.4072 0.0257 2.4072 1.0332 2.0406
7370 3685.0 2.5455 10.5832 2.5455 0.9935 2.0946
7380 3690.0 2.5144 6.5473 2.5144 1.0539 1.9801
7390 3695.0 2.4197 0.1936 2.4197 1.0017 1.9513
7400 3700.0 2.3355 2.0832 2.3355 1.0057 2.0373
7410 3705.0 2.3824 0.1545 2.3824 0.9998 2.1669
7420 3710.0 2.4877 3.8489 2.4877 1.0102 2.2080
7430 3715.0 2.5338 8.9469 2.5338 1.0491 2.2156
7440 3720.0 2.5036 5.3714 2.5036 1.0150 2.3041
7450 3725.0 2.4522 1.3650 2.4522 1.0290 2.3284
7460 3730.0 2.4461 1.0613 2.4461 0.9833 2.1555
7470 3735.0 2.4226 0.2544 2.4226 1.0395 1.9479
7480 3740.0 2.4601 1.8090 2.4601 1.0030 2.0325
7490 3745.0 2.4435 0.9441 2.4435 1.0427 2.1477
7500 3750.0 2.5053 5.5445 2.5053 0.9986 2.1238
7510 3755.0 2.5179 6.9503 2.5179 1.0456 1.9868
7520 3760.0 2.5095 5.9978 2.5095 1.0549 1.9543
7530 3765.0 2.4760 2.8871 2.4760 0.9898 2.0737
7540 3770.0 2.3976 0.0030 2.3976 0.9989 2.1007
7550 3775.0 2.3869 0.0854 2.3869 0.9832 2.0013
7560 3780.0 2.3997 0.0000 2.3997 0.9951 1.9445
7570 3785.0 2.3903 0.0472 2.3903 0.9894 2.0470
7580 3790.0 2.4524 1.3703 2.4524 0.9998 2.1883
7590 3795.0 2.5730 14.9676 2.5730 1.0155 2.3196
7600 3800.0 2.5192 7.1061 2.5192 1.0067 2.2879
7610 3805.0 2.4002 0.0000 2.4002 0.9991 2.1647
7620 3810.0 2.3893 0.0576 2.3893 0.9857 2.0869
7630 3815.0 2.3838 0.1310 2.3838 1.0143 2.0477
7640 3820.0 2.4180 0.1624 2.4180 0.9774 2.0930
7650 3825.0 2.4121 0.0735 2.4121 1.0138 2.1355
7660 3830.0 2.4720 2.5911 2.4720 1.0002 2.1584
7670 3835.0 2.4839 3.5177 2.4839 1.0258 2.1155
7680 3840.0 2.5102 6.0668 2.5102 1.0102 2.0547
7690 3845.0 2.4607 1.8436 2.4607 1.0215 2.0092
7700 3850.0 2.4425 0.9025 2.4425 0.9823 2.0571
7710 3855.0 2.4069 0.0236 2.4069 1.0129 2.0787
7720 3860.0 2.4266 0.3544 2.4266 0.9944 2.1458
7730 3865.0 2.4387 0.7484 2.4387 0.9951 2.2257
7740 3870.0 2.4411 0.8449 2.4411 1.0175 2.3116
7750 3875.0 2.4586 1.7190 2.4586 0.9859 2.3641
7760 3880.0 2.4177 0.1571 2.4177 1.0176 2.3621
7770 3885.0 2.4402 0.8072 2.4402 0.9767 2.3740
7780 3890.0 2.4196 0.1923 2.4196 0.9972 2.3473
7790 3895.0 2.4470 1.1058 2.4470 1.0017 2.3394
7800 3900.0 2.4662 2.1887 2.4662 0.9832 2.3288
7810 3905.0 2.4028 0.0038 2.4028 1.0117 2.3207
7820 3910.0 2.4167 0.1394 2.4167 0.9749 2.3645
7830 3915.0 2.4272 0.3687 2.4272 1.0218 2.4144
7840 3920.0 2.5189 7.0686 2.5189 0.9741 2.5115
7850 3925.0 2.4220 0.2412 2.4220 1.0315 2.4576
7860 3930.0 2.3927 0.0266 2.3927 0.9592 2.4304
7870 3935.0 2.3435 1.5935 2.3435 0.9955 2.4247
7880 3940.0 2.4070 0.0245 2.4070 0.9999 2.4254
7890 3945.0 2.4943 4.4449 2.4943 1.0093 2.4631
7900 3950.0 2.4948 4.4922 2.4948 1.0120 2.4170
7910 3955.0 2.4572 1.6352 2.4572 0.9961 2.3046
7920 3960.0 2.3954 0.0104 2.3954 1.0470 2.2072
7930 3965.0 2.4784 3.0754 2.4784 0.9653 2.2094
7940 3970.0 2.4277 0.3834 2.4277 1.0380 2.0882
7950 3975.0 2.5179 6.9461 2.5179 0.9875 2.0067
7960 3980.0 2.4786 3.0902 2.4786 1.0564 1.9213
7970 3985.0 2.5451 10.5204 2.5451 0.9820 1.9850
7980 3990.0 2.4571 1.6279 2.4571 1.0716 1.9960
7990 3995.0 2.5632 13.3146 2.5632 0.9879 2.0669
8000 4000.0 2.5007 5.0719 2.5007 1.0799 1.9962
8010 4005.0 2.5125 6.3313 2.5125 0.9808 2.0640
8020 4010.0 2.3627 0.6974 2.3627 1.0409 2.0782
8030 4015.0 2.3919 0.0332 2.3919 0.9707 2.0852
8040 4020.0 2.3747 0.3191 2.3747 1.0155 1.9795
8050 4025.0 2.4695 2.4130 2.4695 1.0085 1.9769
8060 4030.0 2.5007 5.0707 2.5007 1.0207 2.0493
8070 4035.0 2.4980 4.8011 2.4980 1.0041 2.0892
8080 4040.0 2.4359 0.6455 2.4359 1.0156 2.0302
8090 4045.0 2.4528 1.3959 2.4528 1.0120 1.9742
8100 4050.0 2.4359 0.6456 2.4359 1.0319 1.9845
8110 4055.0 2.4424 0.8992 2.4424 1.0028 2.1121
8120 4060.0 2.4652 2.1247 2.4652 1.0004 2.2352
8130 4065.0 2.4613 1.8761 2.4613 1.0126 2.2493
8140 4070.0 2.4789 3.1112 2.4789 1.0068 2.2693
8150 4075.0 2.4458 1.0510 2.4458 1.0252 2.3246
8160 4080.0 2.4484 1.1734 2.4484 0.9939 2.3824
8170 4085.0 2.3845 0.1196 2.3845 1.0231 2.2836
8180 4090.0 2.4272 0.3710 2.4272 0.9753 2.1637
8190 4095.0 2.4199 0.1977 2.4199 1.0172 2.0878
8200 4100.0 2.4714 2.5517 2.4714 0.9848 2.1357
8210 4105.0 2.4747 2.7919 2.4747 1.0125 2.1451
8220 4110.0 2.4918 4.2168 2.4918 0.9969 2.1092
8230 4115.0 2.4582 1.6915 2.4582 1.0069 2.0452
8240 4120.0 2.3651 0.6104 2.3651 0.9783 2.0523
8250 4125.0 2.3458 1.4715 2.3458 0.9883 2.0884
8260 4130.0 2.4192 0.1848 2.4192 1.0044 2.1244
8270 4135.0 2.5186 7.0281 2.5186 1.0059 2.1734
8280 4140.0 2.4830 3.4462 2.4830 1.0174 2.1604
8290 4145.0 2.4102 0.0523 2.4102 0.9781 2.0969
8300 4150.0 2.3592 0.8324 2.3592 0.9984 2.0405
8310 4155.0 2.3887 0.0637 2.3887 0.9871 2.0845
8320 4160.0 2.4126 0.0796 2.4126 0.9989 2.1663
8330 4165.0 2.4825 3.4003 2.4825 1.0112 2.2807
8340 4170.0 2.5577 12.4412 2.5577 1.0220 2.3361
8350 4175.0 2.5307 8.5372 2.5307 1.0218 2.2984
8360 4180.0 2.4305 0.4637 2.4305 1.0093 2.2129
8370 4185.0 2.3650 0.6119 2.3650 1.0011 2.1112
8380 4190.0 2.3954 0.0105 2.3954 0.9527 2.0665
8390 4195.0 2.3296 2.4801 2.3296 1.0332 2.0085
8400 4200.0 2.4376 0.7055 2.4376 0.9621 2.0625
8410 4205.0 2.4383 0.7338 2.4383 1.0686 1.9998
8420 4210.0 2.6030 20.6083 2.6030 0.9942 2.0758
8430 4215.0 2.5119 6.2558 2.5119 1.0510 2.0362
8440 4220.0 2.4319 0.5096 2.4319 0.9798 2.0388
8450 4225.0 2.3459 1.4656 2.3459 1.0030 2.0167
8460 4230.0 2.3641 0.6453 2.3641 0.9755 2.0419
8470 4235.0 2.3796 0.2090 2.3796 0.9829 2.0326
8480 4240.0 2.4285 0.4057 2.4285 1.0026 2.0744
8490 4245.0 2.4957 4.5784 2.4957 1.0013 2.1927
8500 4250.0 2.5012 5.1191 2.5012 1.0351 2.3016
8510 4255.0 2.5145 6.5603 2.5145 1.0127 2.3386
8520 4260.0 2.4526 1.3816 2.4526 1.0098 2.2615
8530 4265.0 2.4256 0.3274 2.4256 0.9902 2.1573
8540 4270.0 2.3989 0.0006 2.3989 1.0112 2.0552
8550 4275.0 2.4259 0.3362 2.4259 0.9857 2.0433
8560 4280.0 2.4244 0.2973 2.4244 1.0193 2.0669
8570 4285.0 2.4885 3.9155 2.4885 0.9984 2.1191
8580 4290.0 2.4892 3.9761 2.4892 1.0283 2.0587
8590 4295.0 2.5172 6.8645 2.5172 1.0152 1.9900
8600 4300.0 2.4749 2.8038 2.4749 1.0372 1.9692
8610 4305.0 2.4401 0.8023 2.4401 0.9895 2.0951
8620 4310.0 2.4105 0.0552 2.4105 0.9942 2.1599
8630 4315.0 2.3951 0.0122 2.3951 1.0067 2.1951
8640 4320.0 2.4096 0.0461 2.4096 0.9868 2.2936
8650 4325.0 2.3968 0.0052 2.3968 1.0072 2.4475
8660 4330.0 2.4480 1.1519 2.4480 0.9884 2.4492
8670 4335.0 2.4409 0.8346 2.4409 1.0037 2.4920
8680 4340.0 2.4054 0.0148 2.4054 0.9925 2.3557
8690 4345.0 2.3878 0.0747 2.3878 0.9954 2.2201
8700 4350.0 2.4205 0.2100 2.4205 0.9778 2.1340
8710 4355.0 2.4754 2.8390 2.4754 1.0304 2.0714
8720 4360.0 2.5719 14.7788 2.5719 0.9818 2.0313
8730 4365.0 2.5006 5.0579 2.5006 1.0425 1.9424
8740 4370.0 2.5087 5.9045 2.5087 0.9769 1.9745
8750 4375.0 2.4243 0.2943 2.4243 1.0346 1.9774
8760 4380.0 2.4689 2.3710 2.4689 0.9972 2.1135
8770 4385.0 2.4836 3.4934 2.4836 1.0283 2.2195
8780 4390.0 2.5220 7.4432 2.5220 0.9988 2.2092
8790 4395.0 2.4984 4.8447 2.4984 1.0284 2.1030
8800 4400.0 2.5171 6.8592 2.5171 1.0137 2.0847
8810 4405.0 2.5149 6.5955 2.5149 1.0055 2.0712
8820 4410.0 2.5033 5.3365 2.5033 1.0133 2.0096
8830 4415.0 2.5228 7.5404 2.5228 0.9982 1.9859
8840 4420.0 2.4882 3.8864 2.4882 1.0155 2.0187
8850 4425.0 2.4735 2.6988 2.4735 0.9920 2.0836
8860 4430.0 2.4407 0.8263 2.4407 1.0076 2.0827
8870 4435.0 2.4642 2.0611 2.4642 0.9774 2.0665
8880 4440.0 2.4314 0.4921 2.4314 1.0308 2.0290
8890 4445.0 2.4526 1.3822 2.4526 0.9801 2.0772
8900 4450.0 2.3706 0.4335 2.3706 1.0377 2.0076
8910 4455.0 2.4491 1.2063 2.4491 0.9723 1.9724
8920 4460.0 2.4448 1.0055 2.4448 1.0732 1.8777
8930 4465.0 2.5503 11.2927 2.5503 1.0048 1.9634
8940 4470.0 2.4702 2.4611 2.4702 1.0481 1.9522
8950 4475.0 2.4817 3.3405 2.4817 0.9835 1.9960
8960 4480.0 2.4172 0.1474 2.4172 1.0468 1.9784
8970 4485.0 2.4727 2.6461 2.4727 0.9778 2.0704
8980 4490.0 2.4144 0.1032 2.4144 1.0401 2.0936
8990 4495.0 2.4930 4.3275 2.4930 0.9655 2.1069
9000 4500.0 2.4375 0.7032 2.4375 1.0263 2.0335
9010 4505.0 2.4496 1.2297 2.4496 0.9966 2.0817
9020 4510.0 2.4490 1.1999 2.4490 0.9984 2.1192
9030 4515.0 2.4560 1.5671 2.4560 1.0142 2.0700
9040 4520.0 2.5015 5.1551 2.5015 0.9976 2.0060
9050 4525.0 2.4593 1.7570 2.4593 1.0224 1.9714
9060 4530.0 2.4561 1.5758 2.4561 0.9742 1.9903
9070 4535.0 2.4115 0.0657 2.4115 1.0196 1.8928
9080 4540.0 2.5023 5.2284 2.5023 0.9872 1.8543
9090 4545.0 2.4640 2.0479 2.4640 1.0350 1.8474
9100 4550.0 2.5057 5.5841 2.5057 0.9705 2.0061
9110 4555.0 2.4675 2.2796 2.4675 1.0508 2.0555
9120 4560.0 2.5253 7.8534 2.5253 0.9705 2.1383
9130 4565.0 2.4106 0.0562 2.4106 1.0594 2.1113
9140 4570.0 2.4498 1.2424 2.4498 0.9680 2.1911
9150 4575.0 2.3760 0.2891 2.3760 1.0405 2.2138
9160 4580.0 2.4260 0.3387 2.4260 0.9826 2.2618
9170 4585.0 2.4130 0.0846 2.4130 1.0270 2.2075
9180 4590.0 2.4530 1.4035 2.4530 1.0103 2.1474
9190 4595.0 2.3656 0.5916 2.3656 1.0030 2.1150
9200 4600.0 2.3460 1.4605 2.3460 1.0037 2.1611
9210 4605.0 2.5003 5.0295 2.5003 0.9906 2.2987
9220 4610.0 2.5158 6.6997 2.5158 1.0466 2.3416
9230 4615.0 2.4517 1.3389 2.4517 0.9831 2.2555
9240 4620.0 2.3631 0.6790 2.3631 1.0340 2.1486
9250 4625.0 2.5071 5.7382 2.5071 0.9584 2.1759
9260 4630.0 2.4224 0.2518 2.4224 1.0951 2.1419
9270 4635.0 2.5164 6.7725 2.5164 0.9545 2.2376
9280 4640.0 2.4209 0.2174 2.4209 1.0646 2.2178
9290 4645.0 2.5222 7.4702 2.5222 0.9676 2.1783
9300 4650.0 2.4527 1.3881 2.4527 1.0762 2.0420
9310 4655.0 2.5392 9.6926 2.5392 0.9720 2.0964
9320 4660.0 2.4356 0.6328 2.4356 1.0582 2.1009
9330 4665.0 2.5170 6.8387 2.5170 0.9840 2.0867
9340 4670.0 2.4778 3.0233 2.4778 1.0855 1.9156
9350 4675.0 2.5167 6.8135 2.5167 0.9977 1.9082
9360 4680.0 2.3731 0.3629 2.3731 1.0297 1.9645
9370 4685.0 2.4074 0.0273 2.4074 0.9605 2.1017
9380 4690.0 2.3901 0.0489 2.3901 1.0378 2.0853
9390 4695.0 2.5054 5.5498 2.5054 1.0013 2.1136
9400 4700.0 2.4549 1.5083 2.4549 1.0324 2.1972
9410 4705.0 2.4474 1.1241 2.4474 0.9771 2.3586
9420 4710.0 2.4367 0.6719 2.4367 1.0067 2.4417
9430 4715.0 2.4589 1.7352 2.4589 0.9974 2.4121
9440 4720.0 2.4511 1.3035 2.4511 1.0015 2.3703
9450 4725.0 2.3978 0.0025 2.3978 0.9911 2.3772
9460 4730.0 2.3984 0.0013 2.3984 0.9874 2.4130
9470 4735.0 2.4594 1.7618 2.4594 0.9918 2.3832
9480 4740.0 2.4859 3.6876 2.4859 1.0221 2.2739
9490 4745.0 2.4304 0.4616 2.4304 0.9897 2.1462
9500 4750.0 2.3590 0.8411 2.3590 1.0003 2.0206
9510 4755.0 2.4614 1.8874 2.4614 1.0047 1.9328
9520 4760.0 2.5274 8.1114 2.5274 1.0421 1.9036
9530 4765.0 2.5186 7.0380 2.5186 0.9903 1.9641
9540 4770.0 2.4041 0.0083 2.4041 1.0265 1.9533
9550 4775.0 2.4309 0.4765 2.4309 0.9734 1.9941
9560 4780.0 2.3957 0.0094 2.3957 1.0216 1.9939
9570 4785.0 2.4518 1.3392 2.4518 0.9687 2.1385
9580 4790.0 2.4392 0.7682 2.4392 1.0487 2.1778
9590 4795.0 2.5779 15.8308 2.5779 0.9827 2.2486
9600 4800.0 2.5095 6.0000 2.5095 1.0771 2.1697
9610 4805.0 2.5055 5.5646 2.5055 0.9744 2.1384
9620 4810.0 2.3914 0.0373 2.3914 1.0348 2.0354
9630 4815.0 2.4322 0.5186 2.4322 0.9864 2.0286
9640 4820.0 2.4353 0.6230 2.4353 1.0038 2.0197
9650 4825.0 2.4583 1.7014 2.4583 1.0216 2.0557
9660 4830.0 2.4912 4.1625 2.4912 0.9934 2.0580
9670 4835.0 2.4242 0.2939 2.4242 1.0363 1.9998
9680 4840.0 2.4740 2.7408 2.4740 0.9653 2.0410
9690 4845.0 2.3898 0.0518 2.3898 1.0633 2.0680
9700 4850.0 2.5141 6.5066 2.5141 0.9566 2.2160
9710 4855.0 2.4504 1.2699 2.4504 1.0796 2.2480
9720 4860.0 2.5577 12.4361 2.5577 0.9566 2.3116
9730 4865.0 2.4166 0.1379 2.4166 1.0545 2.2186
9740 4870.0 2.4275 0.3770 2.4275 0.9659 2.2372
9750 4875.0 2.4074 0.0272 2.4074 0.9962 2.2385
9760 4880.0 2.4425 0.9014 2.4425 1.0172 2.2532
9770 4885.0 2.5223 7.4841 2.5223 0.9942 2.3166
9780 4890.0 2.4666 2.2185 2.4666 1.0258 2.3279
9790 4895.0 2.4170 0.1446 2.4170 0.9588 2.4037
9800 4900.0 2.3116 3.9052 2.3116 1.0268 2.2651
9810 4905.0 2.4252 0.3183 2.4252 0.9466 2.2759
9820 4910.0 2.4322 0.5194 2.4322 1.0434 2.2291
9830 4915.0 2.5409 9.9273 2.5409 0.9838 2.1884
9840 4920.0 2.4362 0.6536 2.4362 1.0589 2.0366
9850 4925.0 2.4718 2.5758 2.4718 0.9648 1.9678
9860 4930.0 2.4268 0.3580 2.4268 1.0425 1.8366
9870 4935.0 2.4853 3.6398 2.4853 0.9935 1.9181
9880 4940.0 2.4596 1.7780 2.4596 1.0304 2.0250
9890 4945.0 2.5115 6.2110 2.5115 0.9988 2.2248
9900 4950.0 2.4800 3.2009 2.4800 1.0284 2.2968
9910 4955.0 2.4567 1.6099 2.4567 0.9941 2.2719
9920 4960.0 2.4020 0.0020 2.4020 1.0193 2.2258
9930 4965.0 2.4159 0.1270 2.4159 1.0033 2.2641
9940 4970.0 2.4529 1.4013 2.4529 0.9861 2.2995
9950 4975.0 2.4176 0.1557 2.4176 1.0370 2.2485
9960 4980.0 2.4396 0.7821 2.4396 0.9556 2.2028
9970 4985.0 2.3878 0.0750 2.3878 1.0442 2.1763
9980 4990.0 2.5305 8.5136 2.5305 0.9501 2.2652
9990 4995.0 2.4599 1.7931 2.4599 1.0538 2.2830
10000 5000.0 2.5444 10.4284 2.5444 0.9529 2.3421
10010 5005.0 2.4862 3.7122 2.4862 1.0518 2.3259
10020 5010.0 2.5624 13.1812 2.5624 0.9697 2.2968
10030 5015.0 2.4379 0.7179 2.4379 1.0615 2.1843
10040 5020.0 2.4756 2.8557 2.4756 0.9642 2.2363
10050 5025.0 2.4221 0.2444 2.4221 1.0232 2.2516
10060 5030.0 2.4479 1.1472 2.4479 0.9933 2.2493
10070 5035.0 2.4157 0.1234 2.4157 1.0018 2.2193
10080 5040.0 2.3930 0.0245 2.3930 1.0208 2.2582
10090 5045.0 2.5331 8.8590 2.5331 0.9966 2.3648
10100 5050.0 2.5936 18.7368 2.5936 1.0243 2.3229
10110 5055.0 2.4924 4.2666 2.4924 1.0068 2.1116
10120 5060.0 2.3756 0.2989 2.3756 0.9982 1.9347
10130 5065.0 2.3509 1.2070 2.3509 0.9660 1.9176
10140 5070.0 2.3841 0.1261 2.3841 1.0049 1.9085
10150 5075.0 2.4964 4.6427 2.4964 0.9816 2.0149
10160 5080.0 2.4959 4.6003 2.4959 1.0292 2.0767
10170 5085.0 2.5073 5.7592 2.5073 0.9888 2.1606
10180 5090.0 2.4396 0.7831 2.4396 1.0125 2.1676
10190 5095.0 2.4125 0.0778 2.4125 1.0026 2.1523
10200 5100.0 2.4249 0.3093 2.4249 0.9851 2.1828
10210 5105.0 2.3992 0.0003 2.3992 1.0402 2.1939
10220 5110.0 2.5050 5.5159 2.5050 0.9763 2.2352
10230 5115.0 2.4398 0.7911 2.4398 1.0671 2.1929
10240 5120.0 2.5478 10.9286 2.5478 0.9805 2.2415
10250 5125.0 2.4774 2.9976 2.4774 1.0533 2.1743
10260 5130.0 2.5168 6.8169 2.5168 0.9714 2.1072
10270 5135.0 2.4493 1.2173 2.4493 1.0312 1.9605
10280 5140.0 2.5009 5.0937 2.5009 0.9891 1.9388
10290 5145.0 2.4565 1.5980 2.4565 1.0255 1.9299
10300 5150.0 2.4702 2.4625 2.4702 0.9799 2.0229
10310 5155.0 2.4571 1.6307 2.4571 1.0082 2.0927
10320 5160.0 2.4794 3.1552 2.4794 0.9925 2.1339
10330 5165.0 2.4597 1.7845 2.4597 1.0104 2.1411
10340 5170.0 2.4404 0.8174 2.4404 0.9946 2.1675
10350 5175.0 2.4445 0.9891 2.4445 0.9972 2.1700
10360 5180.0 2.4426 0.9059 2.4426 0.9988 2.1349
10370 5185.0 2.4371 0.6896 2.4371 0.9880 2.0842
10380 5190.0 2.4100 0.0498 2.4100 1.0131 2.0351
10390 5195.0 2.4683 2.3298 2.4683 0.9932 2.0072
10400 5200.0 2.4725 2.6303 2.4725 1.0247 1.9739
10410 5205.0 2.4564 1.5909 2.4564 0.9747 2.0087
10420 5210.0 2.4375 0.7038 2.4375 1.0113 2.0703
10430 5215.0 2.5179 6.9546 2.5179 1.0044 2.1871
10440 5220.0 2.4290 0.4201 2.4290 1.0281 2.2081
10450 5225.0 2.3947 0.0141 2.3947 0.9740 2.2419
10460 5230.0 2.3919 0.0328 2.3919 0.9966 2.2686
10470 5235.0 2.4289 0.4177 2.4289 1.0133 2.2996
10480 5240.0 2.4395 0.7811 2.4395 0.9907 2.2674
10490 5245.0 2.4212 0.2244 2.4212 1.0106 2.1743
10500 5250.0 2.5023 5.2368 2.5023 0.9806 2.1045
10510 5255.0 2.4943 4.4453 2.4943 1.0525 1.9926
10520 5260.0 2.5315 8.6458 2.5315 1.0003 1.9888
10530 5265.0 2.4443 0.9819 2.4443 1.0401 1.9717
10540 5270.0 2.4836 3.4971 2.4836 0.9815 2.0477
10550 5275.0 2.4683 2.3325 2.4683 1.0437 2.0691
10560 5280.0 2.5311 8.5983 2.5311 0.9927 2.1403
10570 5285.0 2.4574 1.6492 2.4574 1.0291 2.1102
10580 5290.0 2.4394 0.7779 2.4394 0.9766 2.0873
10590 5295.0 2.3906 0.0439 2.3906 1.0087 2.0673
10600 5300.0 2.4695 2.4117 2.4695 0.9772 2.1117
10610 5305.0 2.4860 3.6953 2.4860 1.0375 2.1427
10620 5310.0 2.5057 5.5887 2.5057 0.9675 2.2083
10630 5315.0 2.4209 0.2174 2.4209 1.0313 2.1519
10640 5320.0 2.4883 3.8983 2.4883 0.9794 2.1176
10650 5325.0 2.4296 0.4368 2.4296 1.0290 2.0647
10660 5330.0 2.3784 0.2339 2.3784 0.9727 2.1290
10670 5335.0 2.3790 0.2210 2.3790 0.9801 2.1531
10680 5340.0 2.4286 0.4101 2.4286 1.0187 2.1801
10690 5345.0 2.4670 2.2440 2.4670 0.9951 2.2438
10700 5350.0 2.4269 0.3630 2.4269 1.0141 2.2992
10710 5355.0 2.4622 1.9361 2.4622 0.9876 2.3329
10720 5360.0 2.4330 0.5454 2.4330 1.0196 2.2433
10730 5365.0 2.4684 2.3364 2.4684 0.9867 2.2316
10740 5370.0 2.4293 0.4287 2.4293 1.0215 2.2527
10750 5375.0 2.4548 1.5006 2.4548 0.9695 2.2950
10760 5380.0 2.3977 0.0027 2.3977 1.0317 2.2549
10770 5385.0 2.4651 2.1190 2.4651 0.9776 2.2413
10780 5390.0 2.4325 0.5296 2.4325 1.0279 2.2111
10790 5395.0 2.4327 0.5352 2.4327 0.9859 2.2300
10800 5400.0 2.4078 0.0306 2.4078 1.0046 2.2044
10810 5405.0 2.4673 2.2651 2.4673 0.9916 2.1706
10820 5410.0 2.4590 1.7382 2.4590 1.0420 2.1006
10830 5415.0 2.4003 0.0001 2.4003 0.9801 2.0808
10840 5420.0 2.3564 0.9486 2.3564 0.9874 2.0481
10850 5425.0 2.4095 0.0452 2.4095 1.0333 2.0589
10860 5430.0 2.4955 4.5578 2.4955 0.9921 2.1682
10870 5435.0 2.4333 0.5560 2.4333 1.0262 2.2417
10880 5440.0 2.4248 0.3071 2.4248 0.9511 2.2846
10890 5445.0 2.3778 0.2472 2.3778 1.0410 2.2439
10900 5450.0 2.4771 2.9741 2.4771 0.9607 2.2888
10910 5455.0 2.4194 0.1884 2.4194 1.0431 2.3671
10920 5460.0 2.5016 5.1639 2.5016 0.9588 2.4656
10930 5465.0 2.4290 0.4199 2.4290 1.0468 2.4302
10940 5470.0 2.4612 1.8750 2.4612 0.9815 2.3728
10950 5475.0 2.4534 1.4279 2.4534 1.0248 2.3849
10960 5480.0 2.4908 4.1244 2.4908 1.0037 2.3899
10970 5485.0 2.4713 2.5403 2.4713 1.0203 2.3147
10980 5490.0 2.4692 2.3928 2.4692 1.0164 2.1999
10990 5495.0 2.4625 1.9560 2.4625 1.0049 2.1277
11000 5500.0 2.4292 0.4265 2.4292 1.0184 2.0965
11010 5505.0 2.4764 2.9216 2.4764 0.9943 2.1164
11020 5510.0 2.4725 2.6257 2.4725 1.0494 2.0590
11030 5515.0 2.4692 2.3948 2.4692 0.9777 2.0699
11040 5520.0 2.3920 0.0317 2.3920 1.0324 1.9772
11050 5525.0 2.4768 2.9476 2.4768 0.9922 1.9302
11060 5530.0 2.4752 2.8303 2.4752 1.0524 1.8299
11070 5535.0 2.4019 0.0017 2.4019 0.9986 1.8752
11080 5540.0 2.3746 0.3231 2.3746 1.0236 2.0107
11090 5545.0 2.5072 5.7446 2.5072 0.9886 2.2076
11100 5550.0 2.4884 3.9109 2.4884 1.0441 2.3354
11110 5555.0 2.4366 0.6695 2.4366 0.9714 2.3625
11120 5560.0 2.3488 1.3085 2.3488 1.0366 2.3327
11130 5565.0 2.4768 2.9471 2.4768 0.9557 2.3810
11140 5570.0 2.4329 0.5412 2.4329 1.0725 2.2915
11150 5575.0 2.4699 2.4438 2.4699 0.9370 2.3204
11160 5580.0 2.3135 3.7415 2.3135 1.0510 2.2566
11170 5585.0 2.4128 0.0819 2.4128 0.9448 2.3783
11180 5590.0 2.3656 0.5928 2.3656 1.0565 2.2285
11190 5595.0 2.4094 0.0445 2.4094 0.9599 2.2161
11200 5600.0 2.3656 0.5908 2.3656 1.0040 2.2240
11210 5605.0 2.4290 0.4218 2.4290 1.0146 2.1651
11220 5610.0 2.5139 6.4894 2.5139 1.0146 2.0639
11230 5615.0 2.5006 5.0643 2.5006 1.0286 2.0143
11240 5620.0 2.4448 1.0048 2.4448 0.9635 2.0603
11250 5625.0 2.3190 3.2836 2.3190 1.0277 2.0788
11260 5630.0 2.4014 0.0009 2.4014 0.9212 2.1594
11270 5635.0 2.3443 1.5511 2.3443 1.0277 2.1548
11280 5640.0 2.4674 2.2687 2.4674 0.9877 2.3252
11290 5645.0 2.5255 7.8805 2.5255 1.0300 2.4202
11300 5650.0 2.5233 7.6044 2.5233 1.0363 2.3270
11310 5655.0 2.5087 5.9059 2.5087 1.0387 2.2145
11320 5660.0 2.5055 5.5642 2.5055 1.0171 2.2010
11330 5665.0 2.4574 1.6457 2.4574 1.0318 2.1102
11340 5670.0 2.4727 2.6392 2.4727 1.0115 2.0142
11350 5675.0 2.4834 3.4792 2.4834 1.0328 1.9488
11360 5680.0 2.4715 2.5557 2.4715 1.0194 1.9602
11370 5685.0 2.4433 0.9370 2.4433 1.0200 2.0234
11380 5690.0 2.4671 2.2479 2.4671 1.0014 2.1125
11390 5695.0 2.4646 2.0878 2.4646 1.0248 2.1783
11400 5700.0 2.4463 1.0703 2.4463 1.0123 2.2369
11410 5705.0 2.4068 0.0233 2.4068 1.0067 2.2770
11420 5710.0 2.3758 0.2940 2.3758 1.0286 2.3327
11430 5715.0 2.4570 1.6226 2.4570 0.9666 2.4202
11440 5720.0 2.4225 0.2522 2.4225 1.0574 2.4649
11450 5725.0 2.5062 5.6432 2.5062 0.9507 2.4932
11460 5730.0 2.3796 0.2090 2.3796 1.0771 2.4204
11470 5735.0 2.4689 2.3719 2.4689 0.9325 2.3969
11480 5740.0 2.3403 1.7799 2.3403 1.0656 2.3014
11490 5745.0 2.4607 1.8399 2.4607 0.9344 2.2779
11500 5750.0 2.3962 0.0072 2.3962 1.0597 2.1777
11510 5755.0 2.5204 7.2531 2.5204 0.9803 2.1699
11520 5760.0 2.4586 1.7188 2.4586 1.0630 2.0847
11530 5765.0 2.5081 5.8454 2.5081 0.9685 2.0349
11540 5770.0 2.4893 3.9907 2.4893 1.0346 1.9078
11550 5775.0 2.5964 19.2903 2.5964 1.0266 1.8827
11560 5780.0 2.5370 9.3861 2.5370 1.0714 1.8731
11570 5785.0 2.4983 4.8289 2.4983 0.9837 2.0304
11580 5790.0 2.4230 0.2646 2.4230 1.0191 2.1076
11590 5795.0 2.4421 0.8866 2.4421 0.9854 2.1519
11600 5800.0 2.3944 0.0154 2.3944 1.0268 2.1141
11610 5805.0 2.4024 0.0029 2.4024 0.9750 2.1590
11620 5810.0 2.3759 0.2899 2.3759 0.9977 2.2152
11630 5815.0 2.4149 0.1103 2.4149 0.9825 2.1822
11640 5820.0 2.4772 2.9783 2.4772 1.0094 2.0708
11650 5825.0 2.4936 4.3812 2.4936 1.0100 2.0209
11660 5830.0 2.4591 1.7472 2.4591 1.0029 2.0418
11670 5835.0 2.4605 1.8313 2.4605 1.0009 2.0238
11680 5840.0 2.5097 6.0202 2.5097 1.0110 1.9549
11690 5845.0 2.4929 4.3117 2.4929 1.0229 1.9687
11700 5850.0 2.4504 1.2699 2.4504 0.9998 2.0636
11710 5855.0 2.4370 0.6832 2.4370 1.0068 2.0751
11720 5860.0 2.4546 1.4883 2.4546 1.0094 2.0484
11730 5865.0 2.4665 2.2094 2.4665 0.9989 2.0786
11740 5870.0 2.4237 0.2815 2.4237 1.0199 2.1472
11750 5875.0 2.4791 3.1256 2.4791 0.9773 2.2353
11760 5880.0 2.4957 4.5763 2.4957 1.0309 2.2891
11770 5885.0 2.5082 5.8536 2.5082 0.9908 2.3304
11780 5890.0 2.3743 0.3300 2.3743 1.0214 2.2876
11790 5895.0 2.3902 0.0478 2.3902 0.9459 2.2761
11800 5900.0 2.3187 3.3067 2.3187 1.0346 2.2438
11810 5905.0 2.4415 0.8628 2.4415 0.9658 2.3224
11820 5910.0 2.4471 1.1093 2.4471 1.0433 2.3947
11830 5915.0 2.5216 7.3907 2.5216 0.9856 2.4052
11840 5920.0 2.4279 0.3889 2.4279 1.0315 2.2528
11850 5925.0 2.4180 0.1616 2.4180 0.9972 2.0925
11860 5930.0 2.4134 0.0901 2.4134 0.9883 2.0216
11870 5935.0 2.3894 0.0557 2.3894 1.0169 1.9829
11880 5940.0 2.4665 2.2094 2.4665 0.9680 2.0321
11890 5945.0 2.4483 1.1654 2.4483 1.0403 2.0092
11900 5950.0 2.4986 4.8610 2.4986 0.9794 2.0935
11910 5955.0 2.4320 0.5118 2.4320 1.0278 2.1020
11920 5960.0 2.4889 3.9533 2.4889 0.9719 2.1696
11930 5965.0 2.4214 0.2282 2.4214 1.0534 2.1546
11940 5970.0 2.4745 2.7759 2.4745 0.9684 2.2132
11950 5975.0 2.3900 0.0499 2.3900 1.0338 2.2280
11960 5980.0 2.4484 1.1727 2.4484 0.9594 2.2959
11970 5985.0 2.4091 0.0413 2.4091 1.0371 2.3110
11980 5990.0 2.5082 5.8585 2.5082 0.9785 2.3157
11990 5995.0 2.4450 1.0135 2.4450 1.0539 2.2978
12000 6000.0 2.4658 2.1619 2.4658 0.9527 2.3593
12010 6005.0 2.4095 0.0452 2.4095 1.0096 2.3130
12020 6010.0 2.4966 4.6680 2.4966 0.9971 2.2180
12030 6015.0 2.5251 7.8217 2.5251 1.0225 2.0760
12040 6020.0 2.4487 1.1852 2.4487 1.0003 1.9654
12050 6025.0 2.4022 0.0024 2.4022 0.9757 1.9669
12060 6030.0 2.4140 0.0983 2.4140 1.0297 1.9754
12070 6035.0 2.5395 9.7288 2.5395 0.9874 2.0870
12080 6040.0 2.4790 3.1237 2.4790 1.0753 2.1237
12090 6045.0 2.5144 6.5488 2.5144 0.9766 2.1796
12100 6050.0 2.4090 0.0409 2.4090 1.0506 2.0765
12110 6055.0 2.5015 5.1517 2.5015 0.9697 2.0447
12120 6060.0 2.4511 1.3048 2.4511 1.0557 1.9617
12130 6065.0 2.5644 13.5056 2.5644 0.9793 2.0528
12140 6070.0 2.5074 5.7683 2.5074 1.0554 2.0753
12150 6075.0 2.5493 11.1449 2.5493 0.9668 2.1609
12160 6080.0 2.4066 0.0221 2.4066 1.0527 2.1220
12170 6085.0 2.4284 0.4037 2.4284 0.9527 2.2527
12180 6090.0 2.3695 0.4644 2.3695 1.0141 2.3908
12190 6095.0 2.4831 3.4539 2.4831 1.0162 2.3768
12200 6100.0 2.5312 8.6004 2.5312 1.0231 2.3788
12210 6105.0 2.4167 0.1388 2.4167 1.0284 2.3584
12220 6110.0 2.4005 0.0001 2.4005 0.9820 2.2947
12230 6115.0 2.4011 0.0006 2.4011 1.0456 2.1639
12240 6120.0 2.4450 1.0143 2.4450 0.9684 2.2647
12250 6125.0 2.3877 0.0752 2.3877 1.0618 2.3995
12260 6130.0 2.4704 2.4783 2.4704 0.9566 2.5262
12270 6135.0 2.3661 0.5729 2.3661 1.0632 2.4286
12280 6140.0 2.4602 1.8106 2.4602 0.9125 2.4381
12290 6145.0 2.4202 0.2035 2.4202 1.0779 2.4539
12300 6150.0 2.5403 9.8373 2.5403 0.9441 2.5494
12310 6155.0 2.3828 0.1484 2.3828 1.0569 2.4644
12320 6160.0 2.3556 0.9845 2.3556 0.9626 2.3776
12330 6165.0 2.3464 1.4384 2.3464 0.9953 2.3243
12340 6170.0 2.4133 0.0891 2.4133 1.0320 2.3715
12350 6175.0 2.4915 4.1842 2.4915 0.9952 2.3966
12360 6180.0 2.4265 0.3514 2.4265 1.0317 2.3134
12370 6185.0 2.4232 0.2686 2.4232 0.9831 2.2737
12380 6190.0 2.3972 0.0039 2.3972 1.0468 2.3126
12390 6195.0 2.5245 7.7440 2.5245 0.9512 2.4241
12400 6200.0 2.4184 0.1691 2.4184 1.0511 2.3655
12410 6205.0 2.4033 0.0054 2.4033 0.9399 2.3119
12420 6210.0 2.3047 4.5439 2.3047 1.0093 2.2782
12430 6215.0 2.3988 0.0007 2.3988 0.9861 2.4042
12440 6220.0 2.4883 3.8948 2.4883 1.0097 2.5671
12450 6225.0 2.4710 2.5190 2.4710 1.0212 2.5361
12460 6230.0 2.4518 1.3404 2.4518 0.9630 2.5258
12470 6235.0 2.3866 0.0902 2.3866 1.0341 2.5076
12480 6240.0 2.4830 3.4437 2.4830 0.9543 2.6444
12490 6245.0 2.4282 0.3982 2.4282 1.0494 2.5603
12500 6250.0 2.5052 5.5317 2.5052 0.9538 2.5575
12510 6255.0 2.4065 0.0214 2.4065 1.0392 2.4746
12520 6260.0 2.3946 0.0148 2.3946 0.9545 2.5816
12530 6265.0 2.3673 0.5358 2.3673 1.0236 2.5529
12540 6270.0 2.4846 3.5823 2.4846 0.9940 2.6639
12550 6275.0 2.5124 6.3115 2.5124 1.0064 2.6747
12560 6280.0 2.4111 0.0620 2.4111 1.0044 2.4232
12570 6285.0 2.4160 0.1282 2.4160 0.9948 2.2385
12580 6290.0 2.4423 0.8928 2.4423 1.0181 2.2250
12590 6295.0 2.4959 4.5965 2.4959 0.9767 2.2870
12600 6300.0 2.4667 2.2225 2.4667 1.0325 2.2030
12610 6305.0 2.4945 4.4637 2.4945 0.9593 2.1306
12620 6310.0 2.3346 2.1356 2.3346 1.0530 2.0337
12630 6315.0 2.3718 0.3988 2.3718 0.9400 2.1348
12640 6320.0 2.3427 1.6437 2.3427 1.0186 2.1988
12650 6325.0 2.4567 1.6057 2.4567 0.9914 2.3563
12660 6330.0 2.4712 2.5377 2.4712 1.0161 2.4759
12670 6335.0 2.4395 0.7819 2.4395 0.9982 2.4236
12680 6340.0 2.4046 0.0107 2.4046 0.9719 2.3748
12690 6345.0 2.3316 2.3427 2.3316 1.0338 2.2316
12700 6350.0 2.4130 0.0846 2.4130 0.9301 2.2442
12710 6355.0 2.3214 3.0918 2.3214 1.0417 2.2489
12720 6360.0 2.4686 2.3536 2.4686 0.9547 2.3077
12730 6365.0 2.4692 2.3920 2.4692 1.0444 2.2801
12740 6370.0 2.5103 6.0867 2.5103 0.9980 2.2513
12750 6375.0 2.4308 0.4745 2.4308 1.0291 2.1780
12760 6380.0 2.4139 0.0962 2.4139 0.9972 2.1466
12770 6385.0 2.4114 0.0649 2.4114 0.9879 2.1051
12780 6390.0 2.3893 0.0577 2.3893 1.0459 2.0289
12790 6395.0 2.5090 5.9415 2.5090 0.9649 2.0868
12800 6400.0 2.4211 0.2234 2.4211 1.0846 2.1067
12810 6405.0 2.5278 8.1603 2.5278 0.9449 2.2543
12820 6410.0 2.4091 0.0416 2.4091 1.0763 2.2127
12830 6415.0 2.4583 1.6977 2.4583 0.9349 2.2081
12840 6420.0 2.3231 2.9591 2.3231 1.0430 2.1419
12850 6425.0 2.4248 0.3075 2.4248 0.9604 2.2672
12860 6430.0 2.4638 2.0382 2.4638 1.0233 2.3598
12870 6435.0 2.5251 7.8297 2.5251 1.0072 2.3801
12880 6440.0 2.4384 0.7366 2.4384 0.9947 2.3439
12890 6445.0 2.2808 7.0991 2.2808 1.0062 2.3449
12900 6450.0 2.3584 0.8667 2.3584 0.9237 2.4033
12910 6455.0 2.3821 0.1607 2.3821 1.0608 2.3846
12920 6460.0 2.5479 10.9319 2.5479 0.9617 2.4960
12930 6465.0 2.4180 0.1615 2.4180 1.0793 2.3820
12940 6470.0 2.4225 0.2525 2.4225 0.9398 2.4443
12950 6475.0 2.2967 5.3339 2.2967 1.0246 2.3426
12960 6480.0 2.3728 0.3705 2.3728 0.9847 2.2406
12970 6485.0 2.4293 0.4294 2.4293 1.0007 2.2512
12980 6490.0 2.4834 3.4803 2.4834 1.0215 2.3030
12990 6495.0 2.5277 8.1538 2.5277 0.9811 2.2846
13000 6500.0 2.3935 0.0208 2.3935 1.0339 2.1423
13010 6505.0 2.4055 0.0153 2.4055 0.9478 2.1394
13020 6510.0 2.3396 1.8259 2.3396 1.0284 2.1381
13030 6515.0 2.4506 1.2826 2.4506 0.9576 2.1684
13040 6520.0 2.4330 0.5433 2.4330 1.0509 2.1060
13050 6525.0 2.5580 12.4760 2.5580 0.9940 2.1480
13060 6530.0 2.5115 6.2211 2.5115 1.0673 2.0594
13070 6535.0 2.5501 11.2710 2.5501 0.9876 2.0082
13080 6540.0 2.4538 1.4484 2.4538 1.0512 1.9415
13090 6545.0 2.5029 5.2961 2.5029 0.9798 1.9660
13100 6550.0 2.4403 0.8128 2.4403 1.0425 1.9147
13110 6555.0 2.4891 3.9726 2.4891 0.9764 1.9894
13120 6560.0 2.4140 0.0976 2.4140 1.0341 2.0603
13130 6565.0 2.4600 1.7971 2.4600 0.9868 2.2339
13140 6570.0 2.4639 2.0438 2.4639 1.0101 2.3057
13150 6575.0 2.4598 1.7855 2.4598 1.0163 2.2982
13160 6580.0 2.4223 0.2481 2.4223 0.9865 2.2737
13170 6585.0 2.3463 1.4406 2.3463 1.0246 2.2934
13180 6590.0 2.4393 0.7739 2.4393 0.9540 2.3797
13190 6595.0 2.4427 0.9099 2.4427 1.0405 2.3849
13200 6600.0 2.4663 2.1990 2.4663 0.9539 2.3779
13210 6605.0 2.3527 1.1200 2.3527 1.0375 2.2996
13220 6610.0 2.4335 0.5615 2.4335 0.9562 2.2926
13230 6615.0 2.4284 0.4039 2.4284 1.0344 2.2225
13240 6620.0 2.4184 0.1692 2.4184 0.9691 2.1972
13250 6625.0 2.3560 0.9674 2.3560 0.9995 2.1609
13260 6630.0 2.4195 0.1909 2.4195 0.9897 2.1254
13270 6635.0 2.4294 0.4307 2.4294 1.0200 2.0795
13280 6640.0 2.4311 0.4843 2.4311 0.9913 2.0660
13290 6645.0 2.4261 0.3408 2.4261 1.0001 2.0504
13300 6650.0 2.4850 3.6121 2.4850 1.0125 2.0660
13310 6655.0 2.4890 3.9571 2.4890 1.0182 2.1002
13320 6660.0 2.4152 0.1158 2.4152 1.0032 2.1397
13330 6665.0 2.4055 0.0153 2.4055 0.9843 2.2064
13340 6670.0 2.4191 0.1827 2.4191 1.0344 2.2817
13350 6675.0 2.5038 5.3871 2.5038 0.9888 2.3350
13360 6680.0 2.4470 1.1066 2.4470 1.0511 2.3431
13370 6685.0 2.4852 3.6310 2.4852 0.9871 2.2642
13380 6690.0 2.4076 0.0291 2.4076 1.0435 2.1895
13390 6695.0 2.4558 1.5549 2.4558 0.9570 2.3021
13400 6700.0 2.3666 0.5593 2.3666 1.0563 2.2430
13410 6705.0 2.4771 2.9699 2.4771 0.9554 2.3260
13420 6710.0 2.4061 0.0188 2.4061 1.0551 2.3414
13430 6715.0 2.5011 5.1078 2.5011 0.9586 2.3793
13440 6720.0 2.4344 0.5920 2.4344 1.0554 2.2595
13450 6725.0 2.4872 3.7979 2.4872 0.9705 2.2745
13460 6730.0 2.3468 1.4157 2.3468 1.0090 2.2855
13470 6735.0 2.3495 1.2761 2.3495 0.9658 2.3700
13480 6740.0 2.4052 0.0134 2.4052 1.0186 2.4380
13490 6745.0 2.4933 4.3494 2.4933 1.0102 2.5200
13500 6750.0 2.4037 0.0067 2.4037 1.0028 2.5391
13510 6755.0 2.3620 0.7227 2.3620 0.9915 2.4922
13520 6760.0 2.4624 1.9456 2.4624 1.0010 2.4798
13530 6765.0 2.4980 4.7981 2.4980 1.0166 2.4741
13540 6770.0 2.4008 0.0003 2.4008 0.9859 2.3312
13550 6775.0 2.3603 0.7870 2.3603 0.9982 2.1632
13560 6780.0 2.4199 0.1976 2.4199 0.9796 2.1322
13570 6785.0 2.4090 0.0403 2.4090 1.0005 2.1402
13580 6790.0 2.3858 0.1004 2.3858 1.0129 2.1895
13590 6795.0 2.4122 0.0745 2.4122 0.9888 2.1993
13600 6800.0 2.3984 0.0013 2.3984 1.0052 2.1974
13610 6805.0 2.4068 0.0231 2.4068 0.9675 2.3577
13620 6810.0 2.4126 0.0790 2.4126 1.0289 2.5182
13630 6815.0 2.5284 8.2488 2.5284 0.9737 2.5539
13640 6820.0 2.4396 0.7840 2.4396 1.0171 2.4723
13650 6825.0 2.4005 0.0001 2.4005 0.9584 2.3767
13660 6830.0 2.3380 1.9217 2.3380 1.0076 2.3125
13670 6835.0 2.4204 0.2074 2.4204 0.9789 2.3985
13680 6840.0 2.4952 4.5353 2.4952 1.0105 2.4985
13690 6845.0 2.4877 3.8476 2.4877 0.9995 2.4682
13700 6850.0 2.4204 0.2084 2.4204 0.9895 2.3240
13710 6855.0 2.3832 0.1407 2.3832 1.0050 2.1646
13720 6860.0 2.4573 1.6439 2.4573 0.9946 2.0781
13730 6865.0 2.4692 2.3947 2.4692 1.0378 2.0462
13740 6870.0 2.5062 5.6366 2.5062 0.9907 2.1337
13750 6875.0 2.4870 3.7827 2.4870 1.0301 2.1799
13760 6880.0 2.5598 12.7757 2.5598 0.9982 2.2412
13770 6885.0 2.4937 4.3883 2.4937 1.0337 2.2142
13780 6890.0 2.4342 0.5849 2.4342 0.9841 2.2367
13790 6895.0 2.3846 0.1188 2.3846 1.0146 2.3447
13800 6900.0 2.4690 2.3817 2.4690 0.9762 2.4826
13810 6905.0 2.4914 4.1729 2.4914 1.0256 2.5526
13820 6910.0 2.5021 5.2167 2.5021 0.9812 2.5547
13830 6915.0 2.3888 0.0631 2.3888 1.0126 2.5407
13840 6920.0 2.4044 0.0095 2.4044 0.9592 2.4789
13850 6925.0 2.3988 0.0007 2.3988 1.0168 2.3935
13860 6930.0 2.4837 3.5003 2.4837 0.9736 2.4680
13870 6935.0 2.4687 2.3611 2.4687 1.0256 2.4253
13880 6940.0 2.4766 2.9343 2.4766 0.9775 2.3763
13890 6945.0 2.4171 0.1464 2.4171 1.0027 2.2838
13900 6950.0 2.3805 0.1907 2.3805 0.9851 2.3159
13910 6955.0 2.4390 0.7588 2.4390 0.9765 2.4400
13920 6960.0 2.4756 2.8614 2.4756 1.0117 2.5193
13930 6965.0 2.4582 1.6924 2.4582 0.9562 2.5428
13940 6970.0 2.3869 0.0862 2.3869 1.0101 2.5253
13950 6975.0 2.4492 1.2086 2.4492 0.9681 2.6445
13960 6980.0 2.4298 0.4432 2.4298 1.0020 2.6653
13970 6985.0 2.3957 0.0092 2.3957 0.9923 2.6138
13980 6990.0 2.4081 0.0327 2.4081 0.9678 2.6006
13990 6995.0 2.4361 0.6507 2.4361 1.0263 2.5918
14000 7000.0 2.4898 4.0283 2.4898 0.9617 2.6093
14010 7005.0 2.3696 0.4607 2.3696 1.0337 2.5110
14020 7010.0 2.3781 0.2387 2.3781 0.9457 2.5333
14030 7015.0 2.3518 1.1610 2.3518 1.0237 2.5169
14040 7020.0 2.4683 2.3314 2.4683 0.9698 2.6468
14050 7025.0 2.4707 2.4985 2.4707 1.0403 2.6675
14060 7030.0 2.4313 0.4898 2.4313 0.9529 2.6567
14070 7035.0 2.3623 0.7091 2.3623 1.0225 2.5797
14080 7040.0 2.4855 3.6577 2.4855 0.9556 2.5515
14090 7045.0 2.5237 7.6556 2.5237 1.0396 2.4430
14100 7050.0 2.4654 2.1418 2.4654 0.9680 2.2708
14110 7055.0 2.3279 2.5970 2.3279 0.9985 2.1506
14120 7060.0 2.3806 0.1880 2.3806 0.9869 2.1778
14130 7065.0 2.5055 5.5660 2.5055 1.0054 2.2515
14140 7070.0 2.4993 4.9348 2.4993 1.0183 2.2301
14150 7075.0 2.4373 0.6971 2.4373 0.9829 2.1450
14160 7080.0 2.3804 0.1913 2.3804 1.0247 1.9751
14170 7085.0 2.4828 3.4250 2.4828 0.9672 1.9105
14180 7090.0 2.4446 0.9930 2.4446 1.0502 1.8566
14190 7095.0 2.4565 1.5966 2.4565 0.9684 2.0323
14200 7100.0 2.4055 0.0153 2.4055 1.0204 2.1330
14210 7105.0 2.4420 0.8831 2.4420 1.0050 2.2179
14220 7110.0 2.4747 2.7928 2.4747 1.0185 2.2887
14230 7115.0 2.5035 5.3555 2.5035 1.0221 2.4333
14240 7120.0 2.4825 3.4059 2.4825 1.0111 2.4778
14250 7125.0 2.4006 0.0002 2.4006 1.0148 2.3742
14260 7130.0 2.4314 0.4917 2.4314 0.9669 2.3407
14270 7135.0 2.4729 2.6549 2.4729 1.0423 2.3833
14280 7140.0 2.5095 5.9907 2.5095 0.9717 2.4229
14290 7145.0 2.3771 0.2621 2.3771 1.0169 2.4088
14300 7150.0 2.4478 1.1432 2.4478 0.9514 2.5283
14310 7155.0 2.5021 5.2094 2.5021 1.0383 2.4790
14320 7160.0 2.4797 3.1792 2.4797 0.9505 2.3626
14330 7165.0 2.3923 0.0300 2.3923 1.0348 2.2037
14340 7170.0 2.4646 2.0842 2.4646 0.9572 2.2175
14350 7175.0 2.4468 1.0932 2.4468 1.0406 2.1659
14360 7180.0 2.4268 0.3582 2.4268 0.9689 2.2391
14370 7185.0 2.3745 0.3239 2.3745 1.0130 2.2476
14380 7190.0 2.4187 0.1757 2.4187 0.9882 2.3460
14390 7195.0 2.3880 0.0725 2.3880 1.0063 2.4338
14400 7200.0 2.3782 0.2374 2.3782 0.9974 2.3384
14410 7205.0 2.3939 0.0185 2.3939 0.9893 2.1728
14420 7210.0 2.4127 0.0813 2.4127 1.0056 2.0256
14430 7215.0 2.4391 0.7647 2.4391 0.9796 1.9840
14440 7220.0 2.3959 0.0086 2.3959 1.0245 1.9697
14450 7225.0 2.4682 2.3247 2.4682 0.9689 2.0712
14460 7230.0 2.4420 0.8827 2.4420 1.0403 2.1610
14470 7235.0 2.5139 6.4915 2.5139 0.9657 2.3091
14480 7240.0 2.4205 0.2104 2.4205 1.0316 2.3264
14490 7245.0 2.4034 0.0058 2.4034 0.9578 2.3683
14500 7250.0 2.3724 0.3806 2.3724 1.0102 2.4295
14510 7255.0 2.4956 4.5742 2.4956 0.9886 2.4621
14520 7260.0 2.4611 1.8687 2.4611 1.0015 2.4221
14530 7265.0 2.3773 0.2580 2.3773 1.0089 2.4023
14540 7270.0 2.4160 0.1281 2.4160 0.9625 2.4266
14550 7275.0 2.4003 0.0000 2.4003 1.0281 2.3729
14560 7280.0 2.4586 1.7162 2.4586 0.9633 2.4740
14570 7285.0 2.4089 0.0393 2.4089 1.0236 2.5340
14580 7290.0 2.4659 2.1716 2.4659 0.9779 2.5504
14590 7295.0 2.4195 0.1894 2.4195 1.0192 2.5464
14600 7300.0 2.4257 0.3314 2.4257 0.9603 2.5434
14610 7305.0 2.3658 0.5856 2.3658 1.0074 2.4658
14620 7310.0 2.4278 0.3873 2.4278 0.9813 2.4838
14630 7315.0 2.4486 1.1830 2.4486 1.0099 2.5540
14640 7320.0 2.4876 3.8332 2.4876 0.9782 2.5704
14650 7325.0 2.4495 1.2244 2.4495 1.0158 2.5048
14660 7330.0 2.4421 0.8847 2.4421 0.9821 2.4053
14670 7335.0 2.4215 0.2303 2.4215 1.0069 2.3831
14680 7340.0 2.4420 0.8833 2.4420 0.9874 2.4257
14690 7345.0 2.4551 1.5173 2.4551 0.9985 2.4237
14700 7350.0 2.4531 1.4092 2.4531 0.9985 2.3878
14710 7355.0 2.4384 0.7367 2.4384 1.0011 2.3413
14720 7360.0 2.4045 0.0100 2.4045 0.9950 2.3329
14730 7365.0 2.4309 0.4762 2.4309 0.9656 2.4218
14740 7370.0 2.4470 1.1056 2.4470 1.0223 2.5137
14750 7375.0 2.4974 4.7419 2.4974 0.9857 2.5682
14760 7380.0 2.4677 2.2903 2.4677 1.0305 2.6251
14770 7385.0 2.4508 1.2924 2.4508 0.9595 2.6210
14780 7390.0 2.3575 0.9018 2.3575 1.0190 2.5436
14790 7395.0 2.4373 0.6952 2.4373 0.9637 2.6303
14800 7400.0 2.4901 4.0604 2.4901 1.0078 2.6867
14810 7405.0 2.5314 8.6359 2.5314 0.9978 2.6887
14820 7410.0 2.4617 1.9022 2.4617 0.9919 2.6114
14830 7415.0 2.3309 2.3870 2.3309 0.9856 2.5397
14840 7420.0 2.3413 1.7257 2.3413 0.9450 2.5012
14850 7425.0 2.3314 2.3558 2.3314 1.0266 2.4920
14860 7430.0 2.4543 1.4741 2.4543 0.9631 2.5756
14870 7435.0 2.4482 1.1631 2.4482 1.0185 2.5159
14880 7440.0 2.4225 0.2528 2.4225 1.0062 2.4604
14890 7445.0 2.4210 0.2203 2.4210 0.9649 2.3417
14900 7450.0 2.3273 2.6392 2.3273 1.0414 2.3098
14910 7455.0 2.4594 1.7650 2.4594 0.9298 2.4132
14920 7460.0 2.4661 2.1836 2.4661 1.0570 2.4418
14930 7465.0 2.5468 10.7823 2.5468 0.9598 2.4082
14940 7470.0 2.3458 1.4709 2.3458 1.0572 2.2819
14950 7475.0 2.3229 2.9712 2.3229 0.9487 2.3289
14960 7480.0 2.4130 0.0845 2.4130 0.9969 2.5344
14970 7485.0 2.5850 17.1141 2.5850 1.0293 2.5069
14980 7490.0 2.5400 9.8057 2.5400 1.0550 2.5076
14990 7495.0 2.4472 1.1122 2.4472 0.9796 2.3308
15000 7500.0 2.3296 2.4765 2.3296 0.9878 2.2025
15010 7505.0 2.3501 1.2461 2.3501 1.0015 2.1392
15020 7510.0 2.5000 5.0047 2.5000 0.9920 2.1161
15030 7515.0 2.5615 13.0396 2.5615 1.0431 2.0604
15040 7520.0 2.4605 1.8309 2.4605 1.0126 2.0199
15050 7525.0 2.3482 1.3433 2.3482 1.0033 1.9729
15060 7530.0 2.4202 0.2033 2.4202 0.9472 2.0271
15070 7535.0 2.4159 0.1267 2.4159 1.0661 2.1314
15080 7540.0 2.6168 23.5067 2.6168 0.9841 2.4823
15090 7545.0 2.5608 12.9346 2.5608 1.0818 2.3993
15100 7550.0 2.5483 11.0018 2.5483 0.9435 2.4767
15110 7555.0 2.3941 0.0172 2.3941 1.0671 2.4746
15120 7560.0 2.4852 3.6326 2.4852 0.9417 2.6045
15130 7565.0 2.3592 0.8334 2.3592 1.0720 2.5055
15140 7570.0 2.4226 0.2549 2.4226 0.9204 2.6208
15150 7575.0 2.3949 0.0132 2.3949 1.0547 2.6085
15160 7580.0 2.5242 7.7170 2.5242 0.9661 2.6544
15170 7585.0 2.4437 0.9566 2.4437 1.0639 2.5929
15180 7590.0 2.4944 4.4601 2.4944 0.9818 2.5591
15190 7595.0 2.4625 1.9541 2.4625 1.0206 2.4669
15200 7600.0 2.4806 3.2513 2.4806 0.9933 2.4767
15210 7605.0 2.4627 1.9645 2.4627 1.0116 2.4717
15220 7610.0 2.4715 2.5572 2.4715 1.0270 2.4062
15230 7615.0 2.5101 6.0566 2.5101 0.9898 2.4029
15240 7620.0 2.4430 0.9261 2.4430 1.0290 2.3753
15250 7625.0 2.4636 2.0223 2.4636 0.9636 2.4587
15260 7630.0 2.4171 0.1455 2.4171 1.0375 2.4016
15270 7635.0 2.5200 7.2011 2.5200 0.9752 2.4263
15280 7640.0 2.5135 6.4375 2.5135 1.0520 2.3546
15290 7645.0 2.5623 13.1779 2.5623 0.9795 2.4406
15300 7650.0 2.4687 2.3565 2.4687 1.0565 2.4286
15310 7655.0 2.4714 2.5455 2.4714 0.9613 2.5618
15320 7660.0 2.3409 1.7435 2.3409 1.0233 2.5396
15330 7665.0 2.3459 1.4650 2.3459 0.9461 2.4904
15340 7670.0 2.3567 0.9363 2.3567 1.0058 2.4849
15350 7675.0 2.4456 1.0376 2.4456 1.0049 2.5385
15360 7680.0 2.4916 4.1940 2.4916 1.0303 2.4992
15370 7685.0 2.5262 7.9591 2.5262 1.0104 2.4693
15380 7690.0 2.4889 3.9499 2.4889 1.0450 2.4386
15390 7695.0 2.4965 4.6546 2.4965 1.0047 2.4938
15400 7700.0 2.4426 0.9087 2.4426 1.0357 2.5232
15410 7705.0 2.4363 0.6574 2.4363 0.9865 2.5137
15420 7710.0 2.4171 0.1463 2.4171 0.9922 2.5572
15430 7715.0 2.4000 0.0000 2.4000 1.0327 2.6338
15440 7720.0 2.4579 1.6735 2.4579 0.9682 2.6466
15450 7725.0 2.3989 0.0006 2.3989 1.0259 2.5598
15460 7730.0 2.4204 0.2072 2.4204 0.9443 2.6026
15470 7735.0 2.3861 0.0972 2.3861 1.0262 2.6505
15480 7740.0 2.4559 1.5606 2.4559 0.9679 2.6490
15490 7745.0 2.4248 0.3087 2.4248 1.0257 2.5249
15500 7750.0 2.4268 0.3598 2.4268 0.9639 2.4847
15510 7755.0 2.3670 0.5432 2.3670 0.9989 2.4538
15520 7760.0 2.3793 0.2144 2.3793 0.9944 2.4455
15530 7765.0 2.4415 0.8601 2.4415 0.9874 2.4418
15540 7770.0 2.4713 2.5400 2.4713 1.0091 2.4634
15550 7775.0 2.4585 1.7088 2.4585 0.9855 2.5062
15560 7780.0 2.3989 0.0006 2.3989 0.9988 2.3963
15570 7785.0 2.3961 0.0076 2.3961 0.9732 2.3020
15580 7790.0 2.4017 0.0015 2.4017 0.9962 2.3190
15590 7795.0 2.4599 1.7917 2.4599 0.9812 2.4004
15600 7800.0 2.4591 1.7458 2.4591 1.0040 2.4623
15610 7805.0 2.4423 0.8961 2.4423 0.9813 2.4734
15620 7810.0 2.3773 0.2583 2.3773 1.0051 2.3629
15630 7815.0 2.4137 0.0943 2.4137 0.9883 2.2657
15640 7820.0 2.4455 1.0366 2.4455 0.9927 2.2245
15650 7825.0 2.4026 0.0033 2.4026 0.9876 2.2511
15660 7830.0 2.4170 0.1448 2.4170 0.9801 2.2975
15670 7835.0 2.4667 2.2218 2.4667 1.0160 2.3333
15680 7840.0 2.5019 5.1946 2.5019 0.9849 2.4410
15690 7845.0 2.4130 0.0844 2.4130 1.0083 2.4915
15700 7850.0 2.4076 0.0287 2.4076 0.9723 2.4932
15710 7855.0 2.4265 0.3513 2.4265 1.0083 2.4622
15720 7860.0 2.5093 5.9703 2.5093 0.9875 2.4841
15730 7865.0 2.4753 2.8339 2.4753 1.0000 2.4398
15740 7870.0 2.4167 0.1397 2.4167 0.9682 2.3402
15750 7875.0 2.3861 0.0970 2.3861 1.0087 2.2730
15760 7880.0 2.4210 0.2195 2.4210 0.9778 2.3223
15770 7885.0 2.4300 0.4504 2.4300 1.0245 2.4542
15780 7890.0 2.5121 6.2788 2.5121 0.9786 2.3736
15790 7895.0 2.4454 1.0301 2.4454 1.0295 2.3156
15800 7900.0 2.4102 0.0523 2.4102 0.9742 2.3865
15810 7905.0 2.3305 2.4182 2.3305 1.0259 2.3348
15820 7910.0 2.4133 0.0890 2.4133 0.9615 2.3160
15830 7915.0 2.4300 0.4496 2.4300 1.0281 2.3108
15840 7920.0 2.4908 4.1208 2.4908 0.9715 2.4885
15850 7925.0 2.4153 0.1171 2.4153 1.0529 2.5077
15860 7930.0 2.4374 0.6981 2.4374 0.9551 2.4202
15870 7935.0 2.4075 0.0282 2.4075 1.0317 2.3178
15880 7940.0 2.4543 1.4750 2.4543 0.9622 2.3939
15890 7945.0 2.4092 0.0423 2.4092 1.0302 2.4485
15900 7950.0 2.3962 0.0071 2.3962 0.9754 2.4255
15910 7955.0 2.3602 0.7909 2.3602 1.0100 2.3366
15920 7960.0 2.4377 0.7124 2.4377 0.9812 2.3265
15930 7965.0 2.4500 1.2517 2.4500 1.0259 2.3510
15940 7970.0 2.4620 1.9220 2.4620 0.9978 2.4073
15950 7975.0 2.4014 0.0009 2.4014 1.0220 2.3748
15960 7980.0 2.3776 0.2503 2.3776 0.9905 2.3051
15970 7985.0 2.3858 0.1011 2.3858 0.9869 2.2474
15980 7990.0 2.4075 0.0278 2.4075 1.0024 2.2530
15990 7995.0 2.4616 1.8975 2.4616 0.9977 2.2885
16000 8000.0 2.4596 1.7733 2.4596 1.0188 2.2487
16010 8005.0 2.4498 1.2377 2.4498 0.9944 2.2205
16020 8010.0 2.4058 0.0168 2.4058 0.9986 2.1846
16030 8015.0 2.4275 0.3785 2.4275 0.9722 2.2004
16040 8020.0 2.3826 0.1509 2.3826 1.0269 2.1725
16050 8025.0 2.4199 0.1984 2.4199 0.9691 2.2307
16060 8030.0 2.3925 0.0280 2.3925 1.0237 2.2283
16070 8035.0 2.4534 1.4266 2.4534 0.9529 2.3353
16080 8040.0 2.3881 0.0706 2.3881 1.0408 2.3825
16090 8045.0 2.4722 2.6088 2.4722 0.9703 2.3168
16100 8050.0 2.4249 0.3089 2.4249 1.0428 2.2359
16110 8055.0 2.4450 1.0118 2.4450 0.9638 2.2286
16120 8060.0 2.3930 0.0247 2.3930 1.0157 2.1675
16130 8065.0 2.4604 1.8216 2.4604 0.9848 2.1141
16140 8070.0 2.4191 0.1832 2.4191 1.0544 2.0684
16150 8075.0 2.4426 0.9076 2.4426 0.9566 2.1625
16160 8080.0 2.3928 0.0262 2.3928 1.0044 2.2024
16170 8085.0 2.4870 3.7811 2.4870 1.0083 2.2213
16180 8090.0 2.4981 4.8081 2.4981 1.0087 2.1626
16190 8095.0 2.3689 0.4833 2.3689 0.9990 2.1199
16200 8100.0 2.3798 0.2046 2.3798 0.9574 2.1634
16210 8105.0 2.4318 0.5058 2.4318 1.0333 2.1528
16220 8110.0 2.5380 9.5155 2.5380 0.9840 2.1795
16230 8115.0 2.4140 0.0977 2.4140 1.0356 2.1805
16240 8120.0 2.4050 0.0127 2.4050 0.9591 2.3046
16250 8125.0 2.3864 0.0923 2.3864 1.0055 2.3387
16260 8130.0 2.4254 0.3219 2.4254 1.0046 2.3592
16270 8135.0 2.4766 2.9326 2.4766 0.9937 2.4586
16280 8140.0 2.4577 1.6658 2.4577 1.0480 2.4631
16290 8145.0 2.4954 4.5460 2.4954 0.9592 2.4715
16300 8150.0 2.3410 1.7425 2.3410 1.0446 2.3338
16310 8155.0 2.3967 0.0053 2.3967 0.9332 2.2621
16320 8160.0 2.3036 4.6496 2.3036 1.0331 2.1549
16330 8165.0 2.4043 0.0091 2.4043 0.9799 2.2204
16340 8170.0 2.4573 1.6445 2.4573 1.0307 2.2726
16350 8175.0 2.5061 5.6293 2.5061 1.0076 2.3103
16360 8180.0 2.4638 2.0345 2.4638 0.9877 2.2519
16370 8185.0 2.3982 0.0016 2.3982 1.0287 2.0841
16380 8190.0 2.4430 0.9225 2.4430 0.9915 2.0427
16390 8195.0 2.3867 0.0880 2.3867 1.0264 2.0122
16400 8200.0 2.4010 0.0005 2.4010 0.9453 2.1532
16410 8205.0 2.4219 0.2401 2.4219 1.0496 2.2714
16420 8210.0 2.5210 7.3229 2.5210 0.9507 2.4545
16430 8215.0 2.3973 0.0036 2.3973 1.0374 2.4591
16440 8220.0 2.3829 0.1461 2.3829 0.9521 2.4705
16450 8225.0 2.3399 1.8071 2.3399 1.0085 2.4523
16460 8230.0 2.3833 0.1393 2.3833 0.9793 2.5076
16470 8235.0 2.4376 0.7064 2.4376 1.0009 2.5300
16480 8240.0 2.4782 3.0576 2.4782 1.0014 2.4998
16490 8245.0 2.4439 0.9624 2.4439 0.9928 2.5193
16500 8250.0 2.3694 0.4675 2.3694 1.0260 2.4170
16510 8255.0 2.4376 0.7054 2.4376 0.9523 2.4032
16520 8260.0 2.3961 0.0074 2.3961 1.0441 2.3558
16530 8265.0 2.4891 3.9732 2.4891 0.9661 2.3312
16540 8270.0 2.4481 1.1566 2.4481 1.0269 2.2151
16550 8275.0 2.4842 3.5454 2.4842 1.0012 2.1101
16560 8280.0 2.4616 1.8994 2.4616 1.0217 1.9895
16570 8285.0 2.4610 1.8600 2.4610 1.0029 1.9371
16580 8290.0 2.4378 0.7160 2.4378 0.9918 1.9208
16590 8295.0 2.4455 1.0364 2.4455 1.0116 1.8815
16600 8300.0 2.4903 4.0749 2.4903 0.9982 1.9206
16610 8305.0 2.4471 1.1087 2.4471 1.0424 1.9662
16620 8310.0 2.4571 1.6314 2.4571 0.9949 2.0335
16630 8315.0 2.4421 0.8851 2.4421 1.0223 2.0147
16640 8320.0 2.4696 2.4187 2.4696 1.0079 2.0478
16650 8325.0 2.4785 3.0822 2.4785 1.0166 2.1172
16660 8330.0 2.4853 3.6371 2.4853 1.0156 2.2303
16670 8335.0 2.4984 4.8457 2.4984 1.0150 2.2958
16680 8340.0 2.4795 3.1634 2.4795 1.0197 2.2395
16690 8345.0 2.4413 0.8540 2.4413 1.0237 2.1713
16700 8350.0 2.4313 0.4914 2.4313 0.9829 2.2208
16710 8355.0 2.3981 0.0018 2.3981 0.9933 2.2182
16720 8360.0 2.4180 0.1620 2.4180 0.9843 2.1391
16730 8365.0 2.4690 2.3786 2.4690 0.9933 2.0721
16740 8370.0 2.4834 3.4814 2.4834 1.0394 2.0838
16750 8375.0 2.4720 2.5893 2.4720 0.9894 2.1993
16760 8380.0 2.3826 0.1520 2.3826 1.0080 2.2563
16770 8385.0 2.4018 0.0017 2.4018 0.9603 2.2601
16780 8390.0 2.3654 0.5987 2.3654 1.0398 2.2332
16790 8395.0 2.4383 0.7349 2.4383 0.9780 2.3040
16800 8400.0 2.4035 0.0062 2.4035 1.0145 2.3454
16810 8405.0 2.4443 0.9799 2.4443 0.9803 2.3541
16820 8410.0 2.4647 2.0928 2.4647 1.0424 2.2975
16830 8415.0 2.5265 8.0066 2.5265 0.9862 2.2284
16840 8420.0 2.4144 0.1044 2.4144 1.0153 2.1157
16850 8425.0 2.4060 0.0178 2.4060 0.9773 2.0807
16860 8430.0 2.4155 0.1194 2.4155 1.0052 2.0394
16870 8435.0 2.4252 0.3182 2.4252 1.0090 2.0629
16880 8440.0 2.4036 0.0065 2.4036 1.0050 2.2124
16890 8445.0 2.4550 1.5120 2.4550 1.0093 2.4024
16900 8450.0 2.4979 4.7878 2.4979 1.0237 2.4873
16910 8455.0 2.4782 3.0610 2.4782 1.0038 2.4451
16920 8460.0 2.3974 0.0034 2.3974 1.0129 2.3854
16930 8465.0 2.3998 0.0000 2.3998 0.9835 2.4765
16940 8470.0 2.4215 0.2311 2.4215 0.9839 2.4975
16950 8475.0 2.4504 1.2694 2.4504 1.0018 2.4280
16960 8480.0 2.4772 2.9762 2.4772 0.9883 2.3476
16970 8485.0 2.4231 0.2659 2.4231 1.0102 2.3390
16980 8490.0 2.4418 0.8755 2.4418 0.9617 2.3738
16990 8495.0 2.4266 0.3537 2.4266 1.0264 2.3557
17000 8500.0 2.5031 5.3138 2.5031 0.9504 2.3241
17010 8505.0 2.3769 0.2668 2.3769 1.0519 2.2688
17020 8510.0 2.4336 0.5632 2.4336 0.9438 2.3285
17030 8515.0 2.4064 0.0203 2.4064 1.0513 2.4145
17040 8520.0 2.5347 9.0725 2.5347 0.9862 2.5286
17050 8525.0 2.4628 1.9705 2.4628 1.0580 2.4264
17060 8530.0 2.4042 0.0089 2.4042 0.9826 2.3661
17070 8535.0 2.3729 0.3680 2.3729 0.9730 2.3230
17080 8540.0 2.3496 1.2681 2.3496 1.0504 2.1966
17090 8545.0 2.5240 7.6937 2.5240 0.9801 2.1867
17100 8550.0 2.5260 7.9422 2.5260 1.0856 2.0796
17110 8555.0 2.4717 2.5731 2.4717 1.0282 2.0927
17120 8560.0 2.3718 0.3971 2.3718 1.0281 2.0620
17130 8565.0 2.3959 0.0083 2.3959 0.9639 2.1126
17140 8570.0 2.3952 0.0116 2.3952 1.0546 2.1186
17150 8575.0 2.5242 7.7073 2.5242 0.9543 2.2617
17160 8580.0 2.4551 1.5170 2.4551 1.0758 2.2634
17170 8585.0 2.4589 1.7370 2.4589 0.9381 2.3187
17180 8590.0 2.3176 3.3942 2.3176 1.0633 2.2690
17190 8595.0 2.4830 3.4482 2.4830 0.9285 2.4483
17200 8600.0 2.4324 0.5235 2.4324 1.0955 2.4583
17210 8605.0 2.4796 3.1699 2.4796 0.9376 2.3595
17220 8610.0 2.3349 2.1172 2.3349 1.0622 2.1837
17230 8615.0 2.4317 0.5015 2.4317 0.9618 2.1613
17240 8620.0 2.4351 0.6157 2.4351 1.0480 2.0724
17250 8625.0 2.5187 7.0415 2.5187 0.9952 2.0793
17260 8630.0 2.4388 0.7523 2.4388 1.0358 2.0318
17270 8635.0 2.4275 0.3790 2.4275 0.9929 2.0269
17280 8640.0 2.4391 0.7661 2.4391 1.0063 1.9984
17290 8645.0 2.4442 0.9768 2.4442 1.0310 2.0688
17300 8650.0 2.4643 2.0650 2.4643 0.9805 2.2073
17310 8655.0 2.3949 0.0131 2.3949 1.0464 2.2593
17320 8660.0 2.4919 4.2222 2.4919 0.9469 2.2957
17330 8665.0 2.4073 0.0265 2.4073 1.0778 2.2752
17340 8670.0 2.5016 5.1592 2.5016 0.9374 2.3396
17350 8675.0 2.3535 1.0804 2.3535 1.0808 2.2778
17360 8680.0 2.4527 1.3867 2.4527 0.9225 2.2831
17370 8685.0 2.3384 1.8993 2.3384 1.0547 2.2347
17380 8690.0 2.4493 1.2129 2.4493 0.9670 2.2790
17390 8695.0 2.4657 2.1610 2.4657 1.0302 2.3040
17400 8700.0 2.4582 1.6926 2.4582 1.0011 2.3512
17410 8705.0 2.4308 0.4743 2.4308 0.9769 2.3773
17420 8710.0 2.3705 0.4348 2.3705 1.0379 2.3836
17430 8715.0 2.4738 2.7261 2.4738 0.9450 2.4831
17440 8720.0 2.4039 0.0078 2.4039 1.0702 2.4310
17450 8725.0 2.4651 2.1192 2.4651 0.9461 2.4430
17460 8730.0 2.3491 1.2931 2.3491 1.0445 2.3437
17470 8735.0 2.4217 0.2353 2.4217 0.9431 2.4141
17480 8740.0 2.3578 0.8889 2.3578 1.0584 2.3966
17490 8745.0 2.4881 3.8838 2.4881 0.9429 2.5073
17500 8750.0 2.4210 0.2214 2.4210 1.0716 2.4846
17510 8755.0 2.4504 1.2716 2.4504 0.9592 2.5660
17520 8760.0 2.3809 0.1827 2.3809 1.0369 2.4943
17530 8765.0 2.4555 1.5424 2.4555 0.9893 2.4867
17540 8770.0 2.4479 1.1485 2.4479 1.0028 2.4137
17550 8775.0 2.4188 0.1758 2.4188 1.0051 2.2538
17560 8780.0 2.4189 0.1794 2.4189 0.9684 2.1255
17570 8785.0 2.3673 0.5335 2.3673 1.0250 2.0018
17580 8790.0 2.4720 2.5898 2.4720 0.9629 2.0565
17590 8795.0 2.4248 0.3071 2.4248 1.0472 2.0365
17600 8800.0 2.4727 2.6417 2.4727 0.9629 2.0807
17610 8805.0 2.4085 0.0358 2.4085 1.0424 2.0380
17620 8810.0 2.4910 4.1447 2.4910 0.9865 2.0614
17630 8815.0 2.4371 0.6867 2.4371 1.0445 2.0282
17640 8820.0 2.4440 0.9675 2.4440 0.9809 2.1125
17650 8825.0 2.4091 0.0415 2.4091 1.0099 2.1730
17660 8830.0 2.4348 0.6067 2.4348 0.9974 2.2158
17670 8835.0 2.4739 2.7331 2.4739 0.9955 2.2481
17680 8840.0 2.4389 0.7571 2.4389 1.0350 2.2413
17690 8845.0 2.4456 1.0398 2.4456 0.9897 2.2407
17700 8850.0 2.4212 0.2256 2.4212 1.0143 2.2806
17710 8855.0 2.4512 1.3110 2.4512 0.9788 2.3060
17720 8860.0 2.3990 0.0005 2.3990 1.0323 2.2203
17730 8865.0 2.4778 3.0242 2.4778 0.9766 2.1424
17740 8870.0 2.4756 2.8570 2.4756 1.0425 2.0741
17750 8875.0 2.4946 4.4707 2.4946 0.9979 2.0517
17760 8880.0 2.4403 0.8130 2.4403 1.0193 2.0003
17770 8885.0 2.4575 1.6516 2.4575 1.0119 1.9613
17780 8890.0 2.4629 1.9757 2.4629 1.0296 1.9188
17790 8895.0 2.4763 2.9086 2.4763 0.9926 1.9590
17800 8900.0 2.4147 0.1077 2.4147 1.0294 1.9547
17810 8905.0 2.4654 2.1371 2.4654 0.9913 1.9923
17820 8910.0 2.4728 2.6506 2.4728 1.0336 1.9530
17830 8915.0 2.4888 3.9405 2.4888 0.9949 1.9739
17840 8920.0 2.4159 0.1271 2.4159 1.0325 1.9542
17850 8925.0 2.4325 0.5284 2.4325 0.9837 2.0245
17860 8930.0 2.4289 0.4188 2.4289 1.0296 2.0528
17870 8935.0 2.4893 3.9854 2.4893 1.0090 2.1337
17880 8940.0 2.4777 3.0158 2.4777 1.0116 2.1860
17890 8945.0 2.4274 0.3741 2.4274 1.0117 2.2007
17900 8950.0 2.4244 0.2970 2.4244 0.9872 2.2087
17910 8955.0 2.4033 0.0054 2.4033 1.0223 2.1826
17920 8960.0 2.4668 2.2301 2.4668 0.9899 2.1792
17930 8965.0 2.4779 3.0323 2.4779 1.0347 2.1351
17940 8970.0 2.4877 3.8447 2.4877 0.9878 2.1379
17950 8975.0 2.3929 0.0253 2.3929 1.0257 2.1005
17960 8980.0 2.4521 1.3562 2.4521 0.9569 2.0941
17970 8985.0 2.4318 0.5042 2.4318 1.0491 2.0637
17980 8990.0 2.5748 15.2739 2.5748 0.9730 2.1989
17990 8995.0 2.4738 2.7244 2.4738 1.0759 2.1323
18000 9000.0 2.4804 3.2296 2.4804 0.9736 2.0410
