# step  time_fs  cv_FeH(A)  bias(kJ/mol)  d_min_FeH(A)  d_min_OH(A)  d_min_SH(A)
0 0.0 1.7182 2380.0576 1.7182 2.5114 2.4126
10 5.0 3.0785 337.4115 3.0785 1.4573 2.4472
20 10.0 3.3943 127.8585 3.3943 1.5931 2.1399
30 15.0 3.3346 159.8572 3.3346 1.4399 2.0997
40 20.0 3.3404 156.5929 3.3404 1.2265 2.4375
50 25.0 2.8875 512.6062 2.8875 1.2308 1.9809
60 30.0 3.1593 274.3030 3.1593 1.2393 2.6517
70 35.0 3.3775 136.5265 3.3775 1.2956 2.3241
80 40.0 3.2986 180.8696 3.2986 0.8254 2.3694
90 45.0 3.4460 103.0774 3.4460 1.0600 2.5236
100 50.0 3.2963 182.2277 3.2963 1.0888 2.3114
110 55.0 3.2606 204.4365 3.2606 0.8632 2.5518
120 60.0 3.3178 169.4802 3.3178 1.2178 2.1162
130 65.0 3.2365 220.1197 3.2365 1.0575 2.5785
140 70.0 3.2621 203.4371 3.2621 1.0909 2.0801
150 75.0 3.4243 113.1555 3.4243 0.9679 2.3352
160 80.0 3.5590 58.1470 3.5590 1.0808 2.2181
170 85.0 3.5626 56.9337 3.5626 1.1044 2.3044
180 90.0 3.4283 111.2475 3.4283 0.8924 2.3560
190 95.0 3.5105 75.8496 3.5105 1.0884 2.2694
200 100.0 3.4755 90.0963 3.4755 1.1010 2.4738
210 105.0 3.4254 112.6338 3.4254 0.9621 2.1474
220 110.0 3.5520 60.5443 3.5520 0.9960 2.2973
230 115.0 3.5250 70.3191 3.5250 1.0437 2.5019
240 120.0 3.4150 117.6308 3.4150 0.9840 2.1679
250 125.0 3.5629 56.8310 3.5629 0.9076 2.3935
260 130.0 3.5909 47.7594 3.5909 1.1000 2.4211
270 135.0 3.6264 37.4323 3.6264 0.9048 2.4354
280 140.0 3.5720 53.7786 3.5720 1.1169 2.4730
290 145.0 3.5203 72.0790 3.5203 0.9331 2.3266
300 150.0 3.6377 34.3982 3.6377 0.9537 2.4172
310 155.0 3.5287 68.9497 3.5287 1.0967 2.5219
320 160.0 3.6174 39.9368 3.6174 0.8764 2.3555
330 165.0 3.6203 39.1158 3.6203 1.0526 2.3676
340 170.0 3.6144 40.7914 3.6144 0.9610 2.3173
350 175.0 3.5802 51.1214 3.5802 0.9132 2.2663
360 180.0 3.5951 46.4953 3.5951 1.1099 2.3072
370 185.0 3.6367 34.6709 3.6367 0.8710 2.2769
380 190.0 3.5893 48.2674 3.5893 0.9899 2.2461
390 195.0 3.6210 38.9344 3.6210 1.0427 2.3577
400 200.0 3.6458 32.3020 3.6458 0.8923 2.3700
410 205.0 3.6467 32.0740 3.6467 0.9889 2.3523
420 210.0 3.6355 34.9692 3.6355 1.0265 2.3429
430 215.0 3.6122 41.4106 3.6122 0.9127 2.3585
440 220.0 3.5865 49.1424 3.5865 0.9912 2.3682
450 225.0 3.5906 47.8747 3.5906 1.0414 2.3074
460 230.0 3.5769 52.2068 3.5769 0.9377 2.3818
470 235.0 3.5971 45.8610 3.5971 1.0119 2.3568
480 240.0 3.6059 43.2329 3.6059 1.0041 2.3425
490 245.0 3.6089 42.3578 3.6089 0.9200 2.3697
500 250.0 3.6127 41.2673 3.6127 0.9612 2.3718
510 255.0 3.5687 54.8781 3.5687 0.9906 2.3372
520 260.0 3.5634 56.6443 3.5634 0.9840 2.3597
530 265.0 3.5623 57.0163 3.5623 0.9466 2.3950
540 270.0 3.5722 53.7262 3.5722 0.9567 2.3127
550 275.0 3.5657 55.8948 3.5657 0.9977 2.2841
560 280.0 3.5541 59.8403 3.5541 1.0034 2.3390
570 285.0 3.5787 51.6214 3.5787 0.9764 2.2599
580 290.0 3.5788 51.5985 3.5788 0.9944 2.1845
590 295.0 3.5706 54.2498 3.5706 0.9714 2.2429
600 300.0 3.5622 57.0405 3.5622 1.0245 2.2524
610 305.0 3.5712 54.0652 3.5712 0.9827 2.1689
620 310.0 3.5656 55.9217 3.5656 0.9813 2.1900
630 315.0 3.5418 64.1403 3.5418 1.0152 2.2418
640 320.0 3.5399 64.8383 3.5399 0.9705 2.1915
650 325.0 3.5496 61.3835 3.5496 1.0210 2.2253
660 330.0 3.5469 62.3500 3.5469 0.9610 2.2496
670 335.0 3.5199 72.2543 3.5199 1.0181 2.3300
680 340.0 3.5349 66.6375 3.5349 0.9987 2.3344
690 345.0 3.5363 66.1555 3.5363 1.0117 2.3224
700 350.0 3.5267 69.6655 3.5267 0.9538 2.3258
710 355.0 3.5287 68.9201 3.5287 1.0514 2.3517
720 360.0 3.5293 68.6931 3.5293 0.9436 2.3280
730 365.0 3.5451 62.9841 3.5451 1.0541 2.4001
740 370.0 3.5793 51.4371 3.5793 0.9422 2.3983
750 375.0 3.5747 52.8962 3.5747 1.0597 2.3522
760 380.0 3.5701 54.4149 3.5701 0.9441 2.4179
770 385.0 3.5935 46.9663 3.5935 1.0597 2.3319
780 390.0 3.5762 52.4280 3.5762 0.9591 2.3949
790 395.0 3.5910 47.7497 3.5910 1.0423 2.3664
800 400.0 3.5859 49.3280 3.5859 0.9697 2.3499
810 405.0 3.5544 59.7060 3.5544 1.0692 2.4493
820 410.0 3.5160 73.7324 3.5160 0.9793 2.3758
830 415.0 3.5021 79.1797 3.5021 1.0261 2.5488
840 420.0 3.5312 68.0018 3.5312 0.9976 2.4342
850 425.0 3.5508 60.9640 3.5508 1.0454 2.4958
860 430.0 3.5426 63.8747 3.5426 1.0189 2.5241
870 435.0 3.5430 63.7140 3.5430 1.0496 2.4220
880 440.0 3.5338 67.0473 3.5338 0.9688 2.4481
890 445.0 3.5517 60.6736 3.5517 1.0626 2.3371
900 450.0 3.5303 68.3422 3.5303 0.9567 2.5192
910 455.0 3.5840 49.9126 3.5840 1.0990 2.3682
920 460.0 3.5991 45.2575 3.5991 0.9084 2.4165
930 465.0 3.6229 38.3930 3.6229 1.0867 2.3494
940 470.0 3.5909 47.7642 3.5909 0.9596 2.4253
950 475.0 3.6306 36.2831 3.6306 1.0241 2.2816
960 480.0 3.5888 48.4073 3.5888 1.0077 2.4245
970 485.0 3.6293 36.6422 3.6293 1.0554 2.2676
980 490.0 3.6083 42.5531 3.6083 0.9892 2.3867
990 495.0 3.6328 35.6896 3.6328 1.0486 2.3633
1000 500.0 3.6191 39.4595 3.6191 0.9686 2.3237
1010 505.0 3.6065 43.0789 3.6065 1.0524 2.5062
1020 510.0 3.6290 36.7277 3.6290 0.9584 2.4189
1030 515.0 3.6307 36.2699 3.6307 1.0028 2.5265
1040 520.0 3.6067 43.0221 3.6067 1.0366 2.6060
1050 525.0 3.6396 33.8970 3.6396 0.9652 2.5074
1060 530.0 3.6417 33.3701 3.6417 1.0707 2.5785
1070 535.0 3.6483 31.6771 3.6483 0.9988 2.5570
1080 540.0 3.6465 32.1280 3.6465 1.0311 2.5601
1090 545.0 3.6382 34.2610 3.6382 1.0341 2.5614
1100 550.0 3.6302 36.3853 3.6302 0.9884 2.5510
1110 555.0 3.6265 37.3880 3.6265 1.0299 2.5341
1120 560.0 3.6176 39.8645 3.6176 0.9822 2.4653
1130 565.0 3.6125 41.3383 3.6125 1.0019 2.4981
1140 570.0 3.6211 38.8915 3.6211 0.9641 2.4223
1150 575.0 3.5993 45.1960 3.5993 1.0318 2.4391
1160 580.0 3.6119 41.5053 3.6119 0.9451 2.3873
1170 585.0 3.6087 42.4400 3.6087 1.0920 2.3403
1180 590.0 3.5941 46.7725 3.5941 0.9463 2.3121
1190 595.0 3.5824 50.4437 3.5824 1.0592 2.3507
1200 600.0 3.5843 49.8412 3.5843 0.9765 2.2950
1210 605.0 3.5725 53.6437 3.5725 1.0087 2.3498
1220 610.0 3.5895 48.2149 3.5895 1.0254 2.3144
1230 615.0 3.5790 51.5143 3.5790 0.9501 2.3086
1240 620.0 3.5819 50.5787 3.5819 1.0645 2.3276
1250 625.0 3.5824 50.4457 3.5824 0.9196 2.2974
1260 630.0 3.5997 45.0939 3.5997 1.0486 2.3740
1270 635.0 3.5804 51.0669 3.5804 0.9359 2.2686
1280 640.0 3.5746 52.9331 3.5746 1.0115 2.3931
1290 645.0 3.5897 48.1492 3.5897 0.9684 2.2964
1300 650.0 3.5535 60.0237 3.5535 1.0124 2.4276
1310 655.0 3.5837 50.0295 3.5837 0.9780 2.2943
1320 660.0 3.5877 48.7680 3.5877 1.0047 2.3961
1330 665.0 3.5937 46.9156 3.5937 0.9785 2.3955
1340 670.0 3.5783 51.7374 3.5783 1.0182 2.4287
1350 675.0 3.5993 45.2132 3.5993 0.9365 2.4451
1360 680.0 3.6103 41.9512 3.6103 1.0197 2.4166
1370 685.0 3.6229 38.3844 3.6229 0.9556 2.4259
1380 690.0 3.6142 40.8328 3.6142 0.9949 2.4809
1390 695.0 3.6202 39.1414 3.6202 0.9960 2.3731
1400 700.0 3.6228 38.4268 3.6228 0.9783 2.4476
1410 705.0 3.6545 30.1353 3.6545 0.9945 2.3808
1420 710.0 3.6523 30.6655 3.6523 1.0017 2.3556
1430 715.0 3.6440 32.7782 3.6440 0.9725 2.3709
1440 720.0 3.6501 31.2349 3.6501 0.9806 2.3028
1450 725.0 3.6450 32.5173 3.6450 1.0038 2.3384
1460 730.0 3.6505 31.1287 3.6505 0.9514 2.3218
1470 735.0 3.6450 32.5213 3.6450 1.0175 2.3774
1480 740.0 3.6470 32.0153 3.6470 0.9534 2.3613
1490 745.0 3.6430 33.0329 3.6430 0.9765 2.4193
1500 750.0 3.6341 35.3574 3.6341 0.9998 2.4488
1510 755.0 3.6350 35.1200 3.6350 0.9730 2.5000
1520 760.0 3.6277 37.0662 3.6277 0.9837 2.5353
1530 765.0 3.6158 40.3945 3.6158 0.9843 2.5428
1540 770.0 3.6160 40.3320 3.6160 0.9805 2.6155
1550 775.0 3.6164 40.2031 3.6164 0.9690 2.5053
1560 780.0 3.6044 43.6992 3.6044 0.9981 2.5704
1570 785.0 3.6123 41.3875 3.6123 0.9653 2.5236
1580 790.0 3.6060 43.2262 3.6060 1.0022 2.5344
1590 795.0 3.5946 46.6220 3.5946 0.9921 2.5493
1600 800.0 3.5721 53.7539 3.5721 0.9434 2.4555
1610 805.0 3.5895 48.2014 3.5895 1.0085 2.4585
1620 810.0 3.5820 50.5705 3.5820 0.9393 2.4164
1630 815.0 3.5936 46.9521 3.5936 1.0153 2.4151
1640 820.0 3.5944 46.7106 3.5944 0.9608 2.3832
1650 825.0 3.6029 44.1248 3.6029 0.9844 2.3879
1660 830.0 3.6073 42.8359 3.6073 0.9840 2.3446
1670 835.0 3.6126 41.2928 3.6126 0.9607 2.3832
1680 840.0 3.6071 42.9056 3.6071 1.0061 2.3666
1690 845.0 3.6148 40.6624 3.6148 0.9599 2.3686
1700 850.0 3.6221 38.6168 3.6221 0.9936 2.3745
1710 855.0 3.6305 36.3266 3.6305 0.9819 2.3841
1720 860.0 3.6202 39.1492 3.6202 0.9895 2.4018
1730 865.0 3.6097 42.1407 3.6097 1.0030 2.4644
1740 870.0 3.6152 40.5609 3.6152 0.9559 2.4926
1750 875.0 3.6120 41.4799 3.6120 1.0097 2.4838
1760 880.0 3.6147 40.6849 3.6147 0.9793 2.4693
1770 885.0 3.6066 43.0558 3.6066 0.9783 2.4193
1780 890.0 3.6205 39.0699 3.6205 0.9684 2.5027
1790 895.0 3.5968 45.9513 3.5968 0.9537 2.4529
1800 900.0 3.6125 41.3320 3.6125 1.0460 2.5408
1810 905.0 3.6575 29.4037 3.6575 0.9247 2.5148
1820 910.0 3.6472 31.9455 3.6472 0.9810 2.5158
1830 915.0 3.6358 34.9097 3.6358 1.0104 2.4738
1840 920.0 3.6472 31.9462 3.6472 0.9284 2.4941
1850 925.0 3.6331 35.6107 3.6331 1.0267 2.4725
1860 930.0 3.6317 35.9791 3.6317 0.9594 2.4146
1870 935.0 3.6078 42.6770 3.6078 0.9674 2.4984
1880 940.0 3.6198 39.2526 3.6198 1.0039 2.3587
1890 945.0 3.6282 36.9392 3.6282 0.9811 2.4433
1900 950.0 3.6386 34.1595 3.6386 0.9786 2.3946
1910 955.0 3.6375 34.4625 3.6375 1.0158 2.3909
1920 960.0 3.6408 33.6049 3.6408 0.9440 2.4249
1930 965.0 3.6459 32.2835 3.6459 1.0048 2.3994
1940 970.0 3.6354 35.0114 3.6354 0.9751 2.3505
1950 975.0 3.6433 32.9445 3.6433 0.9972 2.3859
1960 980.0 3.6350 35.1201 3.6350 0.9551 2.3823
1970 985.0 3.6297 36.5293 3.6297 1.0153 2.3619
1980 990.0 3.6253 37.7179 3.6253 0.9681 2.4044
1990 995.0 3.6133 41.1034 3.6133 0.9921 2.4746
2000 1000.0 3.6232 38.3006 3.6232 0.9870 2.4259
2010 1005.0 3.6198 39.2533 3.6198 1.0028 2.4600
2020 1010.0 3.6293 36.6316 3.6293 0.9706 2.4475
2030 1015.0 3.6430 33.0134 3.6430 0.9767 2.4930
2040 1020.0 3.6317 35.9880 3.6317 0.9681 2.5269
2050 1025.0 3.6296 36.5612 3.6296 0.9510 2.5352
2060 1030.0 3.6612 28.5035 3.6612 1.0153 2.5437
2070 1035.0 3.6661 27.3639 3.6661 0.9730 2.5622
2080 1040.0 3.6390 34.0485 3.6390 0.9914 2.5661
2090 1045.0 3.6588 29.0879 3.6588 0.9746 2.5284
2100 1050.0 3.6725 25.8844 3.6725 0.9580 2.4867
2110 1055.0 3.6575 29.4024 3.6575 0.9885 2.4732
2120 1060.0 3.6665 27.2527 3.6665 0.9496 2.4298
2130 1065.0 3.6576 29.3835 3.6576 0.9881 2.4034
2140 1070.0 3.6511 30.9705 3.6511 0.9772 2.3598
2150 1075.0 3.6467 32.0811 3.6467 0.9889 2.3584
2160 1080.0 3.6358 34.8898 3.6358 0.9767 2.3403
2170 1085.0 3.6317 35.9953 3.6317 0.9728 2.3441
2180 1090.0 3.6267 37.3519 3.6267 0.9707 2.3470
2190 1095.0 3.6113 41.6729 3.6113 0.9968 2.3679
2200 1100.0 3.5952 46.4420 3.5952 0.9670 2.3810
2210 1105.0 3.5978 45.6535 3.5978 1.0080 2.3866
2220 1110.0 3.5993 45.2001 3.5993 0.9799 2.4056
2230 1115.0 3.6027 44.1978 3.6027 0.9922 2.4061
2240 1120.0 3.6140 40.8911 3.6140 0.9877 2.4009
2250 1125.0 3.6145 40.7466 3.6145 0.9739 2.4220
2260 1130.0 3.6153 40.5270 3.6153 0.9881 2.4268
2270 1135.0 3.6253 37.7437 3.6253 0.9801 2.3929
2280 1140.0 3.6316 36.0123 3.6316 1.0084 2.3927
2290 1145.0 3.6216 38.7414 3.6216 0.9754 2.4153
2300 1150.0 3.6329 35.6751 3.6329 1.0133 2.3955
2310 1155.0 3.6261 37.5048 3.6261 0.9824 2.3859
2320 1160.0 3.6255 37.6804 3.6255 0.9917 2.4609
2330 1165.0 3.6169 40.0705 3.6169 1.0014 2.4405
2340 1170.0 3.6190 39.4704 3.6190 0.9628 2.5127
2350 1175.0 3.6381 34.2993 3.6381 1.0084 2.5214
2360 1180.0 3.6335 35.5018 3.6335 0.9846 2.4797
2370 1185.0 3.6299 36.4742 3.6299 1.0032 2.5745
2380 1190.0 3.6477 31.8171 3.6477 0.9947 2.5570
2390 1195.0 3.6444 32.6666 3.6444 1.0063 2.5270
2400 1200.0 3.6445 32.6346 3.6445 0.9989 2.5572
2410 1205.0 3.6381 34.3070 3.6381 1.0069 2.5037
2420 1210.0 3.6335 35.5038 3.6335 0.9633 2.4953
2430 1215.0 3.6501 31.2370 3.6501 1.0241 2.4772
2440 1220.0 3.6515 30.8708 3.6515 0.9522 2.4407
2450 1225.0 3.6429 33.0405 3.6429 1.0095 2.4385
2460 1230.0 3.6439 32.8054 3.6439 0.9607 2.4070
2470 1235.0 3.6337 35.4488 3.6337 1.0463 2.3739
2480 1240.0 3.6243 38.0046 3.6243 0.9660 2.3803
2490 1245.0 3.6151 40.5762 3.6151 1.0147 2.4154
2500 1250.0 3.6142 40.8394 3.6142 0.9762 2.3475
2510 1255.0 3.6080 42.6387 3.6080 0.9863 2.4025
2520 1260.0 3.6220 38.6415 3.6220 0.9889 2.3626
2530 1265.0 3.6209 38.9464 3.6209 0.9753 2.3812
2540 1270.0 3.6144 40.7782 3.6144 1.0028 2.4163
2550 1275.0 3.6208 38.9717 3.6208 0.9649 2.3755
2560 1280.0 3.6249 37.8399 3.6249 1.0268 2.4324
2570 1285.0 3.6080 42.6415 3.6080 0.9607 2.4723
2580 1290.0 3.6145 40.7599 3.6145 1.0056 2.4825
2590 1295.0 3.6092 42.2799 3.6092 0.9538 2.4636
2600 1300.0 3.6031 44.0879 3.6031 1.0025 2.5445
2610 1305.0 3.6174 39.9451 3.6174 0.9650 2.4931
2620 1310.0 3.6379 34.3556 3.6379 1.0279 2.5068
2630 1315.0 3.6297 36.5246 3.6297 0.9421 2.5139
2640 1320.0 3.6280 36.9802 3.6280 1.0141 2.5119
2650 1325.0 3.6302 36.3968 3.6302 0.9842 2.4267
2660 1330.0 3.6439 32.8044 3.6439 1.0115 2.4654
2670 1335.0 3.6552 29.9653 3.6552 0.9459 2.4342
2680 1340.0 3.6482 31.7113 3.6482 1.0414 2.3890
2690 1345.0 3.6480 31.7494 3.6480 0.9532 2.4358
2700 1350.0 3.6363 34.7770 3.6363 1.0131 2.4025
2710 1355.0 3.6397 33.8760 3.6397 0.9850 2.3962
2720 1360.0 3.6394 33.9476 3.6394 0.9754 2.3775
2730 1365.0 3.6249 37.8533 3.6249 1.0041 2.4308
2740 1370.0 3.6008 44.7508 3.6008 0.9660 2.4278
2750 1375.0 3.5834 50.1070 3.5834 1.0149 2.5380
2760 1380.0 3.6226 38.4876 3.6226 0.9656 2.4601
2770 1385.0 3.6282 36.9478 3.6282 0.9940 2.5243
2780 1390.0 3.5998 45.0657 3.5998 1.0006 2.6041
2790 1395.0 3.5956 46.3149 3.5956 1.0039 2.5595
2800 1400.0 3.5863 49.1977 3.5863 1.0098 2.6365
2810 1405.0 3.5603 57.6995 3.5603 0.9542 2.4553
2820 1410.0 3.5699 54.4752 3.5699 1.0022 2.6333
2830 1415.0 3.5961 46.1901 3.5961 0.9741 2.4957
2840 1420.0 3.6016 44.5076 3.6016 1.0272 2.5705
2850 1425.0 3.6270 37.2655 3.6270 0.9231 2.5324
2860 1430.0 3.6053 43.4145 3.6053 1.0409 2.4835
2870 1435.0 3.6606 28.6585 3.6606 0.9342 2.4635
2880 1440.0 3.6111 41.7185 3.6111 1.0010 2.5006
2890 1445.0 3.6546 30.1001 3.6546 0.9794 2.4289
2900 1450.0 3.6653 27.5446 3.6653 0.9503 2.3703
2910 1455.0 3.6597 28.8649 3.6597 1.0449 2.3761
2920 1460.0 3.6215 38.7827 3.6215 0.9204 2.3674
2930 1465.0 3.6390 34.0538 3.6390 1.0537 2.3595
2940 1470.0 3.6110 41.7505 3.6110 0.9543 2.2637
2950 1475.0 3.6034 43.9879 3.6034 1.0021 2.3793
2960 1480.0 3.6299 36.4838 3.6299 1.0176 2.3147
2970 1485.0 3.6063 43.1348 3.6063 0.9721 2.3872
2980 1490.0 3.6181 39.7359 3.6181 1.0343 2.3369
2990 1495.0 3.6153 40.5276 3.6153 0.9481 2.4285
3000 1500.0 3.6262 37.4760 3.6262 1.0226 2.4592
3010 1505.0 3.6168 40.0968 3.6168 0.9747 2.4626
3020 1510.0 3.6142 40.8520 3.6142 0.9653 2.4889
3030 1515.0 3.6056 43.3498 3.6056 0.9840 2.5066
3040 1520.0 3.6127 41.2849 3.6127 0.9454 2.4958
3050 1525.0 3.6153 40.5145 3.6153 0.9915 2.4820
3060 1530.0 3.6256 37.6454 3.6256 0.9546 2.4644
3070 1535.0 3.6273 37.1872 3.6273 0.9976 2.4536
3080 1540.0 3.6364 34.7369 3.6364 0.9706 2.4476
3090 1545.0 3.6461 32.2433 3.6461 0.9927 2.4007
3100 1550.0 3.6438 32.8160 3.6438 0.9896 2.3966
3110 1555.0 3.6506 31.0912 3.6506 0.9733 2.3443
3120 1560.0 3.6587 29.1009 3.6587 1.0245 2.3126
3130 1565.0 3.6564 29.6631 3.6564 0.9583 2.3141
3140 1570.0 3.6595 28.9265 3.6595 1.0101 2.3204
3150 1575.0 3.6695 26.5593 3.6695 0.9721 2.3053
3160 1580.0 3.6626 28.1819 3.6626 0.9991 2.3258
3170 1585.0 3.6602 28.7587 3.6602 0.9632 2.3569
3180 1590.0 3.6469 32.0240 3.6469 0.9927 2.3972
3190 1595.0 3.6459 32.2893 3.6459 0.9640 2.4195
3200 1600.0 3.6406 33.6571 3.6406 1.0075 2.4543
3210 1605.0 3.6365 34.7132 3.6365 0.9940 2.4288
3220 1610.0 3.6142 40.8272 3.6142 0.9776 2.4772
3230 1615.0 3.6133 41.0949 3.6133 0.9767 2.3873
3240 1620.0 3.6144 40.7953 3.6144 1.0148 2.4783
3250 1625.0 3.6385 34.1836 3.6385 0.9611 2.4281
3260 1630.0 3.6253 37.7208 3.6253 1.0264 2.3792
3270 1635.0 3.6438 32.8189 3.6438 0.9554 2.3908
3280 1640.0 3.6087 42.4385 3.6087 0.9516 2.4510
3290 1645.0 3.5968 45.9745 3.5968 1.0150 2.3285
3300 1650.0 3.6281 36.9606 3.6281 0.9503 2.3985
3310 1655.0 3.6340 35.3876 3.6340 0.9839 2.3576
3320 1660.0 3.6123 41.3828 3.6123 1.0009 2.2853
3330 1665.0 3.5823 50.4701 3.5823 0.9815 2.4018
3340 1670.0 3.6083 42.5302 3.6083 1.0109 2.3053
3350 1675.0 3.5985 45.4389 3.5985 0.9778 2.4455
3360 1680.0 3.6200 39.2121 3.6200 0.9863 2.4033
3370 1685.0 3.6112 41.7099 3.6112 1.0283 2.3868
3380 1690.0 3.6087 42.4340 3.6087 0.9419 2.4286
3390 1695.0 3.6015 44.5398 3.6015 1.0117 2.3637
3400 1700.0 3.6033 44.0022 3.6033 0.9545 2.3794
3410 1705.0 3.6042 43.7401 3.6042 1.0081 2.3356
3420 1710.0 3.6056 43.3339 3.6056 0.9771 2.3049
3430 1715.0 3.5872 48.9244 3.5872 0.9969 2.3431
3440 1720.0 3.6230 38.3712 3.6230 0.9713 2.2839
3450 1725.0 3.6192 39.4293 3.6192 1.0303 2.2898
3460 1730.0 3.6171 40.0124 3.6171 0.9417 2.3109
3470 1735.0 3.5988 45.3459 3.5988 0.9907 2.3184
3480 1740.0 3.6048 43.5822 3.6048 0.9382 2.3189
3490 1745.0 3.6105 41.9006 3.6105 1.0055 2.3473
3500 1750.0 3.6473 31.9392 3.6473 0.9465 2.3082
3510 1755.0 3.6185 39.6249 3.6185 1.0235 2.3819
3520 1760.0 3.6363 34.7605 3.6363 0.9399 2.3688
3530 1765.0 3.6294 36.6145 3.6294 1.0044 2.4291
3540 1770.0 3.6475 31.8864 3.6475 0.9306 2.4396
3550 1775.0 3.6401 33.7782 3.6401 0.9713 2.4804
3560 1780.0 3.6540 30.2477 3.6540 0.9860 2.4368
3570 1785.0 3.6539 30.2842 3.6539 0.9909 2.4614
3580 1790.0 3.6401 33.7844 3.6401 0.9680 2.5331
3590 1795.0 3.6437 32.8413 3.6437 0.9408 2.4635
3600 1800.0 3.6321 35.8923 3.6321 1.0045 2.5451
3610 1805.0 3.6355 34.9670 3.6355 0.9524 2.5343
3620 1810.0 3.6399 33.8278 3.6399 0.9794 2.4798
3630 1815.0 3.6414 33.4302 3.6414 1.0081 2.5136
3640 1820.0 3.6489 31.5354 3.6489 0.9180 2.4685
3650 1825.0 3.6411 33.5121 3.6411 1.0294 2.4664
3660 1830.0 3.6316 36.0094 3.6316 0.9601 2.3781
3670 1835.0 3.6311 36.1499 3.6311 0.9937 2.4505
3680 1840.0 3.6568 29.5839 3.6568 0.9839 2.3807
3690 1845.0 3.6523 30.6670 3.6523 0.9751 2.3830
3700 1850.0 3.6600 28.8120 3.6600 1.0226 2.3522
3710 1855.0 3.6544 30.1647 3.6544 0.9593 2.3690
3720 1860.0 3.6478 31.7981 3.6478 1.0283 2.3485
3730 1865.0 3.6362 34.8057 3.6362 0.9759 2.3987
3740 1870.0 3.6315 36.0376 3.6315 0.9857 2.4293
3750 1875.0 3.6241 38.0686 3.6241 0.9930 2.4607
3760 1880.0 3.6264 37.4252 3.6264 0.9859 2.4619
3770 1885.0 3.6138 40.9465 3.6138 1.0106 2.5012
3780 1890.0 3.6103 41.9596 3.6103 0.9521 2.5425
3790 1895.0 3.6104 41.9369 3.6104 1.0398 2.5218
3800 1900.0 3.6255 37.6806 3.6255 0.9477 2.5202
3810 1905.0 3.6353 35.0454 3.6353 0.9937 2.5162
3820 1910.0 3.6338 35.4362 3.6338 1.0157 2.4751
3830 1915.0 3.6178 39.8264 3.6178 0.9500 2.4915
3840 1920.0 3.6324 35.8004 3.6324 1.0257 2.4664
3850 1925.0 3.6394 33.9575 3.6394 0.9694 2.4465
3860 1930.0 3.6304 36.3324 3.6304 0.9834 2.4741
3870 1935.0 3.6286 36.8241 3.6286 0.9915 2.4238
3880 1940.0 3.6369 34.6010 3.6369 0.9699 2.4650
3890 1945.0 3.6325 35.7732 3.6325 0.9823 2.4246
3900 1950.0 3.6353 35.0329 3.6353 0.9749 2.4162
3910 1955.0 3.6452 32.4680 3.6452 0.9759 2.4008
3920 1960.0 3.6624 28.2174 3.6624 0.9814 2.3837
3930 1965.0 3.6585 29.1717 3.6585 0.9851 2.4302
3940 1970.0 3.6526 30.6073 3.6526 0.9776 2.3915
3950 1975.0 3.6418 33.3314 3.6418 1.0064 2.4527
3960 1980.0 3.6444 32.6751 3.6444 0.9448 2.4626
3970 1985.0 3.6386 34.1650 3.6386 1.0234 2.5142
3980 1990.0 3.6258 37.5927 3.6258 0.9528 2.4944
3990 1995.0 3.6110 41.7725 3.6110 1.0109 2.5861
4000 2000.0 3.6300 36.4404 3.6300 0.9628 2.4955
4010 2005.0 3.6317 35.9908 3.6317 1.0097 2.6036
4020 2010.0 3.6533 30.4242 3.6533 0.9399 2.5801
4030 2015.0 3.6435 32.9017 3.6435 1.0357 2.5363
4040 2020.0 3.6469 32.0175 3.6469 0.9425 2.5666
4050 2025.0 3.6473 31.9322 3.6473 1.0102 2.5139
4060 2030.0 3.6448 32.5659 3.6448 0.9642 2.5271
4070 2035.0 3.6408 33.5953 3.6408 1.0019 2.5268
4080 2040.0 3.6372 34.5282 3.6372 0.9855 2.4497
4090 2045.0 3.6156 40.4362 3.6156 0.9776 2.5338
4100 2050.0 3.6398 33.8593 3.6398 0.9947 2.4065
4110 2055.0 3.6342 35.3253 3.6342 0.9951 2.4782
4120 2060.0 3.6772 24.8116 3.6772 0.9704 2.4063
4130 2065.0 3.6698 26.4899 3.6698 0.9837 2.4073
4140 2070.0 3.6344 35.2720 3.6344 0.9828 2.4232
4150 2075.0 3.6503 31.1717 3.6503 1.0031 2.3582
4160 2080.0 3.6384 34.2182 3.6384 0.9628 2.4449
4170 2085.0 3.6362 34.7940 3.6362 1.0183 2.3701
4180 2090.0 3.6316 36.0195 3.6316 0.9835 2.4195
4190 2095.0 3.6259 37.5753 3.6259 0.9766 2.4365
4200 2100.0 3.6065 43.0655 3.6065 0.9876 2.3696
4210 2105.0 3.6001 44.9709 3.6001 0.9802 2.4468
4220 2110.0 3.5880 48.6606 3.5880 1.0150 2.4057
4230 2115.0 3.5905 47.8907 3.5905 0.9659 2.4211
4240 2120.0 3.5918 47.4858 3.5918 0.9925 2.3584
4250 2125.0 3.6022 44.3449 3.6022 1.0056 2.4162
4260 2130.0 3.6021 44.3721 3.6021 0.9747 2.3850
4270 2135.0 3.5907 47.8423 3.5907 1.0011 2.4211
4280 2140.0 3.5600 57.8023 3.5600 0.9688 2.4562
4290 2145.0 3.5501 61.2182 3.5501 0.9842 2.3541
4300 2150.0 3.5301 68.4081 3.5301 1.0102 2.4404
4310 2155.0 3.5537 59.9608 3.5537 0.9390 2.3834
4320 2160.0 3.5348 66.6914 3.5348 1.0404 2.3881
4330 2165.0 3.5548 59.5803 3.5548 0.9752 2.3430
4340 2170.0 3.5517 60.6557 3.5517 0.9768 2.2709
4350 2175.0 3.5409 64.4694 3.5409 1.0216 2.3537
4360 2180.0 3.5885 48.5065 3.5885 0.9295 2.2952
4370 2185.0 3.5936 46.9262 3.5936 0.9922 2.2807
4380 2190.0 3.5705 54.2802 3.5705 1.0539 2.2710
4390 2195.0 3.5897 48.1582 3.5897 0.9629 2.3021
4400 2200.0 3.5492 61.5306 3.5492 0.9398 2.4121
4410 2205.0 3.5694 54.6376 3.5694 1.0409 2.3786
4420 2210.0 3.5762 52.4159 3.5762 0.9996 2.3481
4430 2215.0 3.5738 53.2024 3.5738 0.9382 2.4635
4440 2220.0 3.5919 47.4762 3.5919 1.0316 2.4672
4450 2225.0 3.5744 53.0068 3.5744 0.9853 2.3829
4460 2230.0 3.5492 61.5366 3.5492 0.9921 2.5312
4470 2235.0 3.6068 42.9797 3.6068 0.9526 2.4084
4480 2240.0 3.5857 49.4036 3.5857 1.0455 2.4185
4490 2245.0 3.5960 46.2048 3.5960 0.9314 2.4408
4500 2250.0 3.6032 44.0558 3.6032 0.9935 2.3734
4510 2255.0 3.6141 40.8670 3.6141 0.9787 2.4220
4520 2260.0 3.6242 38.0430 3.6242 0.9462 2.3949
4530 2265.0 3.6105 41.9028 3.6105 1.0284 2.3484
4540 2270.0 3.6029 44.1261 3.6029 0.9562 2.4068
4550 2275.0 3.6286 36.8315 3.6286 0.9950 2.3535
4560 2280.0 3.5969 45.9286 3.5969 1.0127 2.3252
4570 2285.0 3.5762 52.4142 3.5762 0.9487 2.4301
4580 2290.0 3.6027 44.1822 3.6027 0.9972 2.3523
4590 2295.0 3.6101 42.0073 3.6101 0.9935 2.3639
4600 2300.0 3.5981 45.5655 3.5981 0.9531 2.4279
4610 2305.0 3.6144 40.7701 3.6144 1.0263 2.3557
4620 2310.0 3.6241 38.0617 3.6241 0.9870 2.4127
4630 2315.0 3.5883 48.5863 3.5883 0.9642 2.4443
4640 2320.0 3.5863 49.2028 3.5863 1.0145 2.3481
4650 2325.0 3.6054 43.4072 3.6054 0.9583 2.4123
4660 2330.0 3.6398 33.8435 3.6398 0.9837 2.3426
4670 2335.0 3.6083 42.5416 3.6083 1.0127 2.3068
4680 2340.0 3.5676 55.2441 3.5676 0.9504 2.4029
4690 2345.0 3.5890 48.3649 3.5890 1.0064 2.2958
4700 2350.0 3.6269 37.2902 3.6269 1.0053 2.3548
4710 2355.0 3.5947 46.6018 3.5947 0.9678 2.4417
4720 2360.0 3.6174 39.9442 3.6174 1.0279 2.3602
4730 2365.0 3.6093 42.2482 3.6093 0.9572 2.4441
4740 2370.0 3.6167 40.1359 3.6167 1.0077 2.3880
4750 2375.0 3.6160 40.3296 3.6160 0.9933 2.4723
4760 2380.0 3.6194 39.3638 3.6194 0.9768 2.4740
4770 2385.0 3.6134 41.0782 3.6134 1.0174 2.4385
4780 2390.0 3.6255 37.6746 3.6255 0.9544 2.4680
4790 2395.0 3.5898 48.1196 3.5898 1.0146 2.4988
4800 2400.0 3.6174 39.9222 3.6174 0.9368 2.4392
4810 2405.0 3.5860 49.3046 3.5860 1.0453 2.4331
4820 2410.0 3.5763 52.3977 3.5763 0.9385 2.3910
4830 2415.0 3.5601 57.7723 3.5601 1.0405 2.4133
4840 2420.0 3.5825 50.4019 3.5825 0.9348 2.4042
4850 2425.0 3.5401 64.7817 3.5401 1.0022 2.4759
4860 2430.0 3.5773 52.0798 3.5773 0.9273 2.4392
4870 2435.0 3.5649 56.1448 3.5649 1.0106 2.4579
4880 2440.0 3.6035 43.9515 3.6035 0.9334 2.4522
4890 2445.0 3.5940 46.8105 3.5940 1.0336 2.4840
4900 2450.0 3.6284 36.8910 3.6284 0.9276 2.4497
4910 2455.0 3.6312 36.1356 3.6312 1.0408 2.4443
4920 2460.0 3.6436 32.8808 3.6436 0.9475 2.3955
4930 2465.0 3.6460 32.2613 3.6460 1.0425 2.4020
4940 2470.0 3.6574 29.4227 3.6574 0.9611 2.3637
4950 2475.0 3.6485 31.6273 3.6485 1.0111 2.3803
4960 2480.0 3.6597 28.8717 3.6597 0.9386 2.3518
4970 2485.0 3.6092 42.2687 3.6092 1.0288 2.3551
4980 2490.0 3.6147 40.6933 3.6147 0.9406 2.3407
4990 2495.0 3.6296 36.5648 3.6296 1.0243 2.3918
5000 2500.0 3.6319 35.9490 3.6319 0.9526 2.4060
5010 2505.0 3.6186 39.5921 3.6186 1.0232 2.4298
5020 2510.0 3.6063 43.1247 3.6063 0.9716 2.4156
5030 2515.0 3.5934 47.0102 3.5934 1.0185 2.4459
5040 2520.0 3.6127 41.2596 3.6127 0.9902 2.4526
5050 2525.0 3.6249 37.8330 3.6249 1.0002 2.4707
5060 2530.0 3.6309 36.1964 3.6309 0.9617 2.4916
5070 2535.0 3.6137 40.9815 3.6137 0.9948 2.5284
5080 2540.0 3.6274 37.1531 3.6274 0.9497 2.5259
5090 2545.0 3.6159 40.3549 3.6159 1.0185 2.5183
5100 2550.0 3.6052 43.4504 3.6052 0.9755 2.4982
5110 2555.0 3.5859 49.3419 3.5859 0.9766 2.5819
5120 2560.0 3.5734 53.3201 3.5734 1.0130 2.4763
5130 2565.0 3.5926 47.2414 3.5926 0.9725 2.5509
5140 2570.0 3.6008 44.7565 3.6008 0.9742 2.5323
5150 2575.0 3.5890 48.3515 3.5890 1.0110 2.4574
5160 2580.0 3.6157 40.4229 3.6157 0.9706 2.4786
5170 2585.0 3.6205 39.0563 3.6205 0.9628 2.4663
5180 2590.0 3.6025 44.2669 3.6025 1.0301 2.4039
5190 2595.0 3.6399 33.8149 3.6399 0.9704 2.4264
5200 2600.0 3.6175 39.9008 3.6175 0.9485 2.4442
5210 2605.0 3.6166 40.1566 3.6166 1.0265 2.3830
5220 2610.0 3.6295 36.5886 3.6295 0.9733 2.4035
5230 2615.0 3.5858 49.3480 3.5858 0.9815 2.4622
5240 2620.0 3.5991 45.2612 3.5991 0.9725 2.3751
5250 2625.0 3.5712 54.0594 3.5712 1.0128 2.3639
5260 2630.0 3.5628 56.8461 3.5628 0.9867 2.3523
5270 2635.0 3.5387 65.2839 3.5387 0.9868 2.4229
5280 2640.0 3.5456 62.7945 3.5456 0.9426 2.3703
5290 2645.0 3.5167 73.4413 3.5167 1.0524 2.4580
5300 2650.0 3.5383 65.4026 3.5383 0.9302 2.4488
5310 2655.0 3.5150 74.1062 3.5150 0.9948 2.5347
5320 2660.0 3.5084 76.6825 3.5084 0.9878 2.4371
5330 2665.0 3.5470 62.2903 3.5470 1.0146 2.5607
5340 2670.0 3.5458 62.7160 3.5458 0.9676 2.5940
5350 2675.0 3.5473 62.2132 3.5473 1.0289 2.5457
5360 2680.0 3.5586 58.2840 3.5586 0.9744 2.6418
5370 2685.0 3.5575 58.6370 3.5575 0.9801 2.6544
5380 2690.0 3.5429 63.7715 3.5429 1.0141 2.6236
5390 2695.0 3.5363 66.1209 3.5363 0.9741 2.6773
5400 2700.0 3.5683 55.0232 3.5683 1.0237 2.6604
5410 2705.0 3.5395 64.9807 3.5395 0.9710 2.5916
5420 2710.0 3.5673 55.3419 3.5673 1.0237 2.6277
5430 2715.0 3.5549 59.5314 3.5549 0.9588 2.6414
5440 2720.0 3.5567 58.9444 3.5567 1.0090 2.6279
5450 2725.0 3.5611 57.4205 3.5611 0.9757 2.5200
5460 2730.0 3.5858 49.3584 3.5858 1.0019 2.5483
5470 2735.0 3.6000 44.9935 3.6000 0.9657 2.5328
5480 2740.0 3.6005 44.8363 3.6005 0.9829 2.5215
5490 2745.0 3.5883 48.5674 3.5883 0.9753 2.5169
5500 2750.0 3.5965 46.0469 3.5965 0.9977 2.5003
5510 2755.0 3.5820 50.5478 3.5820 0.9894 2.4044
5520 2760.0 3.6068 42.9911 3.6068 0.9875 2.4732
5530 2765.0 3.5975 45.7577 3.5975 0.9752 2.4991
5540 2770.0 3.5974 45.7958 3.5974 1.0006 2.5040
5550 2775.0 3.5724 53.6561 3.5724 0.9869 2.4448
5560 2780.0 3.5604 57.6797 3.5604 1.0102 2.5480
5570 2785.0 3.5489 61.6518 3.5489 0.9723 2.5577
5580 2790.0 3.5574 58.6957 3.5574 1.0186 2.4987
5590 2795.0 3.5575 58.6396 3.5575 0.9918 2.4627
5600 2800.0 3.5298 68.5288 3.5298 0.9867 2.5227
5610 2805.0 3.5648 56.1680 3.5648 0.9926 2.4649
5620 2810.0 3.5503 61.1573 3.5503 1.0166 2.4379
5630 2815.0 3.5446 63.1509 3.5446 0.9701 2.5165
5640 2820.0 3.5982 45.5383 3.5982 0.9934 2.4642
5650 2825.0 3.5796 51.3421 3.5796 1.0209 2.4169
5660 2830.0 3.5863 49.2015 3.5863 0.9750 2.4859
5670 2835.0 3.5935 46.9802 3.5935 0.9640 2.4663
5680 2840.0 3.5770 52.1510 3.5770 1.0466 2.4504
5690 2845.0 3.6002 44.9548 3.6002 0.9360 2.5093
5700 2850.0 3.5890 48.3536 3.5890 1.0198 2.5163
5710 2855.0 3.5872 48.9246 3.5872 0.9948 2.4215
5720 2860.0 3.5877 48.7614 3.5877 0.9892 2.5057
5730 2865.0 3.6273 37.1920 3.6273 0.9731 2.4376
5740 2870.0 3.5889 48.3899 3.5889 1.0122 2.3583
5750 2875.0 3.6146 40.7290 3.6146 0.9722 2.4126
5760 2880.0 3.6095 42.1843 3.6095 0.9797 2.4000
5770 2885.0 3.6207 38.9925 3.6207 1.0079 2.3611
5780 2890.0 3.5903 47.9494 3.5903 0.9659 2.4625
5790 2895.0 3.5983 45.5165 3.5983 1.0130 2.3531
5800 2900.0 3.6256 37.6390 3.6256 0.9801 2.4726
5810 2905.0 3.6236 38.1891 3.6236 0.9981 2.4388
5820 2910.0 3.6147 40.7071 3.6147 0.9516 2.4525
5830 2915.0 3.5771 52.1229 3.5771 1.0202 2.5659
5840 2920.0 3.6260 37.5514 3.6260 0.9552 2.4622
5850 2925.0 3.6111 41.7269 3.6111 0.9937 2.5350
5860 2930.0 3.6151 40.5776 3.6151 1.0198 2.5182
5870 2935.0 3.5651 56.0903 3.5651 0.9709 2.4442
5880 2940.0 3.5994 45.1745 3.5994 1.0509 2.5434
5890 2945.0 3.6141 40.8810 3.6141 0.9552 2.5012
5900 2950.0 3.6127 41.2787 3.6127 1.0137 2.4756
5910 2955.0 3.5839 49.9659 3.5839 0.9603 2.5483
5920 2960.0 3.6057 43.3208 3.6057 1.0091 2.4526
5930 2965.0 3.6228 38.4278 3.6228 0.9731 2.4244
5940 2970.0 3.6127 41.2787 3.6127 1.0045 2.4556
5950 2975.0 3.6109 41.7839 3.6109 0.9731 2.4419
5960 2980.0 3.6187 39.5701 3.6187 0.9895 2.4236
5970 2985.0 3.5942 46.7507 3.5942 1.0101 2.4805
5980 2990.0 3.5740 53.1293 3.5740 0.9567 2.4914
5990 2995.0 3.5669 55.4737 3.5669 1.0091 2.4933
6000 3000.0 3.6278 37.0444 3.6278 0.9771 2.4451
6010 3005.0 3.6284 36.8932 3.6284 0.9973 2.4036
6020 3010.0 3.6373 34.5102 3.6373 0.9681 2.4015
6030 3015.0 3.6084 42.5112 3.6084 1.0385 2.3899
6040 3020.0 3.6126 41.2867 3.6126 0.9490 2.3613
6050 3025.0 3.5884 48.5341 3.5884 1.0023 2.4490
6060 3030.0 3.5789 51.5446 3.5789 0.9818 2.4566
6070 3035.0 3.5729 53.4888 3.5729 0.9856 2.5054
6080 3040.0 3.5871 48.9673 3.5871 0.9654 2.5152
6090 3045.0 3.5830 50.2585 3.5830 0.9952 2.5358
6100 3050.0 3.6140 40.9051 3.6140 0.9563 2.4852
6110 3055.0 3.6146 40.7246 3.6146 1.0074 2.5404
6120 3060.0 3.6082 42.5756 3.6082 0.9474 2.5249
6130 3065.0 3.5908 47.8023 3.5908 0.9941 2.5404
6140 3070.0 3.6196 39.3181 3.6196 0.9609 2.4913
6150 3075.0 3.5976 45.7198 3.5976 1.0038 2.5495
6160 3080.0 3.6083 42.5462 3.6083 0.9639 2.5203
6170 3085.0 3.6111 41.7335 3.6111 1.0095 2.5285
6180 3090.0 3.6281 36.9583 3.6281 0.9560 2.4679
6190 3095.0 3.6195 39.3421 3.6195 1.0272 2.4754
6200 3100.0 3.6342 35.3209 3.6342 0.9786 2.4252
6210 3105.0 3.6294 36.6147 3.6294 1.0325 2.4150
6220 3110.0 3.6266 37.3624 3.6266 0.9746 2.4296
6230 3115.0 3.6246 37.9113 3.6246 1.0163 2.3966
6240 3120.0 3.6243 37.9950 3.6243 0.9742 2.3634
6250 3125.0 3.6100 42.0452 3.6100 1.0124 2.3718
6260 3130.0 3.6093 42.2422 3.6093 0.9801 2.3677
6270 3135.0 3.6024 44.2847 3.6024 1.0136 2.3555
6280 3140.0 3.6055 43.3780 3.6055 0.9848 2.3550
6290 3145.0 3.6087 42.4396 3.6087 1.0023 2.3782
6300 3150.0 3.6192 39.4172 3.6192 0.9876 2.3965
6310 3155.0 3.6116 41.5860 3.6116 0.9995 2.4272
6320 3160.0 3.6158 40.3732 3.6158 0.9708 2.4582
6330 3165.0 3.6091 42.3091 3.6091 1.0048 2.4856
6340 3170.0 3.6162 40.2716 3.6162 0.9678 2.4539
6350 3175.0 3.6129 41.2204 3.6129 1.0103 2.4658
6360 3180.0 3.6188 39.5237 3.6188 0.9683 2.4644
6370 3185.0 3.6079 42.6593 3.6079 1.0086 2.4625
6380 3190.0 3.6240 38.0781 3.6240 0.9569 2.4578
6390 3195.0 3.6035 43.9575 3.6035 1.0223 2.4779
6400 3200.0 3.6326 35.7458 3.6326 0.9511 2.4268
6410 3205.0 3.6030 44.0972 3.6030 1.0330 2.4113
6420 3210.0 3.6149 40.6452 3.6149 0.9693 2.3974
6430 3215.0 3.5863 49.1964 3.5863 1.0066 2.4650
6440 3220.0 3.6216 38.7611 3.6216 0.9576 2.4062
6450 3225.0 3.6122 41.4117 3.6122 1.0197 2.4067
6460 3230.0 3.6244 37.9690 3.6244 0.9630 2.4013
6470 3235.0 3.6203 39.1043 3.6203 1.0111 2.4002
6480 3240.0 3.6231 38.3244 3.6231 0.9696 2.3965
6490 3245.0 3.6198 39.2448 3.6198 1.0069 2.4354
6500 3250.0 3.6060 43.2051 3.6060 0.9683 2.4592
6510 3255.0 3.6297 36.5197 3.6297 0.9882 2.4188
6520 3260.0 3.6251 37.7772 3.6251 0.9922 2.4160
6530 3265.0 3.6199 39.2243 3.6199 0.9805 2.4112
6540 3270.0 3.6170 40.0528 3.6170 1.0231 2.4378
6550 3275.0 3.5936 46.9498 3.5936 0.9858 2.4600
6560 3280.0 3.5710 54.1063 3.5710 0.9875 2.4784
6570 3285.0 3.5785 51.6874 3.5785 1.0061 2.4444
6580 3290.0 3.5586 58.2764 3.5586 0.9819 2.5366
6590 3295.0 3.5723 53.6804 3.5723 0.9994 2.4738
6600 3300.0 3.5579 58.5253 3.5579 0.9984 2.4730
6610 3305.0 3.5778 51.8951 3.5778 0.9806 2.5044
6620 3310.0 3.5927 47.2246 3.5927 0.9972 2.5294
6630 3315.0 3.6257 37.6141 3.6257 0.9937 2.5305
6640 3320.0 3.6273 37.1940 3.6273 0.9858 2.5389
6650 3325.0 3.6186 39.5850 3.6186 0.9862 2.5255
6660 3330.0 3.6266 37.3718 3.6266 1.0106 2.5222
6670 3335.0 3.6449 32.5467 3.6449 0.9669 2.5641
6680 3340.0 3.6490 31.5066 3.6490 1.0085 2.5345
6690 3345.0 3.6577 29.3513 3.6577 0.9678 2.5710
6700 3350.0 3.6569 29.5562 3.6569 1.0186 2.5668
6710 3355.0 3.6490 31.5065 3.6490 0.9667 2.5721
6720 3360.0 3.6384 34.2085 3.6384 1.0010 2.5509
6730 3365.0 3.6371 34.5697 3.6371 0.9629 2.5621
6740 3370.0 3.6220 38.6317 3.6220 0.9990 2.5672
6750 3375.0 3.6211 38.9001 3.6211 0.9700 2.5541
6760 3380.0 3.6182 39.7168 3.6182 0.9894 2.5435
6770 3385.0 3.6253 37.7413 3.6253 0.9763 2.4979
6780 3390.0 3.6291 36.6964 3.6291 1.0141 2.4913
6790 3395.0 3.6476 31.8468 3.6476 0.9823 2.4715
6800 3400.0 3.6458 32.2977 3.6458 1.0176 2.4959
6810 3405.0 3.6466 32.1018 3.6466 0.9788 2.4856
6820 3410.0 3.6432 32.9839 3.6432 1.0222 2.4718
6830 3415.0 3.6372 34.5449 3.6372 0.9685 2.4847
6840 3420.0 3.6462 32.2151 3.6462 1.0223 2.4771
6850 3425.0 3.6659 27.4100 3.6659 0.9820 2.4391
6860 3430.0 3.6598 28.8365 3.6598 0.9950 2.4952
6870 3435.0 3.6778 24.6912 3.6778 0.9833 2.4668
6880 3440.0 3.6552 29.9653 3.6552 1.0226 2.4725
6890 3445.0 3.6397 33.8720 3.6397 0.9716 2.5129
6900 3450.0 3.6272 37.2230 3.6272 1.0278 2.4411
6910 3455.0 3.6360 34.8400 3.6360 0.9779 2.4954
6920 3460.0 3.6157 40.4200 3.6157 1.0072 2.5260
6930 3465.0 3.6247 37.8877 3.6247 0.9798 2.4815
6940 3470.0 3.6047 43.5863 3.6047 1.0258 2.4824
6950 3475.0 3.6187 39.5596 3.6187 0.9628 2.4910
6960 3480.0 3.5816 50.6976 3.5816 1.0416 2.5234
6970 3485.0 3.6199 39.2399 3.6199 0.9555 2.4657
6980 3490.0 3.5726 53.5934 3.5726 1.0386 2.4043
6990 3495.0 3.6134 41.0564 3.6134 0.9507 2.4222
7000 3500.0 3.5749 52.8293 3.5749 1.0118 2.4335
7010 3505.0 3.6011 44.6738 3.6011 0.9696 2.3458
7020 3510.0 3.6006 44.8074 3.6006 0.9792 2.4025
7030 3515.0 3.6047 43.6068 3.6047 1.0127 2.4111
7040 3520.0 3.6265 37.3949 3.6265 0.9478 2.3834
7050 3525.0 3.6217 38.7290 3.6217 1.0056 2.4466
7060 3530.0 3.6364 34.7391 3.6364 0.9625 2.4243
7070 3535.0 3.6148 40.6558 3.6148 0.9965 2.4743
7080 3540.0 3.6261 37.5051 3.6261 0.9888 2.4347
7090 3545.0 3.6249 37.8393 3.6249 0.9474 2.3942
7100 3550.0 3.5973 45.8004 3.5973 1.0668 2.3842
7110 3555.0 3.6033 44.0196 3.6033 0.9349 2.3533
7120 3560.0 3.5519 60.5879 3.5519 0.9996 2.4082
7130 3565.0 3.5896 48.1872 3.5896 0.9567 2.3318
7140 3570.0 3.5740 53.1529 3.5740 1.0312 2.3617
7150 3575.0 3.5675 55.2880 3.5675 0.9556 2.3024
7160 3580.0 3.5394 65.0041 3.5394 1.0225 2.3607
7170 3585.0 3.5303 68.3316 3.5303 0.9444 2.2873
7180 3590.0 3.4978 80.8836 3.4978 1.0203 2.3622
7190 3595.0 3.5054 77.8638 3.5054 0.9408 2.2719
7200 3600.0 3.5109 75.6840 3.5109 1.0451 2.3888
7210 3605.0 3.5253 70.2094 3.5253 0.9339 2.4142
7220 3610.0 3.5089 76.4729 3.5089 1.0211 2.4686
7230 3615.0 3.5214 71.6810 3.5214 0.9521 2.4800
7240 3620.0 3.5081 76.8083 3.5081 1.0121 2.5057
7250 3625.0 3.4975 80.9889 3.4975 0.9966 2.4849
7260 3630.0 3.5014 79.4292 3.5014 1.0001 2.5584
7270 3635.0 3.5285 69.0125 3.5285 0.9883 2.5695
7280 3640.0 3.5343 66.8615 3.5343 0.9899 2.5281
7290 3645.0 3.5370 65.8696 3.5370 0.9721 2.4854
7300 3650.0 3.5247 70.4283 3.5247 0.9879 2.5275
7310 3655.0 3.5120 75.2808 3.5120 0.9674 2.5444
7320 3660.0 3.5266 69.7122 3.5266 0.9850 2.4986
7330 3665.0 3.5522 60.4700 3.5522 0.9723 2.4324
7340 3670.0 3.5599 57.8413 3.5599 0.9799 2.3987
7350 3675.0 3.5670 55.4609 3.5670 0.9528 2.3771
7360 3680.0 3.5471 62.2636 3.5471 1.0301 2.3635
7370 3685.0 3.5363 66.1350 3.5363 0.9744 2.3063
7380 3690.0 3.5537 59.9703 3.5537 1.0108 2.3517
7390 3695.0 3.5547 59.6316 3.5547 0.9756 2.3015
7400 3700.0 3.5457 62.7817 3.5457 1.0243 2.3155
7410 3705.0 3.5435 63.5581 3.5435 0.9925 2.3565
7420 3710.0 3.5332 67.2774 3.5332 0.9879 2.3998
7430 3715.0 3.5183 72.8460 3.5183 1.0446 2.3573
7440 3720.0 3.5278 69.2702 3.5278 0.9907 2.3644
7450 3725.0 3.4922 83.1645 3.4922 1.0091 2.4689
7460 3730.0 3.5189 72.6251 3.5189 0.9403 2.3578
7470 3735.0 3.5347 66.7388 3.5347 1.0847 2.4473
7480 3740.0 3.5470 62.2891 3.5470 0.9272 2.4014
7490 3745.0 3.4980 80.8080 3.4980 1.0072 2.4931
7500 3750.0 3.5462 62.5815 3.5462 0.9553 2.4429
7510 3755.0 3.5422 64.0107 3.5422 1.0272 2.4174
7520 3760.0 3.5511 60.8628 3.5511 0.9695 2.3964
7530 3765.0 3.5386 65.3173 3.5386 1.0322 2.4057
7540 3770.0 3.5398 64.8859 3.5398 0.9750 2.3787
7550 3775.0 3.5426 63.8644 3.5426 1.0272 2.4473
7560 3780.0 3.5635 56.6088 3.5635 0.9608 2.4116
7570 3785.0 3.5714 53.9950 3.5714 1.0324 2.4222
7580 3790.0 3.5899 48.0862 3.5899 0.9753 2.3955
7590 3795.0 3.5751 52.7857 3.5751 1.0400 2.4324
7600 3800.0 3.5889 48.3894 3.5889 0.9784 2.3957
7610 3805.0 3.5869 49.0271 3.5869 1.0182 2.3897
7620 3810.0 3.6033 44.0161 3.6033 0.9487 2.4318
7630 3815.0 3.6027 44.2009 3.6027 1.0290 2.4325
7640 3820.0 3.6177 39.8523 3.6177 0.9783 2.4092
7650 3825.0 3.5993 45.2135 3.5993 1.0284 2.4257
7660 3830.0 3.5956 46.3383 3.5956 0.9626 2.4370
7670 3835.0 3.5930 47.1177 3.5930 1.0151 2.4918
7680 3840.0 3.6107 41.8482 3.6107 0.9781 2.4674
7690 3845.0 3.6034 43.9988 3.6034 1.0224 2.4729
7700 3850.0 3.6164 40.2014 3.6164 0.9998 2.5208
7710 3855.0 3.6255 37.6614 3.6255 0.9902 2.5523
7720 3860.0 3.6111 41.7308 3.6111 1.0299 2.5885
7730 3865.0 3.6235 38.2181 3.6235 0.9723 2.6234
7740 3870.0 3.6082 42.5770 3.6082 1.0387 2.6764
7750 3875.0 3.6167 40.1191 3.6167 0.9721 2.6664
7760 3880.0 3.6001 44.9618 3.6001 1.0362 2.6780
7770 3885.0 3.6078 42.6922 3.6078 0.9805 2.6678
7780 3890.0 3.5861 49.2755 3.5861 1.0337 2.6860
7790 3895.0 3.5582 58.4012 3.5582 0.9710 2.5492
7800 3900.0 3.5770 52.1784 3.5770 1.0205 2.6398
7810 3905.0 3.5872 48.9296 3.5872 0.9444 2.5131
7820 3910.0 3.6023 44.3243 3.6023 1.0263 2.5542
7830 3915.0 3.5702 54.3786 3.5702 0.9468 2.5776
7840 3920.0 3.5728 53.5426 3.5728 1.0275 2.4743
7850 3925.0 3.6059 43.2544 3.6059 0.9926 2.4975
7860 3930.0 3.6043 43.7126 3.6043 1.0069 2.4921
7870 3935.0 3.5678 55.1934 3.5678 1.0006 2.4131
7880 3940.0 3.5981 45.5671 3.5981 0.9861 2.4787
7890 3945.0 3.5891 48.3154 3.5891 0.9930 2.4784
7900 3950.0 3.5850 49.6153 3.5850 0.9782 2.4068
7910 3955.0 3.5861 49.2521 3.5861 0.9884 2.4869
7920 3960.0 3.5927 47.2148 3.5927 0.9696 2.4860
7930 3965.0 3.5742 53.0861 3.5742 0.9976 2.4121
7940 3970.0 3.5805 51.0539 3.5805 0.9964 2.4802
7950 3975.0 3.5892 48.2950 3.5892 0.9663 2.4574
7960 3980.0 3.5843 49.8386 3.5843 1.0252 2.4124
7970 3985.0 3.5937 46.9005 3.5937 0.9586 2.4161
7980 3990.0 3.5533 60.1054 3.5533 1.0056 2.4338
7990 3995.0 3.5506 61.0477 3.5506 0.9814 2.2813
8000 4000.0 3.5265 69.7633 3.5265 1.0102 2.3934
8010 4005.0 3.5533 60.1065 3.5533 0.9551 2.2183
8020 4010.0 3.5421 64.0315 3.5421 1.0508 2.2219
8030 4015.0 3.5586 58.2660 3.5586 0.9255 2.2238
8040 4020.0 3.5474 62.1492 3.5474 1.0226 2.3036
8050 4025.0 3.5262 69.8733 3.5262 0.9785 2.2279
8060 4030.0 3.5535 60.0387 3.5535 1.0185 2.3506
8070 4035.0 3.5568 58.8878 3.5568 0.9918 2.3865
8080 4040.0 3.5275 69.3683 3.5275 0.9797 2.4613
8090 4045.0 3.5341 66.9435 3.5341 1.0264 2.4772
8100 4050.0 3.5104 75.9072 3.5104 0.9892 2.4491
8110 4055.0 3.5277 69.3186 3.5277 1.0603 2.5439
8120 4060.0 3.5272 69.5035 3.5272 0.9153 2.5194
8130 4065.0 3.4856 85.8647 3.4856 1.0682 2.5542
8140 4070.0 3.4824 87.2148 3.4824 0.9587 2.3441
8150 4075.0 3.4788 88.7040 3.4788 1.0039 2.5119
8160 4080.0 3.5165 73.5467 3.5165 0.9881 2.3036
8170 4085.0 3.5517 60.6625 3.5517 1.0454 2.3317
8180 4090.0 3.5457 62.7756 3.5457 0.9262 2.3721
8190 4095.0 3.5268 69.6415 3.5268 1.0075 2.2476
8200 4100.0 3.5771 52.1364 3.5771 1.0183 2.2997
8210 4105.0 3.5837 50.0331 3.5837 0.8995 2.3011
8220 4110.0 3.5489 61.6335 3.5489 1.0743 2.2644
8230 4115.0 3.5701 54.4136 3.5701 0.9601 2.2597
8240 4120.0 3.5132 74.8082 3.5132 0.9517 2.3808
8250 4125.0 3.5185 72.7883 3.5185 1.0476 2.2499
8260 4130.0 3.5434 63.5952 3.5434 0.9290 2.3884
8270 4135.0 3.5673 55.3421 3.5673 1.0619 2.3341
8280 4140.0 3.5172 73.2522 3.5172 0.9962 2.2529
8290 4145.0 3.4972 81.1170 3.4972 0.9735 2.4707
8300 4150.0 3.5470 62.3171 3.5470 1.0376 2.2719
8310 4155.0 3.5471 62.2538 3.5471 0.9236 2.4092
8320 4160.0 3.5807 50.9797 3.5807 1.0838 2.3153
8330 4165.0 3.6188 39.5240 3.6188 0.9799 2.3316
8340 4170.0 3.5498 61.3292 3.5498 0.9761 2.4763
8350 4175.0 3.5639 56.4865 3.5639 1.0264 2.3259
8360 4180.0 3.6035 43.9415 3.6035 0.9526 2.4532
8370 4185.0 3.5690 54.7722 3.5690 0.9881 2.4989
8380 4190.0 3.5892 48.3071 3.5892 0.9446 2.4069
8390 4195.0 3.5899 48.0794 3.5899 1.0535 2.4865
8400 4200.0 3.5586 58.2635 3.5586 0.9985 2.4828
8410 4205.0 3.5881 48.6317 3.5881 0.9527 2.5138
8420 4210.0 3.5750 52.7974 3.5750 1.0754 2.5494
8430 4215.0 3.5748 52.8644 3.5748 0.9435 2.4750
8440 4220.0 3.5629 56.8136 3.5629 0.9894 2.5689
8450 4225.0 3.5706 54.2406 3.5706 0.9595 2.5743
8460 4230.0 3.6175 39.8898 3.6175 0.9511 2.4969
8470 4235.0 3.5993 45.2176 3.5993 1.0097 2.5068
8480 4240.0 3.6066 43.0451 3.6066 0.9727 2.4203
8490 4245.0 3.6351 35.0864 3.6351 0.9918 2.4558
8500 4250.0 3.6342 35.3167 3.6342 0.9870 2.4400
8510 4255.0 3.6386 34.1520 3.6386 0.9898 2.4404
8520 4260.0 3.6454 32.4175 3.6454 0.9648 2.4163
8530 4265.0 3.6359 34.8632 3.6359 0.9918 2.4348
8540 4270.0 3.6362 34.7953 3.6362 0.9780 2.4230
8550 4275.0 3.6265 37.3875 3.6265 0.9897 2.4052
8560 4280.0 3.6395 33.9348 3.6395 0.9722 2.4058
8570 4285.0 3.6322 35.8462 3.6322 0.9884 2.4368
8580 4290.0 3.6284 36.8763 3.6284 0.9486 2.4516
8590 4295.0 3.6136 41.0266 3.6136 1.0045 2.4130
8600 4300.0 3.6196 39.3074 3.6196 0.9693 2.4664
8610 4305.0 3.6183 39.6794 3.6183 0.9934 2.4719
8620 4310.0 3.6248 37.8663 3.6248 0.9967 2.4158
8630 4315.0 3.6278 37.0481 3.6278 0.9764 2.4799
8640 4320.0 3.6314 36.0772 3.6314 0.9894 2.4226
8650 4325.0 3.6424 33.1788 3.6424 1.0146 2.4643
8660 4330.0 3.6375 34.4628 3.6375 0.9674 2.4991
8670 4335.0 3.6560 29.7722 3.6560 1.0203 2.4804
8680 4340.0 3.6493 31.4297 3.6493 0.9837 2.4648
8690 4345.0 3.6062 43.1448 3.6062 1.0304 2.5699
8700 4350.0 3.6321 35.8891 3.6321 0.9666 2.4618
8710 4355.0 3.6317 36.0044 3.6317 1.0292 2.5309
8720 4360.0 3.6396 33.9021 3.6396 0.9725 2.4892
8730 4365.0 3.5993 45.1972 3.5993 1.0587 2.4740
8740 4370.0 3.5985 45.4376 3.5985 0.9623 2.5238
8750 4375.0 3.6352 35.0589 3.6352 1.0394 2.4447
8760 4380.0 3.6329 35.6629 3.6329 0.9928 2.4777
8770 4385.0 3.6434 32.9297 3.6434 0.9606 2.4420
8780 4390.0 3.6340 35.3846 3.6340 1.0824 2.4650
8790 4395.0 3.6415 33.4235 3.6415 0.9269 2.4695
8800 4400.0 3.6499 31.2838 3.6499 1.0164 2.4477
8810 4405.0 3.6335 35.5165 3.6335 0.9869 2.4282
8820 4410.0 3.6309 36.2046 3.6309 0.9490 2.4883
8830 4415.0 3.6366 34.6945 3.6366 1.0357 2.4681
8840 4420.0 3.6225 38.5093 3.6225 0.9745 2.4012
8850 4425.0 3.5781 51.8106 3.5781 0.9980 2.5181
8860 4430.0 3.5941 46.7773 3.5941 0.9764 2.3895
8870 4435.0 3.5989 45.3434 3.5989 1.0313 2.4778
8880 4440.0 3.5913 47.6446 3.5913 0.9750 2.4897
8890 4445.0 3.5946 46.6370 3.5946 0.9639 2.4685
8900 4450.0 3.5668 55.5132 3.5668 1.0291 2.4846
8910 4455.0 3.5788 51.5961 3.5788 0.9450 2.4667
8920 4460.0 3.5013 79.4987 3.5013 1.0478 2.5447
8930 4465.0 3.5439 63.3974 3.5439 0.9062 2.3939
8940 4470.0 3.5169 73.3722 3.5169 1.1261 2.5215
8950 4475.0 3.5333 67.2257 3.5333 0.9277 2.5008
8960 4480.0 3.5312 68.0015 3.5312 1.0218 2.4914
8970 4485.0 3.5462 62.5938 3.5462 0.9993 2.4410
8980 4490.0 3.5684 54.9744 3.5684 0.9551 2.4687
8990 4495.0 3.5776 51.9745 3.5776 1.0007 2.4520
9000 4500.0 3.5536 59.9841 3.5536 0.9901 2.3775
9010 4505.0 3.5606 57.6055 3.5606 0.9730 2.4792
9020 4510.0 3.6056 43.3374 3.6056 0.9305 2.3837
9030 4515.0 3.5925 47.2848 3.5925 1.0926 2.4289
9040 4520.0 3.6013 44.6196 3.6013 0.9270 2.3964
9050 4525.0 3.5962 46.1590 3.5962 0.9760 2.3601
9060 4530.0 3.5612 57.3804 3.5612 1.0345 2.4558
9070 4535.0 3.6064 43.1101 3.6064 0.8813 2.3626
9080 4540.0 3.5294 68.6792 3.5294 1.0810 2.4461
9090 4545.0 3.5937 46.9219 3.5937 0.8793 2.3829
9100 4550.0 3.5310 68.0668 3.5310 1.0351 2.5005
9110 4555.0 3.5354 66.4530 3.5354 0.9685 2.3900
9120 4560.0 3.5091 76.3979 3.5091 0.9424 2.5166
9130 4565.0 3.5408 64.5023 3.5408 1.0435 2.4051
9140 4570.0 3.5714 53.9885 3.5714 0.9877 2.4345
9150 4575.0 3.5302 68.3647 3.5302 0.9230 2.4795
9160 4580.0 3.5026 78.9561 3.5026 1.0241 2.3217
9170 4585.0 3.4960 81.5923 3.4960 0.9570 2.4695
9180 4590.0 3.5562 59.1085 3.5562 0.9331 2.4075
9190 4595.0 3.5378 65.5785 3.5378 1.0798 2.3224
9200 4600.0 3.5820 50.5474 3.5820 0.9044 2.4033
9210 4605.0 3.5929 47.1577 3.5929 1.0107 2.3228
9220 4610.0 3.5832 50.1721 3.5832 1.0247 2.3931
9230 4615.0 3.5702 54.3951 3.5702 0.9127 2.4311
9240 4620.0 3.5613 57.3660 3.5613 1.0944 2.3598
9250 4625.0 3.5737 53.2394 3.5737 0.9208 2.4943
9260 4630.0 3.6093 42.2554 3.6093 1.0240 2.3909
9270 4635.0 3.6041 43.7890 3.6041 1.0036 2.4476
9280 4640.0 3.5929 47.1649 3.5929 0.9320 2.4789
9290 4645.0 3.5815 50.7143 3.5815 1.0856 2.3631
9300 4650.0 3.5781 51.8117 3.5781 0.9063 2.5435
9310 4655.0 3.5824 50.4440 3.5824 1.0761 2.3858
9320 4660.0 3.5893 48.2703 3.5893 0.9352 2.5446
9330 4665.0 3.6088 42.3863 3.6088 1.0166 2.4318
9340 4670.0 3.6380 34.3138 3.6380 1.0102 2.4641
9350 4675.0 3.6418 33.3280 3.6418 0.9716 2.4201
9360 4680.0 3.6259 37.5692 3.6259 1.0398 2.4196
9370 4685.0 3.6406 33.6348 3.6406 0.9224 2.3835
9380 4690.0 3.6142 40.8308 3.6142 1.0633 2.3124
9390 4695.0 3.6343 35.2986 3.6343 0.9256 2.3140
9400 4700.0 3.6123 41.3932 3.6123 1.0397 2.3587
9410 4705.0 3.6249 37.8440 3.6249 0.9468 2.3584
9420 4710.0 3.6118 41.5194 3.6118 0.9991 2.4009
9430 4715.0 3.5934 47.0114 3.5934 0.9818 2.3496
9440 4720.0 3.5824 50.4473 3.5824 0.9884 2.4774
9450 4725.0 3.6065 43.0568 3.6065 0.9596 2.4347
9460 4730.0 3.5600 57.8097 3.5600 1.0523 2.4642
9470 4735.0 3.5946 46.6490 3.5946 0.9423 2.4684
9480 4740.0 3.5944 46.6937 3.5944 0.9650 2.4779
9490 4745.0 3.5661 55.7280 3.5661 1.0336 2.4346
9500 4750.0 3.5721 53.7679 3.5721 0.9485 2.4725
9510 4755.0 3.5531 60.1806 3.5531 0.9937 2.4608
9520 4760.0 3.5805 51.0270 3.5805 0.9461 2.3720
9530 4765.0 3.5605 57.6213 3.5605 1.0312 2.4039
9540 4770.0 3.5858 49.3764 3.5858 0.9386 2.3698
9550 4775.0 3.5571 58.7917 3.5571 0.9872 2.3842
9560 4780.0 3.5684 54.9662 3.5684 0.9459 2.3613
9570 4785.0 3.5826 50.3680 3.5826 0.9459 2.3445
9580 4790.0 3.5799 51.2275 3.5799 1.0164 2.3482
9590 4795.0 3.6199 39.2275 3.6199 0.9352 2.3216
9600 4800.0 3.6072 42.8766 3.6072 1.0235 2.3344
9610 4805.0 3.6018 44.4642 3.6018 0.9941 2.3652
9620 4810.0 3.5996 45.1093 3.5996 0.9911 2.3795
9630 4815.0 3.6153 40.5220 3.6153 0.9949 2.4062
9640 4820.0 3.6247 37.9000 3.6247 0.9573 2.4521
9650 4825.0 3.5991 45.2566 3.5991 1.0039 2.5038
9660 4830.0 3.6327 35.7324 3.6327 0.9573 2.5036
9670 4835.0 3.6514 30.9029 3.6514 1.0059 2.5309
9680 4840.0 3.6629 28.1022 3.6629 0.9568 2.5254
9690 4845.0 3.6451 32.4900 3.6451 1.0163 2.5732
9700 4850.0 3.6589 29.0680 3.6589 0.9680 2.5386
9710 4855.0 3.6525 30.6384 3.6525 1.0175 2.5371
9720 4860.0 3.6467 32.0754 3.6467 0.9588 2.5150
9730 4865.0 3.6264 37.4296 3.6264 1.0133 2.5203
9740 4870.0 3.6432 32.9607 3.6432 0.9464 2.5049
9750 4875.0 3.6442 32.7119 3.6442 1.0053 2.4873
9760 4880.0 3.6524 30.6611 3.6524 0.9542 2.4567
9770 4885.0 3.6280 36.9991 3.6280 1.0034 2.4273
9780 4890.0 3.6316 36.0240 3.6316 0.9634 2.3807
9790 4895.0 3.6392 33.9974 3.6392 0.9955 2.3509
9800 4900.0 3.6259 37.5699 3.6259 0.9606 2.3580
9810 4905.0 3.6294 36.6149 3.6294 1.0145 2.2999
9820 4910.0 3.6270 37.2707 3.6270 0.9656 2.2900
9830 4915.0 3.6186 39.5861 3.6186 0.9978 2.2907
9840 4920.0 3.6107 41.8596 3.6107 0.9756 2.2973
9850 4925.0 3.6082 42.5638 3.6082 0.9689 2.3182
9860 4930.0 3.6003 44.9033 3.6003 0.9977 2.3485
9870 4935.0 3.6007 44.8049 3.6007 0.9863 2.3906
9880 4940.0 3.5986 45.4203 3.5986 0.9873 2.4088
9890 4945.0 3.5963 46.1064 3.5963 0.9677 2.4385
9900 4950.0 3.6090 42.3540 3.6090 0.9886 2.4466
9910 4955.0 3.6183 39.6744 3.6183 0.9976 2.4389
9920 4960.0 3.6224 38.5231 3.6224 0.9573 2.4694
9930 4965.0 3.6283 36.9010 3.6283 0.9858 2.4469
9940 4970.0 3.6279 37.0209 3.6279 0.9853 2.4530
9950 4975.0 3.6241 38.0643 3.6241 0.9649 2.5001
9960 4980.0 3.6324 35.8092 3.6324 0.9773 2.4847
9970 4985.0 3.6297 36.5340 3.6297 0.9919 2.4400
9980 4990.0 3.6346 35.2104 3.6346 0.9784 2.4470
9990 4995.0 3.6308 36.2456 3.6308 0.9792 2.4624
10000 5000.0 3.6153 40.5338 3.6153 0.9713 2.4699
10010 5005.0 3.6182 39.7191 3.6182 0.9608 2.4513
10020 5010.0 3.5963 46.1181 3.5963 0.9916 2.4241
10030 5015.0 3.6070 42.9353 3.6070 0.9760 2.4212
10040 5020.0 3.5869 49.0089 3.5869 0.9505 2.4481
10050 5025.0 3.6023 44.3187 3.6023 0.9603 2.3883
10060 5030.0 3.5845 49.7820 3.5845 1.0262 2.4085
10070 5035.0 3.5952 46.4624 3.5952 0.9556 2.3914
10080 5040.0 3.5799 51.2332 3.5799 1.0161 2.3841
10090 5045.0 3.5832 50.1658 3.5832 0.9472 2.3544
10100 5050.0 3.5807 50.9778 3.5807 0.9833 2.4166
10110 5055.0 3.5840 49.9343 3.5840 0.9509 2.4051
10120 5060.0 3.5820 50.5518 3.5820 0.9975 2.4177
10130 5065.0 3.5856 49.4233 3.5856 0.9612 2.4006
10140 5070.0 3.5717 53.9062 3.5717 1.0255 2.4222
10150 5075.0 3.5595 57.9590 3.5595 0.9674 2.4118
10160 5080.0 3.5600 57.7938 3.5600 1.0046 2.3985
10170 5085.0 3.5806 50.9940 3.5806 0.9723 2.3769
10180 5090.0 3.5769 52.1866 3.5769 0.9833 2.3824
10190 5095.0 3.5941 46.7867 3.5941 0.9513 2.3670
10200 5100.0 3.5943 46.7126 3.5943 0.9926 2.3699
10210 5105.0 3.6019 44.4199 3.6019 0.9635 2.3668
10220 5110.0 3.6020 44.4116 3.6020 0.9845 2.3796
10230 5115.0 3.5913 47.6620 3.5913 0.9858 2.4088
10240 5120.0 3.5642 56.3917 3.5642 0.9665 2.4440
10250 5125.0 3.5818 50.6367 3.5818 0.9741 2.4497
10260 5130.0 3.5698 54.5079 3.5698 0.9837 2.4708
10270 5135.0 3.5593 58.0472 3.5593 0.9903 2.4467
10280 5140.0 3.5314 67.9351 3.5314 1.0060 2.4488
10290 5145.0 3.5650 56.1075 3.5650 0.9749 2.4802
10300 5150.0 3.5196 72.3480 3.5196 0.9435 2.5078
10310 5155.0 3.5337 67.0980 3.5337 1.0266 2.4281
10320 5160.0 3.5118 75.3539 3.5118 0.9853 2.4122
10330 5165.0 3.5426 63.8813 3.5426 0.9991 2.4210
10340 5170.0 3.5503 61.1564 3.5503 0.9881 2.4050
10350 5175.0 3.5483 61.8453 3.5483 0.9764 2.4142
10360 5180.0 3.5514 60.7492 3.5514 0.9486 2.4390
10370 5185.0 3.5514 60.7558 3.5514 1.0094 2.3920
10380 5190.0 3.5662 55.7231 3.5662 0.9736 2.3848
10390 5195.0 3.5907 47.8382 3.5907 1.0037 2.4164
10400 5200.0 3.5922 47.3738 3.5922 1.0044 2.4143
10410 5205.0 3.5853 49.5159 3.5853 0.9649 2.4017
10420 5210.0 3.5997 45.0952 3.5997 0.9893 2.4641
10430 5215.0 3.6404 33.6964 3.6404 0.9841 2.4528
10440 5220.0 3.6480 31.7525 3.6480 0.9781 2.4464
10450 5225.0 3.6317 35.9797 3.6317 0.9705 2.4454
10460 5230.0 3.6301 36.4321 3.6301 0.9870 2.3836
10470 5235.0 3.6137 40.9835 3.6137 0.9814 2.3834
10480 5240.0 3.6155 40.4724 3.6155 0.9990 2.3597
10490 5245.0 3.6045 43.6488 3.6045 0.9818 2.3836
10500 5250.0 3.5900 48.0648 3.5900 0.9794 2.4141
10510 5255.0 3.5897 48.1530 3.5897 0.9997 2.3995
10520 5260.0 3.5913 47.6609 3.5913 0.9704 2.4773
10530 5265.0 3.5984 45.4710 3.5984 0.9818 2.4528
10540 5270.0 3.5760 52.4731 3.5760 1.0028 2.4470
10550 5275.0 3.5841 49.8844 3.5841 0.9801 2.5100
10560 5280.0 3.5807 50.9806 3.5807 0.9745 2.5042
10570 5285.0 3.5793 51.4124 3.5793 0.9963 2.4509
10580 5290.0 3.5925 47.2727 3.5925 0.9578 2.4658
10590 5295.0 3.6020 44.4060 3.6020 1.0067 2.4418
10600 5300.0 3.6214 38.8100 3.6214 0.9443 2.4281
10610 5305.0 3.6163 40.2446 3.6163 0.9879 2.4260
10620 5310.0 3.6293 36.6515 3.6293 0.9776 2.3875
10630 5315.0 3.6351 35.0764 3.6351 0.9812 2.3742
10640 5320.0 3.6332 35.5954 3.6332 0.9928 2.3499
10650 5325.0 3.6304 36.3499 3.6304 0.9726 2.3542
10660 5330.0 3.6276 37.0962 3.6276 1.0176 2.3074
10670 5335.0 3.6207 39.0148 3.6207 0.9747 2.3353
10680 5340.0 3.6189 39.5213 3.6189 1.0032 2.3131
10690 5345.0 3.6178 39.8308 3.6178 0.9728 2.3405
10700 5350.0 3.6200 39.2099 3.6200 0.9906 2.3630
10710 5355.0 3.6181 39.7335 3.6181 0.9696 2.3882
10720 5360.0 3.6092 42.2678 3.6092 0.9930 2.3991
10730 5365.0 3.6139 40.9397 3.6139 0.9730 2.3929
10740 5370.0 3.6164 40.2157 3.6164 0.9768 2.4041
10750 5375.0 3.6128 41.2537 3.6128 0.9840 2.4173
10760 5380.0 3.6013 44.6240 3.6013 0.9717 2.4017
10770 5385.0 3.5921 47.3960 3.5921 1.0093 2.4172
10780 5390.0 3.5930 47.1168 3.5930 0.9378 2.4054
10790 5395.0 3.5712 54.0649 3.5712 1.0041 2.4042
10800 5400.0 3.5870 48.9689 3.5870 0.9825 2.3633
10810 5405.0 3.5891 48.3331 3.5891 0.9910 2.3336
10820 5410.0 3.5772 52.0908 3.5772 0.9868 2.2919
10830 5415.0 3.5591 58.1153 3.5591 1.0109 2.2908
10840 5420.0 3.5725 53.6225 3.5725 0.9784 2.3022
10850 5425.0 3.5770 52.1716 3.5770 0.9933 2.2974
10860 5430.0 3.6020 44.4034 3.6020 0.9951 2.3095
10870 5435.0 3.6140 40.9111 3.6140 0.9860 2.3263
10880 5440.0 3.6022 44.3456 3.6022 0.9712 2.3824
10890 5445.0 3.6072 42.8713 3.6072 0.9982 2.3620
10900 5450.0 3.5918 47.5041 3.5918 1.0085 2.3794
10910 5455.0 3.5961 46.1813 3.5961 0.9876 2.4378
10920 5460.0 3.5999 45.0220 3.5999 0.9520 2.4475
10930 5465.0 3.5956 46.3441 3.5956 0.9947 2.4641
10940 5470.0 3.6062 43.1592 3.6062 0.9562 2.4681
10950 5475.0 3.5995 45.1460 3.5995 0.9851 2.5022
10960 5480.0 3.5994 45.1846 3.5994 0.9528 2.5217
10970 5485.0 3.5870 48.9951 3.5870 0.9872 2.5454
10980 5490.0 3.5972 45.8536 3.5972 0.9524 2.5355
10990 5495.0 3.6029 44.1257 3.6029 0.9709 2.5133
11000 5500.0 3.5993 45.2105 3.5993 0.9978 2.5358
11010 5505.0 3.6202 39.1526 3.6202 0.9747 2.5283
11020 5510.0 3.6144 40.7699 3.6144 0.9975 2.5213
11030 5515.0 3.6242 38.0236 3.6242 0.9656 2.5255
11040 5520.0 3.6170 40.0350 3.6170 0.9915 2.5467
11050 5525.0 3.6277 37.0669 3.6277 0.9567 2.5422
11060 5530.0 3.6106 41.8641 3.6106 0.9706 2.5539
11070 5535.0 3.6085 42.4962 3.6085 0.9635 2.5629
11080 5540.0 3.5952 46.4450 3.5952 0.9793 2.5699
11090 5545.0 3.6042 43.7553 3.6042 0.9679 2.5484
11100 5550.0 3.6024 44.2731 3.6024 0.9642 2.5343
11110 5555.0 3.6037 43.9116 3.6037 0.9846 2.5023
11120 5560.0 3.5791 51.4741 3.5791 0.9922 2.4318
11130 5565.0 3.5953 46.4089 3.5953 0.9941 2.4573
11140 5570.0 3.5861 49.2734 3.5861 0.9254 2.4522
11150 5575.0 3.5824 50.4271 3.5824 1.0007 2.4121
11160 5580.0 3.5690 54.7786 3.5690 0.9853 2.2973
11170 5585.0 3.5735 53.3062 3.5735 0.9860 2.3785
11180 5590.0 3.6075 42.7916 3.6075 0.9392 2.3265
11190 5595.0 3.5998 45.0589 3.5998 1.0075 2.3192
11200 5600.0 3.6117 41.5566 3.6117 0.9744 2.2735
11210 5605.0 3.6077 42.7264 3.6077 1.0168 2.3158
11220 5610.0 3.6127 41.2574 3.6127 0.9729 2.3109
11230 5615.0 3.6187 39.5696 3.6187 1.0110 2.3090
11240 5620.0 3.6188 39.5354 3.6188 0.9872 2.3161
11250 5625.0 3.6155 40.4785 3.6155 0.9970 2.3334
11260 5630.0 3.6167 40.1431 3.6167 1.0071 2.3580
11270 5635.0 3.6243 38.0103 3.6243 0.9658 2.3940
11280 5640.0 3.6193 39.4086 3.6193 1.0312 2.4166
11290 5645.0 3.6167 40.1355 3.6167 0.9685 2.4176
11300 5650.0 3.6153 40.5176 3.6153 1.0358 2.4678
11310 5655.0 3.6199 39.2261 3.6199 0.9539 2.4542
11320 5660.0 3.6194 39.3544 3.6194 1.0257 2.4883
11330 5665.0 3.6374 34.4751 3.6374 0.9460 2.4669
11340 5670.0 3.6144 40.7731 3.6144 1.0092 2.4825
11350 5675.0 3.6250 37.8146 3.6250 0.9486 2.4021
11360 5680.0 3.6149 40.6470 3.6149 1.0470 2.4341
11370 5685.0 3.6282 36.9448 3.6282 0.9433 2.3923
11380 5690.0 3.5992 45.2504 3.5992 1.0160 2.4361
11390 5695.0 3.6129 41.2129 3.6129 0.9544 2.3099
11400 5700.0 3.6267 37.3404 3.6267 1.0410 2.3579
11410 5705.0 3.6474 31.9091 3.6474 0.9296 2.3337
11420 5710.0 3.6308 36.2444 3.6308 1.0365 2.3501
11430 5715.0 3.6208 38.9716 3.6208 0.9790 2.2823
11440 5720.0 3.6217 38.7155 3.6217 0.9898 2.3630
11450 5725.0 3.6275 37.1363 3.6275 1.0343 2.3354
11460 5730.0 3.6240 38.0808 3.6240 1.0002 2.3547
11470 5735.0 3.5898 48.1052 3.5898 0.9798 2.4663
11480 5740.0 3.6119 41.4979 3.6119 0.9996 2.3860
11490 5745.0 3.6161 40.2937 3.6161 0.9798 2.5043
11500 5750.0 3.6400 33.7977 3.6400 0.9596 2.4957
11510 5755.0 3.6112 41.6983 3.6112 1.0133 2.4969
11520 5760.0 3.6164 40.2084 3.6164 0.9487 2.5874
11530 5765.0 3.6005 44.8448 3.6005 1.0140 2.6174
11540 5770.0 3.5911 47.7052 3.5911 0.9691 2.5906
11550 5775.0 3.5649 56.1552 3.5649 0.9863 2.6941
11560 5780.0 3.5613 57.3537 3.5613 0.9893 2.6196
11570 5785.0 3.5728 53.5399 3.5728 0.9791 2.6902
11580 5790.0 3.5730 53.4688 3.5730 0.9704 2.6540
11590 5795.0 3.5756 52.6201 3.5756 0.9952 2.6802
11600 5800.0 3.5755 52.6361 3.5755 0.9396 2.6368
11610 5805.0 3.5648 56.1730 3.5648 1.0377 2.6192
11620 5810.0 3.6076 42.7612 3.6076 0.9297 2.6057
11630 5815.0 3.5946 46.6462 3.5946 1.0426 2.6035
11640 5820.0 3.6214 38.7984 3.6214 0.9327 2.4561
11650 5825.0 3.6174 39.9193 3.6174 1.0224 2.5280
11660 5830.0 3.6608 28.6074 3.6608 0.9216 2.4381
11670 5835.0 3.6363 34.7581 3.6363 1.0474 2.4611
11680 5840.0 3.6462 32.2015 3.6462 0.9761 2.3918
11690 5845.0 3.6295 36.5926 3.6295 0.9828 2.4278
11700 5850.0 3.6427 33.1089 3.6427 1.0361 2.3851
11710 5855.0 3.6213 38.8493 3.6213 0.9904 2.3334
11720 5860.0 3.6026 44.2145 3.6026 0.9860 2.4341
11730 5865.0 3.6108 41.8187 3.6108 0.9334 2.4243
11740 5870.0 3.5959 46.2264 3.5959 0.9847 2.4362
11750 5875.0 3.5946 46.6391 3.5946 0.9695 2.4019
11760 5880.0 3.5942 46.7577 3.5942 1.0154 2.4074
11770 5885.0 3.6082 42.5785 3.6082 0.9748 2.3951
11780 5890.0 3.6109 41.7861 3.6109 0.9627 2.4185
11790 5895.0 3.6005 44.8370 3.6005 1.0320 2.4095
11800 5900.0 3.6136 41.0043 3.6136 0.9821 2.4071
11810 5905.0 3.6162 40.2576 3.6162 0.9995 2.4414
11820 5910.0 3.6232 38.3215 3.6232 0.9781 2.4411
11830 5915.0 3.6142 40.8298 3.6142 1.0018 2.4461
11840 5920.0 3.6270 37.2583 3.6270 0.9714 2.4668
11850 5925.0 3.6204 39.1011 3.6204 0.9662 2.4980
11860 5930.0 3.6241 38.0644 3.6241 0.9861 2.4931
11870 5935.0 3.6209 38.9472 3.6209 1.0043 2.4474
11880 5940.0 3.6371 34.5453 3.6371 0.9923 2.4666
11890 5945.0 3.6216 38.7401 3.6216 0.9738 2.4649
11900 5950.0 3.6252 37.7587 3.6252 0.9804 2.4315
11910 5955.0 3.6194 39.3742 3.6194 0.9995 2.3880
11920 5960.0 3.6340 35.3742 3.6340 0.9928 2.4251
11930 5965.0 3.6201 39.1768 3.6201 0.9536 2.4222
11940 5970.0 3.6198 39.2477 3.6198 1.0007 2.3638
11950 5975.0 3.6112 41.6906 3.6112 0.9526 2.3422
11960 5980.0 3.5862 49.2501 3.5862 0.9672 2.3921
11970 5985.0 3.5876 48.7824 3.5876 1.0068 2.3196
11980 5990.0 3.5760 52.4985 3.5760 0.9621 2.3848
11990 5995.0 3.5868 49.0584 3.5868 1.0268 2.3485
12000 6000.0 3.5840 49.9396 3.5840 0.9803 2.3210
12010 6005.0 3.5692 54.7008 3.5692 1.0217 2.3924
12020 6010.0 3.6007 44.8028 3.6007 0.9538 2.3816
12030 6015.0 3.5932 47.0562 3.5932 1.0439 2.3714
12040 6020.0 3.6078 42.6963 3.6078 0.9444 2.4091
12050 6025.0 3.5814 50.7667 3.5814 0.9788 2.4468
12060 6030.0 3.5852 49.5503 3.5852 1.0041 2.3660
12070 6035.0 3.5819 50.5845 3.5819 0.9604 2.4229
12080 6040.0 3.5889 48.3951 3.5889 1.0116 2.3835
12090 6045.0 3.5603 57.7114 3.5603 0.9910 2.2929
12100 6050.0 3.5571 58.8033 3.5571 0.9950 2.3829
12110 6055.0 3.5818 50.6408 3.5818 0.9503 2.3445
12120 6060.0 3.5655 55.9573 3.5655 1.0486 2.2764
12130 6065.0 3.5737 53.2345 3.5737 0.9608 2.3191
12140 6070.0 3.5678 55.1766 3.5678 0.9202 2.3004
12150 6075.0 3.5071 77.1734 3.5071 1.0740 2.2958
12160 6080.0 3.5498 61.3256 3.5498 0.9429 2.2842
12170 6085.0 3.5277 69.3164 3.5277 0.9585 2.3598
12180 6090.0 3.5156 73.8883 3.5156 1.0031 2.2354
12190 6095.0 3.5517 60.6397 3.5517 1.0190 2.2703
12200 6100.0 3.5700 54.4493 3.5700 0.9635 2.2756
12210 6105.0 3.5411 64.3999 3.5411 0.9808 2.3263
12220 6110.0 3.5811 50.8477 3.5811 0.9675 2.3004
12230 6115.0 3.5575 58.6490 3.5575 1.0355 2.2777
12240 6120.0 3.5994 45.1726 3.5994 0.9456 2.3292
12250 6125.0 3.5980 45.5956 3.5980 0.9715 2.3449
12260 6130.0 3.5940 46.8096 3.5940 1.0344 2.3171
12270 6135.0 3.5987 45.3832 3.5987 0.9323 2.3793
12280 6140.0 3.5770 52.1758 3.5770 1.0628 2.4018
12290 6145.0 3.5833 50.1485 3.5833 0.9596 2.3055
12300 6150.0 3.5647 56.2195 3.5647 1.0084 2.4903
12310 6155.0 3.6026 44.2141 3.6026 1.0023 2.3716
12320 6160.0 3.6053 43.4212 3.6053 0.9516 2.4297
12330 6165.0 3.5772 52.1111 3.5772 1.0336 2.5068
12340 6170.0 3.5980 45.6043 3.5980 0.9827 2.4345
12350 6175.0 3.6037 43.9078 3.6037 0.9406 2.5014
12360 6180.0 3.5924 47.3003 3.5924 1.0662 2.5047
12370 6185.0 3.6560 29.7749 3.6560 0.8826 2.4527
12380 6190.0 3.6336 35.4768 3.6336 1.0929 2.5464
12390 6195.0 3.6663 27.3080 3.6663 0.9364 2.5336
12400 6200.0 3.6624 28.2286 3.6624 0.9883 2.5284
12410 6205.0 3.6118 41.5178 3.6118 1.0182 2.6337
12420 6210.0 3.6464 32.1447 3.6464 0.9497 2.5008
12430 6215.0 3.6205 39.0723 3.6205 1.0580 2.6106
12440 6220.0 3.6341 35.3392 3.6341 0.9311 2.5789
12450 6225.0 3.6008 44.7577 3.6008 1.0352 2.5198
12460 6230.0 3.5991 45.2823 3.5991 0.9560 2.6197
12470 6235.0 3.6111 41.7407 3.6111 0.9974 2.4664
12480 6240.0 3.6092 42.2761 3.6092 0.9890 2.5741
12490 6245.0 3.6420 33.2787 3.6420 0.9466 2.4792
12500 6250.0 3.6202 39.1370 3.6202 1.0429 2.4879
12510 6255.0 3.6271 37.2335 3.6271 0.9283 2.4837
12520 6260.0 3.6045 43.6664 3.6045 1.0344 2.5162
12530 6265.0 3.6137 40.9936 3.6137 0.9286 2.4725
12540 6270.0 3.6024 44.2881 3.6024 1.0048 2.5221
12550 6275.0 3.6221 38.6048 3.6221 0.9619 2.4560
12560 6280.0 3.6133 41.0914 3.6133 1.0065 2.4761
12570 6285.0 3.6142 40.8463 3.6142 0.9871 2.4935
12580 6290.0 3.5962 46.1391 3.5962 0.9715 2.5266
12590 6295.0 3.5878 48.7276 3.5878 0.9974 2.4669
12600 6300.0 3.5913 47.6325 3.5913 0.9615 2.5148
12610 6305.0 3.6009 44.7450 3.6009 1.0064 2.4407
12620 6310.0 3.6308 36.2270 3.6308 0.9474 2.4003
12630 6315.0 3.6352 35.0620 3.6352 1.0296 2.4118
12640 6320.0 3.6502 31.1962 3.6502 0.9594 2.3998
12650 6325.0 3.6242 38.0200 3.6242 1.0173 2.4726
12660 6330.0 3.6492 31.4562 3.6492 0.9363 2.4165
12670 6335.0 3.6309 36.2197 3.6309 1.0797 2.4222
12680 6340.0 3.6271 37.2453 3.6271 0.9286 2.4134
12690 6345.0 3.6125 41.3303 3.6125 1.0372 2.3484
12700 6350.0 3.5561 59.1442 3.5561 0.9753 2.5029
12710 6355.0 3.5813 50.7923 3.5813 1.0051 2.3895
12720 6360.0 3.5892 48.2852 3.5892 1.0138 2.5048
12730 6365.0 3.6041 43.7866 3.6041 0.9379 2.4970
12740 6370.0 3.5768 52.2444 3.5768 1.0411 2.4765
12750 6375.0 3.5990 45.3037 3.5990 0.9379 2.4507
12760 6380.0 3.5820 50.5572 3.5820 1.0296 2.4688
12770 6385.0 3.5674 55.3236 3.5674 0.9426 2.3949
12780 6390.0 3.5576 58.6099 3.5576 1.0269 2.5064
12790 6395.0 3.5956 46.3152 3.5956 0.9281 2.4866
12800 6400.0 3.5631 56.7361 3.5631 1.0352 2.5189
12810 6405.0 3.5824 50.4363 3.5824 0.9273 2.4667
12820 6410.0 3.5600 57.8082 3.5600 1.0412 2.4989
12830 6415.0 3.5753 52.7054 3.5753 0.9234 2.4929
12840 6420.0 3.5643 56.3626 3.5643 1.0301 2.5268
12850 6425.0 3.5971 45.8758 3.5971 0.9421 2.5006
12860 6430.0 3.5976 45.7344 3.5976 1.0171 2.4913
12870 6435.0 3.6395 33.9269 3.6395 0.9713 2.4903
12880 6440.0 3.6202 39.1448 3.6202 0.9546 2.5171
12890 6445.0 3.6322 35.8540 3.6322 0.9898 2.4502
12900 6450.0 3.6308 36.2342 3.6308 0.9882 2.4030
12910 6455.0 3.6299 36.4796 3.6299 0.9665 2.4477
12920 6460.0 3.6565 29.6345 3.6565 0.9823 2.3730
12930 6465.0 3.6437 32.8441 3.6437 1.0055 2.3238
12940 6470.0 3.6449 32.5402 3.6449 0.9824 2.3350
12950 6475.0 3.6209 38.9429 3.6209 0.9782 2.3615
12960 6480.0 3.6311 36.1496 3.6311 0.9875 2.3435
12970 6485.0 3.6014 44.5858 3.6014 0.9917 2.3175
12980 6490.0 3.6121 41.4372 3.6121 1.0049 2.3732
12990 6495.0 3.6001 44.9788 3.6001 0.9904 2.3899
13000 6500.0 3.5862 49.2198 3.5862 1.0093 2.4240
13010 6505.0 3.5790 51.5300 3.5790 0.9636 2.4454
13020 6510.0 3.5546 59.6595 3.5546 1.0137 2.4685
13030 6515.0 3.5735 53.3072 3.5735 0.9724 2.4688
13040 6520.0 3.5771 52.1268 3.5771 0.9834 2.5489
13050 6525.0 3.6115 41.6037 3.6115 0.9429 2.5276
13060 6530.0 3.6146 40.7162 3.6146 1.0082 2.5191
13070 6535.0 3.6348 35.1564 3.6348 0.9638 2.4625
13080 6540.0 3.6289 36.7592 3.6289 1.0176 2.4510
13090 6545.0 3.6121 41.4368 3.6121 0.9994 2.4421
13100 6550.0 3.6075 42.7790 3.6075 0.9846 2.4275
13110 6555.0 3.6061 43.1927 3.6061 1.0078 2.3940
13120 6560.0 3.6256 37.6612 3.6256 0.9528 2.3152
13130 6565.0 3.6074 42.7957 3.6074 1.0180 2.3239
13140 6570.0 3.6135 41.0522 3.6135 0.9775 2.3037
13150 6575.0 3.5903 47.9640 3.5903 1.0211 2.3115
13160 6580.0 3.5975 45.7599 3.5975 0.9396 2.3200
13170 6585.0 3.5685 54.9436 3.5685 1.0352 2.3472
13180 6590.0 3.5781 51.8009 3.5781 0.9142 2.3275
13190 6595.0 3.5515 60.7199 3.5515 1.0139 2.3889
13200 6600.0 3.5710 54.1075 3.5710 0.9316 2.3713
13210 6605.0 3.5513 60.8055 3.5513 1.0220 2.3956
13220 6610.0 3.5692 54.7171 3.5692 0.9405 2.3738
13230 6615.0 3.5492 61.5244 3.5492 1.0120 2.4114
13240 6620.0 3.5722 53.7386 3.5722 0.9373 2.3942
13250 6625.0 3.5413 64.3248 3.5413 1.0106 2.4109
13260 6630.0 3.5592 58.0731 3.5592 0.9538 2.3587
13270 6635.0 3.5707 54.2072 3.5707 1.0234 2.3881
13280 6640.0 3.5987 45.3945 3.5987 0.9379 2.3642
13290 6645.0 3.5948 46.5640 3.5948 1.0162 2.3871
13300 6650.0 3.6042 43.7525 3.6042 0.9602 2.3701
13310 6655.0 3.5935 46.9825 3.5935 0.9799 2.3637
13320 6660.0 3.5924 47.3211 3.5924 0.9802 2.3124
13330 6665.0 3.5901 48.0154 3.5901 0.9691 2.3027
13340 6670.0 3.5734 53.3290 3.5734 1.0221 2.3581
13350 6675.0 3.5866 49.1136 3.5866 0.9636 2.3363
13360 6680.0 3.5899 48.0912 3.5899 0.9475 2.3398
13370 6685.0 3.5814 50.7588 3.5814 0.9903 2.3717
13380 6690.0 3.5843 49.8465 3.5843 0.9845 2.3518
13390 6695.0 3.5676 55.2354 3.5676 1.0248 2.3660
13400 6700.0 3.5686 54.9172 3.5686 0.9655 2.3897
13410 6705.0 3.5561 59.1506 3.5561 0.9593 2.4197
13420 6710.0 3.5522 60.4982 3.5522 0.9877 2.3921
13430 6715.0 3.5583 58.3757 3.5583 0.9623 2.4058
13440 6720.0 3.5577 58.5714 3.5577 0.9910 2.4404
13450 6725.0 3.5682 55.0390 3.5682 0.9630 2.3996
13460 6730.0 3.5787 51.6316 3.5787 1.0059 2.4472
13470 6735.0 3.6013 44.6111 3.6013 0.9658 2.4387
13480 6740.0 3.6045 43.6715 3.6045 1.0017 2.4426
13490 6745.0 3.6164 40.2258 3.6164 0.9543 2.4276
13500 6750.0 3.6075 42.7680 3.6075 1.0102 2.4492
13510 6755.0 3.6288 36.7753 3.6288 0.9462 2.4246
13520 6760.0 3.6391 34.0381 3.6391 1.0212 2.4459
13530 6765.0 3.6550 30.0031 3.6550 0.9549 2.4321
13540 6770.0 3.6550 30.0223 3.6550 1.0288 2.4283
13550 6775.0 3.6588 29.0969 3.6588 0.9714 2.4445
13560 6780.0 3.6529 30.5222 3.6529 1.0168 2.4683
13570 6785.0 3.6579 29.3107 3.6579 0.9735 2.4448
13580 6790.0 3.6503 31.1705 3.6503 0.9990 2.4496
13590 6795.0 3.6334 35.5470 3.6334 0.9765 2.4331
13600 6800.0 3.6321 35.8829 3.6321 0.9960 2.4937
13610 6805.0 3.6503 31.1752 3.6503 0.9741 2.4948
13620 6810.0 3.6317 35.9813 3.6317 1.0152 2.4437
13630 6815.0 3.6528 30.5565 3.6528 0.9847 2.4764
13640 6820.0 3.6144 40.7873 3.6144 1.0083 2.5253
13650 6825.0 3.6241 38.0736 3.6241 0.9583 2.4651
13660 6830.0 3.6223 38.5473 3.6223 1.0295 2.4565
13670 6835.0 3.5969 45.9365 3.5969 0.9602 2.5267
13680 6840.0 3.5935 46.9821 3.5935 1.0139 2.4130
13690 6845.0 3.5863 49.1929 3.5863 0.9535 2.5213
13700 6850.0 3.5964 46.0801 3.5964 1.0199 2.3883
13710 6855.0 3.5849 49.6444 3.5849 0.9780 2.4727
13720 6860.0 3.6163 40.2401 3.6163 0.9909 2.3929
13730 6865.0 3.5829 50.2853 3.5829 1.0053 2.3865
13740 6870.0 3.5873 48.8992 3.5873 0.9718 2.3666
13750 6875.0 3.5874 48.8629 3.5874 1.0401 2.3115
13760 6880.0 3.5839 49.9701 3.5839 0.9380 2.3309
13770 6885.0 3.5873 48.8906 3.5873 1.0562 2.2742
13780 6890.0 3.5934 47.0106 3.5934 0.9436 2.2823
13790 6895.0 3.5875 48.8352 3.5875 1.0104 2.3049
13800 6900.0 3.5814 50.7549 3.5814 0.9864 2.2159
13810 6905.0 3.5804 51.0776 3.5804 0.9677 2.3377
13820 6910.0 3.5891 48.3187 3.5891 0.9836 2.3518
13830 6915.0 3.6002 44.9434 3.6002 0.9819 2.3272
13840 6920.0 3.5937 46.9159 3.5937 1.0113 2.3692
13850 6925.0 3.6149 40.6537 3.6149 0.9565 2.4220
13860 6930.0 3.5802 51.1403 3.5802 0.9343 2.4865
13870 6935.0 3.6056 43.3406 3.6056 0.9958 2.4281
13880 6940.0 3.5953 46.4250 3.5953 1.0198 2.4235
13890 6945.0 3.5871 48.9676 3.5871 0.9268 2.4861
13900 6950.0 3.6027 44.1796 3.6027 1.0048 2.4237
13910 6955.0 3.5945 46.6665 3.5945 1.0042 2.4434
13920 6960.0 3.5980 45.5962 3.5980 0.9207 2.4516
13930 6965.0 3.5786 51.6564 3.5786 1.0326 2.4138
13940 6970.0 3.5665 55.6234 3.5665 0.9673 2.4952
13950 6975.0 3.5488 61.6774 3.5488 1.0024 2.5168
13960 6980.0 3.5852 49.5588 3.5852 1.0191 2.3818
13970 6985.0 3.6135 41.0362 3.6135 0.9382 2.3635
13980 6990.0 3.5952 46.4638 3.5952 0.9655 2.4473
13990 6995.0 3.6305 36.3114 3.6305 1.0024 2.4368
14000 7000.0 3.6283 36.9185 3.6283 1.0034 2.4853
14010 7005.0 3.6288 36.7779 3.6288 0.9404 2.5165
14020 7010.0 3.6250 37.8223 3.6250 0.9803 2.5548
14030 7015.0 3.6049 43.5311 3.6049 1.0046 2.5063
14040 7020.0 3.6198 39.2490 3.6198 0.9749 2.5316
14050 7025.0 3.5936 46.9329 3.5936 0.9957 2.5992
14060 7030.0 3.6322 35.8689 3.6322 0.9392 2.5358
14070 7035.0 3.6088 42.3876 3.6088 1.0634 2.5336
14080 7040.0 3.6251 37.7913 3.6251 0.9549 2.4886
14090 7045.0 3.6166 40.1633 3.6166 1.0372 2.5216
14100 7050.0 3.6398 33.8598 3.6398 0.9487 2.4818
14110 7055.0 3.6218 38.7070 3.6218 1.0307 2.4854
14120 7060.0 3.6254 37.7058 3.6254 0.9678 2.4718
14130 7065.0 3.6176 39.8656 3.6176 1.0169 2.4666
14140 7070.0 3.6226 38.4819 3.6226 0.9867 2.4536
14150 7075.0 3.6140 40.8846 3.6140 0.9912 2.4501
14160 7080.0 3.6126 41.3019 3.6126 0.9873 2.4381
14170 7085.0 3.6060 43.2137 3.6060 0.9781 2.4391
14180 7090.0 3.6019 44.4216 3.6019 0.9966 2.4259
14190 7095.0 3.6064 43.1033 3.6064 0.9693 2.3925
14200 7100.0 3.6011 44.6614 3.6011 0.9921 2.4320
14210 7105.0 3.6087 42.4202 3.6087 0.9487 2.4195
14220 7110.0 3.5852 49.5599 3.5852 1.0331 2.4671
14230 7115.0 3.5926 47.2384 3.5926 0.9461 2.3885
14240 7120.0 3.5719 53.8085 3.5719 1.0036 2.5043
14250 7125.0 3.5798 51.2723 3.5798 0.9558 2.3385
14260 7130.0 3.5976 45.7330 3.5976 1.0035 2.4414
14270 7135.0 3.6332 35.5937 3.6332 0.9644 2.3727
14280 7140.0 3.6215 38.7840 3.6215 1.0293 2.3770
14290 7145.0 3.6308 36.2311 3.6308 0.9514 2.3602
14300 7150.0 3.6039 43.8377 3.6039 1.0337 2.3907
14310 7155.0 3.5808 50.9482 3.5808 0.9398 2.3834
14320 7160.0 3.5752 52.7433 3.5752 1.0392 2.4412
14330 7165.0 3.5893 48.2772 3.5893 0.9381 2.4406
14340 7170.0 3.5648 56.1782 3.5648 0.9956 2.4706
14350 7175.0 3.5693 54.6814 3.5693 0.9643 2.4386
14360 7180.0 3.5662 55.7186 3.5662 1.0125 2.4495
14370 7185.0 3.5599 57.8387 3.5599 0.9814 2.4206
14380 7190.0 3.5793 51.4324 3.5793 0.9932 2.4485
14390 7195.0 3.5734 53.3225 3.5734 0.9976 2.4422
14400 7200.0 3.5675 55.2843 3.5675 0.9703 2.4354
14410 7205.0 3.5581 58.4506 3.5581 0.9805 2.4187
14420 7210.0 3.5587 58.2580 3.5587 0.9609 2.3728
14430 7215.0 3.5343 66.8521 3.5343 0.9931 2.3584
14440 7220.0 3.5627 56.8737 3.5627 0.9229 2.2900
14450 7225.0 3.5256 70.0859 3.5256 1.0544 2.2907
14460 7230.0 3.5251 70.2633 3.5251 0.9359 2.1809
14470 7235.0 3.5163 73.5992 3.5163 1.0767 2.2409
14480 7240.0 3.5169 73.3653 3.5169 0.9436 2.1655
14490 7245.0 3.5131 74.8274 3.5131 0.9495 2.2266
14500 7250.0 3.4879 84.8961 3.4879 1.0047 2.2640
14510 7255.0 3.4836 86.6869 3.4836 0.9814 2.1207
14520 7260.0 3.5146 74.2840 3.5146 1.0423 2.2260
14530 7265.0 3.4428 104.4948 3.4428 0.9488 2.3905
14540 7270.0 3.4959 81.6593 3.4959 1.0071 2.1691
14550 7275.0 3.5320 67.7241 3.5320 1.0585 2.2345
14560 7280.0 3.4776 89.1967 3.4776 0.9426 2.4467
14570 7285.0 3.5419 64.1297 3.5419 1.0091 2.2603
14580 7290.0 3.5667 55.5399 3.5667 1.0565 2.2867
14590 7295.0 3.5103 75.9213 3.5103 0.9663 2.4485
14600 7300.0 3.5441 63.3241 3.5441 0.9920 2.2534
14610 7305.0 3.5730 53.4771 3.5730 1.0380 2.3508
14620 7310.0 3.5845 49.7780 3.5845 0.9367 2.3730
14630 7315.0 3.5542 59.7776 3.5542 1.0303 2.3134
14640 7320.0 3.5710 54.1177 3.5710 0.9507 2.4044
14650 7325.0 3.5719 53.8118 3.5719 0.9684 2.2725
14660 7330.0 3.5864 49.1589 3.5864 1.0430 2.3499
14670 7335.0 3.6161 40.2884 3.6161 0.9123 2.3640
14680 7340.0 3.6159 40.3427 3.6159 1.0042 2.3594
14690 7345.0 3.6044 43.6973 3.6044 0.9895 2.3092
14700 7350.0 3.6071 42.8888 3.6071 0.9705 2.3949
14710 7355.0 3.6246 37.9124 3.6246 0.9590 2.3916
14720 7360.0 3.6058 43.2766 3.6058 1.0000 2.3479
14730 7365.0 3.6220 38.6294 3.6220 0.9761 2.4022
14740 7370.0 3.6202 39.1341 3.6202 0.9443 2.4306
14750 7375.0 3.6147 40.7098 3.6147 1.0293 2.4033
14760 7380.0 3.6193 39.4048 3.6193 0.9658 2.4679
14770 7385.0 3.6239 38.1131 3.6239 0.9846 2.4659
14780 7390.0 3.6161 40.3068 3.6161 1.0000 2.3995
14790 7395.0 3.6067 43.0260 3.6067 0.9696 2.4803
14800 7400.0 3.6353 35.0275 3.6353 0.9854 2.4237
14810 7405.0 3.6362 34.8077 3.6362 1.0061 2.3818
14820 7410.0 3.6150 40.6233 3.6150 0.9697 2.4146
14830 7415.0 3.6320 35.9171 3.6320 1.0095 2.3148
14840 7420.0 3.6484 31.6620 3.6484 0.9969 2.3090
14850 7425.0 3.6219 38.6577 3.6219 0.9834 2.3501
14860 7430.0 3.6121 41.4551 3.6121 1.0046 2.2449
14870 7435.0 3.6045 43.6728 3.6045 0.9518 2.3522
14880 7440.0 3.6036 43.9197 3.6036 1.0101 2.2446
14890 7445.0 3.6088 42.4054 3.6088 0.9526 2.3842
14900 7450.0 3.6113 41.6636 3.6113 0.9744 2.3898
14910 7455.0 3.6143 40.8028 3.6143 0.9934 2.4350
14920 7460.0 3.6229 38.3792 3.6229 0.9614 2.4597
14930 7465.0 3.6246 37.9143 3.6246 1.0018 2.4702
14940 7470.0 3.6374 34.4877 3.6374 0.9624 2.4861
14950 7475.0 3.6316 36.0076 3.6316 0.9928 2.5084
14960 7480.0 3.6293 36.6429 3.6293 0.9897 2.4759
14970 7485.0 3.6295 36.5784 3.6295 0.9880 2.4771
14980 7490.0 3.6278 37.0335 3.6278 0.9719 2.4670
14990 7495.0 3.6243 38.0047 3.6243 0.9892 2.4230
15000 7500.0 3.6347 35.1964 3.6347 0.9798 2.4044
15010 7505.0 3.6265 37.4023 3.6265 0.9653 2.3971
15020 7510.0 3.6265 37.3971 3.6265 0.9792 2.3650
15030 7515.0 3.6258 37.5822 3.6258 1.0013 2.2950
15040 7520.0 3.6337 35.4670 3.6337 0.9969 2.3140
15050 7525.0 3.6293 36.6278 3.6293 0.9435 2.2987
15060 7530.0 3.6229 38.3845 3.6229 1.0097 2.2799
15070 7535.0 3.6136 41.0230 3.6136 0.9652 2.2190
15080 7540.0 3.6171 40.0292 3.6171 1.0012 2.2605
15090 7545.0 3.6296 36.5659 3.6296 0.9573 2.2845
15100 7550.0 3.6215 38.7818 3.6215 0.9649 2.3235
15110 7555.0 3.6178 39.8301 3.6178 0.9794 2.3502
15120 7560.0 3.6179 39.7940 3.6179 0.9645 2.3853
15130 7565.0 3.5898 48.1047 3.5898 1.0239 2.4350
15140 7570.0 3.5713 54.0061 3.5713 0.9704 2.4251
15150 7575.0 3.5622 57.0654 3.5622 0.9933 2.5457
15160 7580.0 3.5797 51.3071 3.5797 0.9256 2.5529
15170 7585.0 3.5746 52.9339 3.5746 1.0047 2.5495
15180 7590.0 3.5741 53.1197 3.5741 0.9695 2.5103
15190 7595.0 3.5890 48.3758 3.5890 0.9883 2.5600
15200 7600.0 3.5990 45.2941 3.5990 0.9641 2.5596
15210 7605.0 3.5944 46.6961 3.5944 0.9871 2.5665
15220 7610.0 3.6031 44.0838 3.6031 0.9657 2.5463
15230 7615.0 3.5954 46.3891 3.5954 0.9821 2.5433
15240 7620.0 3.5963 46.1256 3.5963 0.9805 2.5278
15250 7625.0 3.5973 45.7989 3.5973 0.9942 2.5344
15260 7630.0 3.5923 47.3432 3.5923 0.9548 2.5009
15270 7635.0 3.5649 56.1430 3.5649 1.0138 2.5117
15280 7640.0 3.5915 47.5974 3.5915 0.9407 2.5028
15290 7645.0 3.5788 51.5911 3.5788 0.9886 2.5095
15300 7650.0 3.5741 53.1192 3.5741 0.9688 2.4074
15310 7655.0 3.5961 46.1648 3.5961 0.9920 2.4498
15320 7660.0 3.6008 44.7557 3.6008 0.9237 2.4230
15330 7665.0 3.5823 50.4642 3.5823 1.0418 2.4420
15340 7670.0 3.5901 48.0130 3.5901 0.9565 2.3920
15350 7675.0 3.5822 50.5127 3.5822 1.0595 2.3841
15360 7680.0 3.5840 49.9401 3.5840 0.9291 2.3348
15370 7685.0 3.5667 55.5506 3.5667 0.9886 2.2680
15380 7690.0 3.5757 52.5954 3.5757 1.0097 2.3601
15390 7695.0 3.5886 48.4759 3.5886 0.9358 2.3188
15400 7700.0 3.5911 47.7179 3.5911 1.0649 2.3231
15410 7705.0 3.6037 43.8843 3.6037 0.9145 2.2925
15420 7710.0 3.5991 45.2847 3.5991 1.0269 2.3398
15430 7715.0 3.6200 39.1943 3.6200 0.9703 2.3060
15440 7720.0 3.6032 44.0513 3.6032 0.9639 2.3624
15450 7725.0 3.6032 44.0312 3.6032 1.0154 2.2802
15460 7730.0 3.6065 43.0676 3.6065 0.9468 2.3774
15470 7735.0 3.6053 43.4281 3.6053 1.0033 2.2929
15480 7740.0 3.6142 40.8527 3.6142 0.9939 2.3974
15490 7745.0 3.6251 37.7947 3.6251 0.9636 2.3620
15500 7750.0 3.6167 40.1221 3.6167 1.0280 2.4109
15510 7755.0 3.6365 34.7209 3.6365 0.9260 2.4131
15520 7760.0 3.6211 38.8950 3.6211 1.0466 2.4271
15530 7765.0 3.6342 35.3292 3.6342 0.9149 2.4184
15540 7770.0 3.5992 45.2384 3.5992 1.0456 2.5014
15550 7775.0 3.6180 39.7747 3.6180 0.9052 2.4488
15560 7780.0 3.5633 56.6781 3.5633 1.0497 2.5115
15570 7785.0 3.6035 43.9628 3.6035 0.9329 2.4396
15580 7790.0 3.6031 44.0805 3.6031 0.9929 2.4824
15590 7795.0 3.5871 48.9428 3.5871 0.9883 2.4217
15600 7800.0 3.5956 46.3396 3.5956 1.0215 2.4413
15610 7805.0 3.6147 40.7065 3.6147 0.9699 2.4260
15620 7810.0 3.5921 47.4160 3.5921 0.9941 2.4695
15630 7815.0 3.6256 37.6396 3.6256 0.9734 2.4227
15640 7820.0 3.5942 46.7544 3.5942 1.0170 2.3748
15650 7825.0 3.6287 36.8064 3.6287 0.9773 2.3843
15660 7830.0 3.6462 32.2127 3.6462 0.9574 2.3719
15670 7835.0 3.6278 37.0447 3.6278 1.0914 2.3592
15680 7840.0 3.6303 36.3640 3.6303 0.9644 2.3388
15690 7845.0 3.5949 46.5278 3.5949 0.9728 2.3415
15700 7850.0 3.5899 48.0706 3.5899 1.0094 2.2664
15710 7855.0 3.5994 45.1707 3.5994 1.0099 2.3551
15720 7860.0 3.5770 52.1723 3.5770 1.0056 2.3943
15730 7865.0 3.5738 53.1996 3.5738 0.9374 2.2820
15740 7870.0 3.5490 61.5995 3.5490 1.0237 2.4244
15750 7875.0 3.5876 48.8112 3.5876 0.9072 2.3374
15760 7880.0 3.5505 61.0788 3.5505 1.0852 2.4405
15770 7885.0 3.5900 48.0416 3.5900 0.9033 2.4225
15780 7890.0 3.5459 62.6773 3.5459 1.0654 2.4735
15790 7895.0 3.5885 48.5261 3.5885 0.8971 2.3872
15800 7900.0 3.5686 54.8974 3.5686 1.0824 2.4857
15810 7905.0 3.6150 40.6210 3.6150 0.9037 2.4343
15820 7910.0 3.5860 49.2920 3.5860 1.0796 2.4774
15830 7915.0 3.6161 40.3031 3.6161 0.9429 2.4356
15840 7920.0 3.5928 47.1934 3.5928 1.0633 2.4782
15850 7925.0 3.6147 40.7076 3.6147 0.9657 2.4774
15860 7930.0 3.6001 44.9556 3.6001 1.0119 2.4819
15870 7935.0 3.5887 48.4680 3.5887 1.0009 2.4927
15880 7940.0 3.6063 43.1236 3.6063 0.9590 2.4471
15890 7945.0 3.5708 54.1817 3.5708 1.0658 2.5067
15900 7950.0 3.5933 47.0470 3.5933 0.9294 2.5127
15910 7955.0 3.5986 45.4162 3.5986 1.0106 2.4680
15920 7960.0 3.6012 44.6354 3.6012 0.9702 2.4075
15930 7965.0 3.6063 43.1216 3.6063 1.0093 2.4648
15940 7970.0 3.6055 43.3650 3.6055 0.9918 2.4646
15950 7975.0 3.5922 47.3783 3.5922 0.9815 2.3664
15960 7980.0 3.6025 44.2534 3.6025 1.0074 2.4653
15970 7985.0 3.6190 39.4818 3.6190 0.9574 2.4384
15980 7990.0 3.6257 37.6337 3.6257 1.0105 2.3951
15990 7995.0 3.6253 37.7246 3.6253 0.9955 2.3825
16000 8000.0 3.6315 36.0508 3.6315 0.9958 2.3983
16010 8005.0 3.6260 37.5515 3.6260 0.9600 2.4196
16020 8010.0 3.6267 37.3465 3.6267 0.9948 2.3668
16030 8015.0 3.6037 43.9081 3.6037 1.0075 2.3538
16040 8020.0 3.5996 45.1231 3.5996 0.9614 2.3702
16050 8025.0 3.6125 41.3255 3.6125 1.0037 2.3788
16060 8030.0 3.6127 41.2619 3.6127 0.9779 2.3541
16070 8035.0 3.6249 37.8483 3.6249 1.0069 2.4046
16080 8040.0 3.6186 39.6055 3.6186 0.9935 2.3941
16090 8045.0 3.6030 44.1017 3.6030 1.0153 2.4602
16100 8050.0 3.6277 37.0850 3.6277 0.9866 2.4148
16110 8055.0 3.6007 44.8042 3.6007 1.0167 2.3946
16120 8060.0 3.6089 42.3675 3.6089 0.9837 2.4579
16130 8065.0 3.5805 51.0405 3.5805 1.0161 2.5130
16140 8070.0 3.5804 51.0865 3.5804 0.9749 2.5043
16150 8075.0 3.6036 43.9154 3.6036 1.0212 2.4417
16160 8080.0 3.6082 42.5851 3.6082 0.9845 2.4698
16170 8085.0 3.6127 41.2618 3.6127 1.0051 2.4783
16180 8090.0 3.6170 40.0441 3.6170 0.9861 2.4534
16190 8095.0 3.6112 41.7053 3.6112 1.0188 2.4457
16200 8100.0 3.6123 41.3918 3.6123 0.9692 2.4575
16210 8105.0 3.6062 43.1523 3.6062 1.0084 2.4747
16220 8110.0 3.6202 39.1556 3.6202 0.9605 2.4545
16230 8115.0 3.5943 46.7400 3.5943 1.0375 2.4624
16240 8120.0 3.6069 42.9683 3.6069 0.9456 2.4447
16250 8125.0 3.5918 47.4873 3.5918 1.0319 2.4499
16260 8130.0 3.6014 44.5897 3.6014 0.9566 2.4266
16270 8135.0 3.5889 48.3781 3.5889 0.9965 2.4348
16280 8140.0 3.6017 44.4842 3.6017 0.9891 2.4169
16290 8145.0 3.6029 44.1305 3.6029 0.9810 2.3684
16300 8150.0 3.5849 49.6558 3.5849 1.0501 2.4125
16310 8155.0 3.6212 38.8588 3.6212 0.9291 2.3721
16320 8160.0 3.5845 49.7693 3.5845 1.0032 2.3971
16330 8165.0 3.6084 42.5136 3.6084 0.9968 2.3269
16340 8170.0 3.6053 43.4104 3.6053 0.9910 2.3405
16350 8175.0 3.5907 47.8448 3.5907 0.9784 2.3992
16360 8180.0 3.6157 40.4009 3.6157 0.9244 2.3849
16370 8185.0 3.5826 50.3725 3.5826 1.0123 2.4104
16380 8190.0 3.5923 47.3432 3.5923 1.0063 2.3505
16390 8195.0 3.6011 44.6756 3.6011 0.9627 2.4117
16400 8200.0 3.5960 46.2206 3.5960 1.0083 2.4284
16410 8205.0 3.5866 49.1118 3.5866 0.9543 2.4032
16420 8210.0 3.5704 54.3165 3.5704 1.0416 2.4666
16430 8215.0 3.5733 53.3576 3.5733 0.9322 2.4555
16440 8220.0 3.5411 64.4126 3.5411 0.9934 2.4821
16450 8225.0 3.5549 59.5414 3.5549 0.9761 2.4050
16460 8230.0 3.5470 62.2918 3.5470 0.9788 2.4566
16470 8235.0 3.5714 53.9922 3.5714 0.9767 2.3767
16480 8240.0 3.5825 50.4019 3.5825 0.9966 2.3819
16490 8245.0 3.5909 47.7643 3.5909 0.9615 2.3566
16500 8250.0 3.5802 51.1432 3.5802 0.9933 2.3392
16510 8255.0 3.5995 45.1563 3.5995 0.9493 2.3225
16520 8260.0 3.5925 47.2880 3.5925 1.0119 2.3407
16530 8265.0 3.6055 43.3675 3.6055 0.9570 2.3119
16540 8270.0 3.5992 45.2323 3.5992 1.0356 2.4281
16550 8275.0 3.6190 39.4764 3.6190 0.9370 2.4450
16560 8280.0 3.6019 44.4257 3.6019 1.0251 2.4451
16570 8285.0 3.6096 42.1662 3.6096 0.9520 2.4815
16580 8290.0 3.5915 47.5766 3.5915 0.9664 2.5242
16590 8295.0 3.5864 49.1866 3.5864 1.0009 2.5201
16600 8300.0 3.5904 47.9113 3.5904 0.9485 2.5626
16610 8305.0 3.5758 52.5419 3.5758 1.0130 2.5643
16620 8310.0 3.5721 53.7731 3.5721 0.9813 2.4993
16630 8315.0 3.5779 51.8810 3.5779 0.9937 2.5496
16640 8320.0 3.5897 48.1285 3.5897 0.9331 2.5296
16650 8325.0 3.5605 57.6199 3.5605 0.9785 2.5510
16660 8330.0 3.5773 52.0614 3.5773 0.9648 2.4752
16670 8335.0 3.5616 57.2443 3.5616 1.0128 2.4857
16680 8340.0 3.5718 53.8591 3.5718 0.9535 2.4489
16690 8345.0 3.5837 50.0352 3.5837 0.9895 2.4602
16700 8350.0 3.5858 49.3553 3.5858 0.9690 2.4095
16710 8355.0 3.5884 48.5396 3.5884 0.9799 2.3995
16720 8360.0 3.5694 54.6525 3.5694 0.9751 2.3985
16730 8365.0 3.6035 43.9619 3.6035 0.9380 2.3408
16740 8370.0 3.5764 52.3590 3.5764 1.0044 2.3466
16750 8375.0 3.5904 47.9282 3.5904 0.9417 2.2771
16760 8380.0 3.5664 55.6482 3.5664 1.0114 2.2912
16770 8385.0 3.5752 52.7544 3.5752 0.9536 2.3103
16780 8390.0 3.5692 54.7105 3.5692 0.9737 2.3278
16790 8395.0 3.5773 52.0525 3.5773 0.9744 2.3003
16800 8400.0 3.5796 51.3417 3.5796 1.0042 2.2937
16810 8405.0 3.5704 54.3093 3.5704 0.9848 2.2919
16820 8410.0 3.5625 56.9647 3.5625 1.0239 2.3373
16830 8415.0 3.5846 49.7414 3.5846 0.9653 2.3636
16840 8420.0 3.5577 58.5849 3.5577 0.9507 2.4466
16850 8425.0 3.5817 50.6535 3.5817 0.9803 2.4356
16860 8430.0 3.5529 60.2236 3.5529 1.0078 2.3756
16870 8435.0 3.5721 53.7472 3.5721 0.9607 2.4999
16880 8440.0 3.6044 43.6896 3.6044 0.9829 2.4682
16890 8445.0 3.6058 43.2857 3.6058 1.0109 2.4395
16900 8450.0 3.5921 47.3929 3.5921 0.9679 2.4951
16910 8455.0 3.6199 39.2213 3.6199 0.9993 2.4243
16920 8460.0 3.6185 39.6084 3.6185 0.9965 2.3922
16930 8465.0 3.6170 40.0475 3.6170 0.9667 2.4332
16940 8470.0 3.6297 36.5202 3.6297 1.0213 2.3793
16950 8475.0 3.6309 36.1970 3.6309 0.9936 2.4267
16960 8480.0 3.6325 35.7729 3.6325 0.9989 2.4333
16970 8485.0 3.6263 37.4674 3.6263 0.9909 2.3935
16980 8490.0 3.6095 42.2095 3.6095 0.9941 2.4864
16990 8495.0 3.5978 45.6743 3.5978 0.9531 2.5030
17000 8500.0 3.5963 46.1143 3.5963 0.9888 2.5074
17010 8505.0 3.6246 37.9193 3.6246 0.9756 2.4827
17020 8510.0 3.6049 43.5315 3.6049 1.0000 2.5290
17030 8515.0 3.5950 46.5196 3.5950 0.9862 2.4853
17040 8520.0 3.6055 43.3784 3.6055 0.9939 2.4685
17050 8525.0 3.6161 40.3016 3.6161 0.9891 2.4587
17060 8530.0 3.6173 39.9486 3.6173 0.9902 2.4360
17070 8535.0 3.6142 40.8306 3.6142 0.9871 2.4052
17080 8540.0 3.6045 43.6591 3.6045 0.9890 2.3917
17090 8545.0 3.6018 44.4758 3.6018 0.9744 2.3888
17100 8550.0 3.6040 43.8228 3.6040 1.0024 2.3691
17110 8555.0 3.5792 51.4405 3.5792 0.9739 2.3374
17120 8560.0 3.5710 54.1170 3.5710 1.0241 2.3385
17130 8565.0 3.5860 49.2837 3.5860 0.9582 2.3644
17140 8570.0 3.5484 61.8108 3.5484 1.0152 2.3999
17150 8575.0 3.5743 53.0396 3.5743 0.9564 2.3764
17160 8580.0 3.5422 64.0153 3.5422 1.0349 2.2999
17170 8585.0 3.5952 46.4384 3.5952 0.9642 2.3650
17180 8590.0 3.5824 50.4246 3.5824 0.9668 2.3901
17190 8595.0 3.5950 46.5121 3.5950 0.9972 2.3334
17200 8600.0 3.6124 41.3449 3.6124 0.9972 2.3495
17210 8605.0 3.5963 46.1194 3.5963 0.9698 2.3865
17220 8610.0 3.6155 40.4596 3.6155 0.9589 2.3607
17230 8615.0 3.5819 50.6094 3.5819 1.0235 2.3083
17240 8620.0 3.6006 44.8120 3.6006 0.9752 2.3408
17250 8625.0 3.5564 59.0386 3.5564 0.9529 2.3871
17260 8630.0 3.5660 55.7826 3.5660 1.0051 2.2980
17270 8635.0 3.5554 59.3824 3.5554 0.9989 2.2893
17280 8640.0 3.5474 62.1658 3.5474 0.9520 2.3783
17290 8645.0 3.5674 55.3107 3.5674 0.9715 2.3705
17300 8650.0 3.5434 63.5693 3.5434 0.9947 2.3576
17310 8655.0 3.5507 61.0074 3.5507 0.9894 2.3934
17320 8660.0 3.5416 64.2395 3.5416 0.9857 2.4695
17330 8665.0 3.5422 64.0174 3.5422 0.9482 2.4920
17340 8670.0 3.5380 65.5087 3.5380 0.9835 2.4730
17350 8675.0 3.5076 77.0053 3.5076 0.9884 2.4454
17360 8680.0 3.5322 67.6495 3.5322 0.9893 2.5410
17370 8685.0 3.5895 48.2034 3.5895 0.9566 2.4597
17380 8690.0 3.5821 50.5176 3.5821 1.0256 2.3949
17390 8695.0 3.5598 57.8677 3.5598 0.9677 2.4477
17400 8700.0 3.5380 65.5276 3.5380 1.0140 2.2960
17410 8705.0 3.5664 55.6362 3.5664 0.9947 2.3890
17420 8710.0 3.5929 47.1690 3.5929 1.0007 2.3281
17430 8715.0 3.5648 56.1773 3.5648 0.9796 2.4273
17440 8720.0 3.5774 52.0228 3.5774 0.9957 2.2486
17450 8725.0 3.5668 55.5078 3.5668 1.0016 2.4081
17460 8730.0 3.5653 56.0132 3.5653 0.9844 2.2254
17470 8735.0 3.5824 50.4286 3.5824 1.0261 2.4135
17480 8740.0 3.5861 49.2817 3.5861 0.9694 2.2501
17490 8745.0 3.5894 48.2495 3.5894 1.0182 2.4830
17500 8750.0 3.6263 37.4651 3.6263 0.9786 2.3680
17510 8755.0 3.6244 37.9675 3.6244 1.0050 2.5206
17520 8760.0 3.6388 34.1256 3.6388 1.0183 2.5397
17530 8765.0 3.5991 45.2827 3.5991 1.0034 2.5015
17540 8770.0 3.5949 46.5416 3.5949 1.0271 2.6291
17550 8775.0 3.5817 50.6478 3.5817 1.0213 2.4976
17560 8780.0 3.5939 46.8540 3.5939 0.9769 2.6173
17570 8785.0 3.6401 33.7703 3.6401 1.0194 2.5348
17580 8790.0 3.6394 33.9643 3.6394 0.9739 2.4880
17590 8795.0 3.6136 41.0169 3.6136 1.0193 2.5459
17600 8800.0 3.6139 40.9292 3.6139 0.9861 2.3944
17610 8805.0 3.6248 37.8577 3.6248 1.0311 2.5020
17620 8810.0 3.6410 33.5505 3.6410 0.9796 2.3786
17630 8815.0 3.6149 40.6312 3.6149 1.0179 2.5034
17640 8820.0 3.6365 34.7203 3.6365 0.9979 2.4050
17650 8825.0 3.6245 37.9594 3.6245 0.9879 2.4839
17660 8830.0 3.6529 30.5306 3.6529 1.0365 2.4739
17670 8835.0 3.6471 31.9721 3.6471 0.9847 2.4247
17680 8840.0 3.6292 36.6578 3.6292 1.0335 2.5305
17690 8845.0 3.6363 34.7751 3.6363 0.9713 2.5217
17700 8850.0 3.6313 36.1047 3.6313 1.0360 2.4924
17710 8855.0 3.6127 41.2718 3.6127 0.9648 2.5744
17720 8860.0 3.6037 43.9046 3.6037 1.0205 2.4873
17730 8865.0 3.6198 39.2529 3.6198 0.9728 2.5787
17740 8870.0 3.6297 36.5384 3.6297 1.0128 2.5274
17750 8875.0 3.6327 35.7246 3.6327 0.9997 2.5330
17760 8880.0 3.6249 37.8469 3.6249 0.9732 2.5884
17770 8885.0 3.6420 33.2948 3.6420 1.0127 2.4743
17780 8890.0 3.6568 29.5706 3.6568 0.9798 2.5637
17790 8895.0 3.6435 32.8861 3.6435 1.0178 2.5141
17800 8900.0 3.6584 29.1838 3.6584 0.9936 2.5747
17810 8905.0 3.6622 28.2733 3.6622 1.0135 2.5383
17820 8910.0 3.6616 28.4280 3.6616 0.9912 2.5324
17830 8915.0 3.6471 31.9829 3.6471 1.0158 2.5410
17840 8920.0 3.6377 34.4122 3.6377 0.9908 2.5548
17850 8925.0 3.6177 39.8607 3.6177 1.0264 2.5917
17860 8930.0 3.6150 40.6189 3.6150 0.9761 2.6305
17870 8935.0 3.6053 43.4172 3.6053 0.9886 2.5984
17880 8940.0 3.5916 47.5450 3.5916 0.9887 2.6003
17890 8945.0 3.5672 55.3854 3.5672 1.0168 2.6212
17900 8950.0 3.5831 50.2247 3.5831 0.9731 2.5751
17910 8955.0 3.5866 49.1233 3.5866 1.0024 2.5745
17920 8960.0 3.6019 44.4458 3.6019 0.9959 2.5692
17930 8965.0 3.6036 43.9157 3.6036 0.9741 2.6065
17940 8970.0 3.6064 43.1027 3.6064 0.9909 2.5925
17950 8975.0 3.6264 37.4169 3.6264 0.9798 2.5534
17960 8980.0 3.6313 36.1034 3.6313 1.0044 2.5198
17970 8985.0 3.6320 35.9103 3.6320 0.9816 2.4818
17980 8990.0 3.6128 41.2475 3.6128 0.9788 2.4937
17990 8995.0 3.6274 37.1669 3.6274 0.9679 2.4580
18000 9000.0 3.5953 46.4226 3.5953 1.0115 2.4372
