# step  time_fs  cv_FeH(A)  bias(kJ/mol)  d_min_FeH(A)  d_min_OH(A)  d_min_SH(A)
0 0.0 1.7182 1024.9810 1.7182 2.5114 2.4126
10 5.0 2.6203 140.2715 2.6203 1.7377 2.3312
20 10.0 2.8517 44.5019 2.8517 1.6307 2.4159
30 15.0 2.7945 63.2013 2.7945 1.6421 2.0891
40 20.0 2.8398 48.0970 2.8398 1.6182 1.4540
50 25.0 2.7022 100.2552 2.7022 1.0942 2.0926
60 30.0 3.2494 4.9430 3.2494 1.2083 2.4131
70 35.0 2.7162 94.0751 2.7162 1.2500 1.8929
80 40.0 3.0427 5.7613 3.0427 0.8895 2.1769
90 45.0 3.3013 11.4494 3.3013 1.3776 2.1349
100 50.0 3.3243 15.1907 3.3243 0.9367 2.3239
110 55.0 3.2110 1.8634 3.2110 1.2745 2.5097
120 60.0 3.1456 0.0096 3.1456 1.0388 2.5340
130 65.0 2.8948 32.5731 2.8948 1.1824 2.5808
140 70.0 3.1519 0.0018 3.1519 1.0180 2.4709
150 75.0 3.1467 0.0055 3.1467 1.1540 2.0839
160 80.0 2.9183 26.8387 2.9183 1.1838 1.9524
170 85.0 3.0481 5.1910 3.0481 0.9778 2.0723
180 90.0 3.1502 0.0000 3.1502 1.3379 1.8322
190 95.0 3.1856 0.6347 3.1856 0.8703 2.0544
200 100.0 3.1742 0.2923 3.1742 1.2358 1.7823
210 105.0 3.1245 0.3258 3.1245 1.0239 1.8423
220 110.0 3.0408 5.9595 3.0408 1.1161 1.7255
230 115.0 3.1247 0.3190 3.1247 1.1694 1.8231
240 120.0 3.2921 10.0953 3.2921 0.9689 2.1844
250 125.0 3.2087 1.7256 3.2087 1.1839 2.2391
260 130.0 3.2304 3.2297 3.2304 0.9197 2.2874
270 135.0 3.0517 4.8292 3.0517 1.1446 2.2648
280 140.0 3.1100 0.8006 3.1100 0.9690 2.4156
290 145.0 3.0138 9.2797 3.0138 1.1046 2.4935
300 150.0 3.0799 2.4584 3.0799 1.0178 2.7212
310 155.0 3.1031 1.0980 3.1031 1.0634 2.7765
320 160.0 3.2268 2.9504 3.2268 1.0445 2.6837
330 165.0 3.1899 0.7948 3.1899 1.0377 2.7696
340 170.0 3.1239 0.3399 3.1239 1.0492 2.7103
350 175.0 3.1764 0.3493 3.1764 0.9799 2.6491
360 180.0 3.0303 7.1589 3.0303 1.0948 2.4290
370 185.0 3.1897 0.7890 3.1897 0.8849 2.4031
380 190.0 3.1382 0.0690 3.1382 1.1399 2.3672
390 195.0 3.3199 14.4367 3.3199 0.8909 2.4561
400 200.0 3.0728 2.9837 3.0728 1.1258 2.2893
410 205.0 3.1925 0.9040 3.1925 0.8861 2.2844
420 210.0 3.0496 5.0418 3.0496 1.0927 2.1831
430 215.0 3.1391 0.0590 3.1391 0.9319 2.2972
440 220.0 3.0860 2.0466 3.0860 1.0166 2.3680
450 225.0 3.1897 0.7888 3.1897 1.0355 2.5720
460 230.0 3.2704 7.2494 3.2704 0.9745 2.6427
470 235.0 3.1331 0.1435 3.1331 1.0796 2.5189
480 240.0 3.1846 0.5992 3.1846 0.9033 2.4436
490 245.0 3.0048 10.5479 3.0048 1.0942 2.2828
500 250.0 3.1797 0.4415 3.1797 0.8911 2.3678
510 255.0 3.1197 0.4587 3.1197 1.0656 2.3680
520 260.0 3.2579 5.8210 3.2579 0.9693 2.4354
530 265.0 3.1879 0.7186 3.1879 1.0121 2.4015
540 270.0 3.0969 1.4078 3.0969 1.0114 2.4016
550 275.0 3.1512 0.0008 3.1512 0.9337 2.4907
560 280.0 3.1015 1.1767 3.1015 1.0378 2.5427
570 285.0 3.1927 0.9130 3.1927 0.9261 2.6009
580 290.0 3.1394 0.0561 3.1394 1.0303 2.6076
590 295.0 3.1547 0.0111 3.1547 0.9785 2.5578
600 300.0 3.1718 0.2369 3.1718 0.9983 2.4902
610 305.0 3.1824 0.5256 3.1824 1.0224 2.3685
620 310.0 3.1877 0.7090 3.1877 0.9529 2.2587
630 315.0 3.0879 1.9276 3.0879 1.0376 2.1287
640 320.0 3.1724 0.2516 3.1724 0.9290 2.1764
650 325.0 3.1186 0.4933 3.1186 1.0358 2.1163
660 330.0 3.1280 0.2413 3.1280 0.9480 2.1176
670 335.0 3.1460 0.0081 3.1460 1.0054 2.1258
680 340.0 3.2211 2.5251 3.2211 0.9925 2.1861
690 345.0 3.1997 1.2336 3.1997 0.9955 2.1817
700 350.0 3.1395 0.0549 3.1395 1.0016 2.1613
710 355.0 3.1356 0.1039 3.1356 0.9625 2.2069
720 360.0 3.0907 1.7554 3.0907 1.0143 2.2348
730 365.0 3.1266 0.2728 3.1266 0.9252 2.2844
740 370.0 3.0827 2.2668 3.0827 1.0277 2.2952
750 375.0 3.1827 0.5351 3.1827 0.9530 2.3513
760 380.0 3.1992 1.2122 3.1992 1.0248 2.3887
770 385.0 3.1836 0.5632 3.1836 0.9858 2.3674
780 390.0 3.1441 0.0174 3.1441 0.9792 2.3001
790 395.0 3.0396 6.0899 3.0396 1.0231 2.1582
800 400.0 3.1224 0.3813 3.1224 0.9116 2.1689
810 405.0 3.0865 2.0192 3.0865 1.0677 2.1064
820 410.0 3.2534 5.3503 3.2534 0.9254 2.2142
830 415.0 3.1888 0.7538 3.1888 1.0922 2.1573
840 420.0 3.2181 2.3186 3.2181 0.9231 2.1743
850 425.0 3.0480 5.2035 3.0480 1.0395 2.0538
860 430.0 3.0846 2.1386 3.0846 0.9601 2.1276
870 435.0 3.1201 0.4459 3.1201 0.9644 2.2257
880 440.0 3.1574 0.0272 3.1574 1.0366 2.3261
890 445.0 3.2558 5.6021 3.2558 0.9287 2.3221
900 450.0 3.0900 1.7985 3.0900 1.0496 2.0971
910 455.0 3.1429 0.0254 3.1429 0.9285 2.0361
920 460.0 3.0724 3.0084 3.0724 1.0282 1.8956
930 465.0 3.1830 0.5442 3.1830 0.9878 1.9281
940 470.0 3.2185 2.3453 3.2185 1.0544 1.9503
950 475.0 3.2277 3.0170 3.2277 0.9957 2.0338
960 480.0 3.1508 0.0003 3.1508 1.0208 2.0757
970 485.0 3.1753 0.3198 3.1753 1.0025 2.1878
980 490.0 3.1870 0.6853 3.1870 0.9891 2.2338
990 495.0 3.1412 0.0391 3.1412 1.0094 2.2249
1000 500.0 3.1662 0.1311 3.1662 0.9453 2.2533
1010 505.0 3.0814 2.3517 3.0814 1.0286 2.2071
1020 510.0 3.1522 0.0023 3.1522 0.9361 2.2180
1030 515.0 3.1191 0.4771 3.1191 1.0112 2.2044
1040 520.0 3.1768 0.3579 3.1768 0.9808 2.2135
1050 525.0 3.1764 0.3483 3.1764 0.9993 2.1589
1060 530.0 3.1986 1.1790 3.1986 1.0079 2.1000
1070 535.0 3.1806 0.4694 3.1806 0.9799 2.0840
1080 540.0 3.0383 6.2362 3.0383 1.0054 2.0482
1090 545.0 3.0537 4.6384 3.0537 0.9270 2.1600
1100 550.0 3.0662 3.5127 3.0662 0.9787 2.2054
1110 555.0 3.1814 0.4937 3.1814 0.9861 2.3240
1120 560.0 3.2339 3.5160 3.2339 0.9742 2.3851
1130 565.0 3.1510 0.0005 3.1510 1.0151 2.3140
1140 570.0 3.1335 0.1367 3.1335 0.9548 2.2273
1150 575.0 3.0782 2.5780 3.0782 0.9961 2.1188
1160 580.0 3.1041 1.0548 3.1041 0.9501 2.1013
1170 585.0 3.0975 1.3779 3.0975 0.9805 2.1140
1180 590.0 3.1675 0.1532 3.1675 0.9960 2.1847
1190 595.0 3.2199 2.4462 3.2199 0.9638 2.2087
1200 600.0 3.1013 1.1844 3.1013 1.0039 2.1178
1210 605.0 3.0507 4.9287 3.0507 0.9439 2.1248
1220 610.0 3.0831 2.2400 3.0831 0.9942 2.1831
1230 615.0 3.2295 3.1578 3.2295 0.9722 2.3570
1240 620.0 3.2015 1.3259 3.2015 1.0016 2.3521
1250 625.0 3.0506 4.9401 3.0506 0.9706 2.2647
1260 630.0 3.0621 3.8669 3.0621 0.9803 2.2903
1270 635.0 3.2395 4.0025 3.2395 0.9968 2.4390
1280 640.0 3.2552 5.5291 3.2552 0.9874 2.4490
1290 645.0 3.0900 1.7980 3.0900 1.0016 2.2992
1300 650.0 3.0454 5.4656 3.0454 0.9625 2.2330
1310 655.0 3.1310 0.1797 3.1310 1.0179 2.2928
1320 660.0 3.2844 9.0317 3.2844 0.9729 2.5146
1330 665.0 3.1242 0.3324 3.1242 0.9812 2.6882
1340 670.0 3.0064 10.3169 3.0064 0.9838 2.6400
1350 675.0 3.1574 0.0271 3.1574 0.9656 2.7069
1360 680.0 3.1386 0.0655 3.1386 1.0082 2.4752
1370 685.0 3.0377 6.3020 3.0377 0.9461 2.2438
1380 690.0 2.9719 15.8599 2.9719 0.9738 2.1233
1390 695.0 3.0577 4.2612 3.0577 0.9541 2.2172
1400 700.0 3.1942 0.9746 3.1942 0.9943 2.4172
1410 705.0 3.2766 8.0185 3.2766 0.9971 2.5670
1420 710.0 3.1804 0.4630 3.1804 0.9859 2.4935
1430 715.0 3.0649 3.6217 3.0649 0.9769 2.3037
1440 720.0 3.0340 6.7294 3.0340 0.9600 2.1834
1450 725.0 3.0400 6.0489 3.0400 0.9616 2.1702
1460 730.0 3.0664 3.4960 3.0664 0.9771 2.2504
1470 735.0 3.1273 0.2577 3.1273 0.9802 2.3483
1480 740.0 3.2045 1.4868 3.2045 0.9941 2.4203
1490 745.0 3.2329 3.4362 3.2329 0.9948 2.4203
1500 750.0 3.1838 0.5715 3.1838 0.9845 2.3386
1510 755.0 3.1310 0.1800 3.1310 0.9779 2.2504
1520 760.0 3.1151 0.6103 3.1151 0.9803 2.1842
1530 765.0 3.1552 0.0135 3.1552 0.9649 2.2044
1540 770.0 3.1538 0.0071 3.1538 0.9950 2.2395
1550 775.0 3.1892 0.7701 3.1892 0.9955 2.2999
1560 780.0 3.2275 3.0053 3.2275 0.9901 2.3094
1570 785.0 3.1716 0.2327 3.1716 0.9940 2.2400
1580 790.0 3.1051 1.0084 3.1051 0.9566 2.1665
1590 795.0 3.0267 7.5985 3.0267 0.9988 2.1096
1600 800.0 3.1124 0.7069 3.1124 0.9554 2.1633
1610 805.0 3.1882 0.7309 3.1882 0.9956 2.2057
1620 810.0 3.2140 2.0502 3.2140 0.9921 2.2198
1630 815.0 3.1466 0.0059 3.1466 0.9765 2.1890
1640 820.0 3.0953 1.4975 3.0953 0.9859 2.1427
1650 825.0 3.1282 0.2385 3.1282 0.9652 2.1745
1660 830.0 3.1721 0.2431 3.1721 1.0054 2.2579
1670 835.0 3.1896 0.7843 3.1896 0.9685 2.3281
1680 840.0 3.1328 0.1476 3.1328 1.0084 2.2604
1690 845.0 3.1580 0.0321 3.1580 0.9544 2.2177
1700 850.0 3.1058 0.9778 3.1058 1.0145 2.1156
1710 855.0 3.1063 0.9537 3.1063 0.9629 2.0561
1720 860.0 3.1281 0.2393 3.1281 0.9825 2.0598
1730 865.0 3.1687 0.1750 3.1687 0.9973 2.1368
1740 870.0 3.1984 1.1734 3.1984 0.9649 2.2275
1750 875.0 3.0932 1.6106 3.0932 1.0195 2.1910
1760 880.0 3.0737 2.9137 3.0737 0.9372 2.2587
1770 885.0 3.0775 2.6278 3.0775 1.0060 2.3374
1780 890.0 3.1817 0.5023 3.1817 0.9797 2.4612
1790 895.0 3.1895 0.7808 3.1895 1.0167 2.4371
1800 900.0 3.1198 0.4550 3.1198 0.9682 2.3807
1810 905.0 3.0955 1.4835 3.0955 0.9830 2.3544
1820 910.0 3.1627 0.0807 3.1627 1.0029 2.3579
1830 915.0 3.2019 1.3473 3.2019 0.9689 2.3536
1840 920.0 3.1063 0.9546 3.1063 1.0148 2.2372
1850 925.0 3.1039 1.0610 3.1039 0.9534 2.2860
1860 930.0 3.1869 0.6807 3.1869 1.0155 2.3942
1870 935.0 3.1795 0.4359 3.1795 0.9584 2.4366
1880 940.0 3.1224 0.3814 3.1224 1.0185 2.4183
1890 945.0 3.1611 0.0618 3.1611 0.9588 2.5179
1900 950.0 3.1665 0.1359 3.1665 1.0084 2.5936
1910 955.0 3.1303 0.1941 3.1303 0.9813 2.6258
1920 960.0 3.1525 0.0032 3.1525 0.9867 2.6265
1930 965.0 3.2091 1.7492 3.2091 0.9957 2.6297
1940 970.0 3.1583 0.0341 3.1583 0.9624 2.6145
1950 975.0 3.0716 3.0737 3.0716 0.9926 2.5867
1960 980.0 3.0796 2.4792 3.0796 0.9603 2.6180
1970 985.0 3.1002 1.2377 3.1002 0.9675 2.6837
1980 990.0 3.1361 0.0963 3.1361 0.9838 2.7916
1990 995.0 3.1587 0.0380 3.1587 0.9702 2.7052
2000 1000.0 3.1418 0.0338 3.1418 0.9945 2.7064
2010 1005.0 3.1473 0.0037 3.1473 0.9748 2.7157
2020 1010.0 3.1606 0.0564 3.1606 0.9794 2.5332
2030 1015.0 3.1288 0.2254 3.1288 0.9837 2.4072
2040 1020.0 3.0989 1.3040 3.0989 0.9692 2.3424
2050 1025.0 3.1094 0.8260 3.1094 0.9903 2.3115
2060 1030.0 3.1726 0.2563 3.1726 0.9808 2.2779
2070 1035.0 3.2192 2.3935 3.2192 0.9996 2.2536
2080 1040.0 3.2461 4.6172 3.2461 1.0044 2.2487
2090 1045.0 3.2241 2.7460 3.2241 1.0029 2.1948
2100 1050.0 3.1417 0.0345 3.1417 1.0034 2.1014
2110 1055.0 3.1069 0.9291 3.1069 0.9679 2.0923
2120 1060.0 3.0986 1.3211 3.0986 0.9979 2.0918
2130 1065.0 3.1915 0.8601 3.1915 0.9689 2.1546
2140 1070.0 3.2038 1.4446 3.2038 1.0403 2.1317
2150 1075.0 3.2217 2.5674 3.2217 0.9641 2.1052
2160 1080.0 3.1213 0.4104 3.1213 1.0213 1.9698
2170 1085.0 3.1501 0.0000 3.1501 0.9444 2.0063
2180 1090.0 3.1293 0.2145 3.1293 1.0240 2.0185
2190 1095.0 3.1874 0.6979 3.1874 0.9510 2.1118
2200 1100.0 3.1609 0.0597 3.1609 1.0137 2.1101
2210 1105.0 3.1677 0.1560 3.1677 0.9827 2.1397
2220 1110.0 3.1594 0.0438 3.1594 0.9910 2.1404
2230 1115.0 3.1498 0.0000 3.1498 0.9952 2.1237
2240 1120.0 3.1728 0.2601 3.1728 0.9672 2.1378
2250 1125.0 3.1584 0.0352 3.1584 1.0137 2.0661
2260 1130.0 3.1911 0.8456 3.1911 0.9558 2.0398
2270 1135.0 3.1361 0.0970 3.1361 1.0373 1.9282
2280 1140.0 3.1860 0.6488 3.1860 0.9673 1.9968
2290 1145.0 3.1467 0.0056 3.1467 1.0302 1.9755
2300 1150.0 3.1514 0.0010 3.1514 0.9624 2.0296
2310 1155.0 3.1146 0.6274 3.1146 1.0152 2.0020
2320 1160.0 3.1493 0.0002 3.1493 0.9670 2.0688
2330 1165.0 3.1591 0.0415 3.1591 0.9849 2.1070
2340 1170.0 3.1470 0.0046 3.1470 0.9943 2.1109
2350 1175.0 3.1334 0.1375 3.1334 0.9685 2.1303
2360 1180.0 3.1164 0.5660 3.1164 0.9983 2.1440
2370 1185.0 3.1467 0.0054 3.1467 0.9578 2.2084
2380 1190.0 3.1250 0.3133 3.1250 1.0083 2.2256
2390 1195.0 3.1531 0.0049 3.1531 0.9679 2.2861
2400 1200.0 3.1366 0.0898 3.1366 0.9934 2.3135
2410 1205.0 3.1503 0.0000 3.1503 0.9764 2.3882
2420 1210.0 3.1326 0.1505 3.1326 0.9992 2.4300
2430 1215.0 3.1365 0.0905 3.1365 0.9755 2.4056
2440 1220.0 3.1295 0.2108 3.1295 0.9661 2.3351
2450 1225.0 3.0888 1.8707 3.0888 0.9919 2.2482
2460 1230.0 3.1073 0.9122 3.1073 0.9552 2.3000
2470 1235.0 3.1128 0.6910 3.1128 1.0037 2.3963
2480 1240.0 3.2289 3.1089 3.2289 0.9704 2.5629
2490 1245.0 3.2023 1.3697 3.2023 1.0005 2.5479
2500 1250.0 3.1019 1.1577 3.1019 0.9863 2.4029
2510 1255.0 3.0591 4.1322 3.0591 0.9427 2.3397
2520 1260.0 3.0470 5.3002 3.0470 1.0093 2.3600
2530 1265.0 3.1894 0.7762 3.1894 0.9508 2.4548
2540 1270.0 3.2076 1.6564 3.2076 1.0149 2.4324
2550 1275.0 3.1480 0.0020 3.1480 0.9801 2.2425
2560 1280.0 3.1218 0.3975 3.1218 0.9871 2.0592
2570 1285.0 3.1796 0.4393 3.1796 1.0338 1.9678
2580 1290.0 3.2260 2.8871 3.2260 0.9972 1.9815
2590 1295.0 3.1136 0.6633 3.1136 1.0051 1.9210
2600 1300.0 3.0859 2.0573 3.0859 0.9703 1.9558
2610 1305.0 3.1637 0.0936 3.1637 1.0290 2.0243
2620 1310.0 3.1880 0.7203 3.1880 0.9541 2.0897
2630 1315.0 3.0605 4.0085 3.0605 1.0451 2.0243
2640 1320.0 3.1402 0.0480 3.1402 0.9364 2.1366
2650 1325.0 3.2168 2.2286 3.2168 1.0593 2.1843
2660 1330.0 3.2027 1.3894 3.2027 0.9243 2.2096
2670 1335.0 3.0262 7.6659 3.0262 1.0571 2.0578
2680 1340.0 3.1037 1.0699 3.1037 0.9128 2.1458
2690 1345.0 3.1886 0.7451 3.1886 1.0880 2.1135
2700 1350.0 3.2394 3.9918 3.2394 0.9255 2.1390
2710 1355.0 3.0684 3.3327 3.0684 1.0841 1.9302
2720 1360.0 3.1568 0.0232 3.1568 0.9302 2.0449
2730 1365.0 3.1446 0.0145 3.1446 1.0903 1.9432
2740 1370.0 3.2462 4.6254 3.2462 0.9231 2.0743
2750 1375.0 3.0888 1.8738 3.0888 1.0990 1.8906
2760 1380.0 3.1980 1.1505 3.1980 0.9142 1.9923
2770 1385.0 3.1193 0.4715 3.1193 1.1046 1.8370
2780 1390.0 3.2411 4.1500 3.2411 0.9579 1.9862
2790 1395.0 3.1796 0.4385 3.1796 1.0639 1.9257
2800 1400.0 3.1881 0.7263 3.1881 0.9779 1.9721
2810 1405.0 3.1149 0.6168 3.1149 1.0278 1.9005
2820 1410.0 3.1801 0.4533 3.1801 0.9809 1.9830
2830 1415.0 3.1947 1.0004 3.1947 1.0352 2.0058
2840 1420.0 3.1743 0.2945 3.1743 0.9607 2.0497
2850 1425.0 3.0898 1.8092 3.0898 1.0382 1.9825
2860 1430.0 3.1787 0.4130 3.1787 0.9390 2.1298
2870 1435.0 3.1979 1.1463 3.1979 1.0633 2.1734
2880 1440.0 3.2140 2.0468 3.2140 0.9226 2.2047
2890 1445.0 3.0727 2.9848 3.0727 1.0715 2.0177
2900 1450.0 3.1160 0.5781 3.1160 0.9118 2.0247
2910 1455.0 3.0915 1.7140 3.0915 1.0588 1.9702
2920 1460.0 3.1923 0.8953 3.1923 0.9325 2.1374
2930 1465.0 3.1381 0.0706 3.1381 1.0602 2.1402
2940 1470.0 3.2035 1.4311 3.2035 0.9521 2.1943
2950 1475.0 3.1064 0.9508 3.1064 1.0322 2.2251
2960 1480.0 3.0401 6.0422 3.0401 0.9894 2.3083
2970 1485.0 3.0927 1.6399 3.0927 0.9104 2.4210
2980 1490.0 3.0538 4.6307 3.0538 1.0703 2.4680
2990 1495.0 3.2584 5.8782 3.2584 0.9103 2.5706
3000 1500.0 3.1873 0.6944 3.1873 1.0562 2.6815
3010 1505.0 3.1591 0.0410 3.1591 0.9661 2.7907
3020 1510.0 3.1278 0.2458 3.1278 0.9770 2.8250
3030 1515.0 3.0589 4.1490 3.0589 1.0411 2.7994
3040 1520.0 3.1776 0.3799 3.1776 0.8942 2.8193
3050 1525.0 3.0883 1.9014 3.0883 1.0682 2.8234
3060 1530.0 3.2736 7.6324 3.2736 0.9581 2.7739
3070 1535.0 3.2408 4.1254 3.2408 1.0329 2.7324
3080 1540.0 3.1241 0.3347 3.1241 1.0092 2.6796
3090 1545.0 3.1104 0.7828 3.1104 0.9325 2.6879
3100 1550.0 3.0052 10.4767 3.0052 1.0551 2.6293
3110 1555.0 3.1305 0.1907 3.1305 0.8989 2.6301
3120 1560.0 3.0578 4.2503 3.0578 1.0345 2.5521
3130 1565.0 3.1369 0.0859 3.1369 0.9582 2.5894
3140 1570.0 3.1539 0.0076 3.1539 0.9841 2.5539
3150 1575.0 3.1821 0.5166 3.1821 1.0313 2.4793
3160 1580.0 3.1965 1.0815 3.1965 0.9530 2.4659
3170 1585.0 3.0800 2.4477 3.0800 1.0327 2.3877
3180 1590.0 3.1414 0.0367 3.1414 0.9408 2.4065
3190 1595.0 3.1307 0.1863 3.1307 1.0388 2.3416
3200 1600.0 3.1807 0.4699 3.1807 0.9372 2.4360
3210 1605.0 3.0830 2.2433 3.0830 1.0143 2.4541
3220 1610.0 3.1138 0.6558 3.1138 0.9760 2.5117
3230 1615.0 3.1821 0.5147 3.1821 0.9755 2.5239
3240 1620.0 3.1882 0.7298 3.1882 1.0221 2.5320
3250 1625.0 3.1929 0.9216 3.1929 0.9372 2.5615
3260 1630.0 3.0643 3.6704 3.0643 1.0152 2.4960
3270 1635.0 3.0813 2.3624 3.0813 0.9284 2.4270
3280 1640.0 3.0034 10.7452 3.0034 0.9800 2.2831
3290 1645.0 3.0090 9.9429 3.0090 0.9712 2.2008
3300 1650.0 3.1225 0.3778 3.1225 0.9682 2.2576
3310 1655.0 3.2347 3.5883 3.2347 1.0242 2.4058
3320 1660.0 3.2664 6.7746 3.2664 0.9650 2.5304
3330 1665.0 3.1440 0.0178 3.1440 1.0299 2.5347
3340 1670.0 3.1432 0.0234 3.1432 0.9348 2.4224
3350 1675.0 3.0409 5.9470 3.0409 0.9992 2.2774
3360 1680.0 3.0320 6.9656 3.0320 0.9773 2.2302
3370 1685.0 3.0778 2.6039 3.0778 0.9524 2.2454
3380 1690.0 3.0594 4.1065 3.0594 1.0237 2.1152
3390 1695.0 3.1962 1.0665 3.1962 0.9400 2.1139
3400 1700.0 3.1792 0.4270 3.1792 1.0450 2.0965
3410 1705.0 3.2709 7.3091 3.2709 0.9698 2.2135
3420 1710.0 3.1906 0.8247 3.1906 1.0493 2.2149
3430 1715.0 3.2200 2.4490 3.2200 0.9775 2.2401
3440 1720.0 3.1734 0.2729 3.1734 1.0039 2.2513
3450 1725.0 3.1508 0.0003 3.1508 0.9829 2.3130
3460 1730.0 3.1328 0.1478 3.1328 0.9604 2.3372
3470 1735.0 3.0963 1.4399 3.0963 0.9965 2.2612
3480 1740.0 3.1336 0.1345 3.1336 0.9727 2.1927
3490 1745.0 3.1400 0.0505 3.1400 1.0073 2.1467
3500 1750.0 3.1714 0.2285 3.1714 0.9916 2.2115
3510 1755.0 3.1720 0.2415 3.1720 0.9790 2.3093
3520 1760.0 3.1226 0.3763 3.1226 1.0134 2.4089
3530 1765.0 3.1208 0.4272 3.1208 0.9500 2.4968
3540 1770.0 3.0573 4.2994 3.0573 0.9999 2.5800
3550 1775.0 3.0967 1.4190 3.0967 0.9432 2.6475
3560 1780.0 3.1389 0.0617 3.1389 0.9860 2.7089
3570 1785.0 3.1655 0.1207 3.1655 1.0037 2.6162
3580 1790.0 3.1045 1.0341 3.1045 0.9573 2.4808
3590 1795.0 3.0128 9.4175 3.0128 1.0045 2.3462
3600 1800.0 3.1479 0.0023 3.1479 0.9594 2.4429
3610 1805.0 3.2120 1.9225 3.2120 1.0150 2.4823
3620 1810.0 3.1304 0.1923 3.1304 0.9491 2.4673
3630 1815.0 3.0787 2.5406 3.0787 0.9984 2.4272
3640 1820.0 3.1446 0.0145 3.1446 0.9675 2.4991
3650 1825.0 3.0825 2.2783 3.0825 0.9800 2.6120
3660 1830.0 3.0319 6.9739 3.0319 0.9719 2.6526
3670 1835.0 3.1243 0.3294 3.1243 0.9581 2.5457
3680 1840.0 3.1821 0.5138 3.1821 1.0132 2.3831
3690 1845.0 3.0623 3.8415 3.0623 0.9492 2.3212
3700 1850.0 3.0713 3.0939 3.0713 1.0110 2.3022
3710 1855.0 3.2191 2.3852 3.2191 0.9570 2.4952
3720 1860.0 3.1527 0.0038 3.1527 1.0221 2.6117
3730 1865.0 3.1128 0.6922 3.1128 0.9550 2.6267
3740 1870.0 3.0852 2.0984 3.0852 0.9688 2.5982
3750 1875.0 3.0996 1.2696 3.0996 0.9885 2.5824
3760 1880.0 3.1824 0.5244 3.1824 0.9606 2.5966
3770 1885.0 3.2037 1.4405 3.2037 1.0247 2.5727
3780 1890.0 3.2154 2.1355 3.2154 0.9579 2.4942
3790 1895.0 3.1119 0.7266 3.1119 1.0226 2.3407
3800 1900.0 3.1120 0.7221 3.1120 0.9519 2.2553
3810 1905.0 3.0683 3.3346 3.0683 0.9994 2.2107
3820 1910.0 3.1045 1.0354 3.1045 0.9977 2.2290
3830 1915.0 3.1775 0.3776 3.1775 0.9893 2.2141
3840 1920.0 3.2321 3.3743 3.2321 1.0264 2.1983
3850 1925.0 3.2674 6.8926 3.2674 0.9900 2.2135
3860 1930.0 3.1663 0.1329 3.1663 1.0128 2.1687
3870 1935.0 3.1437 0.0196 3.1437 0.9442 2.1703
3880 1940.0 3.0472 5.2813 3.0472 1.0192 2.1596
3890 1945.0 3.0994 1.2805 3.0994 0.9450 2.2309
3900 1950.0 3.1129 0.6890 3.1129 0.9996 2.3681
3910 1955.0 3.1263 0.2805 3.1263 0.9884 2.5276
3920 1960.0 3.0590 4.1368 3.0590 0.9746 2.4292
3930 1965.0 3.1482 0.0016 3.1482 1.0169 2.4289
3940 1970.0 3.1749 0.3100 3.1749 0.9545 2.4709
3950 1975.0 3.1428 0.0262 3.1428 1.0121 2.5142
3960 1980.0 3.1348 0.1151 3.1348 0.9325 2.5325
3970 1985.0 3.1159 0.5825 3.1159 1.0019 2.4610
3980 1990.0 3.1230 0.3641 3.1230 0.9692 2.4754
3990 1995.0 3.1048 1.0193 3.1048 0.9638 2.5086
4000 2000.0 3.0914 1.7185 3.0914 1.0016 2.4907
4010 2005.0 3.1793 0.4278 3.1793 0.9452 2.4130
4020 2010.0 3.1445 0.0150 3.1445 1.0465 2.3452
4030 2015.0 3.2206 2.4920 3.2206 0.9330 2.3755
4040 2020.0 3.1418 0.0335 3.1418 1.0083 2.3432
4050 2025.0 3.1352 0.1103 3.1352 0.9743 2.2631
4060 2030.0 3.1130 0.6846 3.1130 0.9645 2.1888
4070 2035.0 3.0999 1.2528 3.0999 1.0013 2.2119
4080 2040.0 3.1436 0.0206 3.1436 0.9647 2.3141
4090 2045.0 3.1082 0.8720 3.1082 1.0014 2.3905
4100 2050.0 3.1262 0.2835 3.1262 0.9698 2.4420
4110 2055.0 3.1353 0.1082 3.1353 0.9770 2.4858
4120 2060.0 3.1190 0.4793 3.1190 1.0129 2.5184
4130 2065.0 3.1686 0.1726 3.1686 0.9429 2.5266
4140 2070.0 3.1013 1.1881 3.1013 1.0324 2.4559
4150 2075.0 3.1378 0.0746 3.1378 0.9336 2.4575
4160 2080.0 3.0827 2.2659 3.0827 1.0080 2.4764
4170 2085.0 3.1463 0.0068 3.1463 0.9985 2.5385
4180 2090.0 3.1934 0.9418 3.1934 0.9647 2.5034
4190 2095.0 3.1395 0.0546 3.1395 1.0310 2.3919
4200 2100.0 3.0103 9.7640 3.0103 0.9532 2.3657
4210 2105.0 3.1093 0.8269 3.1093 1.0408 2.4715
4220 2110.0 3.1214 0.4088 3.1214 0.9448 2.6964
4230 2115.0 3.0130 9.3791 3.0130 1.0041 2.5835
4240 2120.0 3.0843 2.1573 3.0843 0.9591 2.5148
4250 2125.0 3.1272 0.2603 3.1272 0.9999 2.4884
4260 2130.0 3.1733 0.2726 3.1733 0.9808 2.5030
4270 2135.0 3.1783 0.4014 3.1783 0.9738 2.5009
4280 2140.0 3.1897 0.7895 3.1897 1.0080 2.4602
4290 2145.0 3.1598 0.0484 3.1598 0.9688 2.4833
4300 2150.0 3.1399 0.0505 3.1399 1.0119 2.5192
4310 2155.0 3.0668 3.4589 3.0668 0.9550 2.5695
4320 2160.0 3.1369 0.0852 3.1369 1.0250 2.4613
4330 2165.0 3.1694 0.1883 3.1694 0.9520 2.3151
4340 2170.0 3.2214 2.5518 3.2214 0.9929 2.2170
4350 2175.0 3.1625 0.0776 3.1625 0.9814 2.2682
4360 2180.0 3.1211 0.4178 3.1211 0.9755 2.2975
4370 2185.0 3.1715 0.2307 3.1715 1.0251 2.2320
4380 2190.0 3.0955 1.4855 3.0955 0.9568 2.3184
4390 2195.0 3.1223 0.3845 3.1223 1.0424 2.3968
4400 2200.0 3.0621 3.8675 3.0621 0.9549 2.4638
4410 2205.0 3.1721 0.2441 3.1721 1.0400 2.3360
4420 2210.0 3.1093 0.8289 3.1093 0.9593 2.3857
4430 2215.0 3.1310 0.1803 3.1310 1.0276 2.4310
4440 2220.0 3.0823 2.2944 3.0823 0.9821 2.5160
4450 2225.0 3.1396 0.0541 3.1396 0.9881 2.4618
4460 2230.0 3.1827 0.5357 3.1827 1.0051 2.4464
4470 2235.0 3.1279 0.2432 3.1279 0.9619 2.5717
4480 2240.0 3.1664 0.1341 3.1664 1.0161 2.6029
4490 2245.0 3.1878 0.7134 3.1878 0.9615 2.5531
4500 2250.0 3.2179 2.3063 3.2179 1.0103 2.4936
4510 2255.0 3.1564 0.0202 3.1564 0.9587 2.5888
4520 2260.0 3.1202 0.4431 3.1202 1.0364 2.6728
4530 2265.0 3.1164 0.5647 3.1164 0.9464 2.6843
4540 2270.0 3.1781 0.3959 3.1781 1.0230 2.7050
4550 2275.0 3.1387 0.0634 3.1387 0.9732 2.7243
4560 2280.0 3.1053 0.9979 3.1053 0.9881 2.7272
4570 2285.0 3.1049 1.0158 3.1049 1.0075 2.6962
4580 2290.0 3.1809 0.4769 3.1809 0.9573 2.7209
4590 2295.0 3.1750 0.3130 3.1750 1.0174 2.7062
4600 2300.0 3.2154 2.1402 3.2154 0.9631 2.6593
4610 2305.0 3.1446 0.0146 3.1446 0.9973 2.5265
4620 2310.0 3.0852 2.0992 3.0852 0.9852 2.4396
4630 2315.0 3.0580 4.2322 3.0580 0.9545 2.4463
4640 2320.0 3.0148 9.1440 3.0148 0.9789 2.4427
4650 2325.0 3.0545 4.5608 3.0545 0.9528 2.4624
4660 2330.0 3.0901 1.7943 3.0901 0.9983 2.5338
4670 2335.0 3.2003 1.2641 3.2003 0.9788 2.6893
4680 2340.0 3.2332 3.4592 3.2332 0.9979 2.7786
4690 2345.0 3.2261 2.8981 3.2261 0.9716 2.7113
4700 2350.0 3.1981 1.1561 3.1981 0.9922 2.6487
4710 2355.0 3.1772 0.3700 3.1772 0.9910 2.5470
4720 2360.0 3.1667 0.1387 3.1667 0.9846 2.5035
4730 2365.0 3.1680 0.1617 3.1680 0.9857 2.5154
4740 2370.0 3.1723 0.2477 3.1723 0.9944 2.5412
4750 2375.0 3.1710 0.2210 3.1710 0.9797 2.5276
4760 2380.0 3.1509 0.0004 3.1509 0.9896 2.4760
4770 2385.0 3.1479 0.0022 3.1479 0.9766 2.4529
4780 2390.0 3.1417 0.0347 3.1417 1.0118 2.4433
4790 2395.0 3.1374 0.0794 3.1374 0.9813 2.4083
4800 2400.0 3.1331 0.1426 3.1331 1.0260 2.3605
4810 2405.0 3.1492 0.0004 3.1492 0.9792 2.3931
4820 2410.0 3.1300 0.2002 3.1300 1.0365 2.4590
4830 2415.0 3.1448 0.0136 3.1448 0.9740 2.5169
4840 2420.0 3.1096 0.8156 3.1096 1.0341 2.5771
4850 2425.0 3.1666 0.1372 3.1666 0.9645 2.6323
4860 2430.0 3.1525 0.0031 3.1525 1.0383 2.6139
4870 2435.0 3.1724 0.2507 3.1724 0.9644 2.5015
4880 2440.0 3.1541 0.0085 3.1541 1.0179 2.4090
4890 2445.0 3.1619 0.0704 3.1619 0.9700 2.4331
4900 2450.0 3.1482 0.0016 3.1482 1.0013 2.4638
4910 2455.0 3.1322 0.1593 3.1322 0.9937 2.4790
4920 2460.0 3.1382 0.0693 3.1382 0.9558 2.4766
4930 2465.0 3.0980 1.3500 3.0980 1.0157 2.4662
4940 2470.0 3.1372 0.0824 3.1372 0.9284 2.5534
4950 2475.0 3.0982 1.3398 3.0982 1.0247 2.6250
4960 2480.0 3.1935 0.9451 3.1935 0.9544 2.6233
4970 2485.0 3.1992 1.2090 3.1992 0.9950 2.5795
4980 2490.0 3.1822 0.5177 3.1822 0.9744 2.5057
4990 2495.0 3.0205 8.3787 3.0205 0.9809 2.3431
5000 2500.0 3.0035 10.7372 3.0035 1.0012 2.2963
5010 2505.0 3.1552 0.0136 3.1552 0.9836 2.4476
5020 2510.0 3.1280 0.2418 3.1280 0.9618 2.6616
5030 2515.0 3.0996 1.2680 3.0996 1.0002 2.5368
5040 2520.0 3.1137 0.6582 3.1137 0.9757 2.3063
5050 2525.0 3.0325 6.8985 3.0325 0.9794 2.2465
5060 2530.0 3.0224 8.1424 3.0224 0.9466 2.3007
5070 2535.0 3.0254 7.7585 3.0254 0.9892 2.3599
5080 2540.0 3.1260 0.2886 3.1260 0.9608 2.4192
5090 2545.0 3.1714 0.2289 3.1714 1.0151 2.4234
5100 2550.0 3.2462 4.6319 3.2462 0.9909 2.4411
5110 2555.0 3.2094 1.7645 3.2094 0.9898 2.4597
5120 2560.0 3.0981 1.3454 3.0981 1.0075 2.5230
5130 2565.0 3.0568 4.3395 3.0568 0.9678 2.4945
5140 2570.0 3.1991 1.2035 3.1991 1.0202 2.2627
5150 2575.0 3.2184 2.3380 3.2184 0.9567 2.1390
5160 2580.0 3.2214 2.5471 3.2214 1.0335 2.0897
5170 2585.0 3.1889 0.7565 3.1889 0.9412 2.1871
5180 2590.0 3.1998 1.2424 3.1998 1.0331 2.1533
5190 2595.0 3.1298 0.2043 3.1298 0.9367 2.2668
5200 2600.0 3.1455 0.0103 3.1455 1.0607 2.3645
5210 2605.0 3.0210 8.3156 3.0210 0.9435 2.5186
5220 2610.0 3.1324 0.1542 3.1324 1.0395 2.4344
5230 2615.0 3.1476 0.0029 3.1476 0.9750 2.3200
5240 2620.0 3.1534 0.0059 3.1534 0.9995 2.2303
5250 2625.0 3.1316 0.1700 3.1316 1.0069 2.1618
5260 2630.0 3.1394 0.0558 3.1394 0.9670 2.1048
5270 2635.0 3.0930 1.6217 3.0930 1.0310 1.9850
5280 2640.0 3.1742 0.2922 3.1742 0.9493 2.0422
5290 2645.0 3.1657 0.1233 3.1657 1.0581 2.0817
5300 2650.0 3.1700 0.1990 3.1700 0.9512 2.2034
5310 2655.0 3.1623 0.0761 3.1623 1.0417 2.2424
5320 2660.0 3.1029 1.1108 3.1029 0.9279 2.3092
5330 2665.0 3.1505 0.0001 3.1505 1.0627 2.2541
5340 2670.0 3.1091 0.8372 3.1091 0.9190 2.2422
5350 2675.0 3.1653 0.1170 3.1653 1.0699 2.1512
5360 2680.0 3.1460 0.0081 3.1460 0.9210 2.1431
5370 2685.0 3.1788 0.4150 3.1788 1.0507 2.0089
5380 2690.0 3.1867 0.6722 3.1867 0.9413 2.0270
5390 2695.0 3.1719 0.2388 3.1719 1.0599 2.0298
5400 2700.0 3.1126 0.6999 3.1126 0.9299 2.1608
5410 2705.0 3.1363 0.0935 3.1363 1.0393 2.1637
5420 2710.0 3.0856 2.0735 3.0856 0.9730 2.1960
5430 2715.0 3.1037 1.0728 3.1037 1.0215 2.1723
5440 2720.0 3.0896 1.8222 3.0896 1.0014 2.1800
5450 2725.0 3.1072 0.9175 3.1072 0.9974 2.1428
5460 2730.0 3.1453 0.0109 3.1453 1.0145 2.0536
5470 2735.0 3.1383 0.0680 3.1383 0.9765 2.0739
5480 2740.0 3.1571 0.0249 3.1571 1.0269 2.0598
5490 2745.0 3.1282 0.2374 3.1282 0.9552 2.1069
5500 2750.0 3.1495 0.0001 3.1495 1.0398 2.0935
5510 2755.0 3.0803 2.4284 3.0803 0.9398 2.2274
5520 2760.0 3.1110 0.7611 3.1110 1.0521 2.2431
5530 2765.0 3.0684 3.3318 3.0684 0.9440 2.3007
5540 2770.0 3.1246 0.3215 3.1246 1.0338 2.2554
5550 2775.0 3.1152 0.6047 3.1152 0.9528 2.2643
5560 2780.0 3.1484 0.0013 3.1484 1.0265 2.1876
5570 2785.0 3.1509 0.0004 3.1509 0.9516 2.1760
5580 2790.0 3.1661 0.1302 3.1661 1.0376 2.0787
5590 2795.0 3.1659 0.1260 3.1659 0.9532 2.0921
5600 2800.0 3.1042 1.0470 3.1042 1.0464 2.0272
5610 2805.0 3.1382 0.0700 3.1382 0.9561 2.0273
5620 2810.0 3.0833 2.2238 3.0833 1.0091 1.9835
5630 2815.0 3.0692 3.2664 3.0692 0.9671 2.0553
5640 2820.0 3.0918 1.6949 3.0918 0.9712 2.0525
5650 2825.0 3.0883 1.9033 3.0883 1.0163 2.0444
5660 2830.0 3.1072 0.9144 3.1072 0.9582 2.1595
5670 2835.0 3.0593 4.1129 3.0593 1.0108 2.2551
5680 2840.0 3.1001 1.2472 3.1001 0.9370 2.3273
5690 2845.0 3.1036 1.0783 3.1036 1.0437 2.2631
5700 2850.0 3.1319 0.1631 3.1319 0.9421 2.3361
5710 2855.0 3.1202 0.4445 3.1202 1.0268 2.3333
5720 2860.0 3.1593 0.0431 3.1593 0.9570 2.3332
5730 2865.0 3.1801 0.4517 3.1801 1.0101 2.2564
5740 2870.0 3.1797 0.4418 3.1797 0.9726 2.2740
5750 2875.0 3.1760 0.3381 3.1760 1.0191 2.2554
5760 2880.0 3.1527 0.0036 3.1527 0.9667 2.3019
5770 2885.0 3.1546 0.0106 3.1546 0.9953 2.3012
5780 2890.0 3.1489 0.0006 3.1489 0.9852 2.2966
5790 2895.0 3.1496 0.0001 3.1496 0.9820 2.2702
5800 2900.0 3.1536 0.0066 3.1536 0.9995 2.2264
5810 2905.0 3.1023 1.1375 3.1023 0.9735 2.2428
5820 2910.0 3.1215 0.4052 3.1215 1.0194 2.2404
5830 2915.0 3.0963 1.4423 3.0963 0.9619 2.2641
5840 2920.0 3.1900 0.8005 3.1900 1.0110 2.1518
5850 2925.0 3.1781 0.3943 3.1781 0.9635 2.1680
5860 2930.0 3.1641 0.0997 3.1641 1.0089 2.2334
5870 2935.0 3.1016 1.1700 3.1016 0.9657 2.3018
5880 2940.0 3.1712 0.2241 3.1712 1.0309 2.1782
5890 2945.0 3.1399 0.0506 3.1399 0.9547 2.1366
5900 2950.0 3.1716 0.2329 3.1716 1.0334 2.0774
5910 2955.0 3.0465 5.3589 3.0465 0.9890 2.1928
5920 2960.0 3.0545 4.5606 3.0545 1.0384 2.1909
5930 2965.0 3.1005 1.2241 3.1005 1.0029 2.1426
5940 2970.0 3.1669 0.1421 3.1669 0.9981 2.1288
5950 2975.0 3.1813 0.4914 3.1813 1.0005 2.1960
5960 2980.0 3.1537 0.0069 3.1537 0.9653 2.2656
5970 2985.0 3.1604 0.0545 3.1604 1.0397 2.3075
5980 2990.0 3.0260 7.6930 3.0260 0.9413 2.4638
5990 2995.0 3.1149 0.6167 3.1149 1.0542 2.4395
6000 3000.0 3.1215 0.4072 3.1215 0.9371 2.4002
6010 3005.0 3.2430 4.3200 3.2430 1.0242 2.2979
6020 3010.0 3.2129 1.9765 3.2129 0.9582 2.3617
6030 3015.0 3.1847 0.6004 3.1847 0.9784 2.4483
6040 3020.0 3.1251 0.3107 3.1251 1.0130 2.5410
6050 3025.0 3.0950 1.5132 3.0950 0.9523 2.5225
6060 3030.0 3.1698 0.1967 3.1698 1.0202 2.4265
6070 3035.0 3.1595 0.0450 3.1595 0.9308 2.4204
6080 3040.0 3.2214 2.5514 3.2214 0.9915 2.3612
6090 3045.0 3.1788 0.4143 3.1788 0.9758 2.3773
6100 3050.0 3.1086 0.8585 3.1086 0.9777 2.4157
6110 3055.0 3.0787 2.5402 3.0787 1.0014 2.4577
6120 3060.0 3.1319 0.1636 3.1319 0.9685 2.4444
6130 3065.0 3.2199 2.4402 3.2199 0.9910 2.4463
6140 3070.0 3.1915 0.8611 3.1915 0.9631 2.5525
6150 3075.0 3.1633 0.0879 3.1633 0.9803 2.6282
6160 3080.0 3.1402 0.0478 3.1402 0.9883 2.6583
6170 3085.0 3.1426 0.0271 3.1426 0.9777 2.6355
6180 3090.0 3.1802 0.4556 3.1802 0.9889 2.4980
6190 3095.0 3.1706 0.2127 3.1706 0.9852 2.4178
6200 3100.0 3.1326 0.1519 3.1326 0.9841 2.3992
6210 3105.0 3.1204 0.4373 3.1204 0.9932 2.3816
6220 3110.0 3.1306 0.1881 3.1306 0.9821 2.4006
6230 3115.0 3.1689 0.1788 3.1689 0.9663 2.4333
6240 3120.0 3.2367 3.7583 3.2367 0.9868 2.4422
6250 3125.0 3.2280 3.0429 3.2280 0.9470 2.5124
6260 3130.0 3.1922 0.8891 3.1922 0.9852 2.6272
6270 3135.0 3.0919 1.6857 3.0919 0.9735 2.7689
6280 3140.0 3.0816 2.3409 3.0816 0.9939 2.7323
6290 3145.0 3.1470 0.0045 3.1470 0.9804 2.7778
6300 3150.0 3.2019 1.3445 3.2019 0.9735 2.8175
6310 3155.0 3.2199 2.4455 3.2199 0.9838 2.8135
6320 3160.0 3.2330 3.4462 3.2330 0.9753 2.7934
6330 3165.0 3.2136 2.0201 3.2136 0.9983 2.7688
6340 3170.0 3.1612 0.0624 3.1612 0.9831 2.6987
6350 3175.0 3.0769 2.6697 3.0769 0.9922 2.6794
6360 3180.0 3.0841 2.1707 3.0841 0.9463 2.6250
6370 3185.0 3.0533 4.6740 3.0533 0.9915 2.5468
6380 3190.0 3.1094 0.8256 3.1094 0.9933 2.3903
6390 3195.0 3.1196 0.4613 3.1196 1.0141 2.2254
6400 3200.0 3.0526 4.7405 3.0526 1.0034 2.1658
6410 3205.0 3.1195 0.4665 3.1195 1.0080 2.2866
6420 3210.0 3.0935 1.5983 3.0935 0.9957 2.3562
6430 3215.0 3.0784 2.5610 3.0784 0.9867 2.3188
6440 3220.0 3.0647 3.6354 3.0647 1.0000 2.3277
6450 3225.0 3.0618 3.8907 3.0618 0.9652 2.3694
6460 3230.0 3.0544 4.5697 3.0544 1.0109 2.3429
6470 3235.0 3.0501 4.9929 3.0501 0.9590 2.3295
6480 3240.0 3.0497 5.0268 3.0497 1.0313 2.3367
6490 3245.0 3.0893 1.8403 3.0893 0.9346 2.4706
6500 3250.0 3.0703 3.1752 3.0703 1.0314 2.4582
6510 3255.0 3.0897 1.8204 3.0897 0.9403 2.4377
6520 3260.0 3.0993 1.2847 3.0993 1.0162 2.4441
6530 3265.0 3.1332 0.1406 3.1332 0.9679 2.5332
6540 3270.0 3.1403 0.0466 3.1403 0.9924 2.5488
6550 3275.0 3.1054 0.9962 3.1054 0.9957 2.5112
6560 3280.0 3.0931 1.6209 3.0931 0.9434 2.5415
6570 3285.0 3.0853 2.0916 3.0853 1.0321 2.4572
6580 3290.0 3.1751 0.3143 3.1751 0.9493 2.4990
6590 3295.0 3.1735 0.2770 3.1735 1.0225 2.4204
6600 3300.0 3.1483 0.0014 3.1483 0.9734 2.4312
6610 3305.0 3.0749 2.8186 3.0749 0.9863 2.3786
6620 3310.0 3.0413 5.9125 3.0413 1.0043 2.3497
6630 3315.0 3.1333 0.1389 3.1333 0.9420 2.4307
6640 3320.0 3.1581 0.0326 3.1581 1.0468 2.3713
6650 3325.0 3.1911 0.8446 3.1911 0.9405 2.4468
6660 3330.0 3.0796 2.4763 3.0796 1.0251 2.3090
6670 3335.0 3.0919 1.6893 3.0919 0.9490 2.3178
6680 3340.0 3.1019 1.1561 3.1019 1.0191 2.2400
6690 3345.0 3.1375 0.0782 3.1375 0.9728 2.2800
6700 3350.0 3.1249 0.3158 3.1249 1.0317 2.2770
6710 3355.0 3.1741 0.2907 3.1741 0.9741 2.3550
6720 3360.0 3.1340 0.1274 3.1340 1.0037 2.3122
6730 3365.0 3.1144 0.6345 3.1144 0.9822 2.2630
6740 3370.0 3.1047 1.0262 3.1047 0.9742 2.2181
6750 3375.0 3.1185 0.4958 3.1185 0.9943 2.2530
6760 3380.0 3.1940 0.9681 3.1940 0.9651 2.3407
6770 3385.0 3.1992 1.2121 3.1992 1.0470 2.3246
6780 3390.0 3.2511 5.1131 3.2511 0.9654 2.3679
6790 3395.0 3.1199 0.4522 3.1199 1.0260 2.2806
6800 3400.0 3.0887 1.8815 3.0887 0.9459 2.3538
6810 3405.0 3.0307 7.1114 3.0307 0.9787 2.3101
6820 3410.0 3.0572 4.3077 3.0572 0.9961 2.3219
6830 3415.0 3.1660 0.1274 3.1660 0.9673 2.3777
6840 3420.0 3.2109 1.8545 3.2109 1.0225 2.3672
6850 3425.0 3.2236 2.7095 3.2236 0.9683 2.4110
6860 3430.0 3.0936 1.5912 3.0936 1.0246 2.3538
6870 3435.0 3.0793 2.4999 3.0793 0.9388 2.4015
6880 3440.0 3.0113 9.6177 3.0113 1.0012 2.3480
6890 3445.0 3.0916 1.7073 3.0916 0.9697 2.4108
6900 3450.0 3.1695 0.1910 3.1695 0.9910 2.4832
6910 3455.0 3.1853 0.6227 3.1853 1.0032 2.4290
6920 3460.0 3.1624 0.0773 3.1624 0.9799 2.2981
6930 3465.0 3.0851 2.1078 3.0851 0.9923 2.1640
6940 3470.0 3.0754 2.7861 3.0754 0.9525 2.1172
6950 3475.0 3.0873 1.9639 3.0873 0.9847 2.0918
6960 3480.0 3.1545 0.0100 3.1545 0.9894 2.1386
6970 3485.0 3.2064 1.5933 3.2064 0.9680 2.1985
6980 3490.0 3.1463 0.0069 3.1463 1.0119 2.1874
6990 3495.0 3.1343 0.1228 3.1343 0.9585 2.1932
7000 3500.0 3.1323 0.1568 3.1323 0.9914 2.1519
7010 3505.0 3.1673 0.1491 3.1673 0.9889 2.1397
7020 3510.0 3.1446 0.0145 3.1446 0.9644 2.1468
7030 3515.0 3.0329 6.8565 3.0329 1.0113 2.1138
7040 3520.0 3.0722 3.0249 3.0722 0.9417 2.1611
7050 3525.0 3.1071 0.9222 3.1071 1.0070 2.1006
7060 3530.0 3.2093 1.7584 3.2093 0.9638 2.1769
7070 3535.0 3.1782 0.3973 3.1782 1.0052 2.1693
7080 3540.0 3.1499 0.0000 3.1499 0.9862 2.1821
7090 3545.0 3.1114 0.7447 3.1114 0.9999 2.0760
7100 3550.0 3.1432 0.0234 3.1432 0.9764 2.0369
7110 3555.0 3.0934 1.5995 3.0934 0.9911 2.0035
7120 3560.0 3.0868 1.9962 3.0868 0.9853 2.0218
7130 3565.0 3.1754 0.3233 3.1754 1.0059 2.0114
7140 3570.0 3.2528 5.2853 3.2528 1.0072 2.0305
7150 3575.0 3.1768 0.3603 3.1768 0.9953 2.0019
7160 3580.0 3.0565 4.3742 3.0565 0.9918 2.0095
7170 3585.0 3.0579 4.2448 3.0579 0.9918 2.0896
7180 3590.0 3.1558 0.0167 3.1558 0.9792 2.2082
7190 3595.0 3.1987 1.1867 3.1987 1.0093 2.2712
7200 3600.0 3.1489 0.0006 3.1489 0.9892 2.1960
7210 3605.0 3.0855 2.0830 3.0855 0.9988 2.0904
7220 3610.0 3.1418 0.0340 3.1418 0.9791 2.0904
7230 3615.0 3.1670 0.1441 3.1670 1.0127 2.0590
7240 3620.0 3.1355 0.1055 3.1355 0.9928 2.0275
7250 3625.0 3.0831 2.2389 3.0831 0.9970 1.9801
7260 3630.0 3.1149 0.6167 3.1149 0.9790 1.9937
7270 3635.0 3.1298 0.2036 3.1298 0.9944 2.0104
7280 3640.0 3.1195 0.4662 3.1195 0.9765 2.0634
7290 3645.0 3.1050 1.0110 3.1050 0.9940 2.1017
7300 3650.0 3.1437 0.0200 3.1437 0.9812 2.1542
7310 3655.0 3.1517 0.0015 3.1517 0.9990 2.1647
7320 3660.0 3.1629 0.0834 3.1629 0.9797 2.1668
7330 3665.0 3.1292 0.2158 3.1292 0.9857 2.1373
7340 3670.0 3.0863 2.0266 3.0863 0.9913 2.1105
7350 3675.0 3.1065 0.9454 3.1065 0.9766 2.1170
7360 3680.0 3.1503 0.0000 3.1503 0.9936 2.1050
7370 3685.0 3.1666 0.1382 3.1666 0.9807 2.1029
7380 3690.0 3.1642 0.1006 3.1642 0.9920 2.0928
7390 3695.0 3.1498 0.0000 3.1498 1.0017 2.0910
7400 3700.0 3.1658 0.1246 3.1658 0.9934 2.1339
7410 3705.0 3.1236 0.3474 3.1236 0.9861 2.1886
7420 3710.0 3.0934 1.6006 3.0934 0.9789 2.2059
7430 3715.0 3.1356 0.1034 3.1356 0.9904 2.1269
7440 3720.0 3.0538 4.6271 3.0538 1.0051 2.1060
7450 3725.0 3.1270 0.2638 3.1270 0.9689 2.1671
7460 3730.0 3.1053 1.0007 3.1053 0.9887 2.1969
7470 3735.0 3.1319 0.1643 3.1319 0.9794 2.2570
7480 3740.0 3.1197 0.4602 3.1197 0.9916 2.3623
7490 3745.0 3.1003 1.2345 3.1003 0.9935 2.4037
7500 3750.0 3.1325 0.1536 3.1325 0.9646 2.4222
7510 3755.0 3.1398 0.0520 3.1398 0.9910 2.4177
7520 3760.0 3.1780 0.3931 3.1780 0.9916 2.3702
7530 3765.0 3.1603 0.0527 3.1603 0.9972 2.3625
7540 3770.0 3.1408 0.0419 3.1408 0.9701 2.4109
7550 3775.0 3.1268 0.2694 3.1268 0.9882 2.4234
7560 3780.0 3.1482 0.0016 3.1482 0.9660 2.4597
7570 3785.0 3.1237 0.3464 3.1237 1.0065 2.4483
7580 3790.0 3.1456 0.0097 3.1456 0.9654 2.3917
7590 3795.0 3.1348 0.1160 3.1348 0.9831 2.3386
7600 3800.0 3.1239 0.3407 3.1239 0.9729 2.3469
7610 3805.0 3.0950 1.5137 3.0950 0.9862 2.3401
7620 3810.0 3.0937 1.5852 3.0937 0.9764 2.2877
7630 3815.0 3.1211 0.4163 3.1211 0.9748 2.2463
7640 3820.0 3.1218 0.3974 3.1218 0.9814 2.2273
7650 3825.0 3.1103 0.7861 3.1103 0.9868 2.1784
7660 3830.0 3.1184 0.5004 3.1184 0.9941 2.0723
7670 3835.0 3.1542 0.0086 3.1542 0.9602 2.0336
7680 3840.0 3.1458 0.0090 3.1458 0.9886 2.0143
7690 3845.0 3.1505 0.0001 3.1505 0.9760 2.0452
7700 3850.0 3.1263 0.2804 3.1263 0.9978 2.0416
7710 3855.0 3.1582 0.0340 3.1582 0.9711 2.0245
7720 3860.0 3.1405 0.0450 3.1405 1.0147 1.9703
7730 3865.0 3.1310 0.1799 3.1310 0.9654 2.0162
7740 3870.0 3.0960 1.4567 3.0960 1.0172 1.9864
7750 3875.0 3.1641 0.0999 3.1641 0.9796 2.0548
7760 3880.0 3.1648 0.1096 3.1648 0.9955 2.0749
7770 3885.0 3.1123 0.7108 3.1123 0.9805 2.0984
7780 3890.0 3.0973 1.3881 3.0973 0.9741 2.1192
7790 3895.0 3.1280 0.2422 3.1280 0.9939 2.1250
7800 3900.0 3.1579 0.0310 3.1579 0.9711 2.1614
7810 3905.0 3.1392 0.0585 3.1392 1.0081 2.1446
7820 3910.0 3.1611 0.0611 3.1611 0.9669 2.1572
7830 3915.0 3.1407 0.0432 3.1407 0.9929 2.0912
7840 3920.0 3.1269 0.2678 3.1269 0.9681 2.0633
7850 3925.0 3.1028 1.1162 3.1028 0.9962 1.9990
7860 3930.0 3.1223 0.3848 3.1223 0.9711 1.9979
7870 3935.0 3.1523 0.0026 3.1523 0.9939 1.9745
7880 3940.0 3.1778 0.3853 3.1778 0.9796 1.9973
7890 3945.0 3.1532 0.0052 3.1532 0.9968 1.9725
7900 3950.0 3.1197 0.4581 3.1197 0.9832 1.9634
7910 3955.0 3.0984 1.3293 3.0984 1.0067 1.9459
7920 3960.0 3.1096 0.8152 3.1096 0.9649 2.0150
7930 3965.0 3.1043 1.0450 3.1043 1.0068 2.0329
7940 3970.0 3.1725 0.2536 3.1725 0.9707 2.1281
7950 3975.0 3.1527 0.0035 3.1527 1.0134 2.1035
7960 3980.0 3.1277 0.2496 3.1277 0.9635 2.1469
7970 3985.0 3.0864 2.0209 3.0864 0.9994 2.1304
7980 3990.0 3.1310 0.1809 3.1310 0.9771 2.1892
7990 3995.0 3.1392 0.0587 3.1392 0.9942 2.2052
8000 4000.0 3.1209 0.4230 3.1209 0.9889 2.2294
8010 4005.0 3.0898 1.8125 3.0898 0.9798 2.2358
8020 4010.0 3.0991 1.2932 3.0991 0.9954 2.2093
8030 4015.0 3.1314 0.1730 3.1314 0.9747 2.2185
8040 4020.0 3.1077 0.8938 3.1077 1.0046 2.1833
8050 4025.0 3.1423 0.0300 3.1423 0.9736 2.2324
8060 4030.0 3.1720 0.2420 3.1720 1.0057 2.2500
8070 4035.0 3.1280 0.2415 3.1280 0.9705 2.3069
8080 4040.0 3.0721 3.0303 3.0721 0.9932 2.3041
8090 4045.0 3.1418 0.0333 3.1418 0.9883 2.2277
8100 4050.0 3.1616 0.0670 3.1616 1.0244 2.0983
8110 4055.0 3.1399 0.0513 3.1399 0.9822 2.0706
8120 4060.0 3.1226 0.3754 3.1226 1.0260 1.9726
8130 4065.0 3.0860 2.0498 3.0860 0.9834 1.9436
8140 4070.0 3.0542 4.5926 3.0542 1.0051 1.8944
8150 4075.0 3.1191 0.4781 3.1191 0.9905 1.9385
8160 4080.0 3.1119 0.7245 3.1119 0.9893 1.9896
8170 4085.0 3.1204 0.4395 3.1204 0.9971 1.9973
8180 4090.0 3.1377 0.0761 3.1377 1.0032 1.9865
8190 4095.0 3.1004 1.2314 3.1004 1.0031 1.9894
8200 4100.0 3.0898 1.8149 3.0898 0.9816 2.0521
8210 4105.0 3.1122 0.7133 3.1122 1.0082 2.0715
8220 4110.0 3.1572 0.0258 3.1572 0.9886 2.1221
8230 4115.0 3.1527 0.0037 3.1527 1.0109 2.1509
8240 4120.0 3.1075 0.9035 3.1075 0.9811 2.2395
8250 4125.0 3.1585 0.0360 3.1585 1.0091 2.2319
8260 4130.0 3.2251 2.8178 3.2251 0.9968 2.2452
8270 4135.0 3.2488 4.8782 3.2488 0.9878 2.2720
8280 4140.0 3.2397 4.0269 3.2397 1.0160 2.2448
8290 4145.0 3.2149 2.1058 3.2149 0.9975 2.2206
8300 4150.0 3.1315 0.1720 3.1315 1.0013 2.1729
8310 4155.0 3.0821 2.3034 3.0821 0.9832 2.1448
8320 4160.0 3.1396 0.0537 3.1396 0.9772 2.1184
8330 4165.0 3.1715 0.2319 3.1715 0.9963 2.0977
8340 4170.0 3.1676 0.1546 3.1676 0.9809 2.1143
8350 4175.0 3.1152 0.6041 3.1152 0.9956 2.0708
8360 4180.0 3.1033 1.0886 3.1033 0.9840 2.0224
8370 4185.0 3.1157 0.5897 3.1157 0.9963 1.9905
8380 4190.0 3.1120 0.7221 3.1120 0.9833 1.9960
8390 4195.0 3.1064 0.9494 3.1064 1.0034 1.9808
8400 4200.0 3.1234 0.3532 3.1234 0.9879 2.0067
8410 4205.0 3.0928 1.6348 3.0928 1.0272 1.9849
8420 4210.0 3.0850 2.1134 3.0850 0.9555 2.0385
8430 4215.0 3.0540 4.6071 3.0540 1.0035 1.9793
8440 4220.0 3.1143 0.6370 3.1143 0.9826 2.0132
8450 4225.0 3.1439 0.0186 3.1439 1.0143 2.0475
8460 4230.0 3.1759 0.3353 3.1759 0.9909 2.1509
8470 4235.0 3.1924 0.8991 3.1924 0.9872 2.1901
8480 4240.0 3.1858 0.6425 3.1858 1.0084 2.1436
8490 4245.0 3.1372 0.0819 3.1372 1.0023 2.1022
8500 4250.0 3.0601 4.0440 3.0601 1.0046 2.0796
8510 4255.0 3.0981 1.3492 3.0981 0.9864 2.1383
8520 4260.0 3.1347 0.1168 3.1347 1.0013 2.1920
8530 4265.0 3.1638 0.0953 3.1638 0.9644 2.2396
8540 4270.0 3.1524 0.0028 3.1524 1.0287 2.1947
8550 4275.0 3.1861 0.6503 3.1861 0.9693 2.2175
8560 4280.0 3.1719 0.2396 3.1719 1.0112 2.1437
8570 4285.0 3.1834 0.5579 3.1834 0.9610 2.1018
8580 4290.0 3.1108 0.7674 3.1108 1.0260 1.9567
8590 4295.0 3.1144 0.6347 3.1144 0.9394 1.9680
8600 4300.0 3.0711 3.1095 3.0711 1.0317 1.8656
8610 4305.0 3.1572 0.0257 3.1572 0.9549 1.9487
8620 4310.0 3.1626 0.0790 3.1626 1.0224 1.9062
8630 4315.0 3.2064 1.5880 3.2064 0.9737 1.9219
8640 4320.0 3.1184 0.5003 3.1184 1.0214 1.8334
8650 4325.0 3.0724 3.0082 3.0724 0.9611 1.8787
8660 4330.0 3.0601 4.0379 3.0601 1.0118 1.8705
8670 4335.0 3.1993 1.2144 3.1993 0.9931 1.9789
8680 4340.0 3.2260 2.8903 3.2260 1.0147 2.0311
8690 4345.0 3.1903 0.8110 3.1903 0.9666 2.0998
8700 4350.0 3.1445 0.0152 3.1445 1.0131 2.0948
8710 4355.0 3.1483 0.0015 3.1483 0.9858 2.1008
8720 4360.0 3.1178 0.5197 3.1178 1.0129 2.0447
8730 4365.0 3.1195 0.4654 3.1195 0.9805 2.0283
8740 4370.0 3.1114 0.7457 3.1114 1.0067 1.9729
8750 4375.0 3.1615 0.0663 3.1615 1.0023 1.9811
8760 4380.0 3.1799 0.4482 3.1799 1.0291 1.9767
8770 4385.0 3.1955 1.0334 3.1955 0.9912 2.0117
8780 4390.0 3.1273 0.2578 3.1273 1.0193 1.9650
8790 4395.0 3.1126 0.6981 3.1126 0.9868 1.9507
8800 4400.0 3.1351 0.1114 3.1351 1.0144 1.9224
8810 4405.0 3.1973 1.1193 3.1973 0.9974 1.9611
8820 4410.0 3.1105 0.7821 3.1105 1.0555 1.8999
8830 4415.0 3.1336 0.1350 3.1336 0.9645 2.0019
8840 4420.0 3.1520 0.0020 3.1520 1.0398 1.9660
8850 4425.0 3.2255 2.8470 3.2255 0.9668 2.0648
8860 4430.0 3.0825 2.2759 3.0825 1.0487 1.9937
8870 4435.0 3.0868 1.9951 3.0868 0.9549 2.1109
8880 4440.0 3.1102 0.7921 3.1102 1.0034 2.0843
8890 4445.0 3.2385 3.9195 3.2385 0.9758 2.1509
8900 4450.0 3.2094 1.7636 3.2094 1.0392 2.1150
8910 4455.0 3.1794 0.4315 3.1794 0.9703 2.1542
8920 4460.0 3.0658 3.5482 3.0658 1.0301 2.0669
8930 4465.0 3.1187 0.4909 3.1187 0.9541 2.1157
8940 4470.0 3.1039 1.0634 3.1039 1.0162 2.0703
8950 4475.0 3.1525 0.0030 3.1525 0.9956 2.0975
8960 4480.0 3.1889 0.7573 3.1889 1.0275 2.0734
8970 4485.0 3.2455 4.5622 3.2455 0.9723 2.1252
8980 4490.0 3.2310 3.2833 3.2310 1.0284 2.0735
8990 4495.0 3.2328 3.4288 3.2328 0.9825 2.0974
9000 4500.0 3.1827 0.5357 3.1827 1.0349 2.0279
9010 4505.0 3.1726 0.2561 3.1726 0.9815 2.0553
9020 4510.0 3.1069 0.9267 3.1069 1.0009 2.0406
9030 4515.0 3.1044 1.0396 3.1044 0.9910 2.0604
9040 4520.0 3.1488 0.0007 3.1488 0.9819 2.0516
9050 4525.0 3.1817 0.5034 3.1817 1.0397 1.9968
9060 4530.0 3.2383 3.8941 3.2383 1.0110 2.0311
9070 4535.0 3.2421 4.2367 3.2421 0.9944 2.0438
9080 4540.0 3.1940 0.9700 3.1940 1.0674 1.9343
9090 4545.0 3.1861 0.6502 3.1861 0.9698 1.9275
9100 4550.0 3.0512 4.8855 3.0512 1.0619 1.7879
9110 4555.0 3.1314 0.1733 3.1314 0.9407 1.8865
9120 4560.0 3.1024 1.1321 3.1024 1.0434 1.8066
9130 4565.0 3.1981 1.1546 3.1981 0.9681 1.9056
9140 4570.0 3.1617 0.0686 3.1617 1.0535 1.8489
9150 4575.0 3.2124 1.9484 3.2124 0.9635 1.9281
9160 4580.0 3.1400 0.0500 3.1400 1.0323 1.8589
9170 4585.0 3.1782 0.3965 3.1782 0.9738 1.9273
9180 4590.0 3.1694 0.1888 3.1694 1.0414 1.9034
9190 4595.0 3.2298 3.1801 3.2298 0.9824 2.0115
9200 4600.0 3.1906 0.8225 3.1906 1.0471 2.0412
9210 4605.0 3.1910 0.8410 3.1910 0.9546 2.1796
9220 4610.0 3.1685 0.1705 3.1685 1.0277 2.1610
9230 4615.0 3.1599 0.0490 3.1599 0.9547 2.2022
9240 4620.0 3.1605 0.0551 3.1605 1.0503 2.1059
9250 4625.0 3.1725 0.2531 3.1725 0.9545 2.1401
9260 4630.0 3.1627 0.0810 3.1627 1.0584 2.0258
9270 4635.0 3.1636 0.0928 3.1636 0.9464 2.1175
9280 4640.0 3.1316 0.1690 3.1316 1.0427 2.0444
9290 4645.0 3.1500 0.0000 3.1500 0.9474 2.1361
9300 4650.0 3.1457 0.0092 3.1457 1.0514 2.0443
9310 4655.0 3.1316 0.1685 3.1316 0.9549 2.1531
9320 4660.0 3.0981 1.3468 3.0981 1.0361 2.1046
9330 4665.0 3.1160 0.5780 3.1160 0.9589 2.1617
9340 4670.0 3.1678 0.1591 3.1678 1.0406 2.0682
9350 4675.0 3.1891 0.7659 3.1891 0.9618 2.1360
9360 4680.0 3.1179 0.5153 3.1179 1.0180 2.0835
9370 4685.0 3.1451 0.0119 3.1451 0.9541 2.1527
9380 4690.0 3.1203 0.4399 3.1203 1.0343 2.0853
9390 4695.0 3.1816 0.4990 3.1816 0.9577 2.1692
9400 4700.0 3.1307 0.1862 3.1307 1.0429 2.1134
9410 4705.0 3.1386 0.0652 3.1386 0.9385 2.1937
9420 4710.0 3.1160 0.5791 3.1160 1.0339 2.0704
9430 4715.0 3.1664 0.1337 3.1664 0.9614 2.0922
9440 4720.0 3.1372 0.0815 3.1372 1.0337 2.0339
9450 4725.0 3.1440 0.0178 3.1440 0.9577 2.1048
9460 4730.0 3.1372 0.0818 3.1372 1.0286 2.0011
9470 4735.0 3.1297 0.2070 3.1297 0.9780 1.9539
9480 4740.0 3.0841 2.1711 3.0841 1.0348 1.8815
9490 4745.0 3.1705 0.2092 3.1705 0.9694 1.9620
9500 4750.0 3.1827 0.5355 3.1827 1.0129 1.9461
9510 4755.0 3.1703 0.2069 3.1703 1.0069 1.9624
9520 4760.0 3.1247 0.3192 3.1247 1.0235 1.9646
9530 4765.0 3.1153 0.6019 3.1153 0.9981 2.0122
9540 4770.0 3.1804 0.4631 3.1804 1.0018 2.0610
9550 4775.0 3.2746 7.7581 3.2746 1.0086 2.1012
9560 4780.0 3.2158 2.1658 3.2158 0.9840 2.2119
9570 4785.0 3.1027 1.1201 3.1027 1.0243 2.3216
9580 4790.0 3.0318 6.9899 3.0318 0.9836 2.3913
9590 4795.0 3.1534 0.0058 3.1534 1.0274 2.2485
9600 4800.0 3.1930 0.9266 3.1930 0.9666 2.1974
9610 4805.0 3.2637 6.4659 3.2637 1.0236 2.1073
9620 4810.0 3.1987 1.1835 3.1987 0.9424 2.1669
9630 4815.0 3.2708 7.2920 3.2708 1.0523 2.0607
9640 4820.0 3.1702 0.2038 3.1702 0.9387 2.1711
9650 4825.0 3.2131 1.9896 3.2131 1.0613 2.0978
9660 4830.0 3.0949 1.5203 3.0949 0.9393 2.2065
9670 4835.0 3.2036 1.4385 3.2036 1.0659 2.0765
9680 4840.0 3.1689 0.1779 3.1689 0.9305 2.1017
9690 4845.0 3.2976 10.8942 3.2976 1.0626 1.9183
9700 4850.0 3.2270 2.9636 3.2270 0.9240 1.9925
9710 4855.0 3.2719 7.4334 3.2719 1.0514 1.9041
9720 4860.0 3.1142 0.6392 3.1142 0.9454 2.0530
9730 4865.0 3.1324 0.1547 3.1324 1.0847 2.0051
9740 4870.0 3.0367 6.4173 3.0367 0.9840 2.1043
9750 4875.0 3.1495 0.0001 3.1495 1.0735 2.0073
9760 4880.0 3.1050 1.0141 3.1050 0.9925 2.0791
9770 4885.0 3.1507 0.0002 3.1507 1.0491 2.0172
9780 4890.0 3.0799 2.4592 3.0799 0.9752 2.0933
9790 4895.0 3.1312 0.1775 3.1312 1.0409 2.0395
9800 4900.0 3.0860 2.0454 3.0860 0.9845 2.0709
9810 4905.0 3.1527 0.0038 3.1527 1.0593 1.9792
9820 4910.0 3.0983 1.3362 3.0983 0.9960 2.0298
9830 4915.0 3.1407 0.0434 3.1407 1.0474 1.9756
9840 4920.0 3.0959 1.4621 3.0959 1.0076 2.0159
9850 4925.0 3.1330 0.1439 3.1330 1.0472 1.9781
9860 4930.0 3.1163 0.5682 3.1163 0.9594 2.0102
9870 4935.0 3.2323 3.3907 3.2323 1.0319 1.9124
9880 4940.0 3.2019 1.3447 3.2019 0.9579 1.9763
9890 4945.0 3.2305 3.2409 3.2305 1.0255 1.9530
9900 4950.0 3.1502 0.0000 3.1502 0.9598 2.0708
9910 4955.0 3.1619 0.0712 3.1619 1.0472 2.0552
9920 4960.0 3.0559 4.4295 3.0559 0.9816 2.1741
9930 4965.0 3.1042 1.0479 3.1042 1.0443 2.1302
9940 4970.0 3.1105 0.7802 3.1105 0.9902 2.1554
9950 4975.0 3.1767 0.3566 3.1767 1.0257 2.1214
9960 4980.0 3.1403 0.0472 3.1403 0.9730 2.1786
9970 4985.0 3.1594 0.0440 3.1594 1.0467 2.1098
9980 4990.0 3.0805 2.4165 3.0805 0.9975 2.1507
9990 4995.0 3.0955 1.4826 3.0955 1.0186 2.1132
10000 5000.0 3.1261 0.2857 3.1261 0.9920 2.0712
10010 5005.0 3.1798 0.4454 3.1798 1.0235 1.9783
10020 5010.0 3.1649 0.1114 3.1649 0.9780 1.9962
10030 5015.0 3.1788 0.4146 3.1788 1.0154 1.9429
10040 5020.0 3.1950 1.0127 3.1950 0.9824 1.9538
10050 5025.0 3.2033 1.4228 3.2033 1.0176 1.9338
10060 5030.0 3.1916 0.8647 3.1916 0.9920 1.9779
10070 5035.0 3.1758 0.3323 3.1758 0.9859 2.0166
10080 5040.0 3.1616 0.0675 3.1616 1.0197 2.0336
10090 5045.0 3.1428 0.0257 3.1428 0.9771 2.1176
10100 5050.0 3.0483 5.1674 3.0483 1.0010 2.1157
10110 5055.0 3.0553 4.4876 3.0553 0.9655 2.1600
10120 5060.0 3.0812 2.3642 3.0812 1.0044 2.1526
10130 5065.0 3.0540 4.6053 3.0540 0.9919 2.2078
10140 5070.0 3.0744 2.8562 3.0744 0.9995 2.1664
10150 5075.0 3.0992 1.2883 3.0992 1.0005 2.0872
10160 5080.0 3.1112 0.7542 3.1112 0.9594 2.0680
10170 5085.0 3.0932 1.6152 3.0932 1.0285 1.9720
10180 5090.0 3.1425 0.0283 3.1425 0.9601 2.0161
10190 5095.0 3.0900 1.7984 3.0900 1.0208 1.9274
10200 5100.0 3.1650 0.1119 3.1650 0.9791 1.9349
10210 5105.0 3.1738 0.2842 3.1738 1.0426 1.8870
10220 5110.0 3.2034 1.4270 3.2034 0.9537 1.9888
10230 5115.0 3.2051 1.5173 3.2051 1.0345 1.9114
10240 5120.0 3.0985 1.3268 3.0985 0.9623 2.0247
10250 5125.0 3.1036 1.0752 3.1036 1.0372 2.0031
10260 5130.0 3.0472 5.2842 3.0472 0.9804 2.0843
10270 5135.0 3.0888 1.8754 3.0888 1.0549 2.0357
10280 5140.0 3.0622 3.8523 3.0622 0.9632 2.1358
10290 5145.0 3.0664 3.4968 3.0664 1.0153 2.1178
10300 5150.0 3.1025 1.1287 3.1025 0.9723 2.1332
10310 5155.0 3.1560 0.0179 3.1560 1.0353 2.0516
10320 5160.0 3.1136 0.6618 3.1136 0.9801 2.0912
10330 5165.0 3.0760 2.7403 3.0760 1.0268 2.0752
10340 5170.0 3.0438 5.6344 3.0438 1.0030 2.1187
10350 5175.0 3.1279 0.2432 3.1279 0.9957 2.0909
10360 5180.0 3.1994 1.2179 3.1994 0.9912 2.0406
10370 5185.0 3.2030 1.4031 3.2030 1.0038 1.9946
10380 5190.0 3.1498 0.0000 3.1498 0.9985 1.9793
10390 5195.0 3.0998 1.2592 3.0998 0.9949 1.9674
10400 5200.0 3.1169 0.5492 3.1169 0.9854 1.9908
10410 5205.0 3.1620 0.0716 3.1620 0.9896 2.0265
10420 5210.0 3.1669 0.1435 3.1669 1.0205 2.0511
10430 5215.0 3.1810 0.4811 3.1810 0.9922 2.0888
10440 5220.0 3.1638 0.0949 3.1638 0.9957 2.1067
10450 5225.0 3.1446 0.0147 3.1446 1.0033 2.1302
10460 5230.0 3.1380 0.0715 3.1380 1.0002 2.1607
10470 5235.0 3.1451 0.0118 3.1451 0.9843 2.2001
10480 5240.0 3.1418 0.0332 3.1418 1.0006 2.1866
10490 5245.0 3.1422 0.0307 3.1422 0.9877 2.1806
10500 5250.0 3.1192 0.4743 3.1192 0.9824 2.1722
10510 5255.0 3.0933 1.6066 3.0933 0.9997 2.1526
10520 5260.0 3.1230 0.3646 3.1230 0.9673 2.1833
10530 5265.0 3.1017 1.1680 3.1017 1.0075 2.1758
10540 5270.0 3.1636 0.0927 3.1636 0.9699 2.2565
10550 5275.0 3.1590 0.0401 3.1590 1.0151 2.2581
10560 5280.0 3.1867 0.6727 3.1867 0.9839 2.2657
10570 5285.0 3.1705 0.2096 3.1705 1.0087 2.2115
10580 5290.0 3.1294 0.2121 3.1294 0.9603 2.2265
10590 5295.0 3.1544 0.0099 3.1544 1.0227 2.1459
10600 5300.0 3.1187 0.4907 3.1187 0.9750 2.1767
10610 5305.0 3.1502 0.0000 3.1502 1.0387 2.1198
10620 5310.0 3.1175 0.5281 3.1175 0.9655 2.1912
10630 5315.0 3.1787 0.4107 3.1787 1.0363 2.1433
10640 5320.0 3.1253 0.3042 3.1253 0.9667 2.1903
10650 5325.0 3.1375 0.0781 3.1375 1.0470 2.0715
10660 5330.0 3.0625 3.8287 3.0625 0.9699 2.1260
10670 5335.0 3.1333 0.1386 3.1333 1.0479 2.0449
10680 5340.0 3.0860 2.0499 3.0860 0.9720 2.1005
10690 5345.0 3.1237 0.3466 3.1237 1.0497 1.9940
10700 5350.0 3.0716 3.0706 3.0716 0.9655 2.0348
10710 5355.0 3.1232 0.3604 3.1232 1.0492 1.9355
10720 5360.0 3.0951 1.5068 3.0951 0.9520 2.0186
10730 5365.0 3.1231 0.3610 3.1231 1.0530 1.9338
10740 5370.0 3.1014 1.1789 3.1014 0.9375 2.0369
10750 5375.0 3.0883 1.9060 3.0883 1.0662 1.9292
10760 5380.0 3.0193 8.5465 3.0193 0.9664 2.0641
10770 5385.0 3.0290 7.3211 3.0290 1.0928 2.0048
10780 5390.0 2.9357 22.9545 2.9357 0.9680 2.1603
10790 5395.0 3.0021 10.9304 3.0021 1.0650 2.0354
10800 5400.0 3.0335 6.7847 3.0335 0.9223 2.1297
10810 5405.0 3.0083 10.0376 3.0083 1.0519 1.9831
10820 5410.0 3.1190 0.4809 3.1190 0.9529 2.0447
10830 5415.0 3.1406 0.0442 3.1406 1.0574 1.9745
10840 5420.0 3.0373 6.3497 3.0373 0.9687 2.0875
10850 5425.0 3.1428 0.0261 3.1428 1.0300 1.9663
10860 5430.0 3.1699 0.1981 3.1699 0.9794 1.9353
10870 5435.0 3.1917 0.8682 3.1917 1.0607 1.8171
10880 5440.0 3.1797 0.4398 3.1797 0.9504 1.8856
10890 5445.0 3.1374 0.0800 3.1374 1.0632 1.7815
10900 5450.0 3.1815 0.4969 3.1815 0.9687 1.8911
10910 5455.0 3.1693 0.1859 3.1693 1.0318 1.8796
10920 5460.0 3.1568 0.0234 3.1568 1.0123 1.9550
10930 5465.0 3.1106 0.7754 3.1106 1.0012 2.0177
10940 5470.0 3.1091 0.8356 3.1091 1.0402 2.0142
10950 5475.0 3.1129 0.6868 3.1129 0.9905 2.0400
10960 5480.0 3.1766 0.3548 3.1766 1.0263 1.9963
10970 5485.0 3.1780 0.3919 3.1780 0.9741 2.0145
10980 5490.0 3.2313 3.3013 3.2313 1.0326 1.9227
10990 5495.0 3.1961 1.0617 3.1961 0.9672 1.9688
11000 5500.0 3.1450 0.0123 3.1450 1.0515 1.8934
11010 5505.0 3.1621 0.0730 3.1621 0.9495 2.0148
11020 5510.0 3.1279 0.2446 3.1279 1.0580 1.9945
11030 5515.0 3.1186 0.4943 3.1186 0.9341 2.1202
11040 5520.0 3.1902 0.8084 3.1902 1.0512 2.0283
11050 5525.0 3.1362 0.0957 3.1362 0.9517 2.1371
11060 5530.0 3.1838 0.5712 3.1838 1.0331 2.1033
11070 5535.0 3.1445 0.0150 3.1445 0.9752 2.1709
11080 5540.0 3.1735 0.2757 3.1735 1.0084 2.1988
11090 5545.0 3.1772 0.3696 3.1772 1.0121 2.2813
11100 5550.0 3.1429 0.0249 3.1429 0.9546 2.2867
11110 5555.0 3.2116 1.8953 3.2116 1.0581 2.1253
11120 5560.0 3.1155 0.5948 3.1155 0.9498 2.2032
11130 5565.0 3.1524 0.0029 3.1524 1.0550 2.1423
11140 5570.0 3.0793 2.4961 3.0793 0.9664 2.2585
11150 5575.0 3.1239 0.3405 3.1239 1.0531 2.1512
11160 5580.0 3.0683 3.3375 3.0683 0.9683 2.1799
11170 5585.0 3.1465 0.0061 3.1465 1.0621 2.0576
11180 5590.0 3.0929 1.6317 3.0929 0.9634 2.1239
11190 5595.0 3.1869 0.6804 3.1869 1.0501 2.0067
11200 5600.0 3.1177 0.5203 3.1177 0.9472 2.0517
11210 5605.0 3.1739 0.2856 3.1739 1.0460 1.9084
11220 5610.0 3.1300 0.2006 3.1300 0.9728 1.9337
11230 5615.0 3.1458 0.0087 3.1458 1.0405 1.8479
11240 5620.0 3.1215 0.4066 3.1215 1.0155 1.8671
11250 5625.0 3.1070 0.9232 3.1070 0.9969 1.9196
11260 5630.0 3.1022 1.1442 3.1022 1.0169 1.9363
11270 5635.0 3.0928 1.6386 3.0928 1.0036 1.9289
11280 5640.0 3.1064 0.9498 3.1064 1.0492 1.9034
11290 5645.0 3.0548 4.5270 3.0548 1.0075 1.9943
11300 5650.0 3.0937 1.5871 3.0937 1.0326 2.0019
11310 5655.0 3.1032 1.0935 3.1032 0.9841 2.0331
11320 5660.0 3.1695 0.1905 3.1695 1.0138 1.9960
11330 5665.0 3.1644 0.1043 3.1644 0.9986 2.0086
11340 5670.0 3.1451 0.0120 3.1451 1.0070 2.0188
11350 5675.0 3.1308 0.1844 3.1308 0.9859 2.0629
11360 5680.0 3.1656 0.1217 3.1656 1.0138 2.0469
11370 5685.0 3.1723 0.2476 3.1723 0.9936 2.0670
11380 5690.0 3.1626 0.0800 3.1626 1.0176 2.0348
11390 5695.0 3.1322 0.1589 3.1322 0.9864 2.0679
11400 5700.0 3.0789 2.5268 3.0789 0.9947 2.1061
11410 5705.0 3.0762 2.7232 3.0762 0.9629 2.2143
11420 5710.0 3.0711 3.1131 3.0711 0.9871 2.2934
11430 5715.0 3.0924 1.6607 3.0924 0.9573 2.3765
11440 5720.0 3.0849 2.1172 3.0849 1.0077 2.3990
11450 5725.0 3.0723 3.0176 3.0723 0.9756 2.4925
11460 5730.0 3.0906 1.7636 3.0906 1.0143 2.4898
11470 5735.0 3.0949 1.5205 3.0949 0.9780 2.4111
11480 5740.0 3.1277 0.2491 3.1277 0.9926 2.2949
11490 5745.0 3.1410 0.0402 3.1410 0.9954 2.2314
11500 5750.0 3.1012 1.1924 3.1012 0.9870 2.2370
11510 5755.0 3.0987 1.3162 3.0987 1.0222 2.2002
11520 5760.0 3.0782 2.5792 3.0782 0.9894 2.1848
11530 5765.0 3.1140 0.6464 3.1140 1.0262 2.0731
11540 5770.0 3.0839 2.1856 3.0839 0.9870 2.0566
11550 5775.0 3.0967 1.4203 3.0967 1.0151 2.0101
11560 5780.0 3.0768 2.6767 3.0768 0.9861 2.0031
11570 5785.0 3.0864 2.0202 3.0864 1.0049 1.9346
11580 5790.0 3.1011 1.1979 3.1011 0.9937 1.8942
11590 5795.0 3.1227 0.3719 3.1227 1.0064 1.8735
11600 5800.0 3.1351 0.1114 3.1351 1.0006 1.8970
11610 5805.0 3.1205 0.4344 3.1205 1.0010 1.9045
11620 5810.0 3.1044 1.0397 3.1044 1.0025 1.9024
11630 5815.0 3.1017 1.1664 3.1017 1.0105 1.8976
11640 5820.0 3.0838 2.1919 3.0838 1.0108 1.9254
11650 5825.0 3.0508 4.9245 3.0508 1.0347 1.9662
11660 5830.0 3.0377 6.3001 3.0377 1.0111 1.9982
11670 5835.0 3.1040 1.0558 3.1040 0.9953 1.9570
11680 5840.0 3.1600 0.0504 3.1600 1.0172 1.9190
11690 5845.0 3.1731 0.2673 3.1731 0.9942 1.9180
11700 5850.0 3.1679 0.1602 3.1679 1.0000 1.9166
11710 5855.0 3.1418 0.0338 3.1418 0.9980 1.9754
11720 5860.0 3.0944 1.5476 3.0944 1.0019 2.0615
11730 5865.0 3.0882 1.9071 3.0882 0.9911 2.1118
11740 5870.0 3.1658 0.1251 3.1658 1.0214 2.0679
11750 5875.0 3.1889 0.7559 3.1889 0.9534 2.1047
11760 5880.0 3.2316 3.3321 3.2316 1.0366 2.0385
11770 5885.0 3.2115 1.8923 3.2115 0.9541 2.1534
11780 5890.0 3.2046 1.4932 3.2046 1.0231 2.1769
11790 5895.0 3.1031 1.0993 3.1031 0.9481 2.3542
11800 5900.0 3.1020 1.1517 3.1020 1.0208 2.4254
11810 5905.0 3.0985 1.3239 3.0985 0.9751 2.4290
11820 5910.0 3.1679 0.1604 3.1679 0.9896 2.2916
11830 5915.0 3.2066 1.5992 3.2066 0.9819 2.1740
11840 5920.0 3.2300 3.2025 3.2300 0.9932 2.0778
11850 5925.0 3.2331 3.4555 3.2331 0.9939 2.0273
11860 5930.0 3.1625 0.0782 3.1625 0.9675 2.0690
11870 5935.0 3.1284 0.2339 3.1284 1.0165 2.0839
11880 5940.0 3.1047 1.0282 3.1047 0.9799 2.1162
11890 5945.0 3.1932 0.9312 3.1932 1.0126 2.0424
11900 5950.0 3.1791 0.4232 3.1791 0.9793 2.0935
11910 5955.0 3.1556 0.0156 3.1556 1.0057 2.1739
11920 5960.0 3.0862 2.0336 3.0862 1.0119 2.3204
11930 5965.0 3.0365 6.4466 3.0365 0.9959 2.4354
11940 5970.0 3.1045 1.0337 3.1045 1.0257 2.3785
11950 5975.0 3.1313 0.1751 3.1313 0.9555 2.2968
11960 5980.0 3.2063 1.5827 3.2063 1.0225 2.1403
11970 5985.0 3.2124 1.9445 3.2124 0.9613 2.1438
11980 5990.0 3.2204 2.4809 3.2204 1.0408 2.0604
11990 5995.0 3.2108 1.8482 3.2108 0.9599 2.1186
12000 6000.0 3.2074 1.6463 3.2074 1.0223 2.0829
12010 6005.0 3.1249 0.3142 3.1249 0.9522 2.1700
12020 6010.0 3.1636 0.0930 3.1636 1.0458 2.1006
12030 6015.0 3.0940 1.5706 3.0940 0.9613 2.1535
12040 6020.0 3.1746 0.3028 3.1746 1.0411 2.0415
12050 6025.0 3.1318 0.1664 3.1318 0.9451 2.0856
12060 6030.0 3.2174 2.2724 3.2174 1.0473 1.9726
12070 6035.0 3.1279 0.2446 3.1279 0.9452 2.0722
12080 6040.0 3.1792 0.4262 3.1792 1.0395 2.0057
12090 6045.0 3.1110 0.7587 3.1110 0.9714 2.0725
12100 6050.0 3.1711 0.2220 3.1711 1.0551 2.0062
12110 6055.0 3.1096 0.8178 3.1096 0.9686 2.0702
12120 6060.0 3.1658 0.1253 3.1658 1.0431 2.0027
12130 6065.0 3.1087 0.8511 3.1087 0.9834 2.0691
12140 6070.0 3.1419 0.0326 3.1419 1.0420 2.0355
12150 6075.0 3.1206 0.4329 3.1206 0.9900 2.0569
12160 6080.0 3.1741 0.2902 3.1741 1.0524 1.9875
12170 6085.0 3.1111 0.7555 3.1111 0.9650 2.0726
12180 6090.0 3.1365 0.0908 3.1365 1.0430 2.0449
12190 6095.0 3.0784 2.5632 3.0784 1.0009 2.1206
12200 6100.0 3.0790 2.5234 3.0790 1.0145 2.1441
12210 6105.0 3.0846 2.1406 3.0846 1.0174 2.1631
12220 6110.0 3.0908 1.7499 3.0908 0.9841 2.1562
12230 6115.0 3.1417 0.0342 3.1417 1.0292 2.0817
12240 6120.0 3.1319 0.1644 3.1319 0.9731 2.1113
12250 6125.0 3.1559 0.0175 3.1559 1.0324 2.0405
12260 6130.0 3.0950 1.5139 3.0950 0.9932 2.0928
12270 6135.0 3.0882 1.9089 3.0882 1.0274 2.0881
12280 6140.0 3.1074 0.9081 3.1074 0.9799 2.0637
12290 6145.0 3.1778 0.3871 3.1778 1.0358 1.9571
12300 6150.0 3.1721 0.2445 3.1721 0.9884 1.9901
12310 6155.0 3.1830 0.5460 3.1830 1.0263 1.9882
12320 6160.0 3.1943 0.9806 3.1943 1.0134 2.0130
12330 6165.0 3.1584 0.0351 3.1584 1.0067 1.9801
12340 6170.0 3.0871 1.9759 3.0871 1.0338 1.9786
12350 6175.0 3.0593 4.1171 3.0593 0.9826 2.1055
12360 6180.0 3.0335 6.7809 3.0335 1.0161 2.1568
12370 6185.0 3.0646 3.6436 3.0646 1.0063 2.1345
12380 6190.0 3.1162 0.5706 3.1162 0.9890 2.0582
12390 6195.0 3.1358 0.1013 3.1358 1.0279 1.9645
12400 6200.0 3.1886 0.7453 3.1886 0.9712 1.9944
12410 6205.0 3.1523 0.0027 3.1523 1.0551 1.9252
12420 6210.0 3.2333 3.4678 3.2333 0.9521 2.0224
12430 6215.0 3.1379 0.0734 3.1379 1.0585 1.9387
12440 6220.0 3.2388 3.9397 3.2388 0.9631 2.0504
12450 6225.0 3.1886 0.7444 3.1886 1.0205 2.0585
12460 6230.0 3.0413 5.9042 3.0413 0.9818 2.2248
12470 6235.0 3.0818 2.3273 3.0818 1.0150 2.2938
12480 6240.0 3.1592 0.0425 3.1592 0.9749 2.3809
12490 6245.0 3.2322 3.3800 3.2322 0.9831 2.4020
12500 6250.0 3.2073 1.6393 3.2073 0.9855 2.3935
12510 6255.0 3.1270 0.2649 3.1270 0.9711 2.3836
12520 6260.0 3.1010 1.2004 3.1010 1.0155 2.3577
12530 6265.0 3.1263 0.2798 3.1263 0.9709 2.3513
12540 6270.0 3.2291 3.1304 3.2291 1.0096 2.2873
12550 6275.0 3.1899 0.7961 3.1899 0.9550 2.3389
12560 6280.0 3.1704 0.2071 3.1704 1.0187 2.3270
12570 6285.0 3.0999 1.2544 3.0999 0.9732 2.4497
12580 6290.0 3.1111 0.7585 3.1111 1.0141 2.4549
12590 6295.0 3.1206 0.4314 3.1206 0.9767 2.4198
12600 6300.0 3.1794 0.4321 3.1794 0.9870 2.3294
12610 6305.0 3.2146 2.0896 3.2146 0.9923 2.2360
12620 6310.0 3.1838 0.5714 3.1838 0.9798 2.1701
12630 6315.0 3.1461 0.0075 3.1461 1.0171 2.0891
12640 6320.0 3.0879 1.9276 3.0879 0.9888 2.0814
12650 6325.0 3.1326 0.1521 3.1326 1.0181 1.9953
12660 6330.0 3.1400 0.0495 3.1400 0.9919 1.9705
12670 6335.0 3.1397 0.0534 3.1397 0.9970 1.9351
12680 6340.0 3.1313 0.1741 3.1313 0.9964 1.9265
12690 6345.0 3.1230 0.3632 3.1230 1.0163 1.9649
12700 6350.0 3.0613 3.9372 3.0613 1.0016 2.0293
12710 6355.0 3.0797 2.4678 3.0797 1.0186 1.9969
12720 6360.0 3.0948 1.5223 3.0948 1.0133 1.9803
12730 6365.0 3.1037 1.0722 3.1037 1.0090 1.9773
12740 6370.0 3.0998 1.2578 3.0998 1.0201 1.9913
12750 6375.0 3.0830 2.2462 3.0830 1.0345 1.9905
12760 6380.0 3.0532 4.6887 3.0532 1.0149 1.9969
12770 6385.0 3.1014 1.1833 3.1014 1.0391 1.9680
12780 6390.0 3.1255 0.3001 3.1255 1.0028 2.0195
12790 6395.0 3.1709 0.2180 3.1709 1.0051 2.0297
12800 6400.0 3.1675 0.1524 3.1675 0.9674 2.0347
12810 6405.0 3.1899 0.7946 3.1899 0.9976 1.9932
12820 6410.0 3.1760 0.3384 3.1760 0.9982 2.0147
12830 6415.0 3.1670 0.1452 3.1670 0.9953 2.0138
12840 6420.0 3.0876 1.9472 3.0876 1.0203 1.9866
12850 6425.0 3.1037 1.0734 3.1037 0.9685 2.0222
12860 6430.0 3.1189 0.4849 3.1189 1.0362 1.9659
12870 6435.0 3.1993 1.2133 3.1993 0.9814 2.0775
12880 6440.0 3.1617 0.0679 3.1617 1.0268 2.0782
12890 6445.0 3.1679 0.1609 3.1679 0.9777 2.0772
12900 6450.0 3.1326 0.1513 3.1326 1.0367 1.9767
12910 6455.0 3.1950 1.0138 3.1950 0.9790 2.0137
12920 6460.0 3.1697 0.1946 3.1697 1.0331 1.9450
12930 6465.0 3.1802 0.4547 3.1802 0.9803 1.9643
12940 6470.0 3.1014 1.1800 3.1014 1.0437 1.8905
12950 6475.0 3.1712 0.2249 3.1712 0.9710 1.9749
12960 6480.0 3.1623 0.0761 3.1623 1.0505 1.9488
12970 6485.0 3.1812 0.4878 3.1812 0.9675 2.0646
12980 6490.0 3.0723 3.0176 3.0723 1.0217 2.0318
12990 6495.0 3.1200 0.4508 3.1200 0.9657 2.0775
13000 6500.0 3.1599 0.0486 3.1599 1.0247 2.0575
13010 6505.0 3.1999 1.2455 3.1999 0.9661 2.1482
13020 6510.0 3.1180 0.5115 3.1180 1.0152 2.1269
13030 6515.0 3.1137 0.6585 3.1137 0.9759 2.1738
13040 6520.0 3.1276 0.2505 3.1276 0.9848 2.1810
13050 6525.0 3.1518 0.0016 3.1518 0.9924 2.1775
13060 6530.0 3.1542 0.0086 3.1542 1.0018 2.1603
13070 6535.0 3.1660 0.1273 3.1660 1.0090 2.1421
13080 6540.0 3.1831 0.5485 3.1831 0.9661 2.1553
13090 6545.0 3.0897 1.8178 3.0897 1.0150 2.0983
13100 6550.0 3.1077 0.8945 3.1077 0.9554 2.1603
13110 6555.0 3.1135 0.6658 3.1135 1.0155 2.1143
13120 6560.0 3.2529 5.2948 3.2529 0.9856 2.1560
13130 6565.0 3.2275 3.0017 3.2275 1.0305 2.1075
13140 6570.0 3.1545 0.0100 3.1545 0.9750 2.1168
13150 6575.0 3.0738 2.9023 3.0738 0.9965 2.0636
13160 6580.0 3.1123 0.7092 3.1123 0.9826 2.0569
13170 6585.0 3.1376 0.0770 3.1376 0.9865 2.0407
13180 6590.0 3.1579 0.0313 3.1579 1.0294 2.0106
13190 6595.0 3.1837 0.5686 3.1837 0.9875 2.0466
13200 6600.0 3.1079 0.8843 3.1079 1.0182 1.9831
13210 6605.0 3.1132 0.6756 3.1132 0.9692 2.0188
13220 6610.0 3.0745 2.8510 3.0745 1.0269 1.9805
13230 6615.0 3.1742 0.2929 3.1742 0.9536 2.0775
13240 6620.0 3.1783 0.4004 3.1783 1.0733 2.0082
13250 6625.0 3.2031 1.4107 3.2031 0.9570 2.1084
13260 6630.0 3.0554 4.4753 3.0554 1.0480 2.0060
13270 6635.0 3.1370 0.0839 3.1370 0.9300 2.1110
13280 6640.0 3.1163 0.5677 3.1163 1.0504 2.0109
13290 6645.0 3.1972 1.1153 3.1972 0.9488 2.1223
13300 6650.0 3.1099 0.8060 3.1099 1.0437 2.0530
13310 6655.0 3.1740 0.2880 3.1740 0.9535 2.1523
13320 6660.0 3.1532 0.0052 3.1532 1.0185 2.1025
13330 6665.0 3.1760 0.3373 3.1760 0.9886 2.1464
13340 6670.0 3.1284 0.2327 3.1284 1.0183 2.1661
13350 6675.0 3.1493 0.0002 3.1493 0.9953 2.1838
13360 6680.0 3.1650 0.1122 3.1650 0.9981 2.1543
13370 6685.0 3.1826 0.5308 3.1826 1.0237 2.1269
13380 6690.0 3.2227 2.6398 3.2227 1.0010 2.1541
13390 6695.0 3.2204 2.4788 3.2204 0.9913 2.1741
13400 6700.0 3.1924 0.8973 3.1924 0.9983 2.1723
13410 6705.0 3.1676 0.1545 3.1676 0.9838 2.2080
13420 6710.0 3.1514 0.0010 3.1514 0.9926 2.2380
13430 6715.0 3.1566 0.0220 3.1566 0.9977 2.2109
13440 6720.0 3.1360 0.0976 3.1360 0.9736 2.2006
13450 6725.0 3.1462 0.0071 3.1462 1.0190 2.1403
13460 6730.0 3.0973 1.3874 3.0973 0.9666 2.1590
13470 6735.0 3.1468 0.0051 3.1468 1.0310 2.0604
13480 6740.0 3.0905 1.7684 3.0905 0.9818 2.0754
13490 6745.0 3.1260 0.2890 3.1260 1.0285 2.0033
13500 6750.0 3.1124 0.7072 3.1124 0.9717 2.0083
13510 6755.0 3.1639 0.0959 3.1639 1.0345 1.9820
13520 6760.0 3.0687 3.3081 3.0687 0.9781 2.0744
13530 6765.0 3.0941 1.5614 3.0941 1.0305 2.0198
13540 6770.0 3.1047 1.0283 3.1047 0.9989 1.9820
13550 6775.0 3.1400 0.0503 3.1400 1.0201 1.9183
13560 6780.0 3.1114 0.7454 3.1114 0.9840 1.9216
13570 6785.0 3.1145 0.6305 3.1145 1.0188 1.8887
13580 6790.0 3.0846 2.1354 3.0846 0.9865 1.9408
13590 6795.0 3.0803 2.4308 3.0803 1.0154 1.9372
13600 6800.0 3.0597 4.0746 3.0597 1.0056 1.9699
13610 6805.0 3.0614 3.9260 3.0614 1.0306 1.9674
13620 6810.0 3.0624 3.8359 3.0624 0.9978 1.9859
13630 6815.0 3.1029 1.1094 3.1029 1.0184 1.9373
13640 6820.0 3.1190 0.4816 3.1190 1.0014 1.9278
13650 6825.0 3.1459 0.0086 3.1459 1.0078 1.8951
13660 6830.0 3.1434 0.0219 3.1434 0.9981 1.9229
13670 6835.0 3.1523 0.0025 3.1523 1.0021 1.9291
13680 6840.0 3.1570 0.0248 3.1570 0.9862 1.9492
13690 6845.0 3.1458 0.0088 3.1458 1.0125 1.9825
13700 6850.0 3.1116 0.7382 3.1116 0.9933 2.0522
13710 6855.0 3.1305 0.1904 3.1305 1.0110 2.0560
13720 6860.0 3.1546 0.0105 3.1546 0.9999 2.0647
13730 6865.0 3.1712 0.2249 3.1712 0.9963 2.0955
13740 6870.0 3.1778 0.3866 3.1778 0.9963 2.1241
13750 6875.0 3.1602 0.0515 3.1602 0.9921 2.1534
13760 6880.0 3.1266 0.2736 3.1266 0.9954 2.1768
13770 6885.0 3.0840 2.1751 3.0840 1.0050 2.2081
13780 6890.0 3.0828 2.2565 3.0828 1.0129 2.1870
13790 6895.0 3.1169 0.5466 3.1169 0.9947 2.1455
13800 6900.0 3.1874 0.6993 3.1874 1.0150 2.0766
13810 6905.0 3.1718 0.2373 3.1718 0.9702 2.1000
13820 6910.0 3.1919 0.8779 3.1919 1.0156 2.0538
13830 6915.0 3.1458 0.0089 3.1458 0.9832 2.0823
13840 6920.0 3.1451 0.0118 3.1451 1.0291 2.0453
13850 6925.0 3.0887 1.8766 3.0887 0.9896 2.0840
13860 6930.0 3.1208 0.4264 3.1208 1.0233 2.0480
13870 6935.0 3.1242 0.3325 3.1242 1.0091 2.0489
13880 6940.0 3.1224 0.3819 3.1224 0.9996 2.0476
13890 6945.0 3.1445 0.0154 3.1445 1.0049 2.0354
13900 6950.0 3.1697 0.1948 3.1697 1.0011 2.0345
13910 6955.0 3.1713 0.2265 3.1713 0.9899 2.0369
13920 6960.0 3.1673 0.1500 3.1673 1.0009 2.0184
13930 6965.0 3.1552 0.0133 3.1552 0.9935 2.0115
13940 6970.0 3.1349 0.1143 3.1349 0.9823 2.0302
13950 6975.0 3.1528 0.0038 3.1528 1.0074 2.0099
13960 6980.0 3.1445 0.0149 3.1445 0.9864 2.0316
13970 6985.0 3.1478 0.0025 3.1478 0.9986 2.0110
13980 6990.0 3.1403 0.0474 3.1403 1.0028 1.9996
13990 6995.0 3.1177 0.5225 3.1177 0.9927 2.0098
14000 7000.0 3.1314 0.1726 3.1314 1.0304 1.9633
14010 7005.0 3.1293 0.2146 3.1293 1.0158 1.9439
14020 7010.0 3.1067 0.9383 3.1067 0.9977 1.9235
14030 7015.0 3.0767 2.6865 3.0767 1.0262 1.8782
14040 7020.0 3.0598 4.0645 3.0598 0.9826 1.9039
14050 7025.0 3.0925 1.6515 3.0925 1.0698 1.8137
14060 7030.0 3.0444 5.5786 3.0444 0.9807 1.8999
14070 7035.0 3.0695 3.2384 3.0695 1.0570 1.8108
14080 7040.0 3.0619 3.8816 3.0619 0.9900 1.8579
14090 7045.0 3.1023 1.1372 3.1023 1.0299 1.8454
14100 7050.0 3.1241 0.3348 3.1241 0.9949 1.9471
14110 7055.0 3.1132 0.6762 3.1132 1.0076 1.9564
14120 7060.0 3.0818 2.3264 3.0818 1.0029 1.9677
14130 7065.0 3.0440 5.6149 3.0440 1.0322 1.9867
14140 7070.0 3.0019 10.9712 3.0019 1.0308 2.0447
14150 7075.0 3.0162 8.9485 3.0162 1.0168 2.0429
14160 7080.0 3.0840 2.1771 3.0840 1.0251 2.0041
14170 7085.0 3.1251 0.3091 3.1251 0.9837 2.0723
14180 7090.0 3.1940 0.9666 3.1940 1.0035 2.1505
14190 7095.0 3.2036 1.4360 3.2036 0.9900 2.2006
14200 7100.0 3.1713 0.2276 3.1713 1.0164 2.0847
14210 7105.0 3.1094 0.8225 3.1094 0.9787 2.0640
14220 7110.0 3.0864 2.0221 3.0864 1.0236 2.0485
14230 7115.0 3.0917 1.7017 3.0917 1.0126 2.0530
14240 7120.0 3.1368 0.0868 3.1368 1.0232 2.0141
14250 7125.0 3.1049 1.0183 3.1049 0.9852 2.0428
14260 7130.0 3.1275 0.2535 3.1275 1.0174 2.0146
14270 7135.0 3.1617 0.0689 3.1617 0.9703 2.0416
14280 7140.0 3.2021 1.3554 3.2021 1.0227 2.0176
14290 7145.0 3.1870 0.6836 3.1870 0.9654 2.0908
14300 7150.0 3.1764 0.3490 3.1764 1.0205 2.0620
14310 7155.0 3.1839 0.5729 3.1839 0.9687 2.1232
14320 7160.0 3.1689 0.1777 3.1689 1.0120 2.1099
14330 7165.0 3.1481 0.0019 3.1481 0.9963 2.1391
14340 7170.0 3.1266 0.2733 3.1266 0.9903 2.1511
14350 7175.0 3.1146 0.6253 3.1146 0.9799 2.1874
14360 7180.0 3.1021 1.1449 3.1021 0.9848 2.2105
14370 7185.0 3.1055 0.9897 3.1055 0.9895 2.2118
14380 7190.0 3.1304 0.1917 3.1304 0.9815 2.1801
14390 7195.0 3.1528 0.0039 3.1528 1.0048 2.1195
14400 7200.0 3.1475 0.0030 3.1475 0.9659 2.1240
14410 7205.0 3.1669 0.1430 3.1669 1.0225 2.0751
14420 7210.0 3.1386 0.0649 3.1386 0.9597 2.1424
14430 7215.0 3.1638 0.0957 3.1638 1.0346 2.0477
14440 7220.0 3.0811 2.3761 3.0811 0.9691 2.1177
14450 7225.0 3.0873 1.9628 3.0873 1.0421 2.0851
14460 7230.0 3.0800 2.4468 3.0800 0.9869 2.1420
14470 7235.0 3.1072 0.9173 3.1072 1.0452 2.0601
14480 7240.0 3.0461 5.3940 3.0461 0.9868 2.0801
14490 7245.0 3.0990 1.3000 3.0990 1.0490 1.9905
14500 7250.0 3.1127 0.6973 3.1127 0.9718 2.0670
14510 7255.0 3.1939 0.9623 3.1939 1.0332 2.0103
14520 7260.0 3.1307 0.1870 3.1307 0.9716 2.0527
14530 7265.0 3.1140 0.6484 3.1140 1.0308 2.0216
14540 7270.0 3.1055 0.9893 3.1055 0.9667 2.1014
14550 7275.0 3.1406 0.0439 3.1406 1.0529 2.0366
14560 7280.0 3.0500 5.0016 3.0500 0.9667 2.1379
14570 7285.0 3.0896 1.8251 3.0896 1.0516 2.0792
14580 7290.0 3.1014 1.1829 3.1014 0.9643 2.1492
14590 7295.0 3.0856 2.0709 3.0856 1.0490 2.0767
14600 7300.0 3.0989 1.3042 3.0989 0.9622 2.1580
14610 7305.0 3.1163 0.5681 3.1163 1.0221 2.0784
14620 7310.0 3.1442 0.0169 3.1442 0.9765 2.1070
14630 7315.0 3.1693 0.1862 3.1693 1.0185 2.1011
14640 7320.0 3.0999 1.2561 3.0999 0.9681 2.1993
14650 7325.0 3.1326 0.1507 3.1326 1.0263 2.1759
14660 7330.0 3.1023 1.1384 3.1023 0.9756 2.1872
14670 7335.0 3.1652 0.1158 3.1652 1.0228 2.0923
14680 7340.0 3.1578 0.0306 3.1578 0.9683 2.0825
14690 7345.0 3.1958 1.0471 3.1958 1.0140 2.0317
14700 7350.0 3.1289 0.2233 3.1289 0.9620 2.1089
14710 7355.0 3.1684 0.1687 3.1684 1.0358 2.0784
14720 7360.0 3.1166 0.5563 3.1166 0.9847 2.1754
14730 7365.0 3.1189 0.4842 3.1189 1.0326 2.1670
14740 7370.0 3.0435 5.6754 3.0435 1.0057 2.2184
14750 7375.0 3.0648 3.6324 3.0648 1.0366 2.2088
14760 7380.0 3.0835 2.2114 3.0835 1.0043 2.2392
14770 7385.0 3.1282 0.2374 3.1282 1.0089 2.1836
14780 7390.0 3.1495 0.0001 3.1495 0.9986 2.1213
14790 7395.0 3.1658 0.1247 3.1658 0.9750 2.1007
14800 7400.0 3.1885 0.7424 3.1885 1.0086 2.0655
14810 7405.0 3.1567 0.0224 3.1567 0.9876 2.0996
14820 7410.0 3.1336 0.1345 3.1336 1.0076 2.1047
14830 7415.0 3.1184 0.5005 3.1184 0.9736 2.1226
14840 7420.0 3.1687 0.1756 3.1687 1.0133 2.0723
14850 7425.0 3.1908 0.8306 3.1908 0.9583 2.0898
14860 7430.0 3.2048 1.5025 3.2048 1.0270 2.0413
14870 7435.0 3.2068 1.6129 3.2068 0.9715 2.0809
14880 7440.0 3.1868 0.6773 3.1868 1.0271 2.0140
14890 7445.0 3.1763 0.3472 3.1763 0.9820 2.0405
14900 7450.0 3.0784 2.5616 3.0784 1.0216 2.0150
14910 7455.0 3.1079 0.8868 3.1079 0.9617 2.0921
14920 7460.0 3.1197 0.4587 3.1197 1.0298 2.0435
14930 7465.0 3.1359 0.0988 3.1359 0.9675 2.1510
14940 7470.0 3.1342 0.1242 3.1342 1.0404 2.1847
14950 7475.0 3.1188 0.4877 3.1188 0.9402 2.2851
14960 7480.0 3.1631 0.0861 3.1631 1.0473 2.1611
14970 7485.0 3.1523 0.0027 3.1523 0.9492 2.1509
14980 7490.0 2.9882 13.0942 2.9882 0.9992 2.0519
14990 7495.0 2.9942 12.1366 2.9942 0.9730 2.0535
15000 7500.0 3.0982 1.3438 3.0982 1.0147 2.0383
15010 7505.0 3.2148 2.1013 3.2148 0.9848 2.1981
15020 7510.0 3.0733 2.9409 3.0733 0.9710 2.3604
15030 7515.0 3.1116 0.7358 3.1116 1.0082 2.3201
15040 7520.0 3.1945 0.9923 3.1945 0.9586 2.2364
15050 7525.0 3.2569 5.7088 3.2569 0.9984 2.1350
15060 7530.0 3.2461 4.6174 3.2461 0.9582 2.1356
15070 7535.0 3.2460 4.6040 3.2460 1.0167 2.0275
15080 7540.0 3.1454 0.0105 3.1454 0.9905 1.9651
15090 7545.0 3.0815 2.3478 3.0815 0.9982 1.9629
15100 7550.0 3.1514 0.0010 3.1514 0.9875 1.9722
15110 7555.0 3.1773 0.3715 3.1773 1.0071 1.9799
15120 7560.0 3.2035 1.4320 3.2035 0.9950 2.0406
15130 7565.0 3.2051 1.5169 3.2051 1.0253 2.0410
15140 7570.0 3.2010 1.3024 3.2010 1.0034 2.0400
15150 7575.0 3.1719 0.2391 3.1719 0.9875 2.0868
15160 7580.0 3.1777 0.3848 3.1777 0.9868 2.1053
15170 7585.0 3.1790 0.4204 3.1790 1.0076 2.1095
15180 7590.0 3.1493 0.0002 3.1493 0.9986 2.1692
15190 7595.0 3.1276 0.2511 3.1276 0.9894 2.2553
15200 7600.0 3.1355 0.1053 3.1355 0.9707 2.2489
15210 7605.0 3.1745 0.3003 3.1745 1.0253 2.1252
15220 7610.0 3.1776 0.3812 3.1776 1.0091 2.1075
15230 7615.0 3.1282 0.2378 3.1282 0.9770 2.1593
15240 7620.0 3.1321 0.1610 3.1321 1.0017 2.1133
15250 7625.0 3.1750 0.3114 3.1750 0.9952 2.0280
15260 7630.0 3.1783 0.4017 3.1783 1.0649 1.9202
15270 7635.0 3.1159 0.5798 3.1159 0.9585 2.0069
15280 7640.0 3.1232 0.3591 3.1232 1.0585 1.9124
15290 7645.0 3.1363 0.0932 3.1363 0.9791 1.8930
15300 7650.0 3.2019 1.3489 3.2019 1.0505 1.7870
15310 7655.0 3.1930 0.9241 3.1930 1.0179 1.7915
15320 7660.0 3.1730 0.2648 3.1730 0.9886 1.8193
15330 7665.0 3.1316 0.1701 3.1316 1.0387 1.8067
15340 7670.0 3.1479 0.0021 3.1479 0.9814 1.9102
15350 7675.0 3.1136 0.6620 3.1136 1.0381 1.9019
15360 7680.0 3.0305 7.1395 3.0305 1.0775 1.9048
15370 7685.0 2.9586 18.3086 2.9586 1.0353 1.9670
15380 7690.0 3.0589 4.1520 3.0589 1.0625 1.9398
15390 7695.0 3.0717 3.0653 3.0717 1.0179 1.9943
15400 7700.0 3.0510 4.9004 3.0510 1.0181 1.9441
15410 7705.0 3.0349 6.6258 3.0349 1.0036 1.9126
15420 7710.0 3.0798 2.4617 3.0798 1.0229 1.8689
15430 7715.0 3.1148 0.6203 3.1148 1.0220 1.8767
15440 7720.0 3.1103 0.7888 3.1103 1.0178 1.8614
15450 7725.0 3.1024 1.1339 3.1024 1.0255 1.8711
15460 7730.0 3.1147 0.6235 3.1147 0.9880 1.9413
15470 7735.0 3.1254 0.3014 3.1254 1.0385 1.9323
15480 7740.0 3.0250 7.8088 3.0250 1.0003 2.0160
15490 7745.0 3.0448 5.5284 3.0448 1.0411 2.0142
15500 7750.0 3.0936 1.5912 3.0936 0.9757 2.0708
15510 7755.0 3.1171 0.5398 3.1171 1.0230 2.0420
15520 7760.0 3.1548 0.0117 3.1548 0.9713 2.0704
15530 7765.0 3.1328 0.1480 3.1328 1.0186 2.0186
15540 7770.0 3.1406 0.0446 3.1406 0.9728 2.0615
15550 7775.0 3.1123 0.7092 3.1123 1.0286 2.0380
15560 7780.0 3.1035 1.0792 3.1035 0.9667 2.1390
15570 7785.0 3.0944 1.5460 3.0944 1.0436 2.1176
15580 7790.0 3.0343 6.6892 3.0343 0.9856 2.1968
15590 7795.0 3.0786 2.5493 3.0786 1.0552 2.1341
15600 7800.0 3.0476 5.2414 3.0476 0.9793 2.1893
15610 7805.0 3.1274 0.2546 3.1274 1.0627 2.0957
15620 7810.0 3.0747 2.8345 3.0747 0.9619 2.1318
15630 7815.0 3.1623 0.0761 3.1623 1.0438 1.9849
15640 7820.0 3.1310 0.1796 3.1310 0.9668 2.0015
15650 7825.0 3.1842 0.5853 3.1842 1.0343 1.9056
15660 7830.0 3.1543 0.0094 3.1543 0.9599 1.9604
15670 7835.0 3.1776 0.3815 3.1776 1.0395 1.9062
15680 7840.0 3.0953 1.4950 3.0953 0.9664 2.0060
15690 7845.0 3.1514 0.0010 3.1514 1.0398 1.9771
15700 7850.0 3.1147 0.6237 3.1147 0.9747 2.0405
15710 7855.0 3.1815 0.4947 3.1815 1.0292 1.9483
15720 7860.0 3.1646 0.1070 3.1646 0.9636 1.9617
15730 7865.0 3.1763 0.3447 3.1763 1.0258 1.9348
15740 7870.0 3.1159 0.5827 3.1159 0.9813 2.0411
15750 7875.0 3.0918 1.6925 3.0918 1.0368 2.0765
15760 7880.0 2.9946 12.0722 2.9946 0.9807 2.2029
15770 7885.0 3.0708 3.1389 3.0708 1.0611 2.1318
15780 7890.0 3.0850 2.1112 3.0850 0.9649 2.1320
15790 7895.0 3.1857 0.6360 3.1857 1.0459 2.0028
15800 7900.0 3.1614 0.0647 3.1614 0.9373 2.0537
15810 7905.0 3.1574 0.0275 3.1574 1.0763 1.8929
15820 7910.0 3.1557 0.0162 3.1557 0.9541 1.9977
15830 7915.0 3.1649 0.1109 3.1649 1.0670 1.9169
15840 7920.0 3.0620 3.8739 3.0620 0.9718 2.0302
15850 7925.0 3.1086 0.8555 3.1086 1.0597 1.9467
15860 7930.0 3.1158 0.5859 3.1158 1.0098 1.9228
15870 7935.0 3.0765 2.6992 3.0765 1.0320 1.8466
15880 7940.0 3.0622 3.8563 3.0622 1.0093 1.8746
15890 7945.0 3.1208 0.4253 3.1208 1.0165 1.8873
15900 7950.0 3.1697 0.1944 3.1697 1.0854 1.8721
15910 7955.0 3.0413 5.9068 3.0413 0.9482 2.0821
15920 7960.0 3.1542 0.0086 3.1542 1.1085 1.9891
15930 7965.0 3.0490 5.1023 3.0490 0.9367 2.1074
15940 7970.0 3.1925 0.9022 3.1925 1.0908 1.9413
15950 7975.0 3.1077 0.8967 3.1077 0.9381 2.1112
15960 7980.0 3.1694 0.1884 3.1694 1.0727 2.0318
15970 7985.0 3.0779 2.6012 3.0779 0.9613 2.1652
15980 7990.0 3.1079 0.8851 3.1079 1.0836 2.0711
15990 7995.0 3.0107 9.6979 3.0107 0.9764 2.1848
16000 8000.0 3.0887 1.8776 3.0887 1.0626 2.0913
16010 8005.0 3.0993 1.2872 3.0993 0.9596 2.1192
16020 8010.0 3.2011 1.3051 3.2011 1.0407 1.9885
16030 8015.0 3.2099 1.7954 3.2099 0.9932 1.9856
16040 8020.0 3.1332 0.1403 3.1332 1.0226 1.9134
16050 8025.0 3.1328 0.1472 3.1328 0.9741 1.9363
16060 8030.0 3.1087 0.8540 3.1087 1.0103 1.8698
16070 8035.0 3.1939 0.9622 3.1939 0.9830 1.8811
16080 8040.0 3.1938 0.9578 3.1938 1.0036 1.8856
16090 8045.0 3.1209 0.4230 3.1209 0.9916 1.9423
16100 8050.0 3.0786 2.5508 3.0786 1.0288 1.9710
16110 8055.0 3.0429 5.7355 3.0429 1.0066 2.0558
16120 8060.0 3.0772 2.6484 3.0772 1.0299 2.1185
16130 8065.0 3.0999 1.2542 3.0999 1.0023 2.2486
16140 8070.0 3.1203 0.4407 3.1203 0.9897 2.1992
16150 8075.0 3.1352 0.1091 3.1352 0.9937 2.1810
16160 8080.0 3.1156 0.5917 3.1156 1.0142 2.2504
16170 8085.0 3.0438 5.6401 3.0438 1.0098 2.3912
16180 8090.0 3.0306 7.1321 3.0306 1.0369 2.3700
16190 8095.0 3.0836 2.2059 3.0836 1.0024 2.3036
16200 8100.0 3.2004 1.2691 3.2004 0.9857 2.2619
16210 8105.0 3.1526 0.0034 3.1526 0.9996 2.1008
16220 8110.0 3.1296 0.2081 3.1296 0.9805 2.0739
16230 8115.0 3.1076 0.9004 3.1076 1.0020 2.1845
16240 8120.0 3.1921 0.8853 3.1921 0.9768 2.2725
16250 8125.0 3.2506 5.0594 3.2506 1.0422 2.2055
16260 8130.0 3.1037 1.0698 3.1037 0.9372 2.3466
16270 8135.0 3.1495 0.0001 3.1495 1.0714 2.2493
16280 8140.0 3.0824 2.2863 3.0824 0.9400 2.3143
16290 8145.0 3.1980 1.1509 3.1980 1.0611 2.1512
16300 8150.0 3.1488 0.0008 3.1488 0.9446 2.2514
16310 8155.0 3.0990 1.3029 3.0990 1.0542 2.1619
16320 8160.0 3.1854 0.6259 3.1854 0.9479 2.2687
16330 8165.0 3.1093 0.8280 3.1093 1.0821 2.1449
16340 8170.0 3.1478 0.0023 3.1478 0.9356 2.2774
16350 8175.0 3.1669 0.1431 3.1669 1.0561 2.1966
16360 8180.0 3.0952 1.5002 3.0952 0.9558 2.3340
16370 8185.0 3.1599 0.0486 3.1599 1.0528 2.2750
16380 8190.0 3.0970 1.4019 3.0970 0.9737 2.3279
16390 8195.0 3.1653 0.1176 3.1653 1.0237 2.2608
16400 8200.0 3.2080 1.6796 3.2080 0.9892 2.3048
16410 8205.0 3.2393 3.9913 3.2393 1.0382 2.2767
16420 8210.0 3.2044 1.4773 3.2044 0.9966 2.1761
16430 8215.0 3.1592 0.0424 3.1592 1.0036 2.1117
16440 8220.0 3.1694 0.1877 3.1694 0.9938 2.0786
16450 8225.0 3.1811 0.4831 3.1811 0.9987 2.0944
16460 8230.0 3.1854 0.6271 3.1854 1.0057 2.2062
16470 8235.0 3.1567 0.0221 3.1567 0.9852 2.3608
16480 8240.0 3.1490 0.0005 3.1490 1.0012 2.2623
16490 8245.0 3.1576 0.0287 3.1576 0.9876 2.2285
16500 8250.0 3.1160 0.5793 3.1160 1.0259 2.2238
16510 8255.0 2.9884 13.0612 2.9884 1.0033 2.3074
16520 8260.0 3.0200 8.4435 3.0200 1.0495 2.2557
16530 8265.0 3.0761 2.7319 3.0761 0.9971 2.2125
16540 8270.0 3.1832 0.5525 3.1832 0.9983 2.1284
16550 8275.0 3.1871 0.6898 3.1871 0.9711 2.1034
16560 8280.0 3.1041 1.0533 3.1041 1.0077 2.0230
16570 8285.0 3.1143 0.6388 3.1143 0.9670 2.0046
16580 8290.0 3.1145 0.6316 3.1145 1.0062 1.9371
16590 8295.0 3.1618 0.0697 3.1618 0.9853 1.9587
16600 8300.0 3.1596 0.0457 3.1596 1.0234 1.9867
16610 8305.0 3.0934 1.5992 3.0934 0.9818 2.0894
16620 8310.0 3.1052 1.0029 3.1052 1.0193 2.0964
16630 8315.0 3.1154 0.5990 3.1154 0.9965 2.1023
16640 8320.0 3.1415 0.0364 3.1415 1.0087 2.0672
16650 8325.0 3.1232 0.3581 3.1232 1.0005 2.0903
16660 8330.0 3.1211 0.4183 3.1211 1.0065 2.1107
16670 8335.0 3.1431 0.0240 3.1431 1.0066 2.1160
16680 8340.0 3.1619 0.0705 3.1619 1.0083 2.1166
16690 8345.0 3.1651 0.1139 3.1651 0.9998 2.1324
16700 8350.0 3.1733 0.2717 3.1733 1.0021 2.1361
16710 8355.0 3.1772 0.3706 3.1772 0.9963 2.1392
16720 8360.0 3.1699 0.1976 3.1699 0.9924 2.1473
16730 8365.0 3.1503 0.0001 3.1503 0.9896 2.1616
16740 8370.0 3.1291 0.2178 3.1291 0.9943 2.1879
16750 8375.0 3.1297 0.2057 3.1297 0.9911 2.1832
16760 8380.0 3.1581 0.0328 3.1581 0.9963 2.1191
16770 8385.0 3.1635 0.0911 3.1635 0.9999 2.0790
16780 8390.0 3.1574 0.0272 3.1574 0.9875 2.0601
16790 8395.0 3.1633 0.0890 3.1633 0.9887 2.0404
16800 8400.0 3.1881 0.7274 3.1881 1.0067 2.0493
16810 8405.0 3.1469 0.0049 3.1469 0.9723 2.1192
16820 8410.0 3.1623 0.0759 3.1623 1.0267 2.0534
16830 8415.0 3.0968 1.4154 3.0968 0.9852 2.0656
16840 8420.0 3.1025 1.1305 3.1025 1.0289 2.0275
16850 8425.0 3.0825 2.2748 3.0825 1.0144 2.0455
16860 8430.0 3.0726 2.9961 3.0726 1.0159 2.0359
16870 8435.0 3.1070 0.9232 3.1070 1.0499 1.9852
16880 8440.0 3.0765 2.7001 3.0765 0.9891 2.0406
16890 8445.0 3.1213 0.4117 3.1213 1.0376 2.0409
16900 8450.0 3.0723 3.0195 3.0723 0.9854 2.1085
16910 8455.0 3.1194 0.4696 3.1194 1.0296 2.0516
16920 8460.0 3.1009 1.2044 3.1009 0.9790 2.0754
16930 8465.0 3.1474 0.0033 3.1474 1.0379 2.0295
16940 8470.0 3.1061 0.9641 3.1061 0.9898 2.0679
16950 8475.0 3.1082 0.8755 3.1082 1.0287 2.0275
16960 8480.0 3.0909 1.7474 3.0909 0.9906 2.0553
16970 8485.0 3.1285 0.2314 3.1285 1.0201 2.0091
16980 8490.0 3.1262 0.2828 3.1262 0.9851 2.0311
16990 8495.0 3.1227 0.3739 3.1227 1.0314 1.9855
17000 8500.0 3.1158 0.5837 3.1158 0.9641 2.0484
17010 8505.0 3.1333 0.1392 3.1333 1.0499 1.9890
17020 8510.0 3.0935 1.5963 3.0935 0.9702 2.0885
17030 8515.0 3.1220 0.3914 3.1220 1.0288 2.0539
17040 8520.0 3.1283 0.2345 3.1283 0.9737 2.0996
17050 8525.0 3.1373 0.0807 3.1373 1.0205 2.0499
17060 8530.0 3.1618 0.0692 3.1618 0.9774 2.0380
17070 8535.0 3.1215 0.4053 3.1215 1.0201 1.9711
17080 8540.0 3.1588 0.0388 3.1588 0.9728 2.0029
17090 8545.0 3.1312 0.1767 3.1312 1.0251 1.9564
17100 8550.0 3.1873 0.6953 3.1873 0.9729 2.0053
17110 8555.0 3.1527 0.0037 3.1527 1.0355 1.9588
17120 8560.0 3.1616 0.0670 3.1616 0.9682 2.0359
17130 8565.0 3.1409 0.0416 3.1409 1.0116 2.0258
17140 8570.0 3.1318 0.1661 3.1318 0.9627 2.1061
17150 8575.0 3.1190 0.4819 3.1190 1.0226 2.0803
17160 8580.0 3.1246 0.3220 3.1246 0.9569 2.1192
17170 8585.0 3.1348 0.1160 3.1348 1.0371 2.0254
17180 8590.0 3.1270 0.2642 3.1270 0.9638 2.0699
17190 8595.0 3.1471 0.0041 3.1471 1.0219 2.0265
17200 8600.0 3.1077 0.8941 3.1077 0.9886 2.0526
17210 8605.0 3.1051 1.0087 3.1051 1.0281 2.0184
17220 8610.0 3.1025 1.1293 3.1025 0.9926 2.0390
17230 8615.0 3.1547 0.0108 3.1547 1.0207 1.9928
17240 8620.0 3.1438 0.0192 3.1438 0.9706 2.0366
17250 8625.0 3.1662 0.1308 3.1662 1.0190 2.0059
17260 8630.0 3.1191 0.4784 3.1191 0.9813 2.0518
17270 8635.0 3.1184 0.4999 3.1184 1.0394 2.0260
17280 8640.0 3.0377 6.3094 3.0377 0.9966 2.1107
17290 8645.0 3.0766 2.6902 3.0766 1.0694 2.0459
17300 8650.0 3.0304 7.1549 3.0304 0.9953 2.0920
17310 8655.0 3.1112 0.7522 3.1112 1.0401 2.0432
17320 8660.0 3.1060 0.9685 3.1060 0.9750 2.0979
17330 8665.0 3.1530 0.0045 3.1530 1.0219 2.0358
17340 8670.0 3.1239 0.3405 3.1239 0.9832 2.0341
17350 8675.0 3.1367 0.0890 3.1367 1.0166 1.9725
17360 8680.0 3.1152 0.6066 3.1152 0.9894 1.9783
17370 8685.0 3.0987 1.3179 3.0987 1.0154 1.9418
17380 8690.0 3.0651 3.6028 3.0651 0.9974 1.9679
17390 8695.0 3.0901 1.7956 3.0901 0.9974 1.9455
17400 8700.0 3.1430 0.0246 3.1430 1.0008 1.8974
17410 8705.0 3.1558 0.0168 3.1558 0.9954 1.8890
17420 8710.0 3.1344 0.1213 3.1344 0.9965 1.9085
17430 8715.0 3.1138 0.6549 3.1138 1.0004 1.9422
17440 8720.0 3.1377 0.0762 3.1377 0.9757 2.0155
17450 8725.0 3.1380 0.0723 3.1380 1.0199 2.0256
17460 8730.0 3.1598 0.0479 3.1598 0.9844 2.1005
17470 8735.0 3.1326 0.1512 3.1326 1.0083 2.1275
17480 8740.0 3.0666 3.4755 3.0666 0.9979 2.1857
17490 8745.0 3.0571 4.3107 3.0571 1.0340 2.1780
17500 8750.0 3.0616 3.9069 3.0616 1.0100 2.1897
17510 8755.0 3.1111 0.7564 3.1111 0.9992 2.1823
17520 8760.0 3.1726 0.2558 3.1726 0.9949 2.1475
17530 8765.0 3.1722 0.2455 3.1722 0.9814 2.1310
17540 8770.0 3.1590 0.0409 3.1590 1.0133 2.1068
17550 8775.0 3.1059 0.9710 3.1059 0.9674 2.1652
17560 8780.0 3.1640 0.0984 3.1640 1.0182 2.1284
17570 8785.0 3.1341 0.1266 3.1341 0.9687 2.1989
17580 8790.0 3.1447 0.0143 3.1447 1.0195 2.1664
17590 8795.0 3.1164 0.5634 3.1164 0.9822 2.1801
17600 8800.0 3.1666 0.1373 3.1666 1.0154 2.1223
17610 8805.0 3.1531 0.0047 3.1531 0.9795 2.1209
17620 8810.0 3.1792 0.4254 3.1792 1.0107 2.0708
17630 8815.0 3.1470 0.0046 3.1470 0.9704 2.0974
17640 8820.0 3.1807 0.4698 3.1807 1.0298 2.0227
17650 8825.0 3.1278 0.2472 3.1278 0.9669 2.0615
17660 8830.0 3.1365 0.0906 3.1365 1.0295 2.0210
17670 8835.0 3.1075 0.9022 3.1075 0.9732 2.0357
17680 8840.0 3.1798 0.4449 3.1798 1.0245 1.9227
17690 8845.0 3.1763 0.3452 3.1763 0.9832 1.9243
17700 8850.0 3.1840 0.5775 3.1840 1.0142 1.8610
17710 8855.0 3.1476 0.0028 3.1476 1.0084 1.8503
17720 8860.0 3.1267 0.2704 3.1267 1.0179 1.8378
17730 8865.0 3.1419 0.0332 3.1419 1.0059 1.8713
17740 8870.0 3.1403 0.0469 3.1403 1.0330 1.8745
17750 8875.0 3.0968 1.4136 3.0968 0.9820 1.9527
17760 8880.0 3.1129 0.6897 3.1129 1.0335 1.9363
17770 8885.0 3.0916 1.7079 3.0916 0.9877 2.0082
17780 8890.0 3.1335 0.1353 3.1335 1.0331 1.9968
17790 8895.0 3.1274 0.2561 3.1274 1.0019 1.9762
17800 8900.0 3.1187 0.4887 3.1187 1.0031 1.9405
17810 8905.0 3.0894 1.8341 3.0894 0.9949 1.9594
17820 8910.0 3.0753 2.7883 3.0753 1.0086 1.9656
17830 8915.0 3.0626 3.8151 3.0626 0.9950 1.9973
17840 8920.0 3.0680 3.3599 3.0680 1.0028 2.0083
17850 8925.0 3.0988 1.3099 3.0988 1.0227 2.0033
17860 8930.0 3.1072 0.9154 3.1072 0.9957 2.0376
17870 8935.0 3.1381 0.0714 3.1381 1.0099 2.0171
17880 8940.0 3.1415 0.0358 3.1415 0.9798 2.0053
17890 8945.0 3.1665 0.1368 3.1665 1.0067 1.9729
17900 8950.0 3.1553 0.0143 3.1553 0.9891 1.9926
17910 8955.0 3.1287 0.2264 3.1287 1.0230 1.9951
17920 8960.0 3.0354 6.5707 3.0354 0.9786 2.0857
17930 8965.0 3.0732 2.9484 3.0732 1.0299 2.0481
17940 8970.0 3.1038 1.0673 3.1038 0.9942 2.0222
17950 8975.0 3.1699 0.1986 3.1699 1.0240 1.9228
17960 8980.0 3.1698 0.1960 3.1698 0.9754 1.9240
17970 8985.0 3.1508 0.0003 3.1508 1.0334 1.8699
17980 8990.0 3.1809 0.4788 3.1809 0.9867 1.9370
17990 8995.0 3.1805 0.4661 3.1805 0.9937 1.9450
18000 9000.0 3.1653 0.1170 3.1653 1.0256 1.9412
