# step  time_fs  cv_FeH(A)  bias(kJ/mol)  d_min_FeH(A)  d_min_OH(A)  d_min_SH(A)
0 0.0 1.7182 821.4657 1.7182 2.5114 2.4126
10 5.0 2.4363 158.8609 2.4363 1.8901 2.3648
20 10.0 3.1432 10.2543 3.1432 1.4490 2.2408
30 15.0 3.0488 1.1885 3.0488 1.5782 2.6258
40 20.0 2.5927 82.9427 2.5927 1.8200 1.2701
50 25.0 3.1274 8.1216 3.1274 1.8067 1.8383
60 30.0 3.3368 56.7022 3.3368 1.1979 2.3549
70 35.0 2.5558 98.6498 2.5558 1.3422 1.8333
80 40.0 2.5200 115.1973 2.5200 1.4024 2.3574
90 45.0 3.3609 65.1352 3.3609 1.1784 2.2058
100 50.0 2.7933 21.3713 2.7933 1.2485 1.7365
110 55.0 2.6686 54.9034 2.6686 1.2096 1.6194
120 60.0 3.1773 15.7191 3.1773 1.0401 2.0365
130 65.0 3.1406 9.8887 3.1406 0.9824 2.1369
140 70.0 2.8026 19.4849 2.8026 1.3415 2.0475
150 75.0 2.8305 14.3670 2.8305 1.2411 2.2523
160 80.0 2.9258 2.7509 2.9258 0.9011 2.3344
170 85.0 2.8712 8.2956 2.8712 1.0832 2.1772
180 90.0 3.1528 11.6702 3.1528 0.9362 2.4067
190 95.0 3.1855 17.2011 3.1855 1.0517 2.3913
200 100.0 2.9461 1.4505 2.9461 0.9849 2.1292
210 105.0 3.0721 2.5969 3.0721 1.1596 2.0588
220 110.0 3.1814 16.4548 3.1814 0.9351 2.1193
230 115.0 2.7074 42.8098 2.7074 1.1865 1.7590
240 120.0 2.7444 32.6598 2.7444 1.1737 1.9353
250 125.0 3.2753 37.8948 3.2753 0.9839 2.5515
260 130.0 3.2844 40.4310 3.2844 1.1458 2.7393
270 135.0 2.8722 8.1627 2.8722 0.9550 2.5101
280 140.0 2.7119 41.5019 2.7119 0.9326 2.3477
290 145.0 2.6607 57.5711 2.6607 1.0517 2.2125
300 150.0 2.9934 0.0217 2.9934 0.9139 2.4195
310 155.0 3.0279 0.3898 3.0279 1.0964 2.4058
320 160.0 3.1255 7.8802 3.1255 0.9309 2.6183
330 165.0 3.1706 14.5563 3.1706 1.1432 2.4470
340 170.0 3.2096 21.9711 3.2096 0.9169 2.5137
350 175.0 2.8113 17.8009 2.8113 1.0995 2.3085
360 180.0 2.8408 12.6728 2.8408 0.9084 2.5152
370 185.0 2.7395 33.9251 2.7395 0.9883 2.5138
380 190.0 2.7362 34.8078 2.7362 1.0649 2.6274
390 195.0 2.9648 0.6191 2.9648 0.8866 2.7828
400 200.0 2.8764 7.6409 2.8764 1.1248 2.7302
410 205.0 3.1066 5.6831 3.1066 0.8975 2.7868
420 210.0 2.9414 1.7162 2.9414 1.1366 2.4609
430 215.0 3.1036 5.3706 3.1036 0.9239 2.5949
440 220.0 2.9340 2.1773 2.9340 1.0539 2.4902
450 225.0 2.9491 1.2965 2.9491 1.0105 2.3298
460 230.0 3.0319 0.5077 3.0319 0.9453 2.3666
470 235.0 2.9870 0.0847 2.9870 1.0811 2.3738
480 240.0 3.0836 3.4968 3.0836 0.8965 2.4008
490 245.0 2.8928 5.7460 2.8928 1.0633 2.1443
500 250.0 2.9375 1.9517 2.9375 0.9621 2.0923
510 255.0 2.8988 5.1227 2.8988 0.9794 2.0665
520 260.0 2.8549 10.5218 2.8549 1.0358 2.0493
530 265.0 2.9779 0.2448 2.9779 0.8981 2.1817
540 270.0 2.8494 11.3466 2.8494 1.0587 2.0870
550 275.0 3.0023 0.0028 3.0023 0.9314 2.2075
560 280.0 2.9737 0.3455 2.9737 1.0519 2.1205
570 285.0 3.0444 0.9868 3.0444 0.9949 2.1744
580 290.0 3.0039 0.0075 3.0039 1.0288 2.1614
590 295.0 2.9862 0.0954 2.9862 1.0200 2.2025
600 300.0 3.0202 0.2036 3.0202 0.9669 2.2644
610 305.0 2.9447 1.5313 2.9447 1.0548 2.2349
620 310.0 3.0589 1.7327 3.0589 0.9245 2.3444
630 315.0 2.9479 1.3588 2.9479 1.0715 2.2082
640 320.0 3.0811 3.2913 3.0811 0.9381 2.2509
650 325.0 2.9981 0.0018 2.9981 1.0482 2.0956
660 330.0 3.0161 0.1289 3.0161 0.9777 2.0711
670 335.0 2.9377 1.9419 2.9377 1.0080 2.0140
680 340.0 2.9667 0.5528 2.9667 0.9958 2.0377
690 345.0 2.9920 0.0316 2.9920 0.9865 2.0731
700 350.0 2.9963 0.0069 2.9963 1.0027 2.1067
710 355.0 2.9902 0.0479 2.9902 0.9699 2.1818
720 360.0 2.9292 2.5046 2.9292 1.0131 2.1760
730 365.0 2.9505 1.2272 2.9505 0.9542 2.2758
740 370.0 2.9526 1.1222 2.9526 1.0072 2.2815
750 375.0 3.0220 0.2413 3.0220 0.9650 2.3515
760 380.0 3.0024 0.0029 3.0024 0.9999 2.3477
770 385.0 2.9400 1.7973 2.9400 0.9726 2.4226
780 390.0 2.9093 4.1095 2.9093 0.9645 2.5032
790 395.0 2.9381 1.9161 2.9381 0.9698 2.5912
800 400.0 2.9815 0.1704 2.9815 0.9830 2.6641
810 405.0 3.0031 0.0048 3.0031 0.9681 2.6656
820 410.0 2.9965 0.0061 2.9965 0.9912 2.6458
830 415.0 3.0469 1.0976 3.0469 0.9751 2.6728
840 420.0 3.0000 0.0000 3.0000 0.9994 2.5852
850 425.0 2.9557 0.9833 2.9557 0.9663 2.5592
860 430.0 2.9321 2.3046 2.9321 0.9954 2.4736
870 435.0 2.9810 0.1814 2.9810 0.9453 2.4689
880 440.0 2.9261 2.7313 2.9261 1.0139 2.3619
890 445.0 2.9303 2.4266 2.9303 0.9485 2.3933
900 450.0 2.9540 1.0572 2.9540 1.0136 2.3370
910 455.0 3.0759 2.8832 3.0759 0.9546 2.4275
920 460.0 3.0206 0.2130 3.0206 0.9949 2.3623
930 465.0 2.9196 3.2296 2.9196 0.9713 2.2709
940 470.0 3.0022 0.0025 3.0022 1.0005 2.1928
950 475.0 3.0537 1.4438 3.0537 0.9889 2.2029
960 480.0 2.9541 1.0525 2.9541 1.0047 2.2036
970 485.0 2.9257 2.7608 2.9257 0.9638 2.2179
980 490.0 3.0154 0.1187 3.0154 1.0118 2.1749
990 495.0 3.0347 0.6023 3.0347 0.9677 2.1813
1000 500.0 2.9507 1.2132 2.9507 1.0163 2.1616
1010 505.0 3.1080 5.8292 3.1080 0.9796 2.2924
1020 510.0 3.1195 7.1399 3.1195 0.9823 2.2901
1030 515.0 2.8891 6.1492 2.8891 1.0063 2.1225
1040 520.0 2.8991 5.0875 2.8991 0.9448 2.0913
1050 525.0 3.0092 0.0424 3.0092 1.0158 2.0793
1060 530.0 3.0267 0.3558 3.0267 0.9537 2.1223
1070 535.0 2.9555 0.9899 2.9555 1.0293 2.0291
1080 540.0 3.0603 1.8181 3.0603 0.9697 2.1169
1090 545.0 3.0198 0.1965 3.0198 1.0046 2.0762
1100 550.0 2.9133 3.7563 2.9133 0.9766 2.0348
1110 555.0 2.9199 3.2067 2.9199 1.0087 2.0071
1120 560.0 3.0622 1.9318 3.0622 0.9808 2.1258
1130 565.0 3.0410 0.8409 3.0410 1.0176 2.1741
1140 570.0 2.9594 0.8247 2.9594 0.9710 2.2470
1150 575.0 3.0152 0.1149 3.0152 0.9986 2.3190
1160 580.0 3.0908 4.1200 3.0908 0.9768 2.3515
1170 585.0 2.9734 0.3539 2.9734 0.9949 2.2230
1180 590.0 2.9760 0.2884 2.9760 0.9911 2.1512
1190 595.0 3.0808 3.2635 3.0808 1.0003 2.1543
1200 600.0 3.0153 0.1173 3.0153 0.9976 2.1086
1210 605.0 2.8964 5.3671 2.8964 0.9713 2.0890
1220 610.0 2.9438 1.5774 2.9438 0.9886 2.0975
1230 615.0 3.0417 0.8696 3.0417 0.9901 2.1328
1240 620.0 2.9700 0.4512 2.9700 0.9903 2.0988
1250 625.0 2.9302 2.4374 2.9302 0.9755 2.1082
1260 630.0 3.0367 0.6731 3.0367 1.0134 2.1272
1270 635.0 3.0930 4.3221 3.0930 0.9707 2.1985
1280 640.0 2.9466 1.4241 2.9466 1.0191 2.1542
1290 645.0 2.9959 0.0086 2.9959 0.9478 2.2075
1300 650.0 2.9905 0.0452 2.9905 1.0381 2.1034
1310 655.0 3.0351 0.6152 3.0351 0.9551 2.1974
1320 660.0 2.9451 1.5048 2.9451 1.0164 2.1928
1330 665.0 2.9743 0.3312 2.9743 0.9744 2.2736
1340 670.0 2.9760 0.2869 2.9760 0.9764 2.2946
1350 675.0 2.9370 1.9848 2.9370 1.0114 2.2963
1360 680.0 2.9534 1.0851 2.9534 0.9484 2.4346
1370 685.0 2.8902 6.0226 2.8902 0.9956 2.3897
1380 690.0 2.9202 3.1816 2.9202 0.9617 2.3642
1390 695.0 2.9507 1.2146 2.9507 0.9678 2.3347
1400 700.0 2.9808 0.1838 2.9808 0.9877 2.3148
1410 705.0 3.0629 1.9790 3.0629 0.9820 2.3528
1420 710.0 3.1046 5.4754 3.1046 1.0072 2.3783
1430 715.0 3.0282 0.3987 3.0282 0.9704 2.3382
1440 720.0 2.9471 1.3989 2.9471 0.9813 2.2759
1450 725.0 2.9557 0.9817 2.9557 0.9931 2.2289
1460 730.0 2.9628 0.6935 2.9628 0.9475 2.1923
1470 735.0 2.9647 0.6217 2.9647 1.0180 2.1035
1480 740.0 3.0240 0.2878 3.0240 0.9476 2.1794
1490 745.0 3.0273 0.3714 3.0273 1.0118 2.1414
1500 750.0 2.9155 3.5717 2.9155 0.9496 2.1280
1510 755.0 2.8463 11.8097 2.8463 1.0020 2.0643
1520 760.0 2.9842 0.1244 2.9842 0.9680 2.1667
1530 765.0 3.0744 2.7684 3.0744 0.9968 2.1960
1540 770.0 2.9749 0.3151 2.9749 0.9959 2.1374
1550 775.0 2.8814 7.0357 2.8814 0.9640 2.1375
1560 780.0 2.8951 5.4991 2.8951 0.9804 2.1930
1570 785.0 2.9691 0.4781 2.9691 0.9775 2.2628
1580 790.0 3.0164 0.1344 3.0164 0.9883 2.2893
1590 795.0 3.0715 2.5532 3.0715 1.0044 2.3422
1600 800.0 3.1220 7.4388 3.1220 1.0116 2.4697
1610 805.0 3.0946 4.4724 3.0946 1.0253 2.5050
1620 810.0 3.0448 1.0034 3.0448 0.9720 2.5159
1630 815.0 2.9401 1.7925 2.9401 0.9928 2.4359
1640 820.0 2.8894 6.1217 2.8894 0.9855 2.3959
1650 825.0 2.8975 5.2506 2.8975 0.9372 2.3633
1660 830.0 2.8397 12.8405 2.8397 1.0010 2.2360
1670 835.0 2.9673 0.5353 2.9673 0.9472 2.2413
1680 840.0 3.0554 1.5329 3.0554 1.0365 2.2129
1690 845.0 3.1391 9.6795 3.1391 0.9710 2.2396
1700 850.0 2.9774 0.2561 2.9774 1.0377 2.1454
1710 855.0 2.9843 0.1238 2.9843 0.9631 2.2696
1720 860.0 2.9816 0.1691 2.9816 0.9933 2.3799
1730 865.0 2.9919 0.0328 2.9919 0.9939 2.4224
1740 870.0 2.9851 0.1107 2.9851 0.9805 2.4548
1750 875.0 2.9716 0.4034 2.9716 1.0111 2.4362
1760 880.0 3.0341 0.5804 3.0341 0.9718 2.4346
1770 885.0 2.9925 0.0284 2.9925 1.0202 2.3888
1780 890.0 3.0184 0.1685 3.0184 0.9729 2.4136
1790 895.0 3.0072 0.0259 3.0072 0.9943 2.3815
1800 900.0 3.0005 0.0001 3.0005 0.9905 2.3496
1810 905.0 2.9859 0.0998 2.9859 0.9615 2.3078
1820 910.0 2.9067 4.3478 2.9067 1.0007 2.2124
1830 915.0 2.9497 1.2660 2.9497 0.9532 2.2249
1840 920.0 2.9707 0.4287 2.9707 0.9851 2.2247
1850 925.0 2.9902 0.0477 2.9902 0.9951 2.2244
1860 930.0 3.0345 0.5938 3.0345 0.9908 2.2786
1870 935.0 3.0633 2.0025 3.0633 1.0086 2.3760
1880 940.0 3.0523 1.3677 3.0523 0.9856 2.4333
1890 945.0 2.9893 0.0573 2.9893 1.0069 2.4536
1900 950.0 2.9834 0.1374 2.9834 0.9702 2.5010
1910 955.0 2.9610 0.7608 2.9610 1.0081 2.4899
1920 960.0 3.0205 0.2104 3.0205 0.9627 2.4830
1930 965.0 2.9743 0.3314 2.9743 1.0091 2.4417
1940 970.0 2.9819 0.1637 2.9819 0.9796 2.4713
1950 975.0 2.9842 0.1248 2.9842 0.9885 2.4589
1960 980.0 2.9970 0.0045 2.9970 1.0194 2.3984
1970 985.0 3.0437 0.9545 3.0437 0.9607 2.4104
1980 990.0 2.9504 1.2324 2.9504 1.0188 2.3242
1990 995.0 2.9705 0.4353 2.9705 0.9276 2.3864
2000 1000.0 2.9156 3.5606 2.9156 1.0169 2.2944
2010 1005.0 3.0032 0.0052 3.0032 0.9589 2.3390
2020 1010.0 3.0117 0.0683 3.0117 1.0120 2.2783
2030 1015.0 2.9945 0.0151 2.9945 0.9734 2.2974
2040 1020.0 2.9515 1.1775 2.9515 0.9875 2.2919
2050 1025.0 2.9884 0.0676 2.9884 0.9823 2.3155
2060 1030.0 3.0009 0.0004 3.0009 0.9856 2.3492
2070 1035.0 2.9654 0.5991 2.9654 0.9937 2.3748
2080 1040.0 2.9820 0.1624 2.9820 0.9771 2.4136
2090 1045.0 3.0010 0.0005 3.0010 1.0050 2.3749
2100 1050.0 3.0584 1.7055 3.0584 0.9678 2.3893
2110 1055.0 2.9981 0.0017 2.9981 1.0211 2.2854
2120 1060.0 2.9749 0.3139 2.9749 0.9507 2.2856
2130 1065.0 2.9560 0.9679 2.9560 1.0111 2.1935
2140 1070.0 2.9822 0.1587 2.9822 0.9684 2.1973
2150 1075.0 2.9453 1.4975 2.9453 0.9838 2.1560
2160 1080.0 2.9392 1.8468 2.9392 0.9974 2.1418
2170 1085.0 3.0098 0.0477 3.0098 0.9639 2.1856
2180 1090.0 2.9976 0.0029 2.9976 1.0213 2.1221
2190 1095.0 3.0022 0.0025 3.0022 0.9725 2.1201
2200 1100.0 2.9711 0.4163 2.9711 1.0246 2.0547
2210 1105.0 3.0114 0.0644 3.0114 0.9758 2.1011
2220 1110.0 3.0305 0.4664 3.0305 1.0447 2.0514
2230 1115.0 3.0426 0.9062 3.0426 0.9993 2.1050
2240 1120.0 2.9473 1.3892 2.9473 1.0084 2.0891
2250 1125.0 2.9395 1.8292 2.9395 0.9782 2.0828
2260 1130.0 3.0145 0.1050 3.0145 1.0024 2.0690
2270 1135.0 3.0455 1.0360 3.0455 0.9974 2.0745
2280 1140.0 2.9444 1.5470 2.9444 1.0162 2.0096
2290 1145.0 2.9371 1.9791 2.9371 1.0321 1.9786
2300 1150.0 3.0409 0.8356 3.0409 0.9748 2.0667
2310 1155.0 2.9767 0.2707 2.9767 1.0370 2.0164
2320 1160.0 2.9534 1.0842 2.9534 0.9521 2.0790
2330 1165.0 2.9367 2.0021 2.9367 1.0327 2.0108
2340 1170.0 3.0398 0.7902 3.0398 0.9803 2.1103
2350 1175.0 3.0089 0.0396 3.0089 1.0398 2.0903
2360 1180.0 3.0643 2.0647 3.0643 0.9775 2.1603
2370 1185.0 3.0624 1.9439 3.0624 1.0723 2.1065
2380 1190.0 3.0479 1.1449 3.0479 0.9545 2.1895
2390 1195.0 2.8862 6.4803 2.8862 1.0322 2.0887
2400 1200.0 2.9444 1.5434 2.9444 0.9569 2.1200
2410 1205.0 2.9424 1.6614 2.9424 1.0336 2.0289
2420 1210.0 2.9454 1.4910 2.9454 0.9587 2.0777
2430 1215.0 2.9988 0.0007 2.9988 1.0330 2.0596
2440 1220.0 3.1062 5.6401 3.1062 0.9597 2.1421
2450 1225.0 3.0314 0.4915 3.0314 1.0340 2.0072
2460 1230.0 2.9615 0.7419 2.9615 0.9748 1.9567
2470 1235.0 3.0148 0.1093 3.0148 1.0156 1.9472
2480 1240.0 3.0103 0.0526 3.0103 0.9805 1.9834
2490 1245.0 2.9098 4.0663 2.9098 0.9977 1.9206
2500 1250.0 2.9901 0.0494 2.9901 0.9786 1.9742
2510 1255.0 3.0640 2.0502 3.0640 1.0284 2.0148
2520 1260.0 3.0413 0.8532 3.0413 0.9728 2.0635
2530 1265.0 2.9543 1.0430 2.9543 1.0224 2.0257
2540 1270.0 2.9935 0.0212 2.9935 0.9770 2.1035
2550 1275.0 2.9924 0.0290 2.9924 1.0062 2.0907
2560 1280.0 2.9099 4.0599 2.9099 0.9892 2.0897
2570 1285.0 2.9291 2.5156 2.9291 0.9746 2.1543
2580 1290.0 3.0595 1.7720 3.0595 1.0209 2.2298
2590 1295.0 3.1276 8.1469 3.1276 0.9688 2.3547
2600 1300.0 3.0297 0.4403 3.0297 1.0122 2.3008
2610 1305.0 2.9821 0.1601 2.9821 0.9677 2.3053
2620 1310.0 2.9939 0.0189 2.9939 0.9968 2.2645
2630 1315.0 2.9544 1.0389 2.9544 0.9756 2.2456
2640 1320.0 2.8885 6.2109 2.8885 0.9717 2.2290
2650 1325.0 2.9431 1.6215 2.9431 0.9793 2.2413
2660 1330.0 3.0455 1.0357 3.0455 1.0072 2.2487
2670 1335.0 3.0734 2.6965 3.0734 0.9794 2.2721
2680 1340.0 2.9555 0.9894 2.9555 1.0036 2.1886
2690 1345.0 2.9332 2.2310 2.9332 0.9624 2.1782
2700 1350.0 3.0172 0.1474 3.0172 0.9929 2.1574
2710 1355.0 3.0721 2.5980 3.0721 0.9840 2.1617
2720 1360.0 2.9679 0.5139 2.9679 0.9979 2.0954
2730 1365.0 2.9220 3.0449 2.9220 0.9582 2.0733
2740 1370.0 2.9651 0.6099 2.9651 1.0129 2.0348
2750 1375.0 3.1072 5.7491 3.1072 0.9450 2.1569
2760 1380.0 3.0675 2.2774 3.0675 1.0468 2.0631
2770 1385.0 2.9488 1.3117 2.9488 0.9298 2.0569
2780 1390.0 2.8737 7.9768 2.8737 1.0220 1.9765
2790 1395.0 3.0347 0.6017 3.0347 0.9451 2.1385
2800 1400.0 3.1194 7.1275 3.1194 1.0430 2.1535
2810 1405.0 3.0020 0.0021 3.0020 0.9561 2.1416
2820 1410.0 2.8920 5.8299 2.8920 1.0113 2.0781
2830 1415.0 2.9770 0.2641 2.9770 0.9632 2.2323
2840 1420.0 3.0179 0.1606 3.0179 1.0096 2.2653
2850 1425.0 3.0405 0.8216 3.0405 0.9781 2.2972
2860 1430.0 2.9789 0.2224 2.9789 0.9833 2.2872
2870 1435.0 2.9391 1.8545 2.9391 1.0072 2.3255
2880 1440.0 3.0416 0.8640 3.0416 0.9418 2.4158
2890 1445.0 3.0491 1.2041 3.0491 1.0301 2.3111
2900 1450.0 2.9918 0.0333 2.9918 0.9488 2.2759
2910 1455.0 2.9191 3.2739 2.9191 1.0174 2.1674
2920 1460.0 3.0174 0.1515 3.0174 0.9599 2.2476
2930 1465.0 3.0326 0.5310 3.0326 1.0161 2.1892
2940 1470.0 2.9848 0.1152 2.9848 0.9695 2.1399
2950 1475.0 2.9580 0.8835 2.9580 1.0077 2.0792
2960 1480.0 3.0315 0.4947 3.0315 0.9805 2.1710
2970 1485.0 3.0494 1.2205 3.0494 1.0210 2.1759
2980 1490.0 2.9712 0.4144 2.9712 0.9747 2.0867
2990 1495.0 2.9080 4.2342 2.9080 0.9907 2.0047
3000 1500.0 2.9825 0.1533 2.9825 0.9965 2.0603
3010 1505.0 3.0745 2.7738 3.0745 0.9911 2.1292
3020 1510.0 3.0650 2.1157 3.0650 0.9971 2.0854
3030 1515.0 2.9646 0.6269 2.9646 0.9782 2.0011
3040 1520.0 2.9232 2.9457 2.9232 0.9951 1.9503
3050 1525.0 3.0233 0.2708 3.0233 0.9726 2.0208
3060 1530.0 3.0471 1.1109 3.0471 1.0148 2.0137
3070 1535.0 3.0037 0.0069 3.0037 0.9572 2.0299
3080 1540.0 2.9023 4.7714 2.9023 1.0200 2.0070
3090 1545.0 2.9904 0.0462 2.9904 0.9487 2.0642
3100 1550.0 3.0431 0.9282 3.0431 1.0349 2.0362
3110 1555.0 3.0889 3.9473 3.0889 0.9641 2.0811
3120 1560.0 2.9613 0.7474 2.9613 1.0281 1.9901
3130 1565.0 2.9316 2.3381 2.9316 0.9649 1.9896
3140 1570.0 2.9596 0.8169 2.9596 1.0286 1.9632
3150 1575.0 3.0969 4.6928 3.0969 0.9714 2.0990
3160 1580.0 3.0592 1.7548 3.0592 1.0165 2.0620
3170 1585.0 2.9346 2.1416 2.9346 0.9611 2.0154
3180 1590.0 2.9590 0.8424 2.9590 1.0126 2.0242
3190 1595.0 3.0909 4.1354 3.0909 0.9729 2.1947
3200 1600.0 3.0110 0.0603 3.0110 0.9958 2.1403
3210 1605.0 2.9189 3.2851 2.9189 0.9884 2.1268
3220 1610.0 2.9618 0.7302 2.9618 0.9695 2.2541
3230 1615.0 2.9681 0.5075 2.9681 1.0114 2.3097
3240 1620.0 2.9717 0.4011 2.9717 0.9563 2.3063
3250 1625.0 2.9576 0.8990 2.9576 0.9960 2.2549
3260 1630.0 3.0296 0.4394 3.0296 0.9752 2.2977
3270 1635.0 2.9616 0.7379 2.9616 1.0135 2.2011
3280 1640.0 2.8934 5.6816 2.8934 0.9561 2.1937
3290 1645.0 2.9556 0.9854 2.9556 1.0018 2.1541
3300 1650.0 3.0784 3.0729 3.0784 0.9826 2.1814
3310 1655.0 3.0384 0.7360 3.0384 1.0233 2.1107
3320 1660.0 2.9528 1.1123 2.9528 0.9660 2.1008
3330 1665.0 2.8818 6.9864 2.8818 0.9842 2.0366
3340 1670.0 2.9707 0.4287 2.9707 0.9850 2.0010
3350 1675.0 3.0671 2.2515 3.0671 1.0001 1.9925
3360 1680.0 3.0060 0.0178 3.0060 0.9975 1.9551
3370 1685.0 2.9312 2.3699 2.9312 0.9937 1.9374
3380 1690.0 2.9911 0.0393 2.9911 1.0050 1.9631
3390 1695.0 3.0379 0.7199 3.0379 0.9741 2.0464
3400 1700.0 2.9230 2.9610 2.9230 1.0351 2.0267
3410 1705.0 3.0387 0.7476 3.0387 0.9382 2.2132
3420 1710.0 3.0880 3.8679 3.0880 1.0633 2.2546
3430 1715.0 2.9661 0.5744 2.9661 0.9244 2.2667
3440 1720.0 2.9003 4.9691 2.9003 1.0225 2.1912
3450 1725.0 3.0734 2.6930 3.0734 0.9571 2.3076
3460 1730.0 2.9951 0.0121 2.9951 1.0239 2.1849
3470 1735.0 2.9645 0.6310 2.9645 0.9701 2.1755
3480 1740.0 3.0855 3.6580 3.0855 1.0011 2.2654
3490 1745.0 3.0216 0.2338 3.0216 0.9984 2.2434
3500 1750.0 2.9097 4.0779 2.9097 0.9799 2.1462
3510 1755.0 2.9671 0.5410 2.9671 1.0246 2.1208
3520 1760.0 3.0818 3.3447 3.0818 0.9505 2.2237
3530 1765.0 3.0332 0.5495 3.0332 1.0360 2.1274
3540 1770.0 2.9475 1.3767 2.9475 0.9451 2.1162
3550 1775.0 2.9755 0.3001 2.9755 1.0405 2.0643
3560 1780.0 3.0688 2.3700 3.0688 0.9531 2.1926
3570 1785.0 3.0347 0.6010 3.0347 1.0294 2.1275
3580 1790.0 2.9321 2.3072 2.9321 0.9480 2.1435
3590 1795.0 2.8996 5.0447 2.8996 1.0234 2.1442
3600 1800.0 3.0633 2.0055 3.0633 0.9472 2.3369
3610 1805.0 3.1191 7.0895 3.1191 1.0099 2.3920
3620 1810.0 2.9749 0.3141 2.9749 0.9706 2.3654
3630 1815.0 2.8973 5.2707 2.8973 0.9564 2.3554
3640 1820.0 2.9614 0.7442 2.9614 1.0147 2.3658
3650 1825.0 3.0499 1.2460 3.0499 0.9657 2.3778
3660 1830.0 2.9934 0.0215 2.9934 1.0066 2.3232
3670 1835.0 3.0195 0.1901 3.0195 0.9655 2.4112
3680 1840.0 3.0369 0.6821 3.0369 1.0148 2.3922
3690 1845.0 2.9021 4.7930 2.9021 0.9745 2.2838
3700 1850.0 2.8638 9.2782 2.8638 1.0006 2.2003
3710 1855.0 3.0346 0.5986 3.0346 0.9689 2.3216
3720 1860.0 3.0874 3.8161 3.0874 0.9896 2.3526
3730 1865.0 2.9734 0.3535 2.9734 0.9859 2.2859
3740 1870.0 2.9140 3.6938 2.9140 0.9631 2.2983
3750 1875.0 2.9531 1.0986 2.9531 1.0104 2.2656
3760 1880.0 3.0582 1.6964 3.0582 0.9569 2.3072
3770 1885.0 3.0574 1.6485 3.0574 1.0066 2.2692
3780 1890.0 3.0127 0.0804 3.0127 0.9618 2.2899
3790 1895.0 2.9491 1.2950 2.9491 0.9924 2.2553
3800 1900.0 2.9411 1.7320 2.9411 0.9736 2.2390
3810 1905.0 3.0160 0.1277 3.0160 0.9832 2.2590
3820 1910.0 3.1011 5.1056 3.1011 0.9899 2.3113
3830 1915.0 3.0448 1.0041 3.0448 0.9607 2.2961
3840 1920.0 2.8656 9.0320 2.8656 0.9984 2.1961
3850 1925.0 2.8747 7.8522 2.8747 0.9417 2.2401
3860 1930.0 2.9802 0.1966 2.9802 1.0116 2.2397
3870 1935.0 3.1145 6.5594 3.1145 0.9760 2.3509
3880 1940.0 3.0128 0.0814 3.0128 0.9837 2.3035
3890 1945.0 2.8858 6.5230 2.8858 0.9766 2.2712
3900 1950.0 2.9493 1.2842 2.9493 0.9807 2.3284
3910 1955.0 3.0655 2.1444 3.0655 1.0033 2.4224
3920 1960.0 3.0276 0.3821 3.0276 0.9743 2.4483
3930 1965.0 2.9672 0.5383 2.9672 0.9929 2.4031
3940 1970.0 2.9999 0.0000 2.9999 0.9818 2.4455
3950 1975.0 2.9852 0.1090 2.9852 0.9992 2.4448
3960 1980.0 2.9429 1.6318 2.9429 0.9667 2.4489
3970 1985.0 3.0079 0.0310 3.0079 0.9973 2.4875
3980 1990.0 3.0326 0.5307 3.0326 0.9758 2.5003
3990 1995.0 2.9126 3.8178 2.9126 0.9961 2.4190
4000 2000.0 2.9262 2.7250 2.9262 0.9712 2.4423
4010 2005.0 2.9476 1.3723 2.9476 1.0083 2.4340
4020 2010.0 2.9439 1.5734 2.9439 0.9679 2.4696
4030 2015.0 2.9846 0.1182 2.9846 1.0052 2.4729
4040 2020.0 3.0521 1.3575 3.0521 0.9534 2.5489
4050 2025.0 3.0123 0.0755 3.0123 1.0146 2.4873
4060 2030.0 2.9383 1.9023 2.9383 0.9744 2.4767
4070 2035.0 2.9540 1.0563 2.9540 0.9851 2.4857
4080 2040.0 2.9991 0.0004 2.9991 1.0043 2.4964
4090 2045.0 2.9926 0.0270 2.9926 0.9529 2.5185
4100 2050.0 2.9769 0.2663 2.9769 1.0142 2.4653
4110 2055.0 3.0466 1.0837 3.0466 0.9389 2.5528
4120 2060.0 3.0181 0.1639 3.0181 1.0266 2.4650
4130 2065.0 2.9589 0.8463 2.9589 0.9455 2.4687
4140 2070.0 2.9289 2.5280 2.9289 1.0055 2.4129
4150 2075.0 3.0307 0.4726 3.0307 0.9557 2.4970
4160 2080.0 3.0238 0.2831 3.0238 1.0138 2.4453
4170 2085.0 3.0059 0.0176 3.0059 0.9542 2.4516
4180 2090.0 3.0077 0.0298 3.0077 0.9849 2.4293
4190 2095.0 3.0427 0.9100 3.0427 0.9848 2.4469
4200 2100.0 2.9961 0.0076 2.9961 0.9705 2.3937
4210 2105.0 2.9609 0.7657 2.9609 0.9928 2.3274
4220 2110.0 3.0151 0.1146 3.0151 0.9659 2.3437
4230 2115.0 3.0373 0.6969 3.0373 1.0089 2.2987
4240 2120.0 2.9438 1.5809 2.9438 0.9738 2.2295
4250 2125.0 2.9934 0.0217 2.9934 0.9990 2.2248
4260 2130.0 3.0324 0.5247 3.0324 0.9866 2.2450
4270 2135.0 2.9331 2.2409 2.9331 0.9864 2.1557
4280 2140.0 2.9855 0.1048 2.9855 0.9953 2.1646
4290 2145.0 3.0161 0.1301 3.0161 0.9819 2.1680
4300 2150.0 2.9308 2.3943 2.9308 0.9986 2.0694
4310 2155.0 2.9884 0.0677 2.9884 0.9639 2.0928
4320 2160.0 3.0184 0.1698 3.0184 1.0164 2.0606
4330 2165.0 2.9846 0.1182 2.9846 0.9571 2.0676
4340 2170.0 2.9835 0.1358 2.9835 1.0178 2.0165
4350 2175.0 3.0363 0.6583 3.0363 0.9694 2.0926
4360 2180.0 2.9615 0.7396 2.9615 1.0010 2.0411
4370 2185.0 2.9613 0.7490 2.9613 0.9741 2.0731
4380 2190.0 3.0338 0.5718 3.0338 1.0006 2.1260
4390 2195.0 3.0298 0.4431 3.0298 0.9834 2.1396
4400 2200.0 2.9371 1.9799 2.9371 1.0065 2.0636
4410 2205.0 2.9943 0.0165 2.9943 0.9671 2.1156
4420 2210.0 3.0792 3.1379 3.0792 1.0297 2.1090
4430 2215.0 3.0160 0.1272 3.0160 0.9646 2.0766
4440 2220.0 2.9339 2.1834 2.9339 1.0121 1.9813
4450 2225.0 3.0453 1.0243 3.0453 0.9708 2.0574
4460 2230.0 2.9823 0.1558 2.9823 1.0254 1.9910
4470 2235.0 2.9112 3.9408 2.9112 0.9572 2.0225
4480 2240.0 2.9778 0.2460 2.9778 1.0197 2.0153
4490 2245.0 3.0023 0.0026 3.0023 0.9827 2.0510
4500 2250.0 2.9244 2.8550 2.9244 0.9965 2.0142
4510 2255.0 2.9906 0.0443 2.9906 0.9790 2.0895
4520 2260.0 3.0021 0.0023 3.0021 1.0028 2.1261
4530 2265.0 2.9441 1.5642 2.9441 0.9742 2.1530
4540 2270.0 2.9473 1.3894 2.9473 1.0055 2.1715
4550 2275.0 2.9867 0.0886 2.9867 0.9834 2.2254
4560 2280.0 2.9540 1.0601 2.9540 0.9949 2.2127
4570 2285.0 2.9756 0.2985 2.9756 0.9926 2.2324
4580 2290.0 2.9505 1.2263 2.9505 0.9845 2.2151
4590 2295.0 2.9412 1.7308 2.9412 0.9760 2.2026
4600 2300.0 2.9984 0.0012 2.9984 1.0141 2.1983
4610 2305.0 2.9759 0.2897 2.9759 0.9821 2.2008
4620 2310.0 2.9124 3.8367 2.9124 0.9949 2.1495
4630 2315.0 3.0056 0.0154 3.0056 0.9839 2.1823
4640 2320.0 3.0353 0.6242 3.0353 1.0059 2.1460
4650 2325.0 2.9908 0.0423 2.9908 0.9711 2.1264
4660 2330.0 2.9755 0.2989 2.9755 1.0139 2.0939
4670 2335.0 3.0031 0.0049 3.0031 0.9827 2.1305
4680 2340.0 2.9391 1.8549 2.9391 0.9918 2.0663
4690 2345.0 2.9768 0.2699 2.9768 0.9862 2.0654
4700 2350.0 3.0955 4.5562 3.0955 0.9995 2.0964
4710 2355.0 3.0027 0.0038 3.0027 0.9953 2.0573
4720 2360.0 2.8493 11.3529 2.8493 0.9967 2.0063
4730 2365.0 2.8938 5.6413 2.8938 0.9866 2.0245
4740 2370.0 3.0409 0.8352 3.0409 1.0187 2.0603
4750 2375.0 3.0437 0.9554 3.0437 0.9811 2.1103
4760 2380.0 2.9796 0.2079 2.9796 0.9843 2.0710
4770 2385.0 3.0015 0.0011 3.0015 1.0226 2.0244
4780 2390.0 3.0028 0.0038 3.0028 1.0064 2.0470
4790 2395.0 2.9345 2.1433 2.9345 1.0084 2.0186
4800 2400.0 3.0062 0.0189 3.0062 0.9793 2.0827
4810 2405.0 3.0821 3.3732 3.0821 1.0345 2.0948
4820 2410.0 2.9633 0.6719 2.9633 1.0079 2.0627
4830 2415.0 2.8328 13.9698 2.8328 0.9932 2.0301
4840 2420.0 2.9393 1.8416 2.9393 0.9893 2.0941
4850 2425.0 3.0951 4.5224 3.0951 1.0211 2.1798
4860 2430.0 2.9723 0.3843 2.9723 1.0012 2.1159
4870 2435.0 2.8664 8.9286 2.8664 0.9780 2.1035
4880 2440.0 2.9787 0.2272 2.9787 1.0113 2.1866
4890 2445.0 2.9496 1.2726 2.9496 1.0056 2.2615
4900 2450.0 2.8687 8.6248 2.8687 0.9582 2.2603
4910 2455.0 2.9255 2.7746 2.9255 0.9951 2.2270
4920 2460.0 3.0803 3.2220 3.0803 0.9995 2.2493
4930 2465.0 3.0207 0.2139 3.0207 1.0088 2.1720
4940 2470.0 2.9129 3.7946 2.9129 0.9843 2.1576
4950 2475.0 2.9737 0.3447 2.9737 1.0057 2.1591
4960 2480.0 3.0114 0.0655 3.0114 1.0097 2.1862
4970 2485.0 2.8909 5.9482 2.8909 0.9957 2.1846
4980 2490.0 2.9497 1.2631 2.9497 0.9540 2.2131
4990 2495.0 3.0219 0.2402 3.0219 1.0581 2.1412
5000 2500.0 3.0302 0.4546 3.0302 0.9671 2.2398
5010 2505.0 2.9100 4.0455 2.9100 1.0035 2.2432
5020 2510.0 2.9573 0.9120 2.9573 0.9573 2.3625
5030 2515.0 2.9501 1.2463 2.9501 1.0072 2.4002
5040 2520.0 2.8923 5.8050 2.8923 0.9728 2.4625
5050 2525.0 2.8581 10.0736 2.8581 0.9685 2.4150
5060 2530.0 2.8801 7.1935 2.8801 0.9938 2.2752
5070 2535.0 2.9962 0.0072 2.9962 0.9936 2.2545
5080 2540.0 3.0203 0.2053 3.0203 0.9991 2.2659
5090 2545.0 2.9924 0.0292 2.9924 0.9826 2.2971
5100 2550.0 3.0540 1.4558 3.0540 0.9837 2.3543
5110 2555.0 3.0586 1.7178 3.0586 1.0046 2.3805
5120 2560.0 2.9330 2.2464 2.9330 0.9820 2.3744
5130 2565.0 2.9341 2.1727 2.9341 0.9906 2.3929
5140 2570.0 3.0062 0.0190 3.0062 0.9833 2.4648
5150 2575.0 2.9304 2.4251 2.9304 1.0112 2.4474
5160 2580.0 2.9579 0.8858 2.9579 0.9325 2.5243
5170 2585.0 2.9975 0.0030 2.9975 1.0264 2.5063
5180 2590.0 3.0035 0.0061 3.0035 0.9639 2.5479
5190 2595.0 2.8889 6.1683 2.8889 0.9990 2.5022
5200 2600.0 2.8807 7.1169 2.8807 0.9663 2.5178
5210 2605.0 2.9199 3.2043 2.9199 0.9754 2.5143
5220 2610.0 2.9357 2.0645 2.9357 1.0022 2.5019
5230 2615.0 2.9735 0.3518 2.9735 0.9458 2.5181
5240 2620.0 2.9728 0.3694 2.9728 1.0146 2.4193
5250 2625.0 3.0599 1.7947 3.0599 0.9713 2.4249
5260 2630.0 2.9888 0.0625 2.9888 1.0198 2.3414
5270 2635.0 2.9701 0.4479 2.9701 0.9496 2.4061
5280 2640.0 2.9263 2.7194 2.9263 1.0246 2.3948
5290 2645.0 2.9208 3.1350 2.9208 0.9571 2.4934
5300 2650.0 2.8909 5.9489 2.8909 0.9913 2.4864
5310 2655.0 2.9876 0.0764 2.9876 0.9968 2.4777
5320 2660.0 3.0976 4.7605 3.0976 0.9825 2.5209
5330 2665.0 3.0226 0.2550 3.0226 1.0118 2.5077
5340 2670.0 2.9427 1.6439 2.9427 0.9529 2.6102
5350 2675.0 2.9858 0.1007 2.9858 1.0165 2.6244
5360 2680.0 3.0112 0.0628 3.0112 0.9529 2.7439
5370 2685.0 2.8869 6.3979 2.8869 1.0171 2.7750
5380 2690.0 2.9482 1.3403 2.9482 0.9539 2.7737
5390 2695.0 3.0557 1.5518 3.0557 1.0057 2.8127
5400 2700.0 2.9960 0.0080 2.9960 0.9825 2.7846
5410 2705.0 2.9941 0.0174 2.9941 0.9753 2.7325
5420 2710.0 3.0619 1.9135 3.0619 1.0098 2.6779
5430 2715.0 2.9855 0.1049 2.9855 0.9598 2.5514
5440 2720.0 2.9275 2.6297 2.9275 1.0048 2.4808
5450 2725.0 3.0286 0.4085 3.0286 0.9698 2.5434
5460 2730.0 3.0489 1.1960 3.0489 0.9986 2.5764
5470 2735.0 2.9350 2.1109 2.9350 0.9696 2.5348
5480 2740.0 3.0138 0.0946 3.0138 0.9915 2.6038
5490 2745.0 3.0546 1.4910 3.0546 0.9822 2.6643
5500 2750.0 2.9483 1.3350 2.9483 0.9692 2.6191
5510 2755.0 2.9203 3.1743 2.9203 0.9973 2.6256
5520 2760.0 3.0552 1.5215 3.0552 0.9734 2.7321
5530 2765.0 2.9980 0.0019 2.9980 1.0043 2.7164
5540 2770.0 2.9889 0.0616 2.9889 0.9573 2.7430
5550 2775.0 3.0776 3.0075 3.0776 1.0172 2.8111
5560 2780.0 3.0640 2.0479 3.0640 0.9469 2.7940
5570 2785.0 2.9344 2.1505 2.9344 1.0156 2.6708
5580 2790.0 2.9512 1.1918 2.9512 0.9592 2.6435
5590 2795.0 2.9872 0.0813 2.9872 1.0073 2.6079
5600 2800.0 2.9538 1.0651 2.9538 0.9741 2.5221
5610 2805.0 2.9921 0.0313 2.9921 0.9732 2.4776
5620 2810.0 3.0495 1.2246 3.0495 1.0048 2.4594
5630 2815.0 3.0028 0.0038 3.0028 0.9561 2.4100
5640 2820.0 2.9630 0.6851 2.9630 1.0083 2.3455
5650 2825.0 3.0077 0.0300 3.0077 0.9608 2.3826
5660 2830.0 2.9752 0.3076 2.9752 1.0071 2.3935
5670 2835.0 3.0130 0.0846 3.0130 0.9515 2.5012
5680 2840.0 3.0451 1.0171 3.0451 1.0090 2.5859
5690 2845.0 2.9958 0.0087 2.9958 0.9662 2.6569
5700 2850.0 2.9871 0.0827 2.9871 0.9702 2.7417
5710 2855.0 2.9952 0.0116 2.9952 0.9971 2.7445
5720 2860.0 2.9598 0.8077 2.9598 0.9582 2.7633
5730 2865.0 2.9353 2.0949 2.9353 0.9889 2.7985
5740 2870.0 3.0036 0.0066 3.0036 0.9668 2.7742
5750 2875.0 3.0087 0.0380 3.0087 1.0059 2.7387
5760 2880.0 2.9551 1.0059 2.9551 0.9587 2.5524
5770 2885.0 3.0027 0.0037 3.0027 0.9899 2.4473
5780 2890.0 3.0149 0.1107 3.0149 0.9941 2.3537
5790 2895.0 2.9869 0.0862 2.9869 0.9598 2.2750
5800 2900.0 2.9378 1.9358 2.9378 1.0098 2.2421
5810 2905.0 3.0323 0.5227 3.0323 0.9539 2.3785
5820 2910.0 3.0319 0.5092 3.0319 1.0395 2.4819
5830 2915.0 3.0205 0.2103 3.0205 0.9433 2.4838
5840 2920.0 2.9761 0.2857 2.9761 0.9918 2.5063
5850 2925.0 3.0475 1.1300 3.0475 0.9920 2.6363
5860 2930.0 2.9976 0.0028 2.9976 0.9658 2.6270
5870 2935.0 2.8834 6.7999 2.8834 1.0038 2.5806
5880 2940.0 2.9467 1.4185 2.9467 0.9345 2.6706
5890 2945.0 2.9740 0.3370 2.9740 1.0279 2.7998
5900 2950.0 3.0178 0.1586 3.0178 0.9566 2.7824
5910 2955.0 2.9539 1.0634 2.9539 1.0062 2.7023
5920 2960.0 2.9563 0.9533 2.9563 0.9633 2.6773
5930 2965.0 2.9545 1.0362 2.9545 0.9977 2.6980
5940 2970.0 2.9466 1.4254 2.9466 0.9997 2.7019
5950 2975.0 2.9383 1.9020 2.9383 0.9568 2.6915
5960 2980.0 2.8834 6.7929 2.8834 1.0178 2.6605
5970 2985.0 2.9749 0.3159 2.9749 0.9255 2.8154
5980 2990.0 2.9631 0.6805 2.9631 1.0469 2.7405
5990 2995.0 3.0098 0.0481 3.0098 0.9408 2.8052
6000 3000.0 2.9533 1.0894 2.9533 1.0142 2.7184
6010 3005.0 2.9702 0.4434 2.9702 0.9753 2.7365
6020 3010.0 3.0035 0.0061 3.0035 0.9620 2.7393
6030 3015.0 2.9531 1.0991 2.9531 1.0053 2.7116
6040 3020.0 2.9441 1.5617 2.9441 0.9561 2.7709
6050 3025.0 2.9810 0.1809 2.9810 0.9951 2.7298
6060 3030.0 3.0359 0.6454 3.0359 0.9728 2.7530
6070 3035.0 3.0305 0.4641 3.0305 0.9931 2.7651
6080 3040.0 2.9804 0.1917 2.9804 0.9730 2.8146
6090 3045.0 2.9497 1.2642 2.9497 0.9791 2.7909
6100 3050.0 2.9778 0.2463 2.9778 0.9654 2.7928
6110 3055.0 2.9757 0.2944 2.9757 0.9918 2.8081
6120 3060.0 2.9646 0.6263 2.9646 0.9834 2.7840
6130 3065.0 2.9394 1.8379 2.9394 0.9680 2.7270
6140 3070.0 2.8776 7.4952 2.8776 0.9907 2.6592
6150 3075.0 2.9246 2.8459 2.9246 0.9539 2.7006
6160 3080.0 2.9489 1.3070 2.9489 1.0000 2.8142
6170 3085.0 3.0075 0.0282 3.0075 0.9651 2.8089
6180 3090.0 3.0186 0.1738 3.0186 1.0019 2.7608
6190 3095.0 3.0740 2.7396 3.0740 0.9788 2.7800
6200 3100.0 3.0316 0.4980 3.0316 1.0043 2.7580
6210 3105.0 2.9802 0.1953 2.9802 0.9682 2.8219
6220 3110.0 2.9396 1.8227 2.9396 0.9681 2.7768
6230 3115.0 2.8959 5.4171 2.8959 0.9945 2.7070
6240 3120.0 2.9004 4.9628 2.9004 0.9449 2.6218
6250 3125.0 2.8982 5.1777 2.8982 0.9950 2.6145
6260 3130.0 3.0023 0.0026 3.0023 0.9895 2.5967
6270 3135.0 3.0121 0.0735 3.0121 0.9910 2.5705
6280 3140.0 2.9706 0.4336 2.9706 0.9852 2.5519
6290 3145.0 2.9838 0.1310 2.9838 0.9733 2.5066
6300 3150.0 3.0127 0.0804 3.0127 1.0017 2.4417
6310 3155.0 2.9815 0.1715 2.9815 0.9786 2.4073
6320 3160.0 2.9042 4.5846 2.9042 0.9884 2.3487
6330 3165.0 2.9236 2.9194 2.9236 0.9602 2.3303
6340 3170.0 2.9445 1.5393 2.9445 1.0011 2.2638
6350 3175.0 2.9745 0.3260 2.9745 0.9743 2.2519
6360 3180.0 2.9540 1.0568 2.9540 0.9880 2.1964
6370 3185.0 2.9889 0.0614 2.9889 0.9976 2.1784
6380 3190.0 3.0565 1.5941 3.0565 1.0054 2.1951
6390 3195.0 3.0220 0.2423 3.0220 0.9906 2.1991
6400 3200.0 2.9738 0.3443 2.9738 0.9850 2.1831
6410 3205.0 2.9598 0.8079 2.9598 1.0107 2.1576
6420 3210.0 2.9449 1.5186 2.9449 0.9717 2.2083
6430 3215.0 2.8818 6.9801 2.8818 0.9962 2.2002
6440 3220.0 2.9591 0.8384 2.9591 0.9675 2.2467
6450 3225.0 3.0122 0.0744 3.0122 1.0426 2.1969
6460 3230.0 3.0528 1.3926 3.0528 0.9647 2.2813
6470 3235.0 2.9703 0.4417 2.9703 1.0349 2.2385
6480 3240.0 3.0144 0.1038 3.0144 0.9497 2.3349
6490 3245.0 2.9337 2.1952 2.9337 1.0570 2.2756
6500 3250.0 2.9432 1.6105 2.9432 0.9434 2.4893
6510 3255.0 2.8877 6.3003 2.8877 0.9778 2.6097
6520 3260.0 2.9420 1.6813 2.9420 0.9933 2.6993
6530 3265.0 3.0574 1.6482 3.0574 0.9576 2.7444
6540 3270.0 3.0112 0.0629 3.0112 1.0108 2.7308
6550 3275.0 3.0271 0.3678 3.0271 0.9442 2.7281
6560 3280.0 3.0277 0.3849 3.0277 1.0041 2.7295
6570 3285.0 3.0753 2.8333 3.0753 0.9817 2.6764
6580 3290.0 2.9535 1.0832 2.9535 0.9957 2.5621
6590 3295.0 2.8305 14.3670 2.8305 0.9709 2.5307
6600 3300.0 2.8953 5.4792 2.8953 0.9532 2.5571
6610 3305.0 2.9145 3.6536 2.9145 1.0136 2.5623
6620 3310.0 2.9149 3.6209 2.9149 0.9436 2.6462
6630 3315.0 2.9139 3.7043 2.9139 0.9953 2.6392
6640 3320.0 3.0447 0.9985 3.0447 0.9721 2.7061
6650 3325.0 3.0406 0.8225 3.0406 1.0114 2.6846
6660 3330.0 2.9549 1.0177 2.9549 0.9738 2.6605
6670 3335.0 2.9062 4.3975 2.9062 0.9639 2.6201
6680 3340.0 2.8930 5.7265 2.8930 1.0094 2.5035
6690 3345.0 2.9154 3.5761 2.9154 0.9486 2.5220
6700 3350.0 2.8558 10.3968 2.8558 0.9961 2.5070
6710 3355.0 2.9496 1.2679 2.9496 0.9542 2.5010
6720 3360.0 2.9821 0.1606 2.9821 1.0279 2.4099
6730 3365.0 2.9778 0.2454 2.9778 0.9637 2.3975
6740 3370.0 2.9108 3.9806 2.9108 0.9897 2.3258
6750 3375.0 2.9847 0.1166 2.9847 0.9676 2.3321
6760 3380.0 3.0099 0.0486 3.0099 1.0374 2.2546
6770 3385.0 3.0015 0.0011 3.0015 0.9692 2.2598
6780 3390.0 2.9272 2.6522 2.9272 1.0052 2.2066
6790 3395.0 3.0037 0.0067 3.0037 0.9807 2.2386
6800 3400.0 3.0105 0.0555 3.0105 1.0358 2.2084
6810 3405.0 2.9746 0.3223 2.9746 0.9648 2.2660
6820 3410.0 2.9555 0.9884 2.9555 1.0006 2.2924
6830 3415.0 3.0345 0.5948 3.0345 0.9804 2.3914
6840 3420.0 3.0073 0.0268 3.0073 1.0001 2.3453
6850 3425.0 2.9630 0.6859 2.9630 0.9734 2.2656
6860 3430.0 2.9281 2.5836 2.9281 0.9948 2.1626
6870 3435.0 2.9585 0.8614 2.9585 0.9886 2.1284
6880 3440.0 2.9821 0.1611 2.9821 1.0249 2.0685
6890 3445.0 3.0052 0.0134 3.0052 0.9891 2.0653
6900 3450.0 2.9774 0.2549 2.9774 0.9964 2.0068
6910 3455.0 3.0016 0.0013 3.0016 1.0007 1.9725
6920 3460.0 3.0287 0.4114 3.0287 1.0012 1.9488
6930 3465.0 2.9441 1.5652 2.9441 1.0239 1.8775
6940 3470.0 2.9544 1.0395 2.9544 0.9702 1.9350
6950 3475.0 2.9908 0.0419 2.9908 1.0335 1.9613
6960 3480.0 3.0044 0.0099 3.0044 0.9686 2.0889
6970 3485.0 2.9282 2.5748 2.9282 0.9927 2.1176
6980 3490.0 2.8892 6.1328 2.8892 0.9853 2.1772
6990 3495.0 2.9259 2.7463 2.9259 0.9624 2.2211
7000 3500.0 2.9060 4.4209 2.9060 1.0014 2.1920
7010 3505.0 2.9889 0.0618 2.9889 0.9626 2.2367
7020 3510.0 3.0111 0.0617 3.0111 1.0262 2.1980
7030 3515.0 3.0429 0.9181 3.0429 0.9731 2.2429
7040 3520.0 3.0073 0.0266 3.0073 1.0153 2.2218
7050 3525.0 3.0414 0.8554 3.0414 0.9838 2.2901
7060 3530.0 2.9681 0.5074 2.9681 0.9893 2.2959
7070 3535.0 2.9525 1.1266 2.9525 0.9825 2.3141
7080 3540.0 2.9673 0.5333 2.9673 0.9854 2.3288
7090 3545.0 2.9630 0.6851 2.9630 0.9886 2.3272
7100 3550.0 2.9679 0.5153 2.9679 0.9729 2.3427
7110 3555.0 3.0617 1.9056 3.0617 0.9981 2.3604
7120 3560.0 3.0255 0.3255 3.0255 0.9796 2.3647
7130 3565.0 2.8932 5.7052 2.8932 0.9994 2.3050
7140 3570.0 2.9722 0.3865 2.9722 0.9710 2.3433
7150 3575.0 3.0242 0.2940 3.0242 1.0202 2.3134
7160 3580.0 2.9165 3.4830 2.9165 0.9637 2.3183
7170 3585.0 2.9379 1.9298 2.9379 1.0044 2.2732
7180 3590.0 3.0743 2.7629 3.0743 0.9694 2.3406
7190 3595.0 2.9993 0.0003 2.9993 1.0192 2.2860
7200 3600.0 2.9279 2.5959 2.9279 0.9598 2.3429
7210 3605.0 2.9620 0.7222 2.9620 1.0059 2.3031
7220 3610.0 3.0208 0.2164 3.0208 0.9802 2.3155
7230 3615.0 2.9668 0.5519 2.9668 0.9975 2.2611
7240 3620.0 2.9658 0.5853 2.9658 0.9755 2.2505
7250 3625.0 3.0158 0.1247 3.0158 1.0079 2.1891
7260 3630.0 3.0262 0.3428 3.0262 0.9975 2.1758
7270 3635.0 2.9409 1.7480 2.9409 0.9779 2.1686
7280 3640.0 2.9691 0.4779 2.9691 0.9984 2.1138
7290 3645.0 3.0347 0.6007 3.0347 1.0201 2.0782
7300 3650.0 2.9742 0.3322 2.9742 0.9971 2.0765
7310 3655.0 2.8986 5.1365 2.8986 0.9725 2.0945
7320 3660.0 2.9812 0.1763 2.9812 1.0174 2.1021
7330 3665.0 3.0433 0.9355 3.0433 0.9879 2.1834
7340 3670.0 2.8923 5.8026 2.8923 1.0065 2.1453
7350 3675.0 2.8908 5.9616 2.8908 0.9317 2.1979
7360 3680.0 2.9914 0.0366 2.9914 1.0482 2.1515
7370 3685.0 3.0718 2.5753 3.0718 0.9763 2.2420
7380 3690.0 2.8948 5.5353 2.8948 1.0355 2.1504
7390 3695.0 2.9866 0.0892 2.9866 0.9478 2.2807
7400 3700.0 3.0507 1.2835 3.0507 1.0333 2.2756
7410 3705.0 3.0447 0.9982 3.0447 0.9617 2.3356
7420 3710.0 2.9688 0.4881 2.9688 0.9960 2.3173
7430 3715.0 2.9742 0.3324 2.9742 0.9991 2.3878
7440 3720.0 2.9682 0.5050 2.9682 0.9576 2.4849
7450 3725.0 2.8471 11.6881 2.8471 1.0022 2.4874
7460 3730.0 2.9123 3.8421 2.9123 0.9383 2.5175
7470 3735.0 2.9817 0.1670 2.9817 1.0228 2.4397
7480 3740.0 3.0253 0.3193 3.0253 0.9649 2.4721
7490 3745.0 2.9582 0.8729 2.9582 0.9923 2.4310
7500 3750.0 3.0021 0.0022 3.0021 0.9956 2.4355
7510 3755.0 3.1009 5.0896 3.1009 0.9891 2.4708
7520 3760.0 3.0100 0.0502 3.0100 1.0149 2.4206
7530 3765.0 2.8777 7.4784 2.8777 0.9429 2.4478
7540 3770.0 2.8526 10.8603 2.8526 1.0222 2.3506
7550 3775.0 3.0406 0.8248 3.0406 0.9625 2.4563
7560 3780.0 3.0020 0.0021 3.0020 1.0253 2.3926
7570 3785.0 3.0061 0.0183 3.0061 0.9367 2.4561
7580 3790.0 3.0511 1.3063 3.0511 1.0344 2.4182
7590 3795.0 3.0888 3.9399 3.0888 0.9520 2.5030
7600 3800.0 2.8894 6.1133 2.8894 1.0351 2.3244
7610 3805.0 2.8623 9.4739 2.8623 0.9579 2.3506
7620 3810.0 2.9525 1.1298 2.9525 1.0365 2.3241
7630 3815.0 2.9893 0.0572 2.9893 0.9583 2.3600
7640 3820.0 3.0133 0.0882 3.0133 1.0131 2.2985
7650 3825.0 3.1263 7.9762 3.1263 0.9769 2.3753
7660 3830.0 3.0753 2.8326 3.0753 0.9886 2.3096
7670 3835.0 2.8839 6.7381 2.8839 1.0170 2.1484
7680 3840.0 2.8942 5.5918 2.8942 0.9706 2.1735
7690 3845.0 3.0116 0.0674 3.0116 1.0279 2.1881
7700 3850.0 3.0373 0.6970 3.0373 0.9550 2.2491
7710 3855.0 3.0669 2.2381 3.0669 1.0315 2.2435
7720 3860.0 3.0435 0.9462 3.0435 0.9446 2.2816
7730 3865.0 3.0051 0.0128 3.0051 1.0310 2.2334
7740 3870.0 2.9332 2.2295 2.9332 0.9462 2.2208
7750 3875.0 2.9387 1.8780 2.9387 1.0291 2.1672
7760 3880.0 3.0416 0.8645 3.0416 0.9501 2.2431
7770 3885.0 3.0132 0.0876 3.0132 1.0040 2.1708
7780 3890.0 3.0097 0.0475 3.0097 0.9616 2.1458
7790 3895.0 3.0469 1.0979 3.0469 1.0005 2.1061
7800 3900.0 2.9887 0.0639 2.9887 0.9844 2.0499
7810 3905.0 2.9145 3.6531 2.9145 0.9850 2.0049
7820 3910.0 3.0116 0.0670 3.0116 0.9842 2.0782
7830 3915.0 3.0952 4.5288 3.0952 0.9788 2.1734
7840 3920.0 2.9702 0.4453 2.9702 0.9839 2.1193
7850 3925.0 2.9396 1.8228 2.9396 0.9822 2.1295
7860 3930.0 3.0416 0.8663 3.0416 0.9804 2.2316
7870 3935.0 2.9799 0.2017 2.9799 0.9683 2.2231
7880 3940.0 2.9647 0.6246 2.9647 0.9895 2.2365
7890 3945.0 3.0474 1.1216 3.0474 0.9652 2.3659
7900 3950.0 3.0264 0.3493 3.0264 1.0021 2.3713
7910 3955.0 2.9063 4.3878 2.9063 0.9637 2.3368
7920 3960.0 2.9567 0.9368 2.9567 1.0242 2.3570
7930 3965.0 3.0077 0.0295 3.0077 0.9567 2.4504
7940 3970.0 3.0381 0.7256 3.0381 0.9994 2.4123
7950 3975.0 3.0041 0.0084 3.0041 0.9645 2.3878
7960 3980.0 3.0083 0.0343 3.0083 0.9888 2.3425
7970 3985.0 2.9760 0.2868 2.9760 0.9867 2.3087
7980 3990.0 2.9705 0.4351 2.9705 0.9714 2.2928
7990 3995.0 3.0007 0.0003 3.0007 0.9912 2.2753
8000 4000.0 3.0404 0.8145 3.0404 0.9557 2.2890
8010 4005.0 3.0490 1.2017 3.0490 0.9989 2.2124
8020 4010.0 2.9521 1.1478 2.9521 0.9662 2.0937
8030 4015.0 2.9458 1.4667 2.9458 1.0101 2.0233
8040 4020.0 2.9783 0.2359 2.9783 0.9767 2.0387
8050 4025.0 3.0443 0.9808 3.0443 0.9883 2.0803
8060 4030.0 3.0544 1.4785 3.0544 0.9778 2.1114
8070 4035.0 3.0215 0.2302 3.0215 0.9801 2.0848
8080 4040.0 2.9892 0.0585 2.9892 0.9850 2.0705
8090 4045.0 2.9451 1.5075 2.9451 0.9983 2.0456
8100 4050.0 2.9747 0.3209 2.9747 0.9859 2.0999
8110 4055.0 3.0429 0.9206 3.0429 0.9793 2.1922
8120 4060.0 3.0370 0.6854 3.0370 0.9854 2.2286
8130 4065.0 3.0054 0.0145 3.0054 0.9810 2.2363
8140 4070.0 3.0006 0.0002 3.0006 0.9742 2.2772
8150 4075.0 3.0067 0.0225 3.0067 0.9871 2.3190
8160 4080.0 3.0106 0.0564 3.0106 0.9808 2.3470
8170 4085.0 2.9538 1.0680 2.9538 0.9947 2.2804
8180 4090.0 2.9630 0.6840 2.9630 0.9786 2.3065
8190 4095.0 3.0504 1.2708 3.0504 0.9946 2.3702
8200 4100.0 3.0051 0.0129 3.0051 0.9675 2.3620
8210 4105.0 2.9844 0.1223 2.9844 0.9982 2.3449
8220 4110.0 3.0305 0.4647 3.0305 0.9497 2.4071
8230 4115.0 3.0151 0.1137 3.0151 1.0130 2.3448
8240 4120.0 2.9926 0.0273 2.9926 0.9526 2.3524
8250 4125.0 2.9455 1.4835 2.9455 1.0157 2.2792
8260 4130.0 2.9814 0.1723 2.9814 0.9572 2.3473
8270 4135.0 3.0136 0.0930 3.0136 0.9966 2.3624
8280 4140.0 3.0320 0.5127 3.0320 0.9660 2.4162
8290 4145.0 2.9917 0.0341 2.9917 0.9853 2.4088
8300 4150.0 2.9640 0.6492 2.9640 0.9804 2.4107
8310 4155.0 2.9427 1.6405 2.9427 0.9780 2.3812
8320 4160.0 2.9907 0.0430 2.9907 1.0081 2.3700
8330 4165.0 3.0623 1.9415 3.0623 0.9701 2.4357
8340 4170.0 2.9597 0.8115 2.9597 1.0280 2.3373
8350 4175.0 2.9383 1.9052 2.9383 0.9391 2.3585
8360 4180.0 2.9917 0.0343 2.9917 1.0344 2.2882
8370 4185.0 2.9830 0.1447 2.9830 0.9479 2.2892
8380 4190.0 2.9779 0.2438 2.9779 1.0243 2.2029
8390 4195.0 3.0632 1.9993 3.0632 0.9420 2.2768
8400 4200.0 3.0227 0.2577 3.0227 1.0209 2.1806
8410 4205.0 2.9493 1.2869 2.9493 0.9542 2.1794
8420 4210.0 2.9119 3.8774 2.9119 1.0023 2.1323
8430 4215.0 3.0642 2.0600 3.0642 0.9722 2.2464
8440 4220.0 3.0903 4.0768 3.0903 0.9938 2.2661
8450 4225.0 2.9492 1.2922 2.9492 0.9815 2.2160
8460 4230.0 2.9417 1.7015 2.9417 0.9803 2.2281
8470 4235.0 3.0818 3.3471 3.0818 1.0239 2.2836
8480 4240.0 3.0275 0.3795 3.0275 0.9526 2.3008
8490 4245.0 2.9015 4.8540 2.9015 1.0227 2.1923
8500 4250.0 2.9799 0.2020 2.9799 0.9385 2.3141
8510 4255.0 3.0417 0.8680 3.0417 1.0352 2.3331
8520 4260.0 3.0147 0.1084 3.0147 0.9404 2.4264
8530 4265.0 2.9445 1.5391 2.9445 1.0111 2.3659
8540 4270.0 3.0063 0.0201 3.0063 0.9638 2.4643
8550 4275.0 2.9508 1.2084 2.9508 1.0084 2.4112
8560 4280.0 2.9420 1.6842 2.9420 0.9751 2.4236
8570 4285.0 3.0411 0.8435 3.0411 0.9930 2.4539
8580 4290.0 3.0553 1.5308 3.0553 0.9895 2.4400
8590 4295.0 2.9908 0.0427 2.9908 0.9729 2.3840
8600 4300.0 2.9961 0.0077 2.9961 0.9947 2.3469
8610 4305.0 3.0487 1.1855 3.0487 0.9699 2.3766
8620 4310.0 2.9360 2.0505 2.9360 1.0122 2.2382
8630 4315.0 2.9341 2.1726 2.9341 0.9554 2.2483
8640 4320.0 3.0697 2.4301 3.0697 0.9980 2.2830
8650 4325.0 3.0844 3.5640 3.0844 0.9693 2.3099
8660 4330.0 2.9334 2.2159 2.9334 1.0028 2.1770
8670 4335.0 2.9132 3.7679 2.9132 0.9436 2.1756
8680 4340.0 3.0249 0.3099 3.0249 1.0259 2.1994
8690 4345.0 3.1059 5.6080 3.1059 0.9544 2.2904
8700 4350.0 2.9691 0.4759 2.9691 1.0254 2.1382
8710 4355.0 2.9547 1.0272 2.9547 0.9405 2.1442
8720 4360.0 2.9992 0.0003 2.9992 1.0201 2.1200
8730 4365.0 3.0608 1.8463 3.0608 0.9611 2.1602
8740 4370.0 2.9642 0.6415 2.9642 1.0245 2.0108
8750 4375.0 2.9798 0.2032 2.9798 0.9424 2.0275
8760 4380.0 2.9910 0.0403 2.9910 1.0242 1.9586
8770 4385.0 3.0423 0.8958 3.0423 0.9578 1.9988
8780 4390.0 3.0256 0.3266 3.0256 1.0286 1.9352
8790 4395.0 2.9907 0.0434 2.9907 0.9509 1.9785
8800 4400.0 2.9690 0.4809 2.9690 1.0330 1.9477
8810 4405.0 3.0115 0.0664 3.0115 0.9556 2.1106
8820 4410.0 2.9628 0.6935 2.9628 1.0175 2.1335
8830 4415.0 3.0297 0.4424 3.0297 0.9625 2.2405
8840 4420.0 3.0193 0.1870 3.0193 1.0043 2.2611
8850 4425.0 3.0102 0.0517 3.0102 0.9867 2.3046
8860 4430.0 2.9717 0.4018 2.9717 0.9699 2.3054
8870 4435.0 2.9252 2.7948 2.9252 1.0147 2.2144
8880 4440.0 2.9655 0.5947 2.9655 0.9628 2.2577
8890 4445.0 3.0494 1.2201 3.0494 1.0174 2.2889
8900 4450.0 3.0472 1.1120 3.0472 0.9665 2.3340
8910 4455.0 2.9361 2.0405 2.9361 1.0099 2.2510
8920 4460.0 2.9462 1.4461 2.9462 0.9474 2.3007
8930 4465.0 3.0014 0.0010 3.0014 1.0240 2.2976
8940 4470.0 3.0579 1.6739 3.0579 0.9533 2.4087
8950 4475.0 2.9605 0.7794 2.9605 1.0085 2.3705
8960 4480.0 2.9192 3.2615 2.9192 0.9514 2.4180
8970 4485.0 2.9591 0.8381 2.9591 0.9866 2.4298
8980 4490.0 3.0475 1.1274 3.0475 0.9957 2.4125
8990 4495.0 2.9875 0.0779 2.9875 0.9776 2.2909
9000 4500.0 2.9017 4.8266 2.9017 1.0022 2.1853
9010 4505.0 2.9649 0.6153 2.9649 0.9859 2.2053
9020 4510.0 3.0044 0.0097 3.0044 1.0069 2.1991
9030 4515.0 2.9654 0.5990 2.9654 0.9646 2.1902
9040 4520.0 3.0186 0.1733 3.0186 1.0048 2.1492
9050 4525.0 3.0211 0.2223 3.0211 0.9918 2.1236
9060 4530.0 2.9004 4.9594 2.9004 0.9990 2.0314
9070 4535.0 2.9209 3.1263 2.9209 0.9766 2.0448
9080 4540.0 3.0518 1.3426 3.0518 0.9957 2.1115
9090 4545.0 3.0657 2.1564 3.0657 0.9821 2.1251
9100 4550.0 2.9548 1.0204 2.9548 0.9838 2.0306
9110 4555.0 2.9747 0.3196 2.9747 0.9782 2.0372
9120 4560.0 3.0503 1.2655 3.0503 1.0087 2.0727
9130 4565.0 3.0471 1.1101 3.0471 0.9823 2.0490
9140 4570.0 2.9423 1.6622 2.9423 0.9941 1.9635
9150 4575.0 2.9287 2.5406 2.9287 0.9800 1.9620
9160 4580.0 3.0330 0.5456 3.0330 1.0033 1.9940
9170 4585.0 3.0204 0.2087 3.0204 0.9869 1.9945
9180 4590.0 2.9862 0.0950 2.9862 0.9801 1.9756
9190 4595.0 3.0313 0.4884 3.0313 1.0208 1.9734
9200 4600.0 3.0188 0.1759 3.0188 0.9746 2.0486
9210 4605.0 2.8547 10.5490 2.8547 1.0028 1.9574
9220 4610.0 2.9016 4.8402 2.9016 0.9517 2.0092
9230 4615.0 3.0939 4.4107 3.0939 1.0388 2.0917
9240 4620.0 3.1158 6.7069 3.1158 0.9502 2.1639
9250 4625.0 2.8614 9.6113 2.8614 1.0545 1.9880
9260 4630.0 2.9486 1.3216 2.9486 0.9112 2.1859
9270 4635.0 3.0143 0.1022 3.0143 1.1026 2.1436
9280 4640.0 3.0928 4.3024 3.0928 0.9243 2.3766
9290 4645.0 2.9289 2.5280 2.9289 1.0704 2.2896
9300 4650.0 3.0139 0.0963 3.0139 0.9130 2.4820
9310 4655.0 2.9597 0.8109 2.9597 1.0882 2.4291
9320 4660.0 2.9646 0.6277 2.9646 0.9299 2.6185
9330 4665.0 2.9602 0.7930 2.9602 1.0222 2.5804
9340 4670.0 3.0955 4.5600 3.0955 0.9882 2.6784
9350 4675.0 3.0836 3.4970 3.0836 1.0009 2.6791
9360 4680.0 2.8779 7.4526 2.8779 1.0235 2.6096
9370 4685.0 2.9078 4.2515 2.9078 0.9010 2.7007
9380 4690.0 2.8295 14.5374 2.8295 1.0701 2.5344
9390 4695.0 2.9800 0.2001 2.9800 0.9113 2.6430
9400 4700.0 2.9322 2.2996 2.9322 1.0461 2.4754
9410 4705.0 3.0637 2.0263 3.0637 0.9561 2.5258
9420 4710.0 3.0643 2.0653 3.0643 1.0231 2.4406
9430 4715.0 3.0517 1.3353 3.0517 0.9872 2.4260
9440 4720.0 2.9706 0.4329 2.9706 1.0028 2.3578
9450 4725.0 2.8898 6.0671 2.8898 1.0177 2.3088
9460 4730.0 2.9039 4.6164 2.9039 0.9396 2.3355
9470 4735.0 2.8948 5.5378 2.8948 1.0636 2.1738
9480 4740.0 3.0804 3.2341 3.0804 0.9678 2.2937
9490 4745.0 3.0473 1.1174 3.0473 1.0516 2.2329
9500 4750.0 2.9607 0.7709 2.9607 0.9465 2.2517
9510 4755.0 2.9398 1.8097 2.9398 1.0518 2.1497
9520 4760.0 3.0282 0.3976 3.0282 0.9678 2.2343
9530 4765.0 2.9150 3.6123 2.9150 1.0214 2.1349
9540 4770.0 2.9786 0.2292 2.9786 0.9440 2.2401
9550 4775.0 3.0173 0.1493 3.0173 1.0370 2.2394
9560 4780.0 2.9919 0.0330 2.9919 0.9398 2.3489
9570 4785.0 2.9300 2.4514 2.9300 1.0275 2.3402
9580 4790.0 2.9790 0.2201 2.9790 0.9481 2.4765
9590 4795.0 2.9066 4.3608 2.9066 1.0025 2.5011
9600 4800.0 2.9047 4.5429 2.9047 0.9612 2.5570
9610 4805.0 2.9472 1.3915 2.9472 0.9717 2.5730
9620 4810.0 3.0183 0.1666 3.0183 1.0019 2.5774
9630 4815.0 3.0086 0.0373 3.0086 0.9711 2.5836
9640 4820.0 2.9684 0.5002 2.9684 0.9818 2.5622
9650 4825.0 2.9896 0.0546 2.9896 0.9874 2.5392
9660 4830.0 3.0014 0.0009 3.0014 0.9860 2.5043
9670 4835.0 2.9521 1.1464 2.9521 0.9840 2.4485
9680 4840.0 2.9791 0.2175 2.9791 0.9778 2.4307
9690 4845.0 2.9989 0.0006 2.9989 1.0039 2.3977
9700 4850.0 2.9999 0.0000 2.9999 0.9656 2.4101
9710 4855.0 3.0180 0.1620 3.0180 1.0025 2.3843
9720 4860.0 2.9920 0.0318 2.9920 0.9664 2.3684
9730 4865.0 2.9351 2.1036 2.9351 1.0003 2.2761
9740 4870.0 2.9537 1.0703 2.9537 0.9784 2.2735
9750 4875.0 3.0595 1.7717 3.0595 0.9880 2.3243
9760 4880.0 3.0658 2.1661 3.0658 0.9727 2.3129
9770 4885.0 2.9809 0.1818 2.9809 0.9834 2.2031
9780 4890.0 2.9279 2.5992 2.9279 0.9865 2.1375
9790 4895.0 2.9947 0.0141 2.9947 0.9785 2.1877
9800 4900.0 3.0810 3.2793 3.0810 0.9796 2.2641
9810 4905.0 3.0468 1.0952 3.0468 0.9609 2.2328
9820 4910.0 2.9755 0.3007 2.9755 1.0014 2.1652
9830 4915.0 2.9380 1.9207 2.9380 0.9821 2.2297
9840 4920.0 2.9848 0.1160 2.9848 0.9952 2.3128
9850 4925.0 3.0245 0.3013 3.0245 0.9784 2.3032
9860 4930.0 3.0161 0.1295 3.0161 0.9711 2.2931
9870 4935.0 3.0634 2.0068 3.0634 0.9926 2.3481
9880 4940.0 3.0163 0.1321 3.0163 0.9607 2.3669
9890 4945.0 2.9177 3.3855 2.9177 1.0255 2.2715
9900 4950.0 2.9224 3.0090 2.9224 0.9386 2.3702
9910 4955.0 3.0893 3.9913 3.0893 1.0240 2.3896
9920 4960.0 3.0727 2.6453 3.0727 0.9466 2.3996
9930 4965.0 3.0169 0.1430 3.0169 1.0154 2.4408
9940 4970.0 2.9608 0.7680 2.9608 0.9758 2.5174
9950 4975.0 3.0392 0.7689 3.0392 0.9852 2.5182
9960 4980.0 3.0739 2.7274 3.0739 1.0012 2.5116
9970 4985.0 2.9684 0.4989 2.9684 0.9347 2.5626
9980 4990.0 2.9762 0.2841 2.9762 1.0411 2.4781
9990 4995.0 2.9975 0.0032 2.9975 0.9226 2.5503
10000 5000.0 3.0161 0.1299 3.0161 1.0497 2.4724
10010 5005.0 2.9324 2.2854 2.9324 0.9384 2.4526
10020 5010.0 3.0148 0.1100 3.0148 1.0521 2.3844
10030 5015.0 3.0207 0.2142 3.0207 0.9418 2.3223
10040 5020.0 3.0329 0.5416 3.0329 1.0351 2.2258
10050 5025.0 2.9755 0.2992 2.9755 0.9593 2.2391
10060 5030.0 3.0533 1.4227 3.0533 1.0150 2.1362
10070 5035.0 3.0260 0.3391 3.0260 0.9633 2.1502
10080 5040.0 2.9438 1.5800 2.9438 1.0177 2.2051
10090 5045.0 2.9189 3.2906 2.9189 0.9627 2.2191
10100 5050.0 3.0602 1.8093 3.0602 1.0266 2.0856
10110 5055.0 3.0378 0.7159 3.0378 0.9561 2.1200
10120 5060.0 2.9777 0.2481 2.9777 1.0156 2.1772
10130 5065.0 2.9454 1.4933 2.9454 0.9662 2.2102
10140 5070.0 3.0553 1.5289 3.0553 1.0087 2.1082
10150 5075.0 3.0398 0.7934 3.0398 0.9677 2.1044
10160 5080.0 2.9811 0.1792 2.9811 1.0034 2.1207
10170 5085.0 2.9475 1.3769 2.9475 0.9815 2.1349
10180 5090.0 3.0448 1.0027 3.0448 1.0024 2.0363
10190 5095.0 3.0431 0.9306 3.0431 0.9935 2.0155
10200 5100.0 2.9719 0.3936 2.9719 0.9922 2.0553
10210 5105.0 2.9983 0.0014 2.9983 0.9981 2.0154
10220 5110.0 3.0418 0.8739 3.0418 0.9913 1.9675
10230 5115.0 2.9836 0.1340 2.9836 1.0200 2.0220
10240 5120.0 2.9368 1.9983 2.9368 0.9910 2.0605
10250 5125.0 3.0584 1.7065 3.0584 0.9975 1.9507
10260 5130.0 3.0993 4.9275 3.0993 0.9581 1.9450
10270 5135.0 3.0741 2.7440 3.0741 1.0048 2.0063
10280 5140.0 2.9319 2.3211 2.9319 0.9588 2.1736
10290 5145.0 2.9340 2.1791 2.9340 1.0198 2.2288
10300 5150.0 2.9909 0.0416 2.9909 0.9715 2.2233
10310 5155.0 2.9892 0.0585 2.9892 1.0200 2.2013
10320 5160.0 2.9452 1.5002 2.9452 0.9697 2.2119
10330 5165.0 3.0740 2.7350 3.0740 1.0089 2.0893
10340 5170.0 3.0879 3.8601 3.0879 0.9903 2.1000
10350 5175.0 2.9588 0.8505 2.9588 1.0135 2.2239
10360 5180.0 2.8218 15.8768 2.8218 1.0048 2.3563
10370 5185.0 3.0053 0.0139 3.0053 1.0029 2.2161
10380 5190.0 3.1720 14.7965 3.1720 0.9683 2.0472
10390 5195.0 3.1163 6.7604 3.1163 0.9572 2.0816
10400 5200.0 2.9404 1.7767 2.9404 1.0150 2.2666
10410 5205.0 2.9174 3.4093 2.9174 0.9611 2.3133
10420 5210.0 2.9704 0.4380 2.9704 1.0322 2.2755
10430 5215.0 2.9009 4.9064 2.9009 0.9516 2.2543
10440 5220.0 3.0726 2.6325 3.0726 1.0135 2.2484
10450 5225.0 3.1556 12.1044 3.1556 0.9290 2.2304
10460 5230.0 3.0538 1.4468 3.0538 1.0197 2.3271
10470 5235.0 2.7857 22.9671 2.7857 0.9797 2.1499
10480 5240.0 2.8882 6.2484 2.8882 1.0386 2.1940
10490 5245.0 3.0547 1.4976 3.0547 0.9650 2.3736
10500 5250.0 3.1493 11.1445 3.1493 0.9899 2.1778
10510 5255.0 3.1162 6.7528 3.1162 0.9582 2.1754
10520 5260.0 3.1021 5.2082 3.1021 0.9723 2.1995
10530 5265.0 3.0293 0.4301 3.0293 0.9803 2.2941
10540 5270.0 2.8927 5.7556 2.8927 1.0258 2.4010
10550 5275.0 2.7961 20.7952 2.7961 0.9937 2.3199
10560 5280.0 2.9498 1.2590 2.9498 1.0221 2.4453
10570 5285.0 3.1054 5.5537 3.1054 0.9516 2.3568
10580 5290.0 3.2079 21.6141 3.2079 0.9654 2.2938
10590 5295.0 3.2133 22.7398 3.2133 0.9634 2.3201
10600 5300.0 3.1255 7.8809 3.1255 0.9456 2.3753
10610 5305.0 2.9573 0.9132 2.9573 1.0192 2.4160
10620 5310.0 2.8409 12.6506 2.8409 0.9822 2.3243
10630 5315.0 3.0115 0.0665 3.0115 1.0233 2.3578
10640 5320.0 3.0279 0.3894 3.0279 0.9598 2.2421
10650 5325.0 3.0196 0.1921 3.0196 0.9967 2.1627
10660 5330.0 3.0463 1.0730 3.0463 0.9731 2.1103
10670 5335.0 3.0960 4.6102 3.0960 0.9833 2.0807
10680 5340.0 3.0631 1.9934 3.0631 0.9910 2.1246
10690 5345.0 2.9331 2.2388 2.9331 0.9922 2.1563
10700 5350.0 2.9019 4.8088 2.9019 1.0179 2.1033
10710 5355.0 2.9966 0.0059 2.9966 0.9899 1.9668
10720 5360.0 3.0919 4.2221 3.0919 1.0025 1.8588
10730 5365.0 3.0934 4.3649 3.0934 0.9933 1.8467
10740 5370.0 3.0213 0.2276 3.0213 0.9840 1.9247
10750 5375.0 2.9689 0.4845 2.9689 1.0120 2.0150
10760 5380.0 2.9426 1.6492 2.9426 1.0067 2.1383
10770 5385.0 2.9454 1.4880 2.9454 0.9918 2.1844
10780 5390.0 2.9765 0.2760 2.9765 0.9935 2.1090
10790 5395.0 3.0234 0.2727 3.0234 0.9830 2.0546
10800 5400.0 3.0567 1.6084 3.0567 0.9709 2.0708
10810 5405.0 3.0467 1.0907 3.0467 0.9981 2.0801
10820 5410.0 2.9241 2.8832 2.9241 0.9817 2.1008
10830 5415.0 2.9202 3.1846 2.9202 1.0189 2.0392
10840 5420.0 3.0161 0.1298 3.0161 0.9767 1.9674
10850 5425.0 3.0833 3.4694 3.0833 1.0099 1.8641
10860 5430.0 3.0793 3.1460 3.0793 0.9844 1.8706
10870 5435.0 3.0709 2.5159 3.0709 1.0097 1.8485
10880 5440.0 3.0699 2.4398 3.0699 0.9839 1.8680
10890 5445.0 3.0552 1.5242 3.0552 0.9983 1.8604
10900 5450.0 2.9820 0.1622 2.9820 0.9964 1.9103
10910 5455.0 2.9173 3.4168 2.9173 1.0030 1.9561
10920 5460.0 2.9472 1.3922 2.9472 1.0095 1.9671
10930 5465.0 2.9634 0.6693 2.9634 0.9963 1.9807
10940 5470.0 2.9718 0.3982 2.9718 0.9898 1.9805
10950 5475.0 3.0112 0.0622 3.0112 1.0000 1.9743
10960 5480.0 3.0204 0.2074 3.0204 0.9690 1.9987
10970 5485.0 2.9692 0.4737 2.9692 1.0047 1.9710
10980 5490.0 3.0047 0.0111 3.0047 0.9769 1.9565
10990 5495.0 3.0281 0.3942 3.0281 1.0084 1.9369
11000 5500.0 3.0451 1.0185 3.0451 0.9795 1.9632
11010 5505.0 3.0306 0.4686 3.0306 1.0082 1.9662
11020 5510.0 3.0525 1.3770 3.0525 1.0022 1.9659
11030 5515.0 3.0561 1.5759 3.0561 1.0083 1.9501
11040 5520.0 3.0529 1.4017 3.0529 0.9929 1.9705
11050 5525.0 3.0239 0.2854 3.0239 0.9991 2.0009
11060 5530.0 3.0188 0.1771 3.0188 0.9754 2.0417
11070 5535.0 2.9951 0.0121 2.9951 1.0008 2.0513
11080 5540.0 3.0194 0.1883 3.0194 0.9682 2.0761
11090 5545.0 2.9931 0.0238 2.9931 0.9989 2.0858
11100 5550.0 3.0219 0.2396 3.0219 0.9732 2.1329
11110 5555.0 3.0154 0.1182 3.0154 0.9979 2.1016
11120 5560.0 3.0271 0.3664 3.0271 0.9929 2.0453
11130 5565.0 3.0419 0.8782 3.0419 0.9787 2.0037
11140 5570.0 3.0075 0.0279 3.0075 1.0087 1.9474
11150 5575.0 3.0314 0.4916 3.0314 0.9783 1.9778
11160 5580.0 3.0133 0.0885 3.0133 1.0064 1.9252
11170 5585.0 3.0566 1.6009 3.0566 0.9916 1.8875
11180 5590.0 3.0566 1.6034 3.0566 1.0018 1.8517
11190 5595.0 3.0422 0.8900 3.0422 1.0191 1.8232
11200 5600.0 3.0540 1.4605 3.0540 1.0076 1.8224
11210 5605.0 3.0397 0.7867 3.0397 1.0304 1.8518
11220 5610.0 3.0692 2.3968 3.0692 0.9832 1.9633
11230 5615.0 3.0211 0.2216 3.0211 1.0336 2.0020
11240 5620.0 3.0906 4.1065 3.0906 0.9752 2.1087
11250 5625.0 3.0279 0.3882 3.0279 1.0221 2.0393
11260 5630.0 3.0318 0.5056 3.0318 0.9731 1.9812
11270 5635.0 2.9600 0.7995 2.9600 1.0013 1.9537
11280 5640.0 2.9499 1.2566 2.9499 0.9590 2.0680
11290 5645.0 2.9171 3.4355 2.9171 0.9878 2.1156
11300 5650.0 2.9743 0.3310 2.9743 0.9492 2.1589
11310 5655.0 2.9888 0.0628 2.9888 0.9934 2.2175
11320 5660.0 3.0678 2.2978 3.0678 0.9823 2.3463
11330 5665.0 3.0286 0.4087 3.0286 1.0007 2.3306
11340 5670.0 2.9236 2.9172 2.9236 0.9823 2.1601
11350 5675.0 2.9747 0.3188 2.9747 0.9199 2.1201
11360 5680.0 2.9690 0.4815 2.9690 1.0335 2.0908
11370 5685.0 3.1004 5.0441 3.1004 0.9689 2.0932
11380 5690.0 3.0525 1.3781 3.0525 1.0291 1.9333
11390 5695.0 3.0771 2.9732 3.0771 0.9814 1.9032
11400 5700.0 3.0309 0.4768 3.0309 1.0301 1.8486
11410 5705.0 3.0265 0.3511 3.0265 0.9916 1.8523
11420 5710.0 2.9525 1.1287 2.9525 0.9913 1.8419
11430 5715.0 2.8894 6.1205 2.8894 0.9934 1.8472
11440 5720.0 2.9253 2.7911 2.9253 0.9481 1.8968
11450 5725.0 2.9137 3.7203 2.9137 1.0048 1.8948
11460 5730.0 3.0242 0.2931 3.0242 0.9642 1.9858
11470 5735.0 3.0480 1.1528 3.0480 1.0324 1.9828
11480 5740.0 3.1139 6.4823 3.1139 0.9704 2.0188
11490 5745.0 3.0709 2.5161 3.0709 1.0239 1.9429
11500 5750.0 3.0814 3.3163 3.0814 0.9826 1.9309
11510 5755.0 3.0040 0.0078 3.0040 1.0103 1.8703
11520 5760.0 2.9473 1.3862 2.9473 0.9889 1.8486
11530 5765.0 2.9339 2.1867 2.9339 0.9883 1.8281
11540 5770.0 2.9649 0.6153 2.9649 0.9911 1.8247
11550 5775.0 3.0294 0.4312 3.0294 1.0073 1.8283
11560 5780.0 3.0589 1.7320 3.0589 1.0125 1.8482
11570 5785.0 3.0397 0.7870 3.0397 1.0045 1.8736
11580 5790.0 3.0352 0.6210 3.0352 1.0085 1.9108
11590 5795.0 3.0743 2.7590 3.0743 1.0022 1.9490
11600 5800.0 3.0417 0.8688 3.0417 1.0144 1.9164
11610 5805.0 2.9516 1.1730 2.9516 0.9818 1.9164
11620 5810.0 2.8862 6.4738 2.8862 0.9753 1.9528
11630 5815.0 2.9817 0.1670 2.9817 0.9664 2.0012
11640 5820.0 3.0911 4.1504 3.0911 1.0414 2.0248
11650 5825.0 3.1374 9.4355 3.1374 0.9810 2.0673
11660 5830.0 2.9941 0.0175 2.9941 1.0121 2.0042
11670 5835.0 2.9717 0.3998 2.9717 0.9550 1.9873
11680 5840.0 2.9485 1.3238 2.9485 1.0063 1.9116
11690 5845.0 2.9937 0.0200 2.9937 0.9725 1.9766
11700 5850.0 2.9749 0.3149 2.9749 0.9943 2.0576
11710 5855.0 3.0023 0.0026 3.0023 0.9713 2.1159
11720 5860.0 3.0251 0.3151 3.0251 0.9858 2.0822
11730 5865.0 3.0707 2.4986 3.0707 1.0133 2.0696
11740 5870.0 3.0600 1.7988 3.0600 0.9900 2.0458
11750 5875.0 2.9869 0.0859 2.9869 0.9974 1.9700
11760 5880.0 3.0101 0.0508 3.0101 0.9749 1.9516
11770 5885.0 3.0323 0.5204 3.0323 1.0234 1.9077
11780 5890.0 3.0082 0.0335 3.0082 0.9945 1.8977
11790 5895.0 2.8954 5.4726 2.8954 1.0044 1.8460
11800 5900.0 2.9500 1.2503 2.9500 0.9608 1.9103
11810 5905.0 2.9621 0.7188 2.9621 1.0310 1.9043
11820 5910.0 2.9919 0.0324 2.9919 0.9607 1.9698
11830 5915.0 2.9722 0.3874 2.9722 0.9933 1.9505
11840 5920.0 3.0579 1.6759 3.0579 0.9968 1.9709
11850 5925.0 3.0489 1.1973 3.0489 1.0175 1.9397
11860 5930.0 2.9966 0.0058 2.9966 0.9928 1.9168
11870 5935.0 2.9750 0.3133 2.9750 1.0062 1.8886
11880 5940.0 3.0036 0.0066 3.0036 1.0223 1.8793
11890 5945.0 3.0019 0.0018 3.0019 0.9938 1.9007
11900 5950.0 2.9428 1.6384 2.9428 0.9888 1.9252
11910 5955.0 2.9888 0.0628 2.9888 0.9788 1.9827
11920 5960.0 3.0190 0.1812 3.0190 1.0203 2.0208
11930 5965.0 3.0443 0.9795 3.0443 0.9769 2.0921
11940 5970.0 2.9881 0.0713 2.9881 1.0023 2.0891
11950 5975.0 3.0287 0.4132 3.0287 0.9580 2.1496
11960 5980.0 2.9947 0.0140 2.9947 1.0135 2.1427
11970 5985.0 3.0175 0.1529 3.0175 0.9576 2.1258
11980 5990.0 2.9257 2.7570 2.9257 1.0207 1.9994
11990 5995.0 2.9703 0.4416 2.9703 0.9538 2.0035
12000 6000.0 2.9657 0.5882 2.9657 1.0301 1.9188
12010 6005.0 2.9998 0.0000 2.9998 0.9866 1.9521
12020 6010.0 2.9627 0.6939 2.9627 0.9867 1.9513
12030 6015.0 2.9860 0.0985 2.9860 0.9994 1.9559
12040 6020.0 3.0696 2.4218 3.0696 1.0027 1.9985
12050 6025.0 3.0581 1.6852 3.0581 1.0180 1.9708
12060 6030.0 2.9838 0.1307 2.9838 0.9993 1.8686
12070 6035.0 2.9376 1.9466 2.9376 0.9869 1.7792
12080 6040.0 2.9549 1.0170 2.9549 0.9868 1.7300
12090 6045.0 2.9867 0.0883 2.9867 1.0068 1.7138
12100 6050.0 2.9950 0.0124 2.9950 0.9993 1.7443
12110 6055.0 3.0325 0.5277 3.0325 1.0008 1.7850
12120 6060.0 3.0697 2.4265 3.0697 1.0097 1.8339
12130 6065.0 3.0706 2.4928 3.0706 1.0157 1.8861
12140 6070.0 3.0715 2.5564 3.0715 1.0021 1.9620
12150 6075.0 3.0300 0.4491 3.0300 1.0212 2.0351
12160 6080.0 3.0467 1.0920 3.0467 0.9844 2.1706
12170 6085.0 3.0354 0.6250 3.0354 0.9969 2.2312
12180 6090.0 3.0261 0.3415 3.0261 0.9747 2.2133
12190 6095.0 2.9628 0.6936 2.9628 0.9950 2.1717
12200 6100.0 2.9531 1.0987 2.9531 0.9614 2.1995
12210 6105.0 2.9346 2.1415 2.9346 0.9641 2.1823
12220 6110.0 2.9435 1.5950 2.9435 0.9866 2.1673
12230 6115.0 2.9789 0.2216 2.9789 0.9750 2.1844
12240 6120.0 2.9999 0.0000 2.9999 0.9968 2.2394
12250 6125.0 3.0408 0.8313 3.0408 0.9637 2.2581
12260 6130.0 3.0060 0.0180 3.0060 0.9920 2.1825
12270 6135.0 3.0020 0.0019 3.0020 0.9802 2.1094
12280 6140.0 2.9816 0.1693 2.9816 0.9886 2.0153
12290 6145.0 3.0094 0.0441 3.0094 0.9888 1.9489
12300 6150.0 3.0486 1.1821 3.0486 1.0117 1.9166
12310 6155.0 3.0415 0.8627 3.0415 0.9974 1.9024
12320 6160.0 2.9890 0.0603 2.9890 0.9964 1.8561
12330 6165.0 3.0101 0.0513 3.0101 0.9862 1.8902
12340 6170.0 3.0104 0.0539 3.0104 1.0102 1.9145
12350 6175.0 2.9479 1.3580 2.9479 0.9813 1.9233
12360 6180.0 2.9359 2.0566 2.9359 0.9689 1.9258
12370 6185.0 3.0067 0.0222 3.0067 1.0114 1.9641
12380 6190.0 3.0867 3.7575 3.0867 0.9795 2.0288
12390 6195.0 2.9630 0.6834 2.9630 1.0085 1.9549
12400 6200.0 2.9375 1.9561 2.9375 0.9416 1.9961
12410 6205.0 2.9407 1.7565 2.9407 1.0169 1.9981
12420 6210.0 3.0550 1.5144 3.0550 0.9598 2.0397
12430 6215.0 2.9703 0.4409 2.9703 1.0277 1.9083
12440 6220.0 3.0102 0.0517 3.0102 0.9541 1.9079
12450 6225.0 3.0471 1.1104 3.0471 1.0354 1.8797
12460 6230.0 3.0446 0.9943 3.0446 0.9693 1.9174
12470 6235.0 2.8912 5.9210 2.8912 1.0108 1.8410
12480 6240.0 2.9425 1.6556 2.9425 0.9553 1.9218
12490 6245.0 3.0011 0.0006 3.0011 1.0210 1.9514
12500 6250.0 3.0239 0.2858 3.0239 0.9837 2.0035
12510 6255.0 2.9713 0.4130 2.9713 0.9778 2.0004
12520 6260.0 3.0322 0.5194 3.0322 1.0087 1.9845
12530 6265.0 3.1441 10.3809 3.1441 1.0189 1.9839
12540 6270.0 3.0262 0.3437 3.0262 1.0175 1.8678
12550 6275.0 2.9099 4.0589 2.9099 0.9954 1.8269
12560 6280.0 2.9265 2.7036 2.9265 1.0034 1.8183
12570 6285.0 2.9939 0.0184 2.9939 1.0297 1.8109
12580 6290.0 2.9714 0.4076 2.9714 0.9963 1.8196
12590 6295.0 2.9393 1.8393 2.9393 0.9871 1.8106
12600 6300.0 3.0473 1.1185 3.0473 1.0192 1.8174
12610 6305.0 3.1159 6.7159 3.1159 1.0552 1.8355
12620 6310.0 3.0724 2.6177 3.0724 0.9809 1.8484
12630 6315.0 2.9041 4.5962 2.9041 1.0456 1.7380
12640 6320.0 2.9388 1.8743 2.9388 0.9690 1.8115
12650 6325.0 2.9060 4.4152 2.9060 1.0272 1.7612
12660 6330.0 2.9516 1.1692 2.9516 0.9913 1.8004
12670 6335.0 2.9756 0.2975 2.9756 0.9986 1.8083
12680 6340.0 3.0442 0.9760 3.0442 1.0187 1.8227
12690 6345.0 3.0449 1.0068 3.0449 1.0303 1.8244
12700 6350.0 2.9931 0.0239 2.9931 0.9989 1.8297
12710 6355.0 2.9600 0.8005 2.9600 0.9790 1.8133
12720 6360.0 2.9417 1.6993 2.9417 1.0283 1.7450
12730 6365.0 3.0022 0.0024 3.0022 1.0065 1.7726
12740 6370.0 2.9718 0.3972 2.9718 0.9984 1.7765
12750 6375.0 2.9599 0.8023 2.9599 0.9958 1.8142
12760 6380.0 3.0069 0.0236 3.0069 1.0258 1.9052
12770 6385.0 3.0559 1.5617 3.0559 0.9961 1.9948
12780 6390.0 2.9862 0.0947 2.9862 1.0118 1.9392
12790 6395.0 3.0083 0.0344 3.0083 0.9549 1.9398
12800 6400.0 3.0131 0.0856 3.0131 1.0329 1.9084
12810 6405.0 3.1019 5.1940 3.1019 0.9644 1.9965
12820 6410.0 3.0138 0.0953 3.0138 1.0320 1.9573
12830 6415.0 2.9931 0.0237 2.9931 0.9372 1.9965
12840 6420.0 2.9270 2.6611 2.9270 1.0082 1.9637
12850 6425.0 3.0230 0.2653 3.0230 0.9660 2.0503
12860 6430.0 3.0610 1.8578 3.0610 0.9977 2.0567
12870 6435.0 3.0821 3.3712 3.0821 0.9909 2.1031
12880 6440.0 3.0425 0.9049 3.0425 0.9766 2.1359
12890 6445.0 2.9776 0.2511 2.9776 0.9848 2.1361
12900 6450.0 2.9470 1.4065 2.9470 0.9658 2.0979
12910 6455.0 2.9740 0.3391 2.9740 0.9866 2.1201
12920 6460.0 3.0255 0.3251 3.0255 0.9804 2.1215
12930 6465.0 2.9900 0.0500 2.9900 0.9945 2.0148
12940 6470.0 3.0467 1.0911 3.0467 0.9765 1.9513
12950 6475.0 3.0760 2.8851 3.0760 1.0509 1.8684
12960 6480.0 3.0301 0.4542 3.0301 0.9715 1.8906
12970 6485.0 2.9377 1.9392 2.9377 1.0098 1.8534
12980 6490.0 3.0325 0.5291 3.0325 0.9870 1.9264
12990 6495.0 3.0304 0.4617 3.0304 1.0216 1.9239
13000 6500.0 2.9726 0.3744 2.9726 0.9761 1.9698
13010 6505.0 2.9171 3.4370 2.9171 0.9977 2.0059
13020 6510.0 2.9640 0.6493 2.9640 0.9577 2.1016
13030 6515.0 2.9591 0.8349 2.9591 0.9973 2.1503
13040 6520.0 2.9692 0.4754 2.9692 0.9854 2.2011
13050 6525.0 3.0180 0.1614 3.0180 0.9560 2.2489
13060 6530.0 3.0108 0.0580 3.0108 1.0036 2.2520
13070 6535.0 3.0437 0.9535 3.0437 0.9743 2.2118
13080 6540.0 2.9764 0.2775 2.9764 0.9996 2.0330
13090 6545.0 2.9758 0.2940 2.9758 0.9666 1.9113
13100 6550.0 2.9870 0.0848 2.9870 1.0014 1.8228
13110 6555.0 3.0799 3.1881 3.0799 1.0036 1.8433
13120 6560.0 3.0572 1.6357 3.0572 1.0053 1.8065
13130 6565.0 2.9791 0.2193 2.9791 0.9673 1.7920
13140 6570.0 2.9640 0.6468 2.9640 0.9978 1.7851
13150 6575.0 3.0042 0.0089 3.0042 0.9876 1.8384
13160 6580.0 3.0267 0.3560 3.0267 0.9904 1.8511
13170 6585.0 3.0457 1.0448 3.0457 0.9816 1.8768
13180 6590.0 3.0042 0.0090 3.0042 0.9892 1.8664
13190 6595.0 2.9506 1.2220 2.9506 0.9978 1.8512
13200 6600.0 2.9539 1.0616 2.9539 0.9833 1.8770
13210 6605.0 3.0194 0.1873 3.0194 0.9975 1.9305
13220 6610.0 3.0536 1.4348 3.0536 0.9888 1.9765
13230 6615.0 3.0088 0.0384 3.0088 0.9863 1.9400
13240 6620.0 2.9479 1.3596 2.9479 0.9985 1.8779
13250 6625.0 2.9467 1.4225 2.9467 0.9785 1.8626
13260 6630.0 2.9849 0.1134 2.9849 1.0056 1.8261
13270 6635.0 3.0707 2.5014 3.0707 0.9829 1.8517
13280 6640.0 3.0617 1.9054 3.0617 1.0196 1.8213
13290 6645.0 2.9918 0.0337 2.9918 0.9805 1.8524
13300 6650.0 2.9815 0.1706 2.9815 0.9926 1.8941
13310 6655.0 3.0088 0.0390 3.0088 0.9958 1.9330
13320 6660.0 3.0359 0.6462 3.0359 0.9833 1.9794
13330 6665.0 2.9987 0.0009 2.9987 0.9991 1.9858
13340 6670.0 3.0045 0.0101 3.0045 0.9748 2.0384
13350 6675.0 2.9698 0.4559 2.9698 1.0114 2.0106
13360 6680.0 2.9792 0.2155 2.9792 0.9688 1.9871
13370 6685.0 2.9661 0.5753 2.9661 1.0016 1.9156
13380 6690.0 3.0283 0.4002 3.0283 0.9991 1.9124
13390 6695.0 3.0139 0.0962 3.0139 1.0151 1.8819
13400 6700.0 2.9495 1.2746 2.9495 0.9869 1.8825
13410 6705.0 2.9489 1.3037 2.9489 0.9768 1.9010
13420 6710.0 3.0131 0.0857 3.0131 1.0009 1.9013
13430 6715.0 3.0536 1.4341 3.0536 1.0221 1.9063
13440 6720.0 3.0381 0.7245 3.0381 0.9890 1.9253
13450 6725.0 2.9777 0.2482 2.9777 0.9924 1.9011
13460 6730.0 2.9922 0.0305 2.9922 0.9883 1.8976
13470 6735.0 3.0026 0.0033 3.0026 1.0170 1.8926
13480 6740.0 3.0014 0.0010 3.0014 0.9769 1.9498
13490 6745.0 2.9875 0.0782 2.9875 1.0042 1.9482
13500 6750.0 3.0370 0.6848 3.0370 0.9980 1.9798
13510 6755.0 3.0356 0.6352 3.0356 1.0004 2.0398
13520 6760.0 2.9851 0.1105 2.9851 0.9945 2.1467
13530 6765.0 2.9786 0.2296 2.9786 0.9827 2.2618
13540 6770.0 3.0118 0.0698 3.0118 0.9879 2.3516
13550 6775.0 3.0154 0.1191 3.0154 0.9624 2.3995
13560 6780.0 2.9487 1.3155 2.9487 0.9966 2.3504
13570 6785.0 2.9431 1.6192 2.9431 0.9681 2.3111
13580 6790.0 2.9547 1.0282 2.9547 1.0092 2.2238
13590 6795.0 2.9899 0.0509 2.9899 0.9713 2.1911
13600 6800.0 2.9837 0.1323 2.9837 0.9919 2.1215
13610 6805.0 2.9904 0.0458 2.9904 0.9855 2.0850
13620 6810.0 2.9983 0.0015 2.9983 0.9815 2.0386
13630 6815.0 2.9635 0.6674 2.9635 0.9907 1.9576
13640 6820.0 2.9678 0.5188 2.9678 0.9868 1.9047
13650 6825.0 2.9855 0.1056 2.9855 0.9995 1.8554
13660 6830.0 3.0060 0.0178 3.0060 0.9895 1.8422
13670 6835.0 2.9749 0.3139 2.9749 0.9948 1.8140
13680 6840.0 3.0130 0.0851 3.0130 0.9804 1.8557
13690 6845.0 3.0365 0.6674 3.0365 1.0261 1.8606
13700 6850.0 2.9557 0.9824 2.9557 0.9738 1.8979
13710 6855.0 2.9240 2.8885 2.9240 0.9979 1.9087
13720 6860.0 3.0281 0.3958 3.0281 0.9914 1.9902
13730 6865.0 3.0496 1.2306 3.0496 1.0051 2.0253
13740 6870.0 3.0052 0.0133 3.0052 0.9808 2.0583
13750 6875.0 3.0033 0.0053 3.0033 0.9986 2.0509
13760 6880.0 2.9994 0.0002 2.9994 0.9983 2.0442
13770 6885.0 2.9215 3.0841 2.9215 0.9946 2.0038
13780 6890.0 2.9265 2.7007 2.9265 0.9921 2.0032
13790 6895.0 3.0171 0.1461 3.0171 0.9862 2.0432
13800 6900.0 3.0144 0.1044 3.0144 1.0070 2.0101
13810 6905.0 2.9733 0.3559 2.9733 0.9816 1.9794
13820 6910.0 3.0081 0.0329 3.0081 1.0198 1.9533
13830 6915.0 2.9915 0.0362 2.9915 1.0290 1.9030
13840 6920.0 2.9504 1.2302 2.9504 0.9828 1.8793
13850 6925.0 2.9809 0.1833 2.9809 1.0362 1.8398
13860 6930.0 3.0720 2.5918 3.0720 0.9641 1.9200
13870 6935.0 3.0057 0.0160 3.0057 1.0407 1.8315
13880 6940.0 3.0161 0.1298 3.0161 0.9549 1.9054
13890 6945.0 3.0506 1.2784 3.0506 1.0248 1.9191
13900 6950.0 2.9721 0.3884 2.9721 0.9968 1.8963
13910 6955.0 2.8964 5.3715 2.8964 0.9867 1.8650
13920 6960.0 2.9883 0.0685 2.9883 1.0267 1.8905
13930 6965.0 3.0450 1.0120 3.0450 0.9845 1.9529
13940 6970.0 2.9755 0.3013 2.9755 1.0030 1.9109
13950 6975.0 3.0157 0.1233 3.0157 0.9813 1.9559
13960 6980.0 2.9982 0.0016 2.9982 1.0223 1.9355
13970 6985.0 2.9119 3.8765 2.9119 0.9824 1.9407
13980 6990.0 2.8785 7.3785 2.8785 0.9752 1.9845
13990 6995.0 2.9541 1.0556 2.9541 0.9825 2.1087
14000 7000.0 2.9684 0.4994 2.9684 0.9908 2.1845
14010 7005.0 3.0217 0.2347 3.0217 0.9940 2.2824
14020 7010.0 3.0781 3.0523 3.0781 1.0248 2.3618
14030 7015.0 3.0889 3.9530 3.0889 0.9979 2.3302
14040 7020.0 3.0331 0.5481 3.0331 1.0072 2.2118
14050 7025.0 3.0642 2.0604 3.0642 0.9997 2.1680
14060 7030.0 3.0262 0.3432 3.0262 1.0189 2.0770
14070 7035.0 2.9491 1.2975 2.9491 0.9759 1.9810
14080 7040.0 2.9591 0.8357 2.9591 0.9699 2.0089
14090 7045.0 3.0460 1.0564 3.0460 1.0241 2.1760
14100 7050.0 3.1154 6.6638 3.1154 1.0296 2.3548
14110 7055.0 3.0430 0.9228 3.0430 1.0005 2.3686
14120 7060.0 3.0017 0.0014 3.0017 0.9786 2.3423
14130 7065.0 2.9820 0.1629 2.9820 1.0141 2.3123
14140 7070.0 2.9832 0.1407 2.9832 0.9785 2.2888
14150 7075.0 2.9159 3.5327 2.9159 0.9789 2.2383
14160 7080.0 2.9540 1.0568 2.9540 0.9890 2.2350
14170 7085.0 3.0897 4.0250 3.0897 1.0069 2.2965
14180 7090.0 3.1248 7.7906 3.1248 1.0325 2.3079
14190 7095.0 3.0879 3.8661 3.0879 0.9935 2.2829
14200 7100.0 3.0385 0.7410 3.0385 1.0093 2.2392
14210 7105.0 3.0693 2.3979 3.0693 0.9739 2.2629
14220 7110.0 2.9862 0.0954 2.9862 1.0288 2.1721
14230 7115.0 2.8940 5.6177 2.8940 0.9554 2.1782
14240 7120.0 2.8745 7.8698 2.8745 1.0190 2.1843
14250 7125.0 3.0702 2.4663 3.0702 0.9847 2.4180
14260 7130.0 3.1049 5.5053 3.1049 1.0366 2.5084
14270 7135.0 2.9613 0.7491 2.9613 0.9735 2.3336
14280 7140.0 2.9187 3.3072 2.9187 0.9958 2.2206
14290 7145.0 3.0674 2.2695 3.0674 1.0114 2.3000
14300 7150.0 2.9252 2.7950 2.9252 0.9956 2.2338
14310 7155.0 2.8504 11.1839 2.8504 0.9330 2.2817
14320 7160.0 2.9575 0.9042 2.9575 1.0321 2.4986
14330 7165.0 3.0807 3.2545 3.0807 0.9977 2.6183
14340 7170.0 2.8957 5.4418 2.8957 1.0052 2.4323
14350 7175.0 2.9942 0.0171 2.9942 0.9470 2.4876
14360 7180.0 3.1155 6.6655 3.1155 1.0572 2.6164
14370 7185.0 3.0231 0.2671 3.0231 0.9826 2.5154
14380 7190.0 2.8956 5.4522 2.8956 0.9721 2.4019
14390 7195.0 2.9454 1.4923 2.9454 0.9818 2.4157
14400 7200.0 3.0253 0.3207 3.0253 1.0099 2.4436
14410 7205.0 2.9707 0.4297 2.9707 0.9901 2.3526
14420 7210.0 2.9296 2.4807 2.9296 0.9708 2.2889
14430 7215.0 3.0031 0.0049 3.0031 1.0033 2.3277
14440 7220.0 3.0759 2.8802 3.0759 1.0071 2.3535
14450 7225.0 2.9665 0.5599 2.9665 0.9932 2.1977
14460 7230.0 2.9516 1.1691 2.9516 0.9679 2.1523
14470 7235.0 3.0543 1.4738 3.0543 1.0236 2.2654
14480 7240.0 3.0768 2.9494 3.0768 0.9914 2.3248
14490 7245.0 2.9294 2.4913 2.9294 1.0114 2.2563
14500 7250.0 2.8971 5.2947 2.8971 0.9518 2.3036
14510 7255.0 2.9699 0.4516 2.9699 1.0257 2.4581
14520 7260.0 3.0721 2.5981 3.0721 1.0272 2.5057
14530 7265.0 3.0153 0.1177 3.0153 1.0007 2.5605
14540 7270.0 2.9558 0.9758 2.9558 0.9873 2.5775
14550 7275.0 3.0208 0.2162 3.0208 1.0328 2.5365
14560 7280.0 3.0683 2.3353 3.0683 1.0225 2.4994
14570 7285.0 2.9639 0.6531 2.9639 0.9856 2.3690
14580 7290.0 2.9924 0.0289 2.9924 0.9888 2.4015
14590 7295.0 3.0742 2.7525 3.0742 1.0174 2.5168
14600 7300.0 2.9712 0.4149 2.9712 1.0176 2.5756
14610 7305.0 2.9274 2.6329 2.9274 0.9817 2.6964
14620 7310.0 3.0206 0.2128 3.0206 1.0024 2.8410
14630 7315.0 3.0655 2.1437 3.0655 1.0024 2.8372
14640 7320.0 2.9330 2.2478 2.9330 1.0137 2.6151
14650 7325.0 2.9092 4.1190 2.9092 0.9845 2.4536
14660 7330.0 3.0232 0.2697 3.0232 1.0119 2.4518
14670 7335.0 3.0785 3.0801 3.0785 1.0020 2.4980
14680 7340.0 3.0130 0.0839 3.0130 1.0081 2.5088
14690 7345.0 3.0110 0.0608 3.0110 0.9903 2.5559
14700 7350.0 3.0469 1.1007 3.0469 1.0247 2.5949
14710 7355.0 2.9526 1.1217 2.9526 1.0025 2.5114
14720 7360.0 2.8236 15.5499 2.8236 0.9753 2.4202
14730 7365.0 2.8746 7.8565 2.8746 0.9789 2.4742
14740 7370.0 3.0021 0.0023 3.0021 0.9964 2.5964
14750 7375.0 3.0097 0.0475 3.0097 0.9875 2.5625
14760 7380.0 2.9830 0.1449 2.9830 0.9918 2.4352
14770 7385.0 3.0721 2.5992 3.0721 1.0010 2.3993
14780 7390.0 3.0977 4.7699 3.0977 1.0074 2.3457
14790 7395.0 2.9156 3.5631 2.9156 1.0045 2.1718
14800 7400.0 2.8516 11.0133 2.8516 0.9420 2.1562
14810 7405.0 2.8749 7.8298 2.8749 1.0149 2.1965
14820 7410.0 2.9909 0.0411 2.9909 0.9714 2.3005
14830 7415.0 3.0174 0.1515 3.0174 1.0152 2.3119
14840 7420.0 3.1133 6.4134 3.1133 1.0121 2.4299
14850 7425.0 3.1255 7.8783 3.1255 1.0496 2.5485
14860 7430.0 3.0895 4.0092 3.0895 1.0008 2.6184
14870 7435.0 3.0366 0.6707 3.0366 1.0051 2.6260
14880 7440.0 2.9975 0.0031 2.9975 1.0101 2.5613
14890 7445.0 2.9221 3.0343 2.9221 1.0124 2.4708
14900 7450.0 2.9082 4.2133 2.9082 0.9811 2.5072
14910 7455.0 3.0204 0.2086 3.0204 1.0384 2.6311
14920 7460.0 3.1227 7.5238 3.1227 1.0176 2.5060
14930 7465.0 2.9185 3.3251 2.9185 1.0228 2.7036
14940 7470.0 2.9501 1.2471 2.9501 0.9906 2.7029
14950 7475.0 3.0213 0.2268 3.0213 1.0692 2.6561
14960 7480.0 2.9104 4.0177 2.9104 1.0137 2.6451
14970 7485.0 2.9229 2.9756 2.9229 1.0144 2.6544
14980 7490.0 3.0744 2.7643 3.0744 1.0327 2.7076
14990 7495.0 3.0407 0.8297 3.0407 0.9849 2.7581
15000 7500.0 2.9524 1.1309 2.9524 1.0557 2.6809
15010 7505.0 3.0850 3.6115 3.0850 0.9655 2.6823
15020 7510.0 3.0658 2.1659 3.0658 1.0618 2.6444
15030 7515.0 2.9943 0.0161 2.9943 0.9642 2.5797
15040 7520.0 3.0045 0.0102 3.0045 1.0219 2.6166
15050 7525.0 3.0866 3.7511 3.0866 1.0027 2.7031
15060 7530.0 2.9803 0.1933 2.9803 1.0440 2.6497
15070 7535.0 2.9419 1.6858 2.9419 0.9489 2.5716
15080 7540.0 2.9455 1.4847 2.9455 0.9865 2.6032
15090 7545.0 2.9704 0.4391 2.9704 1.0177 2.6410
15100 7550.0 2.9673 0.5354 2.9673 0.9470 2.5679
15110 7555.0 2.8707 8.3613 2.8707 1.0371 2.4795
15120 7560.0 3.0347 0.6015 3.0347 0.9616 2.5514
15130 7565.0 3.0334 0.5577 3.0334 1.0607 2.5537
15140 7570.0 3.0277 0.3845 3.0277 0.9761 2.5304
15150 7575.0 2.9696 0.4631 2.9696 1.0278 2.5512
15160 7580.0 3.0511 1.3039 3.0511 1.0116 2.6685
15170 7585.0 2.9773 0.2583 2.9773 1.0285 2.5984
15180 7590.0 2.9275 2.6264 2.9275 0.9750 2.4652
15190 7595.0 3.0040 0.0079 3.0040 0.9639 2.4810
15200 7600.0 3.0614 1.8858 3.0614 1.0263 2.5172
15210 7605.0 2.9973 0.0036 2.9973 0.9476 2.4984
15220 7610.0 2.8860 6.4947 2.8860 1.0058 2.4426
15230 7615.0 2.9808 0.1847 2.9808 0.9661 2.5256
15240 7620.0 3.0319 0.5082 3.0319 0.9784 2.5550
15250 7625.0 2.9658 0.5850 2.9658 1.0018 2.4982
15260 7630.0 2.9567 0.9379 2.9567 0.9387 2.5104
15270 7635.0 2.9784 0.2336 2.9784 1.0283 2.5177
15280 7640.0 2.9594 0.8231 2.9594 0.9443 2.5065
15290 7645.0 2.8904 6.0048 2.8904 0.9962 2.4245
15300 7650.0 2.9881 0.0708 2.9881 0.9817 2.4290
15310 7655.0 3.0352 0.6190 3.0352 0.9927 2.3770
15320 7660.0 2.9675 0.5275 2.9675 0.9978 2.2453
15330 7665.0 2.9450 1.5140 2.9450 0.9605 2.1719
15340 7670.0 2.9964 0.0065 2.9964 1.0313 2.1215
15350 7675.0 3.0573 1.6428 3.0573 0.9639 2.1803
15360 7680.0 3.0147 0.1086 3.0147 1.0292 2.1246
15370 7685.0 2.9968 0.0051 2.9968 0.9361 2.1349
15380 7690.0 3.0093 0.0428 3.0093 1.0468 2.0792
15390 7695.0 2.9772 0.2598 2.9772 0.9438 2.0987
15400 7700.0 2.9644 0.6353 2.9644 1.0406 2.0232
15410 7705.0 3.0536 1.4388 3.0536 0.9360 2.1249
15420 7710.0 3.0599 1.7946 3.0599 1.0395 2.0439
15430 7715.0 2.9972 0.0039 2.9972 0.9406 2.0121
15440 7720.0 3.0186 0.1730 3.0186 1.0311 1.9554
15450 7725.0 3.0190 0.1805 3.0190 0.9485 1.9943
15460 7730.0 3.0185 0.1708 3.0185 1.0182 1.9424
15470 7735.0 3.0292 0.4267 3.0292 0.9631 2.0007
15480 7740.0 3.0276 0.3804 3.0276 1.0082 1.9939
15490 7745.0 2.9792 0.2155 2.9792 0.9752 2.0013
15500 7750.0 2.9834 0.1371 2.9834 1.0064 2.0305
15510 7755.0 2.9943 0.0160 2.9943 0.9567 2.1255
15520 7760.0 2.9732 0.3591 2.9732 1.0023 2.1504
15530 7765.0 3.0067 0.0225 3.0067 0.9764 2.2339
15540 7770.0 2.9966 0.0059 2.9966 0.9872 2.2102
15550 7775.0 2.9862 0.0951 2.9862 0.9807 2.1516
15560 7780.0 2.9838 0.1304 2.9838 0.9945 2.0911
15570 7785.0 2.9773 0.2573 2.9773 0.9902 2.0615
15580 7790.0 2.9696 0.4615 2.9696 0.9887 2.0308
15590 7795.0 2.9894 0.0561 2.9894 1.0019 2.0102
15600 7800.0 3.0328 0.5379 3.0328 0.9753 2.0240
15610 7805.0 3.0457 1.0464 3.0457 1.0116 1.9806
15620 7810.0 3.0235 0.2751 3.0235 0.9854 1.9607
15630 7815.0 2.9502 1.2416 2.9502 1.0066 1.8843
15640 7820.0 3.0342 0.5851 3.0342 0.9731 1.9216
15650 7825.0 3.0879 3.8608 3.0879 1.0360 1.8752
15660 7830.0 3.0250 0.3121 3.0250 0.9620 1.8559
15670 7835.0 2.9470 1.4029 2.9470 1.0298 1.8049
15680 7840.0 3.0331 0.5487 3.0331 0.9579 1.9462
15690 7845.0 2.9292 2.5064 2.9292 1.0396 1.9058
15700 7850.0 2.8972 5.2807 2.8972 0.9397 1.9881
15710 7855.0 2.8355 13.5232 2.8355 0.9645 2.0050
15720 7860.0 2.8381 13.1013 2.8381 0.9801 2.0430
15730 7865.0 2.9048 4.5301 2.9048 0.9427 2.1231
15740 7870.0 2.9007 4.9261 2.9007 0.9932 2.1646
15750 7875.0 2.9897 0.0528 2.9897 0.9722 2.2789
15760 7880.0 3.0395 0.7788 3.0395 0.9883 2.3553
15770 7885.0 3.0566 1.5994 3.0566 1.0015 2.3785
15780 7890.0 3.0346 0.5982 3.0346 0.9927 2.3363
15790 7895.0 3.0005 0.0001 3.0005 0.9844 2.2828
15800 7900.0 2.9711 0.4175 2.9711 0.9568 2.2055
15810 7905.0 2.9105 4.0048 2.9105 1.0026 2.1465
15820 7910.0 2.9828 0.1486 2.9828 0.9461 2.2313
15830 7915.0 2.9571 0.9201 2.9571 0.9996 2.2392
15840 7920.0 2.9685 0.4969 2.9685 0.9792 2.2491
15850 7925.0 2.9672 0.5377 2.9672 0.9586 2.2806
15860 7930.0 2.9279 2.5977 2.9279 1.0046 2.2421
15870 7935.0 3.0055 0.0153 3.0055 0.9563 2.2362
15880 7940.0 2.9986 0.0010 2.9986 1.0215 2.1911
15890 7945.0 3.0541 1.4638 3.0541 0.9655 2.2004
15900 7950.0 3.0236 0.2787 3.0236 0.9945 2.1476
15910 7955.0 3.0194 0.1884 3.0194 0.9873 2.1226
15920 7960.0 3.0090 0.0402 3.0090 0.9936 2.1368
15930 7965.0 2.9600 0.8016 2.9600 1.0055 2.1464
15940 7970.0 2.9940 0.0181 2.9940 0.9338 2.1924
15950 7975.0 2.9417 1.6998 2.9417 1.0125 2.2372
15960 7980.0 3.0127 0.0812 3.0127 0.9745 2.3557
15970 7985.0 3.0015 0.0011 3.0015 0.9788 2.3692
15980 7990.0 2.9479 1.3549 2.9479 1.0008 2.2908
15990 7995.0 2.9533 1.0894 2.9533 0.9386 2.2416
16000 8000.0 2.8724 8.1348 2.8724 1.0083 2.1277
16010 8005.0 2.9288 2.5325 2.9288 0.9489 2.1475
16020 8010.0 2.9036 4.6465 2.9036 0.9777 2.1482
16030 8015.0 2.9064 4.3770 2.9064 0.9800 2.1847
16040 8020.0 2.9417 1.6997 2.9417 0.9529 2.2048
16050 8025.0 2.9186 3.3156 2.9186 1.0000 2.1697
16060 8030.0 2.9726 0.3755 2.9726 0.9748 2.1746
16070 8035.0 2.9742 0.3326 2.9742 0.9832 2.1371
16080 8040.0 2.9969 0.0049 2.9969 0.9864 2.1221
16090 8045.0 3.0598 1.7854 3.0598 1.0034 2.1647
16100 8050.0 3.0878 3.8505 3.0878 1.0073 2.2069
16110 8055.0 3.0524 1.3727 3.0524 0.9760 2.1808
16120 8060.0 2.9662 0.5722 2.9662 0.9970 2.0898
16130 8065.0 2.9735 0.3517 2.9735 0.9671 2.0419
16140 8070.0 2.9218 3.0540 2.9218 0.9981 1.9381
16150 8075.0 2.9038 4.6265 2.9038 0.9570 1.8739
16160 8080.0 2.9026 4.7480 2.9026 0.9868 1.8293
16170 8085.0 3.0016 0.0013 3.0016 0.9951 1.8978
16180 8090.0 3.1046 5.4699 3.1046 1.0060 1.9754
16190 8095.0 3.0896 4.0110 3.0896 1.0108 2.0060
16200 8100.0 3.0696 2.4195 3.0696 0.9764 2.0924
16210 8105.0 3.0512 1.3082 3.0512 1.0318 2.2489
16220 8110.0 3.1052 5.5300 3.1052 0.9541 2.3009
16230 8115.0 2.9590 0.8408 2.9590 1.0155 2.1186
16240 8120.0 2.9480 1.3544 2.9480 0.9570 2.0299
16250 8125.0 2.9559 0.9717 2.9559 0.9584 2.0422
16260 8130.0 2.9310 2.3784 2.9310 1.0064 2.0150
16270 8135.0 2.9766 0.2740 2.9766 0.9437 1.9662
16280 8140.0 2.9531 1.0993 2.9531 0.9962 1.8899
16290 8145.0 3.0346 0.5998 3.0346 0.9931 2.0227
16300 8150.0 3.1168 6.8202 3.1168 0.9916 2.1357
16310 8155.0 3.0509 1.2973 3.0509 1.0310 2.0710
16320 8160.0 3.0090 0.0407 3.0090 0.9424 1.9768
16330 8165.0 2.8685 8.6461 2.8685 1.0142 1.8671
16340 8170.0 2.9082 4.2174 2.9082 0.9306 1.9285
16350 8175.0 2.8864 6.4517 2.8864 1.0071 1.8932
16360 8180.0 3.0404 0.8168 3.0404 0.9710 2.0344
16370 8185.0 3.0621 1.9298 3.0621 1.0115 2.1675
16380 8190.0 3.0662 2.1902 3.0662 0.9862 2.3012
16390 8195.0 3.0188 0.1768 3.0188 0.9957 2.3014
16400 8200.0 2.9564 0.9499 2.9564 0.9866 2.2291
16410 8205.0 2.9841 0.1258 2.9841 0.9356 2.2964
16420 8210.0 2.9995 0.0001 2.9995 0.9947 2.4200
16430 8215.0 3.0454 1.0285 3.0454 0.9603 2.4773
16440 8220.0 2.9753 0.3053 2.9753 0.9927 2.4175
16450 8225.0 2.9945 0.0152 2.9945 0.9774 2.4288
16460 8230.0 3.0324 0.5259 3.0324 0.9805 2.4957
16470 8235.0 2.9457 1.4766 2.9457 0.9917 2.4432
16480 8240.0 2.8757 7.7244 2.8757 0.9406 2.3865
16490 8245.0 2.8733 8.0228 2.8733 0.9801 2.4295
16500 8250.0 2.9905 0.0450 2.9905 0.9866 2.5698
16510 8255.0 2.9981 0.0018 2.9981 0.9639 2.6030
16520 8260.0 2.9833 0.1389 2.9833 1.0016 2.6510
16530 8265.0 3.0442 0.9749 3.0442 0.9712 2.7273
16540 8270.0 2.9944 0.0157 2.9944 0.9862 2.7041
16550 8275.0 2.8715 8.2584 2.8715 0.9865 2.5639
16560 8280.0 2.8906 5.9832 2.8906 0.9328 2.5327
16570 8285.0 2.8484 11.4893 2.8484 0.9952 2.5062
16580 8290.0 2.9073 4.2995 2.9073 0.9668 2.5187
16590 8295.0 3.0053 0.0141 3.0053 0.9616 2.5945
16600 8300.0 3.0979 4.7948 3.0979 1.0097 2.6903
16610 8305.0 3.1096 6.0085 3.1096 0.9767 2.6356
16620 8310.0 3.0109 0.0591 3.0109 0.9819 2.4850
16630 8315.0 2.9879 0.0726 2.9879 0.9746 2.4116
16640 8320.0 2.9985 0.0011 2.9985 0.9700 2.3575
16650 8325.0 2.9791 0.2180 2.9791 0.9992 2.2245
16660 8330.0 3.0526 1.3850 3.0526 0.9779 2.1442
16670 8335.0 3.0988 4.8842 3.0988 1.0057 2.1006
16680 8340.0 3.0253 0.3208 3.0253 0.9834 2.0185
16690 8345.0 2.9045 4.5628 2.9045 0.9912 1.9116
16700 8350.0 2.9193 3.2551 2.9193 0.9864 1.9067
16710 8355.0 2.9853 0.1080 2.9853 1.0026 1.9294
16720 8360.0 2.9920 0.0322 2.9920 1.0043 1.9208
16730 8365.0 2.9775 0.2541 2.9775 0.9729 1.9304
16740 8370.0 3.0578 1.6723 3.0578 1.0098 2.0033
16750 8375.0 3.0901 4.0629 3.0901 0.9913 2.1027
16760 8380.0 2.9287 2.5388 2.9287 1.0029 2.0990
16770 8385.0 2.9063 4.3931 2.9063 0.9459 2.2140
16780 8390.0 2.9233 2.9427 2.9233 1.0233 2.3090
16790 8395.0 2.9802 0.1953 2.9802 0.9627 2.3220
16800 8400.0 2.9700 0.4508 2.9700 0.9819 2.2703
16810 8405.0 3.0916 4.1915 3.0916 0.9993 2.3379
16820 8410.0 3.1257 7.9020 3.1257 0.9788 2.3687
16830 8415.0 2.8816 7.0103 2.8816 1.0109 2.1584
16840 8420.0 2.8351 13.5909 2.8351 0.9265 2.0699
16850 8425.0 2.9128 3.8060 2.9128 1.0315 1.9785
16860 8430.0 3.0966 4.6672 3.0966 0.9698 2.0594
16870 8435.0 3.0359 0.6431 3.0359 1.0171 2.0137
16880 8440.0 3.0269 0.3613 3.0269 0.9482 2.0527
16890 8445.0 3.0820 3.3619 3.0820 1.0413 2.0049
16900 8450.0 2.9559 0.9745 2.9559 0.9539 1.9665
16910 8455.0 2.8797 7.2418 2.8797 1.0186 1.9194
16920 8460.0 3.0108 0.0586 3.0108 0.9599 2.0836
16930 8465.0 3.0580 1.6815 3.0580 1.0186 2.1354
16940 8470.0 3.0199 0.1979 3.0199 0.9666 2.1684
16950 8475.0 2.9984 0.0013 2.9984 0.9885 2.2071
16960 8480.0 3.0165 0.1365 3.0165 0.9858 2.3092
16970 8485.0 2.9191 3.2711 2.9191 0.9720 2.2603
16980 8490.0 2.8924 5.7874 2.8924 0.9877 2.2231
16990 8495.0 3.0191 0.1826 3.0191 0.9601 2.2801
17000 8500.0 3.0817 3.3377 3.0817 1.0264 2.2526
17010 8505.0 2.9976 0.0029 2.9976 0.9505 2.1840
17020 8510.0 2.9331 2.2404 2.9331 0.9973 2.1312
17030 8515.0 2.9803 0.1946 2.9803 0.9685 2.2089
17040 8520.0 2.9309 2.3892 2.9309 0.9919 2.1220
17050 8525.0 2.9592 0.8322 2.9592 0.9707 2.0893
17060 8530.0 3.0613 1.8792 3.0613 0.9947 2.1363
17070 8535.0 3.0929 4.3167 3.0929 0.9820 2.1649
17080 8540.0 2.9565 0.9444 2.9565 0.9930 2.0357
17090 8545.0 2.8612 9.6303 2.8612 0.9839 1.9568
17100 8550.0 2.9463 1.4434 2.9463 1.0134 1.9857
17110 8555.0 2.9902 0.0483 2.9902 0.9789 2.0119
17120 8560.0 2.9760 0.2869 2.9760 0.9992 1.9654
17130 8565.0 3.0345 0.5958 3.0345 0.9842 2.0244
17140 8570.0 3.0601 1.8088 3.0601 0.9849 2.0992
17150 8575.0 2.9409 1.7465 2.9409 0.9995 2.0495
17160 8580.0 2.9017 4.8350 2.9017 0.9533 2.0183
17170 8585.0 2.9671 0.5397 2.9671 0.9993 2.0217
17180 8590.0 3.1376 9.4667 3.1376 0.9764 2.1448
17190 8595.0 3.0885 3.9189 3.0885 1.0118 2.0965
17200 8600.0 2.9674 0.5329 2.9674 0.9731 2.0241
17210 8605.0 2.9154 3.5827 2.9154 0.9630 2.0109
17220 8610.0 2.9938 0.0195 2.9938 0.9989 2.0571
17230 8615.0 3.0410 0.8395 3.0410 0.9975 2.0140
17240 8620.0 2.9675 0.5292 2.9675 0.9813 1.8946
17250 8625.0 2.9753 0.3057 2.9753 0.9871 1.8479
17260 8630.0 3.0859 3.6854 3.0859 1.0024 1.9231
17270 8635.0 3.0172 0.1477 3.0172 0.9890 1.8928
17280 8640.0 2.9256 2.7681 2.9256 0.9955 1.8515
17290 8645.0 3.0273 0.3733 3.0273 0.9816 1.9400
17300 8650.0 2.9932 0.0232 2.9932 1.0039 1.8921
17310 8655.0 2.9430 1.6258 2.9430 0.9744 1.8588
17320 8660.0 3.0299 0.4476 3.0299 1.0106 1.9077
17330 8665.0 3.0469 1.0982 3.0469 0.9817 1.9280
17340 8670.0 2.9340 2.1776 2.9340 1.0192 1.8085
17350 8675.0 2.9224 3.0123 2.9224 0.9536 1.8282
17360 8680.0 2.9770 0.2640 2.9770 1.0281 1.8449
17370 8685.0 3.0828 3.4316 3.0828 0.9729 1.9482
17380 8690.0 3.0449 1.0073 3.0449 1.0149 1.8875
17390 8695.0 2.9869 0.0861 2.9869 0.9705 1.8823
17400 8700.0 2.9557 0.9796 2.9557 0.9968 1.8954
17410 8705.0 3.0164 0.1341 3.0164 0.9860 1.9580
17420 8710.0 3.0175 0.1537 3.0175 0.9915 1.8968
17430 8715.0 3.0260 0.3388 3.0260 0.9836 1.8645
17440 8720.0 3.0168 0.1403 3.0168 0.9870 1.9109
17450 8725.0 2.9808 0.1846 2.9808 1.0024 1.9932
17460 8730.0 2.9520 1.1518 2.9520 0.9778 1.9941
17470 8735.0 2.9830 0.1449 2.9830 1.0169 1.9274
17480 8740.0 3.1285 8.2567 3.1285 0.9652 2.0393
17490 8745.0 3.0791 3.1281 3.0791 1.0291 1.9977
17500 8750.0 2.8996 5.0428 2.8996 0.9745 1.9701
17510 8755.0 2.8290 14.6155 2.8290 0.9946 2.0040
17520 8760.0 2.9409 1.7476 2.9409 0.9701 2.1040
17530 8765.0 3.0067 0.0225 3.0067 1.0143 2.1000
17540 8770.0 3.0738 2.7225 3.0738 0.9754 2.1337
17550 8775.0 3.0693 2.4024 3.0693 1.0070 2.1153
17560 8780.0 2.9777 0.2481 2.9777 0.9715 2.0975
17570 8785.0 2.9079 4.2445 2.9079 1.0045 2.0264
17580 8790.0 2.9826 0.1507 2.9826 0.9784 2.0592
17590 8795.0 3.0463 1.0739 3.0463 1.0021 2.1367
17600 8800.0 3.0570 1.6254 3.0570 0.9721 2.2556
17610 8805.0 3.0136 0.0921 3.0136 0.9917 2.3220
17620 8810.0 2.9740 0.3385 2.9740 0.9837 2.3150
17630 8815.0 2.9402 1.7862 2.9402 0.9650 2.2181
17640 8820.0 3.0128 0.0815 3.0128 1.0169 2.1374
17650 8825.0 3.1145 6.5500 3.1145 0.9614 2.0919
17660 8830.0 3.0272 0.3712 3.0272 1.0219 1.9094
17670 8835.0 3.0073 0.0263 3.0073 0.9542 1.9126
17680 8840.0 3.0407 0.8302 3.0407 1.0235 1.9928
17690 8845.0 2.9639 0.6509 2.9639 0.9692 1.9888
17700 8850.0 2.9428 1.6369 2.9428 1.0145 1.9316
17710 8855.0 3.1813 16.4265 3.1813 0.9650 2.1250
17720 8860.0 3.1696 14.3764 3.1696 1.0077 2.2710
17730 8865.0 2.9057 4.4453 2.9057 0.9724 2.5213
17740 8870.0 2.8637 9.2923 2.8637 0.9945 2.5908
17750 8875.0 3.1009 5.0887 3.1009 0.9838 2.4944
17760 8880.0 3.1488 11.0638 3.1488 0.9668 2.5984
17770 8885.0 3.0104 0.0539 3.0104 0.9805 2.6620
17780 8890.0 2.8682 8.6869 2.8682 0.9804 2.5276
17790 8895.0 2.9929 0.0252 2.9929 0.9758 2.5949
17800 8900.0 3.1030 5.3055 3.1030 0.9634 2.7028
17810 8905.0 2.9989 0.0007 2.9989 0.9839 2.6309
17820 8910.0 2.8802 7.1791 2.8802 0.9816 2.5564
17830 8915.0 2.9362 2.0351 2.9362 0.9823 2.5711
17840 8920.0 3.0718 2.5772 3.0718 0.9736 2.6384
17850 8925.0 3.0310 0.4795 3.0310 0.9869 2.6055
17860 8930.0 2.9020 4.7992 2.9020 0.9744 2.5051
17870 8935.0 2.8840 6.7241 2.8840 0.9813 2.4189
17880 8940.0 3.0065 0.0213 3.0065 0.9828 2.4184
17890 8945.0 3.0708 2.5055 3.0708 0.9698 2.3920
17900 8950.0 3.0008 0.0003 3.0008 1.0040 2.2548
17910 8955.0 2.9181 3.3573 2.9181 0.9641 2.1522
17920 8960.0 2.9408 1.7542 2.9408 1.0142 2.0801
17930 8965.0 3.0725 2.6302 3.0725 0.9641 2.1835
17940 8970.0 3.0168 0.1417 3.0168 1.0252 2.1121
17950 8975.0 2.9968 0.0051 2.9968 0.9708 2.1476
17960 8980.0 3.0451 1.0179 3.0451 1.0084 2.1670
17970 8985.0 3.0296 0.4380 3.0296 0.9649 2.2055
17980 8990.0 2.8903 6.0130 2.8903 1.0021 2.0922
17990 8995.0 2.9169 3.4512 2.9169 0.9726 2.1045
18000 9000.0 2.9828 0.1472 2.9828 0.9993 2.1608
