# step  time_fs  cv_FeH(A)  bias(kJ/mol)  d_min_FeH(A)  d_min_OH(A)  d_min_SH(A)
0 0.0 1.7182 23.8124 1.7182 2.5114 2.4126
10 5.0 1.5188 0.1759 1.5188 2.6772 2.2651
20 10.0 1.4103 4.0210 1.4103 2.8795 2.1812
30 15.0 1.5908 4.1243 1.5908 2.6318 2.3306
40 20.0 1.6335 8.9142 1.6335 2.5538 2.2494
50 25.0 1.4417 1.6979 1.4417 2.7369 2.2679
60 30.0 1.5311 0.4840 1.5311 2.5654 2.2501
70 35.0 1.4996 0.0001 1.4996 2.3964 2.3658
80 40.0 1.6423 10.1285 1.6423 2.3219 2.4084
90 45.0 1.5152 0.1163 1.5152 2.5876 2.1737
100 50.0 1.4090 4.1370 1.4090 2.8087 2.0803
110 55.0 1.6206 7.2671 1.6206 2.5441 2.3140
120 60.0 1.6334 8.8912 1.6334 2.5410 2.3023
130 65.0 1.4251 2.8054 1.4251 2.8332 2.1396
140 70.0 1.5100 0.0503 1.5100 2.7372 2.1409
150 75.0 1.6646 13.5528 1.6646 2.5591 2.2275
160 80.0 1.5257 0.3309 1.5257 2.7809 2.1618
170 85.0 1.4556 0.9860 1.4556 2.9044 2.0096
180 90.0 1.5774 2.9963 1.5774 2.6824 2.0913
190 95.0 1.6423 10.1198 1.6423 2.5228 2.2319
200 100.0 1.4648 0.6206 1.4648 2.6571 2.1526
210 105.0 1.5818 3.3443 1.5818 2.7335 2.0276
220 110.0 1.4623 0.7102 1.4623 2.8406 2.0274
230 115.0 1.6012 5.1167 1.6012 2.6996 2.1734
240 120.0 1.6325 8.7838 1.6325 2.7428 2.1716
250 125.0 1.4885 0.0666 1.4885 3.0301 1.9105
260 130.0 1.4585 0.8630 1.4585 3.0397 1.9162
270 135.0 1.6818 16.5243 1.6818 2.7420 2.2000
280 140.0 1.6202 7.2203 1.6202 2.7975 2.1315
290 145.0 1.4215 3.0824 1.4215 3.0403 1.9351
300 150.0 1.4969 0.0049 1.4969 2.9231 1.9476
310 155.0 1.5914 4.1730 1.5914 2.6959 2.1487
320 160.0 1.5614 1.8848 1.5614 2.6854 2.3057
330 165.0 1.5502 1.2589 1.5502 2.8304 2.0967
340 170.0 1.5443 0.9825 1.5443 2.9326 2.0386
350 175.0 1.4940 0.0180 1.4940 2.8710 2.1920
360 180.0 1.6772 15.7069 1.6772 2.6340 2.3656
370 185.0 1.5499 1.2445 1.5499 2.7624 2.1646
380 190.0 1.4298 2.4658 1.4298 2.8730 2.0397
390 195.0 1.5822 3.3803 1.5822 2.5890 2.1359
400 200.0 1.6591 12.6619 1.6591 2.4586 2.2766
410 205.0 1.5020 0.0020 1.5020 2.6525 2.1467
420 210.0 1.5315 0.4969 1.5315 2.6715 2.0542
430 215.0 1.6204 7.2453 1.6204 2.5205 2.1791
440 220.0 1.5989 4.8907 1.5989 2.4930 2.2823
450 225.0 1.5043 0.0094 1.5043 2.5978 2.1735
460 230.0 1.4726 0.3765 1.4726 2.5761 2.0881
470 235.0 1.6176 6.9154 1.6176 2.4555 2.1576
480 240.0 1.5892 3.9813 1.5892 2.5824 2.2346
490 245.0 1.4733 0.3578 1.4733 2.8205 2.0889
500 250.0 1.6066 5.6769 1.6066 2.7316 2.0921
510 255.0 1.6571 12.3349 1.6571 2.6832 2.1784
520 260.0 1.5239 0.2859 1.5239 2.8554 2.1982
530 265.0 1.5257 0.3290 1.5257 2.8835 2.0569
540 270.0 1.5969 4.6980 1.5969 2.8071 2.0716
550 275.0 1.5573 1.6433 1.5573 2.8595 2.1070
560 280.0 1.5678 2.3011 1.5678 2.8853 2.1807
570 285.0 1.5503 1.2645 1.5503 2.8755 2.1932
580 290.0 1.5765 2.9263 1.5765 2.8272 2.2333
590 295.0 1.5752 2.8242 1.5752 2.8155 2.2753
600 300.0 1.5577 1.6661 1.5577 2.8601 2.2181
610 305.0 1.5670 2.2425 1.5670 2.9101 2.1912
620 310.0 1.5029 0.0042 1.5029 2.9618 2.2151
630 315.0 1.5826 3.4088 1.5826 2.9070 2.2780
640 320.0 1.5956 4.5684 1.5956 2.9902 2.2836
650 325.0 1.4907 0.0431 1.4907 3.1338 2.1964
660 330.0 1.5863 3.7257 1.5863 3.0134 2.2149
670 335.0 1.5678 2.3005 1.5678 2.9699 2.2920
680 340.0 1.5344 0.5912 1.5344 3.0534 2.1932
690 345.0 1.5821 3.3687 1.5821 3.1084 2.1519
700 350.0 1.5384 0.7356 1.5384 3.0757 2.2038
710 355.0 1.5749 2.8051 1.5749 3.0070 2.2534
720 360.0 1.5382 0.7304 1.5382 3.0627 2.1649
730 365.0 1.4928 0.0257 1.4928 3.1060 2.1107
740 370.0 1.5588 1.7271 1.5588 3.0146 2.1591
750 375.0 1.5705 2.4823 1.5705 2.9750 2.2132
760 380.0 1.5533 1.4220 1.5533 3.0571 2.2098
770 385.0 1.5491 1.2072 1.5491 3.1418 2.1807
780 390.0 1.5892 3.9742 1.5892 3.1204 2.2036
790 395.0 1.5656 2.1503 1.5656 3.1592 2.1202
800 400.0 1.5129 0.0830 1.5129 3.2391 2.0660
810 405.0 1.5684 2.3369 1.5684 3.2110 2.1166
820 410.0 1.6188 7.0623 1.6188 3.1903 2.1883
830 415.0 1.5305 0.4661 1.5305 3.3631 2.1315
840 420.0 1.5002 0.0000 1.5002 3.4467 2.0819
850 425.0 1.6110 6.1605 1.6110 3.3391 2.1575
860 430.0 1.6028 5.2829 1.6028 3.3329 2.1873
870 435.0 1.5209 0.2192 1.5209 3.4211 2.0803
880 440.0 1.5297 0.4419 1.5297 3.3882 2.0570
890 445.0 1.5924 4.2705 1.5924 3.2827 2.1251
900 450.0 1.5675 2.2797 1.5675 3.2740 2.1458
910 455.0 1.5210 0.2213 1.5210 3.3285 2.1237
920 460.0 1.5480 1.1536 1.5480 3.3070 2.1484
930 465.0 1.5867 3.7589 1.5867 3.2558 2.2034
940 470.0 1.5750 2.8131 1.5750 3.2329 2.2002
950 475.0 1.5397 0.7878 1.5397 3.2232 2.1586
960 480.0 1.5459 1.0530 1.5459 3.2046 2.1633
970 485.0 1.5865 3.7374 1.5865 3.2087 2.2193
980 490.0 1.5338 0.5705 1.5338 3.2345 2.2206
990 495.0 1.5718 2.5754 1.5718 3.1956 2.2279
1000 500.0 1.5385 0.7427 1.5385 3.1247 2.2270
1010 505.0 1.5545 1.4867 1.5545 3.1180 2.2429
1020 510.0 1.5649 2.1049 1.5649 3.1400 2.2372
1030 515.0 1.5197 0.1943 1.5197 3.1404 2.2201
1040 520.0 1.5803 3.2214 1.5803 3.1058 2.2381
1050 525.0 1.5369 0.6821 1.5369 3.1701 2.2061
1060 530.0 1.4963 0.0068 1.4963 3.1861 2.1917
1070 535.0 1.5960 4.6091 1.5960 3.1018 2.2742
1080 540.0 1.5425 0.9019 1.5425 3.1165 2.2207
1090 545.0 1.5329 0.5409 1.5329 3.1743 2.1774
1100 550.0 1.5438 0.9602 1.5438 3.1479 2.1996
1110 555.0 1.5731 2.6731 1.5731 3.0913 2.2623
1120 560.0 1.5597 1.7799 1.5597 3.1598 2.2080
1130 565.0 1.5280 0.3928 1.5280 3.1988 2.1872
1140 570.0 1.5713 2.5438 1.5713 3.1084 2.2621
1150 575.0 1.5724 2.6215 1.5724 3.1008 2.2455
1160 580.0 1.5204 0.2082 1.5204 3.1712 2.1798
1170 585.0 1.5294 0.4317 1.5294 3.0638 2.1799
1180 590.0 1.6095 5.9983 1.6095 3.0305 2.2373
1190 595.0 1.5427 0.9132 1.5427 3.0854 2.1970
1200 600.0 1.5143 0.1018 1.5143 3.0925 2.1372
1210 605.0 1.6094 5.9787 1.6094 2.9604 2.2154
1220 610.0 1.5970 4.7088 1.5970 2.9406 2.2023
1230 615.0 1.5142 0.1007 1.5142 3.0020 2.0791
1240 620.0 1.5506 1.2799 1.5506 2.9353 2.0428
1250 625.0 1.6100 6.0451 1.6100 2.8409 2.1364
1260 630.0 1.5251 0.3140 1.5251 2.9301 2.1333
1270 635.0 1.5365 0.6667 1.5365 2.9463 2.0855
1280 640.0 1.5959 4.5952 1.5959 2.8618 2.1948
1290 645.0 1.5688 2.3669 1.5688 2.8585 2.1852
1300 650.0 1.4929 0.0249 1.4929 2.9226 2.0903
1310 655.0 1.5334 0.5577 1.5334 2.8611 2.1055
1320 660.0 1.5899 4.0420 1.5899 2.7870 2.2363
1330 665.0 1.5332 0.5523 1.5332 2.8765 2.2028
1340 670.0 1.5015 0.0011 1.5015 2.9259 2.1266
1350 675.0 1.5932 4.3471 1.5932 2.7930 2.2557
1360 680.0 1.6023 5.2335 1.6023 2.7929 2.3128
1370 685.0 1.4948 0.0136 1.4948 2.9623 2.2100
1380 690.0 1.5285 0.4060 1.5285 2.9435 2.2023
1390 695.0 1.6078 5.8089 1.6078 2.8531 2.2759
1400 700.0 1.5488 1.1923 1.5488 2.9685 2.2287
1410 705.0 1.5335 0.5605 1.5335 3.0154 2.1668
1420 710.0 1.6063 5.6533 1.6063 2.9235 2.2479
1430 715.0 1.5761 2.8993 1.5761 2.9470 2.3106
1440 720.0 1.5148 0.1094 1.5148 3.0183 2.2608
1450 725.0 1.6000 4.9968 1.6000 2.9552 2.2255
1460 730.0 1.5454 1.0295 1.5454 2.9977 2.2063
1470 735.0 1.5303 0.4576 1.5303 3.0390 2.2000
1480 740.0 1.6087 5.9045 1.6087 3.0472 2.1621
1490 745.0 1.5646 2.0839 1.5646 3.1334 2.1332
1500 750.0 1.5370 0.6861 1.5370 3.0723 2.1293
1510 755.0 1.6125 6.3269 1.6125 2.9843 2.0287
1520 760.0 1.5606 1.8371 1.5606 3.0458 1.9256
1530 765.0 1.5250 0.3122 1.5250 3.1109 1.9415
1540 770.0 1.5903 4.0728 1.5903 3.0371 2.0070
1550 775.0 1.6049 5.5059 1.6049 3.0109 1.9815
1560 780.0 1.5567 1.6050 1.5567 3.0503 1.9904
1570 785.0 1.5768 2.9511 1.5768 3.0584 1.8380
1580 790.0 1.5769 2.9543 1.5769 3.0626 1.7349
1590 795.0 1.5311 0.4823 1.5311 3.0571 1.7924
1600 800.0 1.5644 2.0714 1.5644 3.0049 1.9720
1610 805.0 1.6079 5.8259 1.6079 2.9808 1.9619
1620 810.0 1.5177 0.1565 1.5177 3.0505 1.9824
1630 815.0 1.5719 2.5835 1.5719 2.9802 1.8907
1640 820.0 1.5372 0.6930 1.5372 2.9383 1.9109
1650 825.0 1.5388 0.7522 1.5388 2.8871 2.0721
1660 830.0 1.6015 5.1473 1.6015 2.8811 2.1792
1670 835.0 1.5086 0.0371 1.5086 3.0093 2.0721
1680 840.0 1.5726 2.6335 1.5726 2.9102 2.1562
1690 845.0 1.5762 2.9067 1.5762 2.8139 2.2923
1700 850.0 1.4938 0.0191 1.4938 2.8466 2.2450
1710 855.0 1.5230 0.2637 1.5230 2.7945 2.2096
1720 860.0 1.5682 2.3281 1.5682 2.6854 2.2647
1730 865.0 1.5745 2.7746 1.5745 2.6543 2.3327
1740 870.0 1.5266 0.3543 1.5266 2.6976 2.2901
1750 875.0 1.5297 0.4411 1.5297 2.6831 2.2034
1760 880.0 1.6189 7.0649 1.6189 2.6072 2.2182
1770 885.0 1.5607 1.8443 1.5607 2.7006 2.1682
1780 890.0 1.5102 0.0522 1.5102 2.7453 2.2455
1790 895.0 1.5873 3.8129 1.5873 2.6286 2.2400
1800 900.0 1.5524 1.3743 1.5524 2.6783 2.1735
1810 905.0 1.5038 0.0072 1.5038 2.7732 2.2190
1820 910.0 1.5840 3.5316 1.5840 2.7608 2.1468
1830 915.0 1.6091 5.9522 1.6091 2.8028 2.0620
1840 920.0 1.5289 0.4172 1.5289 2.8624 2.0894
1850 925.0 1.5274 0.3763 1.5274 2.8106 2.1719
1860 930.0 1.5891 3.9687 1.5891 2.7369 2.0798
1870 935.0 1.5424 0.8991 1.5424 2.8118 2.0576
1880 940.0 1.5243 0.2956 1.5243 2.8406 2.1459
1890 945.0 1.6059 5.6056 1.6059 2.7746 2.2184
1900 950.0 1.5926 4.2844 1.5926 2.8459 2.1452
1910 955.0 1.5149 0.1107 1.5149 2.9696 2.1321
1920 960.0 1.5467 1.0911 1.5467 2.9655 2.1760
1930 965.0 1.5894 3.9933 1.5894 2.9671 2.0886
1940 970.0 1.5442 0.9772 1.5442 3.0860 2.0371
1950 975.0 1.5172 0.1479 1.5172 3.1294 2.1118
1960 980.0 1.5779 3.0309 1.5779 3.0317 2.2622
1970 985.0 1.5899 4.0402 1.5899 3.0016 2.2209
1980 990.0 1.5328 0.5391 1.5328 3.1155 2.1626
1990 995.0 1.5425 0.9051 1.5425 3.1597 2.2176
2000 1000.0 1.5951 4.5217 1.5951 3.1191 2.2922
2010 1005.0 1.5697 2.4257 1.5697 3.1750 2.2727
2020 1010.0 1.5049 0.0118 1.5049 3.2668 2.2816
2030 1015.0 1.5521 1.3574 1.5521 3.2091 2.3464
2040 1020.0 1.6014 5.1386 1.6014 3.1729 2.3722
2050 1025.0 1.5387 0.7469 1.5387 3.2534 2.3234
2060 1030.0 1.5322 0.5194 1.5322 3.2762 2.3154
2070 1035.0 1.5827 3.4214 1.5827 3.2004 2.3678
2080 1040.0 1.5528 1.3931 1.5528 3.2323 2.3449
2090 1045.0 1.5420 0.8821 1.5420 3.2952 2.3095
2100 1050.0 1.5595 1.7724 1.5595 3.2872 2.3487
2110 1055.0 1.5902 4.0722 1.5902 3.2489 2.3725
2120 1060.0 1.5553 1.5277 1.5553 3.3143 2.3159
2130 1065.0 1.5234 0.2737 1.5234 3.3815 2.2756
2140 1070.0 1.5917 4.2041 1.5917 3.3235 2.2259
2150 1075.0 1.5976 4.7655 1.5976 3.3087 2.2063
2160 1080.0 1.5310 0.4806 1.5310 3.3741 2.1925
2170 1085.0 1.5469 1.0993 1.5469 3.2796 2.1731
2180 1090.0 1.5759 2.8832 1.5759 3.1516 2.0708
2190 1095.0 1.5373 0.6940 1.5373 3.1824 2.0111
2200 1100.0 1.5385 0.7420 1.5385 3.2681 2.0581
2210 1105.0 1.5770 2.9640 1.5770 3.1349 2.2024
2220 1110.0 1.6008 5.0779 1.6008 3.0642 2.1637
2230 1115.0 1.5611 1.8656 1.5611 3.1085 2.1310
2240 1120.0 1.5103 0.0530 1.5103 3.1334 2.0828
2250 1125.0 1.5562 1.5787 1.5562 3.0004 1.9822
2260 1130.0 1.5972 4.7232 1.5972 2.9361 1.9619
2270 1135.0 1.4964 0.0064 1.4964 3.0176 2.0363
2280 1140.0 1.5353 0.6243 1.5353 2.9270 2.1377
2290 1145.0 1.6343 9.0246 1.6343 2.7867 2.1377
2300 1150.0 1.5119 0.0704 1.5119 2.8581 2.1197
2310 1155.0 1.5352 0.6199 1.5352 2.8196 2.1545
2320 1160.0 1.5458 1.0508 1.5458 2.7766 2.0437
2330 1165.0 1.5193 0.1871 1.5193 2.7800 1.9902
2340 1170.0 1.5536 1.4380 1.5536 2.7725 2.0620
2350 1175.0 1.4876 0.0765 1.4876 2.8011 2.1439
2360 1180.0 1.6115 6.2212 1.6115 2.6771 2.0807
2370 1185.0 1.5979 4.7958 1.5979 2.6967 2.0890
2380 1190.0 1.4994 0.0002 1.4994 2.8258 2.1326
2390 1195.0 1.5414 0.8552 1.5414 2.7857 1.9969
2400 1200.0 1.6303 8.4875 1.6303 2.6754 2.0179
2410 1205.0 1.5251 0.3143 1.5251 2.8217 2.0614
2420 1210.0 1.4745 0.3247 1.4745 2.9226 2.1280
2430 1215.0 1.6247 7.7777 1.6247 2.7744 2.1215
2440 1220.0 1.6125 6.3244 1.6125 2.8002 2.1333
2450 1225.0 1.4797 0.2060 1.4797 2.9920 2.1467
2460 1230.0 1.5385 0.7411 1.5385 2.9547 2.0577
2470 1235.0 1.6129 6.3682 1.6129 2.8985 1.9723
2480 1240.0 1.5182 0.1660 1.5182 3.0364 1.9080
2490 1245.0 1.4878 0.0742 1.4878 3.0947 1.8995
2500 1250.0 1.5714 2.5465 1.5714 2.9375 1.9963
2510 1255.0 1.5956 4.5697 1.5956 2.8919 2.1528
2520 1260.0 1.5125 0.0780 1.5125 3.0511 1.9746
2530 1265.0 1.5433 0.9381 1.5433 3.0342 1.9374
2540 1270.0 1.6112 6.1796 1.6112 2.8963 2.1435
2550 1275.0 1.5744 2.7692 1.5744 2.9298 1.9632
2560 1280.0 1.4983 0.0015 1.4983 3.0744 1.7757
2570 1285.0 1.5138 0.0947 1.5138 3.0556 1.7905
2580 1290.0 1.5774 2.9965 1.5774 2.9218 1.9879
2590 1295.0 1.5720 2.5932 1.5720 2.9157 2.1545
2600 1300.0 1.5748 2.7978 1.5748 2.9701 1.9847
2610 1305.0 1.5710 2.5223 1.5710 2.9613 2.0277
2620 1310.0 1.5709 2.5114 1.5709 2.9568 2.1900
2630 1315.0 1.5506 1.2808 1.5506 3.0849 1.9571
2640 1320.0 1.5101 0.0512 1.5101 3.1877 1.8811
2650 1325.0 1.5571 1.6315 1.5571 3.1306 1.9918
2660 1330.0 1.5792 3.1344 1.5792 3.1011 2.1927
2670 1335.0 1.5407 0.8291 1.5407 3.1550 2.1189
2680 1340.0 1.5698 2.4342 1.5698 3.1399 2.1105
2690 1345.0 1.5848 3.5935 1.5848 3.1583 2.2377
2700 1350.0 1.5214 0.2285 1.5214 3.2609 2.2140
2710 1355.0 1.5245 0.3004 1.5245 3.2207 2.0823
2720 1360.0 1.5903 4.0776 1.5903 3.1443 2.0783
2730 1365.0 1.5457 1.0461 1.5457 3.1232 2.1269
2740 1370.0 1.4988 0.0007 1.4988 3.1428 2.2655
2750 1375.0 1.6087 5.9115 1.6087 3.2258 2.2334
2760 1380.0 1.5793 3.1415 1.5793 3.2418 2.1066
2770 1385.0 1.5205 0.2109 1.5205 3.2330 2.0833
2780 1390.0 1.5902 4.0725 1.5902 3.1504 2.2503
2790 1395.0 1.5336 0.5634 1.5336 2.9740 2.0978
2800 1400.0 1.5321 0.5141 1.5321 2.8858 1.9856
2810 1405.0 1.5893 3.9896 1.5893 2.8954 1.9658
2820 1410.0 1.5474 1.1234 1.5474 3.0591 2.0343
2830 1415.0 1.5177 0.1565 1.5177 3.2041 1.9842
2840 1420.0 1.5719 2.5834 1.5719 3.0939 2.0196
2850 1425.0 1.6309 8.5699 1.6309 3.0434 2.1363
2860 1430.0 1.5258 0.3326 1.5258 3.1051 1.9343
2870 1435.0 1.5187 0.1754 1.5187 3.1367 1.8643
2880 1440.0 1.5725 2.6267 1.5725 3.0150 1.9671
2890 1445.0 1.6071 5.7338 1.6071 2.9912 2.1429
2900 1450.0 1.5468 1.0949 1.5468 3.1405 1.9975
2910 1455.0 1.5474 1.1220 1.5474 3.2616 1.9455
2920 1460.0 1.5260 0.3371 1.5260 3.2000 2.0621
2930 1465.0 1.5801 3.2079 1.5801 3.0858 1.9956
2940 1470.0 1.6031 5.3136 1.6031 3.0865 1.9093
2950 1475.0 1.5161 0.1301 1.5161 3.1702 1.9757
2960 1480.0 1.5756 2.8593 1.5756 3.1727 2.0782
2970 1485.0 1.6218 7.4166 1.6218 3.1128 2.0276
2980 1490.0 1.5452 1.0194 1.5452 3.1040 2.0244
2990 1495.0 1.5234 0.2727 1.5234 3.0989 2.0441
3000 1500.0 1.5980 4.7987 1.5980 2.9928 1.9977
3010 1505.0 1.5693 2.4026 1.5693 2.9581 2.0070
3020 1510.0 1.5087 0.0378 1.5087 3.0569 2.0843
3030 1515.0 1.5640 2.0477 1.5640 3.0264 2.1011
3040 1520.0 1.5797 3.1797 1.5797 2.9440 2.1302
3050 1525.0 1.5743 2.7588 1.5743 2.9342 2.1751
3060 1530.0 1.5342 0.5863 1.5342 3.0240 2.1183
3070 1535.0 1.5361 0.6529 1.5361 2.9350 2.0888
3080 1540.0 1.6098 6.0329 1.6098 2.8883 2.1672
3090 1545.0 1.5330 0.5432 1.5330 3.0389 2.0989
3100 1550.0 1.4990 0.0005 1.4990 3.0983 2.0584
3110 1555.0 1.6106 6.1209 1.6106 2.9650 2.1706
3120 1560.0 1.6108 6.1337 1.6108 2.9566 2.1001
3130 1565.0 1.4814 0.1736 1.4814 3.0529 2.0201
3140 1570.0 1.5264 0.3482 1.5264 2.9998 2.0925
3150 1575.0 1.6483 10.9908 1.6483 2.9256 2.1773
3160 1580.0 1.5628 1.9712 1.5628 3.0328 2.1033
3170 1585.0 1.4855 0.1051 1.4855 3.0911 2.0507
3180 1590.0 1.5719 2.5825 1.5719 2.9508 2.0822
3190 1595.0 1.5888 3.9424 1.5888 2.8682 2.1228
3200 1600.0 1.5007 0.0003 1.5007 2.9078 2.1433
3210 1605.0 1.5712 2.5379 1.5712 2.9735 2.1630
3220 1610.0 1.5216 0.2326 1.5216 2.9566 2.2084
3230 1615.0 1.5940 4.4190 1.5940 2.8574 2.2574
3240 1620.0 1.5591 1.7454 1.5591 2.9285 2.2091
3250 1625.0 1.5088 0.0383 1.5088 2.9676 2.1357
3260 1630.0 1.5332 0.5509 1.5332 2.8397 2.1702
3270 1635.0 1.6331 8.8530 1.6331 2.7720 2.2069
3280 1640.0 1.5109 0.0590 1.5109 2.9238 2.1475
3290 1645.0 1.4738 0.3422 1.4738 2.9536 2.1242
3300 1650.0 1.6195 7.1393 1.6195 2.7627 2.2063
3310 1655.0 1.5808 3.2664 1.5808 2.7942 2.1975
3320 1660.0 1.4665 0.5607 1.4665 2.9326 2.0655
3330 1665.0 1.5397 0.7863 1.5397 2.8256 2.0789
3340 1670.0 1.6308 8.5521 1.6308 2.6304 2.2269
3350 1675.0 1.5334 0.5585 1.5334 2.6236 2.1788
3360 1680.0 1.5063 0.0197 1.5063 2.7152 2.0360
3370 1685.0 1.5031 0.0049 1.5031 2.7290 1.9938
3380 1690.0 1.5980 4.8033 1.5980 2.6333 2.0985
3390 1695.0 1.5552 1.5240 1.5552 2.7093 2.1175
3400 1700.0 1.4969 0.0047 1.4969 2.8099 1.9496
3410 1705.0 1.5533 1.4220 1.5533 2.7707 2.0082
3420 1710.0 1.5908 4.1249 1.5908 2.7073 2.1644
3430 1715.0 1.5283 0.4002 1.5283 2.7782 2.0279
3440 1720.0 1.5329 0.5401 1.5329 2.7723 1.9867
3450 1725.0 1.5362 0.6546 1.5362 2.7255 2.0547
3460 1730.0 1.5687 2.3589 1.5687 2.7024 2.1459
3470 1735.0 1.5665 2.2119 1.5665 2.7731 2.1559
3480 1740.0 1.5217 0.2353 1.5217 2.8273 2.0929
3490 1745.0 1.5462 1.0683 1.5462 2.7699 2.1572
3500 1750.0 1.5898 4.0363 1.5898 2.7356 2.1522
3510 1755.0 1.5200 0.1995 1.5200 2.8338 2.1270
3520 1760.0 1.5532 1.4125 1.5532 2.7865 2.1759
3530 1765.0 1.5868 3.7631 1.5868 2.7116 2.1596
3540 1770.0 1.5306 0.4671 1.5306 2.7514 2.1019
3550 1775.0 1.5339 0.5758 1.5339 2.7701 2.1269
3560 1780.0 1.5988 4.8811 1.5988 2.7082 2.1804
3570 1785.0 1.5728 2.6518 1.5728 2.7384 2.1482
3580 1790.0 1.5234 0.2730 1.5234 2.7912 2.1550
3590 1795.0 1.5413 0.8531 1.5413 2.7306 2.1739
3600 1800.0 1.6020 5.1981 1.6020 2.6156 2.2196
3610 1805.0 1.5450 1.0136 1.5450 2.6972 2.1790
3620 1810.0 1.5071 0.0251 1.5071 2.7817 2.0996
3630 1815.0 1.5435 0.9459 1.5435 2.7285 2.0628
3640 1820.0 1.5841 3.5330 1.5841 2.6926 2.0938
3650 1825.0 1.5294 0.4318 1.5294 2.7750 2.1429
3660 1830.0 1.5288 0.4144 1.5288 2.7980 2.0297
3670 1835.0 1.5664 2.2024 1.5664 2.7391 2.0353
3680 1840.0 1.5702 2.4670 1.5702 2.7349 2.1141
3690 1845.0 1.5251 0.3160 1.5251 2.8067 1.9906
3700 1850.0 1.5376 0.7075 1.5376 2.7981 1.9315
3710 1855.0 1.5847 3.5862 1.5847 2.7094 1.9946
3720 1860.0 1.5560 1.5676 1.5560 2.7356 2.0932
3730 1865.0 1.5272 0.3701 1.5272 2.7742 2.0200
3740 1870.0 1.5821 3.3686 1.5821 2.6942 2.0459
3750 1875.0 1.5769 2.9596 1.5769 2.6631 2.1220
3760 1880.0 1.5166 0.1370 1.5166 2.7132 2.1138
3770 1885.0 1.5352 0.6192 1.5352 2.6872 2.0704
3780 1890.0 1.5834 3.4816 1.5834 2.6081 2.1142
3790 1895.0 1.5463 1.0713 1.5463 2.6371 2.1751
3800 1900.0 1.5354 0.6272 1.5354 2.6541 2.1022
3810 1905.0 1.5717 2.5701 1.5717 2.6028 2.0795
3820 1910.0 1.5830 3.4406 1.5830 2.5657 2.1815
3830 1915.0 1.5467 1.0886 1.5467 2.6389 2.0936
3840 1920.0 1.5195 0.1893 1.5195 2.6781 1.9890
3850 1925.0 1.5215 0.2321 1.5215 2.6539 1.9993
3860 1930.0 1.5683 2.3342 1.5683 2.5829 2.1452
3870 1935.0 1.5561 1.5742 1.5561 2.6275 2.1251
3880 1940.0 1.5673 2.2659 1.5673 2.6564 2.0439
3890 1945.0 1.5604 1.8231 1.5604 2.6588 2.0778
3900 1950.0 1.5542 1.4668 1.5542 2.6508 2.1806
3910 1955.0 1.5539 1.4503 1.5539 2.6763 2.0561
3920 1960.0 1.5287 0.4114 1.5287 2.7520 2.0266
3930 1965.0 1.5307 0.4704 1.5307 2.7668 2.0940
3940 1970.0 1.5602 1.8133 1.5602 2.7118 2.2052
3950 1975.0 1.5767 2.9446 1.5767 2.6781 2.1772
3960 1980.0 1.5651 2.1214 1.5651 2.7075 2.1591
3970 1985.0 1.5402 0.8097 1.5402 2.7452 2.1952
3980 1990.0 1.5502 1.2577 1.5502 2.6999 2.1923
3990 1995.0 1.5563 1.5836 1.5563 2.6896 2.1834
4000 2000.0 1.5268 0.3591 1.5268 2.7143 2.1795
4010 2005.0 1.5593 1.7584 1.5593 2.6443 2.2385
4020 2010.0 1.5896 4.0099 1.5896 2.6011 2.2781
4030 2015.0 1.5620 1.9219 1.5620 2.6437 2.1979
4040 2020.0 1.5355 0.6309 1.5355 2.6797 2.1589
4050 2025.0 1.5806 3.2488 1.5806 2.5839 2.3168
4060 2030.0 1.5592 1.7550 1.5592 2.5883 2.1614
4070 2035.0 1.5010 0.0005 1.5010 2.6934 2.0114
4080 2040.0 1.5383 0.7327 1.5383 2.6551 2.0313
4090 2045.0 1.5789 3.1091 1.5789 2.6006 2.1892
4100 2050.0 1.5347 0.6019 1.5347 2.7068 2.1480
4110 2055.0 1.5525 1.3777 1.5525 2.7400 2.0148
4120 2060.0 1.5596 1.7783 1.5596 2.6827 2.1061
4130 2065.0 1.5725 2.6283 1.5725 2.6726 2.0224
4140 2070.0 1.5192 0.1840 1.5192 2.7870 1.8353
4150 2075.0 1.5127 0.0812 1.5127 2.8019 1.8296
4160 2080.0 1.5894 4.0003 1.5894 2.7147 1.9820
4170 2085.0 1.5584 1.7079 1.5584 2.7925 2.0469
4180 2090.0 1.5359 0.6430 1.5359 2.8878 1.9582
4190 2095.0 1.5730 2.6645 1.5730 2.8142 2.0894
4200 2100.0 1.6051 5.5273 1.6051 2.7369 2.0875
4210 2105.0 1.5635 2.0186 1.5635 2.7978 2.0360
4220 2110.0 1.5388 0.7530 1.5388 2.8730 2.0417
4230 2115.0 1.5310 0.4811 1.5310 2.8563 2.1429
4240 2120.0 1.6454 10.5678 1.6454 2.7661 2.1433
4250 2125.0 1.6110 6.1615 1.6110 2.8594 2.1014
4260 2130.0 1.4693 0.4718 1.4693 2.9984 2.1124
4270 2135.0 1.6224 7.4880 1.6224 2.8128 2.0534
4280 2140.0 1.6145 6.5509 1.6145 2.8002 2.0280
4290 2145.0 1.4730 0.3641 1.4730 2.9470 2.0311
4300 2150.0 1.5550 1.5116 1.5550 2.8463 2.1393
4310 2155.0 1.6428 10.2015 1.6428 2.6884 2.2596
4320 2160.0 1.5221 0.2452 1.5221 2.7606 2.2310
4330 2165.0 1.5720 2.5910 1.5720 2.6975 2.2312
4340 2170.0 1.6182 6.9865 1.6182 2.6516 2.2071
4350 2175.0 1.4694 0.4695 1.4694 2.7591 2.1750
4360 2180.0 1.5757 2.8687 1.5757 2.7033 2.2020
4370 2185.0 1.5573 1.6428 1.5573 2.6997 2.2352
4380 2190.0 1.5383 0.7335 1.5383 2.6923 2.2918
4390 2195.0 1.5795 3.1606 1.5795 2.6847 2.1579
4400 2200.0 1.5544 1.4807 1.5544 2.7189 2.0851
4410 2205.0 1.5218 0.2367 1.5218 2.6679 2.1721
4420 2210.0 1.5960 4.6111 1.5960 2.5620 2.0728
4430 2215.0 1.5415 0.8619 1.5415 2.6305 2.0299
4440 2220.0 1.5120 0.0714 1.5120 2.6373 2.0993
4450 2225.0 1.6420 10.0889 1.6420 2.4746 2.1641
4460 2230.0 1.5896 4.0099 1.5896 2.5158 2.1116
4470 2235.0 1.5059 0.0176 1.5059 2.5711 2.1261
4480 2240.0 1.6103 6.0810 1.6103 2.4333 2.1111
4490 2245.0 1.5870 3.7810 1.5870 2.4594 2.0836
4500 2250.0 1.4893 0.0569 1.4893 2.6012 2.0544
4510 2255.0 1.5562 1.5769 1.5562 2.5280 2.1393
4520 2260.0 1.6424 10.1337 1.6424 2.4493 2.1346
4530 2265.0 1.5349 0.6077 1.5349 2.5832 2.0531
4540 2270.0 1.5186 0.1727 1.5186 2.5715 2.1381
4550 2275.0 1.6009 5.0908 1.6009 2.4429 2.0533
4560 2280.0 1.5383 0.7318 1.5383 2.5086 2.0208
4570 2285.0 1.5025 0.0032 1.5025 2.5898 1.9852
4580 2290.0 1.5392 0.7692 1.5392 2.5064 2.0023
4590 2295.0 1.6113 6.1926 1.6113 2.4033 2.0401
4600 2300.0 1.5284 0.4046 1.5284 2.5140 1.9776
4610 2305.0 1.4795 0.2098 1.4795 2.5962 1.9281
4620 2310.0 1.5658 2.1675 1.5658 2.4432 1.9560
4630 2315.0 1.6003 5.0318 1.6003 2.3908 1.9811
4640 2320.0 1.4732 0.3584 1.4732 2.5330 1.9821
4650 2325.0 1.5472 1.1128 1.5472 2.4433 1.9997
4660 2330.0 1.5845 3.5660 1.5845 2.3214 2.0552
4670 2335.0 1.5482 1.1623 1.5482 2.3216 2.0732
4680 2340.0 1.5549 1.5050 1.5549 2.3757 2.0774
4690 2345.0 1.4980 0.0020 1.4980 2.3909 2.0421
4700 2350.0 1.6113 6.1926 1.6113 2.2446 2.0697
4710 2355.0 1.5710 2.5181 1.5710 2.3002 2.0868
4720 2360.0 1.4742 0.3316 1.4742 2.4372 2.0929
4730 2365.0 1.5958 4.5876 1.5958 2.2534 2.1667
4740 2370.0 1.6304 8.4981 1.6304 2.2089 2.1553
4750 2375.0 1.4847 0.1167 1.4847 2.3714 2.0314
4760 2380.0 1.5123 0.0761 1.5123 2.2938 2.0975
4770 2385.0 1.6187 7.0430 1.6187 2.0783 2.1976
4780 2390.0 1.5133 0.0885 1.5133 2.2085 2.0332
4790 2395.0 1.4451 1.5045 1.4451 2.3411 1.9000
4800 2400.0 1.5605 1.8298 1.5605 2.1764 1.9042
4810 2405.0 1.5838 3.5139 1.5838 2.1671 2.0024
4820 2410.0 1.4840 0.1285 1.4840 2.3856 2.0376
4830 2415.0 1.5377 0.7114 1.5377 2.4057 1.9259
4840 2420.0 1.5793 3.1471 1.5793 2.3219 1.9684
4850 2425.0 1.5639 2.0424 1.5639 2.3365 1.9880
4860 2430.0 1.5513 1.3139 1.5513 2.4097 2.0203
4870 2435.0 1.5045 0.0101 1.5045 2.4594 1.9259
4880 2440.0 1.5761 2.8957 1.5761 2.3375 1.8754
4890 2445.0 1.5861 3.7033 1.5861 2.3166 1.9451
4900 2450.0 1.5161 0.1292 1.5161 2.4346 1.9567
4910 2455.0 1.5300 0.4507 1.5300 2.4408 1.8729
4920 2460.0 1.5552 1.5210 1.5552 2.3584 1.9465
4930 2465.0 1.5519 1.3481 1.5519 2.2704 2.0180
4940 2470.0 1.5360 0.6479 1.5360 2.2315 1.8831
4950 2475.0 1.5232 0.2697 1.5232 2.2111 1.8213
4960 2480.0 1.5179 0.1602 1.5179 2.2129 1.8285
4970 2485.0 1.5303 0.4583 1.5303 2.2205 1.9223
4980 2490.0 1.5359 0.6448 1.5359 2.2892 2.0242
4990 2495.0 1.5609 1.8569 1.5609 2.3445 1.8979
5000 2500.0 1.5235 0.2767 1.5235 2.4229 1.8589
5010 2505.0 1.5276 0.3800 1.5276 2.3831 1.9593
5020 2510.0 1.5563 1.5874 1.5563 2.3086 2.0034
5030 2515.0 1.5451 1.0166 1.5451 2.3310 1.9097
5040 2520.0 1.5186 0.1726 1.5186 2.4034 1.8970
5050 2525.0 1.5296 0.4379 1.5296 2.4001 1.9581
5060 2530.0 1.5906 4.1028 1.5906 2.3602 2.0570
5070 2535.0 1.5483 1.1645 1.5483 2.4305 1.9612
5080 2540.0 1.5166 0.1381 1.5166 2.4486 1.9636
5090 2545.0 1.5874 3.8207 1.5874 2.3043 2.0693
5100 2550.0 1.5348 0.6038 1.5348 2.2713 2.0020
5110 2555.0 1.5461 1.0628 1.5461 2.2250 2.0266
5120 2560.0 1.5874 3.8203 1.5874 2.2413 2.1099
5130 2565.0 1.5204 0.2071 1.5204 2.3766 1.9179
5140 2570.0 1.5224 0.2518 1.5224 2.3759 1.9027
5150 2575.0 1.5764 2.9160 1.5764 2.2519 2.0362
5160 2580.0 1.5456 1.0412 1.5456 2.2270 2.1537
5170 2585.0 1.5141 0.0992 1.5141 2.2416 2.0410
5180 2590.0 1.5358 0.6400 1.5358 2.2383 1.9577
5190 2595.0 1.5365 0.6679 1.5365 2.2589 1.9822
5200 2600.0 1.5476 1.1314 1.5476 2.2844 2.0970
5210 2605.0 1.5304 0.4630 1.5304 2.3386 2.1140
5220 2610.0 1.5641 2.0549 1.5641 2.3119 2.0586
5230 2615.0 1.5796 3.1670 1.5796 2.2730 2.0347
5240 2620.0 1.5442 0.9748 1.5442 2.2748 2.0198
5250 2625.0 1.5437 0.9568 1.5437 2.1949 2.0171
5260 2630.0 1.5761 2.8974 1.5761 2.0945 1.8656
5270 2635.0 1.5181 0.1640 1.5181 2.1569 1.7190
5280 2640.0 1.4762 0.2828 1.4762 2.2344 1.6986
5290 2645.0 1.5305 0.4650 1.5305 2.1829 1.8301
5300 2650.0 1.5748 2.7958 1.5748 2.1799 2.0075
5310 2655.0 1.5421 0.8870 1.5421 2.2716 1.9588
5320 2660.0 1.5246 0.3022 1.5246 2.3864 1.8545
5330 2665.0 1.5507 1.2857 1.5507 2.3998 1.8615
5340 2670.0 1.5539 1.4505 1.5539 2.3197 1.9919
5350 2675.0 1.5484 1.1703 1.5484 2.2980 2.0376
5360 2680.0 1.5158 0.1251 1.5158 2.2861 1.9697
5370 2685.0 1.5458 1.0485 1.5458 2.1833 1.9541
5380 2690.0 1.5488 1.1891 1.5488 2.1539 2.0007
5390 2695.0 1.4855 0.1053 1.4855 2.2535 2.0632
5400 2700.0 1.5300 0.4505 1.5300 2.2121 2.0186
5410 2705.0 1.5713 2.5434 1.5713 2.1628 2.0243
5420 2710.0 1.5102 0.0518 1.5102 2.2340 2.0231
5430 2715.0 1.5133 0.0886 1.5133 2.2455 2.0965
5440 2720.0 1.5882 3.8906 1.5882 2.1504 2.1379
5450 2725.0 1.5713 2.5402 1.5713 2.1837 2.1310
5460 2730.0 1.5345 0.5967 1.5345 2.2760 2.1571
5470 2735.0 1.5849 3.6067 1.5849 2.2894 2.1120
5480 2740.0 1.5340 0.5768 1.5340 2.2990 2.0646
5490 2745.0 1.5493 1.2156 1.5493 2.2517 2.0877
5500 2750.0 1.6093 5.9685 1.6093 2.1936 2.1310
5510 2755.0 1.4881 0.0708 1.4881 2.3031 2.0801
5520 2760.0 1.5523 1.3701 1.5523 2.1954 2.0669
5530 2765.0 1.5632 1.9970 1.5632 2.1051 2.0404
5540 2770.0 1.5144 0.1043 1.5144 2.1367 1.9840
5550 2775.0 1.4820 0.1614 1.4820 2.1799 1.9918
5560 2780.0 1.5008 0.0003 1.5008 2.1067 2.0461
5570 2785.0 1.5925 4.2759 1.5925 2.0349 2.0884
5580 2790.0 1.4861 0.0962 1.4861 2.1610 2.0965
5590 2795.0 1.5171 0.1467 1.5171 2.2075 2.1177
5600 2800.0 1.5537 1.4401 1.5537 2.0964 2.1843
5610 2805.0 1.5819 3.3547 1.5819 2.0888 2.2323
5620 2810.0 1.5138 0.0953 1.5138 2.2608 2.0991
5630 2815.0 1.5924 4.2719 1.5924 2.2681 2.0755
5640 2820.0 1.5438 0.9590 1.5438 2.2269 2.1404
5650 2825.0 1.5641 2.0523 1.5641 2.1179 2.0456
5660 2830.0 1.5665 2.2137 1.5665 2.0842 1.9332
5670 2835.0 1.4930 0.0244 1.4930 2.1649 1.8396
5680 2840.0 1.5234 0.2737 1.5234 2.1412 1.8139
5690 2845.0 1.5179 0.1603 1.5179 2.1165 1.8212
5700 2850.0 1.5515 1.3267 1.5515 2.1136 1.8422
5710 2855.0 1.5129 0.0830 1.5129 2.2167 1.8929
5720 2860.0 1.5171 0.1456 1.5171 2.2664 2.0228
5730 2865.0 1.5462 1.0649 1.5462 2.3052 1.9876
5740 2870.0 1.5656 2.1492 1.5656 2.3375 1.9305
5750 2875.0 1.5576 1.6565 1.5576 2.3535 1.9506
5760 2880.0 1.5378 0.7139 1.5378 2.3354 2.0485
5770 2885.0 1.5641 2.0543 1.5641 2.3282 1.9019
5780 2890.0 1.5651 2.1200 1.5651 2.3783 1.8049
5790 2895.0 1.5164 0.1337 1.5164 2.4773 1.7502
5800 2900.0 1.5438 0.9594 1.5438 2.4019 1.7896
5810 2905.0 1.6055 5.5634 1.6055 2.2738 1.8765
5820 2910.0 1.5316 0.4994 1.5316 2.3490 1.9486
5830 2915.0 1.5130 0.0839 1.5130 2.4031 1.8524
5840 2920.0 1.5385 0.7414 1.5385 2.3644 1.8600
5850 2925.0 1.5488 1.1906 1.5488 2.2716 1.9442
5860 2930.0 1.5652 2.1278 1.5652 2.2316 1.9795
5870 2935.0 1.5233 0.2715 1.5233 2.2961 1.9205
5880 2940.0 1.4796 0.2081 1.4796 2.3182 1.9284
5890 2945.0 1.5838 3.5124 1.5838 2.1522 2.0609
5900 2950.0 1.5705 2.4827 1.5705 2.1818 2.0972
5910 2955.0 1.4635 0.6673 1.4635 2.3544 1.9355
5920 2960.0 1.5216 0.2330 1.5216 2.3072 1.9312
5930 2965.0 1.6111 6.1753 1.6111 2.1436 2.0451
5940 2970.0 1.5389 0.7576 1.5389 2.1429 2.0776
5950 2975.0 1.4961 0.0076 1.4961 2.1016 2.0218
5960 2980.0 1.5369 0.6792 1.5369 1.9904 1.9031
5970 2985.0 1.5071 0.0252 1.5071 2.0330 1.8098
5980 2990.0 1.4731 0.3615 1.4731 2.1144 1.6956
5990 2995.0 1.5650 2.1101 1.5650 2.0231 1.6464
6000 3000.0 1.5847 3.5834 1.5847 2.0209 1.6268
6010 3005.0 1.4723 0.3829 1.4723 2.1603 1.6574
6020 3010.0 1.5399 0.7941 1.5399 2.1159 1.7560
6030 3015.0 1.5465 1.0815 1.5465 2.1201 1.8728
6040 3020.0 1.5152 0.1153 1.5152 2.2566 1.9753
6050 3025.0 1.4998 0.0000 1.4998 2.3915 1.8665
6060 3030.0 1.5312 0.4871 1.5312 2.4170 1.8723
6070 3035.0 1.5394 0.7762 1.5394 2.3847 1.9966
6080 3040.0 1.5121 0.0729 1.5121 2.3975 1.8479
6090 3045.0 1.5268 0.3593 1.5268 2.3718 1.8079
6100 3050.0 1.5609 1.8533 1.5609 2.2975 1.8427
6110 3055.0 1.5334 0.5565 1.5334 2.3413 1.9076
6120 3060.0 1.5063 0.0196 1.5063 2.4346 1.8801
6130 3065.0 1.5267 0.3552 1.5267 2.4160 1.8064
6140 3070.0 1.5345 0.5946 1.5345 2.3288 1.8397
6150 3075.0 1.5243 0.2964 1.5243 2.1965 1.9455
6160 3080.0 1.5296 0.4384 1.5296 2.1161 1.7952
6170 3085.0 1.5264 0.3488 1.5264 2.1004 1.7147
6180 3090.0 1.4989 0.0006 1.4989 2.1358 1.7063
6190 3095.0 1.5124 0.0763 1.5124 2.1238 1.7997
6200 3100.0 1.5399 0.7956 1.5399 2.0882 1.9261
6210 3105.0 1.5374 0.7006 1.5374 2.1263 2.0595
6220 3110.0 1.5261 0.3410 1.5261 2.1750 2.0519
6230 3115.0 1.5274 0.3752 1.5274 2.1736 2.0564
6240 3120.0 1.5316 0.4994 1.5316 2.1569 2.0932
6250 3125.0 1.5474 1.1215 1.5474 2.1050 2.1405
6260 3130.0 1.5308 0.4732 1.5308 2.1076 2.1298
6270 3135.0 1.5104 0.0538 1.5104 2.0943 2.1026
6280 3140.0 1.5196 0.1914 1.5196 2.0330 2.0756
6290 3145.0 1.5129 0.0838 1.5129 2.0032 2.0433
6300 3150.0 1.4790 0.2197 1.4790 2.0354 1.9994
6310 3155.0 1.4878 0.0741 1.4878 2.0451 1.9191
6320 3160.0 1.5117 0.0689 1.5117 2.0788 1.8279
6330 3165.0 1.4878 0.0741 1.4878 2.1613 1.7644
6340 3170.0 1.4902 0.0478 1.4902 2.1455 1.8211
6350 3175.0 1.5558 1.5593 1.5558 2.0499 1.8980
6360 3180.0 1.5587 1.7253 1.5587 2.0621 1.7839
6370 3185.0 1.4993 0.0003 1.4993 2.1895 1.7209
6380 3190.0 1.5423 0.8963 1.5423 2.1517 1.8068
6390 3195.0 1.5653 2.1325 1.5653 2.1629 1.9627
6400 3200.0 1.5344 0.5920 1.5344 2.2738 1.8770
6410 3205.0 1.5176 0.1554 1.5176 2.3004 1.9096
6420 3210.0 1.5607 1.8437 1.5607 2.1755 2.0099
6430 3215.0 1.5426 0.9080 1.5426 2.1444 1.9368
6440 3220.0 1.4993 0.0003 1.4993 2.1736 1.9598
6450 3225.0 1.5242 0.2921 1.5242 2.1199 2.0684
6460 3230.0 1.5439 0.9626 1.5439 2.0615 2.1246
6470 3235.0 1.5218 0.2376 1.5218 2.0745 2.0231
6480 3240.0 1.4987 0.0009 1.4987 2.0893 1.9410
6490 3245.0 1.5058 0.0170 1.5058 2.0408 1.9601
6500 3250.0 1.5043 0.0094 1.5043 1.9587 2.0829
6510 3255.0 1.5142 0.1003 1.5142 1.9271 2.0660
6520 3260.0 1.4796 0.2077 1.4796 1.9764 1.9743
6530 3265.0 1.5228 0.2601 1.5228 1.9689 1.9121
6540 3270.0 1.5076 0.0291 1.5076 2.0553 1.8324
6550 3275.0 1.5067 0.0225 1.5067 2.1307 1.7512
6560 3280.0 1.5536 1.4367 1.5536 2.1228 1.7501
6570 3285.0 1.5419 0.8776 1.5419 2.1957 1.7697
6580 3290.0 1.5068 0.0230 1.5068 2.3125 1.8053
6590 3295.0 1.5155 0.1205 1.5155 2.3537 1.8682
6600 3300.0 1.5385 0.7405 1.5385 2.3700 1.9897
6610 3305.0 1.5372 0.6927 1.5372 2.4553 1.9006
6620 3310.0 1.5097 0.0473 1.5097 2.5451 1.8650
6630 3315.0 1.5309 0.4776 1.5309 2.5148 1.9270
6640 3320.0 1.5589 1.7371 1.5589 2.4535 1.9201
6650 3325.0 1.5453 1.0277 1.5453 2.4607 1.8843
6660 3330.0 1.5229 0.2613 1.5229 2.4898 1.9065
6670 3335.0 1.5399 0.7970 1.5399 2.4776 1.9437
6680 3340.0 1.5400 0.7996 1.5400 2.4600 1.9671
6690 3345.0 1.5316 0.4999 1.5316 2.4472 1.9516
6700 3350.0 1.5227 0.2581 1.5227 2.4433 1.9354
6710 3355.0 1.5355 0.6289 1.5355 2.4022 1.9469
6720 3360.0 1.5422 0.8918 1.5422 2.3643 1.9466
6730 3365.0 1.5176 0.1547 1.5176 2.3784 1.9054
6740 3370.0 1.5135 0.0906 1.5135 2.3679 1.8693
6750 3375.0 1.5505 1.2760 1.5505 2.2979 1.8677
6760 3380.0 1.5411 0.8441 1.5411 2.2981 1.8616
6770 3385.0 1.5232 0.2694 1.5232 2.3214 1.8281
6780 3390.0 1.5334 0.5590 1.5334 2.3010 1.7744
6790 3395.0 1.5332 0.5518 1.5332 2.2885 1.7500
6800 3400.0 1.5245 0.3005 1.5245 2.2955 1.7838
6810 3405.0 1.5274 0.3766 1.5274 2.2778 1.8817
6820 3410.0 1.5223 0.2497 1.5223 2.2982 1.9808
6830 3415.0 1.5084 0.0356 1.5084 2.3438 1.9151
6840 3420.0 1.4951 0.0121 1.4951 2.3502 1.9131
6850 3425.0 1.5176 0.1550 1.5176 2.2695 1.9199
6860 3430.0 1.5325 0.5292 1.5325 2.2223 1.8933
6870 3435.0 1.5112 0.0632 1.5112 2.2667 1.8823
6880 3440.0 1.4939 0.0189 1.4939 2.3114 1.9042
6890 3445.0 1.5270 0.3651 1.5270 2.3080 1.9506
6900 3450.0 1.5277 0.3848 1.5277 2.3416 1.9793
6910 3455.0 1.5237 0.2818 1.5237 2.3737 1.9493
6920 3460.0 1.5451 1.0153 1.5451 2.3707 1.9499
6930 3465.0 1.5124 0.0772 1.5124 2.3786 1.9699
6940 3470.0 1.5387 0.7478 1.5387 2.3241 1.9930
6950 3475.0 1.5506 1.2795 1.5506 2.2916 1.9637
6960 3480.0 1.4963 0.0069 1.4963 2.3660 1.9576
6970 3485.0 1.5172 0.1477 1.5172 2.3392 2.0107
6980 3490.0 1.5432 0.9350 1.5432 2.2532 2.0403
6990 3495.0 1.5434 0.9416 1.5434 2.2465 2.0154
7000 3500.0 1.5052 0.0136 1.5052 2.3099 1.9667
7010 3505.0 1.5054 0.0144 1.5054 2.3022 1.9863
7020 3510.0 1.5361 0.6514 1.5361 2.2449 2.0228
7030 3515.0 1.5067 0.0227 1.5067 2.2722 1.9498
7040 3520.0 1.5262 0.3440 1.5262 2.2790 1.9109
7050 3525.0 1.5503 1.2640 1.5503 2.2791 1.9107
7060 3530.0 1.5264 0.3483 1.5264 2.3242 1.9491
7070 3535.0 1.5422 0.8888 1.5422 2.3479 2.0361
7080 3540.0 1.5520 1.3545 1.5520 2.3918 1.9457
7090 3545.0 1.5376 0.7068 1.5376 2.4231 1.9128
7100 3550.0 1.5297 0.4404 1.5297 2.3961 1.9688
7110 3555.0 1.5240 0.2880 1.5240 2.3488 1.9102
7120 3560.0 1.5666 2.2155 1.5666 2.2871 1.7958
7130 3565.0 1.5457 1.0448 1.5457 2.3146 1.7277
7140 3570.0 1.5059 0.0175 1.5059 2.3429 1.7788
7150 3575.0 1.5476 1.1350 1.5476 2.2528 1.8959
7160 3580.0 1.5475 1.1259 1.5475 2.2105 1.9928
7170 3585.0 1.5047 0.0110 1.5047 2.3170 1.9541
7180 3590.0 1.4764 0.2787 1.4764 2.3573 1.9438
7190 3595.0 1.5497 1.2347 1.5497 2.2429 1.9395
7200 3600.0 1.5668 2.2307 1.5668 2.2092 1.8503
7210 3605.0 1.5030 0.0045 1.5030 2.3269 1.7341
7220 3610.0 1.4984 0.0012 1.4984 2.3353 1.6901
7230 3615.0 1.5875 3.8314 1.5875 2.2113 1.7423
7240 3620.0 1.5722 2.6035 1.5722 2.2415 1.7739
7250 3625.0 1.4850 0.1128 1.4850 2.3861 1.8139
7260 3630.0 1.5168 0.1413 1.5168 2.3428 1.8864
7270 3635.0 1.5772 2.9776 1.5772 2.2709 1.9405
7280 3640.0 1.5131 0.0860 1.5131 2.3638 1.8782
7290 3645.0 1.4703 0.4399 1.4703 2.3930 1.8889
7300 3650.0 1.5427 0.9105 1.5427 2.2253 1.9573
7310 3655.0 1.5752 2.8281 1.5752 2.1754 1.9738
7320 3660.0 1.4699 0.4540 1.4699 2.3171 1.9158
7330 3665.0 1.4965 0.0061 1.4965 2.2676 1.9588
7340 3670.0 1.5724 2.6212 1.5724 2.1004 2.0241
7350 3675.0 1.5286 0.4099 1.5286 2.1620 1.9675
7360 3680.0 1.4611 0.7580 1.4611 2.3154 1.9483
7370 3685.0 1.5141 0.0988 1.5141 2.2663 1.9942
7380 3690.0 1.5909 4.1270 1.5909 2.1711 2.0428
7390 3695.0 1.5068 0.0230 1.5068 2.2650 2.0293
7400 3700.0 1.4676 0.5251 1.4676 2.3425 1.9744
7410 3705.0 1.5639 2.0395 1.5639 2.1965 1.9666
7420 3710.0 1.5808 3.2660 1.5808 2.1794 1.9879
7430 3715.0 1.4791 0.2176 1.4791 2.3470 1.9758
7440 3720.0 1.4962 0.0073 1.4962 2.3333 1.9942
7450 3725.0 1.5901 4.0598 1.5901 2.1999 2.0119
7460 3730.0 1.5479 1.1468 1.5479 2.2568 1.9161
7470 3735.0 1.4791 0.2190 1.4791 2.3694 1.8167
7480 3740.0 1.5533 1.4229 1.5533 2.2679 1.8543
7490 3745.0 1.5845 3.5701 1.5845 2.2577 1.9145
7500 3750.0 1.5176 0.1549 1.5176 2.4157 1.9204
7510 3755.0 1.4937 0.0200 1.4937 2.4797 1.8922
7520 3760.0 1.5865 3.7390 1.5865 2.3498 1.9878
7530 3765.0 1.5695 2.4117 1.5695 2.3553 1.9502
7540 3770.0 1.4966 0.0057 1.4966 2.4325 1.8748
7550 3775.0 1.5351 0.6173 1.5351 2.3433 1.9156
7560 3780.0 1.6155 6.6742 1.6155 2.1928 2.0207
7570 3785.0 1.5498 1.2389 1.5498 2.2422 1.9983
7580 3790.0 1.4838 0.1305 1.4838 2.3018 1.9400
7590 3795.0 1.5734 2.6911 1.5734 2.1415 1.9578
7600 3800.0 1.5818 3.3435 1.5818 2.1107 1.9880
7610 3805.0 1.4881 0.0709 1.4881 2.2704 1.9841
7620 3810.0 1.5033 0.0056 1.5033 2.3043 2.0411
7630 3815.0 1.6047 5.4785 1.6047 2.1801 2.1293
7640 3820.0 1.5909 4.1279 1.5909 2.2235 2.1409
7650 3825.0 1.4989 0.0006 1.4989 2.3805 2.0997
7660 3830.0 1.4818 0.1648 1.4818 2.3589 2.0808
7670 3835.0 1.6061 5.6246 1.6061 2.1989 2.0715
7680 3840.0 1.5799 3.1918 1.5799 2.2113 2.0240
7690 3845.0 1.4758 0.2921 1.4758 2.2946 1.9411
7700 3850.0 1.5245 0.3013 1.5245 2.2205 1.9468
7710 3855.0 1.5508 1.2894 1.5508 2.1300 2.0032
7720 3860.0 1.5427 0.9120 1.5427 2.1759 1.9919
7730 3865.0 1.5279 0.3889 1.5279 2.2563 1.9890
7740 3870.0 1.4976 0.0028 1.4976 2.3022 1.9848
7750 3875.0 1.5849 3.6057 1.5849 2.2521 1.9796
7760 3880.0 1.5360 0.6482 1.5360 2.2787 1.9695
7770 3885.0 1.5448 1.0057 1.5448 2.2640 1.9819
7780 3890.0 1.5231 0.2662 1.5231 2.2504 2.0095
7790 3895.0 1.5430 0.9257 1.5430 2.2127 1.9417
7800 3900.0 1.5506 1.2807 1.5506 2.2006 1.8745
7810 3905.0 1.5196 0.1916 1.5196 2.2396 1.8380
7820 3910.0 1.5182 0.1663 1.5182 2.2621 1.8260
7830 3915.0 1.5249 0.3112 1.5249 2.2436 1.8437
7840 3920.0 1.5368 0.6755 1.5368 2.2278 1.8510
7850 3925.0 1.5322 0.5199 1.5322 2.2551 1.8315
7860 3930.0 1.5207 0.2146 1.5207 2.2654 1.7776
7870 3935.0 1.5355 0.6306 1.5355 2.2577 1.7055
7880 3940.0 1.5337 0.5675 1.5337 2.2487 1.6817
7890 3945.0 1.5277 0.3827 1.5277 2.2367 1.7407
7900 3950.0 1.5569 1.6169 1.5569 2.1891 1.7926
7910 3955.0 1.5322 0.5182 1.5322 2.2131 1.8228
7920 3960.0 1.4965 0.0060 1.4965 2.2656 1.8348
7930 3965.0 1.5245 0.3004 1.5245 2.2255 1.9130
7940 3970.0 1.5609 1.8570 1.5609 2.1955 1.9552
7950 3975.0 1.5121 0.0737 1.5121 2.3080 1.9241
7960 3980.0 1.4888 0.0627 1.4888 2.3637 1.9314
7970 3985.0 1.5682 2.3285 1.5682 2.2715 2.0111
7980 3990.0 1.5401 0.8033 1.5401 2.2664 2.0641
7990 3995.0 1.5277 0.3845 1.5277 2.3204 2.0659
8000 4000.0 1.5466 1.0851 1.5466 2.3714 2.0541
8010 4005.0 1.5116 0.0669 1.5116 2.3932 2.0112
8020 4010.0 1.5303 0.4604 1.5303 2.3661 1.9698
8030 4015.0 1.5144 0.1042 1.5144 2.3020 1.9218
8040 4020.0 1.5471 1.1079 1.5471 2.2284 1.9092
8050 4025.0 1.5367 0.6740 1.5367 2.1966 1.9707
8060 4030.0 1.5115 0.0656 1.5115 2.2097 2.0335
8070 4035.0 1.5122 0.0740 1.5122 2.1832 2.0305
8080 4040.0 1.5148 0.1101 1.5148 2.1832 2.0545
8090 4045.0 1.5466 1.0840 1.5466 2.1616 2.0597
8100 4050.0 1.5114 0.0655 1.5114 2.2405 1.9814
8110 4055.0 1.5241 0.2907 1.5241 2.2439 1.9672
8120 4060.0 1.5508 1.2885 1.5508 2.2330 2.0199
8130 4065.0 1.5452 1.0229 1.5452 2.2190 2.1176
8140 4070.0 1.5565 1.5947 1.5565 2.2094 2.0983
8150 4075.0 1.5650 2.1132 1.5650 2.2259 2.0314
8160 4080.0 1.5347 0.6017 1.5347 2.2778 1.9719
8170 4085.0 1.5160 0.1274 1.5160 2.2664 1.9661
8180 4090.0 1.5747 2.7878 1.5747 2.1752 2.0194
8190 4095.0 1.5622 1.9375 1.5622 2.1585 2.0409
8200 4100.0 1.4829 0.1464 1.4829 2.2302 2.0107
8210 4105.0 1.5460 1.0565 1.5460 2.1786 2.0267
8220 4110.0 1.5474 1.1244 1.5474 2.1890 2.0280
8230 4115.0 1.5352 0.6212 1.5352 2.2630 1.9407
8240 4120.0 1.5534 1.4269 1.5534 2.3128 1.8658
8250 4125.0 1.4951 0.0120 1.4951 2.3425 1.8038
8260 4130.0 1.5599 1.7914 1.5599 2.2848 1.8236
8270 4135.0 1.5595 1.7713 1.5595 2.2297 1.8949
8280 4140.0 1.4913 0.0378 1.4913 2.2464 1.9700
8290 4145.0 1.5601 1.8066 1.5601 2.1744 1.9342
8300 4150.0 1.5106 0.0561 1.5106 2.2109 1.8716
8310 4155.0 1.5316 0.4981 1.5316 2.2661 1.8737
8320 4160.0 1.5029 0.0042 1.5029 2.3054 1.9365
8330 4165.0 1.6011 5.1056 1.6011 2.2267 2.0603
8340 4170.0 1.5769 2.9534 1.5769 2.3259 1.9344
8350 4175.0 1.4911 0.0396 1.4911 2.4696 1.7982
8360 4180.0 1.5147 0.1087 1.5147 2.4499 1.8216
8370 4185.0 1.5618 1.9127 1.5618 2.3406 1.9759
8380 4190.0 1.5481 1.1584 1.5481 2.3012 2.0388
8390 4195.0 1.5173 0.1497 1.5173 2.3514 1.8616
8400 4200.0 1.4581 0.8767 1.4581 2.3894 1.7310
8410 4205.0 1.5478 1.1423 1.5478 2.2698 1.7414
8420 4210.0 1.5583 1.6979 1.5583 2.2109 1.7895
8430 4215.0 1.5029 0.0041 1.5029 2.2748 1.7867
8440 4220.0 1.5244 0.2977 1.5244 2.2602 1.8207
8450 4225.0 1.5278 0.3874 1.5278 2.2356 1.8731
8460 4230.0 1.5531 1.4108 1.5531 2.2382 1.9425
8470 4235.0 1.5246 0.3029 1.5246 2.3221 1.8506
8480 4240.0 1.5126 0.0788 1.5126 2.3738 1.7735
8490 4245.0 1.5219 0.2398 1.5219 2.3655 1.8053
8500 4250.0 1.5347 0.6023 1.5347 2.3205 1.9021
8510 4255.0 1.5624 1.9468 1.5624 2.2671 1.9030
8520 4260.0 1.5458 1.0484 1.5458 2.2640 1.8175
8530 4265.0 1.5405 0.8196 1.5405 2.2667 1.7586
8540 4270.0 1.5193 0.1855 1.5193 2.3005 1.7501
8550 4275.0 1.5082 0.0333 1.5082 2.2947 1.8474
8560 4280.0 1.5537 1.4441 1.5537 2.2456 1.9894
8570 4285.0 1.5250 0.3137 1.5250 2.2689 1.9812
8580 4290.0 1.5343 0.5895 1.5343 2.2464 1.9461
8590 4295.0 1.4969 0.0047 1.4969 2.2291 2.0116
8600 4300.0 1.5156 0.1224 1.5156 2.1668 1.9159
8610 4305.0 1.5648 2.1027 1.5648 2.1337 1.7870
8620 4310.0 1.5043 0.0092 1.5043 2.2338 1.7092
8630 4315.0 1.4958 0.0090 1.4958 2.2613 1.7612
8640 4320.0 1.5764 2.9220 1.5764 2.1839 1.9126
8650 4325.0 1.5408 0.8322 1.5408 2.2880 1.9848
8660 4330.0 1.5395 0.7810 1.5395 2.3871 1.9027
8670 4335.0 1.5608 1.8488 1.5608 2.4328 1.9369
8680 4340.0 1.5307 0.4719 1.5307 2.5208 1.8308
8690 4345.0 1.5448 1.0054 1.5448 2.5388 1.7043
8700 4350.0 1.5945 4.4664 1.5945 2.4954 1.7131
8710 4355.0 1.5616 1.8997 1.5616 2.5672 1.8441
8720 4360.0 1.5017 0.0014 1.5017 2.7138 1.7866
8730 4365.0 1.5096 0.0463 1.5096 2.6972 1.7389
8740 4370.0 1.5541 1.4630 1.5541 2.5428 1.8977
8750 4375.0 1.5484 1.1695 1.5484 2.4404 1.8113
8760 4380.0 1.5264 0.3496 1.5264 2.4217 1.6252
8770 4385.0 1.5540 1.4576 1.5540 2.3411 1.6115
8780 4390.0 1.5480 1.1542 1.5480 2.2859 1.7438
8790 4395.0 1.5323 0.5225 1.5323 2.2673 1.9455
8800 4400.0 1.5042 0.0088 1.5042 2.2897 1.9018
8810 4405.0 1.4741 0.3357 1.4741 2.2743 1.8768
8820 4410.0 1.5254 0.3224 1.5254 2.1385 1.9586
8830 4415.0 1.5151 0.1140 1.5151 2.0587 2.0122
8840 4420.0 1.4866 0.0903 1.4866 2.1004 1.9060
8850 4425.0 1.4857 0.1021 1.4857 2.0798 1.8410
8860 4430.0 1.5335 0.5617 1.5335 2.0292 1.8501
8870 4435.0 1.4904 0.0463 1.4904 2.0605 1.8922
8880 4440.0 1.4931 0.0238 1.4931 2.1049 1.9274
8890 4445.0 1.4991 0.0004 1.4991 2.1089 1.9487
8900 4450.0 1.5517 1.3377 1.5517 2.1001 2.0119
8910 4455.0 1.5363 0.6574 1.5363 2.1876 1.9673
8920 4460.0 1.4884 0.0676 1.4884 2.2891 1.9029
8930 4465.0 1.5084 0.0351 1.5084 2.2620 1.9452
8940 4470.0 1.5610 1.8611 1.5610 2.1774 1.9305
8950 4475.0 1.5737 2.7166 1.5737 2.1694 1.9071
8960 4480.0 1.4911 0.0392 1.4911 2.2807 1.8829
8970 4485.0 1.5158 0.1243 1.5158 2.2396 1.9117
8980 4490.0 1.5798 3.1846 1.5798 2.1471 1.9853
8990 4495.0 1.5384 0.7376 1.5384 2.1827 1.9909
9000 4500.0 1.5298 0.4449 1.5298 2.1913 1.9244
9010 4505.0 1.5099 0.0493 1.5099 2.1807 1.9409
9020 4510.0 1.5590 1.7396 1.5590 2.1385 2.0312
9030 4515.0 1.5549 1.5066 1.5549 2.1822 2.0679
9040 4520.0 1.4825 0.1531 1.4825 2.3053 2.0201
9050 4525.0 1.5119 0.0704 1.5119 2.2542 2.0359
9060 4530.0 1.5484 1.1712 1.5484 2.1932 2.0468
9070 4535.0 1.5461 1.0607 1.5461 2.2277 2.0356
9080 4540.0 1.4789 0.2221 1.4789 2.3643 1.9679
9090 4545.0 1.5170 0.1437 1.5170 2.3296 1.9375
9100 4550.0 1.5802 3.2187 1.5802 2.2256 1.9560
9110 4555.0 1.5410 0.8399 1.5410 2.3042 1.9451
9120 4560.0 1.4855 0.1055 1.4855 2.4194 1.9260
9130 4565.0 1.5235 0.2766 1.5235 2.3560 1.9515
9140 4570.0 1.5831 3.4552 1.5831 2.2514 1.9307
9150 4575.0 1.5340 0.5786 1.5340 2.3029 1.8741
9160 4580.0 1.5200 0.2006 1.5200 2.3151 1.8821
9170 4585.0 1.5468 1.0945 1.5468 2.2855 1.9257
9180 4590.0 1.5573 1.6431 1.5573 2.2957 1.8641
9190 4595.0 1.5339 0.5753 1.5339 2.3207 1.8801
9200 4600.0 1.5078 0.0301 1.5078 2.3123 1.8956
9210 4605.0 1.5395 0.7791 1.5395 2.2216 1.8415
9220 4610.0 1.5549 1.5054 1.5549 2.1498 1.8436
9230 4615.0 1.5104 0.0545 1.5104 2.1869 1.9168
9240 4620.0 1.4968 0.0050 1.4968 2.2149 1.9071
9250 4625.0 1.5116 0.0677 1.5116 2.1684 1.9074
9260 4630.0 1.5663 2.1985 1.5663 2.0500 1.9757
9270 4635.0 1.4870 0.0848 1.4870 2.0957 1.9438
9280 4640.0 1.4800 0.2000 1.4800 2.0759 1.8756
9290 4645.0 1.5492 1.2095 1.5492 1.9662 1.9323
9300 4650.0 1.5368 0.6763 1.5368 2.0075 1.9919
9310 4655.0 1.4584 0.8671 1.4584 2.1711 1.9820
9320 4660.0 1.5193 0.1863 1.5193 2.1449 1.9766
9330 4665.0 1.5927 4.2922 1.5927 2.0873 2.0348
9340 4670.0 1.5492 1.2095 1.5492 2.1612 2.0642
9350 4675.0 1.4689 0.4843 1.4689 2.2885 1.9531
9360 4680.0 1.5301 0.4522 1.5301 2.2092 1.8584
9370 4685.0 1.6023 5.2305 1.6023 2.1200 1.9045
9380 4690.0 1.5182 0.1652 1.5182 2.2580 2.0121
9390 4695.0 1.4883 0.0689 1.4883 2.3528 1.8917
9400 4700.0 1.5039 0.0077 1.5039 2.2747 1.8989
9410 4705.0 1.5271 0.3666 1.5271 2.2005 1.9808
9420 4710.0 1.5107 0.0576 1.5107 2.1696 1.9077
9430 4715.0 1.5527 1.3892 1.5527 2.1144 1.8653
9440 4720.0 1.5269 0.3607 1.5269 2.1315 1.8160
9450 4725.0 1.5385 0.7413 1.5385 2.1389 1.8532
9460 4730.0 1.5415 0.8615 1.5415 2.1790 1.9538
9470 4735.0 1.5511 1.3065 1.5511 2.2216 1.9147
9480 4740.0 1.5234 0.2741 1.5234 2.3198 1.8638
9490 4745.0 1.4875 0.0782 1.4875 2.3818 1.8697
9500 4750.0 1.5219 0.2406 1.5219 2.3506 1.9610
9510 4755.0 1.5444 0.9852 1.5444 2.3006 1.9308
9520 4760.0 1.5347 0.6007 1.5347 2.3308 1.9038
9530 4765.0 1.4807 0.1856 1.4807 2.3963 1.9328
9540 4770.0 1.5372 0.6902 1.5372 2.3045 2.0028
9550 4775.0 1.5464 1.0746 1.5464 2.2276 2.0231
9560 4780.0 1.5161 0.1297 1.5161 2.2289 1.9746
9570 4785.0 1.4774 0.2555 1.4774 2.2611 1.8865
9580 4790.0 1.4893 0.0572 1.4893 2.2073 1.8499
9590 4795.0 1.5399 0.7948 1.5399 2.1225 1.8185
9600 4800.0 1.5252 0.3185 1.5252 2.1204 1.8121
9610 4805.0 1.4919 0.0325 1.4919 2.2060 1.8387
9620 4810.0 1.4815 0.1704 1.4815 2.2256 1.8748
9630 4815.0 1.5571 1.6304 1.5571 2.1644 1.9920
9640 4820.0 1.5110 0.0607 1.5110 2.2097 1.9127
9650 4825.0 1.5155 0.1205 1.5155 2.2698 1.8734
9660 4830.0 1.5090 0.0403 1.5090 2.2637 1.9504
9670 4835.0 1.5203 0.2058 1.5203 2.2185 1.8893
9680 4840.0 1.5808 3.2674 1.5808 2.1667 1.8349
9690 4845.0 1.5004 0.0001 1.5004 2.2557 1.8049
9700 4850.0 1.5243 0.2950 1.5243 2.2625 1.8501
9710 4855.0 1.5476 1.1317 1.5476 2.2251 1.9280
9720 4860.0 1.5288 0.4134 1.5288 2.2104 1.9433
9730 4865.0 1.5576 1.6602 1.5576 2.2026 1.9386
9740 4870.0 1.5292 0.4266 1.5292 2.2364 1.8647
9750 4875.0 1.5158 0.1248 1.5158 2.2174 1.8561
9760 4880.0 1.5441 0.9727 1.5441 2.1634 1.8926
9770 4885.0 1.5087 0.0381 1.5087 2.1761 1.9554
9780 4890.0 1.5157 0.1233 1.5157 2.1734 1.9541
9790 4895.0 1.4830 0.1437 1.4830 2.1515 1.9629
9800 4900.0 1.5354 0.6262 1.5354 2.1025 1.9929
9810 4905.0 1.4932 0.0230 1.4932 2.1031 2.0103
9820 4910.0 1.4966 0.0058 1.4966 2.0861 1.8925
9830 4915.0 1.5262 0.3440 1.5262 2.0502 1.8246
9840 4920.0 1.5328 0.5368 1.5328 2.0440 1.8461
9850 4925.0 1.5435 0.9440 1.5435 2.0795 1.9274
9860 4930.0 1.4872 0.0820 1.4872 2.1573 1.9939
9870 4935.0 1.5518 1.3394 1.5518 2.1283 2.0664
9880 4940.0 1.5335 0.5621 1.5335 2.1511 2.0403
9890 4945.0 1.5331 0.5486 1.5331 2.1447 2.0165
9900 4950.0 1.5246 0.3018 1.5246 2.1349 1.9750
9910 4955.0 1.5493 1.2165 1.5493 2.0906 1.9750
9920 4960.0 1.5572 1.6362 1.5572 2.1188 1.9952
9930 4965.0 1.5146 0.1070 1.5146 2.1921 1.9632
9940 4970.0 1.5268 0.3601 1.5268 2.1828 1.9832
9950 4975.0 1.5568 1.6120 1.5568 2.1158 1.9863
9960 4980.0 1.5485 1.1747 1.5485 2.0873 1.9579
9970 4985.0 1.5411 0.8465 1.5411 2.1264 1.9855
9980 4990.0 1.4986 0.0009 1.4986 2.1967 2.0420
9990 4995.0 1.5213 0.2272 1.5213 2.1682 2.0459
10000 5000.0 1.5489 1.1940 1.5489 2.0875 2.0879
10010 5005.0 1.5114 0.0654 1.5114 2.0964 2.0663
10020 5010.0 1.4821 0.1607 1.4821 2.1329 2.0296
10030 5015.0 1.4979 0.0022 1.4979 2.0796 2.0439
10040 5020.0 1.5286 0.4079 1.5286 2.0330 2.0558
10050 5025.0 1.5008 0.0003 1.5008 2.0779 2.0042
10060 5030.0 1.4647 0.6233 1.4647 2.1203 1.9792
10070 5035.0 1.5129 0.0836 1.5129 2.0866 1.9841
10080 5040.0 1.5304 0.4613 1.5304 2.0627 2.0111
10090 5045.0 1.4996 0.0001 1.4996 2.1406 1.9964
10100 5050.0 1.4682 0.5046 1.4682 2.1959 1.9460
10110 5055.0 1.5506 1.2824 1.5506 2.1380 1.9704
10120 5060.0 1.5439 0.9637 1.5439 2.1820 1.9482
10130 5065.0 1.4980 0.0021 1.4980 2.2912 1.8746
10140 5070.0 1.4906 0.0444 1.4906 2.3124 1.8498
10150 5075.0 1.5772 2.9836 1.5772 2.2298 1.8372
10160 5080.0 1.5469 1.0995 1.5469 2.2454 1.7771
10170 5085.0 1.4942 0.0170 1.4942 2.3259 1.7302
10180 5090.0 1.5456 1.0383 1.5456 2.2860 1.7790
10190 5095.0 1.5286 0.4095 1.5286 2.2834 1.8237
10200 5100.0 1.5297 0.4403 1.5297 2.3150 1.8004
10210 5105.0 1.4750 0.3132 1.4750 2.3358 1.8211
10220 5110.0 1.5525 1.3782 1.5525 2.2680 1.9178
10230 5115.0 1.5239 0.2863 1.5239 2.2869 1.9817
10240 5120.0 1.5288 0.4140 1.5288 2.2797 2.0087
10250 5125.0 1.4903 0.0466 1.4903 2.2485 1.9739
10260 5130.0 1.5593 1.7580 1.5593 2.1651 1.9733
10270 5135.0 1.5316 0.4988 1.5316 2.1902 1.9343
10280 5140.0 1.5120 0.0720 1.5120 2.1966 1.9092
10290 5145.0 1.5348 0.6047 1.5348 2.1351 1.9249
10300 5150.0 1.5175 0.1524 1.5175 2.1448 1.9562
10310 5155.0 1.5274 0.3748 1.5274 2.1629 1.9765
10320 5160.0 1.4938 0.0191 1.4938 2.1580 2.0035
10330 5165.0 1.5570 1.6255 1.5570 2.0918 2.0073
10340 5170.0 1.5111 0.0617 1.5111 2.1428 1.9457
10350 5175.0 1.4958 0.0089 1.4958 2.1620 1.8684
10360 5180.0 1.5033 0.0054 1.5033 2.1256 1.8868
10370 5185.0 1.5665 2.2089 1.5665 2.0595 1.9843
10380 5190.0 1.5379 0.7188 1.5379 2.1581 1.9221
10390 5195.0 1.4654 0.5985 1.4654 2.2856 1.9023
10400 5200.0 1.5245 0.3005 1.5245 2.2162 1.9434
10410 5205.0 1.5963 4.6324 1.5963 2.1215 1.9788
10420 5210.0 1.5420 0.8823 1.5420 2.1975 1.9549
10430 5215.0 1.4793 0.2142 1.4793 2.3206 1.9254
10440 5220.0 1.5218 0.2381 1.5218 2.2413 1.9786
10450 5225.0 1.6033 5.3331 1.6033 2.1452 2.0201
10460 5230.0 1.5076 0.0287 1.5076 2.2283 1.9654
10470 5235.0 1.4612 0.7536 1.4612 2.2920 1.8924
10480 5240.0 1.5219 0.2396 1.5219 2.1938 1.9210
10490 5245.0 1.5777 3.0205 1.5777 2.1338 2.0274
10500 5250.0 1.4880 0.0725 1.4880 2.2972 1.9096
10510 5255.0 1.4432 1.6112 1.4432 2.3647 1.8956
10520 5260.0 1.5423 0.8938 1.5423 2.2124 1.9687
10530 5265.0 1.5559 1.5651 1.5559 2.1485 1.9068
10540 5270.0 1.5238 0.2844 1.5238 2.2322 1.7822
10550 5275.0 1.4851 0.1111 1.4851 2.3035 1.7153
10560 5280.0 1.4960 0.0079 1.4960 2.2612 1.7818
10570 5285.0 1.5866 3.7539 1.5866 2.1539 1.8664
10580 5290.0 1.4578 0.8911 1.4578 2.2646 1.9043
10590 5295.0 1.5053 0.0143 1.5053 2.2685 1.9029
10600 5300.0 1.5021 0.0022 1.5021 2.2318 1.9314
10610 5305.0 1.5625 1.9509 1.5625 2.1957 1.9299
10620 5310.0 1.4806 0.1872 1.4806 2.3006 1.8944
10630 5315.0 1.4864 0.0922 1.4864 2.3079 1.8942
10640 5320.0 1.5201 0.2018 1.5201 2.2187 1.9722
10650 5325.0 1.5861 3.7084 1.5861 2.1360 2.0117
10660 5330.0 1.5110 0.0604 1.5110 2.2347 1.9604
10670 5335.0 1.4687 0.4902 1.4687 2.2456 1.9252
10680 5340.0 1.5635 2.0170 1.5635 2.0752 1.9528
10690 5345.0 1.5565 1.5946 1.5565 2.0624 1.9933
10700 5350.0 1.4607 0.7729 1.4607 2.2291 1.8867
10710 5355.0 1.4856 0.1043 1.4856 2.2288 1.8389
10720 5360.0 1.5658 2.1630 1.5658 2.1213 1.9089
10730 5365.0 1.5275 0.3788 1.5275 2.1537 1.9537
10740 5370.0 1.4655 0.5935 1.4655 2.2373 1.9607
10750 5375.0 1.5213 0.2273 1.5213 2.1491 1.8694
10760 5380.0 1.5929 4.3146 1.5929 2.0641 1.8198
10770 5385.0 1.5069 0.0240 1.5069 2.1774 1.7672
10780 5390.0 1.4873 0.0805 1.4873 2.2606 1.7540
10790 5395.0 1.5350 0.6138 1.5350 2.1879 1.8442
10800 5400.0 1.5410 0.8399 1.5410 2.1723 1.9555
10810 5405.0 1.4912 0.0387 1.4912 2.2426 1.9370
10820 5410.0 1.4898 0.0520 1.4898 2.2217 1.8997
10830 5415.0 1.5655 2.1422 1.5655 2.1289 1.9925
10840 5420.0 1.5170 0.1446 1.5170 2.1660 2.0162
10850 5425.0 1.5167 0.1400 1.5167 2.1938 1.8818
10860 5430.0 1.5489 1.1960 1.5489 2.1247 1.8738
10870 5435.0 1.5859 3.6864 1.5859 2.0952 1.9615
10880 5440.0 1.5554 1.5327 1.5554 2.2116 2.0553
10890 5445.0 1.5212 0.2249 1.5212 2.3577 1.9125
10900 5450.0 1.5060 0.0179 1.5060 2.3881 1.8771
10910 5455.0 1.5721 2.5980 1.5721 2.2857 1.9785
10920 5460.0 1.5206 0.2129 1.5206 2.2568 1.9864
10930 5465.0 1.5112 0.0628 1.5112 2.2730 1.8957
10940 5470.0 1.4907 0.0431 1.4907 2.2623 1.8574
10950 5475.0 1.5385 0.7417 1.5385 2.1721 1.8747
10960 5480.0 1.5128 0.0825 1.5128 2.1474 1.8776
10970 5485.0 1.4964 0.0064 1.4964 2.1459 1.8648
10980 5490.0 1.4958 0.0089 1.4958 2.1016 1.8679
10990 5495.0 1.5243 0.2947 1.5243 2.0265 1.9066
11000 5500.0 1.5097 0.0466 1.5097 2.0380 1.9238
11010 5505.0 1.4721 0.3902 1.4721 2.0937 1.9830
11020 5510.0 1.5343 0.5865 1.5343 2.0638 1.9449
11030 5515.0 1.5503 1.2629 1.5503 2.0709 1.9449
11040 5520.0 1.5413 0.8524 1.5413 2.1213 1.9686
11050 5525.0 1.5053 0.0141 1.5053 2.1928 1.9334
11060 5530.0 1.5067 0.0228 1.5067 2.2043 1.9195
11070 5535.0 1.5703 2.4713 1.5703 2.1843 1.9739
11080 5540.0 1.5015 0.0012 1.5015 2.2681 1.9903
11090 5545.0 1.5507 1.2861 1.5507 2.3005 1.9103
11100 5550.0 1.4642 0.6406 1.4642 2.3449 1.8865
11110 5555.0 1.5476 1.1316 1.5476 2.3120 1.9586
11120 5560.0 1.4801 0.1981 1.4801 2.3155 1.8571
11130 5565.0 1.5779 3.0335 1.5779 2.2790 1.7615
11140 5570.0 1.4947 0.0142 1.4947 2.3189 1.7363
11150 5575.0 1.5597 1.7792 1.5597 2.2595 1.8115
11160 5580.0 1.5304 0.4632 1.5304 2.2980 1.8533
11170 5585.0 1.4846 0.1182 1.4846 2.3497 1.8736
11180 5590.0 1.6078 5.8154 1.6078 2.2306 1.9534
11190 5595.0 1.5078 0.0304 1.5078 2.2999 1.9792
11200 5600.0 1.5416 0.8647 1.5416 2.2879 1.9790
11210 5605.0 1.5357 0.6355 1.5357 2.2906 1.9948
11220 5610.0 1.5302 0.4553 1.5302 2.2414 2.0214
11230 5615.0 1.6110 6.1564 1.6110 2.1997 2.0745
11240 5620.0 1.4999 0.0000 1.4999 2.3704 2.0360
11250 5625.0 1.4755 0.3005 1.4755 2.4267 2.0261
11260 5630.0 1.5938 4.3969 1.5938 2.2276 2.1131
11270 5635.0 1.6095 6.0002 1.6095 2.2027 2.1169
11280 5640.0 1.5160 0.1280 1.5160 2.3571 1.9732
11290 5645.0 1.4921 0.0314 1.4921 2.4505 1.9027
11300 5650.0 1.5500 1.2496 1.5500 2.3238 2.0112
11310 5655.0 1.6213 7.3548 1.6213 2.1887 2.1484
11320 5660.0 1.4984 0.0014 1.4984 2.3184 2.0201
11330 5665.0 1.4709 0.4231 1.4709 2.3684 1.8853
11340 5670.0 1.5596 1.7776 1.5596 2.1800 1.8186
11350 5675.0 1.5709 2.5128 1.5709 2.1522 1.7906
11360 5680.0 1.4790 0.2214 1.4790 2.3173 1.8035
11370 5685.0 1.4680 0.5131 1.4680 2.3299 1.8678
11380 5690.0 1.6214 7.3660 1.6214 2.1137 2.0197
11390 5695.0 1.5856 3.6604 1.5856 2.1905 2.1357
11400 5700.0 1.5020 0.0020 1.5020 2.4093 1.9194
11410 5705.0 1.4905 0.0450 1.4905 2.4387 1.8304
11420 5710.0 1.5782 3.0586 1.5782 2.2480 1.9639
11430 5715.0 1.6326 8.7924 1.6326 2.0890 2.1140
11440 5720.0 1.4879 0.0730 1.4879 2.2197 1.8193
11450 5725.0 1.4999 0.0000 1.4999 2.2442 1.5810
11460 5730.0 1.5950 4.5155 1.5950 2.0750 1.5745
11470 5735.0 1.5053 0.0140 1.5053 2.0433 1.6703
11480 5740.0 1.5169 0.1420 1.5169 2.0424 1.7023
11490 5745.0 1.5559 1.5621 1.5559 2.0823 1.6759
11500 5750.0 1.4450 1.5143 1.4450 2.1545 1.7206
11510 5755.0 1.5645 2.0771 1.5645 2.1062 1.7974
11520 5760.0 1.4346 2.1411 1.4346 2.2241 1.8171
11530 5765.0 1.5580 1.6838 1.5580 2.1713 1.7509
11540 5770.0 1.5201 0.2013 1.5201 2.1975 1.6820
11550 5775.0 1.5046 0.0106 1.5046 2.2404 1.6500
11560 5780.0 1.5718 2.5745 1.5718 2.1928 1.7040
11570 5785.0 1.5248 0.3077 1.5248 2.1929 1.7984
11580 5790.0 1.5288 0.4159 1.5288 2.1925 1.8514
11590 5795.0 1.5008 0.0003 1.5008 2.1699 1.8266
11600 5800.0 1.5369 0.6796 1.5369 2.1276 1.7647
11610 5805.0 1.5299 0.4467 1.5299 2.1739 1.6632
11620 5810.0 1.4918 0.0333 1.4918 2.1911 1.6234
11630 5815.0 1.5582 1.6959 1.5582 2.1000 1.6471
11640 5820.0 1.5364 0.6618 1.5364 2.1278 1.6710
11650 5825.0 1.5002 0.0000 1.5002 2.1799 1.7292
11660 5830.0 1.5357 0.6372 1.5357 2.1644 1.8362
11670 5835.0 1.5528 1.3939 1.5528 2.1923 1.9986
11680 5840.0 1.5470 1.1063 1.5470 2.3240 1.8353
11690 5845.0 1.5334 0.5574 1.5334 2.4085 1.7798
11700 5850.0 1.5210 0.2205 1.5210 2.3841 1.8546
11710 5855.0 1.5591 1.7475 1.5591 2.2663 2.0305
11720 5860.0 1.5507 1.2875 1.5507 2.2138 1.9323
11730 5865.0 1.5318 0.5059 1.5318 2.2063 1.8733
11740 5870.0 1.5347 0.6036 1.5347 2.2198 1.8598
11750 5875.0 1.5039 0.0075 1.5039 2.2754 1.9280
11760 5880.0 1.5153 0.1171 1.5153 2.2662 2.0382
11770 5885.0 1.5580 1.6803 1.5580 2.2639 1.9136
11780 5890.0 1.5452 1.0222 1.5452 2.2829 1.8717
11790 5895.0 1.4927 0.0264 1.4927 2.3004 1.9605
11800 5900.0 1.5427 0.9132 1.5427 2.1939 1.9710
11810 5905.0 1.5885 3.9154 1.5885 2.1631 1.8175
11820 5910.0 1.5235 0.2768 1.5235 2.3019 1.6838
11830 5915.0 1.5028 0.0039 1.5028 2.3724 1.6535
11840 5920.0 1.5461 1.0621 1.5461 2.2819 1.7659
11850 5925.0 1.5533 1.4201 1.5533 2.2589 1.8867
11860 5930.0 1.5329 0.5412 1.5329 2.3273 2.0068
11870 5935.0 1.5365 0.6650 1.5365 2.3900 1.8262
11880 5940.0 1.5331 0.5487 1.5331 2.4232 1.7423
11890 5945.0 1.5399 0.7952 1.5399 2.3970 1.8097
11900 5950.0 1.5104 0.0544 1.5104 2.3757 1.9293
11910 5955.0 1.5307 0.4720 1.5307 2.2923 1.7742
11920 5960.0 1.5524 1.3735 1.5524 2.2353 1.6160
11930 5965.0 1.5605 1.8324 1.5605 2.2113 1.5798
11940 5970.0 1.5619 1.9150 1.5619 2.2253 1.6282
11950 5975.0 1.5399 0.7957 1.5399 2.2893 1.7321
11960 5980.0 1.5030 0.0046 1.5030 2.3834 1.8181
11970 5985.0 1.5101 0.0509 1.5101 2.4184 1.9032
11980 5990.0 1.5393 0.7706 1.5393 2.4031 1.9255
11990 5995.0 1.5255 0.3249 1.5255 2.4090 1.9367
12000 6000.0 1.5367 0.6751 1.5367 2.4092 1.9689
12010 6005.0 1.5619 1.9186 1.5619 2.3799 1.9899
12020 6010.0 1.5524 1.3748 1.5524 2.3385 1.9508
12030 6015.0 1.5238 0.2835 1.5238 2.3401 1.9465
12040 6020.0 1.5362 0.6547 1.5362 2.2942 2.0108
12050 6025.0 1.5408 0.8315 1.5408 2.2745 1.9509
12060 6030.0 1.5313 0.4885 1.5313 2.2998 1.8610
12070 6035.0 1.5185 0.1702 1.5185 2.3361 1.7879
12080 6040.0 1.5206 0.2113 1.5206 2.3201 1.7956
12090 6045.0 1.5379 0.7177 1.5379 2.2765 1.8708
12100 6050.0 1.5373 0.6944 1.5373 2.2245 1.9763
12110 6055.0 1.5315 0.4949 1.5315 2.2087 2.0493
12120 6060.0 1.5459 1.0551 1.5459 2.2164 1.9835
12130 6065.0 1.5437 0.9536 1.5437 2.2440 1.9900
12140 6070.0 1.5790 3.1226 1.5790 2.2295 2.0706
12150 6075.0 1.5692 2.3939 1.5692 2.2882 2.1130
12160 6080.0 1.5397 0.7863 1.5397 2.3355 1.9946
12170 6085.0 1.5325 0.5274 1.5325 2.3105 1.9532
12180 6090.0 1.5607 1.8407 1.5607 2.2122 1.9913
12190 6095.0 1.5471 1.1115 1.5471 2.1712 2.0287
12200 6100.0 1.5040 0.0080 1.5040 2.1886 2.0289
12210 6105.0 1.5180 0.1619 1.5180 2.1741 2.0497
12220 6110.0 1.5514 1.3210 1.5514 2.1276 2.0872
12230 6115.0 1.5327 0.5357 1.5327 2.1855 2.0491
12240 6120.0 1.5330 0.5445 1.5330 2.2423 1.9974
12250 6125.0 1.5355 0.6309 1.5355 2.2428 2.0031
12260 6130.0 1.5593 1.7599 1.5593 2.2206 2.0056
12270 6135.0 1.5573 1.6388 1.5573 2.2512 1.9610
12280 6140.0 1.5288 0.4145 1.5288 2.2935 1.8946
12290 6145.0 1.5535 1.4334 1.5535 2.2898 1.8392
12300 6150.0 1.5663 2.1963 1.5663 2.3102 1.7645
12310 6155.0 1.5170 0.1446 1.5170 2.3376 1.7400
12320 6160.0 1.5246 0.3014 1.5246 2.2803 1.7956
12330 6165.0 1.5507 1.2838 1.5507 2.1889 1.8801
12340 6170.0 1.5011 0.0006 1.5011 2.2076 1.8970
12350 6175.0 1.5104 0.0546 1.5104 2.2215 1.9038
12360 6180.0 1.5160 0.1282 1.5160 2.2250 1.9028
12370 6185.0 1.5252 0.3165 1.5252 2.2684 1.8605
12380 6190.0 1.5347 0.6025 1.5347 2.3039 1.8534
12390 6195.0 1.5012 0.0008 1.5012 2.2962 1.9107
12400 6200.0 1.5514 1.3191 1.5514 2.2777 2.0257
12410 6205.0 1.5489 1.1978 1.5489 2.3007 2.0520
12420 6210.0 1.5374 0.6999 1.5374 2.3273 1.9536
12430 6215.0 1.5458 1.0495 1.5458 2.3164 1.8955
12440 6220.0 1.5295 0.4364 1.5295 2.3188 1.9370
12450 6225.0 1.5526 1.3856 1.5526 2.2620 2.0953
12460 6230.0 1.5705 2.4838 1.5705 2.2111 2.1322
12470 6235.0 1.5516 1.3309 1.5516 2.2300 2.0377
12480 6240.0 1.5107 0.0567 1.5107 2.2671 1.9725
12490 6245.0 1.5061 0.0188 1.5061 2.2020 2.0510
12500 6250.0 1.5800 3.1995 1.5800 2.0887 2.1817
12510 6255.0 1.4721 0.3886 1.4721 2.2306 2.0212
12520 6260.0 1.4823 0.1564 1.4823 2.2283 1.8791
12530 6265.0 1.5791 3.1300 1.5791 2.1364 1.7486
12540 6270.0 1.5067 0.0225 1.5067 2.1789 1.6728
12550 6275.0 1.5157 0.1230 1.5157 2.1928 1.6370
12560 6280.0 1.5816 3.3305 1.5816 2.1725 1.6367
12570 6285.0 1.4461 1.4538 1.4461 2.2563 1.6880
12580 6290.0 1.5584 1.7042 1.5584 2.1597 1.7850
12590 6295.0 1.5235 0.2765 1.5235 2.1447 1.8896
12600 6300.0 1.5254 0.3214 1.5254 2.2112 1.9517
12610 6305.0 1.4750 0.3131 1.4750 2.3668 1.8321
12620 6310.0 1.4909 0.0419 1.4909 2.4214 1.7279
12630 6315.0 1.5363 0.6572 1.5363 2.3160 1.7847
12640 6320.0 1.5477 1.1377 1.5477 2.2289 1.9298
12650 6325.0 1.5465 1.0823 1.5465 2.2771 1.6975
12660 6330.0 1.4969 0.0047 1.4969 2.3194 1.5425
12670 6335.0 1.5853 3.6368 1.5853 2.1591 1.5850
12680 6340.0 1.6066 5.6819 1.6066 2.1040 1.6836
12690 6345.0 1.4852 0.1096 1.4852 2.2698 1.8271
12700 6350.0 1.4579 0.8882 1.4579 2.3548 1.8685
12710 6355.0 1.5602 1.8124 1.5602 2.2452 1.9066
12720 6360.0 1.6029 5.2906 1.6029 2.1696 2.0067
12730 6365.0 1.4695 0.4658 1.4695 2.2375 2.0357
12740 6370.0 1.4808 0.1840 1.4808 2.2134 1.8925
12750 6375.0 1.5447 1.0005 1.5447 2.0662 1.8546
12760 6380.0 1.5607 1.8398 1.5607 2.0722 1.8222
12770 6385.0 1.5049 0.0119 1.5049 2.2024 1.7982
12780 6390.0 1.4927 0.0265 1.4927 2.2271 1.8182
12790 6395.0 1.5586 1.7168 1.5586 2.1637 1.8723
12800 6400.0 1.5376 0.7061 1.5376 2.2243 1.9435
12810 6405.0 1.4876 0.0775 1.4876 2.3337 2.0000
12820 6410.0 1.5277 0.3837 1.5277 2.3093 2.0177
12830 6415.0 1.5505 1.2762 1.5505 2.2830 1.9841
12840 6420.0 1.5243 0.2957 1.5243 2.3480 1.9299
12850 6425.0 1.5022 0.0024 1.5022 2.3956 1.9241
12860 6430.0 1.5490 1.2013 1.5490 2.3246 1.9832
12870 6435.0 1.5574 1.6465 1.5574 2.3057 1.9991
12880 6440.0 1.4893 0.0572 1.4893 2.3699 1.9799
12890 6445.0 1.5068 0.0230 1.5068 2.3042 1.9931
12900 6450.0 1.5534 1.4250 1.5534 2.1726 2.0020
12910 6455.0 1.5419 0.8757 1.5419 2.1562 2.0097
12920 6460.0 1.4682 0.5055 1.4682 2.2639 1.9862
12930 6465.0 1.5010 0.0005 1.5010 2.2147 1.9679
12940 6470.0 1.5771 2.9741 1.5771 2.1083 2.0048
12950 6475.0 1.5442 0.9771 1.5442 2.1493 2.0065
12960 6480.0 1.4795 0.2094 1.4795 2.2242 1.9528
12970 6485.0 1.5306 0.4683 1.5306 2.1387 1.9623
12980 6490.0 1.5859 3.6870 1.5859 2.0622 2.0396
12990 6495.0 1.4821 0.1597 1.4821 2.2104 1.9689
13000 6500.0 1.4636 0.6642 1.4636 2.2567 1.9217
13010 6505.0 1.5725 2.6255 1.5725 2.1010 2.0236
13020 6510.0 1.5678 2.2994 1.5678 2.1004 1.9964
13030 6515.0 1.4604 0.7834 1.4604 2.2470 1.9005
13040 6520.0 1.4935 0.0214 1.4935 2.2276 1.9005
13050 6525.0 1.5476 1.1328 1.5476 2.1828 1.9942
13060 6530.0 1.5274 0.3740 1.5274 2.2639 1.9844
13070 6535.0 1.4696 0.4626 1.4696 2.3695 1.9534
13080 6540.0 1.4932 0.0230 1.4932 2.2930 1.9469
13090 6545.0 1.5552 1.5218 1.5552 2.1997 1.8949
13100 6550.0 1.5070 0.0246 1.5070 2.2422 1.8868
13110 6555.0 1.4971 0.0043 1.4971 2.2683 1.8835
13120 6560.0 1.5146 0.1068 1.5146 2.1886 1.9337
13130 6565.0 1.5411 0.8459 1.5411 2.1611 2.0137
13140 6570.0 1.4680 0.5133 1.4680 2.2562 1.9583
13150 6575.0 1.4973 0.0035 1.4973 2.2237 1.9716
13160 6580.0 1.5357 0.6361 1.5357 2.1255 2.0527
13170 6585.0 1.5360 0.6496 1.5360 2.1226 1.9630
13180 6590.0 1.4738 0.3435 1.4738 2.1980 1.8960
13190 6595.0 1.5235 0.2757 1.5235 2.1341 1.9221
13200 6600.0 1.5329 0.5415 1.5329 2.1193 1.9703
13210 6605.0 1.5095 0.0448 1.5095 2.1853 1.9525
13220 6610.0 1.5006 0.0002 1.5006 2.2218 1.9336
13230 6615.0 1.5166 0.1378 1.5166 2.1835 1.9192
13240 6620.0 1.5441 0.9723 1.5441 2.1529 1.9053
13250 6625.0 1.5224 0.2510 1.5224 2.1703 1.9169
13260 6630.0 1.5405 0.8219 1.5405 2.1942 1.9420
13270 6635.0 1.5009 0.0004 1.5009 2.2326 1.8981
13280 6640.0 1.5378 0.7155 1.5378 2.1948 1.9459
13290 6645.0 1.5433 0.9392 1.5433 2.1626 1.9469
13300 6650.0 1.5327 0.5359 1.5327 2.2114 1.9305
13310 6655.0 1.5039 0.0076 1.5039 2.2233 1.8996
13320 6660.0 1.5389 0.7557 1.5389 2.1760 1.9667
13330 6665.0 1.5290 0.4207 1.5290 2.1601 1.9659
13340 6670.0 1.5201 0.2014 1.5201 2.1574 1.9543
13350 6675.0 1.5095 0.0447 1.5095 2.0960 2.0014
13360 6680.0 1.5556 1.5437 1.5556 2.0400 1.9967
13370 6685.0 1.5382 0.7300 1.5382 2.0899 1.9458
13380 6690.0 1.4735 0.3503 1.4735 2.1534 1.9297
13390 6695.0 1.5126 0.0798 1.5126 2.0443 2.0658
13400 6700.0 1.5589 1.7355 1.5589 1.9854 2.1115
13410 6705.0 1.5018 0.0016 1.5018 2.1444 2.0318
13420 6710.0 1.4875 0.0780 1.4875 2.2782 1.8768
13430 6715.0 1.5454 1.0321 1.5454 2.2575 1.8817
13440 6720.0 1.5620 1.9244 1.5620 2.1728 2.0331
13450 6725.0 1.5449 1.0084 1.5449 2.1545 2.0981
13460 6730.0 1.5335 0.5614 1.5335 2.2046 1.9602
13470 6735.0 1.5233 0.2717 1.5233 2.2345 1.9221
13480 6740.0 1.5488 1.1902 1.5488 2.2557 2.0016
13490 6745.0 1.5422 0.8912 1.5422 2.3169 1.9717
13500 6750.0 1.5461 1.0609 1.5461 2.3920 1.8555
13510 6755.0 1.5172 0.1478 1.5172 2.4526 1.8459
13520 6760.0 1.5331 0.5488 1.5331 2.4070 1.9415
13530 6765.0 1.5798 3.1867 1.5798 2.3525 1.8283
13540 6770.0 1.5395 0.7788 1.5395 2.4375 1.7783
13550 6775.0 1.5020 0.0020 1.5020 2.4971 1.8617
13560 6780.0 1.5535 1.4311 1.5535 2.4188 1.9117
13570 6785.0 1.5735 2.6983 1.5735 2.4207 1.8382
13580 6790.0 1.4953 0.0112 1.4953 2.5247 1.7770
13590 6795.0 1.4927 0.0268 1.4927 2.4656 1.8638
13600 6800.0 1.5702 2.4648 1.5702 2.2864 1.9704
13610 6805.0 1.5505 1.2767 1.5505 2.2873 1.8626
13620 6810.0 1.4733 0.3568 1.4733 2.3931 1.7782
13630 6815.0 1.5162 0.1315 1.5162 2.3398 1.8086
13640 6820.0 1.5792 3.1394 1.5792 2.2827 1.9447
13650 6825.0 1.4988 0.0007 1.4988 2.4613 1.7819
13660 6830.0 1.4966 0.0059 1.4966 2.5530 1.6801
13670 6835.0 1.5554 1.5334 1.5554 2.4418 1.7907
13680 6840.0 1.5424 0.8991 1.5424 2.3728 1.9436
13690 6845.0 1.5411 0.8439 1.5411 2.4050 1.7246
13700 6850.0 1.5148 0.1092 1.5148 2.4885 1.6062
13710 6855.0 1.5361 0.6514 1.5361 2.4535 1.7101
13720 6860.0 1.6272 8.0953 1.6272 2.4071 1.9650
13730 6865.0 1.5184 0.1699 1.5184 2.5718 1.8178
13740 6870.0 1.4671 0.5410 1.4671 2.6232 1.8111
13750 6875.0 1.5818 3.3477 1.5818 2.4348 1.9910
13760 6880.0 1.5551 1.5207 1.5551 2.3971 1.8753
13770 6885.0 1.5078 0.0305 1.5078 2.4402 1.7929
13780 6890.0 1.5559 1.5603 1.5559 2.3942 1.8052
13790 6895.0 1.4936 0.0206 1.4936 2.3763 1.8891
13800 6900.0 1.5491 1.2034 1.5491 2.3317 2.0055
13810 6905.0 1.5241 0.2912 1.5241 2.3686 2.0603
13820 6910.0 1.4998 0.0000 1.4998 2.4316 1.9256
13830 6915.0 1.5640 2.0474 1.5640 2.3365 1.9439
13840 6920.0 1.5034 0.0057 1.5034 2.2729 2.0742
13850 6925.0 1.5431 0.9268 1.5431 2.2524 1.9514
13860 6930.0 1.4962 0.0073 1.4962 2.2908 1.8445
13870 6935.0 1.5288 0.4145 1.5288 2.2585 1.8646
13880 6940.0 1.5243 0.2953 1.5243 2.2048 1.9379
13890 6945.0 1.4984 0.0013 1.4984 2.1982 2.0207
13900 6950.0 1.5868 3.7683 1.5868 2.2464 1.9238
13910 6955.0 1.4566 0.9416 1.4566 2.4685 1.8608
13920 6960.0 1.4931 0.0239 1.4931 2.4207 1.9959
13930 6965.0 1.5853 3.6390 1.5853 2.2591 1.9618
13940 6970.0 1.5261 0.3416 1.5261 2.3614 1.9045
13950 6975.0 1.4862 0.0955 1.4862 2.5827 1.8987
13960 6980.0 1.4636 0.6614 1.4636 2.6186 2.0203
13970 6985.0 1.6136 6.4522 1.6136 2.4768 2.0521
13980 6990.0 1.5697 2.4313 1.5697 2.5386 1.9685
13990 6995.0 1.4936 0.0206 1.4936 2.6272 1.9709
14000 7000.0 1.5105 0.0550 1.5105 2.5640 1.9474
14010 7005.0 1.5726 2.6328 1.5726 2.4209 1.8970
14020 7010.0 1.5324 0.5264 1.5324 2.4494 1.9284
14030 7015.0 1.4917 0.0341 1.4917 2.4766 1.9574
14040 7020.0 1.5617 1.9029 1.5617 2.3825 1.8892
14050 7025.0 1.5565 1.5934 1.5565 2.3785 1.8892
14060 7030.0 1.5007 0.0003 1.5007 2.4167 1.9780
14070 7035.0 1.5328 0.5367 1.5328 2.3568 1.9083
14080 7040.0 1.5693 2.4028 1.5693 2.2980 1.9034
14090 7045.0 1.5011 0.0006 1.5011 2.4151 1.9152
14100 7050.0 1.4946 0.0146 1.4946 2.4391 1.9468
14110 7055.0 1.5729 2.6580 1.5729 2.3367 1.9413
14120 7060.0 1.5647 2.0938 1.5647 2.3208 1.9908
14130 7065.0 1.4858 0.1006 1.4858 2.4085 1.9018
14140 7070.0 1.5303 0.4604 1.5303 2.3320 1.8707
14150 7075.0 1.5759 2.8789 1.5759 2.2425 1.9027
14160 7080.0 1.5343 0.5899 1.5343 2.3094 1.9662
14170 7085.0 1.4985 0.0012 1.4985 2.3989 1.8993
14180 7090.0 1.5391 0.7642 1.5391 2.3617 1.8688
14190 7095.0 1.5672 2.2602 1.5672 2.2660 1.9560
14200 7100.0 1.5163 0.1328 1.5163 2.2450 1.9599
14210 7105.0 1.4906 0.0444 1.4906 2.2152 1.8771
14220 7110.0 1.5646 2.0893 1.5646 2.1067 1.9852
14230 7115.0 1.5359 0.6449 1.5359 2.1358 2.0582
14240 7120.0 1.5131 0.0859 1.5131 2.1778 1.9554
14250 7125.0 1.4807 0.1863 1.4807 2.1195 1.9695
14260 7130.0 1.5758 2.8732 1.5758 1.9560 2.0995
14270 7135.0 1.5214 0.2282 1.5214 2.0190 2.0868
14280 7140.0 1.4329 2.2482 1.4329 2.1231 2.0410
14290 7145.0 1.5219 0.2409 1.5219 1.9759 2.0512
14300 7150.0 1.5598 1.7887 1.5598 1.9285 2.0355
14310 7155.0 1.4747 0.3195 1.4747 2.1015 2.0013
14320 7160.0 1.4893 0.0573 1.4893 2.1437 2.0747
14330 7165.0 1.5925 4.2824 1.5925 2.1104 2.0227
14340 7170.0 1.5631 1.9887 1.5631 2.2395 1.8964
14350 7175.0 1.4649 0.6157 1.4649 2.3975 1.8232
14360 7180.0 1.5032 0.0050 1.5032 2.2938 1.9304
14370 7185.0 1.6226 7.5132 1.6226 2.1207 2.0305
14380 7190.0 1.5286 0.4097 1.5286 2.2274 1.9135
14390 7195.0 1.4771 0.2620 1.4771 2.3546 1.9264
14400 7200.0 1.5647 2.0933 1.5647 2.2636 1.9417
14410 7205.0 1.5360 0.6462 1.5360 2.2739 1.9371
14420 7210.0 1.5340 0.5769 1.5340 2.3155 1.9427
14430 7215.0 1.4352 2.0968 1.4352 2.3561 1.9183
14440 7220.0 1.5966 4.6679 1.5966 2.1931 2.0048
14450 7225.0 1.5478 1.1437 1.5478 2.2256 2.0152
14460 7230.0 1.4771 0.2628 1.4771 2.3345 1.9725
14470 7235.0 1.4481 1.3481 1.4481 2.2947 1.9914
14480 7240.0 1.5916 4.1944 1.5916 2.1215 2.0404
14490 7245.0 1.5269 0.3628 1.5269 2.1550 2.0042
14500 7250.0 1.4451 1.5090 1.4451 2.2808 1.9859
14510 7255.0 1.4732 0.3589 1.4732 2.2067 2.0159
14520 7260.0 1.5770 2.9644 1.5770 2.1068 2.0550
14530 7265.0 1.5098 0.0483 1.5098 2.2465 1.9730
14540 7270.0 1.4625 0.7015 1.4625 2.3300 1.9660
14550 7275.0 1.5467 1.0912 1.5467 2.1978 2.0821
14560 7280.0 1.5523 1.3680 1.5523 2.1615 2.0332
14570 7285.0 1.5104 0.0540 1.5104 2.2928 1.9827
14580 7290.0 1.4869 0.0852 1.4869 2.3825 1.9868
14590 7295.0 1.5397 0.7880 1.5397 2.3570 2.0534
14600 7300.0 1.5404 0.8179 1.5404 2.3206 2.0275
14610 7305.0 1.5063 0.0196 1.5063 2.3424 1.9619
14620 7310.0 1.5745 2.7736 1.5745 2.3182 1.9451
14630 7315.0 1.4951 0.0121 1.4951 2.3684 1.9182
14640 7320.0 1.5019 0.0017 1.5019 2.3180 1.8104
14650 7325.0 1.5213 0.2260 1.5213 2.1958 1.7860
14660 7330.0 1.5788 3.1028 1.5788 2.0963 1.7826
14670 7335.0 1.5387 0.7472 1.5387 2.1429 1.7702
14680 7340.0 1.4914 0.0369 1.4914 2.1819 1.8201
14690 7345.0 1.5614 1.8853 1.5614 2.0981 1.9795
14700 7350.0 1.5514 1.3227 1.5514 2.1025 1.9658
14710 7355.0 1.4945 0.0149 1.4945 2.1925 1.9373
14720 7360.0 1.4980 0.0021 1.4980 2.1500 1.9545
14730 7365.0 1.5386 0.7459 1.5386 2.0690 1.9211
14740 7370.0 1.5177 0.1574 1.5177 2.1433 1.8935
14750 7375.0 1.4809 0.1815 1.4809 2.2435 1.9136
14760 7380.0 1.5154 0.1184 1.5154 2.2142 1.9922
14770 7385.0 1.5753 2.8322 1.5753 2.1484 2.0601
14780 7390.0 1.5122 0.0743 1.5122 2.2792 1.9987
14790 7395.0 1.4577 0.8945 1.4577 2.4032 2.0039
14800 7400.0 1.5491 1.2049 1.5491 2.2919 1.9499
14810 7405.0 1.5726 2.6332 1.5726 2.2616 1.9297
14820 7410.0 1.4968 0.0050 1.4968 2.3964 1.9118
14830 7415.0 1.4654 0.5978 1.4654 2.4619 1.9477
14840 7420.0 1.5640 2.0483 1.5640 2.3206 2.0197
14850 7425.0 1.5662 2.1916 1.5662 2.3281 2.0284
14860 7430.0 1.4729 0.3673 1.4729 2.4691 1.9662
14870 7435.0 1.5035 0.0063 1.5035 2.4108 1.9776
14880 7440.0 1.5986 4.8642 1.5986 2.2441 1.9631
14890 7445.0 1.5366 0.6685 1.5366 2.3058 1.9264
14900 7450.0 1.4702 0.4450 1.4702 2.3875 1.9273
14910 7455.0 1.5347 0.6027 1.5347 2.2767 1.9844
14920 7460.0 1.5569 1.6199 1.5569 2.2157 1.9834
14930 7465.0 1.5177 0.1568 1.5177 2.2543 1.9609
14940 7470.0 1.5008 0.0003 1.5008 2.2581 1.9153
14950 7475.0 1.5346 0.5993 1.5346 2.2045 1.9448
14960 7480.0 1.5378 0.7139 1.5378 2.2170 1.9992
14970 7485.0 1.5238 0.2841 1.5238 2.2338 1.9765
14980 7490.0 1.5045 0.0100 1.5045 2.2443 1.9770
14990 7495.0 1.5035 0.0062 1.5035 2.2358 2.0032
15000 7500.0 1.5294 0.4328 1.5294 2.1815 2.0259
15010 7505.0 1.5288 0.4150 1.5288 2.1422 2.0464
15020 7510.0 1.5205 0.2109 1.5205 2.1235 2.0347
15030 7515.0 1.5257 0.3299 1.5257 2.1010 2.0343
15040 7520.0 1.5203 0.2052 1.5203 2.0731 2.0700
15050 7525.0 1.5106 0.0563 1.5106 2.0487 2.0759
15060 7530.0 1.5104 0.0537 1.5104 2.0230 2.0602
15070 7535.0 1.5296 0.4376 1.5296 2.0070 2.1025
15080 7540.0 1.5083 0.0342 1.5083 2.0327 2.1164
15090 7545.0 1.5342 0.5847 1.5342 2.0364 2.1167
15100 7550.0 1.5499 1.2457 1.5499 2.0454 2.1172
15110 7555.0 1.5209 0.2183 1.5209 2.0939 2.0502
15120 7560.0 1.5425 0.9023 1.5425 2.0980 1.9434
15130 7565.0 1.5140 0.0985 1.5140 2.1301 1.8951
15140 7570.0 1.5332 0.5516 1.5332 2.1308 1.9020
15150 7575.0 1.5250 0.3121 1.5250 2.1539 1.9914
15160 7580.0 1.5415 0.8602 1.5415 2.1801 1.9740
15170 7585.0 1.5532 1.4136 1.5532 2.1763 1.9158
15180 7590.0 1.5083 0.0345 1.5083 2.1928 1.9034
15190 7595.0 1.5082 0.0332 1.5082 2.1387 1.9568
15200 7600.0 1.5308 0.4758 1.5308 2.0447 1.8976
15210 7605.0 1.5271 0.3682 1.5271 2.0799 1.8977
15220 7610.0 1.4611 0.7581 1.4611 2.2184 1.8518
15230 7615.0 1.5093 0.0435 1.5093 2.2130 1.8058
15240 7620.0 1.5310 0.4820 1.5310 2.1988 1.8501
15250 7625.0 1.4967 0.0055 1.4967 2.2458 1.8899
15260 7630.0 1.4788 0.2248 1.4788 2.2739 1.8075
15270 7635.0 1.5284 0.4023 1.5284 2.2057 1.7153
15280 7640.0 1.5521 1.3548 1.5521 2.1908 1.6623
15290 7645.0 1.5129 0.0827 1.5129 2.2586 1.6695
15300 7650.0 1.4912 0.0387 1.4912 2.2724 1.8028
15310 7655.0 1.5534 1.4258 1.5534 2.2216 1.9785
15320 7660.0 1.5310 0.4805 1.5310 2.2753 1.9348
15330 7665.0 1.4853 0.1087 1.4853 2.3194 1.9676
15340 7670.0 1.5065 0.0210 1.5065 2.2480 1.9476
15350 7675.0 1.5368 0.6757 1.5368 2.1771 1.9792
15360 7680.0 1.5482 1.1619 1.5482 2.1831 2.0853
15370 7685.0 1.5083 0.0341 1.5083 2.2255 2.0057
15380 7690.0 1.5429 0.9221 1.5429 2.1626 2.0280
15390 7695.0 1.5447 1.0008 1.5447 2.0776 2.1020
15400 7700.0 1.5490 1.1989 1.5490 1.9934 2.1473
15410 7705.0 1.5256 0.3276 1.5256 2.0211 2.1087
15420 7710.0 1.4780 0.2420 1.4780 2.0680 2.0964
15430 7715.0 1.5396 0.7847 1.5396 1.9944 2.1208
15440 7720.0 1.5334 0.5573 1.5334 1.9880 2.1416
15450 7725.0 1.5476 1.1313 1.5476 2.0267 2.0615
15460 7730.0 1.5482 1.1598 1.5482 2.0548 2.0311
15470 7735.0 1.5280 0.3908 1.5280 2.0445 2.0789
15480 7740.0 1.5661 2.1837 1.5661 2.0273 2.1029
15490 7745.0 1.5208 0.2165 1.5208 2.0706 2.0297
15500 7750.0 1.5538 1.4464 1.5538 2.0226 2.0034
15510 7755.0 1.5787 3.0955 1.5787 2.0386 2.0358
15520 7760.0 1.5058 0.0171 1.5058 2.1841 2.0033
15530 7765.0 1.5116 0.0668 1.5116 2.2212 1.9207
15540 7770.0 1.5618 1.9079 1.5618 2.1264 1.9538
15550 7775.0 1.5898 4.0344 1.5898 2.0545 2.0243
15560 7780.0 1.5044 0.0099 1.5044 2.1562 2.0149
15570 7785.0 1.4324 2.2821 1.4324 2.2397 1.8898
15580 7790.0 1.5468 1.0937 1.5468 2.0769 1.8984
15590 7795.0 1.5744 2.7640 1.5744 1.9755 1.9337
15600 7800.0 1.4792 0.2172 1.4792 2.0703 1.9196
15610 7805.0 1.4972 0.0040 1.4972 2.1294 1.9059
15620 7810.0 1.5023 0.0026 1.5023 2.0559 1.9975
15630 7815.0 1.6005 5.0458 1.6005 1.9900 2.0387
15640 7820.0 1.4545 1.0373 1.4545 2.1228 1.9373
15650 7825.0 1.5314 0.4940 1.5314 2.0953 1.9561
15660 7830.0 1.5001 0.0000 1.5001 2.0185 2.0712
15670 7835.0 1.5813 3.3077 1.5813 1.9791 2.0129
15680 7840.0 1.5029 0.0042 1.5029 2.1327 1.9472
15690 7845.0 1.4962 0.0073 1.4962 2.1627 1.9761
15700 7850.0 1.5470 1.1066 1.5470 2.0830 2.0266
15710 7855.0 1.5505 1.2773 1.5505 2.0855 1.9954
15720 7860.0 1.5092 0.0428 1.5092 2.1570 1.9749
15730 7865.0 1.4855 0.1044 1.4855 2.1685 1.9491
15740 7870.0 1.5674 2.2736 1.5674 2.0553 1.9498
15750 7875.0 1.5293 0.4295 1.5293 2.0907 1.9478
15760 7880.0 1.4899 0.0513 1.4899 2.1889 1.9357
15770 7885.0 1.5082 0.0339 1.5082 2.1738 1.9871
15780 7890.0 1.5714 2.5499 1.5714 2.1215 1.9925
15790 7895.0 1.5210 0.2205 1.5210 2.1840 1.9898
15800 7900.0 1.4789 0.2231 1.4789 2.2284 1.9777
15810 7905.0 1.5142 0.1014 1.5142 2.1519 1.9771
15820 7910.0 1.5680 2.3143 1.5680 2.0774 2.0203
15830 7915.0 1.5202 0.2042 1.5202 2.1467 2.0269
15840 7920.0 1.4851 0.1103 1.4851 2.1933 2.0365
15850 7925.0 1.5323 0.5230 1.5323 2.1101 2.0651
15860 7930.0 1.5441 0.9744 1.5441 2.0462 2.0519
15870 7935.0 1.5147 0.1083 1.5147 2.0394 1.9937
15880 7940.0 1.5273 0.3719 1.5273 2.0161 1.9596
15890 7945.0 1.5271 0.3660 1.5271 1.9984 1.9192
15900 7950.0 1.5354 0.6258 1.5354 1.9853 1.9291
15910 7955.0 1.4961 0.0075 1.4961 2.0419 1.9678
15920 7960.0 1.5003 0.0001 1.5003 2.0543 1.9971
15930 7965.0 1.5237 0.2804 1.5237 2.0320 2.0142
15940 7970.0 1.5297 0.4406 1.5297 2.0535 1.9832
15950 7975.0 1.5178 0.1578 1.5178 2.0990 1.9483
15960 7980.0 1.5025 0.0032 1.5025 2.1419 1.9565
15970 7985.0 1.5223 0.2487 1.5223 2.1357 1.9212
15980 7990.0 1.5518 1.3408 1.5518 2.1102 1.8938
15990 7995.0 1.5221 0.2436 1.5221 2.1921 1.8949
16000 8000.0 1.4931 0.0237 1.4931 2.2756 1.9293
16010 8005.0 1.4985 0.0011 1.4985 2.2947 1.9401
16020 8010.0 1.5742 2.7534 1.5742 2.1949 1.9947
16030 8015.0 1.5269 0.3613 1.5269 2.2757 1.9739
16040 8020.0 1.4803 0.1948 1.4803 2.3618 1.8826
16050 8025.0 1.5396 0.7841 1.5396 2.2627 1.8941
16060 8030.0 1.5659 2.1727 1.5659 2.2309 1.9457
16070 8035.0 1.5177 0.1559 1.5177 2.3070 1.9651
16080 8040.0 1.4943 0.0161 1.4943 2.3735 1.8903
16090 8045.0 1.5190 0.1804 1.5190 2.3467 1.9289
16100 8050.0 1.5351 0.6174 1.5351 2.2928 2.0113
16110 8055.0 1.5068 0.0229 1.5068 2.2785 1.9424
16120 8060.0 1.4971 0.0042 1.4971 2.2796 1.9352
16130 8065.0 1.5164 0.1344 1.5164 2.2184 1.9994
16140 8070.0 1.5225 0.2526 1.5225 2.1830 2.0663
16150 8075.0 1.5258 0.3330 1.5258 2.1527 2.0324
16160 8080.0 1.5151 0.1141 1.5151 2.1427 1.9990
16170 8085.0 1.5396 0.7846 1.5396 2.0734 2.0271
16180 8090.0 1.5351 0.6169 1.5351 2.0261 2.0778
16190 8095.0 1.5051 0.0132 1.5051 2.0330 2.0201
16200 8100.0 1.5128 0.0813 1.5128 2.0068 1.9781
16210 8105.0 1.5376 0.7060 1.5376 1.9830 2.0189
16220 8110.0 1.5260 0.3383 1.5260 2.0491 2.0708
16230 8115.0 1.5083 0.0348 1.5083 2.1084 2.0139
16240 8120.0 1.5356 0.6346 1.5356 2.1095 2.0362
16250 8125.0 1.5523 1.3653 1.5523 2.1229 2.0091
16260 8130.0 1.5132 0.0877 1.5132 2.2235 1.9729
16270 8135.0 1.5183 0.1676 1.5183 2.2343 1.9624
16280 8140.0 1.5653 2.1326 1.5653 2.1819 1.9738
16290 8145.0 1.5563 1.5848 1.5563 2.2074 1.9658
16300 8150.0 1.5313 0.4913 1.5313 2.2369 1.9333
16310 8155.0 1.5209 0.2188 1.5209 2.2113 1.9178
16320 8160.0 1.5549 1.5059 1.5549 2.1348 1.9301
16330 8165.0 1.5636 2.0210 1.5636 2.1110 1.9613
16340 8170.0 1.4998 0.0000 1.4998 2.1645 1.9529
16350 8175.0 1.5462 1.0650 1.5462 2.1363 1.9576
16360 8180.0 1.5340 0.5794 1.5340 2.1167 1.9537
16370 8185.0 1.5511 1.3057 1.5511 2.1070 1.9718
16380 8190.0 1.5104 0.0537 1.5104 2.1272 1.9333
16390 8195.0 1.5523 1.3689 1.5523 2.0864 2.0028
16400 8200.0 1.5653 2.1332 1.5653 2.0874 2.0059
16410 8205.0 1.5030 0.0045 1.5030 2.1664 1.9683
16420 8210.0 1.5112 0.0629 1.5112 2.1462 1.9477
16430 8215.0 1.5426 0.9088 1.5426 2.0601 1.8983
16440 8220.0 1.5496 1.2291 1.5496 2.0620 1.8797
16450 8225.0 1.5002 0.0000 1.5002 2.1438 1.8957
16460 8230.0 1.5049 0.0121 1.5049 2.1270 1.9606
16470 8235.0 1.5431 0.9295 1.5431 2.0747 2.0368
16480 8240.0 1.5184 0.1685 1.5184 2.1056 1.9741
16490 8245.0 1.4895 0.0556 1.4895 2.1495 1.9985
16500 8250.0 1.5144 0.1042 1.5144 2.0752 2.0232
16510 8255.0 1.5540 1.4578 1.5540 2.0053 1.9131
16520 8260.0 1.5233 0.2722 1.5233 2.0603 1.8206
16530 8265.0 1.4739 0.3403 1.4739 2.1502 1.8091
16540 8270.0 1.5135 0.0914 1.5135 2.0769 1.8993
16550 8275.0 1.5795 3.1615 1.5795 1.9987 2.0510
16560 8280.0 1.5238 0.2834 1.5238 2.0967 2.0804
16570 8285.0 1.5084 0.0355 1.5084 2.1642 1.9339
16580 8290.0 1.5577 1.6620 1.5577 2.0431 2.0143
16590 8295.0 1.5395 0.7799 1.5395 1.9474 2.0806
16600 8300.0 1.4876 0.0769 1.4876 1.9941 1.8473
16610 8305.0 1.4781 0.2399 1.4781 2.0028 1.6629
16620 8310.0 1.5727 2.6416 1.5727 1.8682 1.5987
16630 8315.0 1.5723 2.6160 1.5723 1.8559 1.6009
16640 8320.0 1.4600 0.8011 1.4600 2.0050 1.6297
16650 8325.0 1.5305 0.4639 1.5305 1.9738 1.7253
16660 8330.0 1.5279 0.3879 1.5279 1.9762 1.9118
16670 8335.0 1.5460 1.0597 1.5460 2.1380 1.9431
16680 8340.0 1.4991 0.0004 1.4991 2.3693 1.7547
16690 8345.0 1.5063 0.0195 1.5063 2.3800 1.7734
16700 8350.0 1.5686 2.3541 1.5686 2.1986 1.9795
16710 8355.0 1.5700 2.4524 1.5700 2.0706 1.8819
16720 8360.0 1.5766 2.9329 1.5766 2.0818 1.7668
16730 8365.0 1.5263 0.3451 1.5263 2.2289 1.7026
16740 8370.0 1.4650 0.6120 1.4650 2.2965 1.7905
16750 8375.0 1.5801 3.2060 1.5801 2.1297 2.0198
16760 8380.0 1.6118 6.2534 1.6118 2.0825 1.9906
16770 8385.0 1.4670 0.5452 1.4670 2.2026 1.8942
16780 8390.0 1.4979 0.0022 1.4979 2.1748 1.9684
16790 8395.0 1.5081 0.0329 1.5081 2.0345 1.9206
16800 8400.0 1.5741 2.7470 1.5741 1.9835 1.7383
16810 8405.0 1.4888 0.0626 1.4888 2.0884 1.6175
16820 8410.0 1.5012 0.0007 1.5012 2.0573 1.6308
16830 8415.0 1.6011 5.1065 1.6011 1.9832 1.7106
16840 8420.0 1.5033 0.0055 1.5033 2.1527 1.8139
16850 8425.0 1.4545 1.0354 1.4545 2.3040 1.8757
16860 8430.0 1.5270 0.3649 1.5270 2.2554 1.7626
16870 8435.0 1.5707 2.4979 1.5707 2.2014 1.7836
16880 8440.0 1.5133 0.0888 1.5133 2.2508 1.8617
16890 8445.0 1.4540 1.0557 1.4540 2.2807 1.7481
16900 8450.0 1.5779 3.0304 1.5779 2.1110 1.6624
16910 8455.0 1.5441 0.9731 1.5441 2.0924 1.6249
16920 8460.0 1.4825 0.1538 1.4825 2.1597 1.6419
16930 8465.0 1.5694 2.4069 1.5694 2.1214 1.7201
16940 8470.0 1.4685 0.4975 1.4685 2.2175 1.8553
16950 8475.0 1.5266 0.3551 1.5266 2.2592 1.9596
16960 8480.0 1.4739 0.3414 1.4739 2.3015 1.9047
16970 8485.0 1.5934 4.3642 1.5934 2.2114 1.9808
16980 8490.0 1.4705 0.4364 1.4705 2.2645 1.9379
16990 8495.0 1.5060 0.0181 1.5060 2.2456 1.8835
17000 8500.0 1.5338 0.5726 1.5338 2.1456 1.9626
17010 8505.0 1.5844 3.5587 1.5844 2.1177 2.0625
17020 8510.0 1.5187 0.1751 1.5187 2.2382 1.9565
17030 8515.0 1.4584 0.8670 1.4584 2.2719 1.9638
17040 8520.0 1.5475 1.1261 1.5475 2.0903 1.9486
17050 8525.0 1.5496 1.2299 1.5496 2.0344 1.9585
17060 8530.0 1.4705 0.4340 1.4705 2.1589 1.9578
17070 8535.0 1.4773 0.2583 1.4773 2.1794 1.9683
17080 8540.0 1.5498 1.2400 1.5498 2.0820 2.0062
17090 8545.0 1.5389 0.7563 1.5389 2.0820 2.0414
17100 8550.0 1.4965 0.0062 1.4965 2.1370 2.0186
17110 8555.0 1.5327 0.5358 1.5327 2.1267 1.9462
17120 8560.0 1.5422 0.8923 1.5422 2.1034 1.9614
17130 8565.0 1.5503 1.2652 1.5503 2.1438 2.0426
17140 8570.0 1.5158 0.1241 1.5158 2.2404 1.9518
17150 8575.0 1.5449 1.0098 1.5449 2.2117 1.9732
17160 8580.0 1.5572 1.6369 1.5572 2.1540 2.0125
17170 8585.0 1.5293 0.4290 1.5293 2.1700 1.9065
17180 8590.0 1.5221 0.2443 1.5221 2.2271 1.9066
17190 8595.0 1.5386 0.7452 1.5386 2.2445 1.9632
17200 8600.0 1.5842 3.5484 1.5842 2.2094 1.9201
17210 8605.0 1.5473 1.1185 1.5473 2.2269 1.9635
17220 8610.0 1.5045 0.0099 1.5045 2.2554 1.8711
17230 8615.0 1.5479 1.1491 1.5479 2.1697 1.8483
17240 8620.0 1.5670 2.2459 1.5670 2.1518 1.8565
17250 8625.0 1.5247 0.3054 1.5247 2.2221 1.9165
17260 8630.0 1.5119 0.0703 1.5119 2.2329 1.9388
17270 8635.0 1.5548 1.5013 1.5548 2.1586 1.9177
17280 8640.0 1.5331 0.5470 1.5331 2.1314 1.9371
17290 8645.0 1.5105 0.0549 1.5105 2.1329 1.9702
17300 8650.0 1.5146 0.1064 1.5146 2.0926 1.9785
17310 8655.0 1.5397 0.7883 1.5397 2.0428 1.9921
17320 8660.0 1.5257 0.3296 1.5257 2.0762 1.9717
17330 8665.0 1.5106 0.0557 1.5106 2.1149 1.9030
17340 8670.0 1.5278 0.3872 1.5278 2.1186 1.8503
17350 8675.0 1.5426 0.9076 1.5426 2.0860 1.8793
17360 8680.0 1.5273 0.3716 1.5273 2.0702 1.9379
17370 8685.0 1.5208 0.2157 1.5208 2.0444 1.9922
17380 8690.0 1.5169 0.1434 1.5169 2.0332 1.9528
17390 8695.0 1.5275 0.3776 1.5275 2.0452 2.0138
17400 8700.0 1.5402 0.8070 1.5402 2.0865 1.9615
17410 8705.0 1.5547 1.4947 1.5547 2.1078 1.9642
17420 8710.0 1.5472 1.1146 1.5472 2.1140 2.0339
17430 8715.0 1.5542 1.4695 1.5542 2.1069 1.9436
17440 8720.0 1.5583 1.6970 1.5583 2.1168 1.9074
17450 8725.0 1.5409 0.8366 1.5409 2.1421 1.9073
17460 8730.0 1.5176 0.1540 1.5176 2.1888 1.9908
17470 8735.0 1.5548 1.5021 1.5548 2.1771 2.0264
17480 8740.0 1.5196 0.1923 1.5196 2.1894 2.0134
17490 8745.0 1.5274 0.3754 1.5274 2.1410 2.0666
17500 8750.0 1.5419 0.8769 1.5419 2.0739 2.0331
17510 8755.0 1.5207 0.2143 1.5207 2.0622 2.0159
17520 8760.0 1.5090 0.0401 1.5090 2.0853 2.0168
17530 8765.0 1.4958 0.0087 1.4958 2.1235 1.8680
17540 8770.0 1.5187 0.1744 1.5187 2.1212 1.7896
17550 8775.0 1.5021 0.0022 1.5021 2.0800 1.8266
17560 8780.0 1.5002 0.0000 1.5002 2.0072 1.9333
17570 8785.0 1.5171 0.1464 1.5171 1.9683 1.9061
17580 8790.0 1.5070 0.0243 1.5070 2.0131 1.8230
17590 8795.0 1.5238 0.2821 1.5238 2.0457 1.7894
17600 8800.0 1.5326 0.5310 1.5326 2.0607 1.7847
17610 8805.0 1.5410 0.8406 1.5410 2.1146 1.7483
17620 8810.0 1.5297 0.4400 1.5297 2.1975 1.7470
17630 8815.0 1.5295 0.4366 1.5295 2.2331 1.8238
17640 8820.0 1.5633 2.0003 1.5633 2.2303 1.9782
17650 8825.0 1.5312 0.4878 1.5312 2.3188 1.8973
17660 8830.0 1.4997 0.0001 1.4997 2.3692 1.9114
17670 8835.0 1.5167 0.1387 1.5167 2.3047 1.9529
17680 8840.0 1.5875 3.8284 1.5875 2.1924 1.9468
17690 8845.0 1.5369 0.6805 1.5369 2.2697 1.9181
17700 8850.0 1.4880 0.0723 1.4880 2.3504 1.9408
17710 8855.0 1.5445 0.9896 1.5445 2.2718 1.8864
17720 8860.0 1.5776 3.0078 1.5776 2.1987 1.9076
17730 8865.0 1.5004 0.0001 1.5004 2.2631 1.9553
17740 8870.0 1.4932 0.0231 1.4932 2.2566 1.8594
17750 8875.0 1.5694 2.4068 1.5694 2.1165 1.8636
17760 8880.0 1.5493 1.2147 1.5493 2.1180 1.8715
17770 8885.0 1.5121 0.0734 1.5121 2.1699 1.8723
17780 8890.0 1.5034 0.0059 1.5034 2.1768 1.9320
17790 8895.0 1.5250 0.3127 1.5250 2.1176 1.9949
17800 8900.0 1.5253 0.3188 1.5253 2.1224 2.0213
17810 8905.0 1.4847 0.1173 1.4847 2.1644 1.9832
17820 8910.0 1.5199 0.1970 1.5199 2.1256 1.9433
17830 8915.0 1.5293 0.4301 1.5293 2.1162 1.9572
17840 8920.0 1.5082 0.0334 1.5082 2.1536 2.0072
17850 8925.0 1.4990 0.0005 1.4990 2.1651 2.0209
17860 8930.0 1.5378 0.7162 1.5378 2.1314 2.0377
17870 8935.0 1.5147 0.1076 1.5147 2.1662 2.0119
17880 8940.0 1.5016 0.0013 1.5016 2.1995 1.9803
17890 8945.0 1.5542 1.4709 1.5542 2.1719 2.0017
17900 8950.0 1.5558 1.5580 1.5558 2.2129 1.9537
17910 8955.0 1.5112 0.0631 1.5112 2.2979 1.9295
17920 8960.0 1.5439 0.9633 1.5439 2.2611 1.9501
17930 8965.0 1.5659 2.1705 1.5659 2.2286 1.9147
17940 8970.0 1.5213 0.2258 1.5213 2.3024 1.8956
17950 8975.0 1.4932 0.0234 1.4932 2.3553 1.8902
17960 8980.0 1.5261 0.3399 1.5261 2.3019 1.8753
17970 8985.0 1.5523 1.3662 1.5523 2.2331 1.9189
17980 8990.0 1.5166 0.1378 1.5166 2.2316 1.9166
17990 8995.0 1.5049 0.0118 1.5049 2.2187 1.8547
18000 9000.0 1.5174 0.1515 1.5174 2.1813 1.8495
