# step  time_fs  cv_FeH(A)  bias(kJ/mol)  d_min_FeH(A)  d_min_OH(A)  d_min_SH(A)
0 0.0 1.7182 72.8737 1.7182 2.5114 2.4126
10 5.0 1.8463 32.1851 1.8463 2.3712 2.3929
20 10.0 2.0422 1.6686 2.0422 2.1869 2.3505
30 15.0 1.9941 5.6090 1.9941 2.2152 2.4195
40 20.0 1.7870 48.9721 1.7870 2.3997 2.1420
50 25.0 1.8117 41.5587 1.8117 2.3827 2.1579
60 30.0 1.9995 5.0460 1.9995 2.2463 2.4376
70 35.0 2.0192 3.2604 2.0192 2.2738 2.3739
80 40.0 1.8406 33.6324 1.8406 2.4552 2.4148
90 45.0 1.7447 63.1362 1.7447 2.5210 2.3204
100 50.0 1.9407 12.6809 1.9407 2.3455 2.4341
110 55.0 1.9741 7.9231 1.9741 2.2731 2.4241
120 60.0 1.8975 20.4986 1.8975 2.3973 2.3435
130 65.0 1.8891 22.2352 1.8891 2.5219 2.2652
140 70.0 1.8966 20.6786 1.8966 2.5246 2.2742
150 75.0 1.9406 12.7009 1.9406 2.3776 2.3905
160 80.0 1.8507 31.0785 1.8507 2.2805 2.4514
170 85.0 1.9056 18.8929 1.9056 2.1765 2.3908
180 90.0 1.8904 21.9707 1.8904 2.1728 2.4316
190 95.0 1.9055 18.9085 1.9055 2.2832 2.4158
200 100.0 1.9784 7.3919 1.9784 2.4683 2.3224
210 105.0 1.8794 24.3426 1.8794 2.6378 2.2585
220 110.0 1.9573 10.1817 1.9573 2.5702 2.2996
230 115.0 2.0191 3.2725 2.0191 2.4127 2.3792
240 120.0 1.9253 15.2679 1.9253 2.4378 2.2985
250 125.0 1.8592 28.9921 1.8592 2.5441 2.2075
260 130.0 1.9481 11.5417 1.9481 2.5136 2.3249
270 135.0 2.0526 1.1222 2.0526 2.5080 2.4298
280 140.0 1.9690 8.5819 1.9690 2.7082 2.3135
290 145.0 1.8364 34.7370 1.8364 2.9110 2.1937
300 150.0 1.8859 22.9249 1.8859 2.8373 2.2989
310 155.0 1.9994 5.0570 1.9994 2.6372 2.4938
320 160.0 1.9790 7.3236 1.9790 2.5945 2.4796
330 165.0 1.8728 25.8003 1.8728 2.7125 2.3600
340 170.0 1.8604 28.6925 1.8604 2.8198 2.2797
350 175.0 1.9021 19.5747 1.9021 2.8376 2.3399
360 180.0 1.9187 16.4437 1.9187 2.8122 2.4538
370 185.0 1.9311 14.2553 1.9311 2.7615 2.4557
380 190.0 1.9166 16.8128 1.9166 2.7328 2.4550
390 195.0 1.8985 20.3084 1.8985 2.6928 2.3335
400 200.0 1.8726 25.8495 1.8726 2.5854 2.3245
410 205.0 1.9127 17.5484 1.9127 2.4515 2.3944
420 210.0 2.0249 2.8196 2.0249 2.4102 2.4784
430 215.0 1.9012 19.7640 1.9012 2.5446 2.3904
440 220.0 1.8034 43.9960 1.8034 2.6742 2.3008
450 225.0 1.8615 28.4487 1.8615 2.6003 2.3734
460 230.0 2.0275 2.6283 2.0275 2.3644 2.4924
470 235.0 1.9780 7.4440 1.9780 2.3284 2.3976
480 240.0 1.8914 21.7668 1.8914 2.4015 2.2428
490 245.0 1.8698 26.4856 1.8698 2.4135 2.2358
500 250.0 1.9606 9.7181 1.9606 2.3493 2.3866
510 255.0 1.9781 7.4256 1.9781 2.3939 2.4882
520 260.0 1.8415 33.4022 1.8415 2.5607 2.4283
530 265.0 1.8577 29.3518 1.8577 2.5544 2.3351
540 270.0 1.9305 14.3632 1.9305 2.4287 2.3297
550 275.0 1.9488 11.4243 1.9488 2.3577 2.3356
560 280.0 1.9520 10.9489 1.9520 2.3628 2.3916
570 285.0 1.9233 15.6118 1.9233 2.4575 2.3712
580 290.0 1.8743 25.4644 1.8743 2.5772 2.3574
590 295.0 1.9018 19.6484 1.9018 2.5442 2.3586
600 300.0 1.9738 7.9589 1.9738 2.4163 2.3898
610 305.0 1.9511 11.0813 1.9511 2.4213 2.4058
620 310.0 1.8852 23.0770 1.8852 2.5095 2.2368
630 315.0 1.8949 21.0327 1.8949 2.4637 2.2767
640 320.0 1.9686 8.6294 1.9686 2.3510 2.4425
650 325.0 1.9702 8.4180 1.9702 2.3828 2.4698
660 330.0 1.8862 22.8605 1.8862 2.4945 2.4082
670 335.0 1.8196 39.3169 1.8196 2.5695 2.3479
680 340.0 1.9054 18.9254 1.9054 2.4329 2.3850
690 345.0 1.9821 6.9476 1.9821 2.2219 2.4138
700 350.0 1.9988 5.1185 1.9988 2.1785 2.3792
710 355.0 1.9465 11.7807 1.9465 2.2838 2.3563
720 360.0 1.8946 21.0938 1.8946 2.3325 2.3277
730 365.0 1.9349 13.6372 1.9349 2.2160 2.4227
740 370.0 2.0190 3.2839 2.0190 2.0685 2.4279
750 375.0 1.8967 20.6685 1.8967 2.2311 2.3740
760 380.0 1.8738 25.5762 1.8738 2.3109 2.2560
770 385.0 1.9566 10.2814 1.9566 2.2147 2.3571
780 390.0 1.9743 7.8989 1.9743 2.1793 2.4138
790 395.0 1.9248 15.3438 1.9248 2.2427 2.4387
800 400.0 1.9458 11.8827 1.9458 2.2283 2.4764
810 405.0 2.0136 3.7333 2.0136 2.1744 2.5358
820 410.0 1.9327 13.9962 1.9327 2.3047 2.3660
830 415.0 1.8935 21.3108 1.8935 2.3969 2.2851
840 420.0 1.9312 14.2532 1.9312 2.3161 2.4064
850 425.0 2.0135 3.7433 2.0135 2.1566 2.4775
860 430.0 1.9567 10.2615 1.9567 2.2398 2.4815
870 435.0 1.8752 25.2773 1.8752 2.4049 2.2895
880 440.0 1.8928 21.4672 1.8928 2.3819 2.3041
890 445.0 1.9550 10.5149 1.9550 2.2636 2.4578
900 450.0 2.0217 3.0662 2.0217 2.2495 2.5469
910 455.0 1.9855 6.5584 1.9855 2.3487 2.5266
920 460.0 1.9224 15.7735 1.9224 2.4419 2.4773
930 465.0 1.9625 9.4547 1.9625 2.4291 2.4849
940 470.0 2.0342 2.1652 2.0342 2.3593 2.5138
950 475.0 2.0181 3.3552 2.0181 2.3776 2.4591
960 480.0 1.9889 6.1723 1.9889 2.4444 2.3838
970 485.0 1.9843 6.6913 1.9843 2.4596 2.3604
980 490.0 2.0152 3.5966 2.0152 2.3884 2.4239
990 495.0 2.0114 3.9216 2.0114 2.3415 2.4486
1000 500.0 1.9496 11.3046 1.9496 2.3894 2.3931
1010 505.0 1.9274 14.8884 1.9274 2.4646 2.3475
1020 510.0 1.9750 7.8148 1.9750 2.4481 2.4178
1030 515.0 2.0119 3.8814 2.0119 2.4200 2.4898
1040 520.0 2.0196 3.2327 2.0196 2.3793 2.5109
1050 525.0 1.9462 11.8292 1.9462 2.3986 2.4378
1060 530.0 1.8727 25.8279 1.8727 2.4474 2.3621
1070 535.0 1.9208 16.0477 1.9208 2.4294 2.4047
1080 540.0 1.9940 5.6145 1.9940 2.3692 2.4401
1090 545.0 1.9782 7.4230 1.9782 2.3857 2.4370
1100 550.0 1.9199 16.2248 1.9199 2.4066 2.3756
1110 555.0 1.9273 14.9092 1.9273 2.4032 2.3845
1120 560.0 2.0069 4.3309 2.0069 2.3341 2.5058
1130 565.0 1.9797 7.2309 1.9797 2.3715 2.3497
1140 570.0 1.9407 12.6949 1.9407 2.3818 2.3360
1150 575.0 1.8861 22.8829 1.8861 2.3353 2.4595
1160 580.0 1.8992 20.1515 1.8992 2.2321 2.3978
1170 585.0 1.9841 6.7138 1.9841 2.2546 2.5022
1180 590.0 1.9414 12.5711 1.9414 2.4205 2.4546
1190 595.0 1.8623 28.2529 1.8623 2.5340 2.3861
1200 600.0 1.9219 15.8601 1.9219 2.4105 2.4378
1210 605.0 1.9771 7.5534 1.9771 2.2622 2.4230
1220 610.0 1.9781 7.4321 1.9781 2.2754 2.4560
1230 615.0 1.8677 26.9792 1.8677 2.3640 2.4654
1240 620.0 1.8666 27.2392 1.8666 2.3492 2.4075
1250 625.0 1.8929 21.4456 1.8929 2.2292 2.4137
1260 630.0 1.9230 15.6672 1.9230 2.1666 2.4347
1270 635.0 1.9094 18.1692 1.9094 2.2084 2.4682
1280 640.0 1.8726 25.8521 1.8726 2.2404 2.4398
1290 645.0 1.9584 10.0215 1.9584 2.1560 2.4806
1300 650.0 1.9498 11.2731 1.9498 2.2169 2.4061
1310 655.0 1.8736 25.6380 1.8736 2.3740 2.2748
1320 660.0 1.9203 16.1375 1.9203 2.3224 2.3342
1330 665.0 2.0296 2.4778 2.0296 2.1763 2.5179
1340 670.0 2.0003 4.9663 2.0003 2.2520 2.5021
1350 675.0 1.8915 21.7359 1.8915 2.4282 2.3692
1360 680.0 1.9103 17.9911 1.9103 2.4320 2.3339
1370 685.0 1.9992 5.0832 1.9992 2.2412 2.4513
1380 690.0 2.0253 2.7868 2.0253 2.1531 2.4739
1390 695.0 1.9785 7.3784 1.9785 2.3034 2.3693
1400 700.0 1.8617 28.3993 1.8617 2.4834 2.2394
1410 705.0 1.9419 12.5023 1.9419 2.3659 2.3427
1420 710.0 2.0640 0.6488 2.0640 2.2028 2.4787
1430 715.0 2.0331 2.2392 2.0331 2.2516 2.4078
1440 720.0 1.9489 11.4107 1.9489 2.4042 2.2494
1450 725.0 1.9419 12.4983 1.9419 2.4348 2.2312
1460 730.0 2.0147 3.6351 2.0147 2.3123 2.3864
1470 735.0 2.0577 0.8937 2.0577 2.2183 2.5116
1480 740.0 1.9418 12.5192 1.9418 2.3307 2.4243
1490 745.0 1.8899 22.0740 1.8899 2.3602 2.3675
1500 750.0 1.9127 17.5393 1.9127 2.2677 2.4181
1510 755.0 1.9542 10.6346 1.9542 2.2091 2.4695
1520 760.0 1.9759 7.7003 1.9759 2.2497 2.4549
1530 765.0 1.9401 12.7919 1.9401 2.2780 2.4817
1540 770.0 1.9436 12.2258 1.9436 2.2643 2.5011
1550 775.0 1.9612 9.6269 1.9612 2.2566 2.4610
1560 780.0 1.9586 9.9960 1.9586 2.2454 2.4211
1570 785.0 1.9673 8.8035 1.9673 2.2484 2.4161
1580 790.0 1.9531 10.7879 1.9531 2.2444 2.4780
1590 795.0 1.9327 13.9902 1.9327 2.2341 2.4284
1600 800.0 1.9286 14.6895 1.9286 2.1781 2.4406
1610 805.0 1.9017 19.6701 1.9017 2.2060 2.4383
1620 810.0 1.9337 13.8198 1.9337 2.2338 2.3519
1630 815.0 1.9524 10.8964 1.9524 2.2142 2.3583
1640 820.0 1.9637 9.2879 1.9637 2.1700 2.3827
1650 825.0 1.9367 13.3371 1.9367 2.1954 2.3578
1660 830.0 1.9253 15.2654 1.9253 2.2174 2.3873
1670 835.0 1.9852 6.5877 1.9852 2.2052 2.4622
1680 840.0 1.9815 7.0209 1.9815 2.2563 2.4545
1690 845.0 1.9721 8.1766 1.9721 2.2840 2.4461
1700 850.0 1.9895 6.1001 1.9895 2.2516 2.4468
1710 855.0 1.9809 7.0979 1.9809 2.2583 2.4211
1720 860.0 1.9740 7.9385 1.9740 2.2475 2.4135
1730 865.0 1.9638 9.2795 1.9638 2.2526 2.3949
1740 870.0 1.9685 8.6459 1.9685 2.2149 2.4150
1750 875.0 1.9379 13.1404 1.9379 2.2137 2.4225
1760 880.0 1.9218 15.8849 1.9218 2.1869 2.4081
1770 885.0 1.9520 10.9575 1.9520 2.1868 2.4232
1780 890.0 1.9321 14.0922 1.9321 2.2838 2.3566
1790 895.0 1.9112 17.8223 1.9112 2.3269 2.3472
1800 900.0 1.9844 6.6869 1.9844 2.2231 2.4525
1810 905.0 2.0264 2.7059 2.0264 2.1375 2.5369
1820 910.0 1.9198 16.2353 1.9198 2.2528 2.4263
1830 915.0 1.9120 17.6730 1.9120 2.3152 2.3684
1840 920.0 1.9662 8.9471 1.9662 2.2977 2.4072
1850 925.0 1.9486 11.4564 1.9486 2.2737 2.4519
1860 930.0 1.9774 7.5122 1.9774 2.2288 2.4581
1870 935.0 1.9430 12.3288 1.9430 2.2685 2.4121
1880 940.0 1.8915 21.7420 1.8915 2.2760 2.3326
1890 945.0 1.9576 10.1326 1.9576 2.1756 2.3770
1900 950.0 1.9598 9.8343 1.9598 2.1704 2.3809
1910 955.0 1.9201 16.1737 1.9201 2.2192 2.3838
1920 960.0 1.9863 6.4589 1.9863 2.2092 2.4391
1930 965.0 2.0188 3.2945 2.0188 2.2336 2.4718
1940 970.0 1.9509 11.1206 1.9509 2.3833 2.3693
1950 975.0 1.9501 11.2407 1.9501 2.4392 2.3017
1960 980.0 1.9994 5.0634 1.9994 2.3638 2.3592
1970 985.0 2.0490 1.2985 2.0490 2.2709 2.4608
1980 990.0 2.0563 0.9554 2.0563 2.3249 2.4447
1990 995.0 1.9813 7.0458 1.9813 2.4469 2.3396
2000 1000.0 1.9685 8.6453 1.9685 2.4408 2.3378
2010 1005.0 2.0293 2.4985 2.0293 2.2974 2.4422
2020 1010.0 2.0338 2.1905 2.0338 2.2355 2.4623
2030 1015.0 1.9913 5.9126 1.9913 2.2884 2.3937
2040 1020.0 1.9322 14.0780 1.9322 2.3739 2.3224
2050 1025.0 1.9397 12.8533 1.9397 2.3455 2.3686
2060 1030.0 1.9950 5.5116 1.9950 2.2328 2.4694
2070 1035.0 1.9857 6.5368 1.9857 2.2190 2.4708
2080 1040.0 1.9411 12.6299 1.9411 2.2794 2.4134
2090 1045.0 1.9167 16.8019 1.9167 2.3531 2.3571
2100 1050.0 1.9186 16.4440 1.9186 2.3562 2.3329
2110 1055.0 1.9156 16.9975 1.9156 2.3520 2.2835
2120 1060.0 1.9087 18.2977 1.9087 2.2754 2.3049
2130 1065.0 1.9863 6.4677 1.9863 2.1385 2.4168
2140 1070.0 2.0004 4.9633 2.0004 2.1470 2.3910
2150 1075.0 1.8957 20.8763 1.8957 2.3102 2.2632
2160 1080.0 1.8771 24.8359 1.8771 2.3184 2.2210
2170 1085.0 1.9602 9.7771 1.9602 2.1445 2.3465
2180 1090.0 1.9823 6.9280 1.9823 2.1177 2.3594
2190 1095.0 1.9136 17.3726 1.9136 2.2796 2.2099
2200 1100.0 1.9234 15.5970 1.9234 2.3027 2.2312
2210 1105.0 2.0018 4.8188 2.0018 2.1770 2.4235
2220 1110.0 1.9835 6.7878 1.9835 2.1972 2.4273
2230 1115.0 1.8776 24.7393 1.8776 2.3474 2.3166
2240 1120.0 1.9000 20.0068 1.9000 2.3283 2.2645
2250 1125.0 1.9941 5.6067 1.9941 2.1867 2.3398
2260 1130.0 2.0154 3.5823 2.0154 2.1477 2.3363
2270 1135.0 1.9611 9.6464 1.9611 2.2441 2.2217
2280 1140.0 1.9684 8.6537 1.9684 2.2491 2.2132
2290 1145.0 2.0394 1.8372 2.0394 2.1500 2.3323
2300 1150.0 2.0045 4.5627 2.0045 2.2199 2.3372
2310 1155.0 1.8964 20.7305 1.8964 2.3440 2.2945
2320 1160.0 1.9344 13.7082 1.9344 2.2978 2.3241
2330 1165.0 1.9966 5.3499 1.9966 2.1745 2.3685
2340 1170.0 1.9407 12.6894 1.9407 2.2235 2.2562
2350 1175.0 1.9564 10.3080 1.9564 2.2337 2.2151
2360 1180.0 2.0207 3.1424 2.0207 2.1707 2.2930
2370 1185.0 1.9632 9.3595 1.9632 2.2470 2.2837
2380 1190.0 1.8794 24.3239 1.8794 2.3239 2.2630
2390 1195.0 1.9912 5.9228 1.9912 2.1955 2.3805
2400 1200.0 2.0157 3.5555 2.0157 2.1569 2.4019
2410 1205.0 1.9139 17.3136 1.9139 2.2786 2.2985
2420 1210.0 1.9013 19.7464 1.9013 2.3566 2.2500
2430 1215.0 1.9988 5.1203 1.9988 2.3162 2.3147
2440 1220.0 2.0664 0.5647 2.0664 2.2827 2.3989
2450 1225.0 2.0326 2.2710 2.0326 2.3779 2.3438
2460 1230.0 1.9697 8.4884 1.9697 2.4990 2.2558
2470 1235.0 1.9213 15.9582 1.9213 2.4984 2.3281
2480 1240.0 1.9386 13.0309 1.9386 2.3998 2.4861
2490 1245.0 1.9887 6.1901 1.9887 2.3278 2.4615
2500 1250.0 1.9503 11.2009 1.9503 2.3849 2.4399
2510 1255.0 1.9224 15.7633 1.9224 2.4786 2.4500
2520 1260.0 1.9352 13.5722 1.9352 2.5748 2.3319
2530 1265.0 1.9597 9.8420 1.9597 2.5843 2.3201
2540 1270.0 1.9912 5.9172 1.9912 2.5021 2.4035
2550 1275.0 2.0585 0.8603 2.0585 2.3700 2.5030
2560 1280.0 2.0253 2.7885 2.0253 2.3875 2.4550
2570 1285.0 1.9644 9.1965 1.9644 2.4392 2.3736
2580 1290.0 1.9506 11.1626 1.9506 2.4100 2.3691
2590 1295.0 1.9700 8.4489 1.9700 2.3067 2.4385
2600 1300.0 1.9503 11.2015 1.9503 2.2859 2.4811
2610 1305.0 1.9128 17.5134 1.9128 2.3152 2.4783
2620 1310.0 1.9476 11.6116 1.9476 2.2945 2.4855
2630 1315.0 1.9489 11.4152 1.9489 2.2921 2.4714
2640 1320.0 1.8992 20.1553 1.8992 2.3442 2.4165
2650 1325.0 1.9040 19.2029 1.9040 2.3194 2.4448
2660 1330.0 1.9353 13.5553 1.9353 2.2774 2.4899
2670 1335.0 1.9652 9.0881 1.9652 2.2535 2.4984
2680 1340.0 1.9613 9.6127 1.9613 2.2688 2.4734
2690 1345.0 1.9309 14.2909 1.9309 2.3164 2.4344
2700 1350.0 1.9289 14.6435 1.9289 2.3136 2.4628
2710 1355.0 1.9495 11.3266 1.9495 2.2996 2.4781
2720 1360.0 1.9578 10.1085 1.9578 2.3043 2.4472
2730 1365.0 1.9782 7.4167 1.9782 2.2893 2.4064
2740 1370.0 1.9991 5.0948 1.9991 2.2804 2.4504
2750 1375.0 1.9719 8.2049 1.9719 2.3377 2.4250
2760 1380.0 1.9306 14.3545 1.9306 2.3909 2.3982
2770 1385.0 1.9711 8.3128 1.9711 2.3618 2.4629
2780 1390.0 1.9887 6.1993 1.9887 2.3564 2.4046
2790 1395.0 1.9324 14.0395 1.9324 2.4319 2.3939
2800 1400.0 1.9181 16.5517 1.9181 2.4312 2.3705
2810 1405.0 1.9215 15.9392 1.9215 2.3395 2.3956
2820 1410.0 1.9955 5.4591 1.9955 2.2302 2.4360
2830 1415.0 1.9590 9.9453 1.9590 2.2700 2.3605
2840 1420.0 1.9253 15.2517 1.9253 2.3230 2.2935
2850 1425.0 1.8809 24.0107 1.8809 2.3473 2.3156
2860 1430.0 1.9290 14.6262 1.9290 2.2155 2.4805
2870 1435.0 2.0027 4.7323 2.0027 2.0967 2.5315
2880 1440.0 1.9279 14.8050 1.9279 2.1814 2.4896
2890 1445.0 1.8296 36.5563 1.8296 2.3419 2.2795
2900 1450.0 1.8846 23.1938 1.8846 2.2949 2.2436
2910 1455.0 1.9792 7.3011 1.9792 2.1569 2.3678
2920 1460.0 2.0112 3.9405 2.0112 2.1115 2.4282
2930 1465.0 1.9024 19.5171 1.9024 2.2770 2.4091
2940 1470.0 1.8182 39.7094 1.8182 2.3484 2.4265
2950 1475.0 2.0006 4.9429 2.0006 2.1403 2.5434
2960 1480.0 2.0101 4.0409 2.0101 2.1572 2.4812
2970 1485.0 1.8916 21.7172 1.8916 2.3772 2.2079
2980 1490.0 1.8700 26.4577 1.8700 2.4183 2.1759
2990 1495.0 1.9623 9.4864 1.9623 2.2381 2.4106
3000 1500.0 1.9935 5.6677 1.9935 2.1399 2.4083
3010 1505.0 1.8548 30.0624 1.8548 2.3036 2.2095
3020 1510.0 1.8570 29.5148 1.8570 2.2991 2.2294
3030 1515.0 1.9622 9.5011 1.9622 2.1574 2.4450
3040 1520.0 1.9425 12.4059 1.9425 2.2559 2.3583
3050 1525.0 1.8448 32.5575 1.8448 2.4118 2.1571
3060 1530.0 1.8936 21.3014 1.8936 2.3417 2.2526
3070 1535.0 1.9900 6.0465 1.9900 2.1751 2.5232
3080 1540.0 1.9283 14.7409 1.9283 2.2528 2.2956
3090 1545.0 1.8549 30.0490 1.8549 2.3739 2.1802
3100 1550.0 1.8925 21.5280 1.8925 2.3351 2.3053
3110 1555.0 2.0455 1.4839 2.0455 2.2385 2.4514
3120 1560.0 1.9589 9.9594 1.9589 2.3477 2.3962
3130 1565.0 1.8213 38.8237 1.8213 2.4769 2.2885
3140 1570.0 1.9412 12.6016 1.9412 2.4606 2.3352
3150 1575.0 1.9725 8.1336 1.9725 2.4162 2.4610
3160 1580.0 1.9661 8.9647 1.9661 2.4002 2.3500
3170 1585.0 1.9686 8.6299 1.9686 2.3807 2.2964
3180 1590.0 1.9482 11.5272 1.9482 2.3718 2.2911
3190 1595.0 1.9417 12.5354 1.9417 2.3260 2.3634
3200 1600.0 1.9608 9.6836 1.9608 2.2723 2.3481
3210 1605.0 2.0232 2.9491 2.0232 2.1834 2.3133
3220 1610.0 1.9961 5.3938 1.9961 2.2275 2.2118
3230 1615.0 1.9175 16.6458 1.9175 2.3099 2.1494
3240 1620.0 1.9602 9.7689 1.9602 2.2123 2.3049
3250 1625.0 1.9994 5.0589 1.9994 2.1487 2.4342
3260 1630.0 1.8956 20.8871 1.8956 2.2900 2.4044
3270 1635.0 1.8748 25.3493 1.8748 2.3507 2.3389
3280 1640.0 1.9118 17.7184 1.9118 2.2747 2.3597
3290 1645.0 2.0077 4.2596 2.0077 2.1719 2.4551
3300 1650.0 1.9083 18.3754 1.9083 2.2966 2.4391
3310 1655.0 1.8573 29.4589 1.8573 2.3748 2.3052
3320 1660.0 2.0137 3.7266 2.0137 2.2193 2.3575
3330 1665.0 2.0416 1.7031 2.0416 2.1930 2.3514
3340 1670.0 1.9092 18.2063 1.9092 2.3691 2.2170
3350 1675.0 1.8680 26.9018 1.8680 2.3975 2.2632
3360 1680.0 2.0251 2.8014 2.0251 2.1869 2.5061
3370 1685.0 2.0096 4.0846 2.0096 2.1943 2.5276
3380 1690.0 1.8301 36.4122 1.8301 2.4121 2.3734
3390 1695.0 1.8398 33.8495 1.8398 2.3830 2.3650
3400 1700.0 1.9961 5.3974 1.9961 2.1568 2.4905
3410 1705.0 1.9517 11.0020 1.9517 2.2040 2.4205
3420 1710.0 1.8670 27.1400 1.8670 2.3863 2.2787
3430 1715.0 1.8705 26.3345 1.8705 2.4095 2.3301
3440 1720.0 1.9642 9.2154 1.9642 2.3088 2.5123
3450 1725.0 2.0478 1.3600 2.0478 2.2350 2.5952
3460 1730.0 1.9591 9.9266 1.9591 2.3955 2.5116
3470 1735.0 1.8686 26.7686 1.8686 2.5765 2.3536
3480 1740.0 1.8344 35.2747 1.8344 2.6500 2.3412
3490 1745.0 1.9324 14.0426 1.9324 2.5414 2.5017
3500 1750.0 1.9748 7.8347 1.9748 2.4627 2.5701
3510 1755.0 1.9637 9.2839 1.9637 2.4632 2.5543
3520 1760.0 1.8857 22.9546 1.8857 2.6033 2.5265
3530 1765.0 1.8041 43.7829 1.8041 2.7003 2.4301
3540 1770.0 1.8432 32.9730 1.8432 2.6157 2.4747
3550 1775.0 1.9515 11.0195 1.9515 2.3752 2.6038
3560 1780.0 1.9988 5.1253 1.9988 2.2638 2.5366
3570 1785.0 1.9085 18.3323 1.9085 2.3716 2.5209
3580 1790.0 1.8188 39.5501 1.8188 2.5382 2.3794
3590 1795.0 1.8591 29.0167 1.8591 2.5024 2.4590
3600 1800.0 1.9645 9.1767 1.9645 2.3972 2.5615
3610 1805.0 2.0076 4.2698 2.0076 2.3771 2.5408
3620 1810.0 1.9266 15.0259 1.9266 2.5250 2.4984
3630 1815.0 1.8414 33.4486 1.8414 2.6781 2.3361
3640 1820.0 1.8298 36.4975 1.8298 2.7138 2.2596
3650 1825.0 1.8967 20.6654 1.8967 2.6109 2.3719
3660 1830.0 1.9746 7.8650 1.9746 2.5152 2.5076
3670 1835.0 1.9797 7.2311 1.9797 2.5024 2.4428
3680 1840.0 1.9305 14.3661 1.9305 2.5716 2.4150
3690 1845.0 1.8992 20.1531 1.8992 2.5962 2.3316
3700 1850.0 1.8935 21.3279 1.8935 2.5234 2.3598
3710 1855.0 1.9787 7.3579 1.9787 2.3624 2.5056
3720 1860.0 1.9985 5.1531 1.9985 2.3293 2.4747
3730 1865.0 1.9339 13.7904 1.9339 2.3811 2.4182
3740 1870.0 1.8793 24.3482 1.8793 2.4325 2.4213
3750 1875.0 1.8805 24.0987 1.8805 2.3740 2.4762
3760 1880.0 1.9343 13.7205 1.9343 2.2629 2.5253
3770 1885.0 1.9256 15.2120 1.9256 2.2674 2.4943
3780 1890.0 1.8829 23.5603 1.8829 2.2978 2.4746
3790 1895.0 1.8719 26.0240 1.8719 2.3091 2.4757
3800 1900.0 1.9127 17.5351 1.9127 2.2596 2.4667
3810 1905.0 1.9384 13.0532 1.9384 2.2548 2.4420
3820 1910.0 1.9172 16.7118 1.9172 2.2896 2.4883
3830 1915.0 1.8728 25.8138 1.8728 2.3456 2.5036
3840 1920.0 1.9182 16.5305 1.9182 2.2992 2.5349
3850 1925.0 1.9656 9.0361 1.9656 2.2664 2.5404
3860 1930.0 1.9262 15.0991 1.9262 2.3129 2.5452
3870 1935.0 1.8854 23.0240 1.8854 2.3608 2.4788
3880 1940.0 1.9013 19.7337 1.9013 2.3379 2.4571
3890 1945.0 1.9267 15.0115 1.9267 2.3046 2.4531
3900 1950.0 1.9479 11.5643 1.9479 2.2359 2.4471
3910 1955.0 1.9251 15.2893 1.9251 2.2211 2.5061
3920 1960.0 1.8900 22.0420 1.8900 2.2353 2.4961
3930 1965.0 1.8959 20.8333 1.8959 2.2498 2.4798
3940 1970.0 1.8971 20.5922 1.8971 2.2727 2.4442
3950 1975.0 1.8988 20.2402 1.8988 2.2850 2.4482
3960 1980.0 1.8939 21.2366 1.8939 2.3021 2.4609
3970 1985.0 1.8696 26.5496 1.8696 2.3571 2.4556
3980 1990.0 1.8497 31.3330 1.8497 2.3540 2.4617
3990 1995.0 1.9054 18.9405 1.9054 2.2648 2.5101
4000 2000.0 1.9434 12.2657 1.9434 2.1801 2.5308
4010 2005.0 1.8758 25.1432 1.8758 2.2355 2.4178
4020 2010.0 1.8522 30.7093 1.8522 2.2707 2.2980
4030 2015.0 1.9440 12.1698 1.9440 2.1743 2.3072
4040 2020.0 1.8929 21.4390 1.8929 2.1441 2.3142
4050 2025.0 1.8599 28.8349 1.8599 2.1916 2.3155
4060 2030.0 1.8995 20.0939 1.8995 2.1688 2.3900
4070 2035.0 1.9480 11.5587 1.9480 2.1142 2.4174
4080 2040.0 1.9890 6.1623 1.9890 2.1086 2.4518
4090 2045.0 1.9131 17.4642 1.9131 2.2900 2.3306
4100 2050.0 1.9049 19.0323 1.9049 2.4103 2.2175
4110 2055.0 2.0368 2.0000 2.0368 2.3271 2.2957
4120 2060.0 2.0710 0.4206 2.0710 2.2848 2.3852
4130 2065.0 1.9330 13.9455 1.9330 2.4081 2.3749
4140 2070.0 1.8269 37.2947 1.8269 2.5410 2.1807
4150 2075.0 1.9234 15.5956 1.9234 2.4225 2.2284
4160 2080.0 2.0502 1.2399 2.0502 2.2722 2.4171
4170 2085.0 2.0270 2.6612 2.0270 2.3192 2.4731
4180 2090.0 1.8657 27.4457 1.8657 2.5647 2.1577
4190 2095.0 1.8770 24.8602 1.8770 2.5599 2.0949
4200 2100.0 1.9907 5.9729 1.9907 2.3294 2.2676
4210 2105.0 2.0520 1.1535 2.0520 2.1390 2.4693
4220 2110.0 1.8565 29.6528 1.8565 2.2575 2.4529
4230 2115.0 1.8853 23.0406 1.8853 2.2045 2.4192
4240 2120.0 1.8928 21.4619 1.8928 2.1546 2.4717
4250 2125.0 1.8837 23.3921 1.8837 2.2245 2.3950
4260 2130.0 1.9093 18.1857 1.9093 2.3029 2.3180
4270 2135.0 1.9310 14.2814 1.9310 2.2814 2.3623
4280 2140.0 1.9501 11.2303 1.9501 2.2025 2.3835
4290 2145.0 1.9537 10.7087 1.9537 2.1928 2.4953
4300 2150.0 1.8765 24.9870 1.8765 2.2617 2.5056
4310 2155.0 1.9621 9.5143 1.9621 2.2240 2.4911
4320 2160.0 1.9386 13.0259 1.9386 2.2426 2.3408
4330 2165.0 1.9431 12.3164 1.9431 2.3070 2.3939
4340 2170.0 1.8989 20.2119 1.8989 2.3819 2.3472
4350 2175.0 1.8775 24.7483 1.8775 2.3291 2.4150
4360 2180.0 1.9676 8.7672 1.9676 2.1554 2.3704
4370 2185.0 1.9780 7.4412 1.9780 2.1859 2.4277
4380 2190.0 1.8651 27.5818 1.8651 2.4013 2.4326
4390 2195.0 1.9311 14.2700 1.9311 2.4163 2.3414
4400 2200.0 1.9774 7.5167 1.9774 2.2953 2.3618
4410 2205.0 2.0115 3.9198 2.0115 2.1962 2.3016
4420 2210.0 2.0087 4.1707 2.0087 2.2372 2.3576
4430 2215.0 1.9753 7.7704 1.9753 2.3313 2.3542
4440 2220.0 1.9014 19.7229 1.9014 2.3795 2.3275
4450 2225.0 2.0208 3.1349 2.0208 2.2185 2.3182
4460 2230.0 2.0771 0.2631 2.0771 2.1763 2.4274
4470 2235.0 1.9976 5.2419 1.9976 2.3697 2.3411
4480 2240.0 1.9291 14.5965 1.9291 2.4758 2.3403
4490 2245.0 2.0063 4.3913 2.0063 2.3813 2.4702
4500 2250.0 2.0633 0.6745 2.0633 2.2970 2.4328
4510 2255.0 1.9873 6.3554 1.9873 2.4035 2.3891
4520 2260.0 1.9583 10.0377 1.9583 2.4782 2.3007
4530 2265.0 1.9900 6.0537 1.9900 2.4113 2.3331
4540 2270.0 2.0546 1.0307 2.0546 2.2603 2.3241
4550 2275.0 2.0558 0.9771 2.0558 2.2609 2.3772
4560 2280.0 1.9295 14.5269 1.9295 2.4192 2.4109
4570 2285.0 1.8741 25.5235 1.8741 2.4772 2.3841
4580 2290.0 1.9562 10.3421 1.9562 2.3474 2.4157
4590 2295.0 2.0456 1.4804 2.0456 2.2189 2.4867
4600 2300.0 1.9833 6.8074 1.9833 2.2845 2.4335
4610 2305.0 1.8808 24.0298 1.8808 2.4364 2.2842
4620 2310.0 1.9094 18.1572 1.9094 2.3766 2.3666
4630 2315.0 1.9979 5.2106 1.9979 2.2272 2.4538
4640 2320.0 1.9398 12.8273 1.9398 2.2659 2.4750
4650 2325.0 1.8360 34.8365 1.8360 2.3607 2.3947
4660 2330.0 1.8543 30.1796 1.8543 2.3474 2.3618
4670 2335.0 1.9646 9.1652 1.9646 2.1926 2.4637
4680 2340.0 1.9398 12.8321 1.9398 2.2170 2.4491
4690 2345.0 1.8739 25.5596 1.8739 2.3021 2.3833
4700 2350.0 1.9224 15.7682 1.9224 2.2577 2.3169
4710 2355.0 2.0025 4.7541 2.0025 2.1514 2.2955
4720 2360.0 1.9760 7.6932 1.9760 2.2056 2.3868
4730 2365.0 1.8823 23.7043 1.8823 2.2952 2.3576
4740 2370.0 1.9540 10.6651 1.9540 2.2257 2.4371
4750 2375.0 2.0035 4.6584 2.0035 2.1739 2.4141
4760 2380.0 1.9252 15.2711 1.9252 2.2873 2.3859
4770 2385.0 1.8843 23.2567 1.8843 2.3718 2.3075
4780 2390.0 1.9512 11.0773 1.9512 2.2647 2.3648
4790 2395.0 1.9959 5.4192 1.9959 2.1942 2.4099
4800 2400.0 1.9472 11.6692 1.9472 2.2599 2.3521
4810 2405.0 1.9116 17.7470 1.9116 2.3261 2.3247
4820 2410.0 1.9440 12.1618 1.9440 2.2251 2.4044
4830 2415.0 1.9824 6.9111 1.9824 2.1765 2.4551
4840 2420.0 1.9109 17.8801 1.9109 2.2687 2.5126
4850 2425.0 1.8924 21.5436 1.8924 2.3533 2.4522
4860 2430.0 1.9412 12.6021 1.9412 2.2959 2.4828
4870 2435.0 1.9366 13.3549 1.9366 2.2990 2.4490
4880 2440.0 1.9569 10.2419 1.9569 2.3154 2.5278
4890 2445.0 1.9158 16.9664 1.9158 2.3582 2.5282
4900 2450.0 1.9370 13.2844 1.9370 2.3346 2.4711
4910 2455.0 1.9573 10.1783 1.9573 2.3191 2.4997
4920 2460.0 1.9376 13.1903 1.9376 2.3955 2.4732
4930 2465.0 1.9531 10.7891 1.9531 2.4364 2.4168
4940 2470.0 1.9448 12.0479 1.9448 2.4720 2.3968
4950 2475.0 1.9699 8.4628 1.9699 2.4422 2.4825
4960 2480.0 2.0053 4.4844 2.0053 2.3806 2.4763
4970 2485.0 1.9858 6.5248 1.9858 2.3939 2.3271
4980 2490.0 1.9018 19.6513 1.9018 2.4641 2.2482
4990 2495.0 1.8981 20.3865 1.8981 2.4534 2.3496
5000 2500.0 1.9832 6.8261 1.9832 2.3482 2.4695
5010 2505.0 1.9873 6.3561 1.9873 2.2684 2.3556
5020 2510.0 1.9585 10.0125 1.9585 2.2809 2.3971
5030 2515.0 1.9042 19.1648 1.9042 2.3087 2.4441
5040 2520.0 1.8787 24.4892 1.8787 2.2496 2.3570
5050 2525.0 1.9487 11.4400 1.9487 2.1525 2.4363
5060 2530.0 1.8904 21.9562 1.8904 2.2305 2.4948
5070 2535.0 1.8798 24.2336 1.8798 2.2995 2.4407
5080 2540.0 1.8704 26.3663 1.8704 2.2839 2.4481
5090 2545.0 1.9237 15.5412 1.9237 2.2586 2.5012
5100 2550.0 1.9093 18.1779 1.9093 2.2673 2.5530
5110 2555.0 1.9308 14.3068 1.9308 2.2983 2.5467
5120 2560.0 1.9174 16.6802 1.9174 2.3683 2.4314
5130 2565.0 1.9346 13.6764 1.9346 2.4045 2.4259
5140 2570.0 1.9524 10.8978 1.9524 2.3935 2.4445
5150 2575.0 1.9171 16.7176 1.9171 2.4526 2.4243
5160 2580.0 1.9618 9.5498 1.9618 2.4710 2.4122
5170 2585.0 2.0062 4.3988 2.0062 2.4953 2.4732
5180 2590.0 1.9991 5.0875 1.9991 2.5664 2.4526
5190 2595.0 1.9309 14.2938 1.9309 2.6754 2.3503
5200 2600.0 1.9295 14.5417 1.9295 2.6708 2.3458
5210 2605.0 1.9850 6.6143 1.9850 2.6310 2.4059
5220 2610.0 2.0145 3.6518 2.0145 2.6137 2.4510
5230 2615.0 1.9874 6.3344 1.9874 2.6813 2.4074
5240 2620.0 1.9551 10.4970 1.9551 2.7548 2.3327
5250 2625.0 1.9329 13.9561 1.9329 2.7674 2.3137
5260 2630.0 1.9637 9.2878 1.9637 2.6618 2.3903
5270 2635.0 2.0148 3.6321 2.0148 2.5330 2.4924
5280 2640.0 2.0123 3.8414 2.0123 2.4720 2.4637
5290 2645.0 1.9821 6.9516 1.9821 2.5378 2.4356
5300 2650.0 1.9422 12.4494 1.9422 2.6282 2.3413
5310 2655.0 1.8756 25.1858 1.8756 2.6615 2.3434
5320 2660.0 1.9904 6.0028 1.9904 2.4737 2.4717
5330 2665.0 2.0501 1.2446 2.0501 2.3154 2.2925
5340 2670.0 2.0189 3.2883 2.0189 2.2954 2.2416
5350 2675.0 1.9585 10.0123 1.9585 2.3974 2.3520
5360 2680.0 1.8591 29.0074 1.8591 2.4251 2.4019
5370 2685.0 1.9534 10.7519 1.9534 2.2383 2.3445
5380 2690.0 2.0084 4.1986 2.0084 2.1776 2.4238
5390 2695.0 1.9344 13.7137 1.9344 2.3616 2.4652
5400 2700.0 1.8514 30.8923 1.8514 2.5263 2.3260
5410 2705.0 1.8884 22.3943 1.8884 2.4693 2.3570
5420 2710.0 1.9652 9.0838 1.9652 2.3202 2.4828
5430 2715.0 1.9465 11.7871 1.9465 2.2601 2.4179
5440 2720.0 1.9418 12.5178 1.9418 2.2489 2.3875
5450 2725.0 1.9955 5.4618 1.9955 2.2087 2.5053
5460 2730.0 1.9717 8.2362 1.9717 2.3020 2.3756
5470 2735.0 1.9459 11.8752 1.9459 2.3498 2.2939
5480 2740.0 1.9524 10.8859 1.9524 2.3450 2.3089
5490 2745.0 1.9811 7.0648 1.9811 2.2826 2.4369
5500 2750.0 1.9834 6.8026 1.9834 2.2964 2.4296
5510 2755.0 1.9879 6.2836 1.9879 2.3130 2.4365
5520 2760.0 1.9541 10.6394 1.9541 2.3896 2.4593
5530 2765.0 1.9176 16.6342 1.9176 2.5062 2.3791
5540 2770.0 1.8796 24.2783 1.8796 2.6209 2.3403
5550 2775.0 1.9053 18.9552 1.9053 2.5804 2.4283
5560 2780.0 1.9599 9.8073 1.9599 2.5168 2.4347
5570 2785.0 2.0290 2.5203 2.0290 2.4645 2.5162
5580 2790.0 1.9775 7.5071 1.9775 2.5778 2.5337
5590 2795.0 1.9015 19.7105 1.9015 2.6954 2.3933
5600 2800.0 1.8756 25.1734 1.8756 2.7744 2.3347
5610 2805.0 1.9191 16.3637 1.9191 2.7323 2.4306
5620 2810.0 1.9521 10.9362 1.9521 2.6885 2.5282
5630 2815.0 1.9607 9.7074 1.9607 2.6516 2.4758
5640 2820.0 1.9245 15.3959 1.9245 2.7179 2.4682
5650 2825.0 1.8992 20.1507 1.8992 2.7920 2.4890
5660 2830.0 1.8486 31.6074 1.8486 2.8818 2.4042
5670 2835.0 1.8369 34.5995 1.8369 2.8914 2.4149
5680 2840.0 1.8742 25.4997 1.8742 2.8398 2.5034
5690 2845.0 1.8856 22.9757 1.8856 2.8011 2.4738
5700 2850.0 1.8508 31.0507 1.8508 2.8446 2.4157
5710 2855.0 1.8092 42.2799 1.8092 2.9051 2.4190
5720 2860.0 1.8109 41.7830 1.8109 2.8921 2.4666
5730 2865.0 1.8626 28.1808 1.8626 2.8126 2.4612
5740 2870.0 1.9061 18.8078 1.9061 2.7420 2.4261
5750 2875.0 1.8790 24.4204 1.8790 2.7721 2.4636
5760 2880.0 1.8528 30.5449 1.8528 2.8062 2.4597
5770 2885.0 1.8512 30.9605 1.8512 2.8128 2.3846
5780 2890.0 1.8880 22.4815 1.8880 2.7597 2.3591
5790 2895.0 1.9705 8.3885 1.9705 2.6466 2.3711
5800 2900.0 1.9926 5.7717 1.9926 2.6141 2.4155
5810 2905.0 1.9578 10.1136 1.9578 2.6561 2.4314
5820 2910.0 1.9059 18.8282 1.9059 2.7381 2.2992
5830 2915.0 1.8975 20.5061 1.8975 2.7630 2.2499
5840 2920.0 1.9467 11.7540 1.9467 2.6829 2.3214
5850 2925.0 2.0075 4.2787 2.0075 2.5805 2.4173
5860 2930.0 2.0201 3.1933 2.0201 2.5374 2.4443
5870 2935.0 1.9618 9.5520 1.9618 2.6081 2.3627
5880 2940.0 1.9017 19.6683 1.9017 2.6699 2.2723
5890 2945.0 1.9235 15.5830 1.9235 2.5982 2.2832
5900 2950.0 1.9721 8.1823 1.9721 2.4445 2.3899
5910 2955.0 2.0093 4.1162 2.0093 2.3343 2.4795
5920 2960.0 1.9901 6.0414 1.9901 2.2881 2.5129
5930 2965.0 1.9167 16.8081 1.9167 2.3213 2.4674
5940 2970.0 1.9129 17.5053 1.9129 2.2706 2.4645
5950 2975.0 1.9783 7.4098 1.9783 2.1757 2.5010
5960 2980.0 1.9707 8.3649 1.9707 2.1824 2.4549
5970 2985.0 1.8952 20.9783 1.8952 2.2900 2.3424
5980 2990.0 1.9255 15.2315 1.9255 2.2316 2.3711
5990 2995.0 1.9503 11.2124 1.9503 2.1800 2.3993
6000 3000.0 1.9176 16.6357 1.9176 2.2375 2.3404
6010 3005.0 1.9347 13.6592 1.9347 2.2459 2.3431
6020 3010.0 1.9523 10.9125 1.9523 2.2077 2.4044
6030 3015.0 1.9468 11.7345 1.9468 2.2023 2.4402
6040 3020.0 1.9320 14.1090 1.9320 2.2453 2.4151
6050 3025.0 1.9000 20.0096 1.9000 2.2812 2.3770
6060 3030.0 1.9349 13.6342 1.9349 2.2477 2.4030
6070 3035.0 2.0119 3.8815 2.0119 2.1923 2.4159
6080 3040.0 1.9320 14.1104 1.9320 2.2934 2.3255
6090 3045.0 1.9267 15.0098 1.9267 2.3038 2.2975
6100 3050.0 1.9809 7.0930 1.9809 2.2523 2.3587
6110 3055.0 1.9383 13.0781 1.9383 2.2655 2.3060
6120 3060.0 1.9149 17.1320 1.9149 2.3110 2.3512
6130 3065.0 1.9139 17.3213 1.9139 2.3394 2.3505
6140 3070.0 1.9133 17.4225 1.9133 2.3572 2.3152
6150 3075.0 1.9563 10.3217 1.9563 2.3516 2.3686
6160 3080.0 1.9770 7.5585 1.9770 2.3601 2.4325
6170 3085.0 1.9827 6.8741 1.9827 2.3776 2.3405
6180 3090.0 1.9633 9.3423 1.9633 2.3995 2.2429
6190 3095.0 1.9413 12.5865 1.9413 2.3697 2.2833
6200 3100.0 1.9661 8.9675 1.9661 2.2907 2.3992
6210 3105.0 1.9913 5.9037 1.9913 2.3001 2.4239
6220 3110.0 1.9609 9.6749 1.9609 2.3426 2.4229
6230 3115.0 1.9012 19.7558 1.9012 2.3953 2.4235
6240 3120.0 1.9498 11.2831 1.9498 2.3404 2.4826
6250 3125.0 1.9639 9.2671 1.9639 2.3320 2.4809
6260 3130.0 1.9236 15.5569 1.9236 2.3880 2.4311
6270 3135.0 1.9162 16.8890 1.9162 2.3939 2.4351
6280 3140.0 1.9496 11.3079 1.9496 2.3455 2.4829
6290 3145.0 1.9432 12.2931 1.9432 2.3271 2.4862
6300 3150.0 1.9551 10.4991 1.9551 2.3180 2.5129
6310 3155.0 1.9629 9.3959 1.9629 2.2883 2.4920
6320 3160.0 1.9713 8.2781 1.9713 2.2789 2.5374
6330 3165.0 1.9676 8.7673 1.9676 2.3113 2.4352
6340 3170.0 1.9361 13.4374 1.9361 2.3849 2.3492
6350 3175.0 1.9679 8.7292 1.9679 2.3695 2.4157
6360 3180.0 1.9749 7.8226 1.9749 2.3752 2.4647
6370 3185.0 1.9401 12.7819 1.9401 2.4170 2.3920
6380 3190.0 1.9289 14.6329 1.9289 2.4448 2.4470
6390 3195.0 1.9383 13.0711 1.9383 2.4495 2.4164
6400 3200.0 1.9738 7.9674 1.9738 2.3691 2.4180
6410 3205.0 1.9763 7.6544 1.9763 2.3221 2.4264
6420 3210.0 1.9589 9.9561 1.9589 2.3162 2.4091
6430 3215.0 1.9116 17.7413 1.9116 2.3368 2.3684
6440 3220.0 1.8878 22.5234 1.8878 2.2663 2.4093
6450 3225.0 1.9210 16.0160 1.9210 2.1773 2.4302
6460 3230.0 1.8954 20.9405 1.8954 2.1974 2.4563
6470 3235.0 1.8641 27.8137 1.8641 2.2424 2.4262
6480 3240.0 1.9646 9.1718 1.9646 2.1640 2.4687
6490 3245.0 1.9677 8.7519 1.9677 2.1903 2.4377
6500 3250.0 1.8876 22.5526 1.8876 2.2709 2.4001
6510 3255.0 1.8489 31.5279 1.8489 2.3033 2.4404
6520 3260.0 1.9395 12.8768 1.9395 2.1986 2.4690
6530 3265.0 1.9442 12.1326 1.9442 2.2398 2.5323
6540 3270.0 1.9302 14.4091 1.9302 2.3450 2.4002
6550 3275.0 1.9234 15.5943 1.9234 2.4163 2.3365
6560 3280.0 1.9587 9.9826 1.9587 2.4025 2.4001
6570 3285.0 1.9624 9.4692 1.9624 2.3779 2.4862
6580 3290.0 1.8850 23.1101 1.8850 2.4106 2.5137
6590 3295.0 1.8604 28.7068 1.8604 2.3783 2.5033
6600 3300.0 1.9353 13.5623 1.9353 2.2546 2.5153
6610 3305.0 1.9401 12.7830 1.9401 2.2363 2.4983
6620 3310.0 1.8780 24.6360 1.8780 2.3326 2.4640
6630 3315.0 1.9112 17.8240 1.9112 2.3032 2.4061
6640 3320.0 1.9329 13.9613 1.9329 2.2582 2.4096
6650 3325.0 1.9709 8.3300 1.9709 2.2158 2.4593
6660 3330.0 1.9093 18.1766 1.9093 2.2865 2.4313
6670 3335.0 1.8718 26.0458 1.8718 2.3101 2.4757
6680 3340.0 1.9601 9.7828 1.9601 2.2244 2.5035
6690 3345.0 1.9840 6.7323 1.9840 2.2365 2.5351
6700 3350.0 1.9327 14.0016 1.9327 2.3572 2.4026
6710 3355.0 1.9410 12.6372 1.9410 2.3891 2.3050
6720 3360.0 1.9839 6.7445 1.9839 2.3186 2.3358
6730 3365.0 2.0391 1.8555 2.0391 2.2268 2.4273
6740 3370.0 1.9960 5.4091 1.9960 2.2996 2.3961
6750 3375.0 1.8735 25.6439 1.8735 2.4349 2.3075
6760 3380.0 1.9210 16.0236 1.9210 2.3441 2.3631
6770 3385.0 2.0367 2.0014 2.0367 2.1801 2.4912
6780 3390.0 2.0124 3.8361 2.0124 2.2212 2.4442
6790 3395.0 1.8803 24.1404 1.8803 2.4558 2.2624
6800 3400.0 1.8144 40.7723 1.8144 2.4899 2.3099
6810 3405.0 1.9528 10.8354 1.9528 2.2786 2.5457
6820 3410.0 2.0305 2.4146 2.0305 2.1666 2.5266
6830 3415.0 1.8762 25.0499 1.8762 2.4145 2.3938
6840 3420.0 1.8329 35.6820 1.8329 2.5123 2.2825
6850 3425.0 1.9181 16.5397 1.9181 2.4014 2.3724
6860 3430.0 2.0050 4.5102 2.0050 2.2433 2.4907
6870 3435.0 2.0011 4.8948 2.0011 2.2496 2.5800
6880 3440.0 1.8925 21.5304 1.8925 2.3953 2.4748
6890 3445.0 1.8680 26.9077 1.8680 2.4551 2.4173
6900 3450.0 1.9906 5.9893 1.9906 2.3141 2.4885
6910 3455.0 2.0303 2.4268 2.0303 2.2712 2.4650
6920 3460.0 1.9616 9.5791 1.9616 2.3907 2.3294
6930 3465.0 1.8564 29.6589 1.8564 2.4829 2.2770
6940 3470.0 1.9446 12.0721 1.9446 2.3486 2.4340
6950 3475.0 2.0745 0.3262 2.0745 2.1664 2.4583
6960 3480.0 1.9545 10.5847 1.9545 2.3152 2.4039
6970 3485.0 1.8722 25.9459 1.8722 2.4416 2.3712
6980 3490.0 1.9378 13.1543 1.9378 2.3726 2.4130
6990 3495.0 2.0531 1.1001 2.0531 2.2180 2.4499
7000 3500.0 2.0181 3.3553 2.0181 2.2979 2.3928
7010 3505.0 1.9290 14.6163 1.9290 2.4618 2.2722
7020 3510.0 1.8632 28.0256 1.8632 2.5534 2.2741
7030 3515.0 1.9249 15.3231 1.9249 2.4427 2.4409
7040 3520.0 1.9909 5.9487 1.9909 2.3227 2.4270
7050 3525.0 1.9799 7.2125 1.9799 2.3001 2.4704
7060 3530.0 1.9683 8.6741 1.9683 2.3379 2.5029
7070 3535.0 1.8991 20.1737 1.8991 2.4211 2.3556
7080 3540.0 1.9094 18.1680 1.9094 2.4036 2.3672
7090 3545.0 1.9497 11.2909 1.9497 2.3053 2.5067
7100 3550.0 1.9867 6.4199 1.9867 2.2370 2.4659
7110 3555.0 1.9612 9.6309 1.9612 2.2874 2.4452
7120 3560.0 1.8953 20.9592 1.8953 2.4006 2.3538
7130 3565.0 1.9377 13.1644 1.9377 2.3389 2.3607
7140 3570.0 2.0126 3.8211 2.0126 2.2113 2.4782
7150 3575.0 2.0071 4.3190 2.0071 2.2328 2.4678
7160 3580.0 1.9620 9.5264 1.9620 2.3431 2.3913
7170 3585.0 1.9408 12.6708 1.9408 2.3853 2.3630
7180 3590.0 1.9417 12.5314 1.9417 2.3432 2.4033
7190 3595.0 2.0093 4.1092 2.0093 2.2403 2.4637
7200 3600.0 1.9803 7.1682 1.9803 2.3258 2.3922
7210 3605.0 1.9173 16.6930 1.9173 2.4241 2.3063
7220 3610.0 1.9046 19.0888 1.9046 2.4219 2.3385
7230 3615.0 1.9902 6.0291 1.9902 2.2978 2.4525
7240 3620.0 2.0099 4.0627 2.0099 2.2122 2.5115
7250 3625.0 1.8674 27.0445 1.8674 2.2911 2.4240
7260 3630.0 1.9188 16.4150 1.9188 2.2752 2.4281
7270 3635.0 1.9784 7.3967 1.9784 2.2404 2.4057
7280 3640.0 1.9520 10.9470 1.9520 2.2711 2.3213
7290 3645.0 1.9555 10.4337 1.9555 2.2810 2.4094
7300 3650.0 1.9104 17.9829 1.9104 2.2612 2.4263
7310 3655.0 1.8666 27.2445 1.8666 2.2340 2.3018
7320 3660.0 1.9522 10.9203 1.9522 2.1810 2.4325
7330 3665.0 1.8541 30.2329 1.8541 2.3039 2.4736
7340 3670.0 1.9032 19.3604 1.9032 2.2670 2.5314
7350 3675.0 2.0066 4.3580 2.0066 2.2068 2.3404
7360 3680.0 1.8943 21.1487 1.8943 2.3501 2.1865
7370 3685.0 1.8650 27.6066 1.8650 2.4299 2.2702
7380 3690.0 1.8978 20.4424 1.8978 2.2998 2.4632
7390 3695.0 1.9935 5.6666 1.9935 2.1380 2.5602
7400 3700.0 1.8772 24.8280 1.8772 2.2780 2.5072
7410 3705.0 1.9135 17.3880 1.9135 2.3365 2.4404
7420 3710.0 1.9676 8.7606 1.9676 2.2975 2.3636
7430 3715.0 1.9536 10.7227 1.9536 2.3338 2.3874
7440 3720.0 1.9246 15.3843 1.9246 2.3699 2.4066
7450 3725.0 1.9101 18.0358 1.9101 2.3475 2.4660
7460 3730.0 1.9743 7.9058 1.9743 2.2621 2.4947
7470 3735.0 1.9994 5.0601 1.9994 2.2518 2.4623
7480 3740.0 1.9550 10.5187 1.9550 2.2973 2.3375
7490 3745.0 1.9212 15.9812 1.9212 2.3301 2.2879
7500 3750.0 1.9676 8.7606 1.9676 2.2479 2.3913
7510 3755.0 1.9829 6.8535 1.9829 2.1618 2.4949
7520 3760.0 1.8970 20.5994 1.8970 2.2371 2.3350
7530 3765.0 1.8581 29.2487 1.8581 2.2864 2.3814
7540 3770.0 1.9538 10.6873 1.9538 2.1937 2.4335
7550 3775.0 1.9470 11.6992 1.9470 2.1997 2.4502
7560 3780.0 1.9232 15.6332 1.9232 2.3035 2.4375
7570 3785.0 1.8945 21.1088 1.8945 2.3553 2.3676
7580 3790.0 1.9577 10.1289 1.9577 2.2757 2.4872
7590 3795.0 1.9833 6.8130 1.9833 2.2496 2.5237
7600 3800.0 1.8848 23.1642 1.8848 2.3549 2.3847
7610 3805.0 1.8497 31.3355 1.8497 2.4050 2.3817
7620 3810.0 1.9454 11.9573 1.9454 2.3024 2.4860
7630 3815.0 1.9802 7.1733 1.9802 2.2386 2.5305
7640 3820.0 1.9232 15.6210 1.9232 2.3052 2.4392
7650 3825.0 1.9116 17.7477 1.9116 2.3312 2.3841
7660 3830.0 1.9696 8.5038 1.9696 2.2473 2.4748
7670 3835.0 1.9649 9.1295 1.9649 2.2384 2.5314
7680 3840.0 1.8852 23.0778 1.8852 2.3371 2.4783
7690 3845.0 1.8674 27.0596 1.8674 2.3896 2.4204
7700 3850.0 1.9539 10.6670 1.9539 2.3083 2.4804
7710 3855.0 1.9623 9.4799 1.9623 2.2924 2.4615
7720 3860.0 1.9345 13.6988 1.9345 2.3483 2.4516
7730 3865.0 1.9297 14.5022 1.9297 2.4366 2.4680
7740 3870.0 1.9116 17.7481 1.9116 2.4987 2.4332
7750 3875.0 1.9349 13.6355 1.9349 2.4523 2.4333
7760 3880.0 1.9715 8.2540 1.9715 2.3792 2.3980
7770 3885.0 2.0222 3.0243 2.0222 2.3556 2.5100
7780 3890.0 1.9633 9.3483 1.9633 2.4621 2.4467
7790 3895.0 1.9053 18.9560 1.9053 2.5292 2.3664
7800 3900.0 1.9262 15.1001 1.9262 2.4762 2.3954
7810 3905.0 1.9954 5.4698 1.9954 2.3433 2.4821
7820 3910.0 2.0261 2.7330 2.0261 2.2579 2.5483
7830 3915.0 1.9670 8.8461 1.9670 2.3273 2.4597
7840 3920.0 1.9088 18.2724 1.9088 2.3673 2.3822
7850 3925.0 1.9290 14.6163 1.9290 2.2895 2.3816
7860 3930.0 1.9905 6.0002 1.9905 2.1269 2.4571
7870 3935.0 1.9547 10.5588 1.9547 2.1558 2.3977
7880 3940.0 1.8579 29.3040 1.8579 2.2486 2.3148
7890 3945.0 1.8966 20.6761 1.8966 2.1486 2.4221
7900 3950.0 1.9205 16.1029 1.9205 2.0955 2.4411
7910 3955.0 1.8763 25.0300 1.8763 2.2135 2.3523
7920 3960.0 1.9259 15.1627 1.9259 2.2345 2.3472
7930 3965.0 2.0106 3.9972 2.0106 2.1770 2.4360
7940 3970.0 1.9646 9.1628 1.9646 2.2856 2.3758
7950 3975.0 1.8831 23.5173 1.8831 2.3897 2.3360
7960 3980.0 1.9459 11.8731 1.9459 2.3427 2.4082
7970 3985.0 2.0406 1.7662 2.0406 2.2807 2.4940
7980 3990.0 2.0386 1.8872 2.0386 2.3409 2.4561
7990 3995.0 1.9504 11.1852 1.9504 2.4897 2.3194
8000 4000.0 1.9304 14.3818 1.9304 2.4930 2.2925
8010 4005.0 1.9858 6.5189 1.9858 2.3848 2.3933
8020 4010.0 2.0290 2.5178 2.0290 2.2909 2.4905
8030 4015.0 1.9669 8.8550 1.9669 2.3223 2.4668
8040 4020.0 1.9317 14.1655 1.9317 2.3410 2.4634
8050 4025.0 1.9666 8.8950 1.9666 2.3292 2.4847
8060 4030.0 1.9937 5.6547 1.9937 2.3349 2.4800
8070 4035.0 1.9635 9.3225 1.9635 2.3679 2.4232
8080 4040.0 1.9381 13.1025 1.9381 2.3649 2.3673
8090 4045.0 1.9290 14.6137 1.9290 2.2560 2.3964
8100 4050.0 1.9142 17.2549 1.9142 2.1785 2.4490
8110 4055.0 1.9087 18.2995 1.9087 2.2149 2.4427
8120 4060.0 1.9134 17.4119 1.9134 2.2880 2.4146
8130 4065.0 1.9188 16.4078 1.9188 2.2922 2.4205
8140 4070.0 2.0119 3.8842 2.0119 2.1858 2.4707
8150 4075.0 1.9819 6.9691 1.9819 2.2164 2.4070
8160 4080.0 1.9524 10.9000 1.9524 2.3253 2.3272
8170 4085.0 1.9794 7.2738 1.9794 2.3116 2.3946
8180 4090.0 1.9851 6.6029 1.9851 2.2772 2.4740
8190 4095.0 1.9643 9.2014 1.9643 2.2716 2.4543
8200 4100.0 1.9590 9.9460 1.9590 2.3023 2.4614
8210 4105.0 1.9600 9.8016 1.9600 2.3552 2.4326
8220 4110.0 1.9512 11.0774 1.9512 2.3738 2.3555
8230 4115.0 1.9473 11.6646 1.9473 2.3095 2.3723
8240 4120.0 1.9846 6.6545 1.9846 2.2568 2.4232
8250 4125.0 1.9908 5.9630 1.9908 2.2863 2.4327
8260 4130.0 1.9097 18.1094 1.9097 2.3944 2.3803
8270 4135.0 1.9211 16.0073 1.9211 2.3531 2.3814
8280 4140.0 2.0088 4.1615 2.0088 2.2299 2.3445
8290 4145.0 2.0123 3.8425 2.0123 2.2180 2.4052
8300 4150.0 1.9151 17.0891 1.9151 2.3676 2.2864
8310 4155.0 1.9109 17.8740 1.9109 2.3620 2.3272
8320 4160.0 2.0078 4.2490 2.0078 2.2582 2.4402
8330 4165.0 2.0516 1.1696 2.0516 2.2279 2.4962
8340 4170.0 1.9303 14.4020 1.9303 2.3825 2.3949
8350 4175.0 1.8802 24.1468 1.8802 2.4521 2.4021
8360 4180.0 1.9479 11.5665 1.9479 2.4145 2.4687
8370 4185.0 1.9926 5.7705 1.9926 2.3340 2.4537
8380 4190.0 1.9770 7.5647 1.9770 2.3277 2.4337
8390 4195.0 1.9551 10.4976 1.9551 2.3551 2.4779
8400 4200.0 1.9336 13.8478 1.9336 2.3837 2.4185
8410 4205.0 1.9207 16.0803 1.9207 2.3919 2.4028
8420 4210.0 1.9531 10.7839 1.9531 2.3487 2.4288
8430 4215.0 1.9407 12.6944 1.9407 2.3405 2.5291
8440 4220.0 1.9652 9.0837 1.9652 2.2979 2.5526
8450 4225.0 1.9888 6.1801 1.9888 2.3158 2.4813
8460 4230.0 1.9659 8.9961 1.9659 2.3469 2.3974
8470 4235.0 1.9723 8.1512 1.9723 2.3541 2.3815
8480 4240.0 2.0075 4.2800 2.0075 2.3171 2.4458
8490 4245.0 2.0058 4.4350 2.0058 2.2911 2.5407
8500 4250.0 1.9542 10.6297 1.9542 2.3483 2.4517
8510 4255.0 2.0011 4.8893 2.0011 2.3324 2.4830
8520 4260.0 2.0426 1.6494 2.0426 2.3287 2.4361
8530 4265.0 2.0405 1.7727 2.0405 2.3041 2.4382
8540 4270.0 1.9971 5.2960 1.9971 2.3678 2.4453
8550 4275.0 1.9391 12.9420 1.9391 2.3659 2.4580
8560 4280.0 1.9669 8.8530 1.9669 2.2918 2.4761
8570 4285.0 2.0192 3.2667 2.0192 2.2519 2.5555
8580 4290.0 1.9579 10.0925 1.9579 2.3408 2.4155
8590 4295.0 1.8958 20.8509 1.8958 2.4090 2.3261
8600 4300.0 1.9194 16.3147 1.9194 2.3016 2.4238
8610 4305.0 1.9537 10.6982 1.9537 2.1816 2.4807
8620 4310.0 1.8969 20.6308 1.8969 2.2340 2.4601
8630 4315.0 1.8909 21.8714 1.8909 2.2969 2.3382
8640 4320.0 1.8675 27.0292 1.8675 2.3070 2.2284
8650 4325.0 1.8949 21.0281 1.8949 2.3299 2.3469
8660 4330.0 1.8876 22.5647 1.8876 2.3184 2.4824
8670 4335.0 1.9598 9.8214 1.9598 2.2469 2.4271
8680 4340.0 2.0021 4.7906 2.0021 2.1641 2.5048
8690 4345.0 1.9141 17.2717 1.9141 2.2634 2.4051
8700 4350.0 1.8941 21.1992 1.8941 2.3888 2.4075
8710 4355.0 1.8415 33.4230 1.8415 2.4486 2.3556
8720 4360.0 1.9825 6.9007 1.9825 2.2756 2.3464
8730 4365.0 2.0516 1.1725 2.0516 2.1772 2.2822
8740 4370.0 1.9249 15.3361 1.9249 2.3547 2.2451
8750 4375.0 1.8860 22.8897 1.8860 2.4678 2.3518
8760 4380.0 1.8810 23.9794 1.8810 2.4936 2.3728
8770 4385.0 1.9553 10.4735 1.9553 2.3656 2.4073
8780 4390.0 2.0097 4.0760 2.0097 2.2624 2.4793
8790 4395.0 1.9627 9.4273 1.9627 2.2809 2.3431
8800 4400.0 1.8358 34.9130 1.8358 2.4007 2.2950
8810 4405.0 1.9211 16.0089 1.9211 2.2697 2.3999
8820 4410.0 1.9811 7.0673 1.9811 2.1560 2.4969
8830 4415.0 1.9342 13.7469 1.9342 2.2289 2.4103
8840 4420.0 1.9242 15.4516 1.9242 2.3195 2.2992
8850 4425.0 1.9456 11.9125 1.9456 2.2881 2.3500
8860 4430.0 1.9476 11.6104 1.9476 2.2730 2.3861
8870 4435.0 1.9256 15.2163 1.9256 2.2767 2.5046
8880 4440.0 1.8667 27.2191 1.8667 2.3266 2.4066
8890 4445.0 1.8682 26.8767 1.8682 2.3150 2.3629
8900 4450.0 1.9606 9.7187 1.9606 2.2039 2.4421
8910 4455.0 1.9317 14.1557 1.9317 2.2469 2.4907
8920 4460.0 1.8903 21.9818 1.8903 2.3250 2.4071
8930 4465.0 1.9402 12.7731 1.9402 2.2839 2.3838
8940 4470.0 1.9850 6.6166 1.9850 2.1508 2.4686
8950 4475.0 1.8964 20.7190 1.8964 2.2163 2.4796
8960 4480.0 1.8810 23.9849 1.8810 2.2646 2.3691
8970 4485.0 1.9348 13.6374 1.9348 2.2212 2.3120
8980 4490.0 1.9503 11.1985 1.9503 2.2150 2.3503
8990 4495.0 1.9019 19.6311 1.9019 2.2629 2.4374
9000 4500.0 1.9414 12.5787 1.9414 2.2311 2.4460
9010 4505.0 1.9786 7.3698 1.9786 2.2370 2.4075
9020 4510.0 1.9281 14.7792 1.9281 2.3328 2.3356
9030 4515.0 1.9078 18.4757 1.9078 2.3488 2.3485
9040 4520.0 1.9186 16.4482 1.9186 2.3030 2.4443
9050 4525.0 1.9251 15.2990 1.9251 2.2189 2.5393
9060 4530.0 1.8640 27.8550 1.8640 2.2580 2.5198
9070 4535.0 1.8755 25.2041 1.8755 2.2647 2.5095
9080 4540.0 1.9339 13.7976 1.9339 2.2310 2.5198
9090 4545.0 1.9260 15.1302 1.9260 2.2695 2.4669
9100 4550.0 1.8891 22.2364 1.8891 2.3109 2.4307
9110 4555.0 1.8708 26.2721 1.8708 2.2877 2.4858
9120 4560.0 1.9288 14.6550 1.9288 2.1888 2.5265
9130 4565.0 1.8998 20.0365 1.8998 2.2462 2.5349
9140 4570.0 1.8875 22.5808 1.8875 2.3258 2.4780
9150 4575.0 1.9049 19.0402 1.9049 2.3898 2.3842
9160 4580.0 1.9800 7.1970 1.9800 2.3363 2.4258
9170 4585.0 1.9942 5.5991 1.9942 2.3501 2.4850
9180 4590.0 1.9810 7.0773 1.9810 2.3777 2.3878
9190 4595.0 1.9751 7.7994 1.9751 2.4448 2.3950
9200 4600.0 2.0053 4.4838 2.0053 2.4415 2.4913
9210 4605.0 1.9544 10.6050 1.9544 2.4854 2.3955
9220 4610.0 1.9494 11.3387 1.9494 2.4642 2.3524
9230 4615.0 2.0150 3.6118 2.0150 2.4458 2.4686
9240 4620.0 2.0097 4.0753 2.0097 2.4454 2.4527
9250 4625.0 1.9526 10.8578 1.9526 2.5099 2.3953
9260 4630.0 1.9706 8.3743 1.9706 2.4533 2.4303
9270 4635.0 1.9786 7.3685 1.9786 2.3583 2.3802
9280 4640.0 2.0180 3.3628 2.0180 2.2358 2.3696
9290 4645.0 1.9973 5.2784 1.9973 2.2580 2.4696
9300 4650.0 1.9194 16.3128 1.9194 2.3042 2.4014
9310 4655.0 1.9172 16.7020 1.9172 2.2598 2.3441
9320 4660.0 1.9819 6.9744 1.9819 2.1623 2.4063
9330 4665.0 1.9654 9.0642 1.9654 2.2131 2.4755
9340 4670.0 1.9362 13.4209 1.9362 2.2769 2.4206
9350 4675.0 1.9440 12.1670 1.9440 2.2618 2.4415
9360 4680.0 1.9617 9.5585 1.9617 2.2498 2.4626
9370 4685.0 1.9272 14.9368 1.9272 2.3251 2.4601
9380 4690.0 1.9040 19.2122 1.9040 2.3730 2.3942
9390 4695.0 1.9098 18.0899 1.9098 2.3602 2.4038
9400 4700.0 1.9601 9.7797 1.9601 2.2966 2.5124
9410 4705.0 1.9971 5.2987 1.9971 2.2282 2.5840
9420 4710.0 1.9291 14.6056 1.9291 2.3195 2.4874
9430 4715.0 1.8651 27.5859 1.8651 2.4197 2.4865
9440 4720.0 1.9169 16.7553 1.9169 2.3960 2.4581
9450 4725.0 1.9766 7.6193 1.9766 2.2961 2.4424
9460 4730.0 1.9692 8.5561 1.9692 2.3088 2.3947
9470 4735.0 1.9301 14.4361 1.9301 2.4233 2.4278
9480 4740.0 1.9204 16.1279 1.9204 2.4506 2.4618
9490 4745.0 1.9438 12.2057 1.9438 2.4156 2.4929
9500 4750.0 1.9245 15.3997 1.9245 2.4326 2.3913
9510 4755.0 1.9711 8.3067 1.9711 2.4484 2.4655
9520 4760.0 2.0052 4.4940 2.0052 2.5014 2.4578
9530 4765.0 1.9407 12.6894 1.9407 2.5963 2.3546
9540 4770.0 1.9444 12.0984 1.9444 2.6271 2.3680
9550 4775.0 1.9851 6.6035 1.9851 2.5855 2.3337
9560 4780.0 1.9485 11.4737 1.9485 2.6363 2.2850
9570 4785.0 1.9306 14.3525 1.9306 2.6762 2.3010
9580 4790.0 1.9709 8.3398 1.9709 2.6559 2.3526
9590 4795.0 2.0108 3.9828 2.0108 2.5791 2.3842
9600 4800.0 1.9741 7.9289 1.9741 2.4960 2.3989
9610 4805.0 1.9838 6.7566 1.9838 2.3658 2.4575
9620 4810.0 2.0372 1.9731 2.0372 2.3053 2.4789
9630 4815.0 2.0319 2.3156 2.0319 2.3460 2.3793
9640 4820.0 1.9882 6.2465 1.9882 2.4052 2.2860
9650 4825.0 1.9717 8.2311 1.9717 2.3853 2.3074
9660 4830.0 1.9947 5.5492 1.9947 2.3022 2.4122
9670 4835.0 2.0200 3.2003 2.0200 2.2133 2.4631
9680 4840.0 1.9511 11.0830 1.9511 2.2804 2.4206
9690 4845.0 1.9471 11.6838 1.9471 2.2827 2.3929
9700 4850.0 1.9480 11.5529 1.9480 2.2375 2.4008
9710 4855.0 1.9539 10.6664 1.9539 2.2503 2.4004
9720 4860.0 1.9522 10.9197 1.9522 2.3287 2.4545
9730 4865.0 1.9018 19.6334 1.9018 2.3716 2.4077
9740 4870.0 1.9833 6.8113 1.9833 2.2854 2.4805
9750 4875.0 2.0167 3.4659 2.0167 2.2677 2.5152
9760 4880.0 1.9536 10.7130 1.9536 2.3587 2.3682
9770 4885.0 1.9254 15.2373 1.9254 2.4239 2.2902
9780 4890.0 1.9648 9.1389 1.9648 2.3750 2.3856
9790 4895.0 2.0209 3.1283 2.0209 2.2970 2.5211
9800 4900.0 2.0135 3.7447 2.0135 2.3163 2.5153
9810 4905.0 1.9489 11.4186 1.9489 2.4157 2.3854
9820 4910.0 1.9390 12.9530 1.9390 2.4309 2.3053
9830 4915.0 1.9728 8.0909 1.9728 2.3603 2.3582
9840 4920.0 2.0207 3.1462 2.0207 2.2724 2.4756
9850 4925.0 1.9902 6.0249 1.9902 2.2570 2.4731
9860 4930.0 1.9118 17.7103 1.9118 2.3116 2.3659
9870 4935.0 1.8784 24.5637 1.8784 2.3521 2.3970
9880 4940.0 1.9308 14.3071 1.9308 2.3516 2.4372
9890 4945.0 1.9639 9.2582 1.9639 2.3651 2.4085
9900 4950.0 1.9111 17.8356 1.9111 2.3489 2.4441
9910 4955.0 1.9590 9.9452 1.9590 2.2707 2.4663
9920 4960.0 2.0285 2.5580 2.0285 2.2349 2.4867
9930 4965.0 1.9799 7.2098 1.9799 2.3490 2.3498
9940 4970.0 1.9444 12.1093 1.9444 2.3857 2.3121
9950 4975.0 2.0224 3.0094 2.0224 2.2648 2.4450
9960 4980.0 2.0238 2.9040 2.0238 2.2436 2.4745
9970 4985.0 1.9188 16.4099 1.9188 2.3799 2.3665
9980 4990.0 1.9210 16.0294 1.9210 2.4022 2.3204
9990 4995.0 1.9999 5.0059 1.9999 2.3189 2.3668
10000 5000.0 2.0271 2.6557 2.0271 2.2872 2.4158
10010 5005.0 1.9626 9.4396 1.9626 2.3655 2.4162
10020 5010.0 1.9304 14.3827 1.9304 2.3833 2.4664
10030 5015.0 1.9735 7.9969 1.9735 2.3127 2.5061
10040 5020.0 1.9671 8.8329 1.9671 2.2702 2.4570
10050 5025.0 1.9212 15.9774 1.9212 2.2854 2.3823
10060 5030.0 1.9175 16.6550 1.9175 2.3394 2.3471
10070 5035.0 1.9275 14.8785 1.9275 2.3105 2.3520
10080 5040.0 2.0286 2.5517 2.0286 2.1528 2.4289
10090 5045.0 2.0303 2.4286 2.0303 2.1425 2.4053
10100 5050.0 1.9545 10.5803 1.9545 2.2703 2.2918
10110 5055.0 1.9558 10.3979 1.9558 2.2807 2.3176
10120 5060.0 2.0526 1.1215 2.0526 2.1759 2.4466
10130 5065.0 2.0277 2.6136 2.0277 2.2515 2.4418
10140 5070.0 1.9330 13.9479 1.9330 2.4258 2.3261
10150 5075.0 1.9452 11.9869 1.9452 2.4093 2.3775
10160 5080.0 2.0106 3.9995 2.0106 2.2928 2.5040
10170 5085.0 2.0372 1.9748 2.0372 2.2968 2.5214
10180 5090.0 1.9563 10.3211 1.9563 2.4248 2.4748
10190 5095.0 1.8928 21.4699 1.8928 2.5221 2.3941
10200 5100.0 1.8920 21.6334 1.8920 2.4656 2.3754
10210 5105.0 1.9394 12.8963 1.9394 2.3275 2.4743
10220 5110.0 2.0010 4.9019 2.0010 2.2157 2.5143
10230 5115.0 1.9317 14.1671 1.9317 2.2522 2.4501
10240 5120.0 1.8951 20.9863 1.8951 2.2801 2.4735
10250 5125.0 1.9400 12.7942 1.9400 2.2271 2.4252
10260 5130.0 1.9002 19.9556 1.9002 2.1728 2.3796
10270 5135.0 1.9471 11.6828 1.9471 2.2493 2.4133
10280 5140.0 1.8663 27.2971 1.8663 2.3370 2.3038
10290 5145.0 1.9634 9.3248 1.9634 2.2202 2.3702
10300 5150.0 2.0465 1.4300 2.0465 2.1537 2.4876
10310 5155.0 1.8832 23.5110 1.8832 2.4039 2.3493
10320 5160.0 1.8311 36.1500 1.8311 2.5703 2.2509
10330 5165.0 1.8881 22.4586 1.8881 2.5250 2.3773
10340 5170.0 2.0155 3.5700 2.0155 2.3226 2.4107
10350 5175.0 2.0669 0.5485 2.0669 2.2541 2.4224
10360 5180.0 1.9623 9.4866 1.9623 2.4184 2.4323
10370 5185.0 1.9000 19.9994 1.9000 2.5597 2.3062
10380 5190.0 1.9073 18.5671 1.9073 2.5372 2.3173
10390 5195.0 1.9664 8.9210 1.9664 2.4000 2.3769
10400 5200.0 2.0570 0.9231 2.0570 2.2681 2.3671
10410 5205.0 2.0171 3.4341 2.0171 2.3159 2.3220
10420 5210.0 1.9431 12.3030 1.9431 2.3997 2.3828
10430 5215.0 1.9737 7.9760 1.9737 2.3708 2.3747
10440 5220.0 1.9901 6.0353 1.9901 2.3016 2.3402
10450 5225.0 2.0356 2.0728 2.0356 2.2060 2.3273
10460 5230.0 2.0339 2.1817 2.0339 2.2515 2.4344
10470 5235.0 1.9067 18.6911 1.9067 2.3949 2.3471
10480 5240.0 1.8994 20.1287 1.8994 2.3795 2.4008
10490 5245.0 2.0138 3.7148 2.0138 2.2639 2.5077
10500 5250.0 2.0022 4.7848 2.0022 2.2613 2.4915
10510 5255.0 1.8990 20.2059 1.8990 2.3654 2.4195
10520 5260.0 1.9209 16.0298 1.9209 2.4070 2.3842
10530 5265.0 1.9425 12.3990 1.9425 2.3864 2.4305
10540 5270.0 1.9608 9.6838 1.9608 2.3570 2.3935
10550 5275.0 1.9820 6.9629 1.9820 2.3643 2.5221
10560 5280.0 1.9218 15.8725 1.9218 2.4187 2.5326
10570 5285.0 1.8738 25.5839 1.8738 2.4413 2.4806
10580 5290.0 1.9426 12.3879 1.9426 2.4061 2.5014
10590 5295.0 2.0165 3.4853 2.0165 2.3550 2.5286
10600 5300.0 1.9741 7.9202 1.9741 2.3947 2.4687
10610 5305.0 1.9178 16.5954 1.9178 2.4485 2.4330
10620 5310.0 1.9168 16.7787 1.9168 2.4190 2.4074
10630 5315.0 1.9676 8.7709 1.9676 2.3132 2.4446
10640 5320.0 1.9669 8.8597 1.9669 2.2404 2.4312
10650 5325.0 1.9539 10.6688 1.9539 2.2868 2.4103
10660 5330.0 1.9388 12.9896 1.9388 2.3636 2.3388
10670 5335.0 1.9120 17.6762 1.9120 2.3380 2.3978
10680 5340.0 1.9466 11.7656 1.9466 2.2335 2.4357
10690 5345.0 1.9809 7.0973 1.9809 2.1907 2.4584
10700 5350.0 1.9358 13.4842 1.9358 2.2850 2.4056
10710 5355.0 1.8996 20.0789 1.8996 2.3873 2.2829
10720 5360.0 1.9368 13.3129 1.9368 2.3422 2.3390
10730 5365.0 2.0110 3.9590 2.0110 2.2051 2.4451
10740 5370.0 1.9927 5.7516 1.9927 2.2239 2.5125
10750 5375.0 1.8735 25.6487 1.8735 2.4053 2.3376
10760 5380.0 1.8411 33.5128 1.8411 2.4740 2.3314
10770 5385.0 2.0126 3.8220 2.0126 2.2707 2.5445
10780 5390.0 2.0395 1.8293 2.0395 2.2143 2.4793
10790 5395.0 1.9224 15.7751 1.9224 2.3752 2.3516
10800 5400.0 1.8973 20.5413 1.8973 2.4612 2.2191
10810 5405.0 1.9460 11.8561 1.9460 2.3527 2.3078
10820 5410.0 1.9690 8.5779 1.9690 2.1938 2.4775
10830 5415.0 1.9109 17.8745 1.9109 2.1722 2.4247
10840 5420.0 1.8839 23.3436 1.8839 2.2063 2.4044
10850 5425.0 1.8984 20.3190 1.8984 2.1914 2.4241
10860 5430.0 1.9215 15.9284 1.9215 2.1552 2.3452
10870 5435.0 1.9849 6.6268 1.9849 2.1725 2.3542
10880 5440.0 1.9477 11.5967 1.9477 2.2748 2.3352
10890 5445.0 1.9004 19.9139 1.9004 2.3061 2.3013
10900 5450.0 1.9706 8.3684 1.9706 2.2218 2.3947
10910 5455.0 1.9580 10.0853 1.9580 2.2522 2.4347
10920 5460.0 1.8328 35.6985 1.8328 2.3811 2.4093
10930 5465.0 1.9776 7.4954 1.9776 2.3237 2.4260
10940 5470.0 2.0157 3.5514 2.0157 2.2805 2.3591
10950 5475.0 1.9910 5.9378 1.9910 2.2717 2.2909
10960 5480.0 2.0080 4.2332 2.0080 2.2668 2.3626
10970 5485.0 1.9758 7.7126 1.9758 2.3421 2.4156
10980 5490.0 1.8911 21.8171 1.8911 2.4273 2.3585
10990 5495.0 1.9555 10.4388 1.9555 2.3788 2.3780
11000 5500.0 2.0301 2.4458 2.0301 2.2960 2.5026
11010 5505.0 1.9323 14.0549 1.9323 2.3459 2.4682
11020 5510.0 1.8394 33.9576 1.8394 2.3779 2.4249
11030 5515.0 1.8945 21.1197 1.8945 2.3219 2.4462
11040 5520.0 1.9964 5.3615 1.9964 2.2960 2.3872
11050 5525.0 1.9595 9.8757 1.9595 2.4006 2.3033
11060 5530.0 1.8390 34.0704 1.8390 2.5500 2.3814
11070 5535.0 1.8995 20.0920 1.8995 2.4994 2.3945
11080 5540.0 1.9868 6.4057 1.9868 2.3760 2.4317
11090 5545.0 1.9231 15.6551 1.9231 2.3632 2.3628
11100 5550.0 1.8562 29.7102 1.8562 2.4320 2.4436
11110 5555.0 1.8557 29.8292 1.8557 2.4250 2.3691
11120 5560.0 1.9889 6.1685 1.9889 2.2935 2.4718
11130 5565.0 1.9731 8.0531 1.9731 2.3056 2.4606
11140 5570.0 1.8591 29.0178 1.8591 2.4673 2.4014
11150 5575.0 1.8893 22.2011 1.8893 2.6102 2.3809
11160 5580.0 1.8767 24.9280 1.8767 2.6482 2.3704
11170 5585.0 1.9626 9.4328 1.9626 2.4942 2.3478
11180 5590.0 2.0761 0.2858 2.0761 2.3283 2.3989
11190 5595.0 1.9823 6.9322 1.9823 2.4054 2.4407
11200 5600.0 1.8451 32.4957 1.8451 2.5793 2.3733
11210 5605.0 1.9049 19.0382 1.9049 2.5473 2.3101
11220 5610.0 1.9635 9.3224 1.9635 2.4182 2.3502
11230 5615.0 2.0389 1.8693 2.0389 2.3332 2.3931
11240 5620.0 1.9831 6.8318 1.9831 2.4150 2.4813
11250 5625.0 1.8561 29.7503 1.8561 2.5911 2.4755
11260 5630.0 1.8805 24.0907 1.8805 2.5866 2.4176
11270 5635.0 1.9885 6.2179 1.9885 2.4666 2.5076
11280 5640.0 1.9719 8.1995 1.9719 2.4242 2.4920
11290 5645.0 1.8975 20.5029 1.8975 2.4382 2.4318
11300 5650.0 1.9424 12.4220 1.9424 2.4339 2.4339
11310 5655.0 1.9781 7.4264 1.9781 2.4248 2.4798
11320 5660.0 1.8898 22.0975 1.8898 2.4821 2.4018
11330 5665.0 1.8725 25.8783 1.8725 2.4657 2.4870
11340 5670.0 1.9258 15.1778 1.9258 2.3349 2.5386
11350 5675.0 1.9934 5.6846 1.9934 2.2485 2.5000
11360 5680.0 1.9412 12.6151 1.9412 2.3163 2.3953
11370 5685.0 1.8755 25.1891 1.8755 2.3766 2.3101
11380 5690.0 1.9276 14.8686 1.9276 2.3197 2.3664
11390 5695.0 2.0063 4.3878 2.0063 2.2175 2.3560
11400 5700.0 1.9958 5.4251 1.9958 2.2359 2.2609
11410 5705.0 1.9656 9.0365 1.9656 2.3000 2.2820
11420 5710.0 1.9932 5.7004 1.9932 2.3083 2.3520
11430 5715.0 2.0106 3.9977 2.0106 2.2985 2.4366
11440 5720.0 1.9719 8.1995 1.9719 2.2952 2.3490
11450 5725.0 1.9345 13.6911 1.9345 2.2471 2.3689
11460 5730.0 1.9859 6.5111 1.9859 2.1622 2.4087
11470 5735.0 1.9939 5.6257 1.9939 2.1884 2.3852
11480 5740.0 1.9764 7.6424 1.9764 2.3040 2.2709
11490 5745.0 1.9770 7.5623 1.9770 2.3147 2.2823
11500 5750.0 1.9821 6.9526 1.9821 2.2437 2.4073
11510 5755.0 2.0201 3.1916 2.0201 2.1742 2.4312
11520 5760.0 1.9529 10.8189 1.9529 2.2609 2.3805
11530 5765.0 1.9216 15.9155 1.9216 2.2962 2.3526
11540 5770.0 1.9863 6.4597 1.9863 2.2242 2.3147
11550 5775.0 2.0043 4.5811 2.0043 2.2181 2.2895
11560 5780.0 1.9394 12.8926 1.9394 2.3211 2.3363
11570 5785.0 1.8944 21.1387 1.8944 2.3939 2.3695
11580 5790.0 1.9289 14.6319 1.9289 2.3471 2.3750
11590 5795.0 1.9555 10.4444 1.9555 2.3175 2.4037
11600 5800.0 1.9500 11.2427 1.9500 2.3204 2.4434
11610 5805.0 1.8940 21.2230 1.8940 2.4001 2.4792
11620 5810.0 1.9098 18.0897 1.9098 2.3652 2.4516
11630 5815.0 1.9818 6.9915 1.9818 2.2700 2.4405
11640 5820.0 1.9958 5.4279 1.9958 2.2472 2.4016
11650 5825.0 1.9557 10.4079 1.9557 2.2974 2.2756
11660 5830.0 1.9777 7.4820 1.9777 2.2319 2.3081
11670 5835.0 2.0034 4.6699 2.0034 2.1517 2.4095
11680 5840.0 1.9503 11.2011 1.9503 2.1822 2.4049
11690 5845.0 1.9254 15.2363 1.9254 2.2614 2.3511
11700 5850.0 1.9969 5.3188 1.9969 2.2128 2.2513
11710 5855.0 1.9953 5.4767 1.9953 2.2278 2.2154
11720 5860.0 1.9538 10.6880 1.9538 2.2943 2.3324
11730 5865.0 1.9181 16.5368 1.9181 2.2739 2.3697
11740 5870.0 1.9865 6.4383 1.9865 2.1584 2.4288
11750 5875.0 1.9611 9.6397 1.9611 2.2167 2.4047
11760 5880.0 1.9398 12.8322 1.9398 2.3298 2.3429
11770 5885.0 1.9672 8.8235 1.9672 2.3737 2.3091
11780 5890.0 1.9507 11.1504 1.9507 2.3999 2.3445
11790 5895.0 1.9940 5.6227 1.9940 2.3413 2.4549
11800 5900.0 2.0065 4.3696 2.0065 2.3561 2.5002
11810 5905.0 1.9251 15.3019 1.9251 2.4601 2.4347
11820 5910.0 1.9332 13.9114 1.9332 2.4830 2.3857
11830 5915.0 1.9752 7.7925 1.9752 2.4274 2.4024
11840 5920.0 2.0077 4.2602 2.0077 2.3456 2.4712
11850 5925.0 2.0063 4.3871 2.0063 2.3225 2.4968
11860 5930.0 1.9260 15.1297 1.9260 2.3985 2.4256
11870 5935.0 1.9053 18.9454 1.9053 2.3953 2.3965
11880 5940.0 1.9619 9.5321 1.9619 2.2723 2.4639
11890 5945.0 1.9280 14.7853 1.9280 2.2434 2.4681
11900 5950.0 1.9204 16.1274 1.9204 2.3111 2.4081
11910 5955.0 1.9080 18.4376 1.9080 2.3397 2.4299
11920 5960.0 1.9877 6.3101 1.9877 2.2365 2.5248
11930 5965.0 1.9641 9.2308 1.9641 2.2693 2.5338
11940 5970.0 1.8674 27.0601 1.8674 2.3795 2.4388
11950 5975.0 1.8856 22.9798 1.8856 2.4049 2.4215
11960 5980.0 1.9863 6.4661 1.9863 2.3135 2.5228
11970 5985.0 2.0017 4.8268 2.0017 2.3514 2.4478
11980 5990.0 1.9524 10.8920 1.9524 2.4737 2.4819
11990 5995.0 1.8982 20.3610 1.8982 2.5626 2.4751
12000 6000.0 1.9144 17.2289 1.9144 2.5238 2.5411
12010 6005.0 1.9703 8.4151 1.9703 2.4956 2.5004
12020 6010.0 1.9311 14.2711 1.9311 2.5241 2.4606
12030 6015.0 1.9009 19.8123 1.9009 2.6078 2.4624
12040 6020.0 1.8335 35.5056 1.8335 2.6711 2.3916
12050 6025.0 1.8970 20.6065 1.8970 2.5973 2.4433
12060 6030.0 1.9688 8.6121 1.9688 2.4571 2.4084
12070 6035.0 1.9786 7.3668 1.9786 2.4018 2.3780
12080 6040.0 1.9730 8.0671 1.9730 2.4326 2.4538
12090 6045.0 1.8969 20.6229 1.8969 2.4833 2.3676
12100 6050.0 1.9469 11.7209 1.9469 2.3780 2.4223
12110 6055.0 2.0401 1.7935 2.0401 2.2414 2.5274
12120 6060.0 1.9680 8.7172 1.9680 2.3039 2.4645
12130 6065.0 1.8981 20.3887 1.8981 2.3795 2.3374
12140 6070.0 1.9202 16.1658 1.9202 2.2979 2.3565
12150 6075.0 1.9446 12.0820 1.9446 2.2376 2.4215
12160 6080.0 1.9472 11.6714 1.9472 2.2064 2.4383
12170 6085.0 1.9297 14.4935 1.9297 2.2111 2.4326
12180 6090.0 1.9221 15.8267 1.9221 2.2203 2.4554
12190 6095.0 1.9053 18.9622 1.9053 2.2547 2.4275
12200 6100.0 1.9001 19.9811 1.9001 2.3019 2.4213
12210 6105.0 1.9169 16.7583 1.9169 2.3236 2.4547
12220 6110.0 1.9274 14.8984 1.9274 2.3739 2.4636
12230 6115.0 1.9480 11.5463 1.9480 2.3921 2.4967
12240 6120.0 1.9738 7.9599 1.9738 2.3872 2.5361
12250 6125.0 1.9631 9.3705 1.9631 2.4240 2.5136
12260 6130.0 1.9460 11.8578 1.9460 2.4771 2.4847
12270 6135.0 1.9622 9.4989 1.9622 2.4739 2.4981
12280 6140.0 1.9649 9.1281 1.9649 2.4818 2.4936
12290 6145.0 1.9521 10.9306 1.9521 2.4997 2.4754
12300 6150.0 1.9523 10.9124 1.9523 2.5002 2.4690
12310 6155.0 2.0106 3.9923 2.0106 2.4421 2.4741
12320 6160.0 2.0170 3.4457 2.0170 2.4386 2.4493
12330 6165.0 1.9741 7.9279 1.9741 2.5163 2.3822
12340 6170.0 1.9180 16.5662 1.9180 2.6028 2.3113
12350 6175.0 1.9299 14.4729 1.9299 2.5884 2.3303
12360 6180.0 2.0011 4.8861 2.0011 2.4833 2.4069
12370 6185.0 2.0366 2.0091 2.0366 2.4006 2.4592
12380 6190.0 2.0402 1.7889 2.0402 2.3515 2.4892
12390 6195.0 1.9886 6.2014 1.9886 2.4365 2.4193
12400 6200.0 1.9319 14.1256 1.9319 2.5328 2.3395
12410 6205.0 1.9260 15.1430 1.9260 2.5311 2.3518
12420 6210.0 1.9609 9.6717 1.9609 2.4494 2.4344
12430 6215.0 2.0015 4.8550 2.0015 2.3476 2.5238
12440 6220.0 1.9545 10.5894 1.9545 2.3524 2.5497
12450 6225.0 1.8908 21.8921 1.8908 2.4125 2.4672
12460 6230.0 1.9058 18.8590 1.9058 2.4124 2.4337
12470 6235.0 1.9398 12.8393 1.9398 2.3843 2.4287
12480 6240.0 1.9330 13.9474 1.9330 2.4207 2.4056
12490 6245.0 1.8473 31.9261 1.8473 2.5529 2.4783
12500 6250.0 1.8553 29.9353 1.8553 2.5857 2.4886
12510 6255.0 1.9310 14.2809 1.9310 2.5434 2.5071
12520 6260.0 1.8997 20.0593 1.8997 2.6058 2.4678
12530 6265.0 1.8760 25.0976 1.8760 2.7089 2.3776
12540 6270.0 1.8575 29.4111 1.8575 2.7572 2.3441
12550 6275.0 1.9250 15.3150 1.9250 2.6483 2.4229
12560 6280.0 1.9530 10.8048 1.9530 2.5778 2.4495
12570 6285.0 1.9158 16.9657 1.9158 2.5799 2.3933
12580 6290.0 1.9078 18.4668 1.9078 2.6020 2.3486
12590 6295.0 1.9285 14.7032 1.9285 2.5836 2.3663
12600 6300.0 1.9459 11.8765 1.9459 2.5225 2.4444
12610 6305.0 1.9767 7.5969 1.9767 2.4007 2.5147
12620 6310.0 1.9632 9.3584 1.9632 2.3200 2.5285
12630 6315.0 1.9464 11.7941 1.9464 2.2994 2.4766
12640 6320.0 1.9589 9.9557 1.9589 2.3446 2.4112
12650 6325.0 1.9632 9.3578 1.9632 2.3592 2.4048
12660 6330.0 1.9882 6.2489 1.9882 2.2890 2.4590
12670 6335.0 1.9393 12.9195 1.9393 2.2465 2.4318
12680 6340.0 1.8557 29.8404 1.8557 2.3428 2.3404
12690 6345.0 1.8957 20.8658 1.8957 2.3644 2.4657
12700 6350.0 1.9659 8.9946 1.9659 2.3472 2.4691
12710 6355.0 1.9486 11.4575 1.9486 2.3310 2.3930
12720 6360.0 1.9701 8.4352 1.9701 2.2893 2.4320
12730 6365.0 1.8980 20.3922 1.8980 2.2803 2.4347
12740 6370.0 1.8869 22.7101 1.8869 2.2736 2.4716
12750 6375.0 1.8944 21.1259 1.8944 2.2514 2.5061
12760 6380.0 1.9430 12.3185 1.9430 2.1707 2.5126
12770 6385.0 1.8934 21.3513 1.8934 2.2126 2.4111
12780 6390.0 1.8453 32.4478 1.8453 2.2670 2.2974
12790 6395.0 1.9379 13.1416 1.9379 2.1330 2.3899
12800 6400.0 1.9685 8.6430 1.9685 2.0955 2.4448
12810 6405.0 1.8897 22.1054 1.8897 2.2320 2.3833
12820 6410.0 1.8625 28.2097 1.8625 2.2938 2.3711
12830 6415.0 1.9260 15.1311 1.9260 2.2143 2.4455
12840 6420.0 1.9712 8.2987 1.9712 2.2144 2.4563
12850 6425.0 1.9476 11.6183 1.9476 2.3860 2.3306
12860 6430.0 1.9673 8.7988 1.9673 2.5110 2.2618
12870 6435.0 1.9866 6.4348 1.9866 2.5603 2.2878
12880 6440.0 2.0302 2.4326 2.0302 2.5436 2.3775
12890 6445.0 2.0034 4.6667 2.0034 2.5733 2.4117
12900 6450.0 1.9007 19.8578 1.9007 2.6886 2.3642
12910 6455.0 1.8426 33.1343 1.8426 2.7709 2.2991
12920 6460.0 1.9437 12.2123 1.9437 2.6731 2.3466
12930 6465.0 2.0404 1.7775 2.0404 2.5076 2.4471
12940 6470.0 2.0485 1.3266 2.0485 2.4113 2.3862
12950 6475.0 2.0253 2.7867 2.0253 2.4177 2.4368
12960 6480.0 1.9501 11.2294 1.9501 2.4765 2.4312
12970 6485.0 1.9118 17.7035 1.9118 2.4503 2.4592
12980 6490.0 1.9391 12.9421 1.9391 2.3398 2.3981
12990 6495.0 1.9737 7.9773 1.9737 2.2657 2.4059
13000 6500.0 1.9677 8.7507 1.9677 2.2784 2.5133
13010 6505.0 1.8910 21.8361 1.8910 2.3560 2.4721
13020 6510.0 1.9513 11.0509 1.9513 2.2926 2.4895
13030 6515.0 1.9883 6.2403 1.9883 2.2448 2.4701
13040 6520.0 1.9636 9.3009 1.9636 2.2888 2.4252
13050 6525.0 1.8960 20.8057 1.8960 2.3846 2.3780
13060 6530.0 1.9369 13.2989 1.9369 2.3409 2.4300
13070 6535.0 1.9814 7.0374 1.9814 2.2948 2.4673
13080 6540.0 1.9966 5.3423 1.9966 2.2936 2.4689
13090 6545.0 1.9850 6.6100 1.9850 2.3597 2.4360
13100 6550.0 1.9510 11.1017 1.9510 2.4251 2.4045
13110 6555.0 1.9567 10.2634 1.9567 2.4073 2.4311
13120 6560.0 2.0147 3.6397 2.0147 2.2870 2.5130
13130 6565.0 1.9886 6.2078 1.9886 2.2534 2.4995
13140 6570.0 1.9593 9.8973 1.9593 2.2602 2.4609
13150 6575.0 1.9836 6.7761 1.9836 2.2478 2.4302
13160 6580.0 1.9835 6.7864 1.9835 2.2543 2.4260
13170 6585.0 1.9706 8.3682 1.9706 2.2560 2.4278
13180 6590.0 1.9757 7.7239 1.9757 2.2466 2.4502
13190 6595.0 1.9735 7.9967 1.9735 2.2448 2.4569
13200 6600.0 1.9563 10.3264 1.9563 2.2767 2.4354
13210 6605.0 1.9497 11.2999 1.9497 2.2817 2.4351
13220 6610.0 1.9694 8.5288 1.9694 2.2405 2.4736
13230 6615.0 1.9525 10.8744 1.9525 2.2876 2.4402
13240 6620.0 1.9501 11.2421 1.9501 2.2988 2.4325
13250 6625.0 1.9889 6.1695 1.9889 2.2461 2.4863
13260 6630.0 1.9745 7.8755 1.9745 2.2582 2.4758
13270 6635.0 1.9344 13.7035 1.9344 2.3114 2.4082
13280 6640.0 1.9377 13.1686 1.9377 2.2937 2.3903
13290 6645.0 1.9510 11.1024 1.9510 2.2494 2.4251
13300 6650.0 1.9616 9.5717 1.9616 2.1973 2.4906
13310 6655.0 1.9150 17.1051 1.9150 2.2265 2.4688
13320 6660.0 1.8938 21.2618 1.8938 2.2376 2.4349
13330 6665.0 1.9231 15.6411 1.9231 2.2233 2.4478
13340 6670.0 1.9635 9.3108 1.9635 2.2095 2.4751
13350 6675.0 1.9339 13.8024 1.9339 2.2971 2.4127
13360 6680.0 1.9186 16.4583 1.9186 2.3054 2.4134
13370 6685.0 1.9983 5.1683 1.9983 2.1780 2.5200
13380 6690.0 1.9438 12.2056 1.9438 2.2278 2.4624
13390 6695.0 1.8686 26.7658 1.8686 2.3676 2.3244
13400 6700.0 1.9201 16.1891 1.9201 2.3544 2.3313
13410 6705.0 1.9913 5.9097 1.9913 2.2327 2.4689
13420 6710.0 2.0177 3.3864 2.0177 2.1966 2.4866
13430 6715.0 1.9421 12.4706 1.9421 2.3348 2.3721
13440 6720.0 1.9350 13.6190 1.9350 2.3901 2.2738
13450 6725.0 1.9822 6.9368 1.9822 2.2778 2.3571
13460 6730.0 2.0581 0.8782 2.0581 2.1834 2.4013
13470 6735.0 1.9597 9.8478 1.9597 2.3301 2.3988
13480 6740.0 1.8464 32.1682 1.8464 2.4494 2.3267
13490 6745.0 2.0221 3.0364 2.0221 2.2796 2.4414
13500 6750.0 2.0662 0.5698 2.0662 2.1975 2.3669
13510 6755.0 2.0221 3.0360 2.0221 2.3075 2.3662
13520 6760.0 1.9277 14.8459 1.9277 2.4737 2.3117
13530 6765.0 1.8919 21.6477 1.8919 2.4706 2.3701
13540 6770.0 2.0833 0.1387 2.0833 2.2693 2.5309
13550 6775.0 2.0676 0.5263 2.0676 2.2791 2.4808
13560 6780.0 1.9569 10.2340 1.9569 2.4477 2.3455
13570 6785.0 1.9053 18.9501 1.9053 2.6019 2.2418
13580 6790.0 1.8747 25.3803 1.8747 2.5891 2.3307
13590 6795.0 1.9832 6.8155 1.9832 2.4352 2.5130
13600 6800.0 2.0043 4.5783 2.0043 2.3799 2.4140
13610 6805.0 1.9226 15.7410 1.9226 2.4551 2.3499
13620 6810.0 1.8998 20.0332 1.8998 2.5091 2.4276
13630 6815.0 1.9322 14.0837 1.9322 2.5291 2.4413
13640 6820.0 1.9258 15.1681 1.9258 2.4683 2.5197
13650 6825.0 2.0201 3.1888 2.0201 2.3157 2.5685
13660 6830.0 2.0114 3.9226 2.0114 2.2682 2.4917
13670 6835.0 1.8666 27.2471 1.8666 2.4273 2.3926
13680 6840.0 1.8397 33.8850 1.8397 2.5039 2.3280
13690 6845.0 1.9256 15.2053 1.9256 2.3334 2.5338
13700 6850.0 2.0348 2.1284 2.0348 2.1530 2.6243
13710 6855.0 1.9250 15.3054 1.9250 2.2982 2.5004
13720 6860.0 1.8358 34.9115 1.8358 2.4346 2.3297
13730 6865.0 1.8663 27.3002 1.8663 2.4165 2.3789
13740 6870.0 1.9587 9.9787 1.9587 2.2968 2.5416
13750 6875.0 2.0271 2.6605 2.0271 2.2214 2.5185
13760 6880.0 1.9518 10.9813 1.9518 2.3524 2.4652
13770 6885.0 1.8893 22.2065 1.8893 2.4652 2.3999
13780 6890.0 1.8949 21.0408 1.8949 2.4770 2.3412
13790 6895.0 1.9523 10.9069 1.9523 2.3760 2.4194
13800 6900.0 2.0074 4.2888 2.0074 2.2810 2.5277
13810 6905.0 1.9539 10.6768 1.9539 2.3141 2.5093
13820 6910.0 1.9256 15.1993 1.9256 2.3650 2.4198
13830 6915.0 1.9479 11.5663 1.9479 2.3304 2.3734
13840 6920.0 1.9464 11.8013 1.9464 2.2686 2.3737
13850 6925.0 1.9772 7.5416 1.9772 2.2197 2.3994
13860 6930.0 1.9695 8.5179 1.9695 2.2276 2.4246
13870 6935.0 1.9205 16.1111 1.9205 2.2603 2.4438
13880 6940.0 1.9628 9.4110 1.9628 2.2350 2.4619
13890 6945.0 1.9961 5.3997 1.9961 2.2519 2.4360
13900 6950.0 1.9372 13.2495 1.9372 2.3367 2.3736
13910 6955.0 1.8976 20.4873 1.8976 2.3701 2.3621
13920 6960.0 1.9903 6.0221 1.9903 2.2587 2.4798
13930 6965.0 2.0076 4.2716 2.0076 2.2164 2.4799
13940 6970.0 1.8980 20.4063 1.8980 2.3348 2.4109
13950 6975.0 1.9210 16.0134 1.9210 2.3537 2.4173
13960 6980.0 1.9716 8.2371 1.9716 2.2796 2.4434
13970 6985.0 1.9800 7.2002 1.9800 2.2672 2.4215
13980 6990.0 1.9653 9.0769 1.9653 2.2908 2.4012
13990 6995.0 1.8908 21.8789 1.8908 2.3495 2.3461
14000 7000.0 1.9142 17.2681 1.9142 2.2603 2.4345
14010 7005.0 1.9794 7.2775 1.9794 2.1680 2.5042
14020 7010.0 1.8908 21.8851 1.8908 2.2535 2.3941
14030 7015.0 1.8485 31.6148 1.8485 2.2730 2.3622
14040 7020.0 1.9201 16.1787 1.9201 2.1689 2.4295
14050 7025.0 1.9036 19.2819 1.9036 2.2069 2.3762
14060 7030.0 1.9011 19.7831 1.9011 2.2634 2.2974
14070 7035.0 1.9379 13.1451 1.9379 2.2349 2.3280
14080 7040.0 1.9590 9.9394 1.9590 2.2341 2.3696
14090 7045.0 1.9337 13.8282 1.9337 2.2929 2.3831
14100 7050.0 1.9469 11.7210 1.9469 2.3073 2.4338
14110 7055.0 1.9683 8.6766 1.9683 2.3133 2.4723
14120 7060.0 1.9834 6.8026 1.9834 2.3476 2.4696
14130 7065.0 1.9697 8.4886 1.9697 2.3833 2.4581
14140 7070.0 1.9489 11.4226 1.9489 2.4186 2.4432
14150 7075.0 1.9656 9.0270 1.9656 2.3875 2.4777
14160 7080.0 1.9800 7.2046 1.9800 2.3673 2.5031
14170 7085.0 1.9708 8.3406 1.9708 2.3746 2.4803
14180 7090.0 1.9583 10.0334 1.9583 2.3886 2.4541
14190 7095.0 1.9364 13.3900 1.9364 2.3785 2.4577
14200 7100.0 1.9514 11.0467 1.9514 2.3510 2.4992
14210 7105.0 1.9663 8.9376 1.9663 2.3563 2.5044
14220 7110.0 1.9116 17.7432 1.9116 2.3947 2.4898
14230 7115.0 1.9483 11.5098 1.9483 2.3437 2.4969
14240 7120.0 1.9806 7.1332 1.9806 2.3017 2.5570
14250 7125.0 1.9130 17.4762 1.9130 2.3200 2.5351
14260 7130.0 1.8680 26.9156 1.8680 2.4042 2.4006
14270 7135.0 1.8860 22.8961 1.8860 2.4489 2.3229
14280 7140.0 1.8884 22.3776 1.8884 2.3971 2.3953
14290 7145.0 1.9780 7.4359 1.9780 2.2793 2.5240
14300 7150.0 2.0222 3.0252 2.0222 2.2220 2.5668
14310 7155.0 1.9205 16.1142 1.9205 2.3276 2.4305
14320 7160.0 1.8867 22.7542 1.8867 2.3662 2.3326
14330 7165.0 1.9418 12.5107 1.9418 2.2937 2.3623
14340 7170.0 2.0213 3.0951 2.0213 2.1979 2.4632
14350 7175.0 1.9595 9.8636 1.9595 2.2769 2.4362
14360 7180.0 1.8862 22.8478 1.8862 2.3520 2.4239
14370 7185.0 1.9012 19.7554 1.9012 2.3332 2.3823
14380 7190.0 1.9568 10.2566 1.9568 2.2912 2.3895
14390 7195.0 1.9825 6.8990 1.9825 2.2865 2.4896
14400 7200.0 1.9550 10.5185 1.9550 2.3268 2.4415
14410 7205.0 1.9443 12.1242 1.9443 2.3526 2.3733
14420 7210.0 1.9568 10.2481 1.9568 2.3670 2.3155
14430 7215.0 1.9694 8.5217 1.9694 2.3148 2.3509
14440 7220.0 1.9523 10.9037 1.9523 2.2688 2.4263
14450 7225.0 1.9333 13.8968 1.9333 2.2381 2.4767
14460 7230.0 1.9076 18.5060 1.9076 2.2694 2.4225
14470 7235.0 1.9236 15.5665 1.9236 2.2486 2.3720
14480 7240.0 1.9677 8.7512 1.9677 2.2066 2.3838
14490 7245.0 1.9610 9.6620 1.9610 2.2541 2.3631
14500 7250.0 1.9267 15.0159 1.9267 2.3189 2.3678
14510 7255.0 1.9339 13.7990 1.9339 2.3067 2.3972
14520 7260.0 1.9605 9.7259 1.9605 2.2516 2.4688
14530 7265.0 1.9669 8.8512 1.9669 2.2262 2.3926
14540 7270.0 1.9504 11.1896 1.9504 2.2942 2.4142
14550 7275.0 1.9634 9.3254 1.9634 2.3583 2.3957
14560 7280.0 1.9637 9.2831 1.9637 2.4059 2.3238
14570 7285.0 1.9517 10.9990 1.9517 2.4163 2.3952
14580 7290.0 1.9221 15.8157 1.9221 2.4323 2.4879
14590 7295.0 1.9376 13.1910 1.9376 2.3972 2.3806
14600 7300.0 1.9782 7.4192 1.9782 2.3707 2.3927
14610 7305.0 1.9809 7.0965 1.9809 2.4066 2.5231
14620 7310.0 1.9205 16.1107 1.9205 2.5305 2.4697
14630 7315.0 1.8551 29.9957 1.8551 2.6254 2.4119
14640 7320.0 1.9408 12.6668 1.9408 2.5855 2.5284
14650 7325.0 1.9855 6.5498 1.9855 2.5637 2.4825
14660 7330.0 1.9290 14.6186 1.9290 2.7080 2.3233
14670 7335.0 1.8573 29.4532 1.8573 2.8631 2.3356
14680 7340.0 1.8511 30.9836 1.8511 2.8882 2.3112
14690 7345.0 1.9488 11.4282 1.9488 2.7333 2.3453
14700 7350.0 2.0067 4.3542 2.0067 2.5578 2.3667
14710 7355.0 1.9799 7.2065 1.9799 2.5224 2.2588
14720 7360.0 1.9717 8.2316 1.9717 2.5748 2.2766
14730 7365.0 2.0057 4.4499 2.0057 2.6661 2.2653
14740 7370.0 1.9748 7.8426 1.9748 2.7647 2.2565
14750 7375.0 1.9336 13.8481 1.9336 2.8184 2.3155
14760 7380.0 1.9210 16.0292 1.9210 2.8277 2.2306
14770 7385.0 1.9292 14.5823 1.9292 2.7870 2.2368
14780 7390.0 1.9527 10.8557 1.9527 2.7310 2.3626
14790 7395.0 1.9511 11.0925 1.9511 2.7233 2.3349
14800 7400.0 1.9268 15.0026 1.9268 2.7353 2.2534
14810 7405.0 1.9924 5.7856 1.9924 2.7011 2.3392
14820 7410.0 1.9950 5.5168 1.9950 2.7578 2.4112
14830 7415.0 1.8707 26.3004 1.8707 2.9312 2.3338
14840 7420.0 1.8701 26.4240 1.8701 2.9127 2.3423
14850 7425.0 1.9088 18.2838 1.9088 2.7397 2.4931
14860 7430.0 2.0054 4.4748 2.0054 2.5732 2.5330
14870 7435.0 2.0487 1.3182 2.0487 2.5568 2.5424
14880 7440.0 1.9656 9.0355 1.9656 2.7528 2.4510
14890 7445.0 1.8382 34.2605 1.8382 2.9555 2.2165
14900 7450.0 1.8720 25.9859 1.8720 2.8650 2.2463
14910 7455.0 1.9851 6.5959 1.9851 2.5443 2.5165
14920 7460.0 2.0720 0.3928 2.0720 2.3822 2.5326
14930 7465.0 2.0139 3.7102 2.0139 2.4433 2.5089
14940 7470.0 1.9245 15.4046 1.9245 2.6058 2.3608
14950 7475.0 1.8479 31.7802 1.8479 2.7174 2.2624
14960 7480.0 1.9395 12.8744 1.9395 2.5728 2.4451
14970 7485.0 2.1018 0.0016 2.1018 2.3318 2.5238
14980 7490.0 2.0045 4.5628 2.0045 2.3625 2.3846
14990 7495.0 1.8470 32.0036 1.8470 2.5592 2.3526
15000 7500.0 1.8674 27.0432 1.8674 2.7043 2.3438
15010 7505.0 1.9089 18.2541 1.9089 2.7322 2.4112
15020 7510.0 1.9121 17.6526 1.9121 2.6860 2.4019
15030 7515.0 1.9362 13.4221 1.9362 2.6132 2.4151
15040 7520.0 1.9661 8.9625 1.9661 2.5760 2.5361
15050 7525.0 1.9096 18.1215 1.9096 2.6535 2.4966
15060 7530.0 1.8566 29.6239 1.8566 2.6932 2.4864
15070 7535.0 1.9277 14.8450 1.9277 2.6193 2.5104
15080 7540.0 2.0032 4.6861 2.0032 2.5208 2.6031
15090 7545.0 1.9115 17.7652 1.9115 2.5292 2.4974
15100 7550.0 1.8667 27.2045 1.8667 2.4846 2.3942
15110 7555.0 1.9330 13.9513 1.9330 2.3615 2.4296
15120 7560.0 2.0195 3.2441 2.0195 2.2930 2.5599
15130 7565.0 1.9742 7.9133 1.9742 2.4277 2.4644
15140 7570.0 1.8972 20.5603 1.8972 2.5500 2.3780
15150 7575.0 1.9031 19.3786 1.9031 2.5279 2.3949
15160 7580.0 2.0094 4.1048 2.0094 2.3718 2.4858
15170 7585.0 2.0463 1.4402 2.0463 2.3083 2.5178
15180 7590.0 1.9408 12.6742 1.9408 2.4639 2.2950
15190 7595.0 1.8945 21.1123 1.8945 2.5306 2.1593
15200 7600.0 1.9664 8.9205 1.9664 2.3596 2.2774
15210 7605.0 2.0980 0.0021 2.0980 2.1556 2.4560
15220 7610.0 2.0775 0.2534 2.0775 2.2559 2.3675
15230 7615.0 1.8868 22.7264 1.8868 2.5432 2.1495
15240 7620.0 1.8408 33.5877 1.8408 2.5860 2.1589
15250 7625.0 2.0158 3.5452 2.0158 2.3035 2.4220
15260 7630.0 2.1010 0.0005 2.1010 2.1600 2.5487
15270 7635.0 1.9013 19.7381 1.9013 2.3493 2.3873
15280 7640.0 1.8999 20.0108 1.8999 2.4207 2.2710
15290 7645.0 2.0168 3.4625 2.0168 2.2760 2.3538
15300 7650.0 1.9071 18.5973 1.9071 2.2420 2.2928
15310 7655.0 1.9875 6.3334 1.9875 2.2591 2.3119
15320 7660.0 1.9589 9.9488 1.9589 2.3826 2.4783
15330 7665.0 1.8358 34.8878 1.8358 2.4879 2.3402
15340 7670.0 1.9759 7.7057 1.9759 2.3588 2.4698
15350 7675.0 2.0290 2.5227 2.0290 2.2830 2.3320
15360 7680.0 1.9236 15.5532 1.9236 2.3727 2.2996
15370 7685.0 1.8994 20.1207 1.8994 2.4887 2.3381
15380 7690.0 1.8825 23.6428 1.8825 2.4731 2.3907
15390 7695.0 1.9402 12.7650 1.9402 2.3523 2.5523
15400 7700.0 2.0220 3.0456 2.0220 2.2592 2.6374
15410 7705.0 1.9242 15.4548 1.9242 2.3791 2.4996
15420 7710.0 1.8685 26.7987 1.8685 2.4538 2.3879
15430 7715.0 1.9324 14.0530 1.9324 2.3972 2.4384
15440 7720.0 1.9845 6.6674 1.9845 2.3149 2.4820
15450 7725.0 1.9603 9.7517 1.9603 2.3525 2.4336
15460 7730.0 1.9101 18.0299 1.9101 2.4013 2.4305
15470 7735.0 1.8743 25.4693 1.8743 2.3505 2.4217
15480 7740.0 1.9555 10.4425 1.9555 2.1990 2.4844
15490 7745.0 1.9887 6.1900 1.9887 2.1584 2.5479
15500 7750.0 1.8741 25.5146 1.8741 2.2627 2.4437
15510 7755.0 1.9279 14.8150 1.9279 2.2033 2.4241
15520 7760.0 1.9428 12.3619 1.9428 2.1515 2.4239
15530 7765.0 1.8997 20.0593 1.8997 2.2615 2.3480
15540 7770.0 1.8742 25.4817 1.8742 2.3137 2.4020
15550 7775.0 1.9353 13.5613 1.9353 2.2208 2.4682
15560 7780.0 1.9664 8.9225 1.9664 2.1910 2.4280
15570 7785.0 1.8525 30.6350 1.8525 2.3613 2.4034
15580 7790.0 1.8838 23.3688 1.8838 2.4134 2.4066
15590 7795.0 2.0069 4.3355 2.0069 2.2875 2.4490
15600 7800.0 1.9621 9.5078 1.9621 2.2608 2.4450
15610 7805.0 1.9411 12.6197 1.9411 2.3071 2.3841
15620 7810.0 1.9739 7.9458 1.9739 2.3674 2.4097
15630 7815.0 2.0103 4.0241 2.0103 2.3662 2.4541
15640 7820.0 1.9458 11.8960 1.9458 2.4218 2.3961
15650 7825.0 1.9898 6.0743 1.9898 2.3424 2.3605
15660 7830.0 2.0351 2.1073 2.0351 2.2714 2.3773
15670 7835.0 2.0233 2.9414 2.0233 2.2526 2.3418
15680 7840.0 1.9851 6.6018 1.9851 2.3368 2.3769
15690 7845.0 1.9054 18.9438 1.9054 2.3935 2.3667
15700 7850.0 1.8784 24.5593 1.8784 2.3551 2.3268
15710 7855.0 1.9775 7.4971 1.9775 2.2093 2.3605
15720 7860.0 1.9722 8.1663 1.9722 2.2359 2.4242
15730 7865.0 1.8982 20.3670 1.8982 2.3987 2.4476
15740 7870.0 1.8680 26.9228 1.8680 2.4297 2.3774
15750 7875.0 1.9351 13.6027 1.9351 2.2888 2.3306
15760 7880.0 2.0401 1.7951 2.0401 2.1672 2.4263
15770 7885.0 1.9246 15.3848 1.9246 2.3389 2.4691
15780 7890.0 1.8120 41.4721 1.8120 2.5091 2.3474
15790 7895.0 1.9062 18.7707 1.9062 2.3977 2.3590
15800 7900.0 1.9321 14.1014 1.9321 2.2805 2.2436
15810 7905.0 1.9987 5.1322 1.9987 2.2422 2.3052
15820 7910.0 1.9527 10.8493 1.9527 2.3642 2.4484
15830 7915.0 1.8554 29.9263 1.8554 2.4776 2.3856
15840 7920.0 1.9882 6.2441 1.9882 2.3276 2.4606
15850 7925.0 1.9577 10.1298 1.9577 2.2579 2.3973
15860 7930.0 1.9020 19.6011 1.9020 2.3227 2.4024
15870 7935.0 1.8773 24.8036 1.8773 2.4268 2.4733
15880 7940.0 1.8371 34.5606 1.8371 2.4298 2.3812
15890 7945.0 1.9767 7.6063 1.9767 2.2615 2.4425
15900 7950.0 1.9787 7.3618 1.9787 2.2016 2.3646
15910 7955.0 1.9176 16.6292 1.9176 2.3339 2.4596
15920 7960.0 1.7949 46.5370 1.7949 2.5209 2.3616
15930 7965.0 1.8886 22.3415 1.8886 2.3828 2.4886
15940 7970.0 2.0370 1.9836 2.0370 2.1788 2.5249
15950 7975.0 1.9789 7.3359 1.9789 2.2901 2.4608
15960 7980.0 1.8375 34.4469 1.8375 2.5541 2.3084
15970 7985.0 1.8353 35.0202 1.8353 2.5752 2.3106
15980 7990.0 1.9928 5.7492 1.9928 2.3021 2.5492
15990 7995.0 2.0478 1.3613 2.0478 2.1506 2.4684
16000 8000.0 1.9729 8.0796 1.9729 2.2698 2.4351
16010 8005.0 1.9073 18.5734 1.9073 2.4934 2.3334
16020 8010.0 1.8264 37.4403 1.8264 2.5961 2.3028
16030 8015.0 1.9237 15.5340 1.9237 2.4561 2.4705
16040 8020.0 2.0717 0.3992 2.0717 2.2581 2.5389
16050 8025.0 2.0138 3.7111 2.0138 2.3118 2.4976
16060 8030.0 1.9319 14.1270 1.9319 2.4560 2.3267
16070 8035.0 1.8743 25.4665 1.8743 2.5058 2.2260
16080 8040.0 1.9105 17.9564 1.9105 2.3476 2.3703
16090 8045.0 2.0332 2.2282 2.0332 2.1190 2.6104
16100 8050.0 1.9349 13.6347 1.9349 2.2332 2.5066
16110 8055.0 1.8059 43.2443 1.8059 2.4052 2.3621
16120 8060.0 1.9339 13.8027 1.9339 2.2765 2.3807
16130 8065.0 1.9639 9.2684 1.9639 2.1866 2.4132
16140 8070.0 1.9688 8.6124 1.9688 2.2447 2.4317
16150 8075.0 1.9306 14.3405 1.9306 2.3825 2.3815
16160 8080.0 1.8790 24.4115 1.8790 2.4009 2.4417
16170 8085.0 1.9931 5.7173 1.9931 2.2828 2.5635
16180 8090.0 2.0287 2.5402 2.0287 2.2708 2.5058
16190 8095.0 1.9330 13.9387 1.9330 2.4467 2.3923
16200 8100.0 1.9211 16.0112 1.9211 2.5099 2.3290
16210 8105.0 1.9506 11.1539 1.9506 2.4595 2.4181
16220 8110.0 1.9885 6.2168 1.9885 2.3440 2.4993
16230 8115.0 1.9664 8.9262 1.9664 2.3459 2.4941
16240 8120.0 1.9205 16.1046 1.9205 2.4366 2.3949
16250 8125.0 1.9224 15.7677 1.9224 2.4247 2.3011
16260 8130.0 1.9809 7.0905 1.9809 2.2840 2.3346
16270 8135.0 2.0410 1.7407 2.0410 2.1913 2.4099
16280 8140.0 1.8846 23.1896 1.8846 2.3277 2.3660
16290 8145.0 1.8812 23.9359 1.8812 2.3137 2.3989
16300 8150.0 2.0467 1.4226 2.0467 2.1687 2.4920
16310 8155.0 1.9651 9.0951 1.9651 2.2600 2.3239
16320 8160.0 1.9111 17.8357 1.9111 2.4105 2.1828
16330 8165.0 1.9109 17.8767 1.9109 2.3386 2.3018
16340 8170.0 2.0482 1.3404 2.0482 2.1415 2.5347
16350 8175.0 1.9435 12.2430 1.9435 2.2922 2.4487
16360 8180.0 1.9071 18.6085 1.9071 2.4436 2.3214
16370 8185.0 2.0541 1.0542 2.0541 2.3330 2.3878
16380 8190.0 2.0894 0.0558 2.0894 2.2778 2.3746
16390 8195.0 2.0400 1.8027 2.0400 2.3815 2.3441
16400 8200.0 1.8750 25.3218 1.8750 2.5416 2.2331
16410 8205.0 1.8997 20.0650 1.8997 2.4648 2.3057
16420 8210.0 2.0607 0.7735 2.0607 2.2436 2.4769
16430 8215.0 2.0081 4.2220 2.0081 2.2613 2.4478
16440 8220.0 1.8600 28.7951 1.8600 2.4070 2.3131
16450 8225.0 1.9267 15.0182 1.9267 2.3507 2.3881
16460 8230.0 1.9720 8.1921 1.9720 2.2557 2.5024
16470 8235.0 1.9544 10.5992 1.9544 2.2541 2.4460
16480 8240.0 1.9251 15.3012 1.9251 2.3071 2.4297
16490 8245.0 1.8808 24.0336 1.8808 2.3470 2.3799
16500 8250.0 1.9384 13.0630 1.9384 2.2927 2.4379
16510 8255.0 2.0078 4.2501 2.0078 2.2449 2.4870
16520 8260.0 1.9289 14.6337 1.9289 2.3678 2.4036
16530 8265.0 1.8782 24.6008 1.8782 2.4582 2.3542
16540 8270.0 1.9594 9.8834 1.9594 2.3782 2.4301
16550 8275.0 2.0160 3.5309 2.0160 2.2904 2.5062
16560 8280.0 1.9842 6.7080 1.9842 2.3588 2.4839
16570 8285.0 1.9002 19.9604 1.9002 2.4989 2.3931
16580 8290.0 1.8874 22.6028 1.8874 2.5154 2.3960
16590 8295.0 1.9981 5.1928 1.9981 2.3615 2.4915
16600 8300.0 2.0223 3.0164 2.0223 2.2540 2.5275
16610 8305.0 1.9302 14.4192 1.9302 2.3414 2.3965
16620 8310.0 1.9119 17.6849 1.9119 2.4130 2.3217
16630 8315.0 1.9256 15.2113 1.9256 2.3644 2.4238
16640 8320.0 1.9794 7.2778 1.9794 2.2559 2.5585
16650 8325.0 2.0044 4.5688 2.0044 2.2221 2.5695
16660 8330.0 1.9271 14.9475 1.9271 2.3171 2.4556
16670 8335.0 1.8849 23.1349 1.8849 2.3665 2.4052
16680 8340.0 1.9098 18.0827 1.9098 2.3357 2.4667
16690 8345.0 1.9577 10.1224 1.9577 2.2880 2.5545
16700 8350.0 1.9750 7.8083 1.9750 2.2898 2.5824
16710 8355.0 1.9520 10.9520 1.9520 2.3454 2.5461
16720 8360.0 1.9341 13.7658 1.9341 2.3861 2.4993
16730 8365.0 1.9621 9.5060 1.9621 2.3250 2.5342
16740 8370.0 1.9675 8.7790 1.9675 2.3113 2.5071
16750 8375.0 1.9735 8.0024 1.9735 2.3557 2.5192
16760 8380.0 1.9443 12.1211 1.9443 2.4034 2.4992
16770 8385.0 1.9712 8.2958 1.9712 2.3571 2.5251
16780 8390.0 2.0007 4.9308 2.0007 2.3113 2.4823
16790 8395.0 1.9524 10.8892 1.9524 2.3710 2.4084
16800 8400.0 1.9374 13.2144 1.9374 2.3883 2.3524
16810 8405.0 1.9760 7.6869 1.9760 2.3335 2.4096
16820 8410.0 2.0081 4.2209 2.0081 2.2537 2.5103
16830 8415.0 1.9663 8.9339 1.9663 2.3144 2.4845
16840 8420.0 1.9278 14.8334 1.9278 2.3833 2.4061
16850 8425.0 1.9392 12.9317 1.9392 2.3780 2.4031
16860 8430.0 1.9594 9.8803 1.9594 2.3478 2.4457
16870 8435.0 1.9438 12.1944 1.9438 2.3766 2.4778
16880 8440.0 1.9438 12.2036 1.9438 2.3840 2.4878
16890 8445.0 1.9832 6.8190 1.9832 2.3442 2.5240
16900 8450.0 1.9876 6.3138 1.9876 2.3380 2.4557
16910 8455.0 1.9480 11.5536 1.9480 2.3834 2.4595
16920 8460.0 1.9088 18.2723 1.9088 2.4125 2.4348
16930 8465.0 1.9610 9.6652 1.9610 2.3315 2.4891
16940 8470.0 1.9694 8.5241 1.9694 2.3073 2.4985
16950 8475.0 1.9457 11.8966 1.9457 2.3251 2.4893
16960 8480.0 1.8980 20.3962 1.8980 2.4055 2.4323
16970 8485.0 1.9393 12.9162 1.9393 2.3636 2.4812
16980 8490.0 2.0093 4.1153 2.0093 2.2823 2.3814
16990 8495.0 1.9969 5.3151 1.9969 2.3173 2.3255
17000 8500.0 1.9321 14.0960 1.9321 2.4428 2.4187
17010 8505.0 1.8959 20.8244 1.8959 2.4885 2.4568
17020 8510.0 1.9567 10.2606 1.9567 2.4257 2.4601
17030 8515.0 1.9568 10.2599 1.9568 2.3326 2.4006
17040 8520.0 1.9268 14.9956 1.9268 2.3393 2.3636
17050 8525.0 1.9724 8.1424 1.9724 2.3676 2.5153
17060 8530.0 1.9317 14.1669 1.9317 2.4433 2.4492
17070 8535.0 1.8902 22.0053 1.8902 2.4860 2.4431
17080 8540.0 1.9474 11.6416 1.9474 2.3838 2.4924
17090 8545.0 1.9504 11.1907 1.9504 2.3021 2.4928
17100 8550.0 1.9163 16.8760 1.9163 2.2951 2.4913
17110 8555.0 1.8992 20.1609 1.8992 2.3264 2.4803
17120 8560.0 1.9293 14.5707 1.9293 2.2890 2.5221
17130 8565.0 1.9355 13.5237 1.9355 2.2668 2.4402
17140 8570.0 1.9435 12.2394 1.9435 2.2625 2.4489
17150 8575.0 1.9072 18.5829 1.9072 2.3317 2.3925
17160 8580.0 1.9209 16.0313 1.9209 2.2930 2.4173
17170 8585.0 1.9922 5.8124 1.9922 2.1954 2.4500
17180 8590.0 1.9682 8.6814 1.9682 2.2507 2.4678
17190 8595.0 1.8827 23.6182 1.8827 2.3568 2.3750
17200 8600.0 1.9276 14.8557 1.9276 2.3151 2.3856
17210 8605.0 1.9849 6.6222 1.9849 2.2528 2.4395
17220 8610.0 1.9958 5.4241 1.9958 2.2554 2.4480
17230 8615.0 1.9256 15.2161 1.9256 2.3547 2.3872
17240 8620.0 1.8709 26.2537 1.8709 2.3944 2.3726
17250 8625.0 1.9789 7.3294 1.9789 2.2773 2.4448
17260 8630.0 2.0181 3.3552 2.0181 2.2537 2.4237
17270 8635.0 1.9581 10.0743 1.9581 2.3667 2.3039
17280 8640.0 1.9024 19.5148 1.9024 2.4309 2.2717
17290 8645.0 1.9511 11.0903 1.9511 2.3330 2.3884
17300 8650.0 2.0072 4.3041 2.0072 2.2292 2.4937
17310 8655.0 1.9501 11.2375 1.9501 2.2742 2.4440
17320 8660.0 1.9206 16.0872 1.9206 2.3502 2.3488
17330 8665.0 1.9841 6.7144 1.9841 2.3161 2.3417
17340 8670.0 2.0126 3.8175 2.0126 2.2592 2.3885
17350 8675.0 1.9973 5.2777 1.9973 2.2355 2.4288
17360 8680.0 1.9194 16.3094 1.9194 2.2890 2.3970
17370 8685.0 1.9453 11.9599 1.9453 2.2476 2.4124
17380 8690.0 2.0119 3.8844 2.0119 2.1810 2.4359
17390 8695.0 1.9714 8.2670 1.9714 2.2539 2.3543
17400 8700.0 1.9371 13.2649 1.9371 2.3333 2.3130
17410 8705.0 1.9841 6.7127 1.9841 2.3265 2.3715
17420 8710.0 2.0120 3.8733 2.0120 2.3410 2.4064
17430 8715.0 1.9690 8.5788 1.9690 2.4465 2.3507
17440 8720.0 1.9624 9.4688 1.9624 2.4779 2.3559
17450 8725.0 1.9910 5.9452 1.9910 2.4552 2.3957
17460 8730.0 2.0334 2.2172 2.0334 2.4082 2.4056
17470 8735.0 2.0249 2.8214 2.0249 2.4120 2.3728
17480 8740.0 2.0123 3.8439 2.0123 2.4389 2.3440
17490 8745.0 2.0018 4.8213 2.0018 2.4719 2.3501
17500 8750.0 1.9922 5.8056 1.9922 2.4633 2.4170
17510 8755.0 1.9943 5.5887 1.9943 2.4364 2.4915
17520 8760.0 1.9634 9.3293 1.9634 2.4542 2.4945
17530 8765.0 1.9407 12.6907 1.9407 2.4569 2.4670
17540 8770.0 1.9330 13.9473 1.9330 2.4526 2.4405
17550 8775.0 1.9742 7.9088 1.9742 2.3898 2.4191
17560 8780.0 2.0098 4.0696 2.0098 2.3330 2.4359
17570 8785.0 2.0073 4.2941 2.0073 2.2988 2.4547
17580 8790.0 1.9688 8.6089 1.9688 2.3578 2.3922
17590 8795.0 1.9417 12.5283 1.9417 2.4184 2.3496
17600 8800.0 1.9336 13.8489 1.9336 2.4166 2.3967
17610 8805.0 1.9596 9.8631 1.9596 2.3454 2.4949
17620 8810.0 1.9725 8.1302 1.9725 2.3210 2.5274
17630 8815.0 1.9532 10.7771 1.9532 2.3438 2.4927
17640 8820.0 1.9037 19.2709 1.9037 2.4207 2.4197
17650 8825.0 1.9116 17.7394 1.9116 2.3992 2.4392
17660 8830.0 1.9381 13.0992 1.9381 2.3371 2.5237
17670 8835.0 1.9539 10.6740 1.9539 2.2839 2.4885
17680 8840.0 1.9322 14.0749 1.9322 2.3026 2.4537
17690 8845.0 1.9546 10.5654 1.9546 2.3226 2.4835
17700 8850.0 1.9617 9.5582 1.9617 2.2904 2.4396
17710 8855.0 1.9437 12.2156 1.9437 2.2645 2.4030
17720 8860.0 1.9656 9.0356 1.9656 2.2482 2.4396
17730 8865.0 1.9629 9.4000 1.9629 2.2860 2.3969
17740 8870.0 1.9551 10.4945 1.9551 2.3133 2.3764
17750 8875.0 1.9733 8.0237 1.9733 2.3100 2.4444
17760 8880.0 1.9447 12.0587 1.9447 2.2993 2.4508
17770 8885.0 1.9032 19.3583 1.9032 2.3107 2.4453
17780 8890.0 1.9148 17.1503 1.9148 2.3196 2.4289
17790 8895.0 1.9222 15.7991 1.9222 2.3113 2.4137
17800 8900.0 1.9374 13.2235 1.9374 2.2457 2.4095
17810 8905.0 1.9936 5.6596 1.9936 2.1780 2.4308
17820 8910.0 1.9340 13.7714 1.9340 2.2443 2.3437
17830 8915.0 1.9157 16.9768 1.9157 2.2846 2.3111
17840 8920.0 1.9604 9.7398 1.9604 2.2161 2.3706
17850 8925.0 1.9633 9.3415 1.9633 2.1592 2.4505
17860 8930.0 1.8978 20.4423 1.8978 2.2325 2.3973
17870 8935.0 1.9136 17.3656 1.9136 2.2454 2.4071
17880 8940.0 1.9349 13.6304 1.9349 2.2128 2.3347
17890 8945.0 1.9722 8.1606 1.9722 2.1977 2.3632
17900 8950.0 1.9392 12.9318 1.9392 2.2496 2.3607
17910 8955.0 1.8878 22.5124 1.8878 2.3010 2.3269
17920 8960.0 2.0044 4.5737 2.0044 2.1857 2.4538
17930 8965.0 1.9729 8.0757 1.9729 2.2694 2.4120
17940 8970.0 1.9079 18.4577 1.9079 2.3778 2.3570
17950 8975.0 1.9126 17.5522 1.9126 2.3753 2.4261
17960 8980.0 1.9774 7.5120 1.9774 2.2981 2.5465
17970 8985.0 1.9942 5.5924 1.9942 2.2980 2.4802
17980 8990.0 1.9604 9.7420 1.9604 2.3590 2.4413
17990 8995.0 1.9110 17.8516 1.9110 2.4120 2.3276
18000 9000.0 1.9365 13.3589 1.9365 2.3138 2.4072
