# step  time_fs  cv_FeH(A)  bias(kJ/mol)  d_min_FeH(A)  d_min_OH(A)  d_min_SH(A)
0 0.0 1.7182 3.3431 1.7182 2.5114 2.4126
10 5.0 1.7794 0.2121 1.7794 2.4707 2.3681
20 10.0 1.6857 6.5339 1.6857 2.5912 2.3432
30 15.0 1.6408 12.6675 1.6408 2.6325 2.3352
40 20.0 1.7239 2.8943 1.7239 2.4869 2.3107
50 25.0 1.7670 0.5433 1.7670 2.4583 2.2821
60 30.0 1.6761 7.6814 1.6761 2.5718 2.1749
70 35.0 1.6503 11.2033 1.6503 2.5894 2.1838
80 40.0 1.7524 1.1351 1.7524 2.4804 2.3279
90 45.0 1.7816 0.1695 1.7816 2.3842 2.4430
100 50.0 1.6682 8.6801 1.6682 2.5205 2.4227
110 55.0 1.6345 13.6870 1.6345 2.6058 2.4389
120 60.0 1.7322 2.2992 1.7322 2.5198 2.3518
130 65.0 1.7822 0.1583 1.7822 2.4815 2.3418
140 70.0 1.6944 5.5782 1.6944 2.5906 2.4206
150 75.0 1.6541 10.6430 1.6541 2.5536 2.2848
160 80.0 1.7480 1.3524 1.7480 2.5185 2.2643
170 85.0 1.7935 0.0212 1.7935 2.5205 2.2414
180 90.0 1.7086 4.1815 1.7086 2.5361 2.1460
190 95.0 1.6732 8.0358 1.6732 2.5681 2.1030
200 100.0 1.7433 1.6050 1.7433 2.5946 2.1976
210 105.0 1.7526 1.1240 1.7526 2.6193 2.3205
220 110.0 1.7094 4.1027 1.7094 2.7121 2.4395
230 115.0 1.7242 2.8749 1.7242 2.7925 2.4767
240 120.0 1.6978 5.2241 1.6978 2.8924 2.4191
250 125.0 1.7516 1.1706 1.7516 2.8679 2.4555
260 130.0 1.7734 0.3525 1.7734 2.8329 2.5198
270 135.0 1.7089 4.1465 1.7089 2.6590 2.3771
280 140.0 1.7133 3.7615 1.7133 2.5770 2.2666
290 145.0 1.7850 0.1131 1.7850 2.6488 2.2216
300 150.0 1.7492 1.2901 1.7492 2.7563 2.2300
310 155.0 1.6901 6.0400 1.6901 2.8040 2.3181
320 160.0 1.7935 0.0211 1.7935 2.7640 2.4107
330 165.0 1.7810 0.1800 1.7810 2.8320 2.4748
340 170.0 1.6516 11.0132 1.6516 2.8312 2.5350
350 175.0 1.7001 4.9884 1.7001 2.9247 2.4464
360 180.0 1.7833 0.1387 1.7833 2.8451 2.3986
370 185.0 1.7607 0.7713 1.7607 2.8104 2.5025
380 190.0 1.7033 4.6708 1.7033 2.6605 2.4786
390 195.0 1.7130 3.7864 1.7130 2.6106 2.3310
400 200.0 1.7505 1.2270 1.7505 2.6422 2.2879
410 205.0 1.7533 1.0889 1.7533 2.6642 2.3805
420 210.0 1.7411 1.7374 1.7411 2.6412 2.5298
430 215.0 1.7326 2.2724 1.7326 2.6241 2.5589
440 220.0 1.7229 2.9700 1.7229 2.6430 2.5506
450 225.0 1.7395 1.8314 1.7395 2.6376 2.5626
460 230.0 1.7556 0.9852 1.7556 2.6272 2.5810
470 235.0 1.7722 0.3865 1.7722 2.6204 2.6138
480 240.0 1.7725 0.3784 1.7725 2.6099 2.6033
490 245.0 1.7416 1.7079 1.7416 2.6254 2.4718
500 250.0 1.7743 0.3300 1.7743 2.6223 2.4206
510 255.0 1.7839 0.1291 1.7839 2.6073 2.3936
520 260.0 1.7352 2.0977 1.7352 2.6587 2.3685
530 265.0 1.7199 3.2110 1.7199 2.7061 2.4305
540 270.0 1.7644 0.6350 1.7644 2.6893 2.5698
550 275.0 1.7708 0.4264 1.7708 2.7017 2.6646
560 280.0 1.7465 1.4315 1.7465 2.6756 2.7045
570 285.0 1.7607 0.7720 1.7607 2.7181 2.6483
580 290.0 1.7435 1.5968 1.7435 2.7169 2.5734
590 295.0 1.6894 6.1125 1.6894 2.7296 2.5291
600 300.0 1.7424 1.6574 1.7424 2.6672 2.4697
610 305.0 1.7799 0.2014 1.7799 2.6016 2.4675
620 310.0 1.7686 0.4930 1.7686 2.5944 2.4792
630 315.0 1.7525 1.1291 1.7525 2.6001 2.5154
640 320.0 1.7453 1.4950 1.7453 2.5936 2.5683
650 325.0 1.7655 0.5959 1.7655 2.5610 2.6166
660 330.0 1.7656 0.5911 1.7656 2.5698 2.5930
670 335.0 1.7422 1.6712 1.7422 2.6361 2.5671
680 340.0 1.7442 1.5592 1.7442 2.6647 2.5993
690 345.0 1.7872 0.0816 1.7872 2.6215 2.6767
700 350.0 1.7932 0.0229 1.7932 2.6513 2.7012
710 355.0 1.7821 0.1597 1.7821 2.6368 2.6483
720 360.0 1.7676 0.5256 1.7676 2.5904 2.5208
730 365.0 1.7804 0.1920 1.7804 2.6273 2.3883
740 370.0 1.7699 0.4538 1.7699 2.6558 2.3113
750 375.0 1.7865 0.0907 1.7865 2.6382 2.3351
760 380.0 1.7695 0.4659 1.7695 2.6437 2.3996
770 385.0 1.7343 2.1611 1.7343 2.6506 2.5193
780 390.0 1.7448 1.5225 1.7448 2.7298 2.4869
790 395.0 1.7722 0.3876 1.7722 2.7943 2.4734
800 400.0 1.7331 2.2388 1.7331 2.7124 2.4979
810 405.0 1.7624 0.7076 1.7624 2.6208 2.5869
820 410.0 1.7688 0.4876 1.7688 2.6402 2.6296
830 415.0 1.6917 5.8590 1.6917 2.5610 2.6255
840 420.0 1.6935 5.6756 1.6935 2.4797 2.6090
850 425.0 1.7714 0.4083 1.7714 2.5132 2.6676
860 430.0 1.7538 1.0687 1.7538 2.5358 2.6610
870 435.0 1.7012 4.8786 1.7012 2.5942 2.6014
880 440.0 1.7107 3.9836 1.7107 2.5537 2.6650
890 445.0 1.7147 3.6377 1.7147 2.4746 2.6788
900 450.0 1.7276 2.6228 1.7276 2.4877 2.6437
910 455.0 1.7311 2.3738 1.7311 2.5453 2.5845
920 460.0 1.6959 5.4201 1.6959 2.6004 2.5175
930 465.0 1.7152 3.5917 1.7152 2.5956 2.5121
940 470.0 1.7352 2.0972 1.7352 2.5534 2.5508
950 475.0 1.7367 2.0012 1.7367 2.5975 2.5814
960 480.0 1.7429 1.6298 1.7429 2.6951 2.5822
970 485.0 1.7173 3.4219 1.7173 2.8342 2.4914
980 490.0 1.6779 7.4542 1.6779 2.8507 2.4414
990 495.0 1.7376 1.9438 1.7376 2.8005 2.4597
1000 500.0 1.7597 0.8125 1.7597 2.7811 2.4668
1010 505.0 1.7144 3.6618 1.7144 2.8493 2.4597
1020 510.0 1.6971 5.2966 1.6971 2.8497 2.4769
1030 515.0 1.7321 2.3039 1.7321 2.8059 2.5029
1040 520.0 1.7672 0.5391 1.7672 2.7432 2.4741
1050 525.0 1.7428 1.6355 1.7428 2.7369 2.4186
1060 530.0 1.7134 3.7521 1.7134 2.7303 2.3956
1070 535.0 1.7455 1.4870 1.7455 2.6837 2.3670
1080 540.0 1.7751 0.3112 1.7751 2.6459 2.3342
1090 545.0 1.7323 2.2944 1.7323 2.7006 2.3060
1100 550.0 1.7100 4.0514 1.7100 2.7672 2.3600
1110 555.0 1.7449 1.5178 1.7449 2.8108 2.4876
1120 560.0 1.7771 0.2618 1.7771 2.7441 2.5752
1130 565.0 1.7735 0.3500 1.7735 2.6465 2.6481
1140 570.0 1.7406 1.7665 1.7406 2.6308 2.6569
1150 575.0 1.7556 0.9839 1.7556 2.6646 2.6258
1160 580.0 1.8009 0.0004 1.8009 2.7070 2.5848
1170 585.0 1.8009 0.0004 1.8009 2.7549 2.5113
1180 590.0 1.7044 4.5733 1.7044 2.8589 2.4129
1190 595.0 1.7377 1.9383 1.7377 2.8599 2.4073
1200 600.0 1.8182 0.1664 1.8182 2.8260 2.4431
1210 605.0 1.7659 0.5819 1.7659 2.8944 2.3692
1220 610.0 1.6754 7.7640 1.6754 3.0135 2.2784
1230 615.0 1.7028 4.7226 1.7028 3.0264 2.3245
1240 620.0 1.8109 0.0598 1.8109 2.9227 2.4617
1250 625.0 1.8345 0.5945 1.8345 2.8865 2.5201
1260 630.0 1.7130 3.7835 1.7130 2.9080 2.4942
1270 635.0 1.7411 1.7367 1.7411 2.8604 2.5390
1280 640.0 1.8595 1.7722 1.8595 2.7908 2.6370
1290 645.0 1.7730 0.3633 1.7730 2.8692 2.6017
1300 650.0 1.6950 5.5084 1.6950 2.9723 2.5615
1310 655.0 1.7117 3.9010 1.7117 2.9904 2.4862
1320 660.0 1.7208 3.1350 1.7208 2.9674 2.4048
1330 665.0 1.8633 2.0024 1.8633 2.9162 2.4425
1340 670.0 1.8120 0.0726 1.8120 2.9404 2.5466
1350 675.0 1.6109 17.8856 1.6109 2.9934 2.5491
1360 680.0 1.7206 3.1499 1.7206 2.7819 2.5893
1370 685.0 1.8412 0.8471 1.8412 2.4965 2.4107
1380 690.0 1.7167 3.4658 1.7167 2.4982 2.3620
1390 695.0 1.6616 9.5823 1.6616 2.5880 2.2519
1400 700.0 1.7188 3.3001 1.7188 2.5530 2.2529
1410 705.0 1.7766 0.2735 1.7766 2.4524 2.4067
1420 710.0 1.8101 0.0514 1.8101 2.4425 2.5705
1430 715.0 1.7292 2.5030 1.7292 2.5746 2.6489
1440 720.0 1.7229 2.9736 1.7229 2.6677 2.5610
1450 725.0 1.7953 0.0110 1.7953 2.6476 2.3978
1460 730.0 1.7083 4.2077 1.7083 2.6165 2.4203
1470 735.0 1.6639 9.2560 1.6639 2.5487 2.5447
1480 740.0 1.7398 1.8101 1.7398 2.4003 2.5817
1490 745.0 1.7867 0.0880 1.7867 2.2798 2.5236
1500 750.0 1.7137 3.7229 1.7137 2.3396 2.3966
1510 755.0 1.7449 1.5165 1.7449 2.3259 2.3378
1520 760.0 1.7777 0.2494 1.7777 2.3418 2.3622
1530 765.0 1.7457 1.4717 1.7457 2.4364 2.3803
1540 770.0 1.6428 12.3604 1.6428 2.5643 2.4470
1550 775.0 1.7218 3.0604 1.7218 2.6546 2.4961
1560 780.0 1.7658 0.5837 1.7658 2.7424 2.4417
1570 785.0 1.7392 1.8490 1.7392 2.7740 2.4944
1580 790.0 1.7983 0.0015 1.7983 2.7143 2.5579
1590 795.0 1.8045 0.0099 1.8045 2.6561 2.5965
1600 800.0 1.7054 4.4723 1.7054 2.6814 2.3693
1610 805.0 1.7544 1.0383 1.7544 2.6058 2.2164
1620 810.0 1.8409 0.8372 1.8409 2.5155 2.1559
1630 815.0 1.6723 8.1570 1.6723 2.5663 2.1440
1640 820.0 1.6676 8.7600 1.6676 2.5659 2.3147
1650 825.0 1.8546 1.4907 1.8546 2.5425 2.5433
1660 830.0 1.8108 0.0587 1.8108 2.6805 2.4879
1670 835.0 1.6643 9.2006 1.6643 2.8667 2.3052
1680 840.0 1.7046 4.5523 1.7046 2.9902 2.2677
1690 845.0 1.7481 1.3468 1.7481 3.0087 2.3723
1700 850.0 1.8040 0.0082 1.8040 2.9566 2.5207
1710 855.0 1.7785 0.2319 1.7785 2.9655 2.4867
1720 860.0 1.7101 4.0421 1.7101 3.0156 2.4664
1730 865.0 1.7036 4.6446 1.7036 3.0128 2.4291
1740 870.0 1.7565 0.9469 1.7565 2.9620 2.4487
1750 875.0 1.7651 0.6091 1.7651 2.9714 2.5391
1760 880.0 1.7607 0.7721 1.7607 2.9587 2.5880
1770 885.0 1.7435 1.5978 1.7435 2.9799 2.6156
1780 890.0 1.7645 0.6313 1.7645 2.9497 2.5779
1790 895.0 1.7682 0.5063 1.7682 2.9243 2.5159
1800 900.0 1.7200 3.2028 1.7200 2.8905 2.4644
1810 905.0 1.6998 5.0201 1.6998 2.8927 2.5091
1820 910.0 1.7421 1.6757 1.7421 2.8588 2.6444
1830 915.0 1.7384 1.9000 1.7384 2.8383 2.6955
1840 920.0 1.7548 1.0210 1.7548 2.7920 2.7068
1850 925.0 1.7339 2.1855 1.7339 2.8110 2.6578
1860 930.0 1.6898 6.0728 1.6898 2.8189 2.5224
1870 935.0 1.7348 2.1264 1.7348 2.8359 2.4840
1880 940.0 1.7736 0.3477 1.7736 2.7560 2.6033
1890 945.0 1.6953 5.4856 1.6953 2.7371 2.6333
1900 950.0 1.7126 3.8211 1.7126 2.7089 2.5497
1910 955.0 1.7244 2.8580 1.7244 2.6991 2.5533
1920 960.0 1.7184 3.3284 1.7184 2.7471 2.5039
1930 965.0 1.7464 1.4360 1.7464 2.8163 2.4883
1940 970.0 1.7038 4.6255 1.7038 2.8826 2.5065
1950 975.0 1.7257 2.7625 1.7257 2.7724 2.5428
1960 980.0 1.7766 0.2728 1.7766 2.6883 2.5344
1970 985.0 1.7416 1.7077 1.7416 2.7144 2.4965
1980 990.0 1.6982 5.1823 1.6982 2.7978 2.4184
1990 995.0 1.7123 3.8500 1.7123 2.8544 2.4449
2000 1000.0 1.7771 0.2628 1.7771 2.9275 2.4663
2010 1005.0 1.7689 0.4835 1.7689 2.9354 2.5408
2020 1010.0 1.6918 5.8534 1.6918 2.9845 2.4974
2030 1015.0 1.6681 8.6931 1.6681 2.9207 2.5511
2040 1020.0 1.7370 1.9821 1.7370 2.7811 2.6501
2050 1025.0 1.7656 0.5929 1.7656 2.6999 2.6631
2060 1030.0 1.7316 2.3383 1.7316 2.6904 2.6372
2070 1035.0 1.7192 3.2673 1.7192 2.7009 2.6081
2080 1040.0 1.7064 4.3769 1.7064 2.7243 2.6074
2090 1045.0 1.6901 6.0356 1.6901 2.7698 2.6178
2100 1050.0 1.7529 1.1094 1.7529 2.8494 2.5611
2110 1055.0 1.7028 4.7269 1.7028 2.9430 2.5537
2120 1060.0 1.7034 4.6639 1.7034 2.9472 2.4836
2130 1065.0 1.7718 0.3990 1.7718 2.8517 2.4349
2140 1070.0 1.7919 0.0326 1.7919 2.7761 2.4114
2150 1075.0 1.7076 4.2654 1.7076 2.8333 2.4822
2160 1080.0 1.6353 13.5582 1.6353 2.9007 2.5559
2170 1085.0 1.6650 9.1165 1.6650 2.8812 2.4828
2180 1090.0 1.7347 2.1321 1.7347 2.7642 2.3587
2190 1095.0 1.7970 0.0044 1.7970 2.6453 2.3848
2200 1100.0 1.7339 2.1835 1.7339 2.6630 2.5309
2210 1105.0 1.6751 7.7959 1.6751 2.6974 2.5345
2220 1110.0 1.7768 0.2686 1.7768 2.6474 2.5518
2230 1115.0 1.7765 0.2761 1.7765 2.7132 2.4724
2240 1120.0 1.6895 6.1053 1.6895 2.8638 2.4867
2250 1125.0 1.6525 10.8808 1.6525 2.9391 2.5051
2260 1130.0 1.7189 3.2883 1.7189 2.8307 2.4977
2270 1135.0 1.7974 0.0035 1.7974 2.7011 2.4659
2280 1140.0 1.7677 0.5209 1.7677 2.7361 2.3878
2290 1145.0 1.7125 3.8258 1.7125 2.8363 2.3554
2300 1150.0 1.7355 2.0797 1.7355 2.8430 2.4195
2310 1155.0 1.7250 2.8096 1.7250 2.8392 2.3257
2320 1160.0 1.7496 1.2689 1.7496 2.7953 2.3393
2330 1165.0 1.7679 0.5166 1.7679 2.7838 2.4254
2340 1170.0 1.7080 4.2291 1.7080 2.8419 2.3662
2350 1175.0 1.7307 2.3980 1.7307 2.8634 2.4385
2360 1180.0 1.7458 1.4708 1.7458 2.8548 2.4021
2370 1185.0 1.7457 1.4725 1.7457 2.8546 2.3766
2380 1190.0 1.7418 1.6944 1.7418 2.8900 2.4848
2390 1195.0 1.7358 2.0616 1.7358 2.8987 2.4264
2400 1200.0 1.7354 2.0868 1.7354 2.8649 2.3549
2410 1205.0 1.7790 0.2210 1.7790 2.8168 2.4073
2420 1210.0 1.7775 0.2521 1.7775 2.8537 2.5134
2430 1215.0 1.7158 3.5410 1.7158 2.9324 2.5788
2440 1220.0 1.7148 3.6267 1.7148 2.9311 2.5631
2450 1225.0 1.7544 1.0398 1.7544 2.8461 2.4695
2460 1230.0 1.7571 0.9219 1.7571 2.8086 2.4382
2470 1235.0 1.7412 1.7294 1.7412 2.8113 2.4819
2480 1240.0 1.7385 1.8888 1.7385 2.8439 2.5675
2490 1245.0 1.7097 4.0812 1.7097 2.8974 2.5500
2500 1250.0 1.6914 5.8948 1.6914 2.9124 2.5891
2510 1255.0 1.7200 3.2034 1.7200 2.8244 2.6202
2520 1260.0 1.7686 0.4943 1.7686 2.7171 2.5899
2530 1265.0 1.7857 0.1023 1.7857 2.6660 2.5343
2540 1270.0 1.6976 5.2442 1.6976 2.7428 2.5505
2550 1275.0 1.6885 6.2152 1.6885 2.7907 2.5567
2560 1280.0 1.7209 3.1256 1.7209 2.7990 2.5130
2570 1285.0 1.7332 2.2289 1.7332 2.7857 2.5099
2580 1290.0 1.7443 1.5510 1.7443 2.7668 2.5469
2590 1295.0 1.7167 3.4696 1.7167 2.8225 2.5746
2600 1300.0 1.7057 4.4458 1.7057 2.8758 2.5663
2610 1305.0 1.7442 1.5593 1.7442 2.8434 2.5997
2620 1310.0 1.7189 3.2888 1.7189 2.8419 2.6685
2630 1315.0 1.7535 1.0824 1.7535 2.8492 2.6069
2640 1320.0 1.7507 1.2152 1.7507 2.9183 2.5778
2650 1325.0 1.7260 2.7350 1.7260 2.9988 2.5702
2660 1330.0 1.7014 4.8563 1.7014 3.0485 2.5349
2670 1335.0 1.7308 2.3923 1.7308 3.0151 2.6116
2680 1340.0 1.7911 0.0400 1.7911 3.0127 2.5454
2690 1345.0 1.7395 1.8304 1.7395 3.1382 2.3801
2700 1350.0 1.6720 8.1912 1.6720 3.3057 2.3548
2710 1355.0 1.6402 12.7687 1.6402 3.4020 2.4680
2720 1360.0 1.6370 13.2782 1.6370 3.3505 2.5113
2730 1365.0 1.7363 2.0315 1.7363 3.1570 2.4283
2740 1370.0 1.8107 0.0569 1.8107 2.9892 2.4239
2750 1375.0 1.7516 1.1728 1.7516 3.0251 2.5320
2760 1380.0 1.6457 11.9021 1.6457 3.1256 2.6078
2770 1385.0 1.6843 6.6895 1.6843 3.0890 2.5122
2780 1390.0 1.7279 2.5961 1.7279 2.9275 2.3488
2790 1395.0 1.7661 0.5735 1.7661 2.7947 2.3624
2800 1400.0 1.7616 0.7374 1.7616 2.8038 2.4602
2810 1405.0 1.6885 6.2130 1.6885 2.8854 2.5819
2820 1410.0 1.6739 7.9513 1.6739 2.8516 2.6015
2830 1415.0 1.7350 2.1115 1.7350 2.7027 2.5412
2840 1420.0 1.7886 0.0647 1.7886 2.5564 2.5298
2850 1425.0 1.7477 1.3666 1.7477 2.5842 2.6083
2860 1430.0 1.6934 5.6807 1.6934 2.6208 2.6603
2870 1435.0 1.7030 4.7023 1.7030 2.5991 2.6160
2880 1440.0 1.7033 4.6796 1.7033 2.5540 2.6156
2890 1445.0 1.7229 2.9713 1.7229 2.5236 2.6348
2900 1450.0 1.7516 1.1693 1.7516 2.5009 2.5821
2910 1455.0 1.7435 1.5984 1.7435 2.5466 2.5510
2920 1460.0 1.7307 2.4018 1.7307 2.6148 2.6225
2930 1465.0 1.6907 5.9732 1.6907 2.6867 2.6755
2940 1470.0 1.6777 7.4756 1.6777 2.7049 2.6491
2950 1475.0 1.7644 0.6323 1.7644 2.6343 2.6796
2960 1480.0 1.7991 0.0004 1.7991 2.6326 2.6390
2970 1485.0 1.7113 3.9309 1.7113 2.7893 2.6832
2980 1490.0 1.6668 8.8770 1.6668 2.9275 2.6680
2990 1495.0 1.7015 4.8469 1.7015 2.9604 2.5359
3000 1500.0 1.7374 1.9621 1.7374 2.9676 2.4339
3010 1505.0 1.7484 1.3319 1.7484 2.9897 2.4520
3020 1510.0 1.7066 4.3576 1.7066 3.0148 2.5605
3030 1515.0 1.6798 7.2190 1.6798 2.9789 2.6305
3040 1520.0 1.7709 0.4233 1.7709 2.9280 2.5255
3050 1525.0 1.7810 0.1802 1.7810 2.9552 2.4216
3060 1530.0 1.7045 4.5603 1.7045 3.0832 2.4260
3070 1535.0 1.6889 6.1667 1.6889 3.1101 2.5139
3080 1540.0 1.7033 4.6732 1.7033 3.0140 2.6117
3090 1545.0 1.7572 0.9147 1.7572 2.8674 2.5860
3100 1550.0 1.7970 0.0046 1.7970 2.8015 2.6034
3110 1555.0 1.7285 2.5579 1.7285 2.8840 2.5785
3120 1560.0 1.6944 5.5728 1.6944 2.9811 2.6102
3130 1565.0 1.6895 6.1011 1.6895 3.0480 2.5651
3140 1570.0 1.7084 4.1983 1.7084 3.0085 2.5376
3150 1575.0 1.7570 0.9254 1.7570 2.9226 2.6504
3160 1580.0 1.7048 4.5294 1.7048 2.8877 2.5857
3170 1585.0 1.6965 5.3510 1.6965 2.8553 2.5743
3180 1590.0 1.8000 0.0000 1.8000 2.8354 2.6815
3190 1595.0 1.7249 2.8182 1.7249 2.9861 2.5328
3200 1600.0 1.6671 8.8328 1.6671 3.1140 2.5323
3210 1605.0 1.7321 2.3050 1.7321 3.0785 2.6087
3220 1610.0 1.7381 1.9147 1.7381 3.0242 2.4450
3230 1615.0 1.7441 1.5616 1.7441 3.0034 2.3905
3240 1620.0 1.7888 0.0623 1.7888 2.9846 2.4721
3250 1625.0 1.7884 0.0668 1.7884 3.0326 2.5748
3260 1630.0 1.6834 6.7942 1.6834 3.0822 2.4578
3270 1635.0 1.6769 7.5818 1.6769 3.0564 2.4592
3280 1640.0 1.7859 0.0993 1.7859 2.9872 2.5756
3290 1645.0 1.7928 0.0260 1.7928 2.8656 2.6229
3300 1650.0 1.7242 2.8697 1.7242 2.8965 2.5760
3310 1655.0 1.7621 0.7193 1.7621 2.9185 2.6642
3320 1660.0 1.7687 0.4913 1.7687 2.9605 2.5323
3330 1665.0 1.7084 4.1943 1.7084 2.9925 2.4460
3340 1670.0 1.7551 1.0065 1.7551 2.9284 2.4990
3350 1675.0 1.7577 0.8934 1.7577 2.8666 2.6400
3360 1680.0 1.7339 2.1875 1.7339 2.8121 2.6535
3370 1685.0 1.7685 0.4948 1.7685 2.7540 2.6866
3380 1690.0 1.7851 0.1108 1.7851 2.7345 2.7214
3390 1695.0 1.7199 3.2058 1.7199 2.8130 2.6678
3400 1700.0 1.6966 5.3439 1.6966 2.8073 2.6755
3410 1705.0 1.7661 0.5738 1.7661 2.7051 2.6298
3420 1710.0 1.7905 0.0455 1.7905 2.7032 2.6764
3430 1715.0 1.6893 6.1242 1.6893 2.8199 2.6069
3440 1720.0 1.7478 1.3603 1.7478 2.7897 2.5693
3450 1725.0 1.8524 1.3720 1.8524 2.7345 2.6250
3460 1730.0 1.7942 0.0167 1.7942 2.8093 2.6145
3470 1735.0 1.6864 6.4566 1.6864 2.9182 2.6131
3480 1740.0 1.7249 2.8183 1.7249 2.8793 2.6725
3490 1745.0 1.7795 0.2094 1.7795 2.8129 2.5245
3500 1750.0 1.7649 0.6163 1.7649 2.7767 2.4943
3510 1755.0 1.7257 2.7619 1.7257 2.7873 2.5595
3520 1760.0 1.7671 0.5425 1.7671 2.8281 2.6266
3530 1765.0 1.7485 1.3267 1.7485 2.9405 2.6555
3540 1770.0 1.7268 2.6807 1.7268 2.9801 2.5729
3550 1775.0 1.7664 0.5649 1.7664 2.8832 2.5916
3560 1780.0 1.7907 0.0434 1.7907 2.8537 2.5613
3570 1785.0 1.7780 0.2429 1.7780 2.9546 2.6106
3580 1790.0 1.7103 4.0223 1.7103 3.1401 2.6903
3590 1795.0 1.6747 7.8554 1.6747 3.1889 2.6614
3600 1800.0 1.7764 0.2791 1.7764 3.0673 2.7787
3610 1805.0 1.8438 0.9605 1.8438 2.9553 2.7208
3620 1810.0 1.7905 0.0449 1.7905 2.9846 2.6893
3630 1815.0 1.6794 7.2706 1.6794 3.0902 2.6650
3640 1820.0 1.6603 9.7568 1.6603 3.1444 2.6183
3650 1825.0 1.7057 4.4494 1.7057 3.1345 2.6901
3660 1830.0 1.7428 1.6386 1.7428 3.0782 2.6689
3670 1835.0 1.7785 0.2315 1.7785 2.9934 2.6296
3680 1840.0 1.7652 0.6038 1.7652 2.9772 2.6408
3690 1845.0 1.6729 8.0820 1.6729 3.0369 2.7064
3700 1850.0 1.6676 8.7711 1.6676 2.9951 2.6805
3710 1855.0 1.7792 0.2163 1.7792 2.8295 2.5797
3720 1860.0 1.8375 0.7017 1.8375 2.7585 2.5689
3730 1865.0 1.7471 1.4014 1.7471 2.8580 2.6964
3740 1870.0 1.6679 8.7301 1.6679 2.9460 2.6133
3750 1875.0 1.7386 1.8835 1.7386 2.9106 2.6285
3760 1880.0 1.7832 0.1419 1.7832 2.8713 2.5770
3770 1885.0 1.7344 2.1494 1.7344 2.9303 2.5183
3780 1890.0 1.7351 2.1087 1.7351 3.0586 2.5731
3790 1895.0 1.7510 1.1997 1.7510 3.0967 2.6815
3800 1900.0 1.7105 4.0064 1.7105 3.0845 2.6619
3810 1905.0 1.7353 2.0956 1.7353 2.9830 2.5843
3820 1910.0 1.7434 1.5994 1.7434 2.8404 2.4877
3830 1915.0 1.7295 2.4820 1.7295 2.7927 2.4157
3840 1920.0 1.7276 2.6238 1.7276 2.8388 2.3834
3850 1925.0 1.6976 5.2385 1.6976 2.9357 2.4577
3860 1930.0 1.7041 4.6013 1.7041 3.0253 2.5342
3870 1935.0 1.6368 13.3142 1.6368 3.0360 2.5099
3880 1940.0 1.7521 1.1455 1.7521 2.8714 2.5795
3890 1945.0 1.6992 5.0764 1.6992 2.7795 2.4216
3900 1950.0 1.7110 3.9597 1.7110 2.7818 2.3372
3910 1955.0 1.6940 5.6174 1.6940 2.8430 2.4793
3920 1960.0 1.6867 6.4160 1.6867 2.8762 2.5060
3930 1965.0 1.6709 8.3338 1.6709 2.8131 2.4553
3940 1970.0 1.7970 0.0045 1.7970 2.6605 2.5243
3950 1975.0 1.7103 4.0232 1.7103 2.7221 2.5785
3960 1980.0 1.6383 13.0699 1.6383 2.8333 2.4667
3970 1985.0 1.6718 8.2225 1.6718 2.8194 2.5413
3980 1990.0 1.7570 0.9232 1.7570 2.7512 2.6321
3990 1995.0 1.7423 1.6672 1.7423 2.7633 2.5335
4000 2000.0 1.7223 3.0166 1.7223 2.8249 2.5773
4010 2005.0 1.7117 3.8985 1.7117 2.8642 2.5852
4020 2010.0 1.6962 5.3821 1.6962 2.8559 2.4441
4030 2015.0 1.7246 2.8403 1.7246 2.8457 2.5042
4040 2020.0 1.7369 1.9887 1.7369 2.9294 2.5589
4050 2025.0 1.6460 11.8515 1.6460 3.0768 2.5176
4060 2030.0 1.6663 8.9431 1.6663 3.0904 2.6209
4070 2035.0 1.7462 1.4469 1.7462 2.9519 2.5117
4080 2040.0 1.7998 0.0000 1.7998 2.8827 2.4627
4090 2045.0 1.7179 3.3692 1.7179 3.0370 2.4441
4100 2050.0 1.6653 9.0780 1.6653 3.2182 2.5362
4110 2055.0 1.6427 12.3788 1.6427 3.2607 2.5576
4120 2060.0 1.7324 2.2867 1.7324 3.1190 2.5949
4130 2065.0 1.8187 0.1747 1.8187 2.9690 2.6137
4140 2070.0 1.7384 1.9001 1.7384 2.9915 2.5176
4150 2075.0 1.7108 3.9749 1.7108 3.0698 2.5347
4160 2080.0 1.7555 0.9884 1.7555 3.1450 2.6191
4170 2085.0 1.6827 6.8763 1.6827 3.2679 2.5016
4180 2090.0 1.6941 5.6061 1.6941 3.3049 2.5772
4190 2095.0 1.6929 5.7400 1.6929 3.2485 2.4799
4200 2100.0 1.7816 0.1692 1.7816 3.1437 2.5015
4210 2105.0 1.7278 2.6093 1.7278 3.1745 2.5433
4220 2110.0 1.7074 4.2870 1.7074 3.2452 2.6681
4230 2115.0 1.7483 1.3361 1.7483 3.3234 2.5994
4240 2120.0 1.6975 5.2535 1.6975 3.3728 2.5028
4250 2125.0 1.7277 2.6169 1.7277 3.3955 2.5352
4260 2130.0 1.7418 1.6915 1.7418 3.3565 2.5647
4270 2135.0 1.6754 7.7683 1.6754 3.2494 2.5695
4280 2140.0 1.6823 6.9322 1.6823 3.1393 2.4836
4290 2145.0 1.7614 0.7455 1.7614 3.0612 2.4971
4300 2150.0 1.7938 0.0193 1.7938 3.0421 2.5026
4310 2155.0 1.7128 3.8052 1.7128 3.1827 2.5032
4320 2160.0 1.7129 3.7941 1.7129 3.3056 2.6237
4330 2165.0 1.7860 0.0986 1.7860 3.3975 2.6054
4340 2170.0 1.7381 1.9147 1.7381 3.4736 2.5017
4350 2175.0 1.6627 9.4206 1.6627 3.5534 2.5172
4360 2180.0 1.6719 8.2065 1.6719 3.4999 2.5914
4370 2185.0 1.7009 4.9094 1.7009 3.5401 2.5755
4380 2190.0 1.7167 3.4690 1.7167 3.4590 2.5579
4390 2195.0 1.7562 0.9572 1.7562 3.3527 2.5582
4400 2200.0 1.7285 2.5549 1.7285 3.3123 2.6043
4410 2205.0 1.7278 2.6087 1.7278 3.2844 2.6124
4420 2210.0 1.7353 2.0932 1.7353 3.2793 2.6230
4430 2215.0 1.7073 4.2958 1.7073 3.2656 2.6412
4440 2220.0 1.7040 4.6074 1.7040 3.2849 2.6530
4450 2225.0 1.7215 3.0810 1.7215 3.2986 2.6235
4460 2230.0 1.7616 0.7356 1.7616 3.2530 2.5361
4470 2235.0 1.7262 2.7252 1.7262 3.2895 2.4977
4480 2240.0 1.6709 8.3356 1.6709 3.3642 2.4144
4490 2245.0 1.6902 6.0326 1.6902 3.3785 2.4601
4500 2250.0 1.7580 0.8823 1.7580 3.3295 2.6173
4510 2255.0 1.7577 0.8956 1.7577 3.3479 2.6958
4520 2260.0 1.7178 3.3803 1.7178 3.3927 2.6344
4530 2265.0 1.7185 3.3177 1.7185 3.3707 2.6666
4540 2270.0 1.7420 1.6801 1.7420 3.2928 2.5647
4550 2275.0 1.7076 4.2668 1.7076 3.2362 2.4843
4560 2280.0 1.7189 3.2858 1.7189 3.2419 2.5339
4570 2285.0 1.7093 4.1093 1.7093 3.2801 2.6611
4580 2290.0 1.6903 6.0164 1.6903 3.2558 2.6614
4590 2295.0 1.7497 1.2666 1.7497 3.1315 2.6614
4600 2300.0 1.7722 0.3853 1.7722 3.0497 2.5596
4610 2305.0 1.7465 1.4294 1.7465 3.0887 2.4814
4620 2310.0 1.6707 8.3656 1.6707 3.2034 2.4497
4630 2315.0 1.6529 10.8197 1.6529 3.2403 2.5074
4640 2320.0 1.7387 1.8810 1.7387 3.1131 2.5547
4650 2325.0 1.8086 0.0374 1.8086 3.0047 2.5804
4660 2330.0 1.7488 1.3083 1.7488 3.0826 2.5739
4670 2335.0 1.6850 6.6127 1.6850 3.2170 2.5750
4680 2340.0 1.6979 5.2101 1.6979 3.2013 2.5205
4690 2345.0 1.7189 3.2883 1.7189 3.1103 2.5229
4700 2350.0 1.7834 0.1372 1.7834 3.0882 2.6064
4710 2355.0 1.7312 2.3698 1.7312 3.2325 2.6929
4720 2360.0 1.6658 9.0016 1.6658 3.3324 2.6112
4730 2365.0 1.6927 5.7579 1.6927 3.2990 2.6562
4740 2370.0 1.7554 0.9941 1.7554 3.1866 2.6717
4750 2375.0 1.7203 3.1786 1.7203 3.1649 2.5985
4760 2380.0 1.7122 3.8523 1.7122 3.2525 2.6605
4770 2385.0 1.7119 3.8849 1.7119 3.2647 2.6826
4780 2390.0 1.7131 3.7775 1.7131 3.2037 2.6231
4790 2395.0 1.7587 0.8548 1.7587 3.1385 2.6644
4800 2400.0 1.7721 0.3882 1.7721 3.1735 2.6904
4810 2405.0 1.6921 5.8171 1.6921 3.2354 2.6695
4820 2410.0 1.6562 10.3386 1.6562 3.2321 2.6096
4830 2415.0 1.7690 0.4813 1.7690 3.1669 2.6698
4840 2420.0 1.7598 0.8072 1.7598 3.0737 2.5426
4850 2425.0 1.7301 2.4432 1.7301 3.0501 2.4782
4860 2430.0 1.7738 0.3430 1.7738 3.0159 2.5244
4870 2435.0 1.7826 0.1522 1.7826 3.0753 2.6377
4880 2440.0 1.6917 5.8634 1.6917 3.1279 2.6178
4890 2445.0 1.6529 10.8159 1.6529 3.1107 2.5665
4900 2450.0 1.7489 1.3080 1.7489 2.9946 2.6354
4910 2455.0 1.7824 0.1544 1.7824 2.9185 2.6657
4920 2460.0 1.7040 4.6043 1.7040 2.8838 2.6390
4930 2465.0 1.7312 2.3700 1.7312 2.7951 2.7492
4940 2470.0 1.7517 1.1680 1.7517 2.6863 2.5327
4950 2475.0 1.7139 3.7109 1.7139 2.6830 2.4446
4960 2480.0 1.7376 1.9453 1.7376 2.7535 2.5959
4970 2485.0 1.6950 5.5174 1.6950 2.8127 2.5705
4980 2490.0 1.6998 5.0160 1.6998 2.7137 2.5664
4990 2495.0 1.7926 0.0275 1.7926 2.5197 2.7255
5000 2500.0 1.7831 0.1422 1.7831 2.4956 2.6763
5010 2505.0 1.6763 7.6564 1.6763 2.5718 2.5229
5020 2510.0 1.6849 6.6232 1.6849 2.5973 2.4821
5030 2515.0 1.8119 0.0708 1.8119 2.6490 2.6464
5040 2520.0 1.7616 0.7383 1.7616 2.8472 2.5394
5050 2525.0 1.7068 4.3442 1.7068 2.9880 2.4435
5060 2530.0 1.7691 0.4784 1.7691 2.9450 2.5512
5070 2535.0 1.8088 0.0389 1.8088 2.9058 2.5105
5080 2540.0 1.7190 3.2797 1.7190 2.9967 2.3765
5090 2545.0 1.7094 4.1000 1.7094 3.0707 2.3929
5100 2550.0 1.7470 1.4058 1.7470 3.1443 2.5723
5110 2555.0 1.6893 6.1321 1.6893 3.2232 2.4600
5120 2560.0 1.7063 4.3875 1.7063 3.2387 2.4248
5130 2565.0 1.7845 0.1195 1.7845 3.1584 2.5006
5140 2570.0 1.8232 0.2681 1.8232 3.1225 2.5732
5150 2575.0 1.7202 3.1837 1.7202 3.3279 2.5334
5160 2580.0 1.5955 20.9094 1.5955 3.5210 2.5349
5170 2585.0 1.6133 17.4281 1.6133 3.4872 2.6213
5180 2590.0 1.7079 4.2397 1.7079 3.3588 2.6733
5190 2595.0 1.8070 0.0246 1.8070 3.1828 2.6553
5200 2600.0 1.7966 0.0057 1.7966 3.1695 2.5990
5210 2605.0 1.6910 5.9403 1.6910 3.2966 2.5426
5220 2610.0 1.6374 13.2155 1.6374 3.3650 2.6084
5230 2615.0 1.6691 8.5653 1.6691 3.3041 2.5213
5240 2620.0 1.6946 5.5497 1.6946 3.1326 2.3469
5250 2625.0 1.7985 0.0011 1.7985 2.9919 2.3844
5260 2630.0 1.7555 0.9895 1.7555 3.0505 2.6101
5270 2635.0 1.6254 15.2421 1.6254 3.1302 2.5146
5280 2640.0 1.7550 1.0142 1.7550 3.0049 2.5400
5290 2645.0 1.8004 0.0001 1.8004 2.9188 2.4954
5300 2650.0 1.6807 7.1164 1.6807 3.0265 2.4658
5310 2655.0 1.6683 8.6697 1.6683 3.0883 2.5643
5320 2660.0 1.7078 4.2488 1.7078 2.9723 2.4703
5330 2665.0 1.7802 0.1968 1.7802 2.7951 2.3282
5340 2670.0 1.7280 2.5935 1.7280 2.7439 2.2685
5350 2675.0 1.7455 1.4869 1.7455 2.7576 2.3114
5360 2680.0 1.7431 1.6166 1.7431 2.9053 2.4616
5370 2685.0 1.7123 3.8461 1.7123 3.0780 2.6829
5380 2690.0 1.7175 3.4064 1.7175 3.1566 2.4466
5390 2695.0 1.6893 6.1252 1.6893 2.9874 2.3057
5400 2700.0 1.7943 0.0164 1.7943 2.9617 2.4618
5410 2705.0 1.6437 12.2118 1.6437 3.0253 2.4042
5420 2710.0 1.6732 8.0394 1.6732 3.0230 2.5350
5430 2715.0 1.8659 2.1682 1.8659 2.9778 2.5521
5440 2720.0 1.8029 0.0041 1.8029 3.0865 2.4673
5450 2725.0 1.6459 11.8689 1.6459 3.3153 2.5644
5460 2730.0 1.5812 23.9315 1.5812 3.3722 2.5472
5470 2735.0 1.7368 1.9985 1.7368 3.2078 2.6373
5480 2740.0 1.8807 3.2542 1.8807 2.9245 2.5942
5490 2745.0 1.8010 0.0005 1.8010 2.8935 2.7040
5500 2750.0 1.6440 12.1632 1.6440 2.8984 2.5959
5510 2755.0 1.7050 4.5089 1.7050 2.8472 2.5424
5520 2760.0 1.7458 1.4711 1.7458 2.6603 2.3482
5530 2765.0 1.7937 0.0197 1.7937 2.6464 2.3558
5540 2770.0 1.7440 1.5702 1.7440 2.8232 2.5376
5550 2775.0 1.6295 14.5318 1.6295 2.9578 2.6461
5560 2780.0 1.7728 0.3686 1.7728 2.8993 2.5321
5570 2785.0 1.8272 0.3692 1.8272 2.8796 2.4380
5580 2790.0 1.7755 0.3003 1.7755 2.9891 2.4660
5590 2795.0 1.7324 2.2831 1.7324 3.1335 2.4210
5600 2800.0 1.7138 3.7192 1.7138 3.1390 2.4096
5610 2805.0 1.7292 2.5046 1.7292 3.0560 2.4918
5620 2810.0 1.8081 0.0330 1.8081 2.8890 2.5596
5630 2815.0 1.7803 0.1931 1.7803 2.8701 2.6057
5640 2820.0 1.6665 8.9175 1.6665 2.9635 2.4580
5650 2825.0 1.7248 2.8289 1.7248 2.8827 2.3152
5660 2830.0 1.8209 0.2184 1.8209 2.6440 2.2728
5670 2835.0 1.7544 1.0413 1.7544 2.6229 2.2159
5680 2840.0 1.6643 9.2048 1.6643 2.7335 2.2155
5690 2845.0 1.6772 7.5351 1.6772 2.7036 2.3974
5700 2850.0 1.7847 0.1178 1.7847 2.4663 2.6336
5710 2855.0 1.8119 0.0702 1.8119 2.4108 2.7062
5720 2860.0 1.7031 4.6984 1.7031 2.5744 2.6160
5730 2865.0 1.6475 11.6244 1.6475 2.7014 2.5705
5740 2870.0 1.6691 8.5624 1.6691 2.6771 2.5946
5750 2875.0 1.7930 0.0244 1.7930 2.5388 2.6573
5760 2880.0 1.7594 0.8226 1.7594 2.5744 2.6868
5770 2885.0 1.6572 10.1998 1.6572 2.6619 2.5435
5780 2890.0 1.7333 2.2234 1.7333 2.5200 2.4651
5790 2895.0 1.7541 1.0554 1.7541 2.4239 2.4089
5800 2900.0 1.7150 3.6113 1.7150 2.4593 2.2625
5810 2905.0 1.7125 3.8288 1.7125 2.5613 2.1607
5820 2910.0 1.7227 2.9842 1.7227 2.6024 2.2149
5830 2915.0 1.7962 0.0073 1.7962 2.5688 2.3416
5840 2920.0 1.7746 0.3214 1.7746 2.6368 2.4409
5850 2925.0 1.7544 1.0398 1.7544 2.7106 2.5079
5860 2930.0 1.7703 0.4421 1.7703 2.7382 2.5423
5870 2935.0 1.7951 0.0120 1.7951 2.7706 2.5797
5880 2940.0 1.7447 1.5315 1.7447 2.8649 2.5492
5890 2945.0 1.7265 2.6985 1.7265 2.8674 2.5140
5900 2950.0 1.7822 0.1580 1.7822 2.7294 2.4940
5910 2955.0 1.7912 0.0388 1.7912 2.6244 2.4201
5920 2960.0 1.7484 1.3320 1.7484 2.6202 2.2571
5930 2965.0 1.7413 1.7233 1.7413 2.6041 2.1930
5940 2970.0 1.7638 0.6552 1.7638 2.5685 2.2573
5950 2975.0 1.7945 0.0152 1.7945 2.5421 2.3952
5960 2980.0 1.7655 0.5942 1.7655 2.6233 2.5059
5970 2985.0 1.7082 4.2156 1.7082 2.7557 2.5142
5980 2990.0 1.7340 2.1811 1.7340 2.8006 2.4648
5990 2995.0 1.8012 0.0007 1.8012 2.7571 2.4561
6000 3000.0 1.7740 0.3387 1.7740 2.7858 2.4740
6010 3005.0 1.7039 4.6213 1.7039 2.8027 2.5131
6020 3010.0 1.7316 2.3413 1.7316 2.7476 2.4807
6030 3015.0 1.7803 0.1950 1.7803 2.6397 2.4346
6040 3020.0 1.7547 1.0250 1.7547 2.6546 2.3967
6050 3025.0 1.7367 2.0028 1.7367 2.7226 2.3970
6060 3030.0 1.7354 2.0871 1.7354 2.7770 2.4875
6070 3035.0 1.7756 0.2970 1.7756 2.7678 2.5403
6080 3040.0 1.7736 0.3494 1.7736 2.7710 2.5111
6090 3045.0 1.6923 5.8001 1.6923 2.8446 2.5527
6100 3050.0 1.6943 5.5912 1.6943 2.8247 2.5624
6110 3055.0 1.7768 0.2681 1.7768 2.6946 2.5221
6120 3060.0 1.7924 0.0291 1.7924 2.6336 2.5136
6130 3065.0 1.7210 3.1239 1.7210 2.6769 2.4204
6140 3070.0 1.7112 3.9470 1.7112 2.6650 2.4046
6150 3075.0 1.7754 0.3028 1.7754 2.5984 2.4779
6160 3080.0 1.7993 0.0003 1.7993 2.5785 2.4946
6170 3085.0 1.7205 3.1565 1.7205 2.6639 2.5056
6180 3090.0 1.7127 3.8080 1.7127 2.6852 2.4471
6190 3095.0 1.7756 0.2965 1.7756 2.6230 2.3353
6200 3100.0 1.7472 1.3928 1.7472 2.6474 2.3423
6210 3105.0 1.6933 5.6906 1.6933 2.7269 2.4601
6220 3110.0 1.7066 4.3623 1.7066 2.7176 2.4893
6230 3115.0 1.7693 0.4700 1.7693 2.6402 2.4803
6240 3120.0 1.7791 0.2179 1.7791 2.6073 2.4678
6250 3125.0 1.7136 3.7317 1.7136 2.6531 2.3624
6260 3130.0 1.7200 3.2023 1.7200 2.6415 2.3185
6270 3135.0 1.7543 1.0459 1.7543 2.6217 2.3200
6280 3140.0 1.7632 0.6757 1.7632 2.6429 2.3728
6290 3145.0 1.7342 2.1643 1.7342 2.7308 2.4477
6300 3150.0 1.7419 1.6879 1.7419 2.7909 2.5226
6310 3155.0 1.7547 1.0266 1.7547 2.8302 2.4503
6320 3160.0 1.7183 3.3380 1.7183 2.9076 2.4343
6330 3165.0 1.7347 2.1303 1.7347 2.8774 2.4793
6340 3170.0 1.7558 0.9773 1.7558 2.7950 2.4923
6350 3175.0 1.7509 1.2031 1.7509 2.7235 2.4826
6360 3180.0 1.7178 3.3785 1.7178 2.7185 2.3752
6370 3185.0 1.7133 3.7620 1.7133 2.6981 2.3527
6380 3190.0 1.7692 0.4753 1.7692 2.6157 2.4315
6390 3195.0 1.7565 0.9481 1.7565 2.6458 2.5135
6400 3200.0 1.6931 5.7168 1.6931 2.7536 2.5655
6410 3205.0 1.6980 5.1979 1.6980 2.7486 2.5665
6420 3210.0 1.7981 0.0019 1.7981 2.6195 2.6398
6430 3215.0 1.7949 0.0132 1.7949 2.6188 2.6644
6440 3220.0 1.6929 5.7326 1.6929 2.7335 2.5024
6450 3225.0 1.6900 6.0537 1.6900 2.7428 2.3537
6460 3230.0 1.7987 0.0008 1.7987 2.5840 2.3373
6470 3235.0 1.8184 0.1693 1.8184 2.5376 2.3598
6480 3240.0 1.7292 2.5051 1.7292 2.6266 2.4022
6490 3245.0 1.6765 7.6262 1.6765 2.6968 2.5253
6500 3250.0 1.7707 0.4289 1.7707 2.5983 2.7144
6510 3255.0 1.8312 0.4872 1.8312 2.5787 2.6511
6520 3260.0 1.7206 3.1549 1.7206 2.6970 2.6280
6530 3265.0 1.6616 9.5772 1.6616 2.7303 2.6410
6540 3270.0 1.7552 1.0053 1.7552 2.5838 2.6283
6550 3275.0 1.8264 0.3485 1.8264 2.4824 2.5362
6560 3280.0 1.7510 1.2009 1.7510 2.5660 2.4139
6570 3285.0 1.6933 5.6904 1.6933 2.6343 2.3394
6580 3290.0 1.8251 0.3162 1.8251 2.4608 2.4703
6590 3295.0 1.8246 0.3034 1.8246 2.4586 2.5720
6600 3300.0 1.6604 9.7506 1.6604 2.6424 2.5349
6610 3305.0 1.6576 10.1376 1.6576 2.7227 2.5913
6620 3310.0 1.7888 0.0622 1.7888 2.6874 2.7460
6630 3315.0 1.7731 0.3623 1.7731 2.7105 2.7692
6640 3320.0 1.7133 3.7601 1.7133 2.7173 2.7171
6650 3325.0 1.7426 1.6454 1.7426 2.6436 2.6238
6660 3330.0 1.6762 7.6656 1.6762 2.5796 2.4899
6670 3335.0 1.6388 12.9904 1.6388 2.5099 2.4254
6680 3340.0 1.8378 0.7152 1.8378 2.4097 2.4884
6690 3345.0 1.7378 1.9319 1.7378 2.5798 2.4658
6700 3350.0 1.6721 8.1731 1.6721 2.6590 2.4667
6710 3355.0 1.8486 1.1816 1.8486 2.5221 2.5424
6720 3360.0 1.8846 3.5779 1.8846 2.5237 2.5827
6730 3365.0 1.6979 5.2102 1.6979 2.7520 2.5160
6740 3370.0 1.6677 8.7566 1.6677 2.9443 2.3751
6750 3375.0 1.7724 0.3811 1.7724 2.9304 2.4700
6760 3380.0 1.8157 0.1233 1.8157 2.9062 2.6326
6770 3385.0 1.7733 0.3562 1.7733 2.8050 2.5147
6780 3390.0 1.7845 0.1198 1.7845 2.7228 2.3924
6790 3395.0 1.8149 0.1114 1.8149 2.6911 2.3121
6800 3400.0 1.7568 0.9319 1.7568 2.7183 2.2367
6810 3405.0 1.6611 9.6406 1.6611 2.7225 2.2674
6820 3410.0 1.7788 0.2256 1.7788 2.6696 2.4341
6830 3415.0 1.8737 2.7143 1.8737 2.7295 2.5771
6840 3420.0 1.6801 7.1833 1.6801 2.8815 2.5501
6850 3425.0 1.6291 14.6004 1.6291 2.9087 2.5933
6860 3430.0 1.8261 0.3410 1.8261 2.9268 2.6231
6870 3435.0 1.8233 0.2712 1.8233 2.8823 2.4586
6880 3440.0 1.6776 7.4933 1.6776 2.9230 2.3834
6890 3445.0 1.7354 2.0834 1.7354 2.9411 2.4923
6900 3450.0 1.7995 0.0001 1.7995 2.8720 2.6720
6910 3455.0 1.6848 6.6356 1.6848 2.8185 2.6912
6920 3460.0 1.7546 1.0292 1.7546 2.7378 2.7182
6930 3465.0 1.8378 0.7158 1.8378 2.6872 2.7444
6940 3470.0 1.7271 2.6595 1.7271 2.7626 2.6493
6950 3475.0 1.6910 5.9455 1.6910 2.8911 2.5538
6960 3480.0 1.6932 5.7013 1.6932 2.8137 2.4288
6970 3485.0 1.7984 0.0013 1.7984 2.6818 2.3913
6980 3490.0 1.7957 0.0092 1.7957 2.7069 2.4245
6990 3495.0 1.7438 1.5787 1.7438 2.8564 2.5259
7000 3500.0 1.7040 4.6093 1.7040 2.7879 2.5086
7010 3505.0 1.6685 8.6458 1.6685 2.6948 2.5061
7020 3510.0 1.7746 0.3231 1.7746 2.7633 2.5848
7030 3515.0 1.7847 0.1177 1.7847 2.7583 2.6220
7040 3520.0 1.7238 2.9026 1.7238 2.7637 2.5594
7050 3525.0 1.7477 1.3659 1.7477 2.7239 2.6160
7060 3530.0 1.8031 0.0049 1.8031 2.6810 2.6178
7070 3535.0 1.7358 2.0586 1.7358 2.6568 2.5538
7080 3540.0 1.6947 5.5461 1.6947 2.6400 2.5491
7090 3545.0 1.7653 0.6027 1.7653 2.7318 2.6256
7100 3550.0 1.7794 0.2112 1.7794 2.7100 2.7127
7110 3555.0 1.6925 5.7752 1.6925 2.7947 2.6772
7120 3560.0 1.7099 4.0567 1.7099 2.7889 2.7025
7130 3565.0 1.8032 0.0052 1.8032 2.7092 2.7477
7140 3570.0 1.7382 1.9094 1.7382 2.8096 2.6419
7150 3575.0 1.6821 6.9460 1.6821 2.7640 2.4917
7160 3580.0 1.7563 0.9539 1.7563 2.6889 2.4606
7170 3585.0 1.8210 0.2214 1.8210 2.6292 2.4444
7180 3590.0 1.7335 2.2141 1.7335 2.6820 2.3912
7190 3595.0 1.6818 6.9881 1.6818 2.7531 2.4321
7200 3600.0 1.7984 0.0013 1.7984 2.7367 2.5856
7210 3605.0 1.8210 0.2207 1.8210 2.7052 2.6282
7220 3610.0 1.6809 7.0933 1.6809 2.6640 2.5148
7230 3615.0 1.6634 9.3231 1.6634 2.6572 2.4972
7240 3620.0 1.7935 0.0214 1.7935 2.6861 2.6124
7250 3625.0 1.8532 1.4131 1.8532 2.6839 2.6185
7260 3630.0 1.6931 5.7157 1.6931 2.7289 2.4937
7270 3635.0 1.6643 9.2016 1.6643 2.6733 2.3777
7280 3640.0 1.8203 0.2051 1.8203 2.5342 2.4315
7290 3645.0 1.8206 0.2124 1.8206 2.4645 2.4416
7300 3650.0 1.6959 5.4137 1.6959 2.5121 2.3838
7310 3655.0 1.6822 6.9339 1.6822 2.6608 2.4433
7320 3660.0 1.7511 1.1978 1.7511 2.6868 2.4709
7330 3665.0 1.7898 0.0522 1.7898 2.6220 2.3528
7340 3670.0 1.7492 1.2918 1.7492 2.6354 2.3075
7350 3675.0 1.7257 2.7635 1.7257 2.7421 2.3997
7360 3680.0 1.7074 4.2890 1.7074 2.5629 2.5205
7370 3685.0 1.7050 4.5171 1.7050 2.4660 2.4847
7380 3690.0 1.8136 0.0920 1.8136 2.5889 2.4743
7390 3695.0 1.7055 4.4642 1.7055 2.7148 2.3634
7400 3700.0 1.6863 6.4654 1.6863 2.7399 2.3542
7410 3705.0 1.7813 0.1743 1.7813 2.6353 2.3797
7420 3710.0 1.7094 4.1061 1.7094 2.5628 2.4444
7430 3715.0 1.7101 4.0420 1.7101 2.6361 2.5667
7440 3720.0 1.8567 1.6050 1.8567 2.7105 2.5852
7450 3725.0 1.8038 0.0072 1.8038 2.7804 2.5573
7460 3730.0 1.6346 13.6815 1.6346 2.9295 2.4798
7470 3735.0 1.6641 9.2305 1.6641 2.8443 2.4649
7480 3740.0 1.7927 0.0263 1.7927 2.5887 2.3777
7490 3745.0 1.8555 1.5398 1.8555 2.4809 2.4156
7500 3750.0 1.7145 3.6544 1.7145 2.6291 2.4800
7510 3755.0 1.6379 13.1442 1.6379 2.7039 2.3644
7520 3760.0 1.7552 1.0039 1.7552 2.5667 2.4562
7530 3765.0 1.8105 0.0548 1.8105 2.5294 2.5223
7540 3770.0 1.7342 2.1622 1.7342 2.6559 2.5112
7550 3775.0 1.7134 3.7509 1.7134 2.6973 2.4888
7560 3780.0 1.7473 1.3864 1.7473 2.6508 2.4332
7570 3785.0 1.7663 0.5680 1.7663 2.6149 2.3984
7580 3790.0 1.7359 2.0560 1.7359 2.6495 2.4127
7590 3795.0 1.7378 1.9323 1.7378 2.6525 2.4597
7600 3800.0 1.7420 1.6834 1.7420 2.6148 2.4467
7610 3805.0 1.7374 1.9622 1.7374 2.5798 2.4454
7620 3810.0 1.7605 0.7810 1.7605 2.6381 2.4406
7630 3815.0 1.7309 2.3897 1.7309 2.6585 2.3900
7640 3820.0 1.7052 4.4946 1.7052 2.6750 2.3943
7650 3825.0 1.7862 0.0947 1.7862 2.6653 2.4865
7660 3830.0 1.7852 0.1096 1.7852 2.6946 2.5544
7670 3835.0 1.6872 6.3657 1.6872 2.6532 2.5834
7680 3840.0 1.7594 0.8224 1.7594 2.7449 2.5990
7690 3845.0 1.7705 0.4353 1.7705 2.8370 2.5497
7700 3850.0 1.6865 6.4384 1.6865 2.9279 2.4592
7710 3855.0 1.7612 0.7531 1.7612 2.8727 2.5156
7720 3860.0 1.8130 0.0845 1.8130 2.7481 2.5752
7730 3865.0 1.7256 2.7649 1.7256 2.6261 2.4302
7740 3870.0 1.6685 8.6404 1.6685 2.5835 2.3461
7750 3875.0 1.6982 5.1792 1.6982 2.6079 2.3792
7760 3880.0 1.7728 0.3711 1.7728 2.6992 2.5227
7770 3885.0 1.7940 0.0183 1.7940 2.7376 2.5660
7780 3890.0 1.7283 2.5714 1.7283 2.7581 2.4772
7790 3895.0 1.7383 1.9014 1.7383 2.7838 2.5255
7800 3900.0 1.7135 3.7442 1.7135 2.8201 2.6321
7810 3905.0 1.7105 4.0087 1.7105 2.7750 2.6325
7820 3910.0 1.8233 0.2726 1.8233 2.6063 2.5874
7830 3915.0 1.7870 0.0851 1.7870 2.5796 2.5029
7840 3920.0 1.6716 8.2425 1.6716 2.6412 2.3886
7850 3925.0 1.6864 6.4515 1.6864 2.6132 2.3641
7860 3930.0 1.7862 0.0957 1.7862 2.5220 2.4582
7870 3935.0 1.7240 2.8877 1.7240 2.5871 2.4764
7880 3940.0 1.7121 3.8672 1.7121 2.6098 2.5123
7890 3945.0 1.8039 0.0078 1.8039 2.5658 2.4982
7900 3950.0 1.7770 0.2641 1.7770 2.6532 2.4172
7910 3955.0 1.6702 8.4228 1.6702 2.8167 2.3962
7920 3960.0 1.7037 4.6390 1.7037 2.8174 2.3304
7930 3965.0 1.7930 0.0242 1.7930 2.7176 2.2888
7940 3970.0 1.7758 0.2935 1.7758 2.7124 2.3840
7950 3975.0 1.6882 6.2497 1.6882 2.7702 2.2685
7960 3980.0 1.7586 0.8576 1.7586 2.6909 2.2538
7970 3985.0 1.8317 0.5018 1.8317 2.6131 2.3424
7980 3990.0 1.7130 3.7811 1.7130 2.7328 2.3719
7990 3995.0 1.6820 6.9673 1.6820 2.7963 2.4758
8000 4000.0 1.8256 0.3278 1.8256 2.7461 2.4686
8010 4005.0 1.8027 0.0036 1.8027 2.8504 2.4106
8020 4010.0 1.6781 7.4298 1.6781 3.0646 2.4388
8030 4015.0 1.6874 6.3375 1.6874 3.1445 2.2950
8040 4020.0 1.8367 0.6737 1.8367 2.9820 2.3691
8050 4025.0 1.8421 0.8845 1.8421 2.8847 2.4523
8060 4030.0 1.6921 5.8159 1.6921 2.8631 2.5517
8070 4035.0 1.7442 1.5569 1.7442 2.6850 2.6044
8080 4040.0 1.8649 2.1035 1.8649 2.5244 2.6814
8090 4045.0 1.7552 1.0023 1.7552 2.6285 2.6821
8100 4050.0 1.6751 7.7982 1.6751 2.5333 2.6893
8110 4055.0 1.8235 0.2760 1.8235 2.6422 2.6147
8120 4060.0 1.7837 0.1333 1.7837 2.8024 2.4796
8130 4065.0 1.5982 20.3678 1.5982 2.9047 2.3684
8140 4070.0 1.8091 0.0410 1.8091 2.7969 2.4821
8150 4075.0 1.9069 5.7187 1.9069 2.6309 2.6215
8160 4080.0 1.6905 6.0006 1.6905 2.4696 2.6683
8170 4085.0 1.6589 9.9546 1.6589 2.4871 2.6725
8180 4090.0 1.8711 2.5269 1.8711 2.6904 2.7041
8190 4095.0 1.8544 1.4796 1.8544 2.7642 2.6452
8200 4100.0 1.6839 6.7435 1.6839 2.7746 2.4160
8210 4105.0 1.7306 2.4057 1.7306 2.8785 2.3374
8220 4110.0 1.6827 6.8799 1.6827 2.9711 2.4348
8230 4115.0 1.7695 0.4650 1.7695 2.9192 2.4265
8240 4120.0 1.8348 0.6071 1.8348 2.7933 2.4606
8250 4125.0 1.7256 2.7662 1.7256 2.8309 2.3018
8260 4130.0 1.6703 8.4145 1.6703 2.7569 2.2020
8270 4135.0 1.7264 2.7070 1.7264 2.5897 2.2353
8280 4140.0 1.7379 1.9303 1.7379 2.5520 2.4050
8290 4145.0 1.8362 0.6565 1.8362 2.6590 2.5770
8300 4150.0 1.8272 0.3687 1.8272 2.7651 2.5186
8310 4155.0 1.7167 3.4696 1.7167 2.8573 2.3818
8320 4160.0 1.6597 9.8428 1.6597 2.9221 2.4063
8330 4165.0 1.7720 0.3926 1.7720 2.7481 2.4907
8340 4170.0 1.8202 0.2036 1.8202 2.6707 2.4634
8350 4175.0 1.7040 4.6065 1.7040 2.7262 2.3492
8360 4180.0 1.6732 8.0377 1.6732 2.7459 2.3361
8370 4185.0 1.7705 0.4340 1.7705 2.6227 2.4725
8380 4190.0 1.8014 0.0010 1.8014 2.6062 2.5777
8390 4195.0 1.7369 1.9929 1.7369 2.6882 2.5977
8400 4200.0 1.6641 9.2342 1.6641 2.7009 2.6180
8410 4205.0 1.7143 3.6688 1.7143 2.5731 2.6790
8420 4210.0 1.8435 0.9447 1.8435 2.3857 2.6969
8430 4215.0 1.7598 0.8066 1.7598 2.4665 2.5870
8440 4220.0 1.6526 10.8629 1.6526 2.5720 2.5881
8450 4225.0 1.7222 3.0256 1.7222 2.4748 2.6133
8460 4230.0 1.7656 0.5931 1.7656 2.3539 2.6760
8470 4235.0 1.7577 0.8927 1.7577 2.3807 2.6388
8480 4240.0 1.7394 1.8345 1.7394 2.4879 2.5611
8490 4245.0 1.6544 10.6042 1.6544 2.6140 2.5028
8500 4250.0 1.7440 1.5664 1.7440 2.5454 2.5943
8510 4255.0 1.8614 1.8858 1.8614 2.4888 2.6194
8520 4260.0 1.7768 0.2699 1.7768 2.6718 2.4615
8530 4265.0 1.6586 9.9909 1.6586 2.8104 2.3130
8540 4270.0 1.7127 3.8118 1.7127 2.8246 2.3268
8550 4275.0 1.8463 1.0720 1.8463 2.7471 2.4188
8560 4280.0 1.8424 0.8974 1.8424 2.7833 2.4060
8570 4285.0 1.6964 5.3703 1.6964 2.9168 2.3196
8580 4290.0 1.6844 6.6832 1.6844 2.8903 2.3326
8590 4295.0 1.7798 0.2034 1.7798 2.7918 2.4067
8600 4300.0 1.8292 0.4267 1.8292 2.6851 2.4953
8610 4305.0 1.7932 0.0232 1.7932 2.5299 2.5690
8620 4310.0 1.7886 0.0653 1.7886 2.4551 2.4449
8630 4315.0 1.7971 0.0043 1.7971 2.4960 2.2869
8640 4320.0 1.6419 12.5003 1.6419 2.6211 2.1408
8650 4325.0 1.7022 4.7853 1.7022 2.6340 2.2346
8660 4330.0 1.8892 3.9781 1.8892 2.5692 2.4530
8670 4335.0 1.8295 0.4337 1.8295 2.6138 2.5302
8680 4340.0 1.6777 7.4829 1.6777 2.7193 2.4162
8690 4345.0 1.6373 13.2336 1.6373 2.8095 2.3904
8700 4350.0 1.7857 0.1025 1.7857 2.7655 2.6244
8710 4355.0 1.8602 1.8126 1.8602 2.6343 2.6512
8720 4360.0 1.6850 6.6106 1.6850 2.5717 2.5214
8730 4365.0 1.6822 6.9353 1.6822 2.4748 2.4367
8740 4370.0 1.7785 0.2319 1.7785 2.4052 2.4361
8750 4375.0 1.7589 0.8457 1.7589 2.4843 2.4149
8760 4380.0 1.7215 3.0847 1.7215 2.6794 2.4361
8770 4385.0 1.7046 4.5545 1.7046 2.5303 2.5574
8780 4390.0 1.7236 2.9212 1.7236 2.5832 2.6671
8790 4395.0 1.8146 0.1066 1.8146 2.5383 2.4408
8800 4400.0 1.7023 4.7759 1.7023 2.6512 2.2789
8810 4405.0 1.6806 7.1314 1.6806 2.6884 2.3186
8820 4410.0 1.6893 6.1287 1.6893 2.6313 2.5034
8830 4415.0 1.6728 8.0863 1.6728 2.5900 2.5737
8840 4420.0 1.7777 0.2486 1.7777 2.5869 2.4599
8850 4425.0 1.7299 2.4562 1.7299 2.7210 2.3222
8860 4430.0 1.6533 10.7532 1.6533 2.7654 2.2957
8870 4435.0 1.7586 0.8555 1.7586 2.6943 2.3920
8880 4440.0 1.8093 0.0430 1.8093 2.6120 2.4917
8890 4445.0 1.7596 0.8151 1.7596 2.5545 2.5493
8900 4450.0 1.7475 1.3758 1.7475 2.4688 2.5580
8910 4455.0 1.7615 0.7415 1.7615 2.4726 2.5476
8920 4460.0 1.7607 0.7730 1.7607 2.5871 2.4330
8930 4465.0 1.7066 4.3609 1.7066 2.6939 2.3003
8940 4470.0 1.7025 4.7552 1.7025 2.6943 2.2087
8950 4475.0 1.7866 0.0900 1.7866 2.6441 2.2530
8960 4480.0 1.7754 0.3022 1.7754 2.7000 2.3264
8970 4485.0 1.7353 2.0915 1.7353 2.6793 2.3374
8980 4490.0 1.7256 2.7659 1.7256 2.7062 2.4256
8990 4495.0 1.7687 0.4886 1.7687 2.7959 2.3224
9000 4500.0 1.7478 1.3602 1.7478 2.7843 2.2258
9010 4505.0 1.6902 6.0266 1.6902 2.7937 2.1942
9020 4510.0 1.7065 4.3701 1.7065 2.7036 2.2661
9030 4515.0 1.7595 0.8217 1.7595 2.5656 2.3559
9040 4520.0 1.7637 0.6600 1.7637 2.6007 2.4304
9050 4525.0 1.7059 4.4281 1.7059 2.6645 2.4279
9060 4530.0 1.6772 7.5357 1.6772 2.6357 2.2780
9070 4535.0 1.7788 0.2250 1.7788 2.5301 2.2652
9080 4540.0 1.8321 0.5156 1.8321 2.4747 2.4029
9090 4545.0 1.7481 1.3493 1.7481 2.5200 2.5511
9100 4550.0 1.6868 6.4122 1.6868 2.6347 2.5432
9110 4555.0 1.7479 1.3570 1.7479 2.7216 2.5099
9120 4560.0 1.8126 0.0799 1.8126 2.8095 2.4474
9130 4565.0 1.7631 0.6813 1.7631 2.8749 2.3112
9140 4570.0 1.7273 2.6439 1.7273 2.9382 2.1970
9150 4575.0 1.7858 0.1003 1.7858 3.0127 2.2395
9160 4580.0 1.7799 0.2026 1.7799 2.9596 2.3783
9170 4585.0 1.7411 1.7335 1.7411 2.8234 2.5275
9180 4590.0 1.7208 3.1352 1.7208 2.6264 2.6612
9190 4595.0 1.7494 1.2777 1.7494 2.4280 2.7470
9200 4600.0 1.7468 1.4170 1.7468 2.3445 2.5865
9210 4605.0 1.6761 7.6740 1.6761 2.3952 2.4060
9220 4610.0 1.7078 4.2538 1.7078 2.4073 2.3415
9230 4615.0 1.7432 1.6111 1.7432 2.4009 2.3680
9240 4620.0 1.7199 3.2040 1.7199 2.4043 2.4720
9250 4625.0 1.7044 4.5690 1.7044 2.4867 2.5709
9260 4630.0 1.7297 2.4744 1.7297 2.5635 2.6798
9270 4635.0 1.7616 0.7361 1.7616 2.5068 2.5910
9280 4640.0 1.7730 0.3638 1.7730 2.5600 2.5755
9290 4645.0 1.7424 1.6605 1.7424 2.7263 2.5542
9300 4650.0 1.7171 3.4374 1.7171 2.8252 2.4380
9310 4655.0 1.7722 0.3852 1.7722 2.7626 2.4818
9320 4660.0 1.7711 0.4187 1.7711 2.6823 2.5410
9330 4665.0 1.7092 4.1235 1.7092 2.6748 2.5635
9340 4670.0 1.7130 3.7846 1.7130 2.6107 2.6232
9350 4675.0 1.7753 0.3041 1.7753 2.5046 2.5055
9360 4680.0 1.7810 0.1796 1.7810 2.4600 2.3571
9370 4685.0 1.7272 2.6488 1.7272 2.4373 2.2582
9380 4690.0 1.7276 2.6231 1.7276 2.4572 2.2951
9390 4695.0 1.7347 2.1326 1.7347 2.5601 2.4184
9400 4700.0 1.7663 0.5677 1.7663 2.6406 2.5665
9410 4705.0 1.7436 1.5882 1.7436 2.6825 2.4846
9420 4710.0 1.7258 2.7526 1.7258 2.7263 2.4271
9430 4715.0 1.7400 1.8013 1.7400 2.7256 2.3659
9440 4720.0 1.7491 1.2937 1.7491 2.7138 2.3243
9450 4725.0 1.7196 3.2315 1.7196 2.7406 2.3527
9460 4730.0 1.7043 4.5784 1.7043 2.7409 2.4177
9470 4735.0 1.7622 0.7157 1.7622 2.6733 2.4132
9480 4740.0 1.7957 0.0094 1.7957 2.6284 2.3731
9490 4745.0 1.7342 2.1665 1.7342 2.5915 2.3256
9500 4750.0 1.7107 3.9845 1.7107 2.6318 2.3757
9510 4755.0 1.7616 0.7376 1.7616 2.7036 2.5078
9520 4760.0 1.7803 0.1945 1.7803 2.7278 2.4672
9530 4765.0 1.7232 2.9455 1.7232 2.7725 2.4244
9540 4770.0 1.7146 3.6497 1.7146 2.6922 2.4639
9550 4775.0 1.7637 0.6582 1.7637 2.5574 2.5577
9560 4780.0 1.7793 0.2151 1.7793 2.4704 2.5829
9570 4785.0 1.7539 1.0614 1.7539 2.4783 2.5235
9580 4790.0 1.7547 1.0263 1.7547 2.5435 2.4888
9590 4795.0 1.7731 0.3605 1.7731 2.5710 2.4590
9600 4800.0 1.7905 0.0448 1.7905 2.5895 2.4635
9610 4805.0 1.7389 1.8655 1.7389 2.6247 2.4597
9620 4810.0 1.7250 2.8149 1.7250 2.6282 2.4898
9630 4815.0 1.7810 0.1813 1.7810 2.5930 2.5049
9640 4820.0 1.7494 1.2783 1.7494 2.5762 2.4529
9650 4825.0 1.7294 2.4951 1.7294 2.6015 2.4456
9660 4830.0 1.7461 1.4518 1.7461 2.7100 2.5502
9670 4835.0 1.7874 0.0788 1.7874 2.7187 2.4439
9680 4840.0 1.7377 1.9399 1.7377 2.7555 2.3781
9690 4845.0 1.7122 3.8562 1.7122 2.8038 2.4277
9700 4850.0 1.7403 1.7826 1.7403 2.7687 2.5479
9710 4855.0 1.7513 1.1863 1.7513 2.7139 2.6088
9720 4860.0 1.7697 0.4595 1.7697 2.7792 2.5217
9730 4865.0 1.7119 3.8786 1.7119 2.8808 2.3435
9740 4870.0 1.7293 2.5025 1.7293 2.8470 2.2911
9750 4875.0 1.7621 0.7164 1.7621 2.7630 2.3858
9760 4880.0 1.7132 3.7651 1.7132 2.6440 2.4911
9770 4885.0 1.7847 0.1171 1.7847 2.6165 2.4850
9780 4890.0 1.8108 0.0581 1.8108 2.5974 2.4562
9790 4895.0 1.7262 2.7217 1.7262 2.5996 2.4031
9800 4900.0 1.6451 12.0033 1.6451 2.6436 2.3301
9810 4905.0 1.6872 6.3674 1.6872 2.6357 2.3602
9820 4910.0 1.8111 0.0615 1.8111 2.6203 2.4291
9830 4915.0 1.7531 1.0983 1.7531 2.6086 2.5047
9840 4920.0 1.6896 6.0919 1.6896 2.6460 2.5190
9850 4925.0 1.8086 0.0373 1.8086 2.7659 2.3885
9860 4930.0 1.7851 0.1116 1.7851 2.7617 2.3060
9870 4935.0 1.6690 8.5798 1.6690 2.8606 2.3451
9880 4940.0 1.7028 4.7282 1.7028 2.7669 2.4245
9890 4945.0 1.8272 0.3686 1.8272 2.6899 2.4917
9900 4950.0 1.7599 0.8044 1.7599 2.5883 2.5444
9910 4955.0 1.6861 6.4880 1.6861 2.5542 2.5603
9920 4960.0 1.7682 0.5046 1.7682 2.6530 2.5558
9930 4965.0 1.7611 0.7573 1.7611 2.7567 2.4439
9940 4970.0 1.6784 7.3976 1.6784 2.8551 2.3900
9950 4975.0 1.6941 5.6066 1.6941 2.8843 2.4146
9960 4980.0 1.7821 0.1604 1.7821 2.8253 2.4928
9970 4985.0 1.7889 0.0611 1.7889 2.7144 2.6071
9980 4990.0 1.7031 4.6967 1.7031 2.5455 2.7239
9990 4995.0 1.7356 2.0718 1.7356 2.5702 2.6392
10000 5000.0 1.6732 8.0447 1.6732 2.6356 2.5148
10010 5005.0 1.7061 4.4046 1.7061 2.5744 2.4549
10020 5010.0 1.7924 0.0288 1.7924 2.4537 2.4084
10030 5015.0 1.7210 3.1180 1.7210 2.4277 2.3927
10040 5020.0 1.6528 10.8307 1.6528 2.4402 2.4811
10050 5025.0 1.7221 3.0307 1.7221 2.5832 2.6548
10060 5030.0 1.8002 0.0000 1.8002 2.7216 2.5526
10070 5035.0 1.7676 0.5246 1.7676 2.7966 2.5121
10080 5040.0 1.7053 4.4818 1.7053 2.7685 2.5553
10090 5045.0 1.7226 2.9968 1.7226 2.7266 2.5862
10100 5050.0 1.7856 0.1042 1.7856 2.7061 2.5710
10110 5055.0 1.7728 0.3698 1.7728 2.6444 2.5683
10120 5060.0 1.6926 5.7623 1.6926 2.5690 2.5582
10130 5065.0 1.7344 2.1501 1.7344 2.4506 2.6120
10140 5070.0 1.7678 0.5178 1.7678 2.3447 2.5814
10150 5075.0 1.7076 4.2682 1.7076 2.3710 2.5700
10160 5080.0 1.6638 9.2791 1.6638 2.4291 2.5977
10170 5085.0 1.7360 2.0457 1.7360 2.4964 2.5699
10180 5090.0 1.8280 0.3929 1.8280 2.5332 2.5572
10190 5095.0 1.7507 1.2133 1.7507 2.5864 2.5460
10200 5100.0 1.6622 9.4986 1.6622 2.6002 2.5519
10210 5105.0 1.7001 4.9864 1.7001 2.6137 2.5336
10220 5110.0 1.7947 0.0140 1.7947 2.6443 2.4878
10230 5115.0 1.7776 0.2498 1.7776 2.6666 2.4604
10240 5120.0 1.7055 4.4654 1.7055 2.6029 2.5307
10250 5125.0 1.7086 4.1798 1.7086 2.5433 2.4959
10260 5130.0 1.7679 0.5167 1.7679 2.5435 2.4372
10270 5135.0 1.7507 1.2161 1.7507 2.6253 2.3641
10280 5140.0 1.7277 2.6140 1.7277 2.7085 2.3785
10290 5145.0 1.7320 2.3115 1.7320 2.7861 2.4703
10300 5150.0 1.7240 2.8914 1.7240 2.8634 2.5126
10310 5155.0 1.7486 1.3228 1.7486 2.9198 2.4648
10320 5160.0 1.7717 0.4005 1.7717 2.8357 2.4618
10330 5165.0 1.7649 0.6176 1.7649 2.8152 2.5016
10340 5170.0 1.7566 0.9409 1.7566 2.8328 2.5360
10350 5175.0 1.7914 0.0366 1.7914 2.7776 2.5557
10360 5180.0 1.8041 0.0085 1.8041 2.7750 2.5047
10370 5185.0 1.7403 1.7843 1.7403 2.8270 2.4039
10380 5190.0 1.7221 3.0351 1.7221 2.8198 2.3884
10390 5195.0 1.7955 0.0102 1.7955 2.7646 2.4733
10400 5200.0 1.7505 1.2275 1.7505 2.6983 2.5422
10410 5205.0 1.7046 4.5501 1.7046 2.7436 2.6519
10420 5210.0 1.7518 1.1608 1.7518 2.8022 2.5265
10430 5215.0 1.7267 2.6868 1.7267 2.8232 2.4183
10440 5220.0 1.7536 1.0751 1.7536 2.7911 2.4464
10450 5225.0 1.7358 2.0593 1.7358 2.7843 2.5616
10460 5230.0 1.7077 4.2567 1.7077 2.7789 2.6118
10470 5235.0 1.7571 0.9214 1.7571 2.7795 2.5894
10480 5240.0 1.7547 1.0265 1.7547 2.8216 2.4852
10490 5245.0 1.6947 5.5477 1.6947 2.8351 2.4312
10500 5250.0 1.7414 1.7182 1.7414 2.7231 2.4925
10510 5255.0 1.7798 0.2039 1.7798 2.5478 2.6257
10520 5260.0 1.6993 5.0749 1.6993 2.4050 2.5905
10530 5265.0 1.6971 5.2936 1.6971 2.4349 2.5562
10540 5270.0 1.7034 4.6705 1.7034 2.5587 2.5653
10550 5275.0 1.7779 0.2439 1.7779 2.5973 2.5310
10560 5280.0 1.8143 0.1021 1.8143 2.6574 2.4899
10570 5285.0 1.7036 4.6507 1.7036 2.7209 2.4257
10580 5290.0 1.6856 6.5425 1.6856 2.6870 2.4781
10590 5295.0 1.8229 0.2632 1.8229 2.5202 2.6542
10600 5300.0 1.7783 0.2354 1.7783 2.4322 2.5684
10610 5305.0 1.6625 9.4547 1.6625 2.4655 2.4648
10620 5310.0 1.6885 6.2140 1.6885 2.5057 2.4482
10630 5315.0 1.8389 0.7553 1.8389 2.4896 2.5473
10640 5320.0 1.7803 0.1932 1.7803 2.5969 2.5836
10650 5325.0 1.6474 11.6439 1.6474 2.6629 2.5297
10660 5330.0 1.6841 6.7161 1.6841 2.6220 2.6193
10670 5335.0 1.7602 0.7909 1.7602 2.6443 2.6525
10680 5340.0 1.7994 0.0002 1.7994 2.6197 2.6104
10690 5345.0 1.7011 4.8885 1.7011 2.7350 2.5389
10700 5350.0 1.6704 8.3941 1.6704 2.7633 2.4870
10710 5355.0 1.7756 0.2986 1.7756 2.7022 2.5281
10720 5360.0 1.8096 0.0464 1.8096 2.6490 2.5449
10730 5365.0 1.7404 1.7777 1.7404 2.5902 2.4038
10740 5370.0 1.7017 4.8359 1.7017 2.6614 2.3469
10750 5375.0 1.7627 0.6956 1.7627 2.6878 2.4709
10760 5380.0 1.8095 0.0447 1.8095 2.6210 2.4516
10770 5385.0 1.7177 3.3865 1.7177 2.7083 2.4657
10780 5390.0 1.6446 12.0786 1.6446 2.7814 2.5479
10790 5395.0 1.6832 6.8202 1.6832 2.7169 2.5715
10800 5400.0 1.7996 0.0001 1.7996 2.6235 2.4789
10810 5405.0 1.7739 0.3397 1.7739 2.6511 2.4123
10820 5410.0 1.6957 5.4350 1.6957 2.6419 2.4468
10830 5415.0 1.7307 2.4009 1.7307 2.5884 2.4488
10840 5420.0 1.7839 0.1289 1.7839 2.4969 2.4384
10850 5425.0 1.7523 1.1375 1.7523 2.5272 2.4651
10860 5430.0 1.7541 1.0537 1.7541 2.5265 2.5544
10870 5435.0 1.7419 1.6894 1.7419 2.5629 2.4634
10880 5440.0 1.7091 4.1286 1.7091 2.6176 2.4107
10890 5445.0 1.7061 4.4070 1.7061 2.6545 2.4391
10900 5450.0 1.7610 0.7590 1.7610 2.5596 2.4439
10910 5455.0 1.7689 0.4841 1.7689 2.4997 2.5113
10920 5460.0 1.7310 2.3804 1.7310 2.4445 2.5488
10930 5465.0 1.6961 5.4011 1.6961 2.4515 2.4263
10940 5470.0 1.7843 0.1226 1.7843 2.3573 2.3968
10950 5475.0 1.7653 0.6022 1.7653 2.3893 2.3909
10960 5480.0 1.6844 6.6823 1.6844 2.4937 2.3845
10970 5485.0 1.7455 1.4830 1.7455 2.5522 2.4838
10980 5490.0 1.7699 0.4527 1.7699 2.5688 2.5750
10990 5495.0 1.7218 3.0567 1.7218 2.6268 2.5908
11000 5500.0 1.7592 0.8312 1.7592 2.5951 2.5747
11010 5505.0 1.8371 0.6891 1.8371 2.5476 2.5228
11020 5510.0 1.7289 2.5242 1.7289 2.6558 2.3965
11030 5515.0 1.6588 9.9635 1.6588 2.7889 2.3469
11040 5520.0 1.7751 0.3095 1.7751 2.7297 2.4725
11050 5525.0 1.8187 0.1748 1.8187 2.7243 2.6315
11060 5530.0 1.7678 0.5187 1.7678 2.7947 2.6797
11070 5535.0 1.7627 0.6941 1.7627 2.8270 2.6124
11080 5540.0 1.8327 0.5341 1.8327 2.7823 2.5834
11090 5545.0 1.8036 0.0065 1.8036 2.7799 2.5268
11100 5550.0 1.7295 2.4854 1.7295 2.7752 2.4804
11110 5555.0 1.7633 0.6731 1.7633 2.6354 2.5606
11120 5560.0 1.7822 0.1592 1.7822 2.4879 2.4714
11130 5565.0 1.6975 5.2563 1.6975 2.5256 2.3055
11140 5570.0 1.6749 7.8211 1.6749 2.5334 2.2644
11150 5575.0 1.7435 1.5987 1.7435 2.4085 2.4366
11160 5580.0 1.7839 0.1302 1.7839 2.3621 2.5469
11170 5585.0 1.7129 3.7896 1.7129 2.4759 2.4586
11180 5590.0 1.6965 5.3586 1.6965 2.4970 2.4152
11190 5595.0 1.7459 1.4621 1.7459 2.3923 2.4802
11200 5600.0 1.7672 0.5364 1.7672 2.3426 2.5208
11210 5605.0 1.7171 3.4365 1.7171 2.4084 2.5207
11220 5610.0 1.6739 7.9567 1.6739 2.4429 2.4415
11230 5615.0 1.7376 1.9473 1.7376 2.3606 2.4109
11240 5620.0 1.7373 1.9668 1.7373 2.3190 2.3949
11250 5625.0 1.7100 4.0504 1.7100 2.3773 2.3769
11260 5630.0 1.7266 2.6902 1.7266 2.4331 2.4261
11270 5635.0 1.7323 2.2935 1.7323 2.4635 2.5022
11280 5640.0 1.7725 0.3795 1.7725 2.4756 2.5473
11290 5645.0 1.7355 2.0812 1.7355 2.5143 2.4993
11300 5650.0 1.7383 1.9048 1.7383 2.5627 2.4788
11310 5655.0 1.7667 0.5549 1.7667 2.5571 2.5137
11320 5660.0 1.7506 1.2203 1.7506 2.5663 2.5034
11330 5665.0 1.7760 0.2890 1.7760 2.5516 2.4596
11340 5670.0 1.7741 0.3367 1.7741 2.5745 2.4082
11350 5675.0 1.7114 3.9280 1.7114 2.6377 2.3789
11360 5680.0 1.7210 3.1244 1.7210 2.6350 2.4408
11370 5685.0 1.7685 0.4967 1.7685 2.5814 2.5055
11380 5690.0 1.7697 0.4590 1.7697 2.5494 2.5578
11390 5695.0 1.7472 1.3945 1.7472 2.5472 2.5913
11400 5700.0 1.7840 0.1274 1.7840 2.4901 2.5905
11410 5705.0 1.7701 0.4470 1.7701 2.4683 2.5203
11420 5710.0 1.7065 4.3695 1.7065 2.5045 2.4396
11430 5715.0 1.7014 4.8631 1.7014 2.4759 2.4354
11440 5720.0 1.7363 2.0312 1.7363 2.4198 2.4773
11450 5725.0 1.7372 1.9692 1.7372 2.3983 2.5437
11460 5730.0 1.7481 1.3470 1.7481 2.4027 2.6436
11470 5735.0 1.7734 0.3526 1.7734 2.4123 2.6400
11480 5740.0 1.7395 1.8300 1.7395 2.5086 2.6267
11490 5745.0 1.7356 2.0710 1.7356 2.5569 2.6404
11500 5750.0 1.7934 0.0220 1.7934 2.5171 2.5999
11510 5755.0 1.7606 0.7758 1.7606 2.5694 2.5916
11520 5760.0 1.6739 7.9503 1.6739 2.6650 2.5804
11530 5765.0 1.6650 9.1109 1.6650 2.6569 2.5145
11540 5770.0 1.7740 0.3386 1.7740 2.5040 2.5732
11550 5775.0 1.8191 0.1822 1.8191 2.4273 2.5805
11560 5780.0 1.6845 6.6718 1.6845 2.5637 2.4466
11570 5785.0 1.6180 16.5683 1.6180 2.6324 2.3930
11580 5790.0 1.7217 3.0619 1.7217 2.5051 2.5131
11590 5795.0 1.8179 0.1607 1.8179 2.4048 2.6401
11600 5800.0 1.7076 4.2670 1.7076 2.5548 2.6106
11610 5805.0 1.6185 16.4767 1.6185 2.6967 2.4790
11620 5810.0 1.6595 9.8757 1.6595 2.6394 2.4899
11630 5815.0 1.8062 0.0193 1.8062 2.4928 2.4475
11640 5820.0 1.7762 0.2835 1.7762 2.5154 2.5357
11650 5825.0 1.6027 19.4540 1.6027 2.6264 2.5295
11660 5830.0 1.6859 6.5141 1.6859 2.5347 2.4849
11670 5835.0 1.7667 0.5529 1.7667 2.4144 2.3250
11680 5840.0 1.7072 4.3072 1.7072 2.5119 2.2863
11690 5845.0 1.6559 10.3819 1.6559 2.7015 2.4147
11700 5850.0 1.6314 14.2157 1.6314 2.7485 2.4397
11710 5855.0 1.8058 0.0169 1.8058 2.6158 2.4707
11720 5860.0 1.7848 0.1156 1.7848 2.5934 2.3376
11730 5865.0 1.6269 14.9857 1.6269 2.7195 2.3582
11740 5870.0 1.7066 4.3586 1.7066 2.7389 2.2925
11750 5875.0 1.6961 5.3934 1.6961 2.7204 2.3760
11760 5880.0 1.7906 0.0438 1.7906 2.6320 2.5027
11770 5885.0 1.7902 0.0482 1.7902 2.6668 2.5587
11780 5890.0 1.6787 7.3517 1.6787 2.7976 2.5017
11790 5895.0 1.6998 5.0155 1.6998 2.9346 2.3160
11800 5900.0 1.5941 21.2061 1.5941 2.9311 2.2924
11810 5905.0 1.7716 0.4029 1.7716 2.7568 2.4660
11820 5910.0 1.8266 0.3535 1.8266 2.6556 2.5358
11830 5915.0 1.6182 16.5329 1.6182 2.7764 2.3956
11840 5920.0 1.6867 6.4131 1.6867 2.7252 2.3180
11850 5925.0 1.7576 0.8985 1.7576 2.5794 2.3031
11860 5930.0 1.6484 11.4883 1.6484 2.5824 2.3242
11870 5935.0 1.7454 1.4931 1.7454 2.6155 2.4529
11880 5940.0 1.7121 3.8599 1.7121 2.5678 2.5559
11890 5945.0 1.6049 19.0417 1.6049 2.5043 2.6335
11900 5950.0 1.7570 0.9263 1.7570 2.3989 2.7077
11910 5955.0 1.8240 0.2874 1.8240 2.5050 2.6138
11920 5960.0 1.6346 13.6812 1.6346 2.7786 2.3432
11930 5965.0 1.6049 19.0378 1.6049 2.7837 2.2506
11940 5970.0 1.7930 0.0245 1.7930 2.5965 2.3874
11950 5975.0 1.8311 0.4852 1.8311 2.5566 2.4839
11960 5980.0 1.6917 5.8668 1.6917 2.7239 2.4386
11970 5985.0 1.6559 10.3764 1.6559 2.8347 2.3873
11980 5990.0 1.6372 13.2583 1.6372 2.7919 2.4542
11990 5995.0 1.7514 1.1832 1.7514 2.6424 2.3706
12000 6000.0 1.8099 0.0491 1.8099 2.6225 2.4295
12010 6005.0 1.6717 8.2273 1.6717 2.7983 2.4643
12020 6010.0 1.6049 19.0237 1.6049 2.8519 2.3900
12030 6015.0 1.7137 3.7245 1.7137 2.6863 2.3710
12040 6020.0 1.7984 0.0013 1.7984 2.5487 2.3104
12050 6025.0 1.7287 2.5401 1.7287 2.6142 2.3478
12060 6030.0 1.6246 15.3792 1.6246 2.7576 2.2729
12070 6035.0 1.6942 5.5988 1.6942 2.7062 2.3607
12080 6040.0 1.8159 0.1260 1.8159 2.6035 2.4160
12090 6045.0 1.7217 3.0644 1.7217 2.7110 2.3796
12100 6050.0 1.6777 7.4742 1.6777 2.8223 2.3727
12110 6055.0 1.7002 4.9773 1.7002 2.7495 2.3733
12120 6060.0 1.7817 0.1670 1.7817 2.7368 2.4171
12130 6065.0 1.7841 0.1265 1.7841 2.7449 2.4111
12140 6070.0 1.6893 6.1318 1.6893 2.8374 2.3589
12150 6075.0 1.7043 4.5747 1.7043 2.8341 2.4497
12160 6080.0 1.7601 0.7974 1.7601 2.7055 2.5482
12170 6085.0 1.7671 0.5416 1.7671 2.6634 2.5024
12180 6090.0 1.7089 4.1496 1.7089 2.7598 2.4232
12190 6095.0 1.6520 10.9588 1.6520 2.8180 2.4239
12200 6100.0 1.7275 2.6272 1.7275 2.7315 2.4774
12210 6105.0 1.7691 0.4760 1.7691 2.6636 2.4507
12220 6110.0 1.7460 1.4596 1.7460 2.7149 2.3804
12230 6115.0 1.7053 4.4834 1.7053 2.7455 2.3236
12240 6120.0 1.6672 8.8213 1.6672 2.7112 2.3463
12250 6125.0 1.7515 1.1781 1.7515 2.6459 2.4640
12260 6130.0 1.7584 0.8653 1.7584 2.6440 2.5272
12270 6135.0 1.7255 2.7762 1.7255 2.6853 2.4363
12280 6140.0 1.6920 5.8291 1.6920 2.7405 2.3566
12290 6145.0 1.6991 5.0942 1.6991 2.6716 2.4168
12300 6150.0 1.8023 0.0027 1.8023 2.5356 2.5436
12310 6155.0 1.7711 0.4166 1.7711 2.5655 2.4725
12320 6160.0 1.6932 5.6996 1.6932 2.6646 2.4013
12330 6165.0 1.6963 5.3772 1.6963 2.7252 2.4667
12340 6170.0 1.7774 0.2560 1.7774 2.6808 2.5644
12350 6175.0 1.7920 0.0323 1.7920 2.6618 2.5590
12360 6180.0 1.7307 2.4018 1.7307 2.7371 2.5379
12370 6185.0 1.6923 5.7954 1.6923 2.7825 2.5469
12380 6190.0 1.7332 2.2344 1.7332 2.7269 2.6129
12390 6195.0 1.7270 2.6666 1.7270 2.6967 2.5623
12400 6200.0 1.6994 5.0641 1.6994 2.6315 2.4587
12410 6205.0 1.6969 5.3195 1.6969 2.6246 2.4023
12420 6210.0 1.7444 1.5452 1.7444 2.5500 2.3627
12430 6215.0 1.7194 3.2519 1.7194 2.4862 2.3183
12440 6220.0 1.6888 6.1855 1.6888 2.4972 2.3048
12450 6225.0 1.7024 4.7615 1.7024 2.5954 2.3770
12460 6230.0 1.7466 1.4255 1.7466 2.6555 2.4796
12470 6235.0 1.7496 1.2725 1.7496 2.6006 2.4809
12480 6240.0 1.6748 7.8384 1.6748 2.6655 2.5067
12490 6245.0 1.6750 7.8185 1.6750 2.6142 2.5114
12500 6250.0 1.7597 0.8136 1.7597 2.5719 2.5813
12510 6255.0 1.7644 0.6349 1.7644 2.5904 2.4875
12520 6260.0 1.6764 7.6423 1.6764 2.7315 2.3991
12530 6265.0 1.7223 3.0176 1.7223 2.7485 2.4682
12540 6270.0 1.7505 1.2233 1.7505 2.7267 2.5407
12550 6275.0 1.7382 1.9088 1.7382 2.7436 2.5225
12560 6280.0 1.7439 1.5709 1.7439 2.7416 2.4812
12570 6285.0 1.6940 5.6134 1.6940 2.7632 2.3860
12580 6290.0 1.7260 2.7391 1.7260 2.8070 2.4531
12590 6295.0 1.7290 2.5181 1.7290 2.8077 2.5124
12600 6300.0 1.7971 0.0041 1.7971 2.7470 2.5665
12610 6305.0 1.8309 0.4784 1.8309 2.7006 2.5712
12620 6310.0 1.7415 1.7084 1.7415 2.6801 2.4889
12630 6315.0 1.7406 1.7666 1.7406 2.7395 2.4398
12640 6320.0 1.7360 2.0491 1.7360 2.8129 2.4093
12650 6325.0 1.6986 5.1425 1.6986 2.7964 2.3290
12660 6330.0 1.7913 0.0381 1.7913 2.7645 2.3779
12670 6335.0 1.7509 1.2046 1.7509 2.8112 2.5128
12680 6340.0 1.6472 11.6799 1.6472 2.6782 2.5058
12690 6345.0 1.7665 0.5595 1.7665 2.7203 2.5686
12700 6350.0 1.8535 1.4337 1.8535 2.6936 2.5142
12710 6355.0 1.7155 3.5718 1.7155 2.8063 2.4348
12720 6360.0 1.6339 13.7911 1.6339 2.8663 2.4132
12730 6365.0 1.7608 0.7673 1.7608 2.7287 2.4674
12740 6370.0 1.8420 0.8836 1.8420 2.6188 2.5651
12750 6375.0 1.7319 2.3205 1.7319 2.6260 2.6399
12760 6380.0 1.6760 7.6838 1.6760 2.6351 2.5089
12770 6385.0 1.6792 7.2965 1.6792 2.5892 2.5045
12780 6390.0 1.7528 1.1130 1.7528 2.4644 2.5555
12790 6395.0 1.7621 0.7193 1.7621 2.5098 2.5333
12800 6400.0 1.6697 8.4913 1.6697 2.5450 2.4496
12810 6405.0 1.6596 9.8501 1.6596 2.4783 2.4470
12820 6410.0 1.7871 0.0829 1.7871 2.5410 2.4834
12830 6415.0 1.7756 0.2987 1.7756 2.5007 2.4978
12840 6420.0 1.6738 7.9687 1.6738 2.5568 2.4869
12850 6425.0 1.7376 1.9452 1.7376 2.5844 2.5565
12860 6430.0 1.7581 0.8783 1.7581 2.5676 2.6844
12870 6435.0 1.7323 2.2912 1.7323 2.5443 2.7415
12880 6440.0 1.7753 0.3040 1.7753 2.6175 2.6035
12890 6445.0 1.7053 4.4872 1.7053 2.6628 2.3895
12900 6450.0 1.6552 10.4798 1.6552 2.6499 2.3279
12910 6455.0 1.8005 0.0001 1.8005 2.5915 2.5029
12920 6460.0 1.7205 3.1628 1.7205 2.5074 2.5697
12930 6465.0 1.6525 10.8750 1.6525 2.3888 2.5019
12940 6470.0 1.8035 0.0061 1.8035 2.5351 2.4341
12950 6475.0 1.7366 2.0114 1.7366 2.7048 2.3772
12960 6480.0 1.6437 12.2128 1.6437 2.7499 2.3994
12970 6485.0 1.7792 0.2155 1.7792 2.7485 2.4783
12980 6490.0 1.7191 3.2698 1.7191 2.5994 2.6366
12990 6495.0 1.7431 1.6180 1.7431 2.5583 2.7064
13000 6500.0 1.8208 0.2154 1.8208 2.4805 2.7154
13010 6505.0 1.7226 2.9925 1.7226 2.4910 2.7669
13020 6510.0 1.7176 3.3954 1.7176 2.5128 2.7058
13030 6515.0 1.8050 0.0126 1.8050 2.6531 2.5430
13040 6520.0 1.7474 1.3855 1.7474 2.7510 2.4293
13050 6525.0 1.6296 14.5252 1.6296 2.8762 2.3608
13060 6530.0 1.6971 5.2982 1.6971 2.8100 2.3967
13070 6535.0 1.8057 0.0162 1.8057 2.6793 2.5029
13080 6540.0 1.7707 0.4280 1.7707 2.6442 2.6234
13090 6545.0 1.6964 5.3715 1.6964 2.6155 2.6455
13100 6550.0 1.7804 0.1912 1.7804 2.7017 2.6334
13110 6555.0 1.8323 0.5201 1.8323 2.7776 2.5482
13120 6560.0 1.7275 2.6288 1.7275 2.8289 2.5770
13130 6565.0 1.7118 3.8858 1.7118 2.9209 2.5161
13140 6570.0 1.7497 1.2634 1.7497 2.8083 2.3760
13150 6575.0 1.7473 1.3888 1.7473 2.6846 2.2860
13160 6580.0 1.8266 0.3543 1.8266 2.5907 2.3537
13170 6585.0 1.7776 0.2508 1.7776 2.6746 2.3126
13180 6590.0 1.7249 2.8228 1.7249 2.8060 2.2055
13190 6595.0 1.7161 3.5221 1.7161 2.8292 2.2424
13200 6600.0 1.7804 0.1920 1.7804 2.7527 2.4273
13210 6605.0 1.8092 0.0420 1.8092 2.7431 2.5219
13220 6610.0 1.7424 1.6594 1.7424 2.8643 2.4837
13230 6615.0 1.6968 5.3250 1.6968 2.9368 2.4822
13240 6620.0 1.7330 2.2458 1.7330 2.8794 2.4747
13250 6625.0 1.8022 0.0023 1.8022 2.7533 2.4352
13260 6630.0 1.7745 0.3260 1.7745 2.7275 2.4606
13270 6635.0 1.7126 3.8176 1.7126 2.7588 2.4185
13280 6640.0 1.7368 1.9986 1.7368 2.7142 2.3463
13290 6645.0 1.8143 0.1025 1.8143 2.6103 2.3406
13300 6650.0 1.7841 0.1259 1.7841 2.6260 2.2912
13310 6655.0 1.6970 5.3039 1.6970 2.6969 2.3114
13320 6660.0 1.7191 3.2733 1.7191 2.6853 2.4629
13330 6665.0 1.7971 0.0041 1.7971 2.6319 2.6244
13340 6670.0 1.8019 0.0019 1.8019 2.6498 2.6924
13350 6675.0 1.7214 3.0894 1.7214 2.7552 2.6968
13360 6680.0 1.6974 5.2660 1.6974 2.7924 2.6716
13370 6685.0 1.6925 5.7800 1.6925 2.7221 2.5708
13380 6690.0 1.7324 2.2870 1.7324 2.6137 2.5534
13390 6695.0 1.8051 0.0132 1.8051 2.5226 2.5901
13400 6700.0 1.7733 0.3563 1.7733 2.5608 2.4503
13410 6705.0 1.6778 7.4694 1.6778 2.6813 2.2950
13420 6710.0 1.6570 10.2209 1.6570 2.7591 2.2506
13430 6715.0 1.7086 4.1729 1.7086 2.7226 2.3210
13440 6720.0 1.7778 0.2458 1.7778 2.6492 2.4441
13450 6725.0 1.7698 0.4557 1.7698 2.6949 2.5193
13460 6730.0 1.7101 4.0448 1.7101 2.7621 2.4913
13470 6735.0 1.7277 2.6140 1.7277 2.7603 2.4942
13480 6740.0 1.7739 0.3414 1.7739 2.7552 2.5261
13490 6745.0 1.7279 2.6013 1.7279 2.8157 2.4956
13500 6750.0 1.7304 2.4251 1.7304 2.7657 2.4176
13510 6755.0 1.7868 0.0868 1.7868 2.7105 2.3505
13520 6760.0 1.7404 1.7741 1.7404 2.7073 2.2799
13530 6765.0 1.6837 6.7643 1.6837 2.6993 2.2951
13540 6770.0 1.7360 2.0472 1.7360 2.6932 2.4285
13550 6775.0 1.7677 0.5217 1.7677 2.7274 2.5783
13560 6780.0 1.7189 3.2912 1.7189 2.7443 2.6841
13570 6785.0 1.7248 2.8243 1.7248 2.7183 2.7084
13580 6790.0 1.7549 1.0185 1.7549 2.7040 2.6087
13590 6795.0 1.7299 2.4562 1.7299 2.7119 2.5533
13600 6800.0 1.6954 5.4694 1.6954 2.7326 2.5747
13610 6805.0 1.7294 2.4931 1.7294 2.6608 2.5878
13620 6810.0 1.7281 2.5816 1.7281 2.6303 2.5285
13630 6815.0 1.7122 3.8540 1.7122 2.6120 2.4590
13640 6820.0 1.7123 3.8466 1.7123 2.5476 2.3550
13650 6825.0 1.6925 5.7834 1.6925 2.4701 2.3250
13660 6830.0 1.7040 4.6089 1.7040 2.4579 2.3644
13670 6835.0 1.7164 3.4959 1.7164 2.5252 2.4401
13680 6840.0 1.6781 7.4349 1.6781 2.6280 2.5903
13690 6845.0 1.7422 1.6716 1.7422 2.5666 2.7144
13700 6850.0 1.7839 0.1295 1.7839 2.5945 2.6136
13710 6855.0 1.6940 5.6184 1.6940 2.6628 2.5698
13720 6860.0 1.6581 10.0728 1.6581 2.6378 2.5040
13730 6865.0 1.7559 0.9724 1.7559 2.4730 2.4756
13740 6870.0 1.7793 0.2145 1.7793 2.4368 2.4876
13750 6875.0 1.6677 8.7578 1.6677 2.5661 2.4749
13760 6880.0 1.6624 9.4691 1.6624 2.5948 2.4654
13770 6885.0 1.7082 4.2153 1.7082 2.5127 2.5118
13780 6890.0 1.7529 1.1089 1.7529 2.4544 2.4910
13790 6895.0 1.7388 1.8702 1.7388 2.5695 2.5351
13800 6900.0 1.6445 12.0894 1.6445 2.7293 2.4202
13810 6905.0 1.6915 5.8888 1.6915 2.6652 2.5081
13820 6910.0 1.8606 1.8390 1.8606 2.4495 2.5166
13830 6915.0 1.8071 0.0254 1.8071 2.4756 2.3904
13840 6920.0 1.6907 5.9725 1.6907 2.6223 2.2746
13850 6925.0 1.6919 5.8477 1.6919 2.7301 2.3236
13860 6930.0 1.7565 0.9444 1.7565 2.7030 2.5027
13870 6935.0 1.8425 0.9041 1.8425 2.6920 2.5469
13880 6940.0 1.7834 0.1373 1.7834 2.7779 2.4816
13890 6945.0 1.7089 4.1527 1.7089 2.8268 2.4556
13900 6950.0 1.7669 0.5470 1.7669 2.7518 2.4709
13910 6955.0 1.7335 2.2135 1.7335 2.7218 2.3306
13920 6960.0 1.6639 9.2639 1.6639 2.7409 2.2093
13930 6965.0 1.7818 0.1649 1.7818 2.6894 2.1862
13940 6970.0 1.7638 0.6568 1.7638 2.6660 2.2571
13950 6975.0 1.7190 3.2831 1.7190 2.6625 2.3910
13960 6980.0 1.7823 0.1561 1.7823 2.6210 2.5583
13970 6985.0 1.7858 0.1007 1.7858 2.6392 2.6695
13980 6990.0 1.7105 4.0077 1.7105 2.7067 2.7035
13990 6995.0 1.7477 1.3652 1.7477 2.6719 2.7900
14000 7000.0 1.8014 0.0010 1.8014 2.6079 2.7416
14010 7005.0 1.7116 3.9079 1.7116 2.6682 2.7190
14020 7010.0 1.6712 8.2890 1.6712 2.6841 2.6326
14030 7015.0 1.7990 0.0005 1.7990 2.5770 2.4399
14040 7020.0 1.7842 0.1244 1.7842 2.6163 2.3421
14050 7025.0 1.6571 10.2074 1.6571 2.7764 2.2076
14060 7030.0 1.7039 4.6133 1.7039 2.6857 2.3095
14070 7035.0 1.8101 0.0515 1.8101 2.5273 2.2806
14080 7040.0 1.6936 5.6584 1.6936 2.6257 2.4148
14090 7045.0 1.6286 14.6859 1.6286 2.6752 2.4887
14100 7050.0 1.7967 0.0055 1.7967 2.5508 2.3716
14110 7055.0 1.7628 0.6917 1.7628 2.5873 2.4044
14120 7060.0 1.6378 13.1477 1.6378 2.7387 2.4850
14130 7065.0 1.7349 2.1198 1.7349 2.6717 2.3886
14140 7070.0 1.7874 0.0799 1.7874 2.5841 2.2759
14150 7075.0 1.7396 1.8244 1.7396 2.5748 2.3349
14160 7080.0 1.7341 2.1735 1.7341 2.6581 2.3621
14170 7085.0 1.7428 1.6377 1.7428 2.6961 2.2836
14180 7090.0 1.7720 0.3923 1.7720 2.6642 2.3414
14190 7095.0 1.7995 0.0001 1.7995 2.6417 2.4668
14200 7100.0 1.7504 1.2296 1.7504 2.6771 2.5508
14210 7105.0 1.6901 6.0401 1.6901 2.7101 2.4401
14220 7110.0 1.7136 3.7301 1.7136 2.7564 2.4694
14230 7115.0 1.7825 0.1526 1.7825 2.7835 2.6194
14240 7120.0 1.7711 0.4183 1.7711 2.7063 2.7405
14250 7125.0 1.7209 3.1261 1.7209 2.6101 2.7529
14260 7130.0 1.7457 1.4769 1.7457 2.6042 2.7120
14270 7135.0 1.7356 2.0716 1.7356 2.6492 2.5864
14280 7140.0 1.7319 2.3172 1.7319 2.5515 2.5027
14290 7145.0 1.7858 0.1003 1.7858 2.4713 2.4612
14300 7150.0 1.7547 1.0245 1.7547 2.5430 2.4350
14310 7155.0 1.7181 3.3567 1.7181 2.6234 2.4821
14320 7160.0 1.6937 5.6480 1.6937 2.5555 2.5503
14330 7165.0 1.7570 0.9259 1.7570 2.6158 2.5839
14340 7170.0 1.8671 2.2497 1.8671 2.6891 2.5759
14350 7175.0 1.8082 0.0340 1.8082 2.6494 2.6111
14360 7180.0 1.7018 4.8169 1.7018 2.5618 2.5765
14370 7185.0 1.7369 1.9892 1.7369 2.6007 2.4515
14380 7190.0 1.7264 2.7092 1.7264 2.6700 2.3564
14390 7195.0 1.7406 1.7637 1.7406 2.6879 2.3082
14400 7200.0 1.7992 0.0003 1.7992 2.6082 2.2691
14410 7205.0 1.7617 0.7353 1.7617 2.5634 2.2229
14420 7210.0 1.6970 5.3061 1.6970 2.5304 2.2260
14430 7215.0 1.7117 3.8946 1.7117 2.5996 2.3790
14440 7220.0 1.8145 0.1056 1.8145 2.7011 2.5737
14450 7225.0 1.8309 0.4774 1.8309 2.7877 2.5196
14460 7230.0 1.7289 2.5299 1.7289 2.7723 2.4130
14470 7235.0 1.6796 7.2461 1.6796 2.7866 2.4339
14480 7240.0 1.7261 2.7307 1.7261 2.7783 2.3703
14490 7245.0 1.8401 0.8036 1.8401 2.6321 2.3975
14500 7250.0 1.7861 0.0970 1.7861 2.5904 2.2604
14510 7255.0 1.6630 9.3809 1.6630 2.5450 2.1593
14520 7260.0 1.6798 7.2216 1.6798 2.5396 2.2178
14530 7265.0 1.8108 0.0586 1.8108 2.6379 2.4261
14540 7270.0 1.8327 0.5345 1.8327 2.7518 2.4301
14550 7275.0 1.6930 5.7203 1.6930 2.8263 2.4147
14560 7280.0 1.6273 14.9122 1.6273 2.8521 2.4271
14570 7285.0 1.7136 3.7357 1.7136 2.7938 2.4582
14580 7290.0 1.8148 0.1099 1.8148 2.6941 2.4994
14590 7295.0 1.7571 0.9222 1.7571 2.5830 2.5742
14600 7300.0 1.6853 6.5727 1.6853 2.5548 2.5652
14610 7305.0 1.6881 6.2619 1.6881 2.6396 2.4130
14620 7310.0 1.7323 2.2931 1.7323 2.6845 2.3313
14630 7315.0 1.8398 0.7916 1.8398 2.6036 2.3870
14640 7320.0 1.7606 0.7779 1.7606 2.5196 2.4651
14650 7325.0 1.6621 9.5074 1.6621 2.4552 2.4742
14660 7330.0 1.7039 4.6155 1.7039 2.3961 2.4746
14670 7335.0 1.8127 0.0803 1.8127 2.3899 2.5361
14680 7340.0 1.7782 0.2387 1.7782 2.4475 2.5490
14690 7345.0 1.6606 9.7107 1.6606 2.5583 2.5331
14700 7350.0 1.6614 9.6098 1.6614 2.7165 2.3911
14710 7355.0 1.7526 1.1248 1.7526 2.8074 2.2891
14720 7360.0 1.8033 0.0055 1.8033 2.7961 2.3146
14730 7365.0 1.7139 3.7097 1.7139 2.6847 2.4194
14740 7370.0 1.6791 7.3077 1.6791 2.5592 2.5283
14750 7375.0 1.7671 0.5424 1.7671 2.5919 2.4950
14760 7380.0 1.7904 0.0460 1.7904 2.6961 2.4178
14770 7385.0 1.7042 4.5920 1.7042 2.7721 2.3659
14780 7390.0 1.7060 4.4154 1.7060 2.7876 2.4268
14790 7395.0 1.7667 0.5554 1.7667 2.7484 2.5128
14800 7400.0 1.7504 1.2298 1.7504 2.7432 2.5865
14810 7405.0 1.7325 2.2764 1.7325 2.7605 2.6310
14820 7410.0 1.7759 0.2896 1.7759 2.7169 2.6035
14830 7415.0 1.7641 0.6461 1.7641 2.6970 2.5688
14840 7420.0 1.6867 6.4157 1.6867 2.6925 2.4659
14850 7425.0 1.7001 4.9860 1.7001 2.6366 2.3529
14860 7430.0 1.8082 0.0334 1.8082 2.5325 2.4217
14870 7435.0 1.7545 1.0344 1.7545 2.5789 2.5603
14880 7440.0 1.6964 5.3675 1.6964 2.6316 2.7285
14890 7445.0 1.7799 0.2025 1.7799 2.6152 2.6042
14900 7450.0 1.7600 0.8014 1.7600 2.6565 2.4317
14910 7455.0 1.6637 9.2955 1.6637 2.7828 2.3677
14920 7460.0 1.6829 6.8586 1.6829 2.8496 2.5158
14930 7465.0 1.6796 7.2441 1.6796 2.7420 2.6750
14940 7470.0 1.7425 1.6548 1.7425 2.6559 2.6890
14950 7475.0 1.7439 1.5711 1.7439 2.7331 2.6103
14960 7480.0 1.6677 8.7501 1.6677 2.6992 2.4790
14970 7485.0 1.6751 7.7996 1.6751 2.5943 2.4472
14980 7490.0 1.8205 0.2095 1.8205 2.5026 2.4534
14990 7495.0 1.7309 2.3888 1.7309 2.5749 2.3793
15000 7500.0 1.6576 10.1336 1.6576 2.5963 2.4027
15010 7505.0 1.7416 1.7039 1.7416 2.6839 2.4859
15020 7510.0 1.8333 0.5533 1.8333 2.6422 2.3451
15030 7515.0 1.7739 0.3411 1.7739 2.8052 2.3178
15040 7520.0 1.6858 6.5157 1.6858 2.9765 2.4192
15050 7525.0 1.6804 7.1548 1.6804 2.8718 2.4309
15060 7530.0 1.8023 0.0026 1.8023 2.8178 2.5268
15070 7535.0 1.8478 1.1445 1.8478 2.7059 2.5658
15080 7540.0 1.7093 4.1131 1.7093 2.6254 2.4472
15090 7545.0 1.6462 11.8240 1.6462 2.5570 2.2312
15100 7550.0 1.7292 2.5088 1.7292 2.5257 2.1901
15110 7555.0 1.8217 0.2358 1.8217 2.4975 2.2786
15120 7560.0 1.7767 0.2719 1.7767 2.5071 2.3859
15130 7565.0 1.7262 2.7260 1.7262 2.6165 2.5144
15140 7570.0 1.7452 1.4994 1.7452 2.8151 2.5238
15150 7575.0 1.7702 0.4450 1.7702 2.8366 2.3964
15160 7580.0 1.7386 1.8864 1.7386 2.8632 2.3512
15170 7585.0 1.7495 1.2759 1.7495 2.8273 2.4403
15180 7590.0 1.7047 4.5392 1.7047 2.8274 2.5363
15190 7595.0 1.7117 3.9023 1.7117 2.7473 2.6098
15200 7600.0 1.8002 0.0000 1.8002 2.7318 2.5607
15210 7605.0 1.7883 0.0680 1.7883 2.7250 2.4524
15220 7610.0 1.6859 6.5105 1.6859 2.7237 2.3131
15230 7615.0 1.7325 2.2805 1.7325 2.6619 2.2834
15240 7620.0 1.8101 0.0506 1.8101 2.5555 2.3282
15250 7625.0 1.7425 1.6551 1.7425 2.4867 2.3178
15260 7630.0 1.7083 4.2043 1.7083 2.5572 2.3847
15270 7635.0 1.7407 1.7594 1.7407 2.6934 2.4986
15280 7640.0 1.7507 1.2145 1.7507 2.5976 2.6077
15290 7645.0 1.7027 4.7322 1.7027 2.6124 2.6070
15300 7650.0 1.7316 2.3384 1.7316 2.5711 2.6084
15310 7655.0 1.7333 2.2271 1.7333 2.5541 2.5829
15320 7660.0 1.7291 2.5136 1.7291 2.5579 2.5267
15330 7665.0 1.7038 4.6287 1.7038 2.6126 2.4455
15340 7670.0 1.7475 1.3804 1.7475 2.5528 2.4495
15350 7675.0 1.7715 0.4066 1.7715 2.5344 2.4671
15360 7680.0 1.7529 1.1084 1.7529 2.5676 2.4486
15370 7685.0 1.7096 4.0866 1.7096 2.6806 2.3648
15380 7690.0 1.7225 3.0044 1.7225 2.6741 2.3797
15390 7695.0 1.7761 0.2867 1.7761 2.6318 2.4576
15400 7700.0 1.7562 0.9608 1.7562 2.6334 2.5038
15410 7705.0 1.7435 1.5980 1.7435 2.6812 2.4916
15420 7710.0 1.7415 1.7139 1.7415 2.7472 2.5109
15430 7715.0 1.6817 6.9956 1.6817 2.8541 2.4643
15440 7720.0 1.7200 3.2018 1.7200 2.8553 2.5338
15450 7725.0 1.7905 0.0448 1.7905 2.7998 2.5083
15460 7730.0 1.8051 0.0131 1.8051 2.7946 2.4244
15470 7735.0 1.7077 4.2579 1.7077 2.7500 2.3605
15480 7740.0 1.7163 3.5036 1.7163 2.7553 2.3477
15490 7745.0 1.8015 0.0012 1.8015 2.7896 2.3816
15500 7750.0 1.7243 2.8690 1.7243 2.7404 2.4445
15510 7755.0 1.6688 8.6043 1.6688 2.7382 2.5129
15520 7760.0 1.7998 0.0000 1.7998 2.7340 2.4246
15530 7765.0 1.7871 0.0832 1.7871 2.7282 2.2763
15540 7770.0 1.6864 6.4549 1.6864 2.8003 2.2565
15550 7775.0 1.6745 7.8810 1.6745 2.8083 2.3572
15560 7780.0 1.7436 1.5893 1.7436 2.6847 2.4780
15570 7785.0 1.8168 0.1411 1.8168 2.6010 2.5171
15580 7790.0 1.7543 1.0448 1.7543 2.6403 2.5395
15590 7795.0 1.6657 9.0129 1.6657 2.6806 2.4306
15600 7800.0 1.6510 11.1070 1.6510 2.8011 2.4157
15610 7805.0 1.8019 0.0018 1.8019 2.6571 2.4101
15620 7810.0 1.8386 0.7446 1.8386 2.6184 2.5113
15630 7815.0 1.6763 7.6563 1.6763 2.6466 2.4721
15640 7820.0 1.6413 12.5938 1.6413 2.5847 2.4547
15650 7825.0 1.8013 0.0009 1.8013 2.6479 2.6028
15660 7830.0 1.8313 0.4910 1.8313 2.6378 2.5452
15670 7835.0 1.6892 6.1329 1.6892 2.7599 2.5025
15680 7840.0 1.7048 4.5276 1.7048 2.6516 2.4579
15690 7845.0 1.7745 0.3250 1.7745 2.5145 2.5279
15700 7850.0 1.8190 0.1805 1.8190 2.5010 2.6115
15710 7855.0 1.7473 1.3885 1.7473 2.6006 2.6201
15720 7860.0 1.6831 6.8291 1.6831 2.7876 2.4885
15730 7865.0 1.6962 5.3850 1.6962 2.8801 2.4092
15740 7870.0 1.8359 0.6458 1.8359 2.7449 2.4812
15750 7875.0 1.8066 0.0217 1.8066 2.6754 2.6043
15760 7880.0 1.7059 4.4318 1.7059 2.5833 2.4723
15770 7885.0 1.7000 4.9993 1.7000 2.5807 2.3289
15780 7890.0 1.7732 0.3588 1.7732 2.6039 2.3276
15790 7895.0 1.8212 0.2250 1.8212 2.6241 2.3516
15800 7900.0 1.7729 0.3668 1.7729 2.7003 2.3667
15810 7905.0 1.7107 3.9833 1.7107 2.7750 2.4138
15820 7910.0 1.7384 1.8966 1.7384 2.7560 2.5139
15830 7915.0 1.7528 1.1125 1.7528 2.6847 2.5505
15840 7920.0 1.7803 0.1944 1.7803 2.6278 2.5713
15850 7925.0 1.7411 1.7375 1.7411 2.7128 2.5509
15860 7930.0 1.6294 14.5474 1.6294 2.8262 2.4755
15870 7935.0 1.7473 1.3886 1.7473 2.6896 2.4521
15880 7940.0 1.8009 0.0004 1.8009 2.5608 2.4572
15890 7945.0 1.7161 3.5175 1.7161 2.5612 2.4208
15900 7950.0 1.7024 4.7648 1.7024 2.6069 2.4090
15910 7955.0 1.7288 2.5324 1.7288 2.6538 2.4731
15920 7960.0 1.7080 4.2297 1.7080 2.6857 2.3355
15930 7965.0 1.7149 3.6231 1.7149 2.6863 2.3667
15940 7970.0 1.7195 3.2412 1.7195 2.6494 2.4860
15950 7975.0 1.7291 2.5111 1.7291 2.5563 2.5082
15960 7980.0 1.7997 0.0001 1.7997 2.4225 2.5116
15970 7985.0 1.7435 1.5975 1.7435 2.4570 2.4528
15980 7990.0 1.7011 4.8933 1.7011 2.5216 2.4074
15990 7995.0 1.7131 3.7727 1.7131 2.5014 2.3151
16000 8000.0 1.7162 3.5116 1.7162 2.5006 2.2392
16010 8005.0 1.7308 2.3974 1.7308 2.5272 2.3511
16020 8010.0 1.6751 7.8056 1.6751 2.5310 2.5125
16030 8015.0 1.7181 3.3576 1.7181 2.4595 2.5703
16040 8020.0 1.7846 0.1188 1.7846 2.4063 2.5920
16050 8025.0 1.7181 3.3553 1.7181 2.4883 2.6709
16060 8030.0 1.6992 5.0800 1.6992 2.5336 2.6996
16070 8035.0 1.8091 0.0411 1.8091 2.4441 2.6624
16080 8040.0 1.8054 0.0144 1.8054 2.4631 2.6603
16090 8045.0 1.6933 5.6950 1.6933 2.5666 2.6679
16100 8050.0 1.7331 2.2353 1.7331 2.5444 2.6212
16110 8055.0 1.8435 0.9453 1.8435 2.4746 2.6495
16120 8060.0 1.7673 0.5356 1.7673 2.5308 2.6027
16130 8065.0 1.7081 4.2218 1.7081 2.5635 2.5867
16140 8070.0 1.8033 0.0054 1.8033 2.4590 2.6980
16150 8075.0 1.7946 0.0147 1.7946 2.4690 2.7916
16160 8080.0 1.6970 5.3032 1.6970 2.5950 2.6583
16170 8085.0 1.7748 0.3173 1.7748 2.5418 2.6199
16180 8090.0 1.8199 0.1982 1.8199 2.4703 2.6044
16190 8095.0 1.6911 5.9324 1.6911 2.5661 2.5577
16200 8100.0 1.6913 5.9119 1.6913 2.6045 2.6005
16210 8105.0 1.8054 0.0144 1.8054 2.5926 2.6261
16220 8110.0 1.7614 0.7435 1.7614 2.5518 2.6007
16230 8115.0 1.6975 5.2536 1.6975 2.5031 2.6160
16240 8120.0 1.7642 0.6414 1.7642 2.3709 2.7281
16250 8125.0 1.7775 0.2520 1.7775 2.3469 2.6995
16260 8130.0 1.7156 3.5586 1.7156 2.4303 2.5451
16270 8135.0 1.7907 0.0429 1.7907 2.4214 2.4205
16280 8140.0 1.8052 0.0136 1.8052 2.4996 2.2865
16290 8145.0 1.7164 3.4978 1.7164 2.6217 2.1968
16300 8150.0 1.6482 11.5233 1.6482 2.6697 2.1890
16310 8155.0 1.7478 1.3619 1.7478 2.4688 2.3580
16320 8160.0 1.8206 0.2116 1.8206 2.3011 2.5359
16330 8165.0 1.7052 4.4977 1.7052 2.3600 2.5865
16340 8170.0 1.6785 7.3755 1.6785 2.4178 2.5888
16350 8175.0 1.6734 8.0158 1.6734 2.3249 2.4591
16360 8180.0 1.6641 9.2330 1.6641 2.2220 2.4327
16370 8185.0 1.7365 2.0190 1.7365 2.2612 2.6210
16380 8190.0 1.6115 17.7572 1.6115 2.3738 2.6977
16390 8195.0 1.6960 5.4033 1.6960 2.4185 2.7558
16400 8200.0 1.7599 0.8054 1.7599 2.2825 2.6288
16410 8205.0 1.6721 8.1833 1.6721 2.3462 2.5003
16420 8210.0 1.7211 3.1112 1.7211 2.4375 2.5555
16430 8215.0 1.7638 0.6569 1.7638 2.5778 2.7322
16440 8220.0 1.6755 7.7555 1.6755 2.4789 2.7676
16450 8225.0 1.7438 1.5815 1.7438 2.5009 2.7667
16460 8230.0 1.7853 0.1085 1.7853 2.6218 2.5802
16470 8235.0 1.6773 7.5305 1.6773 2.6637 2.4783
16480 8240.0 1.6691 8.5648 1.6691 2.5650 2.5496
16490 8245.0 1.7474 1.3826 1.7474 2.3885 2.7021
16500 8250.0 1.7589 0.8463 1.7589 2.2986 2.6861
16510 8255.0 1.7263 2.7131 1.7263 2.3542 2.5682
16520 8260.0 1.6249 15.3280 1.6249 2.4636 2.4589
16530 8265.0 1.7230 2.9609 1.7230 2.4497 2.4846
16540 8270.0 1.7652 0.6069 1.7652 2.3815 2.4920
16550 8275.0 1.6826 6.8918 1.6826 2.4268 2.4624
16560 8280.0 1.7216 3.0726 1.7216 2.5961 2.4892
16570 8285.0 1.7771 0.2611 1.7771 2.5043 2.5185
16580 8290.0 1.7182 3.3433 1.7182 2.5744 2.4382
16590 8295.0 1.7014 4.8620 1.7014 2.6880 2.5213
16600 8300.0 1.7183 3.3344 1.7183 2.7175 2.5810
16610 8305.0 1.7109 3.9674 1.7109 2.6778 2.6240
16620 8310.0 1.8017 0.0014 1.8017 2.5372 2.6110
16630 8315.0 1.7408 1.7502 1.7408 2.5510 2.5280
16640 8320.0 1.6382 13.0898 1.6382 2.6186 2.4282
16650 8325.0 1.7198 3.2149 1.7198 2.6079 2.4122
16660 8330.0 1.7457 1.4725 1.7457 2.4826 2.4537
16670 8335.0 1.8186 0.1730 1.8186 2.3798 2.5090
16680 8340.0 1.7735 0.3506 1.7735 2.4418 2.4862
16690 8345.0 1.6794 7.2755 1.6794 2.5908 2.4377
16700 8350.0 1.6493 11.3570 1.6493 2.5820 2.3883
16710 8355.0 1.7876 0.0770 1.7876 2.4352 2.4976
16720 8360.0 1.7515 1.1746 1.7515 2.3835 2.5897
16730 8365.0 1.7061 4.4077 1.7061 2.3471 2.6095
16740 8370.0 1.7685 0.4969 1.7685 2.2847 2.5932
16750 8375.0 1.7534 1.0879 1.7534 2.3285 2.5276
16760 8380.0 1.6990 5.1043 1.6990 2.4776 2.4176
16770 8385.0 1.6489 11.4193 1.6489 2.4948 2.3765
16780 8390.0 1.7947 0.0143 1.7947 2.3827 2.3849
16790 8395.0 1.7745 0.3239 1.7745 2.4222 2.5596
16800 8400.0 1.6396 12.8577 1.6396 2.5647 2.5369
16810 8405.0 1.8000 0.0000 1.8000 2.4491 2.5124
16820 8410.0 1.7764 0.2792 1.7764 2.4280 2.3623
16830 8415.0 1.6653 9.0775 1.6653 2.5508 2.3601
16840 8420.0 1.7525 1.1301 1.7525 2.5393 2.3826
16850 8425.0 1.7657 0.5879 1.7657 2.5307 2.3868
16860 8430.0 1.7672 0.5382 1.7672 2.5399 2.3746
16870 8435.0 1.7872 0.0820 1.7872 2.5785 2.4044
16880 8440.0 1.7697 0.4596 1.7697 2.6308 2.4341
16890 8445.0 1.6815 7.0257 1.6815 2.6951 2.4672
16900 8450.0 1.7008 4.9170 1.7008 2.7599 2.4787
16910 8455.0 1.7796 0.2083 1.7796 2.8838 2.6091
16920 8460.0 1.7419 1.6902 1.7419 2.8161 2.5290
16930 8465.0 1.6937 5.6539 1.6937 2.8078 2.4446
16940 8470.0 1.8002 0.0000 1.8002 2.9068 2.4421
16950 8475.0 1.7665 0.5607 1.7665 2.9649 2.3884
16960 8480.0 1.6695 8.5161 1.6695 2.9194 2.4037
16970 8485.0 1.7075 4.2823 1.7075 2.7343 2.5701
16980 8490.0 1.7781 0.2407 1.7781 2.5605 2.6578
16990 8495.0 1.8271 0.3673 1.8271 2.4457 2.5895
17000 8500.0 1.7483 1.3384 1.7483 2.3986 2.3641
17010 8505.0 1.6615 9.5910 1.6615 2.4403 2.2265
17020 8510.0 1.7170 3.4456 1.7170 2.5032 2.3038
17030 8515.0 1.8216 0.2328 1.8216 2.5860 2.5403
17040 8520.0 1.7728 0.3708 1.7728 2.7267 2.5530
17050 8525.0 1.6761 7.6792 1.6761 2.8480 2.5622
17060 8530.0 1.7016 4.8384 1.7016 2.8379 2.5884
17070 8535.0 1.7927 0.0268 1.7927 2.7319 2.5728
17080 8540.0 1.7787 0.2275 1.7787 2.7506 2.5199
17090 8545.0 1.7190 3.2809 1.7190 2.7124 2.5041
17100 8550.0 1.7491 1.2955 1.7491 2.6911 2.4388
17110 8555.0 1.7706 0.4326 1.7706 2.5450 2.3238
17120 8560.0 1.7464 1.4357 1.7464 2.5168 2.3042
17130 8565.0 1.7409 1.7475 1.7409 2.6198 2.3817
17140 8570.0 1.7572 0.9171 1.7572 2.7874 2.4870
17150 8575.0 1.7515 1.1753 1.7515 2.8541 2.3298
17160 8580.0 1.7563 0.9533 1.7563 2.9402 2.3203
17170 8585.0 1.7480 1.3530 1.7480 2.9960 2.4653
17180 8590.0 1.7041 4.6009 1.7041 3.0198 2.5354
17190 8595.0 1.7721 0.3888 1.7721 2.9953 2.5351
17200 8600.0 1.7994 0.0002 1.7994 2.8874 2.4500
17210 8605.0 1.7183 3.3350 1.7183 2.8272 2.4391
17220 8610.0 1.7522 1.1412 1.7522 2.7205 2.2986
17230 8615.0 1.8495 1.2250 1.8495 2.5796 2.2649
17240 8620.0 1.7971 0.0043 1.7971 2.6344 2.2190
17250 8625.0 1.6743 7.8993 1.6743 2.6555 2.1927
17260 8630.0 1.6730 8.0648 1.6730 2.7609 2.3092
17270 8635.0 1.7748 0.3165 1.7748 2.6326 2.3548
17280 8640.0 1.8082 0.0336 1.8082 2.6582 2.3342
17290 8645.0 1.7179 3.3688 1.7179 2.8276 2.4008
17300 8650.0 1.6622 9.4938 1.6622 2.9098 2.3942
17310 8655.0 1.7190 3.2819 1.7190 2.7653 2.5088
17320 8660.0 1.8439 0.9633 1.8439 2.5261 2.5139
17330 8665.0 1.7621 0.7178 1.7621 2.5259 2.4430
17340 8670.0 1.6122 17.6422 1.6122 2.6839 2.2032
17350 8675.0 1.6603 9.7601 1.6603 2.6007 2.1522
17360 8680.0 1.8325 0.5286 1.8325 2.3625 2.2909
17370 8685.0 1.8144 0.1041 1.8144 2.4120 2.3640
17380 8690.0 1.6534 10.7440 1.6534 2.6614 2.3970
17390 8695.0 1.7063 4.3922 1.7063 2.7191 2.4305
17400 8700.0 1.7951 0.0120 1.7951 2.6437 2.4313
17410 8705.0 1.7992 0.0003 1.7992 2.6332 2.3943
17420 8710.0 1.7376 1.9482 1.7376 2.6775 2.4608
17430 8715.0 1.6461 11.8377 1.6461 2.6591 2.4272
17440 8720.0 1.7629 0.6867 1.7629 2.4814 2.4051
17450 8725.0 1.8363 0.6607 1.8363 2.3527 2.3881
17460 8730.0 1.7128 3.8062 1.7128 2.4531 2.2715
17470 8735.0 1.6641 9.2282 1.6641 2.5827 2.2604
17480 8740.0 1.7058 4.4370 1.7058 2.5825 2.4422
17490 8745.0 1.7785 0.2321 1.7785 2.5398 2.4705
17500 8750.0 1.8101 0.0508 1.8101 2.5573 2.5137
17510 8755.0 1.7215 3.0838 1.7215 2.6061 2.5847
17520 8760.0 1.7422 1.6732 1.7422 2.6661 2.5565
17530 8765.0 1.8207 0.2139 1.8207 2.6310 2.5069
17540 8770.0 1.7500 1.2495 1.7500 2.5904 2.5705
17550 8775.0 1.7083 4.2086 1.7083 2.4973 2.5494
17560 8780.0 1.7871 0.0838 1.7871 2.5130 2.4822
17570 8785.0 1.8050 0.0126 1.8050 2.5256 2.4420
17580 8790.0 1.7248 2.8248 1.7248 2.6546 2.4016
17590 8795.0 1.7198 3.2182 1.7198 2.7009 2.3055
17600 8800.0 1.7473 1.3910 1.7473 2.6170 2.2410
17610 8805.0 1.7844 0.1223 1.7844 2.5443 2.3127
17620 8810.0 1.7568 0.9348 1.7568 2.5298 2.3104
17630 8815.0 1.7112 3.9427 1.7112 2.4660 2.2824
17640 8820.0 1.7875 0.0785 1.7875 2.4888 2.3376
17650 8825.0 1.7502 1.2390 1.7502 2.5551 2.2946
17660 8830.0 1.6946 5.5543 1.6946 2.6272 2.2433
17670 8835.0 1.7276 2.6221 1.7276 2.6057 2.2264
17680 8840.0 1.7895 0.0547 1.7895 2.5239 2.2679
17690 8845.0 1.7127 3.8099 1.7127 2.5961 2.3719
17700 8850.0 1.7150 3.6090 1.7150 2.6004 2.3585
17710 8855.0 1.7649 0.6165 1.7649 2.5553 2.2741
17720 8860.0 1.7288 2.5345 1.7288 2.5452 2.2394
17730 8865.0 1.6994 5.0633 1.6994 2.5804 2.3037
17740 8870.0 1.7162 3.5133 1.7162 2.5460 2.4372
17750 8875.0 1.7447 1.5292 1.7447 2.4867 2.4459
17760 8880.0 1.7660 0.5773 1.7660 2.4773 2.4529
17770 8885.0 1.7229 2.9737 1.7229 2.5730 2.4201
17780 8890.0 1.6789 7.3271 1.6789 2.6638 2.3095
17790 8895.0 1.7000 5.0012 1.7000 2.6657 2.2874
17800 8900.0 1.7612 0.7524 1.7612 2.5978 2.3507
17810 8905.0 1.7397 1.8151 1.7397 2.6218 2.4541
17820 8910.0 1.7057 4.4440 1.7057 2.6069 2.3821
17830 8915.0 1.7403 1.7791 1.7403 2.6925 2.3672
17840 8920.0 1.7522 1.1428 1.7522 2.6238 2.3604
17850 8925.0 1.7592 0.8344 1.7592 2.6363 2.3648
17860 8930.0 1.7560 0.9682 1.7560 2.7331 2.4610
17870 8935.0 1.6682 8.6829 1.6682 2.7503 2.6187
17880 8940.0 1.7051 4.5026 1.7051 2.7976 2.6043
17890 8945.0 1.8052 0.0133 1.8052 2.7390 2.4718
17900 8950.0 1.7267 2.6886 1.7267 2.7706 2.3976
17910 8955.0 1.6702 8.4298 1.6702 2.8263 2.4954
17920 8960.0 1.7146 3.6436 1.7146 2.6090 2.5153
17930 8965.0 1.8344 0.5925 1.8344 2.5132 2.5432
17940 8970.0 1.7991 0.0004 1.7991 2.5169 2.5570
17950 8975.0 1.6772 7.5401 1.6772 2.5547 2.5536
17960 8980.0 1.6880 6.2775 1.6880 2.7179 2.4714
17970 8985.0 1.7267 2.6882 1.7267 2.6843 2.3510
17980 8990.0 1.8053 0.0142 1.8053 2.6116 2.3646
17990 8995.0 1.7691 0.4767 1.7691 2.6964 2.4657
18000 9000.0 1.6501 11.2376 1.6501 2.6284 2.4813
