# step  time_fs  cv_FeH(A)  bias(kJ/mol)  d_min_FeH(A)  d_min_OH(A)  d_min_SH(A)
0 0.0 1.7182 26.8584 1.7182 2.5114 2.4126
10 5.0 1.8408 5.9635 1.8408 2.4746 2.2453
20 10.0 1.8124 9.4625 1.8124 2.5449 2.1878
30 15.0 1.7185 26.7901 1.7185 2.6504 2.2345
40 20.0 1.6883 34.2387 1.6883 2.6276 2.1823
50 25.0 1.8615 3.9145 1.8615 2.5295 2.3108
60 30.0 1.8712 3.1083 1.8712 2.5587 2.2838
70 35.0 1.7333 23.4707 1.7333 2.7233 2.2593
80 40.0 1.6850 35.1052 1.6850 2.7430 2.1752
90 45.0 1.7937 12.2150 1.7937 2.6541 2.1444
100 50.0 1.8213 8.2820 1.8213 2.6599 2.1025
110 55.0 1.7141 27.8343 1.7141 2.7424 2.0447
120 60.0 1.6903 33.7133 1.6903 2.7490 2.0778
130 65.0 1.7768 14.9960 1.7768 2.5636 2.2390
140 70.0 1.8542 4.5865 1.8542 2.4849 2.4110
150 75.0 1.7713 15.9707 1.7713 2.6309 2.2069
160 80.0 1.7681 16.5381 1.7681 2.6769 2.0852
170 85.0 1.8320 6.9642 1.8320 2.5363 2.1987
180 90.0 1.8380 6.2748 1.8380 2.4304 2.3399
190 95.0 1.7870 13.2862 1.7870 2.4811 2.3555
200 100.0 1.7753 15.2606 1.7753 2.6579 2.2666
210 105.0 1.7342 23.2758 1.7342 2.7954 2.2112
220 110.0 1.8074 10.1634 1.8074 2.7339 2.2518
230 115.0 1.8652 3.5937 1.8652 2.6369 2.2527
240 120.0 1.8018 10.9751 1.8018 2.6291 2.2037
250 125.0 1.8357 6.5351 1.8357 2.5467 2.2395
260 130.0 1.8923 1.6671 1.8923 2.4016 2.3168
270 135.0 1.8176 8.7643 1.8176 2.3111 2.3166
280 140.0 1.7075 29.4103 1.7075 2.2839 2.3014
290 145.0 1.7472 20.5620 1.7472 2.2217 2.3323
300 150.0 1.8310 7.0790 1.8310 2.1487 2.4104
310 155.0 1.8529 4.7142 1.8529 2.1766 2.4070
320 160.0 1.7620 17.6764 1.7620 2.3154 2.2234
330 165.0 1.8086 10.0014 1.8086 2.4029 2.1610
340 170.0 1.9083 0.8682 1.9083 2.3840 2.2490
350 175.0 1.8976 1.3722 1.8976 2.3904 2.3362
360 180.0 1.7790 14.6290 1.7790 2.4781 2.3479
370 185.0 1.8110 9.6589 1.8110 2.5217 2.3191
380 190.0 1.9241 0.3365 1.9241 2.5568 2.2449
390 195.0 1.8439 5.6238 1.8439 2.6587 2.1164
400 200.0 1.8261 7.6760 1.8261 2.6558 2.1317
410 205.0 1.9001 1.2464 1.9001 2.5992 2.2546
420 210.0 1.8988 1.3082 1.8988 2.6469 2.2807
430 215.0 1.8199 8.4637 1.8199 2.7614 2.2139
440 220.0 1.7847 13.6674 1.7847 2.8501 2.1888
450 225.0 1.7986 11.4623 1.7986 2.8001 2.2874
460 230.0 1.8235 7.9949 1.8235 2.6900 2.2523
470 235.0 1.8060 10.3657 1.8060 2.6745 2.2024
480 240.0 1.7820 14.1133 1.7820 2.7565 2.2139
490 245.0 1.7808 14.3110 1.7808 2.8282 2.3036
500 250.0 1.7346 23.1953 1.7346 2.7824 2.2980
510 255.0 1.8307 7.1137 1.8307 2.6382 2.4250
520 260.0 1.8782 2.5789 1.8782 2.5784 2.3677
530 265.0 1.7964 11.7896 1.7964 2.7005 2.3211
540 270.0 1.7442 21.1741 1.7442 2.8117 2.2568
550 275.0 1.7537 19.2721 1.7537 2.8072 2.3794
560 280.0 1.8046 10.5705 1.8046 2.7530 2.4135
570 285.0 1.8395 6.1021 1.8395 2.7311 2.4390
580 290.0 1.7797 14.5041 1.7797 2.8534 2.3123
590 295.0 1.7475 20.5031 1.7475 2.9454 2.1525
600 300.0 1.7928 12.3562 1.7928 2.9031 2.1922
610 305.0 1.8810 2.3793 1.8810 2.7694 2.3472
620 310.0 1.9178 0.5193 1.9178 2.7223 2.4514
630 315.0 1.8007 11.1474 1.8007 2.8400 2.3907
640 320.0 1.7266 24.9643 1.7266 2.9760 2.2708
650 325.0 1.8070 10.2266 1.8070 2.9679 2.3113
660 330.0 1.9101 0.7973 1.9101 2.8703 2.3780
670 335.0 1.9122 0.7148 1.9122 2.8628 2.3518
680 340.0 1.8192 8.5510 1.8192 2.9493 2.2074
690 345.0 1.7528 19.4522 1.7528 2.9702 2.1749
700 350.0 1.8661 3.5164 1.8661 2.8353 2.3114
710 355.0 1.9609 0.0593 1.9609 2.7566 2.4317
720 360.0 1.8832 2.2288 1.8832 2.8801 2.3228
730 365.0 1.7506 19.8847 1.7506 3.0660 2.2331
740 370.0 1.7857 13.5047 1.7857 3.0011 2.1812
750 375.0 1.8496 5.0390 1.8496 2.7374 2.3417
760 380.0 1.8545 4.5634 1.8545 2.5190 2.3205
770 385.0 1.8107 9.6975 1.8107 2.4963 2.3131
780 390.0 1.8025 10.8771 1.8025 2.6143 2.3313
790 395.0 1.7909 12.6579 1.7909 2.7008 2.3027
800 400.0 1.8380 6.2726 1.8380 2.6820 2.3991
810 405.0 1.8368 6.4094 1.8368 2.6874 2.2581
820 410.0 1.7809 14.3053 1.7809 2.7446 2.2402
830 415.0 1.7630 17.4916 1.7630 2.7507 2.3066
840 420.0 1.7694 16.3069 1.7694 2.6716 2.3208
850 425.0 1.7896 12.8599 1.7896 2.5222 2.3416
860 430.0 1.7917 12.5313 1.7917 2.4963 2.3010
870 435.0 1.8038 10.6901 1.8038 2.6286 2.4169
880 440.0 1.7695 16.2832 1.7695 2.8580 2.3194
890 445.0 1.7212 26.1705 1.7212 2.9678 2.3140
900 450.0 1.8017 10.9909 1.8017 2.8852 2.3440
910 455.0 1.8712 3.1061 1.8712 2.8196 2.4714
920 460.0 1.7984 11.4948 1.7984 2.8798 2.3504
930 465.0 1.8127 9.4298 1.8127 2.8716 2.2699
940 470.0 1.8278 7.4666 1.8278 2.7703 2.2966
950 475.0 1.8345 6.6685 1.8345 2.7015 2.3001
960 480.0 1.8232 8.0364 1.8232 2.7165 2.2841
970 485.0 1.7991 11.3846 1.7991 2.7742 2.2308
980 490.0 1.8102 9.7739 1.8102 2.7052 2.3101
990 495.0 1.8930 1.6229 1.8930 2.6010 2.4250
1000 500.0 1.8835 2.2094 1.8835 2.6402 2.4066
1010 505.0 1.8267 7.5981 1.8267 2.7842 2.2817
1020 510.0 1.8602 4.0355 1.8602 2.8801 2.2558
1030 515.0 1.8519 4.8104 1.8519 2.9764 2.2922
1040 520.0 1.7821 14.1022 1.7821 3.0944 2.2096
1050 525.0 1.8262 7.6659 1.8262 3.0749 2.2329
1060 530.0 1.8961 1.4544 1.8961 3.0083 2.3543
1070 535.0 1.8664 3.4967 1.8664 3.0442 2.2627
1080 540.0 1.8408 5.9673 1.8408 3.0951 2.2486
1090 545.0 1.8486 5.1421 1.8486 3.1118 2.3478
1100 550.0 1.8330 6.8467 1.8330 3.1654 2.4458
1110 555.0 1.7449 21.0310 1.7449 3.3029 2.3308
1120 560.0 1.7447 21.0643 1.7447 3.3260 2.3629
1130 565.0 1.8168 8.8737 1.8168 3.2428 2.5058
1140 570.0 1.8007 11.1395 1.8007 3.1918 2.3890
1150 575.0 1.7825 14.0265 1.7825 3.2006 2.4134
1160 580.0 1.7557 18.8713 1.7557 3.2378 2.4055
1170 585.0 1.7617 17.7276 1.7617 3.2920 2.4617
1180 590.0 1.7603 18.0019 1.7603 3.2966 2.4123
1190 595.0 1.7956 11.9206 1.7956 3.2571 2.3754
1200 600.0 1.8202 8.4257 1.8202 3.2336 2.4085
1210 605.0 1.7902 12.7649 1.7902 3.2764 2.3662
1220 610.0 1.7735 15.5833 1.7735 3.3643 2.2671
1230 615.0 1.7930 12.3173 1.7930 3.3993 2.2966
1240 620.0 1.8192 8.5596 1.8192 3.4085 2.3704
1250 625.0 1.8532 4.6840 1.8532 3.3690 2.3929
1260 630.0 1.8000 11.2432 1.8000 3.4017 2.2937
1270 635.0 1.7644 17.2309 1.7644 3.4257 2.2064
1280 640.0 1.8731 2.9551 1.8731 3.3844 2.2643
1290 645.0 1.9271 0.2619 1.9271 3.3544 2.3146
1300 650.0 1.9008 1.2091 1.9008 3.4026 2.2476
1310 655.0 1.8482 5.1865 1.8482 3.4776 2.1704
1320 660.0 1.8268 7.5848 1.8268 3.4452 2.2433
1330 665.0 1.8419 5.8387 1.8419 3.3962 2.3313
1340 670.0 1.8342 6.7098 1.8342 3.4166 2.2902
1350 675.0 1.8035 10.7238 1.8035 3.4699 2.3025
1360 680.0 1.7951 11.9929 1.7951 3.5274 2.3760
1370 685.0 1.8082 10.0590 1.8082 3.5779 2.3381
1380 690.0 1.7829 13.9608 1.7829 3.6308 2.3374
1390 695.0 1.7783 14.7383 1.7783 3.6074 2.3822
1400 700.0 1.7871 13.2713 1.7871 3.6325 2.4377
1410 705.0 1.7736 15.5529 1.7736 3.7101 2.4562
1420 710.0 1.7330 23.5437 1.7330 3.7712 2.4214
1430 715.0 1.7390 22.2627 1.7390 3.7655 2.4218
1440 720.0 1.7936 12.2312 1.7936 3.7549 2.4893
1450 725.0 1.8151 9.1031 1.8151 3.7413 2.5081
1460 730.0 1.7768 15.0058 1.7768 3.7137 2.4911
1470 735.0 1.7391 22.2331 1.7391 3.7234 2.4333
1480 740.0 1.7708 16.0532 1.7708 3.7182 2.4125
1490 745.0 1.8203 8.4051 1.8203 3.7084 2.4117
1500 750.0 1.8073 10.1778 1.8073 3.7464 2.4672
1510 755.0 1.7925 12.4097 1.7925 3.7788 2.4000
1520 760.0 1.7894 12.9030 1.7894 3.7139 2.3601
1530 765.0 1.7735 15.5795 1.7735 3.7335 2.3367
1540 770.0 1.7609 17.8819 1.7609 3.6562 2.3588
1550 775.0 1.8062 10.3433 1.8062 3.6402 2.3497
1560 780.0 1.8222 8.1706 1.8222 3.6838 2.3478
1570 785.0 1.8133 9.3471 1.8133 3.7182 2.3052
1580 790.0 1.8132 9.3557 1.8132 3.6811 2.3043
1590 795.0 1.7764 15.0644 1.7764 3.6149 2.3096
1600 800.0 1.8065 10.2945 1.8065 3.5162 2.3642
1610 805.0 1.8134 9.3268 1.8134 3.4999 2.3225
1620 810.0 1.8036 10.7213 1.8036 3.5417 2.3477
1630 815.0 1.7930 12.3181 1.7930 3.6471 2.3689
1640 820.0 1.7897 12.8408 1.7897 3.7340 2.3062
1650 825.0 1.8364 6.4532 1.8364 3.8090 2.3301
1660 830.0 1.7736 15.5567 1.7736 3.7603 2.3185
1670 835.0 1.7671 16.7208 1.7671 3.6938 2.2906
1680 840.0 1.8036 10.7159 1.8036 3.6733 2.3308
1690 845.0 1.8119 9.5349 1.8119 3.6876 2.4457
1700 850.0 1.7482 20.3544 1.7482 3.7307 2.3320
1710 855.0 1.7668 16.7748 1.7668 3.7836 2.3746
1720 860.0 1.8287 7.3578 1.8287 3.8318 2.4234
1730 865.0 1.7740 15.4869 1.7740 3.7321 2.3448
1740 870.0 1.7928 12.3614 1.7928 3.7421 2.3757
1750 875.0 1.8194 8.5217 1.8194 3.8163 2.4332
1760 880.0 1.7519 19.6156 1.7519 3.8344 2.3685
1770 885.0 1.7774 14.8890 1.7774 3.8503 2.3608
1780 890.0 1.7557 18.8860 1.7557 3.8557 2.4079
1790 895.0 1.7878 13.1479 1.7878 3.7754 2.3882
1800 900.0 1.8078 10.1095 1.8078 3.6675 2.3938
1810 905.0 1.7947 12.0570 1.7947 3.6874 2.4084
1820 910.0 1.7859 13.4633 1.7859 3.8308 2.3684
1830 915.0 1.7552 18.9663 1.7552 3.9264 2.2968
1840 920.0 1.7604 17.9821 1.7604 3.8823 2.2835
1850 925.0 1.7941 12.1518 1.7941 3.7501 2.3541
1860 930.0 1.7736 15.5581 1.7736 3.6697 2.4038
1870 935.0 1.7821 14.1027 1.7821 3.6689 2.4091
1880 940.0 1.7922 12.4455 1.7922 3.7134 2.4343
1890 945.0 1.7944 12.1040 1.7944 3.7312 2.4190
1900 950.0 1.7831 13.9224 1.7831 3.7594 2.3921
1910 955.0 1.7665 16.8404 1.7665 3.7615 2.3852
1920 960.0 1.7696 16.2682 1.7696 3.7387 2.4199
1930 965.0 1.7892 12.9223 1.7892 3.7631 2.4423
1940 970.0 1.7841 13.7607 1.7841 3.8149 2.3850
1950 975.0 1.7839 13.7921 1.7839 3.8226 2.4153
1960 980.0 1.7655 17.0253 1.7655 3.8157 2.3709
1970 985.0 1.7565 18.7252 1.7565 3.8105 2.3507
1980 990.0 1.7967 11.7446 1.7967 3.7722 2.3679
1990 995.0 1.8362 6.4805 1.8362 3.7184 2.4091
2000 1000.0 1.8198 8.4769 1.8198 3.7412 2.4170
2010 1005.0 1.7753 15.2538 1.7753 3.7931 2.3379
2020 1010.0 1.7462 20.7615 1.7462 3.7531 2.2948
2030 1015.0 1.7928 12.3546 1.7928 3.6655 2.3548
2040 1020.0 1.8445 5.5615 1.8445 3.5875 2.4117
2050 1025.0 1.8271 7.5478 1.8271 3.6085 2.3431
2060 1030.0 1.7948 12.0461 1.7948 3.5992 2.2541
2070 1035.0 1.7679 16.5859 1.7679 3.4878 2.2632
2080 1040.0 1.7877 13.1784 1.7877 3.3663 2.3419
2090 1045.0 1.8710 3.1199 1.8710 3.2681 2.4583
2100 1050.0 1.8587 4.1644 1.8587 3.2777 2.4324
2110 1055.0 1.7824 14.0514 1.7824 3.3826 2.2778
2120 1060.0 1.7520 19.6115 1.7520 3.3790 2.2450
2130 1065.0 1.7936 12.2289 1.7936 3.2657 2.3716
2140 1070.0 1.8349 6.6191 1.8349 3.1492 2.4626
2150 1075.0 1.8205 8.3824 1.8205 3.1241 2.4699
2160 1080.0 1.7522 19.5653 1.7522 3.1574 2.3662
2170 1085.0 1.7399 22.0758 1.7399 3.2183 2.3322
2180 1090.0 1.7936 12.2353 1.7936 3.1313 2.3819
2190 1095.0 1.8158 9.0030 1.8158 3.0691 2.4011
2200 1100.0 1.7609 17.8745 1.7609 3.1020 2.3706
2210 1105.0 1.7206 26.3130 1.7206 3.2065 2.3178
2220 1110.0 1.7621 17.6459 1.7621 3.2442 2.3498
2230 1115.0 1.8166 8.9032 1.8166 3.2251 2.4220
2240 1120.0 1.8019 10.9644 1.8019 3.2803 2.4543
2250 1125.0 1.7640 17.3035 1.7640 3.3851 2.3952
2260 1130.0 1.7413 21.7696 1.7413 3.3872 2.3422
2270 1135.0 1.7752 15.2749 1.7752 3.3826 2.3766
2280 1140.0 1.8181 8.6998 1.8181 3.4305 2.4246
2290 1145.0 1.7837 13.8320 1.7837 3.5860 2.4732
2300 1150.0 1.7357 22.9529 1.7357 3.7041 2.3786
2310 1155.0 1.7298 24.2420 1.7298 3.6834 2.3861
2320 1160.0 1.7674 16.6706 1.7674 3.5574 2.3517
2330 1165.0 1.7907 12.6862 1.7907 3.4962 2.3170
2340 1170.0 1.7865 13.3661 1.7865 3.5712 2.3830
2350 1175.0 1.7415 21.7348 1.7415 3.7079 2.4197
2360 1180.0 1.7296 24.2975 1.7296 3.7051 2.3568
2370 1185.0 1.7563 18.7641 1.7563 3.5964 2.3838
2380 1190.0 1.7839 13.7954 1.7839 3.5408 2.3439
2390 1195.0 1.7888 12.9971 1.7888 3.5427 2.3075
2400 1200.0 1.7995 11.3200 1.7995 3.5738 2.4236
2410 1205.0 1.7529 19.4273 1.7529 3.6193 2.3921
2420 1210.0 1.7833 13.8993 1.7833 3.6523 2.4080
2430 1215.0 1.7912 12.6164 1.7912 3.6623 2.3812
2440 1220.0 1.7673 16.6982 1.7673 3.6347 2.2854
2450 1225.0 1.7508 19.8329 1.7508 3.6188 2.3157
2460 1230.0 1.8342 6.7056 1.8342 3.6610 2.4474
2470 1235.0 1.8292 7.2992 1.8292 3.8087 2.4062
2480 1240.0 1.7480 20.4020 1.7480 3.9879 2.2974
2490 1245.0 1.7284 24.5544 1.7284 4.0612 2.2788
2500 1250.0 1.7740 15.4818 1.7740 3.9770 2.4239
2510 1255.0 1.8265 7.6300 1.8265 3.8943 2.4859
2520 1260.0 1.8057 10.4184 1.8057 3.9141 2.5131
2530 1265.0 1.7492 20.1591 1.7492 3.9938 2.4047
2540 1270.0 1.7260 25.0866 1.7260 4.0100 2.3648
2550 1275.0 1.7603 17.9906 1.7603 3.9252 2.4274
2560 1280.0 1.7890 12.9623 1.7890 3.8965 2.3744
2570 1285.0 1.7908 12.6693 1.7908 3.8691 2.3374
2580 1290.0 1.7615 17.7659 1.7615 3.9513 2.3795
2590 1295.0 1.7489 20.2183 1.7489 3.9677 2.3428
2600 1300.0 1.7914 12.5763 1.7914 3.8940 2.3791
2610 1305.0 1.8277 7.4777 1.8277 3.8219 2.3464
2620 1310.0 1.8283 7.4066 1.8283 3.8321 2.3431
2630 1315.0 1.7932 12.2960 1.7932 3.9354 2.3181
2640 1320.0 1.7836 13.8374 1.7836 3.9788 2.2846
2650 1325.0 1.8113 9.6176 1.8113 3.9637 2.3523
2660 1330.0 1.8506 4.9433 1.8506 3.9050 2.4091
2670 1335.0 1.8550 4.5141 1.8550 3.9416 2.4449
2680 1340.0 1.8060 10.3636 1.8060 4.0415 2.3940
2690 1345.0 1.7606 17.9355 1.7606 4.1011 2.3551
2700 1350.0 1.7986 11.4548 1.7986 4.0183 2.3964
2710 1355.0 1.8098 9.8297 1.8098 3.9647 2.3709
2720 1360.0 1.7957 11.9026 1.7957 3.8940 2.3799
2730 1365.0 1.7754 15.2401 1.7754 3.8516 2.3997
2740 1370.0 1.7524 19.5166 1.7524 3.8085 2.3180
2750 1375.0 1.7747 15.3619 1.7747 3.8786 2.4229
2760 1380.0 1.8148 9.1341 1.8148 3.9256 2.3005
2770 1385.0 1.7384 22.3975 1.7384 3.9012 2.2228
2780 1390.0 1.7422 21.5884 1.7422 4.0355 2.2973
2790 1395.0 1.7808 14.3075 1.7808 3.9036 2.3564
2800 1400.0 1.8332 6.8208 1.8332 3.7736 2.3930
2810 1405.0 1.8117 9.5584 1.8117 3.7268 2.2940
2820 1410.0 1.7855 13.5277 1.7855 3.7261 2.2871
2830 1415.0 1.8169 8.8561 1.8169 3.8159 2.2868
2840 1420.0 1.8579 4.2406 1.8579 3.8866 2.2496
2850 1425.0 1.8654 3.5816 1.8654 3.8935 2.2541
2860 1430.0 1.8901 1.7919 1.8901 3.8697 2.3138
2870 1435.0 1.8919 1.6885 1.8919 3.7842 2.4182
2880 1440.0 1.8551 4.5073 1.8551 3.7323 2.4346
2890 1445.0 1.8051 10.5050 1.8051 3.7299 2.3677
2900 1450.0 1.7535 19.3072 1.7535 3.6638 2.3369
2910 1455.0 1.7905 12.7196 1.7905 3.6334 2.3442
2920 1460.0 1.8311 7.0718 1.8311 3.6728 2.3753
2930 1465.0 1.8335 6.7884 1.8335 3.7296 2.4429
2940 1470.0 1.7602 18.0079 1.7602 3.7808 2.4240
2950 1475.0 1.7903 12.7588 1.7903 3.7209 2.4667
2960 1480.0 1.8116 9.5827 1.8116 3.6835 2.4800
2970 1485.0 1.8078 10.1121 1.8078 3.7706 2.4562
2980 1490.0 1.7783 14.7409 1.7783 3.9413 2.3762
2990 1495.0 1.7283 24.5724 1.7283 3.9887 2.3017
3000 1500.0 1.7572 18.5857 1.7572 3.8736 2.3731
3010 1505.0 1.8187 8.6174 1.8187 3.7673 2.4529
3020 1510.0 1.8629 3.7923 1.8629 3.7790 2.4089
3030 1515.0 1.7912 12.6051 1.7912 3.8451 2.4062
3040 1520.0 1.7110 28.5626 1.7110 3.8765 2.3068
3050 1525.0 1.7800 14.4579 1.7800 3.8086 2.4287
3060 1530.0 1.8777 2.6171 1.8777 3.7160 2.4089
3070 1535.0 1.8214 8.2631 1.8214 3.7020 2.4476
3080 1540.0 1.7271 24.8324 1.7271 3.7121 2.3964
3090 1545.0 1.7816 14.1869 1.7816 3.6586 2.4029
3100 1550.0 1.8508 4.9214 1.8508 3.6151 2.3005
3110 1555.0 1.8507 4.9286 1.8507 3.6208 2.3330
3120 1560.0 1.7562 18.7695 1.7562 3.6703 2.3607
3130 1565.0 1.7396 22.1370 1.7396 3.6089 2.3519
3140 1570.0 1.8143 9.2042 1.8143 3.5280 2.4003
3150 1575.0 1.8493 5.0687 1.8493 3.5593 2.3308
3160 1580.0 1.7868 13.3186 1.7868 3.6387 2.3604
3170 1585.0 1.7467 20.6684 1.7467 3.6291 2.3256
3180 1590.0 1.8025 10.8753 1.8025 3.5222 2.3854
3190 1595.0 1.8389 6.1702 1.8389 3.5061 2.3833
3200 1600.0 1.7737 15.5492 1.7737 3.5931 2.4508
3210 1605.0 1.7401 22.0366 1.7401 3.6311 2.3977
3220 1610.0 1.8126 9.4328 1.8126 3.6014 2.4349
3230 1615.0 1.8445 5.5610 1.8445 3.6469 2.3578
3240 1620.0 1.8075 10.1478 1.8075 3.7593 2.3463
3250 1625.0 1.7746 15.3907 1.7746 3.8782 2.3173
3260 1630.0 1.7885 13.0359 1.7885 3.8330 2.3194
3270 1635.0 1.8391 6.1484 1.8391 3.7283 2.3967
3280 1640.0 1.8235 7.9950 1.8235 3.7185 2.4430
3290 1645.0 1.7689 16.3898 1.7689 3.7037 2.3881
3300 1650.0 1.7406 21.9307 1.7406 3.7667 2.3272
3310 1655.0 1.8288 7.3463 1.8288 3.7924 2.3382
3320 1660.0 1.7883 13.0776 1.7883 3.8056 2.3497
3330 1665.0 1.8283 7.4056 1.8283 3.7430 2.3704
3340 1670.0 1.8046 10.5641 1.8046 3.6327 2.3803
3350 1675.0 1.7540 19.2044 1.7540 3.5474 2.2487
3360 1680.0 1.8013 11.0587 1.8013 3.4701 2.3047
3370 1685.0 1.8214 8.2667 1.8214 3.4908 2.3158
3380 1690.0 1.8122 9.4937 1.8122 3.5373 2.3293
3390 1695.0 1.8242 7.9164 1.8242 3.6023 2.3474
3400 1700.0 1.7628 17.5169 1.7628 3.7151 2.3113
3410 1705.0 1.8407 5.9761 1.8407 3.7693 2.4243
3420 1710.0 1.7961 11.8390 1.7961 3.8059 2.3466
3430 1715.0 1.8203 8.4128 1.8203 3.8762 2.3486
3440 1720.0 1.7546 19.0854 1.7546 3.9714 2.3656
3450 1725.0 1.7404 21.9699 1.7404 3.9192 2.3596
3460 1730.0 1.7281 24.6285 1.7281 3.8267 2.2544
3470 1735.0 1.7764 15.0715 1.7764 3.7518 2.2422
3480 1740.0 1.8404 6.0111 1.8404 3.8492 2.4483
3490 1745.0 1.7209 26.2380 1.7209 3.9542 2.3430
3500 1750.0 1.8208 8.3510 1.8208 3.9415 2.4211
3510 1755.0 1.7825 14.0198 1.7825 3.8108 2.2688
3520 1760.0 1.8246 7.8666 1.8246 3.7756 2.2644
3530 1765.0 1.8555 4.4661 1.8555 3.8344 2.3837
3540 1770.0 1.7423 21.5730 1.7423 3.8449 2.3527
3550 1775.0 1.8088 9.9704 1.8088 3.7614 2.4378
3560 1780.0 1.9119 0.7246 1.9119 3.7305 2.2967
3570 1785.0 1.7814 14.2195 1.7814 3.8331 2.1860
3580 1790.0 1.7708 16.0630 1.7708 3.8840 2.2616
3590 1795.0 1.8090 9.9465 1.8090 3.8029 2.3458
3600 1800.0 1.8550 4.5078 1.8550 3.7192 2.3543
3610 1805.0 1.8360 6.4975 1.8360 3.7099 2.3333
3620 1810.0 1.7874 13.2251 1.7874 3.7429 2.4395
3630 1815.0 1.7880 13.1153 1.7880 3.8730 2.2827
3640 1820.0 1.7050 30.0232 1.7050 3.9714 2.1298
3650 1825.0 1.7723 15.7961 1.7723 3.8881 2.2657
3660 1830.0 1.7531 19.3927 1.7531 3.5937 2.4653
3670 1835.0 1.7795 14.5414 1.7795 3.4923 2.4322
3680 1840.0 1.7858 13.4847 1.7858 3.6055 2.3575
3690 1845.0 1.7413 21.7716 1.7413 3.6318 2.4412
3700 1850.0 1.7028 30.5630 1.7028 3.4645 2.3890
3710 1855.0 1.7848 13.6515 1.7848 3.4537 2.3542
3720 1860.0 1.7800 14.4416 1.7800 3.5692 2.3316
3730 1865.0 1.7653 17.0601 1.7653 3.5923 2.3366
3740 1870.0 1.8015 11.0231 1.8015 3.5177 2.3685
3750 1875.0 1.7190 26.6705 1.7190 3.5694 2.3139
3760 1880.0 1.7645 17.2097 1.7645 3.6705 2.3524
3770 1885.0 1.7959 11.8717 1.7959 3.6694 2.4300
3780 1890.0 1.8566 4.3663 1.8566 3.6074 2.3725
3790 1895.0 1.8218 8.2143 1.8218 3.6318 2.2904
3800 1900.0 1.7696 16.2658 1.7696 3.6954 2.2208
3810 1905.0 1.7895 12.8772 1.7895 3.7510 2.2435
3820 1910.0 1.8404 6.0012 1.8404 3.7047 2.3394
3830 1915.0 1.8283 7.4012 1.8283 3.6840 2.3242
3840 1920.0 1.7798 14.4848 1.7798 3.6826 2.2680
3850 1925.0 1.7859 13.4668 1.7859 3.7263 2.3232
3860 1930.0 1.8456 5.4488 1.8456 3.7776 2.3739
3870 1935.0 1.8506 4.9412 1.8506 3.7770 2.3004
3880 1940.0 1.8090 9.9364 1.8090 3.7846 2.2508
3890 1945.0 1.7698 16.2350 1.7698 3.6521 2.3229
3900 1950.0 1.8138 9.2699 1.8138 3.5608 2.3941
3910 1955.0 1.8344 6.6787 1.8344 3.6197 2.4277
3920 1960.0 1.7816 14.1835 1.7816 3.7319 2.3570
3930 1965.0 1.7735 15.5819 1.7735 3.7268 2.3510
3940 1970.0 1.8074 10.1610 1.8074 3.6187 2.4316
3950 1975.0 1.8066 10.2883 1.8066 3.5619 2.4521
3960 1980.0 1.8073 10.1848 1.8073 3.5857 2.4722
3970 1985.0 1.7546 19.0966 1.7546 3.6647 2.3961
3980 1990.0 1.7530 19.3948 1.7530 3.6878 2.4024
3990 1995.0 1.7670 16.7452 1.7670 3.6317 2.4210
4000 2000.0 1.8202 8.4241 1.8202 3.6327 2.4336
4010 2005.0 1.8243 7.9024 1.8243 3.6689 2.3577
4020 2010.0 1.8197 8.4880 1.8197 3.6910 2.3378
4030 2015.0 1.7428 21.4725 1.7428 3.6585 2.3706
4040 2020.0 1.7485 20.3046 1.7485 3.6569 2.3172
4050 2025.0 1.8503 4.9717 1.8503 3.6650 2.2654
4060 2030.0 1.8879 1.9274 1.8879 3.6087 2.3171
4070 2035.0 1.7874 13.2207 1.7874 3.6184 2.3038
4080 2040.0 1.7291 24.4082 1.7291 3.6865 2.2271
4090 2045.0 1.8205 8.3856 1.8205 3.6533 2.2661
4100 2050.0 1.9066 0.9412 1.9066 3.6385 2.1971
4110 2055.0 1.8392 6.1384 1.8392 3.7322 2.2036
4120 2060.0 1.7820 14.1084 1.7820 3.7094 2.2190
4130 2065.0 1.7492 20.1540 1.7492 3.5814 2.2021
4140 2070.0 1.8162 8.9577 1.8162 3.4512 2.3938
4150 2075.0 1.9371 0.0833 1.9371 3.4169 2.4947
4160 2080.0 1.8607 3.9832 1.8607 3.5015 2.3841
4170 2085.0 1.7684 16.4870 1.7684 3.6032 2.2109
4180 2090.0 1.8028 10.8391 1.8028 3.6763 2.2231
4190 2095.0 1.8621 3.8662 1.8621 3.6787 2.3378
4200 2100.0 1.8686 3.3103 1.8686 3.6992 2.2506
4210 2105.0 1.8217 8.2258 1.8217 3.7459 2.2787
4220 2110.0 1.8036 10.7111 1.8036 3.7275 2.3174
4230 2115.0 1.7658 16.9636 1.7658 3.6702 2.3064
4240 2120.0 1.7939 12.1829 1.7939 3.5799 2.2877
4250 2125.0 1.8557 4.4503 1.8557 3.5815 2.3570
4260 2130.0 1.8533 4.6732 1.8533 3.7437 2.4280
4270 2135.0 1.7139 27.8710 1.7139 3.8905 2.3555
4280 2140.0 1.7159 27.3945 1.7159 3.9647 2.3280
4290 2145.0 1.7677 16.6252 1.7677 3.7461 2.3407
4300 2150.0 1.7821 14.0983 1.7821 3.5854 2.3108
4310 2155.0 1.8444 5.5784 1.8444 3.5826 2.3869
4320 2160.0 1.8133 9.3430 1.8133 3.7445 2.4853
4330 2165.0 1.7141 27.8333 1.7141 3.9485 2.2744
4340 2170.0 1.7594 18.1610 1.7594 3.8563 2.2357
4350 2175.0 1.8076 10.1345 1.8076 3.6741 2.3693
4360 2180.0 1.8330 6.8452 1.8330 3.4570 2.3027
4370 2185.0 1.8234 8.0143 1.8234 3.4023 2.2401
4380 2190.0 1.7706 16.0902 1.7706 3.4564 2.2205
4390 2195.0 1.7779 14.8093 1.7779 3.5444 2.3025
4400 2200.0 1.8381 6.2621 1.8381 3.6286 2.3354
4410 2205.0 1.8395 6.1095 1.8395 3.5968 2.2576
4420 2210.0 1.8001 11.2307 1.8001 3.5355 2.2343
4430 2215.0 1.7991 11.3827 1.7991 3.4556 2.2817
4440 2220.0 1.8154 9.0580 1.8154 3.4127 2.3401
4450 2225.0 1.8471 5.2953 1.8471 3.4577 2.4119
4460 2230.0 1.8500 5.0045 1.8500 3.5840 2.4168
4470 2235.0 1.8242 7.9146 1.8242 3.7468 2.3107
4480 2240.0 1.8085 10.0100 1.8085 3.8534 2.2570
4490 2245.0 1.8282 7.4206 1.8282 3.7924 2.3092
4500 2250.0 1.8462 5.3883 1.8462 3.6462 2.4053
4510 2255.0 1.7980 11.5475 1.7980 3.5179 2.4323
4520 2260.0 1.7653 17.0478 1.7653 3.4500 2.3583
4530 2265.0 1.8147 9.1488 1.8147 3.4720 2.4091
4540 2270.0 1.8284 7.3885 1.8284 3.5639 2.3370
4550 2275.0 1.7591 18.2244 1.7591 3.7354 2.3409
4560 2280.0 1.7192 26.6426 1.7192 3.7950 2.2924
4570 2285.0 1.7563 18.7529 1.7563 3.7758 2.3923
4580 2290.0 1.8174 8.7896 1.8174 3.7373 2.3643
4590 2295.0 1.8058 10.3995 1.8058 3.7284 2.3898
4600 2300.0 1.7122 28.2848 1.7122 3.7890 2.3664
4610 2305.0 1.7397 22.1027 1.7397 3.8764 2.3739
4620 2310.0 1.7725 15.7556 1.7725 3.7994 2.3347
4630 2315.0 1.7674 16.6791 1.7674 3.6126 2.3692
4640 2320.0 1.7741 15.4640 1.7741 3.4643 2.4159
4650 2325.0 1.8048 10.5485 1.8048 3.4065 2.4276
4660 2330.0 1.8057 10.4113 1.8057 3.4489 2.4496
4670 2335.0 1.7539 19.2249 1.7539 3.5384 2.3766
4680 2340.0 1.7849 13.6301 1.7849 3.6281 2.4012
4690 2345.0 1.8167 8.8864 1.8167 3.6656 2.3607
4700 2350.0 1.8176 8.7704 1.8176 3.6446 2.3685
4710 2355.0 1.8063 10.3227 1.8063 3.5951 2.4086
4720 2360.0 1.7711 15.9985 1.7711 3.5879 2.3983
4730 2365.0 1.7619 17.6960 1.7619 3.5680 2.3930
4740 2370.0 1.7745 15.4059 1.7745 3.5683 2.3874
4750 2375.0 1.7655 17.0265 1.7655 3.6321 2.3769
4760 2380.0 1.7659 16.9524 1.7659 3.7021 2.4289
4770 2385.0 1.7912 12.6100 1.7912 3.7918 2.3416
4780 2390.0 1.7989 11.4198 1.7989 3.8230 2.2778
4790 2395.0 1.7903 12.7449 1.7903 3.8523 2.2548
4800 2400.0 1.7965 11.7884 1.7965 3.8612 2.2900
4810 2405.0 1.7894 12.8967 1.7894 3.8365 2.3593
4820 2410.0 1.8042 10.6250 1.8042 3.7261 2.4499
4830 2415.0 1.8122 9.5000 1.8122 3.6512 2.3753
4840 2420.0 1.7881 13.1124 1.7881 3.6936 2.3902
4850 2425.0 1.7791 14.6118 1.7791 3.7702 2.3997
4860 2430.0 1.7670 16.7432 1.7670 3.8119 2.3807
4870 2435.0 1.7683 16.5154 1.7683 3.7696 2.3777
4880 2440.0 1.8200 8.4526 1.8200 3.6815 2.3944
4890 2445.0 1.8120 9.5171 1.8120 3.6759 2.4700
4900 2450.0 1.7200 26.4426 1.7200 3.7700 2.3950
4910 2455.0 1.7457 20.8755 1.7457 3.7509 2.4282
4920 2460.0 1.8043 10.6100 1.8043 3.7072 2.4506
4930 2465.0 1.7948 12.0438 1.7948 3.7785 2.3860
4940 2470.0 1.7434 21.3450 1.7434 3.8601 2.4524
4950 2475.0 1.7361 22.8830 1.7361 3.8922 2.4066
4960 2480.0 1.7619 17.6829 1.7619 3.8458 2.4012
4970 2485.0 1.7778 14.8182 1.7778 3.8538 2.3758
4980 2490.0 1.7844 13.7086 1.7844 3.7757 2.4137
4990 2495.0 1.7819 14.1235 1.7819 3.7558 2.3590
5000 2500.0 1.8105 9.7245 1.8105 3.8214 2.3391
5010 2505.0 1.8150 9.1176 1.8150 3.8086 2.3294
5020 2510.0 1.8321 6.9457 1.8321 3.6749 2.3130
5030 2515.0 1.8460 5.4125 1.8460 3.5600 2.3763
5040 2520.0 1.8051 10.4935 1.8051 3.5034 2.3413
5050 2525.0 1.8081 10.0684 1.8081 3.5059 2.3316
5060 2530.0 1.7969 11.7257 1.7969 3.5622 2.3231
5070 2535.0 1.8191 8.5632 1.8191 3.6129 2.2724
5080 2540.0 1.8549 4.5211 1.8549 3.6730 2.2945
5090 2545.0 1.8499 5.0056 1.8499 3.7527 2.3450
5100 2550.0 1.8013 11.0614 1.8013 3.8437 2.3143
5110 2555.0 1.7074 29.4170 1.7074 3.8731 2.2472
5120 2560.0 1.7648 17.1435 1.7648 3.9042 2.3511
5130 2565.0 1.7943 12.1163 1.7943 3.8511 2.3234
5140 2570.0 1.8427 5.7547 1.8427 3.8055 2.3792
5150 2575.0 1.7489 20.2130 1.7489 3.8066 2.4475
5160 2580.0 1.7025 30.6193 1.7025 3.8697 2.4166
5170 2585.0 1.7646 17.1852 1.7646 3.8781 2.3844
5180 2590.0 1.7958 11.8856 1.7958 3.8186 2.3821
5190 2595.0 1.7854 13.5444 1.7854 3.7184 2.4791
5200 2600.0 1.7523 19.5432 1.7523 3.6718 2.4755
5210 2605.0 1.7825 14.0362 1.7825 3.6763 2.3690
5220 2610.0 1.8091 9.9241 1.8091 3.6861 2.3415
5230 2615.0 1.8117 9.5647 1.8117 3.6605 2.3397
5240 2620.0 1.7916 12.5484 1.7916 3.5715 2.2822
5250 2625.0 1.8097 9.8414 1.8097 3.4380 2.3547
5260 2630.0 1.8887 1.8772 1.8887 3.3990 2.4304
5270 2635.0 1.8625 3.8250 1.8625 3.4943 2.3953
5280 2640.0 1.7122 28.2644 1.7122 3.6019 2.2944
5290 2645.0 1.7357 22.9706 1.7357 3.4713 2.3519
5300 2650.0 1.8694 3.2495 1.8694 3.3165 2.5138
5310 2655.0 1.8797 2.4742 1.8797 3.3973 2.4594
5320 2660.0 1.7514 19.7243 1.7514 3.5850 2.2317
5330 2665.0 1.7226 25.8666 1.7226 3.6478 2.1781
5340 2670.0 1.8444 5.5760 1.8444 3.4725 2.4010
5350 2675.0 1.9210 0.4199 1.9210 3.2600 2.4346
5360 2680.0 1.7927 12.3715 1.7927 3.2424 2.4608
5370 2685.0 1.7581 18.4130 1.7581 3.3474 2.4286
5380 2690.0 1.7852 13.5819 1.7852 3.4896 2.3766
5390 2695.0 1.7649 17.1329 1.7649 3.5380 2.3408
5400 2700.0 1.8550 4.5153 1.8550 3.4343 2.4540
5410 2705.0 1.8341 6.7196 1.8341 3.4305 2.4215
5420 2710.0 1.7474 20.5237 1.7474 3.5641 2.2916
5430 2715.0 1.7824 14.0505 1.7824 3.6690 2.2631
5440 2720.0 1.8189 8.5989 1.8189 3.6457 2.4012
5450 2725.0 1.8709 3.1319 1.8709 3.6055 2.4726
5460 2730.0 1.8272 7.5446 1.8272 3.6460 2.4538
5470 2735.0 1.7567 18.6734 1.7567 3.7825 2.3075
5480 2740.0 1.7966 11.7709 1.7966 3.7107 2.2969
5490 2745.0 1.8309 7.0977 1.8309 3.6268 2.3523
5500 2750.0 1.8321 6.9525 1.8321 3.6456 2.3828
5510 2755.0 1.7713 15.9594 1.7713 3.7420 2.3596
5520 2760.0 1.7410 21.8378 1.7410 3.6872 2.3780
5530 2765.0 1.7726 15.7367 1.7726 3.5824 2.3775
5540 2770.0 1.8411 5.9282 1.8411 3.5988 2.4630
5550 2775.0 1.7752 15.2740 1.7752 3.7154 2.4129
5560 2780.0 1.7343 23.2527 1.7343 3.7479 2.3071
5570 2785.0 1.7416 21.7110 1.7416 3.6834 2.3481
5580 2790.0 1.8013 11.0528 1.8013 3.5722 2.4599
5590 2795.0 1.7924 12.4142 1.7924 3.5225 2.3998
5600 2800.0 1.7549 19.0269 1.7549 3.4608 2.4058
5610 2805.0 1.7652 17.0824 1.7652 3.4597 2.4078
5620 2810.0 1.8055 10.4438 1.8055 3.5297 2.4098
5630 2815.0 1.8060 10.3643 1.8060 3.5755 2.3868
5640 2820.0 1.7768 14.9925 1.7768 3.5962 2.3545
5650 2825.0 1.7764 15.0625 1.7764 3.5839 2.3537
5660 2830.0 1.8176 8.7701 1.8176 3.6161 2.3943
5670 2835.0 1.8684 3.3253 1.8684 3.6225 2.3715
5680 2840.0 1.8386 6.2088 1.8386 3.6276 2.3621
5690 2845.0 1.7592 18.1948 1.7592 3.6155 2.2999
5700 2850.0 1.8034 10.7393 1.8034 3.6185 2.3414
5710 2855.0 1.8526 4.7443 1.8526 3.6479 2.3517
5720 2860.0 1.8320 6.9623 1.8320 3.6866 2.2605
5730 2865.0 1.8255 7.7517 1.8255 3.6961 2.3039
5740 2870.0 1.7821 14.0898 1.7821 3.7068 2.2916
5750 2875.0 1.7865 13.3698 1.7865 3.7603 2.2893
5760 2880.0 1.8550 4.5135 1.8550 3.7866 2.2661
5770 2885.0 1.8667 3.4703 1.8667 3.7419 2.2140
5780 2890.0 1.8448 5.5320 1.8448 3.7399 2.3263
5790 2895.0 1.7697 16.2555 1.7697 3.7285 2.3321
5800 2900.0 1.7890 12.9683 1.7890 3.6054 2.3461
5810 2905.0 1.7816 14.1713 1.7816 3.4611 2.2057
5820 2910.0 1.8008 11.1281 1.8008 3.4307 2.2684
5830 2915.0 1.7403 21.9775 1.7403 3.5535 2.4334
5840 2920.0 1.7708 16.0612 1.7708 3.6438 2.4173
5850 2925.0 1.7557 18.8683 1.7557 3.6722 2.3713
5860 2930.0 1.8059 10.3819 1.8059 3.5883 2.4418
5870 2935.0 1.7098 28.8597 1.7098 3.5328 2.3734
5880 2940.0 1.7156 27.4600 1.7156 3.4780 2.3260
5890 2945.0 1.7562 18.7853 1.7562 3.5114 2.2961
5900 2950.0 1.8214 8.2651 1.8214 3.5461 2.4823
5910 2955.0 1.7185 26.7872 1.7185 3.4479 2.3920
5920 2960.0 1.7744 15.4158 1.7744 3.4539 2.4058
5930 2965.0 1.7352 23.0642 1.7352 3.4410 2.1846
5940 2970.0 1.7758 15.1804 1.7758 3.4478 2.1948
5950 2975.0 1.8253 7.7805 1.8253 3.3125 2.3715
5960 2980.0 1.7117 28.4017 1.7117 3.2991 2.4305
5970 2985.0 1.7786 14.6852 1.7786 3.4074 2.4317
5980 2990.0 1.7435 21.3208 1.7435 3.4984 2.2825
5990 2995.0 1.7723 15.7866 1.7723 3.4117 2.3432
6000 3000.0 1.7571 18.6090 1.7571 3.3406 2.4387
6010 3005.0 1.7576 18.5018 1.7576 3.3343 2.4150
6020 3010.0 1.8040 10.6523 1.8040 3.4462 2.4565
6030 3015.0 1.7535 19.2996 1.7535 3.5803 2.3528
6040 3020.0 1.7973 11.6657 1.7973 3.7035 2.4292
6050 3025.0 1.8191 8.5647 1.8191 3.8486 2.3731
6060 3030.0 1.7873 13.2322 1.7873 3.8734 2.3274
6070 3035.0 1.7749 15.3375 1.7749 3.8363 2.3534
6080 3040.0 1.8002 11.2260 1.8002 3.7856 2.4413
6090 3045.0 1.7879 13.1396 1.7879 3.7349 2.4954
6100 3050.0 1.7807 14.3322 1.7807 3.7734 2.4912
6110 3055.0 1.7852 13.5765 1.7852 3.8104 2.4520
6120 3060.0 1.8063 10.3221 1.8063 3.8907 2.3922
6130 3065.0 1.7718 15.8701 1.7718 3.8593 2.3476
6140 3070.0 1.7854 13.5492 1.7854 3.8308 2.3875
6150 3075.0 1.8324 6.9200 1.8324 3.8314 2.4753
6160 3080.0 1.7984 11.4861 1.7984 3.8403 2.4822
6170 3085.0 1.7336 23.4209 1.7336 3.8463 2.4227
6180 3090.0 1.7556 18.8993 1.7556 3.8450 2.4101
6190 3095.0 1.8325 6.9068 1.8325 3.8231 2.4201
6200 3100.0 1.7997 11.2880 1.7997 3.8059 2.3399
6210 3105.0 1.7908 12.6708 1.7908 3.8075 2.3863
6220 3110.0 1.7388 22.3116 1.7388 3.8095 2.3505
6230 3115.0 1.7854 13.5500 1.7854 3.7292 2.4214
6240 3120.0 1.8678 3.3818 1.8678 3.6252 2.4474
6250 3125.0 1.8324 6.9164 1.8324 3.6085 2.3862
6260 3130.0 1.7457 20.8711 1.7457 3.6692 2.3163
6270 3135.0 1.7299 24.2210 1.7299 3.7454 2.3048
6280 3140.0 1.8165 8.9126 1.8165 3.5923 2.3929
6290 3145.0 1.8914 1.7147 1.8914 3.4811 2.4242
6300 3150.0 1.7766 15.0283 1.7766 3.5909 2.4320
6310 3155.0 1.6797 36.5419 1.6797 3.7997 2.2793
6320 3160.0 1.7334 23.4544 1.7334 3.7969 2.3684
6330 3165.0 1.8123 9.4740 1.8123 3.6767 2.4775
6340 3170.0 1.7981 11.5392 1.7981 3.6364 2.4832
6350 3175.0 1.7161 27.3512 1.7161 3.7498 2.4491
6360 3180.0 1.6984 31.6512 1.6984 3.8332 2.3836
6370 3185.0 1.7405 21.9536 1.7405 3.8824 2.4273
6380 3190.0 1.8003 11.2119 1.8003 3.7812 2.3889
6390 3195.0 1.8291 7.3127 1.8291 3.7581 2.3807
6400 3200.0 1.7529 19.4261 1.7529 3.7866 2.4643
6410 3205.0 1.6854 35.0144 1.6854 3.8556 2.3705
6420 3210.0 1.7231 25.7488 1.7231 3.8232 2.3245
6430 3215.0 1.8077 10.1234 1.8077 3.7148 2.3955
6440 3220.0 1.8124 9.4684 1.8124 3.6980 2.4858
6450 3225.0 1.7633 17.4228 1.7633 3.7042 2.4430
6460 3230.0 1.7240 25.5440 1.7240 3.7323 2.3343
6470 3235.0 1.7567 18.6795 1.7567 3.7561 2.3688
6480 3240.0 1.8348 6.6396 1.8348 3.6907 2.5042
6490 3245.0 1.8214 8.2696 1.8214 3.6567 2.3990
6500 3250.0 1.7255 25.1956 1.7255 3.6701 2.3497
6510 3255.0 1.7129 28.1093 1.7129 3.6045 2.3052
6520 3260.0 1.8380 6.2754 1.8380 3.5106 2.4515
6530 3265.0 1.8929 1.6283 1.8929 3.5414 2.4569
6540 3270.0 1.8127 9.4230 1.8127 3.6256 2.3976
6550 3275.0 1.7953 11.9588 1.7953 3.6228 2.3012
6560 3280.0 1.7601 18.0330 1.7601 3.4638 2.2970
6570 3285.0 1.7640 17.2904 1.7640 3.3140 2.3753
6580 3290.0 1.8530 4.7084 1.8530 3.2453 2.2991
6590 3295.0 1.8585 4.1827 1.8585 3.3180 2.3240
6600 3300.0 1.7802 14.4164 1.7802 3.4541 2.2920
6610 3305.0 1.7577 18.4949 1.7577 3.4491 2.1794
6620 3310.0 1.8050 10.5101 1.8050 3.3210 2.2968
6630 3315.0 1.8855 2.0805 1.8855 3.2238 2.4625
6640 3320.0 1.8193 8.5447 1.8193 3.2615 2.3233
6650 3325.0 1.7252 25.2632 1.7252 3.3735 2.2530
6660 3330.0 1.7776 14.8628 1.7776 3.3767 2.3864
6670 3335.0 1.8798 2.4617 1.8798 3.3455 2.4007
6680 3340.0 1.8028 10.8282 1.8028 3.3842 2.2957
6690 3345.0 1.7710 16.0252 1.7710 3.3870 2.2831
6700 3350.0 1.8250 7.8097 1.8250 3.3636 2.4162
6710 3355.0 1.8219 8.1997 1.8219 3.4498 2.4212
6720 3360.0 1.7185 26.7900 1.7185 3.5651 2.2704
6730 3365.0 1.7559 18.8407 1.7559 3.5472 2.2983
6740 3370.0 1.8278 7.4656 1.8278 3.5036 2.4647
6750 3375.0 1.8571 4.3176 1.8571 3.5934 2.3836
6760 3380.0 1.7894 12.8888 1.7894 3.7687 2.3452
6770 3385.0 1.7373 22.6150 1.7373 3.7896 2.2429
6780 3390.0 1.7829 13.9537 1.7829 3.6225 2.3461
6790 3395.0 1.8705 3.1619 1.8705 3.4733 2.3043
6800 3400.0 1.8731 2.9581 1.8731 3.4523 2.3568
6810 3405.0 1.7169 27.1562 1.7169 3.5519 2.4236
6820 3410.0 1.7565 18.7121 1.7565 3.5120 2.4381
6830 3415.0 1.8369 6.3988 1.8369 3.4201 2.3020
6840 3420.0 1.7735 15.5711 1.7735 3.4651 2.2622
6850 3425.0 1.8042 10.6328 1.8042 3.5554 2.3545
6860 3430.0 1.7550 19.0128 1.7550 3.6376 2.3896
6870 3435.0 1.8199 8.4648 1.8199 3.6152 2.4332
6880 3440.0 1.8523 4.7729 1.8523 3.6051 2.4800
6890 3445.0 1.7942 12.1383 1.7942 3.6903 2.3999
6900 3450.0 1.7833 13.9015 1.7833 3.8313 2.3090
6910 3455.0 1.8131 9.3721 1.8131 3.9534 2.3241
6920 3460.0 1.8102 9.7779 1.8102 3.8652 2.3912
6930 3465.0 1.7993 11.3500 1.7993 3.8916 2.3868
6940 3470.0 1.7995 11.3288 1.7995 3.9118 2.3723
6950 3475.0 1.7692 16.3453 1.7692 3.8337 2.3679
6960 3480.0 1.7967 11.7475 1.7967 3.8141 2.4133
6970 3485.0 1.8204 8.3922 1.8204 3.8502 2.4709
6980 3490.0 1.7988 11.4364 1.7988 3.8590 2.4327
6990 3495.0 1.7541 19.1932 1.7541 3.7952 2.3510
7000 3500.0 1.7540 19.2050 1.7540 3.7953 2.3380
7010 3505.0 1.7968 11.7353 1.7968 3.8671 2.3911
7020 3510.0 1.8099 9.8132 1.8099 3.8624 2.4075
7030 3515.0 1.8636 3.7286 1.8636 3.7585 2.4559
7040 3520.0 1.8039 10.6673 1.8039 3.7505 2.3791
7050 3525.0 1.7829 13.9673 1.7829 3.7722 2.3299
7060 3530.0 1.8101 9.7824 1.8101 3.7950 2.3905
7070 3535.0 1.8237 7.9734 1.8237 3.7473 2.4300
7080 3540.0 1.8234 8.0140 1.8234 3.6707 2.4241
7090 3545.0 1.7669 16.7705 1.7669 3.6519 2.3940
7100 3550.0 1.8017 11.0010 1.8017 3.7224 2.4419
7110 3555.0 1.7699 16.2130 1.7699 3.7974 2.3543
7120 3560.0 1.7830 13.9364 1.7830 3.7827 2.3950
7130 3565.0 1.7657 16.9747 1.7657 3.7574 2.4779
7140 3570.0 1.7608 17.9047 1.7608 3.8314 2.4324
7150 3575.0 1.7650 17.1075 1.7650 3.8384 2.4298
7160 3580.0 1.7458 20.8444 1.7458 3.7464 2.4143
7170 3585.0 1.7446 21.0844 1.7446 3.7203 2.3822
7180 3590.0 1.7721 15.8234 1.7721 3.7301 2.3978
7190 3595.0 1.8536 4.6475 1.8536 3.6233 2.4245
7200 3600.0 1.7772 14.9228 1.7772 3.6637 2.3522
7210 3605.0 1.7315 23.8680 1.7315 3.7427 2.2423
7220 3610.0 1.7708 16.0523 1.7708 3.7269 2.3514
7230 3615.0 1.8371 6.3733 1.8371 3.6249 2.4189
7240 3620.0 1.8714 3.0888 1.8714 3.5732 2.4065
7250 3625.0 1.7481 20.3812 1.7481 3.6412 2.3417
7260 3630.0 1.7352 23.0601 1.7352 3.7580 2.3259
7270 3635.0 1.8184 8.6613 1.8184 3.7085 2.3718
7280 3640.0 1.8880 1.9201 1.8880 3.6158 2.3387
7290 3645.0 1.8397 6.0873 1.8397 3.5912 2.4330
7300 3650.0 1.7090 29.0492 1.7090 3.4947 2.3108
7310 3655.0 1.7541 19.1943 1.7541 3.3915 2.3162
7320 3660.0 1.8368 6.4110 1.8368 3.3557 2.4110
7330 3665.0 1.8307 7.1168 1.8307 3.4558 2.4028
7340 3670.0 1.7678 16.6067 1.7678 3.6059 2.2928
7350 3675.0 1.7928 12.3489 1.7928 3.6761 2.2785
7360 3680.0 1.8449 5.5190 1.8449 3.6316 2.3092
7370 3685.0 1.8192 8.5536 1.8192 3.5579 2.4351
7380 3690.0 1.7515 19.7072 1.7515 3.5048 2.4074
7390 3695.0 1.7526 19.4838 1.7526 3.4987 2.3766
7400 3700.0 1.8356 6.5467 1.8356 3.5552 2.4991
7410 3705.0 1.8534 4.6650 1.8534 3.6776 2.4738
7420 3710.0 1.7892 12.9203 1.7892 3.8278 2.3229
7430 3715.0 1.7581 18.4108 1.7581 3.9064 2.2200
7440 3720.0 1.7977 11.5925 1.7977 3.8616 2.3373
7450 3725.0 1.8846 2.1384 1.8846 3.6788 2.4045
7460 3730.0 1.8272 7.5444 1.8272 3.5799 2.5129
7470 3735.0 1.7070 29.5208 1.7070 3.6321 2.4105
7480 3740.0 1.7694 16.3089 1.7694 3.7171 2.4522
7490 3745.0 1.8234 8.0089 1.8234 3.6337 2.2813
7500 3750.0 1.7720 15.8425 1.7720 3.7472 2.2600
7510 3755.0 1.8280 7.4387 1.8280 3.8394 2.3437
7520 3760.0 1.6879 34.3354 1.6879 3.7031 2.3090
7530 3765.0 1.8114 9.6060 1.8114 3.6619 2.4508
7540 3770.0 1.9617 0.0679 1.9617 3.7772 2.4599
7550 3775.0 1.7893 12.9170 1.7893 3.7287 2.2154
7560 3780.0 1.6636 41.0177 1.6636 3.7566 2.1863
7570 3785.0 1.8007 11.1497 1.8007 3.7900 2.3967
7580 3790.0 1.8185 8.6446 1.8185 3.8136 2.3750
7590 3795.0 1.8257 7.7249 1.8257 3.7394 2.2729
7600 3800.0 1.8965 1.4289 1.8965 3.8447 2.3470
7610 3805.0 1.7918 12.5165 1.7918 3.9653 2.3728
7620 3810.0 1.7369 22.6962 1.7369 3.9196 2.2199
7630 3815.0 1.7160 27.3695 1.7160 3.7936 2.2867
7640 3820.0 1.8138 9.2786 1.8138 3.6131 2.3935
7650 3825.0 1.8677 3.3832 1.8677 3.5044 2.3198
7660 3830.0 1.8009 11.1177 1.8009 3.5374 2.3550
7670 3835.0 1.7355 23.0149 1.7355 3.7073 2.3285
7680 3840.0 1.7993 11.3598 1.7993 3.8062 2.2883
7690 3845.0 1.8330 6.8397 1.8330 3.8303 2.3015
7700 3850.0 1.8464 5.3700 1.8464 3.8021 2.2843
7710 3855.0 1.7892 12.9254 1.7892 3.6534 2.4232
7720 3860.0 1.7414 21.7600 1.7414 3.5362 2.4168
7730 3865.0 1.8527 4.7291 1.8527 3.4465 2.4071
7740 3870.0 1.8019 10.9616 1.8019 3.4688 2.3129
7750 3875.0 1.7726 15.7277 1.7726 3.5359 2.3890
7760 3880.0 1.7536 19.2875 1.7536 3.4618 2.4067
7770 3885.0 1.7908 12.6744 1.7908 3.4582 2.3338
7780 3890.0 1.7752 15.2788 1.7752 3.5446 2.2977
7790 3895.0 1.8200 8.4534 1.8200 3.5491 2.3596
7800 3900.0 1.8418 5.8538 1.8418 3.5046 2.4278
7810 3905.0 1.7529 19.4154 1.7529 3.5201 2.4336
7820 3910.0 1.8344 6.6822 1.8344 3.4955 2.4467
7830 3915.0 1.8089 9.9600 1.8089 3.5493 2.3019
7840 3920.0 1.7733 15.6143 1.7733 3.6152 2.2551
7850 3925.0 1.8171 8.8323 1.8171 3.6026 2.3837
7860 3930.0 1.8084 10.0287 1.8084 3.5609 2.3512
7870 3935.0 1.7657 16.9860 1.7657 3.5389 2.3779
7880 3940.0 1.8565 4.3707 1.8565 3.5608 2.3468
7890 3945.0 1.8368 6.4021 1.8368 3.6585 2.2271
7900 3950.0 1.7933 12.2825 1.7933 3.7803 2.2357
7910 3955.0 1.7824 14.0467 1.7824 3.8048 2.1437
7920 3960.0 1.7635 17.3887 1.7635 3.7030 2.2327
7930 3965.0 1.8598 4.0639 1.8598 3.4924 2.3121
7940 3970.0 1.8896 1.8218 1.8896 3.3781 2.2516
7950 3975.0 1.7292 24.3759 1.7292 3.4568 2.1578
7960 3980.0 1.7302 24.1463 1.7302 3.5616 2.1791
7970 3985.0 1.7726 15.7320 1.7726 3.6313 2.3531
7980 3990.0 1.8492 5.0844 1.8492 3.6884 2.1961
7990 3995.0 1.8090 9.9385 1.8090 3.7529 2.1199
8000 4000.0 1.8183 8.6764 1.8183 3.7590 2.2485
8010 4005.0 1.7710 16.0252 1.7710 3.7358 2.3579
8020 4010.0 1.7175 27.0310 1.7175 3.7102 2.2893
8030 4015.0 1.7772 14.9245 1.7772 3.6728 2.2879
8040 4020.0 1.8303 7.1693 1.8303 3.6642 2.2856
8050 4025.0 1.7626 17.5545 1.7626 3.8037 2.4237
8060 4030.0 1.7359 22.9289 1.7359 3.8053 2.3110
8070 4035.0 1.8258 7.7119 1.8258 3.6131 2.4054
8080 4040.0 1.7524 19.5277 1.7524 3.5036 2.2798
8090 4045.0 1.7726 15.7345 1.7726 3.5494 2.3077
8100 4050.0 1.7734 15.5927 1.7734 3.7348 2.4007
8110 4055.0 1.6828 35.7067 1.6828 3.8531 2.3087
8120 4060.0 1.8184 8.6603 1.8184 3.6183 2.3558
8130 4065.0 1.8846 2.1368 1.8846 3.4084 2.3860
8140 4070.0 1.8078 10.1068 1.8078 3.3956 2.3388
8150 4075.0 1.7337 23.3870 1.7337 3.4340 2.2748
8160 4080.0 1.8009 11.1199 1.8009 3.4426 2.2813
8170 4085.0 1.8397 6.0862 1.8397 3.3831 2.3673
8180 4090.0 1.8796 2.4761 1.8796 3.3014 2.4151
8190 4095.0 1.8817 2.3338 1.8817 3.2689 2.3799
8200 4100.0 1.8191 8.5687 1.8191 3.2900 2.2468
8210 4105.0 1.7688 16.4198 1.7688 3.2277 2.2338
8220 4110.0 1.8274 7.5117 1.8274 3.0726 2.3865
8230 4115.0 1.9011 1.1968 1.9011 2.9729 2.4871
8240 4120.0 1.8259 7.6999 1.8259 3.0298 2.4098
8250 4125.0 1.7801 14.4305 1.7801 3.1578 2.2791
8260 4130.0 1.8556 4.4572 1.8556 3.1956 2.3048
8270 4135.0 1.8988 1.3114 1.8988 3.1881 2.3228
8280 4140.0 1.8342 6.7015 1.8342 3.1633 2.3748
8290 4145.0 1.7225 25.8716 1.7225 3.1831 2.3454
8300 4150.0 1.8124 9.4607 1.8124 3.1782 2.4046
8310 4155.0 1.8627 3.8104 1.8627 3.2077 2.3613
8320 4160.0 1.8046 10.5766 1.8046 3.3209 2.3704
8330 4165.0 1.7480 20.3982 1.7480 3.4250 2.2618
8340 4170.0 1.8247 7.8507 1.8247 3.4345 2.3265
8350 4175.0 1.8385 6.2163 1.8385 3.4674 2.3747
8360 4180.0 1.8315 7.0173 1.8315 3.4505 2.3072
8370 4185.0 1.8083 10.0439 1.8083 3.4422 2.3609
8380 4190.0 1.7811 14.2622 1.7811 3.3665 2.3693
8390 4195.0 1.7886 13.0258 1.7886 3.2353 2.4216
8400 4200.0 1.8673 3.4170 1.8673 3.1820 2.4813
8410 4205.0 1.8505 4.9522 1.8505 3.2289 2.4217
8420 4210.0 1.8062 10.3352 1.8062 3.2780 2.3121
8430 4215.0 1.7717 15.8969 1.7717 3.2741 2.2892
8440 4220.0 1.7794 14.5601 1.7794 3.2421 2.3103
8450 4225.0 1.8391 6.1511 1.8391 3.1560 2.3004
8460 4230.0 1.8541 4.5965 1.8541 3.1554 2.3583
8470 4235.0 1.7935 12.2499 1.7935 3.2977 2.4016
8480 4240.0 1.7725 15.7536 1.7725 3.3794 2.3025
8490 4245.0 1.7951 12.0002 1.7951 3.3586 2.3261
8500 4250.0 1.7877 13.1629 1.7877 3.3318 2.4054
8510 4255.0 1.7677 16.6171 1.7677 3.4016 2.4264
8520 4260.0 1.7840 13.7788 1.7840 3.4506 2.4582
8530 4265.0 1.7886 13.0319 1.7886 3.5143 2.4523
8540 4270.0 1.7794 14.5546 1.7794 3.5482 2.3718
8550 4275.0 1.7600 18.0489 1.7600 3.5415 2.3804
8560 4280.0 1.7780 14.7930 1.7780 3.5568 2.3783
8570 4285.0 1.8192 8.5584 1.8192 3.5839 2.3435
8580 4290.0 1.8222 8.1678 1.8222 3.6407 2.3819
8590 4295.0 1.7689 16.3962 1.7689 3.7268 2.2905
8600 4300.0 1.7495 20.0921 1.7495 3.7313 2.2865
8610 4305.0 1.8274 7.5170 1.8274 3.6639 2.4211
8620 4310.0 1.8478 5.2211 1.8478 3.6117 2.3391
8630 4315.0 1.7672 16.7006 1.7672 3.6393 2.2474
8640 4320.0 1.7556 18.8972 1.7556 3.7014 2.2749
8650 4325.0 1.8318 6.9844 1.8318 3.6291 2.4126
8660 4330.0 1.8811 2.3766 1.8811 3.6125 2.2874
8670 4335.0 1.8530 4.7071 1.8530 3.6578 2.2800
8680 4340.0 1.7887 13.0083 1.7887 3.7172 2.2492
8690 4345.0 1.8173 8.8109 1.8173 3.7157 2.2353
8700 4350.0 1.8770 2.6660 1.8770 3.6500 2.3195
8710 4355.0 1.8969 1.4108 1.8969 3.5984 2.3874
8720 4360.0 1.8074 10.1652 1.8074 3.5724 2.3237
8730 4365.0 1.7643 17.2445 1.7643 3.4649 2.2078
8740 4370.0 1.7882 13.0847 1.7882 3.4041 2.2375
8750 4375.0 1.8799 2.4576 1.8799 3.4310 2.3650
8760 4380.0 1.8620 3.8700 1.8620 3.5271 2.3650
8770 4385.0 1.7701 16.1802 1.7701 3.6309 2.2697
8780 4390.0 1.7811 14.2637 1.7811 3.6091 2.3123
8790 4395.0 1.8551 4.5044 1.8551 3.4564 2.4229
8800 4400.0 1.8148 9.1332 1.8148 3.3757 2.3887
8810 4405.0 1.7636 17.3728 1.7636 3.4404 2.3761
8820 4410.0 1.7693 16.3336 1.7693 3.6024 2.3017
8830 4415.0 1.7508 19.8356 1.7508 3.6485 2.3149
8840 4420.0 1.7724 15.7795 1.7724 3.5017 2.4339
8850 4425.0 1.7621 17.6531 1.7621 3.4285 2.3764
8860 4430.0 1.8020 10.9448 1.8020 3.5193 2.3474
8870 4435.0 1.7427 21.4946 1.7427 3.6452 2.3393
8880 4440.0 1.6969 32.0415 1.6969 3.6409 2.2686
8890 4445.0 1.7128 28.1259 1.7128 3.5122 2.3438
8900 4450.0 1.8064 10.3067 1.8064 3.3803 2.2248
8910 4455.0 1.8373 6.3509 1.8373 3.3365 2.2043
8920 4460.0 1.7705 16.1141 1.7705 3.3762 2.2846
8930 4465.0 1.6982 31.6924 1.6982 3.4497 2.3447
8940 4470.0 1.7882 13.0889 1.7882 3.4716 2.3274
8950 4475.0 1.8267 7.5972 1.8267 3.4610 2.2376
8960 4480.0 1.8402 6.0265 1.8402 3.4279 2.2015
8970 4485.0 1.7942 12.1393 1.7942 3.4102 2.2569
8980 4490.0 1.7362 22.8523 1.7362 3.4353 2.3106
8990 4495.0 1.7536 19.2931 1.7536 3.4438 2.1716
9000 4500.0 1.8676 3.3949 1.8676 3.4774 2.2360
9010 4505.0 1.8247 7.8477 1.8247 3.6043 2.3379
9020 4510.0 1.7398 22.0890 1.7398 3.7096 2.2081
9030 4515.0 1.7685 16.4773 1.7685 3.6477 2.2175
9040 4520.0 1.8608 3.9799 1.8608 3.5390 2.3306
9050 4525.0 1.8586 4.1787 1.8586 3.5583 2.3748
9060 4530.0 1.7725 15.7502 1.7725 3.6348 2.2731
9070 4535.0 1.7843 13.7362 1.7843 3.6335 2.2555
9080 4540.0 1.8156 9.0258 1.8156 3.5908 2.3165
9090 4545.0 1.8135 9.3174 1.8135 3.5671 2.3411
9100 4550.0 1.7893 12.9064 1.7893 3.5412 2.3561
9110 4555.0 1.8039 10.6712 1.8039 3.5133 2.3946
9120 4560.0 1.8322 6.9328 1.8322 3.4855 2.4372
9130 4565.0 1.8122 9.4972 1.8122 3.4975 2.4008
9140 4570.0 1.7690 16.3796 1.7690 3.5641 2.3153
9150 4575.0 1.7730 15.6643 1.7730 3.5783 2.3173
9160 4580.0 1.8209 8.3362 1.8209 3.5512 2.3960
9170 4585.0 1.8303 7.1619 1.8303 3.5971 2.4335
9180 4590.0 1.7695 16.2991 1.7695 3.7125 2.3972
9190 4595.0 1.8072 10.1907 1.8072 3.7220 2.3953
9200 4600.0 1.8258 7.7095 1.8258 3.6833 2.3825
9210 4605.0 1.7781 14.7689 1.7781 3.6662 2.3409
9220 4610.0 1.7818 14.1402 1.7818 3.6814 2.3537
9230 4615.0 1.8218 8.2235 1.8218 3.6900 2.4199
9240 4620.0 1.8429 5.7331 1.8429 3.6886 2.4555
9250 4625.0 1.8129 9.4015 1.8129 3.7150 2.3798
9260 4630.0 1.7682 16.5231 1.7682 3.7136 2.2739
9270 4635.0 1.7750 15.3105 1.7750 3.6791 2.3010
9280 4640.0 1.8316 7.0042 1.8316 3.6620 2.4077
9290 4645.0 1.8348 6.6303 1.8348 3.6724 2.4550
9300 4650.0 1.7673 16.6819 1.7673 3.7075 2.3925
9310 4655.0 1.7719 15.8674 1.7719 3.7348 2.3864
9320 4660.0 1.8374 6.3338 1.8374 3.7244 2.4232
9330 4665.0 1.8413 5.9119 1.8413 3.7177 2.4155
9340 4670.0 1.7819 14.1283 1.7819 3.7545 2.3387
9350 4675.0 1.7474 20.5334 1.7474 3.7612 2.3722
9360 4680.0 1.7530 19.3975 1.7530 3.7260 2.3873
9370 4685.0 1.7691 16.3712 1.7691 3.6717 2.4429
9380 4690.0 1.7632 17.4537 1.7632 3.7187 2.4420
9390 4695.0 1.7244 25.4574 1.7244 3.8287 2.4206
9400 4700.0 1.7006 31.0946 1.7006 3.8493 2.3909
9410 4705.0 1.7049 30.0448 1.7049 3.8089 2.4302
9420 4710.0 1.7485 20.3100 1.7485 3.7590 2.3903
9430 4715.0 1.7888 12.9972 1.7888 3.6743 2.3591
9440 4720.0 1.7578 18.4712 1.7578 3.6839 2.4241
9450 4725.0 1.7016 30.8533 1.7016 3.7334 2.3869
9460 4730.0 1.7155 27.4986 1.7155 3.7043 2.3907
9470 4735.0 1.7670 16.7375 1.7670 3.6144 2.4032
9480 4740.0 1.8070 10.2224 1.8070 3.5314 2.4267
9490 4745.0 1.7754 15.2491 1.7754 3.5512 2.4329
9500 4750.0 1.7440 21.2221 1.7440 3.5871 2.3571
9510 4755.0 1.7597 18.1047 1.7597 3.5601 2.3514
9520 4760.0 1.8134 9.3236 1.8134 3.4996 2.4097
9530 4765.0 1.8196 8.4996 1.8196 3.5215 2.3859
9540 4770.0 1.7754 15.2488 1.7754 3.5739 2.3323
9550 4775.0 1.7659 16.9541 1.7659 3.5549 2.3283
9560 4780.0 1.8247 7.8553 1.8247 3.4704 2.3549
9570 4785.0 1.8318 6.9822 1.8318 3.4532 2.3435
9580 4790.0 1.8110 9.6564 1.8110 3.4963 2.3161
9590 4795.0 1.8162 8.9553 1.8162 3.5302 2.3356
9600 4800.0 1.8158 9.0091 1.8158 3.5594 2.3602
9610 4805.0 1.8431 5.7106 1.8431 3.5468 2.3950
9620 4810.0 1.8509 4.9100 1.8509 3.5305 2.4105
9630 4815.0 1.8149 9.1284 1.8149 3.5717 2.3744
9640 4820.0 1.8269 7.5760 1.8269 3.6364 2.3448
9650 4825.0 1.8346 6.6563 1.8346 3.7138 2.3274
9660 4830.0 1.8169 8.8592 1.8169 3.7571 2.3340
9670 4835.0 1.8307 7.1161 1.8307 3.7184 2.3818
9680 4840.0 1.8261 7.6800 1.8261 3.6253 2.4169
9690 4845.0 1.7799 14.4633 1.7799 3.5768 2.4185
9700 4850.0 1.8009 11.1207 1.8009 3.6124 2.4023
9710 4855.0 1.8144 9.1873 1.8144 3.6565 2.3841
9720 4860.0 1.7970 11.7067 1.7970 3.6311 2.3447
9730 4865.0 1.8008 11.1375 1.8008 3.6491 2.3333
9740 4870.0 1.7752 15.2797 1.7752 3.4957 2.3924
9750 4875.0 1.8018 10.9820 1.8018 3.3286 2.4470
9760 4880.0 1.8077 10.1244 1.8077 3.3007 2.4362
9770 4885.0 1.7936 12.2236 1.7936 3.3977 2.4391
9780 4890.0 1.7799 14.4636 1.7799 3.5459 2.2984
9790 4895.0 1.7737 15.5373 1.7737 3.5445 2.2704
9800 4900.0 1.8358 6.5162 1.8358 3.4511 2.4002
9810 4905.0 1.8702 3.1832 1.8702 3.4090 2.4545
9820 4910.0 1.8195 8.5103 1.8195 3.3964 2.4369
9830 4915.0 1.7969 11.7229 1.7969 3.3885 2.3483
9840 4920.0 1.7915 12.5672 1.7915 3.3584 2.2745
9850 4925.0 1.8161 8.9655 1.8161 3.3015 2.3384
9860 4930.0 1.8718 3.0569 1.8718 3.2832 2.3828
9870 4935.0 1.8673 3.4160 1.8673 3.2947 2.2991
9880 4940.0 1.8283 7.4017 1.8283 3.4185 2.3031
9890 4945.0 1.8058 10.3989 1.8058 3.5578 2.2677
9900 4950.0 1.7785 14.7050 1.7785 3.6550 2.2800
9910 4955.0 1.7778 14.8311 1.7778 3.5679 2.2456
9920 4960.0 1.8459 5.4169 1.8459 3.4876 2.2690
9930 4965.0 1.8511 4.8873 1.8511 3.4863 2.3855
9940 4970.0 1.7884 13.0581 1.7884 3.5341 2.3163
9950 4975.0 1.7369 22.7110 1.7369 3.5736 2.2180
9960 4980.0 1.7703 16.1521 1.7703 3.5117 2.3207
9970 4985.0 1.8224 8.1411 1.8224 3.4630 2.4680
9980 4990.0 1.8389 6.1682 1.8389 3.5096 2.4384
9990 4995.0 1.7687 16.4324 1.7687 3.6712 2.4108
10000 5000.0 1.7091 29.0205 1.7091 3.7831 2.2838
10010 5005.0 1.7585 18.3328 1.7585 3.6829 2.3560
10020 5010.0 1.7953 11.9629 1.7953 3.5355 2.4629
10030 5015.0 1.7868 13.3183 1.7868 3.4408 2.3769
10040 5020.0 1.7689 16.4023 1.7689 3.5378 2.3724
10050 5025.0 1.7723 15.7861 1.7723 3.6910 2.3810
10060 5030.0 1.7387 22.3269 1.7387 3.7565 2.3136
10070 5035.0 1.7644 17.2226 1.7644 3.6780 2.2575
10080 5040.0 1.8059 10.3820 1.8059 3.5243 2.3318
10090 5045.0 1.7555 18.9081 1.7555 3.4498 2.3353
10100 5050.0 1.7594 18.1587 1.7594 3.3768 2.2638
10110 5055.0 1.8065 10.2905 1.8065 3.3932 2.3527
10120 5060.0 1.7762 15.1107 1.7762 3.5055 2.3641
10130 5065.0 1.7526 19.4806 1.7526 3.6074 2.3299
10140 5070.0 1.7812 14.2390 1.7812 3.5939 2.3733
10150 5075.0 1.8422 5.8139 1.8422 3.5046 2.4361
10160 5080.0 1.8437 5.6501 1.8437 3.5029 2.4557
10170 5085.0 1.7991 11.3912 1.7991 3.6025 2.3632
10180 5090.0 1.7755 15.2167 1.7755 3.6643 2.2993
10190 5095.0 1.8002 11.2222 1.8002 3.6359 2.3549
10200 5100.0 1.8252 7.7829 1.8252 3.5998 2.4087
10210 5105.0 1.8068 10.2491 1.8068 3.6092 2.4021
10220 5110.0 1.7973 11.6541 1.7973 3.6563 2.3757
10230 5115.0 1.8019 10.9634 1.8019 3.6820 2.3798
10240 5120.0 1.8051 10.4957 1.8051 3.6485 2.4032
10250 5125.0 1.8323 6.9210 1.8323 3.5264 2.4388
10260 5130.0 1.7784 14.7311 1.7784 3.4451 2.3926
10270 5135.0 1.7806 14.3437 1.7806 3.4303 2.3925
10280 5140.0 1.8444 5.5784 1.8444 3.4536 2.3949
10290 5145.0 1.8571 4.3165 1.8571 3.4942 2.3537
10300 5150.0 1.8327 6.8853 1.8327 3.5359 2.2746
10310 5155.0 1.8349 6.6193 1.8349 3.5021 2.2517
10320 5160.0 1.8705 3.1625 1.8705 3.3360 2.3446
10330 5165.0 1.8249 7.8267 1.8249 3.1718 2.4192
10340 5170.0 1.7684 16.4901 1.7684 3.0588 2.2491
10350 5175.0 1.7890 12.9587 1.7890 3.0338 2.2118
10360 5180.0 1.8442 5.5922 1.8442 3.1539 2.3277
10370 5185.0 1.8689 3.2926 1.8689 3.3764 2.3443
10380 5190.0 1.8305 7.1419 1.8305 3.5221 2.2167
10390 5195.0 1.8376 6.3121 1.8376 3.5462 2.2257
10400 5200.0 1.9160 0.5778 1.9160 3.5008 2.3498
10410 5205.0 1.9369 0.0860 1.9369 3.4824 2.4114
10420 5210.0 1.8566 4.3640 1.8566 3.5527 2.3530
10430 5215.0 1.7910 12.6398 1.7910 3.7014 2.2005
10440 5220.0 1.8133 9.3475 1.8133 3.6849 2.1875
10450 5225.0 1.8164 8.9255 1.8164 3.5966 2.2746
10460 5230.0 1.8702 3.1834 1.8702 3.5347 2.4081
10470 5235.0 1.8668 3.4600 1.8668 3.5560 2.4519
10480 5240.0 1.7860 13.4500 1.7860 3.6550 2.3885
10490 5245.0 1.8158 9.0062 1.8158 3.6368 2.2835
10500 5250.0 1.7880 13.1300 1.7880 3.5627 2.2451
10510 5255.0 1.8202 8.4305 1.8202 3.4834 2.3146
10520 5260.0 1.9142 0.6413 1.9142 3.4582 2.4112
10530 5265.0 1.8253 7.7739 1.8253 3.5475 2.3871
10540 5270.0 1.7687 16.4322 1.7687 3.5597 2.2917
10550 5275.0 1.8118 9.5470 1.8118 3.4127 2.2806
10560 5280.0 1.8211 8.3098 1.8211 3.2647 2.3840
10570 5285.0 1.8336 6.7728 1.8336 3.1803 2.4042
10580 5290.0 1.6966 32.1017 1.6966 3.1378 2.3656
10590 5295.0 1.8415 5.8834 1.8415 3.1339 2.4545
10600 5300.0 1.8961 1.4547 1.8961 3.2197 2.3543
10610 5305.0 1.7602 18.0186 1.7602 3.2006 2.1769
10620 5310.0 1.8110 9.6644 1.8110 3.2964 2.2764
10630 5315.0 1.7853 13.5632 1.7853 3.2894 2.3803
10640 5320.0 1.7543 19.1580 1.7543 3.2472 2.3509
10650 5325.0 1.9124 0.7058 1.9124 3.2563 2.3472
10660 5330.0 1.8649 3.6199 1.8649 3.3243 2.4402
10670 5335.0 1.7235 25.6593 1.7235 3.4139 2.2987
10680 5340.0 1.7315 23.8748 1.7315 3.4368 2.2854
10690 5345.0 1.8699 3.2047 1.8699 3.4155 2.3909
10700 5350.0 1.9120 0.7205 1.9120 3.4439 2.4239
10710 5355.0 1.8080 10.0771 1.8080 3.5314 2.3072
10720 5360.0 1.7534 19.3336 1.7534 3.5728 2.2409
10730 5365.0 1.8229 8.0711 1.8229 3.4770 2.3375
10740 5370.0 1.9136 0.6613 1.9136 3.3714 2.4610
10750 5375.0 1.8564 4.3836 1.8564 3.3970 2.3999
10760 5380.0 1.7936 12.2286 1.7936 3.4722 2.2818
10770 5385.0 1.7912 12.6102 1.7912 3.5047 2.2693
10780 5390.0 1.8033 10.7576 1.8033 3.4312 2.4112
10790 5395.0 1.8764 2.7049 1.8764 3.2946 2.4248
10800 5400.0 1.8825 2.2794 1.8825 3.2434 2.3965
10810 5405.0 1.8137 9.2860 1.8137 3.2975 2.3888
10820 5410.0 1.7526 19.4885 1.7526 3.3930 2.2384
10830 5415.0 1.7543 19.1531 1.7543 3.3298 2.2741
10840 5420.0 1.8623 3.8495 1.8623 3.1934 2.4627
10850 5425.0 1.8691 3.2761 1.8691 3.1636 2.4029
10860 5430.0 1.7851 13.5932 1.7851 3.2931 2.3826
10870 5435.0 1.7893 12.9172 1.7893 3.3933 2.2902
10880 5440.0 1.7446 21.0904 1.7446 3.3821 2.2856
10890 5445.0 1.8047 10.5536 1.8047 3.3106 2.3271
10900 5450.0 1.9065 0.9478 1.9065 3.3181 2.3440
10910 5455.0 1.8578 4.2482 1.8578 3.4923 2.3295
10920 5460.0 1.7463 20.7544 1.7463 3.6915 2.2318
10930 5465.0 1.7932 12.2938 1.7932 3.6511 2.2191
10940 5470.0 1.7931 12.3063 1.7931 3.4922 2.3262
10950 5475.0 1.7748 15.3504 1.7748 3.3889 2.2048
10960 5480.0 1.8127 9.4270 1.8127 3.3389 2.2168
10970 5485.0 1.8507 4.9338 1.8507 3.4300 2.3806
10980 5490.0 1.7952 11.9817 1.7952 3.6655 2.3286
10990 5495.0 1.7308 24.0235 1.7308 3.8047 2.2296
11000 5500.0 1.7941 12.1494 1.7941 3.7284 2.2913
11010 5505.0 1.8191 8.5615 1.8191 3.5451 2.4086
11020 5510.0 1.8251 7.8047 1.8251 3.4298 2.4809
11030 5515.0 1.7505 19.9030 1.7505 3.4372 2.4411
11040 5520.0 1.7314 23.8933 1.7314 3.4886 2.4033
11050 5525.0 1.8430 5.7245 1.8430 3.4338 2.4608
11060 5530.0 1.8096 9.8527 1.8096 3.4231 2.4023
11070 5535.0 1.7755 15.2166 1.7755 3.4724 2.3551
11080 5540.0 1.7884 13.0580 1.7884 3.4674 2.3731
11090 5545.0 1.7593 18.1831 1.7593 3.4176 2.2523
11100 5550.0 1.8094 9.8841 1.8094 3.3394 2.2423
11110 5555.0 1.8298 7.2231 1.8298 3.3729 2.3832
11120 5560.0 1.7074 29.4291 1.7074 3.4904 2.3524
11130 5565.0 1.7449 21.0265 1.7449 3.5896 2.3583
11140 5570.0 1.8041 10.6391 1.8041 3.5444 2.3199
11150 5575.0 1.7883 13.0728 1.7883 3.4445 2.2353
11160 5580.0 1.7854 13.5499 1.7854 3.4726 2.3043
11170 5585.0 1.7472 20.5673 1.7472 3.6046 2.3993
11180 5590.0 1.7291 24.4028 1.7291 3.5871 2.3158
11190 5595.0 1.8571 4.3187 1.8571 3.4996 2.4645
11200 5600.0 1.7743 15.4318 1.7743 3.4794 2.3035
11210 5605.0 1.7561 18.7896 1.7561 3.6697 2.3797
11220 5610.0 1.7419 21.6529 1.7419 3.8325 2.3074
11230 5615.0 1.7277 24.7177 1.7277 3.8065 2.2870
11240 5620.0 1.8364 6.4571 1.8364 3.7983 2.4004
11250 5625.0 1.8350 6.6161 1.8350 3.7196 2.3188
11260 5630.0 1.7613 17.7959 1.7613 3.6615 2.1935
11270 5635.0 1.7902 12.7734 1.7902 3.7625 2.2793
11280 5640.0 1.8101 9.7828 1.8101 3.8165 2.3130
11290 5645.0 1.7227 25.8304 1.7227 3.7508 2.2390
11300 5650.0 1.8004 11.1836 1.8004 3.6711 2.2548
11310 5655.0 1.9016 1.1721 1.9016 3.6669 2.4499
11320 5660.0 1.7383 22.4045 1.7383 3.5883 2.3420
11330 5665.0 1.7253 25.2523 1.7253 3.5929 2.3236
11340 5670.0 1.8052 10.4828 1.8052 3.6403 2.3345
11350 5675.0 1.8523 4.7692 1.8523 3.7289 2.2933
11360 5680.0 1.8221 8.1753 1.8221 3.7641 2.2870
11370 5685.0 1.7847 13.6613 1.7847 3.7170 2.3614
11380 5690.0 1.6912 33.4794 1.6912 3.5967 2.3512
11390 5695.0 1.8043 10.6135 1.8043 3.4379 2.3775
11400 5700.0 1.9076 0.8986 1.9076 3.3727 2.4286
11410 5705.0 1.7823 14.0534 1.7823 3.5065 2.4329
11420 5710.0 1.7647 17.1593 1.7647 3.6877 2.2869
11430 5715.0 1.8375 6.3278 1.8375 3.6218 2.2780
11440 5720.0 1.8509 4.9072 1.8509 3.5425 2.3384
11450 5725.0 1.8313 7.0463 1.8313 3.5128 2.2782
11460 5730.0 1.8375 6.3308 1.8375 3.5398 2.3540
11470 5735.0 1.8332 6.8172 1.8332 3.5560 2.4215
11480 5740.0 1.7290 24.4253 1.7290 3.5319 2.3589
11490 5745.0 1.7842 13.7374 1.7842 3.5062 2.3889
11500 5750.0 1.8143 9.2039 1.8143 3.5368 2.4699
11510 5755.0 1.7563 18.7647 1.7563 3.6119 2.3560
11520 5760.0 1.7290 24.4307 1.7290 3.6424 2.3015
11530 5765.0 1.8135 9.3226 1.8135 3.6453 2.3750
11540 5770.0 1.8450 5.5171 1.8450 3.5892 2.3995
11550 5775.0 1.7872 13.2452 1.7872 3.6266 2.4034
11560 5780.0 1.7742 15.4471 1.7742 3.7146 2.3993
11570 5785.0 1.8025 10.8787 1.8025 3.7386 2.3869
11580 5790.0 1.7789 14.6424 1.7789 3.6975 2.4241
11590 5795.0 1.7736 15.5624 1.7736 3.6031 2.4708
11600 5800.0 1.7712 15.9936 1.7712 3.5438 2.4795
11610 5805.0 1.7837 13.8306 1.7837 3.5183 2.4541
11620 5810.0 1.7767 15.0245 1.7767 3.5706 2.4457
11630 5815.0 1.7864 13.3819 1.7864 3.6931 2.3739
11640 5820.0 1.7694 16.3105 1.7694 3.8393 2.3500
11650 5825.0 1.7495 20.0997 1.7495 3.8645 2.3017
11660 5830.0 1.7409 21.8615 1.7409 3.7846 2.3777
11670 5835.0 1.8109 9.6758 1.8109 3.6396 2.3832
11680 5840.0 1.7983 11.4995 1.7983 3.5972 2.2706
11690 5845.0 1.7475 20.5072 1.7475 3.6718 2.2893
11700 5850.0 1.7281 24.6288 1.7281 3.7916 2.3902
11710 5855.0 1.7503 19.9302 1.7503 3.8691 2.3311
11720 5860.0 1.7877 13.1780 1.7877 3.7874 2.2758
11730 5865.0 1.8055 10.4456 1.8055 3.7089 2.3919
11740 5870.0 1.7538 19.2407 1.7538 3.6781 2.4123
11750 5875.0 1.7454 20.9378 1.7454 3.6248 2.4131
11760 5880.0 1.8070 10.2189 1.8070 3.5753 2.4096
11770 5885.0 1.8116 9.5733 1.8116 3.6070 2.4352
11780 5890.0 1.7553 18.9637 1.7553 3.6335 2.3598
11790 5895.0 1.7284 24.5479 1.7284 3.6125 2.3578
11800 5900.0 1.8186 8.6342 1.8186 3.5440 2.3448
11810 5905.0 1.8931 1.6202 1.8931 3.5205 2.3558
11820 5910.0 1.8186 8.6336 1.8186 3.6828 2.4012
11830 5915.0 1.7291 24.3891 1.7291 3.8269 2.3397
11840 5920.0 1.7470 20.6021 1.7470 3.8859 2.3505
11850 5925.0 1.8010 11.0985 1.8010 3.8709 2.2915
11860 5930.0 1.8299 7.2065 1.8299 3.8252 2.3215
11870 5935.0 1.8041 10.6383 1.8041 3.7664 2.3643
11880 5940.0 1.7527 19.4691 1.7527 3.7987 2.3644
11890 5945.0 1.7638 17.3372 1.7638 3.7745 2.3209
11900 5950.0 1.8160 8.9723 1.8160 3.6069 2.3117
11910 5955.0 1.8007 11.1423 1.8007 3.4701 2.3549
11920 5960.0 1.7974 11.6360 1.7974 3.4953 2.3900
11930 5965.0 1.7904 12.7281 1.7904 3.6080 2.3418
11940 5970.0 1.7901 12.7903 1.7901 3.6107 2.3129
11950 5975.0 1.8317 7.0017 1.8317 3.4280 2.3726
11960 5980.0 1.8338 6.7516 1.8338 3.2815 2.4069
11970 5985.0 1.8088 9.9680 1.8088 3.2787 2.3737
11980 5990.0 1.7820 14.1140 1.7820 3.3201 2.3542
11990 5995.0 1.8099 9.8154 1.8099 3.4106 2.3017
12000 6000.0 1.8237 7.9797 1.8237 3.4789 2.2843
12010 6005.0 1.8196 8.4981 1.8196 3.4588 2.3122
12020 6010.0 1.8318 6.9812 1.8318 3.4158 2.3980
12030 6015.0 1.7953 11.9672 1.7953 3.4644 2.3709
12040 6020.0 1.7557 18.8827 1.7557 3.5418 2.3086
12050 6025.0 1.7995 11.3183 1.7995 3.6310 2.3894
12060 6030.0 1.8111 9.6452 1.8111 3.6503 2.3445
12070 6035.0 1.7541 19.1800 1.7541 3.6210 2.2723
12080 6040.0 1.7555 18.9128 1.7555 3.6299 2.3760
12090 6045.0 1.7752 15.2833 1.7752 3.6665 2.3969
12100 6050.0 1.8242 7.9110 1.8242 3.6687 2.4483
12110 6055.0 1.8188 8.6082 1.8188 3.5857 2.4219
12120 6060.0 1.8171 8.8259 1.8171 3.6114 2.4277
12130 6065.0 1.8075 10.1517 1.8075 3.6993 2.3780
12140 6070.0 1.7644 17.2181 1.7644 3.7561 2.3045
12150 6075.0 1.8244 7.8938 1.8244 3.5574 2.4072
12160 6080.0 1.8250 7.8176 1.8250 3.3551 2.3650
12170 6085.0 1.7999 11.2675 1.7999 3.2912 2.2664
12180 6090.0 1.7446 21.0911 1.7446 3.3717 2.2709
12190 6095.0 1.7992 11.3686 1.7992 3.5127 2.3547
12200 6100.0 1.8420 5.8372 1.8420 3.6870 2.3110
12210 6105.0 1.7611 17.8359 1.7611 3.8057 2.2008
12220 6110.0 1.8165 8.9115 1.8165 3.7157 2.2507
12230 6115.0 1.8403 6.0151 1.8403 3.5502 2.4454
12240 6120.0 1.7066 29.6287 1.7066 3.4666 2.2905
12250 6125.0 1.7456 20.8968 1.7456 3.4523 2.3434
12260 6130.0 1.8803 2.4284 1.8803 3.4830 2.5205
12270 6135.0 1.8368 6.4120 1.8368 3.5963 2.4167
12280 6140.0 1.7531 19.3791 1.7531 3.6939 2.3500
12290 6145.0 1.7501 19.9888 1.7501 3.6341 2.3123
12300 6150.0 1.7660 16.9279 1.7660 3.5004 2.4207
12310 6155.0 1.8815 2.3470 1.8815 3.4206 2.5218
12320 6160.0 1.8262 7.6580 1.8262 3.4809 2.4683
12330 6165.0 1.7311 23.9688 1.7311 3.6067 2.2862
12340 6170.0 1.7539 19.2311 1.7539 3.6124 2.2564
12350 6175.0 1.8280 7.4369 1.8280 3.4694 2.4076
12360 6180.0 1.8870 1.9819 1.8870 3.4281 2.4454
12370 6185.0 1.8344 6.6802 1.8344 3.5106 2.3947
12380 6190.0 1.7431 21.4036 1.7431 3.5696 2.2641
12390 6195.0 1.7591 18.2272 1.7591 3.5364 2.2680
12400 6200.0 1.8777 2.6103 1.8777 3.3693 2.4319
12410 6205.0 1.8942 1.5554 1.8942 3.2949 2.4589
12420 6210.0 1.7657 16.9857 1.7657 3.2680 2.3553
12430 6215.0 1.7444 21.1349 1.7444 3.2908 2.3568
12440 6220.0 1.8575 4.2786 1.8575 3.2704 2.3584
12450 6225.0 1.9023 1.1378 1.9023 3.2447 2.3344
12460 6230.0 1.8005 11.1737 1.8005 3.2853 2.3344
12470 6235.0 1.7174 27.0422 1.7174 3.2493 2.3306
12480 6240.0 1.8444 5.5751 1.8444 3.1411 2.3879
12490 6245.0 1.8894 1.8375 1.8894 3.0452 2.2785
12500 6250.0 1.8333 6.8106 1.8333 3.0687 2.2854
12510 6255.0 1.7708 16.0497 1.7708 3.2393 2.2982
12520 6260.0 1.7539 19.2282 1.7539 3.2817 2.3132
12530 6265.0 1.8973 1.3908 1.8973 3.2906 2.4253
12540 6270.0 1.9059 0.9716 1.9059 3.4028 2.3422
12550 6275.0 1.7727 15.7215 1.7727 3.6065 2.2421
12560 6280.0 1.7530 19.3991 1.7530 3.6083 2.2405
12570 6285.0 1.9013 1.1861 1.9013 3.3376 2.4099
12580 6290.0 1.8434 5.6803 1.8434 3.1709 2.3810
12590 6295.0 1.7527 19.4626 1.7527 3.1388 2.3922
12600 6300.0 1.8364 6.4543 1.8364 3.1767 2.4041
12610 6305.0 1.7967 11.7562 1.7967 3.2967 2.2768
12620 6310.0 1.7714 15.9502 1.7714 3.3436 2.2793
12630 6315.0 1.8166 8.8935 1.8166 3.2289 2.3733
12640 6320.0 1.7525 19.5055 1.7525 3.1309 2.4120
12650 6325.0 1.8443 5.5904 1.8443 3.1217 2.4579
12660 6330.0 1.8391 6.1527 1.8391 3.2144 2.4548
12670 6335.0 1.7822 14.0724 1.7822 3.2656 2.4325
12680 6340.0 1.7510 19.7966 1.7510 3.2231 2.3775
12690 6345.0 1.7405 21.9363 1.7405 3.1823 2.3791
12700 6350.0 1.7751 15.3018 1.7751 3.1887 2.4208
12710 6355.0 1.8001 11.2415 1.8001 3.1702 2.4408
12720 6360.0 1.7993 11.3509 1.7993 3.1080 2.4305
12730 6365.0 1.7941 12.1494 1.7941 3.0990 2.3937
12740 6370.0 1.7971 11.6859 1.7971 3.1398 2.3344
12750 6375.0 1.7913 12.5872 1.7913 3.0905 2.2940
12760 6380.0 1.7711 15.9983 1.7711 2.9508 2.3309
12770 6385.0 1.7983 11.5073 1.7983 2.8186 2.3937
12780 6390.0 1.8821 2.3032 1.8821 2.7570 2.4628
12790 6395.0 1.8841 2.1726 1.8841 2.8396 2.4441
12800 6400.0 1.8263 7.6562 1.8263 2.9804 2.2958
12810 6405.0 1.7921 12.4656 1.7921 3.0904 2.1972
12820 6410.0 1.8238 7.9642 1.8238 3.0498 2.2823
12830 6415.0 1.8924 1.6609 1.8924 2.9161 2.4138
12840 6420.0 1.8276 7.4856 1.8276 2.9077 2.3487
12850 6425.0 1.7188 26.7369 1.7188 2.9519 2.2834
12860 6430.0 1.8537 4.6332 1.8537 3.0225 2.3731
12870 6435.0 1.8929 1.6304 1.8929 3.1801 2.3780
12880 6440.0 1.7719 15.8599 1.7719 3.3578 2.2928
12890 6445.0 1.8150 9.1179 1.8150 3.3132 2.3071
12900 6450.0 1.7916 12.5476 1.7916 3.1903 2.3300
12910 6455.0 1.6801 36.4143 1.6801 3.0961 2.1675
12920 6460.0 1.8464 5.3660 1.8464 3.0405 2.1934
12930 6465.0 1.8189 8.5947 1.8189 3.0837 2.2865
12940 6470.0 1.7570 18.6208 1.7570 3.1382 2.1122
12950 6475.0 1.7370 22.6792 1.7370 3.3000 2.1075
12960 6480.0 1.8480 5.2053 1.8480 3.3583 2.2740
12970 6485.0 1.9283 0.2352 1.9283 3.4519 2.4898
12980 6490.0 1.7095 28.9200 1.7095 3.5843 2.3278
12990 6495.0 1.7766 15.0384 1.7766 3.6590 2.2799
13000 6500.0 1.7790 14.6160 1.7790 3.5897 2.3325
13010 6505.0 1.8230 8.0597 1.8230 3.4797 2.2273
13020 6510.0 1.8036 10.7212 1.8036 3.4631 2.3009
13030 6515.0 1.7505 19.9075 1.7505 3.6617 2.3537
13040 6520.0 1.7394 22.1678 1.7394 3.6943 2.3611
13050 6525.0 1.8471 5.2893 1.8471 3.6856 2.3445
13060 6530.0 1.7479 20.4263 1.7479 3.7101 2.1800
13070 6535.0 1.7929 12.3437 1.7929 3.5862 2.2520
13080 6540.0 1.6953 32.4278 1.6953 3.4992 2.2271
13090 6545.0 1.7847 13.6569 1.7847 3.4243 2.2872
13100 6550.0 1.9484 0.0012 1.9484 3.4601 2.4302
13110 6555.0 1.7925 12.3964 1.7925 3.6765 2.3193
13120 6560.0 1.7854 13.5520 1.7854 3.6938 2.2853
13130 6565.0 1.7408 21.8791 1.7408 3.5771 2.2457
13140 6570.0 1.7234 25.6717 1.7234 3.4410 2.1341
13150 6575.0 1.8817 2.3302 1.8817 3.4131 2.2651
13160 6580.0 1.8790 2.5227 1.8790 3.5656 2.3568
13170 6585.0 1.7537 19.2703 1.7537 3.7374 2.2958
13180 6590.0 1.7611 17.8412 1.7611 3.7023 2.1692
13190 6595.0 1.7343 23.2608 1.7343 3.4951 2.3066
13200 6600.0 1.8939 1.5760 1.8939 3.3509 2.4735
13210 6605.0 1.9067 0.9364 1.9067 3.4017 2.4923
13220 6610.0 1.7249 25.3324 1.7249 3.6366 2.3562
13230 6615.0 1.7378 22.5100 1.7378 3.7167 2.2346
13240 6620.0 1.8132 9.3505 1.8132 3.5526 2.3603
13250 6625.0 1.8399 6.0623 1.8399 3.4090 2.3045
13260 6630.0 1.8721 3.0367 1.8721 3.4216 2.3116
13270 6635.0 1.8489 5.1101 1.8489 3.5874 2.4635
13280 6640.0 1.7125 28.2074 1.7125 3.6103 2.3439
13290 6645.0 1.7441 21.1976 1.7441 3.5187 2.4034
13300 6650.0 1.8821 2.3043 1.8821 3.4166 2.4822
13310 6655.0 1.8120 9.5174 1.8120 3.5169 2.4090
13320 6660.0 1.7553 18.9483 1.7553 3.6107 2.3802
13330 6665.0 1.7577 18.4931 1.7577 3.5699 2.3292
13340 6670.0 1.7479 20.4123 1.7479 3.4587 2.4226
13350 6675.0 1.8906 1.7640 1.8906 3.4169 2.5218
13360 6680.0 1.8591 4.1347 1.8591 3.5498 2.3483
13370 6685.0 1.7503 19.9447 1.7503 3.7294 2.2896
13380 6690.0 1.7841 13.7640 1.7841 3.6846 2.2075
13390 6695.0 1.8313 7.0452 1.8313 3.4960 2.3578
13400 6700.0 1.9187 0.4889 1.9187 3.3589 2.3637
13410 6705.0 1.8372 6.3588 1.8372 3.4048 2.3137
13420 6710.0 1.7945 12.0972 1.7945 3.5063 2.3219
13430 6715.0 1.8370 6.3896 1.8370 3.6359 2.2926
13440 6720.0 1.7644 17.2309 1.7644 3.7555 2.1656
13450 6725.0 1.7752 15.2719 1.7752 3.7405 2.1349
13460 6730.0 1.8358 6.5256 1.8358 3.6220 2.2076
13470 6735.0 1.8666 3.4810 1.8666 3.5608 2.3246
13480 6740.0 1.8309 7.0957 1.8309 3.6130 2.3561
13490 6745.0 1.7901 12.7819 1.7901 3.6497 2.2604
13500 6750.0 1.7534 19.3251 1.7534 3.6150 2.2496
13510 6755.0 1.7785 14.6997 1.7785 3.5305 2.3659
13520 6760.0 1.8224 8.1395 1.8224 3.5087 2.4371
13530 6765.0 1.7977 11.5912 1.7977 3.5799 2.4740
13540 6770.0 1.7512 19.7512 1.7512 3.6433 2.4462
13550 6775.0 1.7749 15.3306 1.7749 3.5762 2.4474
13560 6780.0 1.7389 22.2827 1.7389 3.5220 2.3584
13570 6785.0 1.7529 19.4192 1.7529 3.5831 2.3994
13580 6790.0 1.7453 20.9602 1.7453 3.6099 2.4052
13590 6795.0 1.7702 16.1709 1.7702 3.5177 2.4109
13600 6800.0 1.8039 10.6747 1.8039 3.4282 2.3410
13610 6805.0 1.8210 8.3231 1.8210 3.4887 2.3612
13620 6810.0 1.7843 13.7238 1.7843 3.6412 2.3686
13630 6815.0 1.7527 19.4605 1.7527 3.7198 2.3178
13640 6820.0 1.8045 10.5803 1.8045 3.6235 2.3906
13650 6825.0 1.8497 5.0263 1.8497 3.5395 2.4352
13660 6830.0 1.8565 4.3706 1.8565 3.5598 2.4433
13670 6835.0 1.8022 10.9174 1.8022 3.6010 2.3675
13680 6840.0 1.7942 12.1317 1.7942 3.6582 2.3047
13690 6845.0 1.8035 10.7343 1.8035 3.7149 2.3441
13700 6850.0 1.8049 10.5319 1.8049 3.7253 2.3569
13710 6855.0 1.8203 8.4085 1.8203 3.6701 2.3992
13720 6860.0 1.7793 14.5615 1.7793 3.5549 2.4008
13730 6865.0 1.7653 17.0533 1.7653 3.4440 2.4075
13740 6870.0 1.7835 13.8543 1.7835 3.3930 2.3260
13750 6875.0 1.8223 8.1588 1.8223 3.4463 2.3669
13760 6880.0 1.7963 11.8164 1.7963 3.5688 2.3911
13770 6885.0 1.7638 17.3368 1.7638 3.6883 2.3115
13780 6890.0 1.7770 14.9644 1.7770 3.7393 2.2562
13790 6895.0 1.8379 6.2851 1.8379 3.6731 2.2438
13800 6900.0 1.8558 4.4397 1.8558 3.6091 2.3396
13810 6905.0 1.8000 11.2565 1.8000 3.5436 2.3649
13820 6910.0 1.8040 10.6529 1.8040 3.4791 2.3792
13830 6915.0 1.8579 4.2456 1.8579 3.4250 2.3877
13840 6920.0 1.8421 5.8201 1.8421 3.3601 2.3490
13850 6925.0 1.7944 12.1039 1.7944 3.3433 2.3183
13860 6930.0 1.7871 13.2694 1.7871 3.3554 2.3447
13870 6935.0 1.8277 7.4752 1.8277 3.4314 2.3472
13880 6940.0 1.8341 6.7197 1.8341 3.4616 2.3886
13890 6945.0 1.8331 6.8354 1.8331 3.4320 2.3939
13900 6950.0 1.8120 9.5254 1.8120 3.4079 2.4172
13910 6955.0 1.7831 13.9278 1.7831 3.4423 2.3702
13920 6960.0 1.7675 16.6523 1.7675 3.4582 2.3533
13930 6965.0 1.7485 20.3045 1.7485 3.4148 2.3587
13940 6970.0 1.7664 16.8471 1.7664 3.4019 2.3410
13950 6975.0 1.8175 8.7828 1.8175 3.4512 2.4486
13960 6980.0 1.7863 13.3921 1.7863 3.5588 2.3724
13970 6985.0 1.7438 21.2669 1.7438 3.6572 2.3332
13980 6990.0 1.7652 17.0827 1.7652 3.6660 2.3850
13990 6995.0 1.8087 9.9841 1.8087 3.6264 2.4217
14000 7000.0 1.8286 7.3699 1.8286 3.5809 2.4050
14010 7005.0 1.7970 11.7082 1.7970 3.5999 2.3353
14020 7010.0 1.8044 10.5952 1.8044 3.6356 2.3157
14030 7015.0 1.8064 10.3035 1.8064 3.6859 2.3292
14040 7020.0 1.7856 13.5126 1.7856 3.7246 2.3414
14050 7025.0 1.8282 7.4147 1.8282 3.6429 2.3939
14060 7030.0 1.8467 5.3397 1.8467 3.5687 2.3994
14070 7035.0 1.8257 7.7274 1.8257 3.5507 2.3788
14080 7040.0 1.8078 10.1129 1.8078 3.5693 2.3570
14090 7045.0 1.8168 8.8677 1.8168 3.5058 2.3962
14100 7050.0 1.8221 8.1838 1.8221 3.4504 2.4082
14110 7055.0 1.8003 11.2046 1.8003 3.4708 2.4093
14120 7060.0 1.7653 17.0580 1.7653 3.4950 2.3676
14130 7065.0 1.7596 18.1216 1.7596 3.4682 2.3917
14140 7070.0 1.7674 16.6745 1.7674 3.4547 2.4355
14150 7075.0 1.7858 13.4878 1.7858 3.3923 2.4641
14160 7080.0 1.7831 13.9257 1.7831 3.3344 2.4107
14170 7085.0 1.7498 20.0314 1.7498 3.3890 2.4153
14180 7090.0 1.7388 22.2950 1.7388 3.4390 2.3855
14190 7095.0 1.7693 16.3255 1.7693 3.3570 2.4251
14200 7100.0 1.8041 10.6364 1.8041 3.2246 2.4250
14210 7105.0 1.8270 7.5634 1.8270 3.2089 2.4135
14220 7110.0 1.8034 10.7511 1.8034 3.2764 2.3690
14230 7115.0 1.7765 15.0484 1.7765 3.3019 2.2805
14240 7120.0 1.8233 8.0319 1.8233 3.1951 2.3107
14250 7125.0 1.8665 3.4869 1.8665 3.0633 2.3755
14260 7130.0 1.8643 3.6691 1.8643 2.9969 2.3812
14270 7135.0 1.8210 8.3248 1.8210 2.9662 2.3462
14280 7140.0 1.8032 10.7730 1.8032 2.9346 2.3468
14290 7145.0 1.8496 5.0401 1.8496 2.9133 2.3846
14300 7150.0 1.8574 4.2869 1.8574 2.9409 2.3637
14310 7155.0 1.7946 12.0717 1.7946 3.0330 2.2808
14320 7160.0 1.8259 7.6949 1.8259 3.0979 2.2854
14330 7165.0 1.8645 3.6560 1.8645 3.1382 2.3509
14340 7170.0 1.8306 7.1290 1.8306 3.2345 2.3303
14350 7175.0 1.8078 10.1045 1.8078 3.2742 2.3049
14360 7180.0 1.7546 19.0906 1.7546 3.1877 2.3441
14370 7185.0 1.7973 11.6637 1.7973 3.0990 2.4453
14380 7190.0 1.8139 9.2620 1.8139 3.1251 2.3356
14390 7195.0 1.8210 8.3160 1.8210 3.2308 2.3941
14400 7200.0 1.7693 16.3224 1.7693 3.4372 2.3023
14410 7205.0 1.7520 19.6005 1.7520 3.5528 2.2592
14420 7210.0 1.8089 9.9490 1.8089 3.5091 2.4031
14430 7215.0 1.8942 1.5573 1.8942 3.4061 2.4024
14440 7220.0 1.8516 4.8371 1.8516 3.4842 2.4366
14450 7225.0 1.7415 21.7397 1.7415 3.6282 2.2084
14460 7230.0 1.7484 20.3242 1.7484 3.6463 2.1917
14470 7235.0 1.8390 6.1559 1.8390 3.5046 2.3967
14480 7240.0 1.9130 0.6843 1.9130 3.3342 2.4298
14490 7245.0 1.8265 7.6230 1.8265 3.2962 2.3259
14500 7250.0 1.7139 27.8803 1.7139 3.3694 2.2389
14510 7255.0 1.7643 17.2382 1.7643 3.4827 2.2922
14520 7260.0 1.8434 5.6835 1.8434 3.5481 2.3709
14530 7265.0 1.8758 2.7516 1.8758 3.4766 2.2621
14540 7270.0 1.8188 8.6092 1.8188 3.4375 2.2473
14550 7275.0 1.7204 26.3547 1.7204 3.4392 2.2496
14560 7280.0 1.7769 14.9856 1.7769 3.4045 2.2819
14570 7285.0 1.8670 3.4422 1.8670 3.4679 2.2015
14580 7290.0 1.7902 12.7705 1.7902 3.6201 2.2984
14590 7295.0 1.7353 23.0418 1.7353 3.6446 2.3716
14600 7300.0 1.7183 26.8428 1.7183 3.5533 2.1937
14610 7305.0 1.8376 6.3220 1.8376 3.3796 2.2428
14620 7310.0 1.9175 0.5279 1.9175 3.3763 2.3899
14630 7315.0 1.8132 9.3529 1.8132 3.5594 2.3432
14640 7320.0 1.7122 28.2817 1.7122 3.7427 2.2219
14650 7325.0 1.7472 20.5637 1.7472 3.6955 2.3033
14660 7330.0 1.8633 3.7586 1.8633 3.5459 2.4032
14670 7335.0 1.8623 3.8463 1.8623 3.5024 2.3097
14680 7340.0 1.7431 21.3974 1.7431 3.6013 2.2519
14690 7345.0 1.7177 26.9767 1.7177 3.7468 2.3217
14700 7350.0 1.7499 20.0217 1.7499 3.7439 2.3670
14710 7355.0 1.8052 10.4849 1.8052 3.5092 2.4397
14720 7360.0 1.7637 17.3523 1.7637 3.3085 2.2113
14730 7365.0 1.7653 17.0621 1.7653 3.2307 2.1282
14740 7370.0 1.7904 12.7363 1.7904 3.2653 2.2018
14750 7375.0 1.8025 10.8760 1.8025 3.3817 2.3426
14760 7380.0 1.7428 21.4678 1.7428 3.5280 2.2945
14770 7385.0 1.7439 21.2283 1.7439 3.4684 2.2784
14780 7390.0 1.8402 6.0277 1.8402 3.3311 2.3145
14790 7395.0 1.9024 1.1326 1.9024 3.2895 2.3360
14800 7400.0 1.8262 7.6638 1.8262 3.4086 2.3919
14810 7405.0 1.7651 17.0937 1.7651 3.4991 2.1990
14820 7410.0 1.7319 23.7802 1.7319 3.4588 2.1687
14830 7415.0 1.8248 7.8371 1.8248 3.3299 2.3486
14840 7420.0 1.8873 1.9630 1.8873 3.2720 2.2604
14850 7425.0 1.8255 7.7541 1.8255 3.3759 2.2299
14860 7430.0 1.7859 13.4622 1.7859 3.4404 2.2545
14870 7435.0 1.7689 16.3958 1.7689 3.3669 2.2246
14880 7440.0 1.8267 7.5990 1.8267 3.2650 2.3588
14890 7445.0 1.8946 1.5327 1.8946 3.2540 2.3261
14900 7450.0 1.8240 7.9337 1.8240 3.3336 2.1775
14910 7455.0 1.7656 17.0105 1.7656 3.3906 2.2009
14920 7460.0 1.7602 18.0124 1.7602 3.3521 2.3191
14930 7465.0 1.7653 17.0615 1.7653 3.2801 2.3603
14940 7470.0 1.8379 6.2786 1.8379 3.2553 2.4096
14950 7475.0 1.8366 6.4322 1.8366 3.2734 2.3694
14960 7480.0 1.7955 11.9374 1.7955 3.2579 2.4667
14970 7485.0 1.7186 26.7689 1.7186 3.3202 2.3923
14980 7490.0 1.7301 24.1856 1.7301 3.5059 2.3466
14990 7495.0 1.7746 15.3909 1.7746 3.5032 2.3138
15000 7500.0 1.7494 20.1214 1.7494 3.3351 2.4514
15010 7505.0 1.7722 15.8151 1.7722 3.3417 2.4627
15020 7510.0 1.8285 7.3850 1.8285 3.5175 2.3837
15030 7515.0 1.7099 28.8306 1.7099 3.7542 2.3117
15040 7520.0 1.7114 28.4747 1.7114 3.7873 2.2887
15050 7525.0 1.7508 19.8438 1.7508 3.6521 2.3251
15060 7530.0 1.8338 6.7496 1.8338 3.5743 2.2344
15070 7535.0 1.8689 3.2852 1.8689 3.5927 2.2444
15080 7540.0 1.7875 13.2003 1.7875 3.7358 2.3939
15090 7545.0 1.6432 47.0485 1.6432 3.8555 2.2974
15100 7550.0 1.7761 15.1177 1.7761 3.7266 2.4317
15110 7555.0 1.8934 1.6034 1.8934 3.5730 2.3441
15120 7560.0 1.8750 2.8088 1.8750 3.5718 2.2919
15130 7565.0 1.7620 17.6744 1.7620 3.7330 2.3511
15140 7570.0 1.7009 31.0230 1.7009 3.8468 2.2425
15150 7575.0 1.7272 24.8231 1.7272 3.7530 2.4078
15160 7580.0 1.8480 5.2029 1.8480 3.5926 2.4339
15170 7585.0 1.8562 4.4038 1.8562 3.5536 2.4525
15180 7590.0 1.7377 22.5253 1.7377 3.6934 2.3642
15190 7595.0 1.7241 25.5209 1.7241 3.8625 2.2571
15200 7600.0 1.7839 13.7917 1.7839 3.7797 2.3855
15210 7605.0 1.8264 7.6415 1.8264 3.6164 2.4543
15220 7610.0 1.7708 16.0539 1.7708 3.5762 2.3491
15230 7615.0 1.7450 21.0223 1.7450 3.6126 2.3588
15240 7620.0 1.7740 15.4834 1.7740 3.7047 2.4049
15250 7625.0 1.7797 14.5061 1.7797 3.7596 2.3833
15260 7630.0 1.7901 12.7793 1.7901 3.7133 2.3823
15270 7635.0 1.7786 14.6807 1.7786 3.6711 2.3847
15280 7640.0 1.7421 21.6172 1.7421 3.7231 2.3767
15290 7645.0 1.7646 17.1775 1.7646 3.7433 2.4190
15300 7650.0 1.8422 5.8075 1.8422 3.7060 2.4268
15310 7655.0 1.8279 7.4541 1.8279 3.7082 2.3711
15320 7660.0 1.7577 18.4811 1.7577 3.7619 2.3411
15330 7665.0 1.7591 18.2146 1.7591 3.8138 2.3219
15340 7670.0 1.8267 7.6005 1.8267 3.7805 2.4231
15350 7675.0 1.8272 7.5423 1.8272 3.7272 2.4535
15360 7680.0 1.7738 15.5167 1.7738 3.6952 2.4551
15370 7685.0 1.7667 16.7936 1.7667 3.6942 2.3974
15380 7690.0 1.8018 10.9749 1.8018 3.6830 2.3202
15390 7695.0 1.7937 12.2116 1.7937 3.6773 2.3034
15400 7700.0 1.7527 19.4679 1.7527 3.6738 2.3658
15410 7705.0 1.8000 11.2459 1.8000 3.6767 2.4024
15420 7710.0 1.8269 7.5804 1.8269 3.7187 2.3636
15430 7715.0 1.7770 14.9696 1.7770 3.7090 2.3883
15440 7720.0 1.7432 21.3924 1.7432 3.6511 2.4280
15450 7725.0 1.8347 6.6440 1.8347 3.6353 2.4058
15460 7730.0 1.8368 6.4097 1.8368 3.5038 2.2896
15470 7735.0 1.7484 20.3194 1.7484 3.5005 2.2619
15480 7740.0 1.7237 25.6008 1.7237 3.5420 2.3170
15490 7745.0 1.7571 18.6003 1.7571 3.5371 2.3685
15500 7750.0 1.7910 12.6422 1.7910 3.5014 2.4027
15510 7755.0 1.8040 10.6593 1.8040 3.4626 2.4461
15520 7760.0 1.7748 15.3446 1.7748 3.4652 2.4633
15530 7765.0 1.7783 14.7418 1.7783 3.4878 2.3877
15540 7770.0 1.7494 20.1228 1.7494 3.5409 2.3267
15550 7775.0 1.7451 20.9996 1.7451 3.5357 2.3166
15560 7780.0 1.7227 25.8337 1.7227 3.4856 2.3500
15570 7785.0 1.8022 10.9181 1.8022 3.4001 2.3620
15580 7790.0 1.8355 6.5512 1.8355 3.4310 2.4371
15590 7795.0 1.7803 14.4056 1.7803 3.5512 2.4732
15600 7800.0 1.7571 18.6056 1.7571 3.6374 2.3630
15610 7805.0 1.8048 10.5483 1.8048 3.6288 2.3678
15620 7810.0 1.8370 6.3885 1.8370 3.5667 2.3905
15630 7815.0 1.8090 9.9337 1.8090 3.5411 2.4252
15640 7820.0 1.7805 14.3723 1.7805 3.5322 2.4501
15650 7825.0 1.7837 13.8223 1.7837 3.5665 2.3590
15660 7830.0 1.7423 21.5646 1.7423 3.5936 2.3229
15670 7835.0 1.7424 21.5446 1.7424 3.5491 2.3889
15680 7840.0 1.7881 13.1000 1.7881 3.5430 2.3974
15690 7845.0 1.8285 7.3859 1.8285 3.6689 2.3164
15700 7850.0 1.7659 16.9434 1.7659 3.8311 2.3154
15710 7855.0 1.7202 26.4016 1.7202 3.8738 2.2777
15720 7860.0 1.7244 25.4550 1.7244 3.7977 2.3304
15730 7865.0 1.8037 10.6983 1.8037 3.7012 2.3452
15740 7870.0 1.8138 9.2722 1.8138 3.5610 2.4021
15750 7875.0 1.7585 18.3292 1.7585 3.5825 2.3302
15760 7880.0 1.7565 18.7250 1.7565 3.7354 2.3061
15770 7885.0 1.7585 18.3371 1.7585 3.7207 2.2342
15780 7890.0 1.8107 9.6970 1.8107 3.8094 2.3547
15790 7895.0 1.7799 14.4692 1.7799 3.7414 2.4195
15800 7900.0 1.7843 13.7200 1.7843 3.7134 2.4351
15810 7905.0 1.8639 3.7076 1.8639 3.7123 2.4344
15820 7910.0 1.8161 8.9610 1.8161 3.7050 2.3343
15830 7915.0 1.7779 14.8175 1.7779 3.7119 2.3479
15840 7920.0 1.7715 15.9360 1.7715 3.7264 2.3806
15850 7925.0 1.7738 15.5156 1.7738 3.7184 2.4633
15860 7930.0 1.8006 11.1674 1.8006 3.7227 2.4512
15870 7935.0 1.7414 21.7552 1.7414 3.7763 2.3727
15880 7940.0 1.7180 26.9179 1.7180 3.7949 2.4233
15890 7945.0 1.7238 25.5807 1.7238 3.8188 2.4080
15900 7950.0 1.7597 18.1009 1.7597 3.8553 2.3989
15910 7955.0 1.7310 23.9886 1.7310 3.8840 2.3839
15920 7960.0 1.6956 32.3484 1.6956 3.9175 2.4579
15930 7965.0 1.7104 28.6927 1.7104 3.9964 2.4003
15940 7970.0 1.7728 15.6915 1.7728 4.0446 2.2373
15950 7975.0 1.8121 9.5076 1.8121 4.0047 2.2702
15960 7980.0 1.7584 18.3557 1.7584 3.9773 2.4234
15970 7985.0 1.7171 27.1270 1.7171 4.0031 2.3548
15980 7990.0 1.8249 7.8240 1.8249 4.0120 2.4038
15990 7995.0 1.8738 2.9004 1.8738 3.9715 2.3764
16000 8000.0 1.7737 15.5423 1.7737 3.9261 2.3692
16010 8005.0 1.7325 23.6620 1.7325 3.9018 2.3171
16020 8010.0 1.8141 9.2350 1.8141 3.9116 2.3537
16030 8015.0 1.8483 5.1682 1.8483 3.9173 2.3623
16040 8020.0 1.7892 12.9310 1.7892 3.8636 2.4107
16050 8025.0 1.7319 23.7777 1.7319 3.8463 2.4159
16060 8030.0 1.7705 16.1032 1.7705 3.9073 2.3754
16070 8035.0 1.7950 12.0182 1.7950 3.9538 2.2887
16080 8040.0 1.7941 12.1563 1.7941 3.9188 2.2967
16090 8045.0 1.7721 15.8165 1.7721 3.8392 2.3745
16100 8050.0 1.7546 19.0865 1.7546 3.8015 2.4276
16110 8055.0 1.7708 16.0501 1.7708 3.8298 2.4010
16120 8060.0 1.7894 12.8894 1.7894 3.8586 2.3381
16130 8065.0 1.7764 15.0609 1.7764 3.8057 2.3660
16140 8070.0 1.7250 25.3074 1.7250 3.7840 2.4125
16150 8075.0 1.7493 20.1495 1.7493 3.8182 2.3953
16160 8080.0 1.7582 18.3995 1.7582 3.8270 2.4079
16170 8085.0 1.7559 18.8444 1.7559 3.7744 2.4355
16180 8090.0 1.7432 21.3795 1.7432 3.7154 2.4386
16190 8095.0 1.7980 11.5453 1.7980 3.6985 2.4525
16200 8100.0 1.8084 10.0318 1.8084 3.7469 2.3671
16210 8105.0 1.7815 14.1902 1.7815 3.7711 2.3726
16220 8110.0 1.7694 16.3138 1.7694 3.7311 2.3864
16230 8115.0 1.7943 12.1210 1.7943 3.6937 2.4167
16240 8120.0 1.8323 6.9282 1.8323 3.7228 2.4405
16250 8125.0 1.7878 13.1467 1.7878 3.7737 2.4034
16260 8130.0 1.7256 25.1796 1.7256 3.7894 2.3024
16270 8135.0 1.7787 14.6786 1.7787 3.7071 2.2936
16280 8140.0 1.8384 6.2234 1.8384 3.7022 2.4055
16290 8145.0 1.8279 7.4502 1.8279 3.7968 2.3485
16300 8150.0 1.7882 13.0828 1.7882 3.8614 2.3527
16310 8155.0 1.7601 18.0313 1.7601 3.8267 2.3739
16320 8160.0 1.7424 21.5493 1.7424 3.7531 2.3169
16330 8165.0 1.8025 10.8749 1.8025 3.6649 2.3798
16340 8170.0 1.8214 8.2642 1.8214 3.6584 2.4348
16350 8175.0 1.7909 12.6594 1.7909 3.7648 2.3908
16360 8180.0 1.7309 24.0127 1.7309 3.9242 2.3552
16370 8185.0 1.7228 25.8170 1.7228 3.8916 2.3450
16380 8190.0 1.7867 13.3305 1.7867 3.7825 2.4244
16390 8195.0 1.7949 12.0246 1.7949 3.6868 2.4638
16400 8200.0 1.7495 20.0931 1.7495 3.7071 2.4025
16410 8205.0 1.6973 31.9170 1.6973 3.6894 2.3608
16420 8210.0 1.7566 18.6949 1.7566 3.8241 2.3902
16430 8215.0 1.7571 18.5967 1.7571 3.8658 2.2926
16440 8220.0 1.7575 18.5309 1.7575 3.8867 2.4132
16450 8225.0 1.7517 19.6586 1.7517 3.7258 2.4114
16460 8230.0 1.7942 12.1403 1.7942 3.5999 2.3550
16470 8235.0 1.8218 8.2136 1.8218 3.6164 2.3370
16480 8240.0 1.7866 13.3473 1.7866 3.7298 2.3501
16490 8245.0 1.7785 14.7044 1.7785 3.8585 2.3846
16500 8250.0 1.7641 17.2880 1.7641 3.8561 2.3119
16510 8255.0 1.8153 9.0753 1.8153 3.8524 2.3583
16520 8260.0 1.8061 10.3605 1.8061 3.9008 2.4251
16530 8265.0 1.8149 9.1305 1.8149 3.8709 2.4532
16540 8270.0 1.8838 2.1918 1.8838 3.7818 2.4487
16550 8275.0 1.8093 9.8913 1.8093 3.8230 2.3725
16560 8280.0 1.7313 23.9088 1.7313 3.9113 2.2404
16570 8285.0 1.7721 15.8232 1.7721 3.9328 2.3143
16580 8290.0 1.8510 4.9013 1.8510 3.8558 2.4948
16590 8295.0 1.8774 2.6318 1.8774 3.8382 2.4584
16600 8300.0 1.8070 10.2316 1.8070 3.9135 2.4476
16610 8305.0 1.7232 25.7202 1.7232 3.9310 2.3034
16620 8310.0 1.7009 31.0351 1.7009 3.8102 2.3596
16630 8315.0 1.7952 11.9880 1.7952 3.7423 2.3791
16640 8320.0 1.8391 6.1529 1.8391 3.8121 2.4201
16650 8325.0 1.7563 18.7623 1.7563 3.9862 2.4040
16660 8330.0 1.7188 26.7367 1.7188 4.0369 2.3150
16670 8335.0 1.7549 19.0232 1.7549 4.0135 2.3541
16680 8340.0 1.7769 14.9773 1.7769 3.8874 2.3824
16690 8345.0 1.7710 16.0136 1.7710 3.7769 2.3882
16700 8350.0 1.7648 17.1482 1.7648 3.7762 2.4128
16710 8355.0 1.7944 12.0987 1.7944 3.8460 2.3430
16720 8360.0 1.7926 12.3815 1.7926 3.9528 2.2466
16730 8365.0 1.7478 20.4419 1.7478 3.9964 2.2324
16740 8370.0 1.7209 26.2330 1.7209 3.9460 2.3089
16750 8375.0 1.7753 15.2523 1.7753 3.8969 2.3190
16760 8380.0 1.8304 7.1573 1.8304 3.8380 2.2548
16770 8385.0 1.7674 16.6752 1.7674 3.8868 2.3044
16780 8390.0 1.6833 35.5588 1.6833 3.9908 2.3756
16790 8395.0 1.7111 28.5467 1.7111 4.0036 2.3412
16800 8400.0 1.7986 11.4634 1.7986 3.8999 2.3331
16810 8405.0 1.8201 8.4401 1.8201 3.7989 2.3964
16820 8410.0 1.7763 15.0780 1.7763 3.7728 2.3310
16830 8415.0 1.7494 20.1231 1.7494 3.7829 2.3640
16840 8420.0 1.7269 24.8820 1.7269 3.8814 2.3113
16850 8425.0 1.7862 13.4210 1.7862 3.8724 2.4044
16860 8430.0 1.8105 9.7309 1.8105 3.7028 2.3649
16870 8435.0 1.8066 10.2827 1.8066 3.6639 2.3480
16880 8440.0 1.7878 13.1572 1.7878 3.7745 2.3702
16890 8445.0 1.7054 29.9239 1.7054 3.9359 2.2819
16900 8450.0 1.7343 23.2697 1.7343 3.8927 2.3055
16910 8455.0 1.7849 13.6322 1.7849 3.7044 2.3647
16920 8460.0 1.7820 14.1180 1.7820 3.6215 2.2570
16930 8465.0 1.7994 11.3383 1.7994 3.7844 2.2311
16940 8470.0 1.7552 18.9709 1.7552 3.9997 2.3069
16950 8475.0 1.6839 35.4056 1.6839 4.0301 2.3114
16960 8480.0 1.8125 9.4529 1.8125 3.8619 2.4760
16970 8485.0 1.8327 6.8786 1.8327 3.6811 2.2856
16980 8490.0 1.7959 11.8667 1.7959 3.6839 2.1886
16990 8495.0 1.8127 9.4296 1.8127 3.9003 2.2967
17000 8500.0 1.7621 17.6465 1.7621 4.1186 2.3311
17010 8505.0 1.7122 28.2789 1.7122 4.0469 2.3184
17020 8510.0 1.8232 8.0406 1.8232 3.9394 2.4218
17030 8515.0 1.8384 6.2254 1.8384 3.8030 2.2663
17040 8520.0 1.7581 18.4035 1.7581 3.7738 2.2239
17050 8525.0 1.7820 14.1098 1.7820 3.9517 2.3955
17060 8530.0 1.7392 22.2206 1.7392 4.0362 2.2584
17070 8535.0 1.7453 20.9463 1.7453 4.1296 2.3141
17080 8540.0 1.7454 20.9358 1.7454 4.1676 2.3047
17090 8545.0 1.7961 11.8478 1.7961 4.0563 2.4078
17100 8550.0 1.7190 26.6735 1.7190 3.9387 2.3701
17110 8555.0 1.7548 19.0536 1.7548 3.8936 2.3491
17120 8560.0 1.8284 7.3898 1.8284 3.8776 2.4297
17130 8565.0 1.7983 11.5022 1.7983 3.9567 2.4213
17140 8570.0 1.7056 29.8591 1.7056 4.1206 2.3011
17150 8575.0 1.7146 27.7166 1.7146 4.0888 2.3031
17160 8580.0 1.8130 9.3855 1.8130 3.8927 2.3063
17170 8585.0 1.8413 5.9113 1.8413 3.8005 2.3676
17180 8590.0 1.7233 25.6928 1.7233 3.7513 2.3301
17190 8595.0 1.7188 26.7313 1.7188 3.6867 2.3082
17200 8600.0 1.7834 13.8811 1.7834 3.7198 2.3842
17210 8605.0 1.8141 9.2323 1.8141 3.8032 2.2792
17220 8610.0 1.7486 20.2878 1.7486 3.9028 2.2869
17230 8615.0 1.7252 25.2719 1.7252 3.9386 2.2693
17240 8620.0 1.7965 11.7836 1.7965 3.9824 2.2181
17250 8625.0 1.8019 10.9708 1.8019 3.9350 2.2797
17260 8630.0 1.7859 13.4613 1.7859 3.8656 2.3926
17270 8635.0 1.7573 18.5618 1.7573 3.7569 2.3916
17280 8640.0 1.8059 10.3884 1.8059 3.7982 2.4278
17290 8645.0 1.8127 9.4225 1.8127 3.9432 2.4026
17300 8650.0 1.7382 22.4199 1.7382 4.0726 2.3070
17310 8655.0 1.7512 19.7594 1.7512 4.0339 2.2986
17320 8660.0 1.7895 12.8851 1.7895 3.8786 2.4133
17330 8665.0 1.8202 8.4304 1.8202 3.8103 2.4507
17340 8670.0 1.7784 14.7211 1.7784 3.8805 2.3987
17350 8675.0 1.7103 28.7210 1.7103 3.9607 2.3730
17360 8680.0 1.7597 18.0993 1.7597 3.8315 2.4604
17370 8685.0 1.8148 9.1341 1.8148 3.7398 2.3703
17380 8690.0 1.8102 9.7725 1.8102 3.7913 2.3425
17390 8695.0 1.7362 22.8658 1.7362 3.9241 2.4033
17400 8700.0 1.7004 31.1444 1.7004 3.8653 2.3892
17410 8705.0 1.7322 23.7284 1.7322 3.7972 2.4239
17420 8710.0 1.8363 6.4666 1.8363 3.8199 2.4498
17430 8715.0 1.8224 8.1379 1.8224 3.8818 2.3759
17440 8720.0 1.7638 17.3286 1.7638 3.9044 2.3761
17450 8725.0 1.7272 24.8285 1.7272 3.8802 2.2806
17460 8730.0 1.7872 13.2556 1.7872 3.8289 2.3397
17470 8735.0 1.8666 3.4792 1.8666 3.8336 2.3944
17480 8740.0 1.8547 4.5448 1.8547 3.8846 2.3622
17490 8745.0 1.8121 9.5019 1.8121 3.9466 2.3250
17500 8750.0 1.7959 11.8745 1.7959 3.9221 2.2640
17510 8755.0 1.8043 10.6105 1.8043 3.8288 2.3102
17520 8760.0 1.8347 6.6428 1.8347 3.7247 2.3725
17530 8765.0 1.8756 2.7689 1.8756 3.7349 2.3847
17540 8770.0 1.8487 5.1355 1.8487 3.8203 2.4076
17550 8775.0 1.7805 14.3570 1.7805 3.9618 2.2897
17560 8780.0 1.7921 12.4621 1.7921 3.9612 2.2973
17570 8785.0 1.8519 4.8167 1.8519 3.8362 2.4043
17580 8790.0 1.8260 7.6836 1.8260 3.7867 2.3689
17590 8795.0 1.7599 18.0680 1.7599 3.8681 2.3770
17600 8800.0 1.7539 19.2277 1.7539 4.0012 2.4025
17610 8805.0 1.7956 11.9158 1.7956 4.0354 2.3894
17620 8810.0 1.7808 14.3204 1.7808 4.0354 2.3239
17630 8815.0 1.7346 23.1881 1.7346 4.0960 2.3077
17640 8820.0 1.7257 25.1591 1.7257 4.0536 2.3224
17650 8825.0 1.7930 12.3235 1.7930 3.9795 2.2668
17660 8830.0 1.8444 5.5804 1.8444 3.9513 2.2473
17670 8835.0 1.7840 13.7857 1.7840 4.0149 2.3047
17680 8840.0 1.6960 32.2503 1.6960 4.1039 2.3891
17690 8845.0 1.7245 25.4239 1.7245 4.0812 2.3194
17700 8850.0 1.7952 11.9840 1.7952 3.9612 2.2980
17710 8855.0 1.8074 10.1708 1.8074 3.9204 2.3490
17720 8860.0 1.7408 21.8804 1.7408 3.9416 2.3859
17730 8865.0 1.7191 26.6670 1.7191 4.0661 2.3962
17740 8870.0 1.7302 24.1503 1.7302 4.1249 2.3949
17750 8875.0 1.7774 14.9024 1.7774 4.0478 2.3878
17760 8880.0 1.7702 16.1714 1.7702 3.9205 2.3913
17770 8885.0 1.7192 26.6404 1.7192 3.8850 2.3032
17780 8890.0 1.7422 21.5957 1.7422 3.9845 2.3042
17790 8895.0 1.7600 18.0543 1.7600 4.0828 2.3709
17800 8900.0 1.7364 22.8041 1.7364 4.0399 2.2843
17810 8905.0 1.7474 20.5234 1.7474 4.0359 2.3394
17820 8910.0 1.7692 16.3429 1.7692 4.0052 2.3260
17830 8915.0 1.7577 18.4903 1.7577 3.8638 2.2586
17840 8920.0 1.8115 9.5899 1.8115 3.9037 2.3131
17850 8925.0 1.8152 9.0859 1.8152 3.8798 2.3599
17860 8930.0 1.7644 17.2250 1.7644 3.9328 2.2301
17870 8935.0 1.7545 19.1106 1.7545 3.9681 2.1583
17880 8940.0 1.7925 12.3997 1.7925 3.9218 2.2544
17890 8945.0 1.8253 7.7704 1.8253 3.7200 2.3220
17900 8950.0 1.8382 6.2487 1.8382 3.5775 2.3112
17910 8955.0 1.8087 9.9874 1.8087 3.5956 2.3288
17920 8960.0 1.7807 14.3382 1.7807 3.7324 2.3477
17930 8965.0 1.7904 12.7308 1.7904 3.8436 2.2786
17940 8970.0 1.8120 9.5199 1.8120 3.8556 2.3291
17950 8975.0 1.8277 7.4763 1.8277 3.7269 2.4267
17960 8980.0 1.8318 6.9846 1.8318 3.6375 2.4063
17970 8985.0 1.7240 25.5398 1.7240 3.6201 2.3463
17980 8990.0 1.7202 26.4040 1.7202 3.7301 2.3899
17990 8995.0 1.8020 10.9453 1.8020 3.6892 2.3425
18000 9000.0 1.7985 11.4756 1.7985 3.6581 2.3542
