# step  time_fs  cv_FeH(A)  bias(kJ/mol)  d_min_FeH(A)  d_min_OH(A)  d_min_SH(A)
0 0.0 1.7182 1770.5270 1.7182 2.5114 2.4126
10 5.0 2.8217 302.8912 2.8217 1.6371 2.4911
20 10.0 2.7914 326.9064 2.7914 1.5722 2.6878
30 15.0 3.2080 76.8304 3.2080 1.5856 2.5393
40 20.0 3.0166 170.1553 3.0166 1.9110 2.7944
50 25.0 3.3412 33.4963 3.3412 1.4994 2.5826
60 30.0 3.1590 97.2335 3.1590 1.3638 2.7039
70 35.0 3.2980 45.6161 3.2980 1.0061 2.4751
80 40.0 3.3919 21.6598 3.3919 1.1311 2.4634
90 45.0 3.2352 66.5567 3.2352 1.2109 2.0846
100 50.0 3.2927 47.2180 3.2927 1.0995 2.5579
110 55.0 3.2171 73.3154 3.2171 0.9310 2.6013
120 60.0 3.3122 41.4225 3.3122 1.0561 2.1605
130 65.0 3.4438 12.1977 3.4438 0.9584 2.2749
140 70.0 3.2882 48.6189 3.2882 0.9885 2.5720
150 75.0 3.5415 1.7100 3.5415 1.0662 2.2020
160 80.0 3.3805 24.0950 3.3805 1.0548 2.0028
170 85.0 3.5304 2.4237 3.5304 1.0426 2.3973
180 90.0 3.4637 9.2868 3.4637 1.0360 2.5044
190 95.0 3.4714 8.2710 3.4714 1.0592 2.2497
200 100.0 3.5702 0.4429 3.5702 1.1445 2.3843
210 105.0 3.3863 22.8253 3.3863 0.9292 2.6084
220 110.0 3.5635 0.6676 3.5635 1.2113 2.4538
230 115.0 3.3916 21.7181 3.3916 1.1312 2.2777
240 120.0 3.4733 8.0242 3.4733 0.9423 2.5542
250 125.0 3.4537 10.7039 3.4537 1.2152 2.6382
260 130.0 3.4795 7.2549 3.4795 1.0395 2.4920
270 135.0 3.4724 8.1361 3.4724 1.1838 2.6103
280 140.0 3.3316 36.0060 3.3316 0.9801 2.7626
290 145.0 3.3995 20.0993 3.3995 1.1215 2.4282
300 150.0 3.4691 8.5627 3.4691 1.0442 2.5508
310 155.0 3.3501 31.2341 3.3501 1.0189 2.7686
320 160.0 3.3910 21.8398 3.3910 1.0525 2.4886
330 165.0 3.4545 10.5916 3.4545 0.9996 2.4678
340 170.0 3.4624 9.4682 3.4624 1.0713 2.5323
350 175.0 3.4406 12.7098 3.4406 1.0054 2.3907
360 180.0 3.4799 7.2109 3.4799 1.0140 2.5292
370 185.0 3.4449 12.0220 3.4449 0.9793 2.5282
380 190.0 3.4330 13.9366 3.4330 1.0401 2.3456
390 195.0 3.4992 5.0803 3.4992 1.0029 2.4974
400 200.0 3.4387 13.0147 3.4387 0.9971 2.5995
410 205.0 3.4307 14.3367 3.4307 1.0225 2.3916
420 210.0 3.5045 4.5624 3.5045 1.0209 2.4957
430 215.0 3.4026 19.4795 3.4026 1.0002 2.6868
440 220.0 3.4496 11.3043 3.4496 1.0199 2.5317
450 225.0 3.5118 3.8889 3.5118 1.0204 2.5586
460 230.0 3.4193 16.3300 3.4193 0.9973 2.6495
470 235.0 3.4907 5.9734 3.4907 1.0469 2.4519
480 240.0 3.4597 9.8356 3.4597 1.0189 2.4452
490 245.0 3.4154 17.0473 3.4154 1.0092 2.6260
500 250.0 3.5177 3.3862 3.5177 1.0497 2.4663
510 255.0 3.4393 12.9161 3.4393 1.0500 2.3531
520 260.0 3.4884 6.2230 3.4884 1.0114 2.5967
530 265.0 3.4451 12.0023 3.4451 1.0141 2.6862
540 270.0 3.4605 9.7344 3.4605 1.0722 2.4436
550 275.0 3.4888 6.1852 3.4888 1.1247 2.4886
560 280.0 3.4503 11.2058 3.4503 1.0803 2.7705
570 285.0 3.4830 6.8486 3.4830 0.9572 2.7356
580 290.0 3.4903 6.0204 3.4903 1.1055 2.7178
590 295.0 3.5201 3.1905 3.5201 0.9779 2.7353
600 300.0 3.5198 3.2140 3.5198 1.0529 2.7063
610 305.0 3.5042 4.5862 3.5042 1.0308 2.6647
620 310.0 3.5211 3.1143 3.5211 1.0007 2.7204
630 315.0 3.5259 2.7439 3.5259 1.0473 2.7150
640 320.0 3.5075 4.2766 3.5075 0.9940 2.6819
650 325.0 3.4982 5.1786 3.4982 1.0636 2.7090
660 330.0 3.5112 3.9409 3.5112 0.9438 2.7351
670 335.0 3.5345 2.1426 3.5345 1.1116 2.6684
680 340.0 3.5092 4.1219 3.5092 0.9772 2.7159
690 345.0 3.4978 5.2211 3.4978 1.0567 2.7289
700 350.0 3.4914 5.8965 3.4914 1.0926 2.6156
710 355.0 3.4541 10.6498 3.4541 0.9593 2.6561
720 360.0 3.4668 8.8754 3.4668 1.0910 2.5909
730 365.0 3.4382 13.0829 3.4382 1.0645 2.6624
740 370.0 3.3961 20.7910 3.3961 0.9734 2.7114
750 375.0 3.4185 16.4638 3.4185 1.0575 2.5892
760 380.0 3.4063 18.7614 3.4063 0.9618 2.6132
770 385.0 3.4263 15.0817 3.4263 1.0868 2.5472
780 390.0 3.3901 22.0349 3.3901 0.9493 2.5936
790 395.0 3.4330 13.9516 3.4330 1.1122 2.4677
800 400.0 3.4215 15.9244 3.4215 0.9948 2.5565
810 405.0 3.4465 11.7883 3.4465 1.0421 2.5865
820 410.0 3.4383 13.0750 3.4383 0.9875 2.6806
830 415.0 3.4367 13.3353 3.4367 1.0235 2.6340
840 420.0 3.4585 10.0063 3.4585 1.0036 2.6393
850 425.0 3.4730 8.0632 3.4730 1.0175 2.6187
860 430.0 3.4650 9.1094 3.4650 1.0057 2.6059
870 435.0 3.4814 7.0366 3.4814 0.9995 2.6273
880 440.0 3.4971 5.2975 3.4971 1.0446 2.5539
890 445.0 3.4832 6.8249 3.4832 0.9646 2.6596
900 450.0 3.4487 11.4477 3.4487 1.0393 2.6553
910 455.0 3.4628 9.4072 3.4628 0.9413 2.7063
920 460.0 3.4519 10.9683 3.4519 1.0241 2.6908
930 465.0 3.4406 12.7107 3.4406 0.9869 2.6755
940 470.0 3.4532 10.7798 3.4532 0.9573 2.5792
950 475.0 3.4210 16.0177 3.4210 1.0702 2.5463
960 480.0 3.4472 11.6781 3.4472 0.9273 2.5339
970 485.0 3.4151 17.0965 3.4151 1.0372 2.5002
980 490.0 3.3676 27.0050 3.3676 0.9724 2.6527
990 495.0 3.3823 23.6899 3.3823 1.0156 2.5260
1000 500.0 3.4396 12.8561 3.4396 0.9904 2.6724
1010 505.0 3.4343 13.7228 3.4343 1.0357 2.7251
1020 510.0 3.4703 8.4126 3.4703 0.9847 2.7278
1030 515.0 3.4898 6.0706 3.4898 1.0416 2.6926
1040 520.0 3.4813 7.0432 3.4813 0.9707 2.7565
1050 525.0 3.4481 11.5324 3.4481 1.0152 2.6820
1060 530.0 3.4622 9.4933 3.4622 0.9898 2.7737
1070 535.0 3.4867 6.4239 3.4867 0.9909 2.7351
1080 540.0 3.4238 15.5209 3.4238 0.9961 2.6400
1090 545.0 3.4197 16.2572 3.4197 0.9840 2.7660
1100 550.0 3.4839 6.7402 3.4839 1.0091 2.6951
1110 555.0 3.4465 11.7782 3.4465 0.9712 2.6500
1120 560.0 3.4476 11.6066 3.4476 1.0327 2.8112
1130 565.0 3.4957 5.4342 3.4957 0.9648 2.8573
1140 570.0 3.4628 9.4121 3.4628 1.0195 2.8318
1150 575.0 3.4620 9.5168 3.4620 0.9725 2.8335
1160 580.0 3.5086 4.1771 3.5086 1.0151 2.8933
1170 585.0 3.5032 4.6821 3.5032 0.9554 2.9524
1180 590.0 3.4987 5.1272 3.4987 1.0243 2.9493
1190 595.0 3.4853 6.5732 3.4853 0.9631 2.9167
1200 600.0 3.4637 9.2950 3.4637 1.0048 2.7877
1210 605.0 3.4768 7.5952 3.4768 0.9677 2.8095
1220 610.0 3.4808 7.1062 3.4808 1.0300 2.7210
1230 615.0 3.4863 6.4591 3.4863 0.9720 2.6444
1240 620.0 3.4896 6.0893 3.4896 1.0607 2.6419
1250 625.0 3.4885 6.2204 3.4885 0.9654 2.6505
1260 630.0 3.4881 6.2563 3.4881 1.0445 2.6662
1270 635.0 3.4639 9.2658 3.4639 0.9780 2.7212
1280 640.0 3.4373 13.2437 3.4373 0.9775 2.8221
1290 645.0 3.4514 11.0466 3.4514 1.0114 2.6851
1300 650.0 3.4634 9.3325 3.4634 1.0035 2.7642
1310 655.0 3.4420 12.4838 3.4420 0.9897 2.7876
1320 660.0 3.4744 7.8923 3.4744 1.0140 2.6639
1330 665.0 3.4854 6.5673 3.4854 1.0020 2.6839
1340 670.0 3.4551 10.4935 3.4551 1.0115 2.8013
1350 675.0 3.5079 4.2431 3.5079 1.0006 2.7607
1360 680.0 3.4942 5.5934 3.4942 1.0422 2.7554
1370 685.0 3.4978 5.2242 3.4978 0.9774 2.8020
1380 690.0 3.5166 3.4791 3.5166 1.0172 2.7674
1390 695.0 3.5739 0.3400 3.5739 1.0005 2.6776
1400 700.0 3.5268 2.6776 3.5268 1.0095 2.7520
1410 705.0 3.5138 3.7175 3.5138 0.9897 2.7724
1420 710.0 3.5999 0.0000 3.5999 1.0186 2.6348
1430 715.0 3.6198 0.1969 3.6198 0.9908 2.6243
1440 720.0 3.5246 2.8410 3.5246 1.0344 2.7726
1450 725.0 3.4362 13.4122 3.4362 0.9449 2.9001
1460 730.0 3.5522 1.1441 3.5522 1.0482 2.7389
1470 735.0 3.5883 0.0689 3.5883 0.9494 2.6279
1480 740.0 3.5452 1.4995 3.5452 1.0290 2.5746
1490 745.0 3.5653 0.6006 3.5653 0.9586 2.6533
1500 750.0 3.5550 1.0121 3.5550 1.0229 2.6449
1510 755.0 3.5397 1.8184 3.5397 0.9698 2.6363
1520 760.0 3.5265 2.6976 3.5265 1.0195 2.6135
1530 765.0 3.5239 2.8921 3.5239 0.9662 2.5606
1540 770.0 3.4842 6.7047 3.4842 1.0149 2.4607
1550 775.0 3.5119 3.8818 3.5119 0.9755 2.5400
1560 780.0 3.4307 14.3373 3.4307 1.0012 2.6687
1570 785.0 3.4696 8.4980 3.4696 0.9793 2.6551
1580 790.0 3.4872 6.3594 3.4872 0.9917 2.5446
1590 795.0 3.4796 7.2515 3.4796 1.0031 2.4979
1600 800.0 3.4549 10.5228 3.4549 0.9992 2.6547
1610 805.0 3.4422 12.4471 3.4422 0.9731 2.6384
1620 810.0 3.5135 3.7388 3.5135 1.0086 2.4000
1630 815.0 3.4762 7.6679 3.4762 0.9799 2.3221
1640 820.0 3.4893 6.1256 3.4893 1.0044 2.4658
1650 825.0 3.4470 11.7016 3.4470 0.9749 2.4830
1660 830.0 3.5227 2.9872 3.5227 1.0077 2.2854
1670 835.0 3.5292 2.5076 3.5292 0.9953 2.2985
1680 840.0 3.4330 13.9385 3.4330 0.9964 2.4632
1690 845.0 3.4775 7.4974 3.4775 0.9853 2.4055
1700 850.0 3.5145 3.6529 3.5145 1.0257 2.2438
1710 855.0 3.5366 2.0092 3.5366 0.9596 2.3470
1720 860.0 3.4282 14.7543 3.4282 1.0260 2.5477
1730 865.0 3.4937 5.6546 3.4937 0.9723 2.5514
1740 870.0 3.4698 8.4700 3.4698 1.0364 2.4461
1750 875.0 3.5058 4.4369 3.5058 0.9641 2.5972
1760 880.0 3.4458 11.8834 3.4458 1.0554 2.6780
1770 885.0 3.5618 0.7296 3.5618 0.9516 2.5398
1780 890.0 3.5319 2.3211 3.5319 1.0706 2.4030
1790 895.0 3.5437 1.5851 3.5437 0.9422 2.4831
1800 900.0 3.4577 10.1315 3.4577 1.0874 2.5667
1810 905.0 3.5345 2.1426 3.5345 0.9299 2.4869
1820 910.0 3.5808 0.1850 3.5808 1.1147 2.4133
1830 915.0 3.5743 0.3300 3.5743 0.9207 2.4776
1840 920.0 3.5225 3.0031 3.5225 1.0882 2.5508
1850 925.0 3.5231 2.9571 3.5231 0.9805 2.5166
1860 930.0 3.5776 0.2518 3.5776 1.0143 2.4088
1870 935.0 3.5777 0.2477 3.5777 0.9887 2.4074
1880 940.0 3.5810 0.1798 3.5810 1.0006 2.4774
1890 945.0 3.5088 4.1552 3.5088 1.0114 2.6027
1900 950.0 3.5099 4.0611 3.5099 0.9912 2.6408
1910 955.0 3.5949 0.0131 3.5949 1.0327 2.5469
1920 960.0 3.5351 2.1063 3.5351 0.9738 2.4881
1930 965.0 3.5964 0.0063 3.5964 1.0353 2.5607
1940 970.0 3.4519 10.9621 3.4519 0.9884 2.7021
1950 975.0 3.4812 7.0623 3.4812 1.0246 2.6509
1960 980.0 3.6036 0.0065 3.6036 0.9977 2.4503
1970 985.0 3.5782 0.2366 3.5782 0.9940 2.3830
1980 990.0 3.5783 0.2360 3.5783 1.0038 2.4507
1990 995.0 3.5530 1.1046 3.5530 0.9809 2.4441
2000 1000.0 3.5854 0.1069 3.5854 0.9979 2.3274
2010 1005.0 3.5887 0.0638 3.5887 0.9954 2.2978
2020 1010.0 3.5478 1.3647 3.5478 0.9891 2.3342
2030 1015.0 3.5270 2.6641 3.5270 1.0205 2.3453
2040 1020.0 3.5478 1.3636 3.5478 1.0179 2.3020
2050 1025.0 3.5555 0.9914 3.5555 0.9850 2.2550
2060 1030.0 3.5493 1.2876 3.5493 1.0045 2.2933
2070 1035.0 3.5260 2.7391 3.5260 0.9777 2.3433
2080 1040.0 3.5859 0.0992 3.5859 1.0079 2.3015
2090 1045.0 3.5760 0.2885 3.5760 0.9776 2.3310
2100 1050.0 3.5063 4.3929 3.5063 1.0082 2.4314
2110 1055.0 3.5028 4.7256 3.5028 0.9598 2.4455
2120 1060.0 3.5656 0.5930 3.5656 1.0144 2.3183
2130 1065.0 3.5629 0.6877 3.5629 0.9690 2.3000
2140 1070.0 3.5132 3.7688 3.5132 1.0332 2.3907
2150 1075.0 3.4603 9.7515 3.4603 0.9455 2.4543
2160 1080.0 3.5223 3.0175 3.5223 1.0203 2.3554
2170 1085.0 3.5610 0.7589 3.5610 0.9662 2.2255
2180 1090.0 3.5388 1.8749 3.5388 1.0079 2.1871
2190 1095.0 3.5628 0.6937 3.5628 0.9641 2.3095
2200 1100.0 3.4802 7.1711 3.4802 0.9860 2.4126
2210 1105.0 3.5444 1.5468 3.5444 1.0082 2.3575
2220 1110.0 3.5451 1.5063 3.5451 0.9896 2.2856
2230 1115.0 3.5693 0.4720 3.5693 1.0069 2.3642
2240 1120.0 3.5303 2.4307 3.5303 0.9833 2.4471
2250 1125.0 3.5029 4.7130 3.5029 1.0284 2.5006
2260 1130.0 3.4898 6.0751 3.4898 0.9994 2.5305
2270 1135.0 3.5264 2.7093 3.5264 0.9888 2.4897
2280 1140.0 3.5668 0.5495 3.5668 0.9699 2.4504
2290 1145.0 3.5732 0.3600 3.5732 1.0092 2.4437
2300 1150.0 3.5340 2.1788 3.5340 0.9817 2.5218
2310 1155.0 3.4941 5.6122 3.4941 1.0161 2.5882
2320 1160.0 3.5483 1.3345 3.5483 0.9806 2.5137
2330 1165.0 3.5465 1.4303 3.5465 1.0174 2.4260
2340 1170.0 3.5724 0.3799 3.5724 0.9952 2.4609
2350 1175.0 3.4851 6.5989 3.4851 1.0059 2.6163
2360 1180.0 3.5246 2.8461 3.5246 0.9893 2.5921
2370 1185.0 3.5936 0.0206 3.5936 1.0128 2.5086
2380 1190.0 3.5567 0.9382 3.5567 1.0124 2.5628
2390 1195.0 3.4896 6.0994 3.4896 0.9704 2.6343
2400 1200.0 3.5209 3.1286 3.5209 0.9935 2.5610
2410 1205.0 3.5654 0.5990 3.5654 0.9556 2.4574
2420 1210.0 3.5429 1.6291 3.5429 0.9967 2.4483
2430 1215.0 3.5186 3.3138 3.5186 0.9683 2.4972
2440 1220.0 3.5257 2.7574 3.5257 1.0241 2.4733
2450 1225.0 3.5284 2.5615 3.5284 0.9793 2.4385
2460 1230.0 3.5215 3.0821 3.5215 1.0378 2.5227
2470 1235.0 3.4675 8.7751 3.4675 0.9815 2.6516
2480 1240.0 3.5010 4.8956 3.5010 1.0054 2.5838
2490 1245.0 3.5034 4.6697 3.5034 1.0223 2.4878
2500 1250.0 3.4993 5.0725 3.4993 1.0224 2.5773
2510 1255.0 3.4859 6.5067 3.4859 0.9870 2.5977
2520 1260.0 3.5015 4.8522 3.5015 1.0154 2.4556
2530 1265.0 3.5048 4.5289 3.5048 0.9984 2.4638
2540 1270.0 3.4311 14.2656 3.4311 0.9969 2.5898
2550 1275.0 3.4776 7.4878 3.4776 0.9815 2.5444
2560 1280.0 3.4795 7.2616 3.4795 1.0154 2.4352
2570 1285.0 3.5063 4.3891 3.5063 0.9800 2.5243
2580 1290.0 3.4183 16.5071 3.4183 1.0009 2.6827
2590 1295.0 3.5025 4.7507 3.5025 0.9746 2.5941
2600 1300.0 3.5031 4.6915 3.5031 1.0555 2.4869
2610 1305.0 3.4967 5.3358 3.4967 1.0161 2.6000
2620 1310.0 3.4511 11.0859 3.4511 0.9962 2.6280
2630 1315.0 3.4996 5.0413 3.4996 1.0446 2.4804
2640 1320.0 3.5150 3.6154 3.5150 0.9692 2.5412
2650 1325.0 3.4775 7.5076 3.4775 1.0228 2.6405
2660 1330.0 3.5331 2.2376 3.5331 0.9932 2.5523
2670 1335.0 3.5229 2.9698 3.5229 1.0195 2.4833
2680 1340.0 3.4951 5.5017 3.4951 0.9879 2.5915
2690 1345.0 3.5209 3.1313 3.5209 1.0022 2.5511
2700 1350.0 3.4941 5.6051 3.4941 0.9846 2.4273
2710 1355.0 3.5325 2.2755 3.5325 1.0080 2.5118
2720 1360.0 3.4506 11.1670 3.4506 0.9883 2.6037
2730 1365.0 3.5325 2.2756 3.5325 1.0125 2.5039
2740 1370.0 3.5265 2.6980 3.5265 0.9920 2.5089
2750 1375.0 3.4986 5.1365 3.4986 1.0092 2.5299
2760 1380.0 3.5258 2.7498 3.5258 0.9923 2.4669
2770 1385.0 3.4950 5.5122 3.4950 0.9924 2.5174
2780 1390.0 3.5164 3.4937 3.5164 0.9959 2.4985
2790 1395.0 3.5172 3.4250 3.5172 0.9970 2.4927
2800 1400.0 3.4682 8.6800 3.4682 0.9963 2.5707
2810 1405.0 3.4845 6.6739 3.4845 0.9789 2.5105
2820 1410.0 3.4921 5.8261 3.4921 0.9975 2.4888
2830 1415.0 3.4554 10.4519 3.4554 0.9998 2.5494
2840 1420.0 3.4899 6.0625 3.4899 1.0042 2.4846
2850 1425.0 3.5061 4.4113 3.5061 0.9910 2.4633
2860 1430.0 3.5138 3.7129 3.5138 1.0004 2.4594
2870 1435.0 3.5211 3.1105 3.5211 0.9975 2.4600
2880 1440.0 3.5524 1.1342 3.5524 0.9950 2.4336
2890 1445.0 3.5662 0.5702 3.5662 1.0015 2.4092
2900 1450.0 3.5464 1.4344 3.5464 0.9895 2.4624
2910 1455.0 3.5237 2.9138 3.5237 1.0001 2.4882
2920 1460.0 3.5546 1.0290 3.5546 0.9798 2.4529
2930 1465.0 3.5720 0.3912 3.5720 1.0133 2.4480
2940 1470.0 3.5460 1.4574 3.5460 0.9621 2.4820
2950 1475.0 3.5545 1.0363 3.5545 1.0286 2.4818
2960 1480.0 3.5478 1.3642 3.5478 0.9729 2.4928
2970 1485.0 3.5478 1.3625 3.5478 1.0153 2.5099
2980 1490.0 3.5371 1.9788 3.5371 0.9842 2.5233
2990 1495.0 3.5249 2.8186 3.5249 1.0167 2.5621
3000 1500.0 3.5144 3.6671 3.5144 0.9888 2.5862
3010 1505.0 3.4994 5.0636 3.4994 1.0099 2.6245
3020 1510.0 3.4895 6.1085 3.4895 0.9629 2.6562
3030 1515.0 3.4822 6.9375 3.4822 0.9940 2.6483
3040 1520.0 3.4743 7.8996 3.4743 0.9759 2.6825
3050 1525.0 3.4606 9.7225 3.4606 0.9742 2.6908
3060 1530.0 3.4532 10.7787 3.4532 0.9875 2.7252
3070 1535.0 3.4471 11.6880 3.4471 0.9698 2.7135
3080 1540.0 3.4483 11.5080 3.4483 0.9983 2.7134
3090 1545.0 3.4573 10.1764 3.4573 0.9690 2.6389
3100 1550.0 3.4622 9.4881 3.4622 1.0231 2.5844
3110 1555.0 3.4870 6.3793 3.4870 0.9689 2.5286
3120 1560.0 3.5030 4.7044 3.5030 1.0196 2.4509
3130 1565.0 3.5223 3.0186 3.5223 0.9617 2.4244
3140 1570.0 3.5058 4.4383 3.5058 1.0188 2.4389
3150 1575.0 3.5342 2.1624 3.5342 0.9659 2.3906
3160 1580.0 3.5310 2.3820 3.5310 1.0020 2.4045
3170 1585.0 3.5161 3.5197 3.5161 0.9762 2.4448
3180 1590.0 3.5241 2.8781 3.5241 1.0028 2.4265
3190 1595.0 3.4657 9.0230 3.4657 0.9769 2.5595
3200 1600.0 3.5019 4.8072 3.5019 1.0093 2.5434
3210 1605.0 3.4597 9.8475 3.4597 0.9781 2.4646
3220 1610.0 3.4762 7.6658 3.4762 1.0236 2.6110
3230 1615.0 3.4776 7.4962 3.4776 0.9620 2.5903
3240 1620.0 3.4600 9.8003 3.4600 1.0403 2.4468
3250 1625.0 3.4772 7.5445 3.4772 0.9489 2.5896
3260 1630.0 3.4342 13.7489 3.4342 0.9990 2.6358
3270 1635.0 3.4630 9.3835 3.4630 0.9952 2.4720
3280 1640.0 3.4795 7.2545 3.4795 1.0095 2.4897
3290 1645.0 3.3772 24.8134 3.3772 0.9751 2.6640
3300 1650.0 3.4965 5.3556 3.4965 0.9981 2.4656
3310 1655.0 3.4597 9.8466 3.4597 1.0164 2.3456
3320 1660.0 3.5094 4.1018 3.5094 0.9830 2.5672
3330 1665.0 3.4594 9.8780 3.4594 0.9702 2.6586
3340 1670.0 3.4919 5.8380 3.4919 0.9988 2.4979
3350 1675.0 3.4783 7.3995 3.4783 0.9994 2.5131
3360 1680.0 3.4587 9.9885 3.4587 1.0009 2.7775
3370 1685.0 3.4850 6.6141 3.4850 0.9790 2.7739
3380 1690.0 3.4852 6.5853 3.4852 1.0513 2.6404
3390 1695.0 3.5466 1.4244 3.5466 1.0228 2.7664
3400 1700.0 3.4860 6.5005 3.4860 0.9708 2.8778
3410 1705.0 3.5246 2.8425 3.5246 1.0447 2.7598
3420 1710.0 3.4523 10.9148 3.4523 0.9659 2.7081
3430 1715.0 3.5055 4.4682 3.5055 1.0228 2.8682
3440 1720.0 3.4917 5.8686 3.4917 0.9406 2.8636
3450 1725.0 3.5491 1.2967 3.5491 1.0321 2.7256
3460 1730.0 3.4918 5.8491 3.4918 0.9705 2.6620
3470 1735.0 3.4827 6.8800 3.4827 1.0504 2.8132
3480 1740.0 3.4888 6.1840 3.4888 0.9485 2.8053
3490 1745.0 3.4952 5.4958 3.4952 1.0552 2.6808
3500 1750.0 3.4947 5.5465 3.4947 0.9681 2.6949
3510 1755.0 3.4536 10.7144 3.4536 1.0216 2.7652
3520 1760.0 3.4761 7.6793 3.4761 0.9858 2.6643
3530 1765.0 3.4646 9.1662 3.4646 1.0172 2.5514
3540 1770.0 3.4666 8.9004 3.4666 0.9949 2.5450
3550 1775.0 3.4443 12.1169 3.4443 0.9866 2.6102
3560 1780.0 3.4537 10.6983 3.4537 1.0138 2.5969
3570 1785.0 3.4617 9.5697 3.4617 0.9913 2.5090
3580 1790.0 3.4748 7.8333 3.4748 1.0228 2.4648
3590 1795.0 3.4907 5.9717 3.4907 1.0300 2.5217
3600 1800.0 3.4592 9.9068 3.4592 0.9834 2.6004
3610 1805.0 3.4934 5.6866 3.4934 1.0436 2.5468
3620 1810.0 3.5319 2.3198 3.5319 0.9688 2.4129
3630 1815.0 3.5392 1.8492 3.5392 1.0425 2.3736
3640 1820.0 3.4902 6.0329 3.4902 0.9567 2.5548
3650 1825.0 3.4701 8.4421 3.4701 1.0030 2.5840
3660 1830.0 3.5577 0.8958 3.5577 0.9947 2.5034
3670 1835.0 3.5306 2.4089 3.5306 0.9863 2.5031
3680 1840.0 3.5118 3.8864 3.5118 0.9974 2.5760
3690 1845.0 3.5026 4.7395 3.5026 0.9567 2.5967
3700 1850.0 3.4746 7.8644 3.4746 1.0146 2.5723
3710 1855.0 3.5009 4.9140 3.5009 0.9470 2.5147
3720 1860.0 3.4888 6.1793 3.4888 1.0060 2.4765
3730 1865.0 3.4944 5.5748 3.4944 0.9369 2.5323
3740 1870.0 3.4786 7.3695 3.4786 1.0021 2.5304
3750 1875.0 3.5279 2.6014 3.5279 0.9688 2.4935
3760 1880.0 3.5295 2.4886 3.5295 0.9964 2.5197
3770 1885.0 3.5427 1.6418 3.5427 0.9817 2.5237
3780 1890.0 3.5668 0.5506 3.5668 0.9818 2.5014
3790 1895.0 3.5323 2.2897 3.5323 1.0073 2.5299
3800 1900.0 3.4966 5.3462 3.4966 0.9750 2.5544
3810 1905.0 3.5755 0.3011 3.5755 1.0244 2.4284
3820 1910.0 3.6054 0.0145 3.6054 0.9692 2.3377
3830 1915.0 3.6121 0.0729 3.6121 1.0256 2.2668
3840 1920.0 3.6149 0.1107 3.6149 0.9566 2.2816
3850 1925.0 3.6066 0.0217 3.6066 1.0246 2.2976
3860 1930.0 3.5444 1.5442 3.5444 0.9372 2.3977
3870 1935.0 3.5067 4.3534 3.5067 1.0398 2.4287
3880 1940.0 3.5387 1.8780 3.5387 0.9463 2.4235
3890 1945.0 3.5493 1.2846 3.5493 1.0466 2.4098
3900 1950.0 3.5483 1.3343 3.5483 0.9460 2.4377
3910 1955.0 3.5718 0.3974 3.5718 1.0397 2.4196
3920 1960.0 3.5627 0.6956 3.5627 0.9764 2.4581
3930 1965.0 3.5064 4.3845 3.5064 1.0129 2.5168
3940 1970.0 3.5378 1.9351 3.5378 0.9704 2.4859
3950 1975.0 3.5484 1.3295 3.5484 0.9981 2.4360
3960 1980.0 3.5246 2.8421 3.5246 0.9836 2.4972
3970 1985.0 3.5009 4.9062 3.5009 1.0039 2.5105
3980 1990.0 3.5668 0.5522 3.5668 0.9697 2.3856
3990 1995.0 3.5411 1.7327 3.5411 0.9965 2.3237
4000 2000.0 3.5154 3.5744 3.5154 0.9740 2.4379
4010 2005.0 3.4581 10.0682 3.4581 1.0029 2.5080
4020 2010.0 3.5118 3.8912 3.5118 0.9850 2.4453
4030 2015.0 3.4951 5.5001 3.4951 1.0095 2.3706
4040 2020.0 3.4862 6.4748 3.4862 0.9794 2.4410
4050 2025.0 3.4512 11.0635 3.4512 1.0153 2.4631
4060 2030.0 3.5017 4.8353 3.5017 0.9675 2.4085
4070 2035.0 3.5065 4.3700 3.5065 1.0010 2.4159
4080 2040.0 3.4972 5.2841 3.4972 0.9684 2.4724
4090 2045.0 3.5164 3.4905 3.5164 0.9896 2.4703
4100 2050.0 3.5036 4.6440 3.5036 0.9820 2.4671
4110 2055.0 3.4631 9.3732 3.4631 0.9925 2.5829
4120 2060.0 3.5073 4.2977 3.5073 0.9855 2.5430
4130 2065.0 3.5243 2.8658 3.5243 1.0045 2.5224
4140 2070.0 3.4527 10.8499 3.4527 0.9762 2.6525
4150 2075.0 3.5284 2.5661 3.5284 0.9921 2.5683
4160 2080.0 3.5010 4.9004 3.5010 0.9822 2.4942
4170 2085.0 3.5266 2.6950 3.5266 0.9930 2.5800
4180 2090.0 3.4951 5.5019 3.4951 0.9704 2.6410
4190 2095.0 3.5075 4.2821 3.5075 1.0082 2.5598
4200 2100.0 3.4848 6.6356 3.4848 0.9297 2.5821
4210 2105.0 3.4303 14.3988 3.4303 1.0380 2.7269
4220 2110.0 3.4675 8.7813 3.4675 0.9176 2.6890
4230 2115.0 3.4484 11.4922 3.4484 1.0488 2.6609
4240 2120.0 3.4749 7.8266 3.4749 0.9329 2.6538
4250 2125.0 3.4585 10.0172 3.4585 1.0750 2.6514
4260 2130.0 3.4899 6.0566 3.4899 0.9190 2.6339
4270 2135.0 3.4692 8.5504 3.4692 1.0577 2.6639
4280 2140.0 3.4952 5.4883 3.4952 0.9355 2.6470
4290 2145.0 3.4734 8.0094 3.4734 1.0287 2.6616
4300 2150.0 3.4755 7.7562 3.4755 0.9528 2.7217
4310 2155.0 3.4850 6.6089 3.4850 0.9836 2.6835
4320 2160.0 3.4849 6.6198 3.4849 1.0007 2.6955
4330 2165.0 3.4760 7.6873 3.4760 0.9638 2.7803
4340 2170.0 3.4839 6.7377 3.4839 1.0144 2.7435
4350 2175.0 3.4987 5.1336 3.4987 0.9359 2.7705
4360 2180.0 3.4835 6.7884 3.4835 1.0351 2.7039
4370 2185.0 3.5029 4.7159 3.5029 0.9315 2.6899
4380 2190.0 3.4923 5.8005 3.4923 1.0297 2.6109
4390 2195.0 3.5003 4.9742 3.5003 0.9401 2.6215
4400 2200.0 3.5077 4.2632 3.5077 1.0193 2.5918
4410 2205.0 3.5167 3.4679 3.5167 0.9619 2.6106
4420 2210.0 3.5168 3.4576 3.5168 0.9918 2.6020
4430 2215.0 3.4884 6.2321 3.4884 0.9898 2.6593
4440 2220.0 3.5219 3.0489 3.5219 0.9701 2.6367
4450 2225.0 3.5026 4.7428 3.5026 1.0060 2.6191
4460 2230.0 3.4975 5.2496 3.4975 0.9643 2.6968
4470 2235.0 3.4910 5.9451 3.4910 0.9946 2.6729
4480 2240.0 3.4897 6.0816 3.4897 0.9616 2.6963
4490 2245.0 3.4716 8.2475 3.4716 0.9968 2.7870
4500 2250.0 3.4812 7.0540 3.4812 0.9552 2.7599
4510 2255.0 3.4653 9.0740 3.4653 1.0056 2.6737
4520 2260.0 3.4769 7.5828 3.4769 0.9508 2.7176
4530 2265.0 3.4675 8.7753 3.4675 0.9911 2.7678
4540 2270.0 3.4641 9.2407 3.4641 0.9687 2.7284
4550 2275.0 3.4616 9.5828 3.4616 0.9982 2.6991
4560 2280.0 3.4685 8.6480 3.4685 0.9954 2.6197
4570 2285.0 3.4493 11.3554 3.4493 0.9795 2.6491
4580 2290.0 3.4545 10.5822 3.4545 0.9864 2.6044
4590 2295.0 3.4833 6.8054 3.4833 0.9736 2.5417
4600 2300.0 3.4890 6.1589 3.4890 0.9879 2.5232
4610 2305.0 3.5120 3.8711 3.5120 0.9618 2.4863
4620 2310.0 3.4899 6.0559 3.4899 1.0089 2.5156
4630 2315.0 3.4931 5.7085 3.4931 0.9535 2.5240
4640 2320.0 3.4868 6.4120 3.4868 1.0271 2.5350
4650 2325.0 3.4801 7.1926 3.4801 0.9647 2.5639
4660 2330.0 3.4690 8.5771 3.4690 1.0323 2.5724
4670 2335.0 3.4713 8.2799 3.4713 0.9520 2.5927
4680 2340.0 3.5000 4.9984 3.5000 1.0601 2.5220
4690 2345.0 3.4964 5.3660 3.4964 0.9429 2.5853
4700 2350.0 3.4466 11.7623 3.4466 1.0507 2.6208
4710 2355.0 3.4837 6.7592 3.4837 0.9640 2.4921
4720 2360.0 3.4777 7.4765 3.4777 1.0109 2.5070
4730 2365.0 3.4708 8.3498 3.4708 0.9591 2.6061
4740 2370.0 3.4892 6.1352 3.4892 1.0135 2.5747
4750 2375.0 3.4678 8.7419 3.4678 0.9682 2.4642
4760 2380.0 3.4953 5.4766 3.4953 0.9984 2.5854
4770 2385.0 3.4214 15.9423 3.4214 0.9556 2.6920
4780 2390.0 3.4884 6.2304 3.4884 1.0175 2.5794
4790 2395.0 3.4865 6.4452 3.4865 0.9795 2.4900
4800 2400.0 3.4745 7.8757 3.4745 1.0146 2.5649
4810 2405.0 3.4274 14.8991 3.4274 0.9564 2.6650
4820 2410.0 3.4729 8.0835 3.4729 1.0157 2.5029
4830 2415.0 3.4296 14.5126 3.4296 0.9596 2.4061
4840 2420.0 3.4587 9.9835 3.4587 1.0126 2.5293
4850 2425.0 3.4328 13.9739 3.4328 0.9525 2.5901
4860 2430.0 3.4755 7.7558 3.4755 1.0181 2.4257
4870 2435.0 3.4698 8.4709 3.4698 0.9603 2.4056
4880 2440.0 3.4307 14.3286 3.4307 1.0312 2.5705
4890 2445.0 3.4143 17.2485 3.4143 0.9373 2.6542
4900 2450.0 3.4982 5.1781 3.4982 1.0523 2.4726
4910 2455.0 3.5157 3.5563 3.5157 0.9432 2.3737
4920 2460.0 3.5311 2.3703 3.5311 1.0417 2.3952
4930 2465.0 3.4721 8.1804 3.4721 0.9619 2.5436
4940 2470.0 3.4739 7.9493 3.4739 1.0232 2.5040
4950 2475.0 3.5352 2.0978 3.5352 0.9698 2.4207
4960 2480.0 3.4915 5.8836 3.4915 1.0415 2.4541
4970 2485.0 3.4264 15.0686 3.4264 0.9866 2.5692
4980 2490.0 3.5121 3.8633 3.5121 1.0391 2.4247
4990 2495.0 3.5356 2.0712 3.5356 0.9854 2.3371
5000 2500.0 3.5384 1.8956 3.5384 1.0287 2.3871
5010 2505.0 3.4894 6.1164 3.4894 1.0232 2.4780
5020 2510.0 3.5561 0.9638 3.5561 0.9921 2.4307
5030 2515.0 3.5482 1.3408 3.5482 1.0325 2.3894
5040 2520.0 3.5171 3.4346 3.5171 0.9886 2.4805
5050 2525.0 3.4692 8.5523 3.4692 1.0381 2.5220
5060 2530.0 3.5397 1.8193 3.5397 0.9936 2.4245
5070 2535.0 3.5466 1.4279 3.5466 1.0102 2.3662
5080 2540.0 3.5373 1.9634 3.5373 1.0574 2.4596
5090 2545.0 3.4374 13.2163 3.4374 0.9568 2.6289
5100 2550.0 3.4749 7.8264 3.4749 1.0444 2.5853
5110 2555.0 3.5937 0.0197 3.5937 1.0016 2.3872
5120 2560.0 3.5218 3.0563 3.5218 1.0082 2.3088
5130 2565.0 3.5962 0.0070 3.5962 1.0168 2.4442
5140 2570.0 3.4442 12.1362 3.4442 1.0324 2.6290
5150 2575.0 3.4980 5.2035 3.4980 0.9992 2.5503
5160 2580.0 3.5754 0.3016 3.5754 1.0342 2.3596
5170 2585.0 3.5464 1.4356 3.5464 0.9857 2.3751
5180 2590.0 3.4896 6.0910 3.4896 1.0196 2.5179
5190 2595.0 3.5032 4.6876 3.5032 1.0259 2.5050
5200 2600.0 3.5541 1.0555 3.5541 0.9961 2.4253
5210 2605.0 3.5466 1.4278 3.5466 1.0178 2.4867
5220 2610.0 3.5163 3.5024 3.5163 0.9933 2.5266
5230 2615.0 3.5852 0.1101 3.5852 1.0581 2.4082
5240 2620.0 3.5825 0.1530 3.5825 0.9625 2.4666
5250 2625.0 3.4882 6.2460 3.4882 1.0702 2.5703
5260 2630.0 3.5622 0.7142 3.5622 1.0486 2.4898
5270 2635.0 3.5491 1.2970 3.5491 0.9893 2.3592
5280 2640.0 3.5977 0.0025 3.5977 1.0984 2.4168
5290 2645.0 3.4693 8.5452 3.4693 1.0143 2.5991
5300 2650.0 3.5351 2.1060 3.5351 1.0063 2.5330
5310 2655.0 3.5593 0.8273 3.5593 1.1282 2.3290
5320 2660.0 3.5338 2.1917 3.5338 0.9731 2.3766
5330 2665.0 3.5063 4.3915 3.5063 1.0679 2.6272
5340 2670.0 3.4741 7.9315 3.4741 1.0603 2.6934
5350 2675.0 3.5705 0.4361 3.5705 0.9896 2.5020
5360 2680.0 3.5922 0.0301 3.5922 1.1958 2.4616
5370 2685.0 3.5308 2.3978 3.5308 1.0384 2.6836
5380 2690.0 3.4018 19.6457 3.4018 0.9965 2.8393
5390 2695.0 3.5439 1.5725 3.5439 1.0793 2.6341
5400 2700.0 3.4511 11.0907 3.4511 1.0000 2.3571
5410 2705.0 3.5619 0.7255 3.5619 1.0464 2.4662
5420 2710.0 3.4435 12.2440 3.4435 1.0852 2.7695
5430 2715.0 3.4329 13.9627 3.4329 0.9498 2.7715
5440 2720.0 3.6187 0.1754 3.6187 1.1199 2.5092
5450 2725.0 3.6054 0.0146 3.6054 1.1651 2.3903
5460 2730.0 3.6133 0.0879 3.6133 0.9419 2.5400
5470 2735.0 3.5009 4.9103 3.5009 1.1334 2.6569
5480 2740.0 3.5722 0.3855 3.5722 1.2633 2.5773
5490 2745.0 3.6367 0.6722 3.6367 1.1095 2.5022
5500 2750.0 3.5159 3.5351 3.5159 0.9706 2.6155
5510 2755.0 3.5559 0.9737 3.5559 1.1583 2.5959
5520 2760.0 3.5699 0.4520 3.5699 1.0272 2.5767
5530 2765.0 3.5195 3.2414 3.5195 1.1724 2.6421
5540 2770.0 3.5041 4.6031 3.5041 0.9454 2.6489
5550 2775.0 3.6294 0.4335 3.6294 1.2176 2.5076
5560 2780.0 3.6335 0.5617 3.6335 1.2332 2.5518
5570 2785.0 3.5275 2.6255 3.5275 1.1559 2.7070
5580 2790.0 3.5378 1.9339 3.5378 0.9769 2.6956
5590 2795.0 3.5634 0.6715 3.5634 1.1024 2.5742
5600 2800.0 3.5849 0.1138 3.5849 1.1181 2.6362
5610 2805.0 3.5103 4.0264 3.5103 1.0150 2.7127
5620 2810.0 3.5612 0.7536 3.5612 1.0631 2.5690
5630 2815.0 3.5204 3.1702 3.5204 1.1645 2.4743
5640 2820.0 3.5544 1.0402 3.5544 1.1115 2.5850
5650 2825.0 3.5174 3.4154 3.5174 1.0323 2.5885
5660 2830.0 3.5064 4.3809 3.5064 1.0194 2.5588
5670 2835.0 3.5028 4.7228 3.5028 1.0707 2.6036
5680 2840.0 3.4656 9.0349 3.4656 0.9648 2.5902
5690 2845.0 3.4911 5.9260 3.4911 1.0700 2.6237
5700 2850.0 3.4828 6.8662 3.4828 0.9912 2.5927
5710 2855.0 3.4784 7.3930 3.4784 1.0423 2.6837
5720 2860.0 3.4982 5.1834 3.4982 0.9802 2.6040
5730 2865.0 3.5099 4.0573 3.5099 1.0806 2.6626
5740 2870.0 3.5051 4.5071 3.5051 0.9845 2.6897
5750 2875.0 3.5552 1.0023 3.5552 1.0531 2.6195
5760 2880.0 3.5332 2.2313 3.5332 1.1125 2.6818
5770 2885.0 3.5439 1.5751 3.5439 1.0571 2.6807
5780 2890.0 3.5587 0.8528 3.5587 1.0260 2.6564
5790 2895.0 3.5552 1.0049 3.5552 1.1143 2.6688
5800 2900.0 3.5500 1.2513 3.5500 1.1302 2.6320
5810 2905.0 3.5220 3.0390 3.5220 1.0248 2.6651
5820 2910.0 3.4763 7.6480 3.4763 1.0214 2.7728
5830 2915.0 3.4901 6.0359 3.4901 1.0371 2.6817
5840 2920.0 3.4777 7.4773 3.4777 1.0925 2.7146
5850 2925.0 3.4757 7.7273 3.4757 0.9986 2.7589
5860 2930.0 3.4945 5.5670 3.4945 1.0794 2.7648
5870 2935.0 3.4826 6.8866 3.4826 1.0577 2.7567
5880 2940.0 3.4742 7.9175 3.4742 1.0116 2.7581
5890 2945.0 3.4982 5.1816 3.4982 1.1369 2.7725
5900 2950.0 3.4662 8.9517 3.4662 1.0609 2.6635
5910 2955.0 3.4796 7.2460 3.4796 0.9968 2.7336
5920 2960.0 3.4344 13.7132 3.4344 1.0720 2.8504
5930 2965.0 3.4678 8.7320 3.4678 1.0453 2.6809
5940 2970.0 3.4932 5.6995 3.4932 1.0665 2.6654
5950 2975.0 3.4716 8.2381 3.4716 1.0980 2.7924
5960 2980.0 3.5311 2.3733 3.5311 1.0094 2.7001
5970 2985.0 3.5402 1.7852 3.5402 1.0752 2.6447
5980 2990.0 3.5278 2.6088 3.5278 1.0563 2.7005
5990 2995.0 3.5249 2.8176 3.5249 0.9995 2.6667
6000 3000.0 3.5239 2.8939 3.5239 1.0348 2.6749
6010 3005.0 3.5215 3.0783 3.5215 0.9996 2.6884
6020 3010.0 3.5216 3.0771 3.5216 1.0507 2.6431
6030 3015.0 3.5068 4.3458 3.5068 0.9737 2.6922
6040 3020.0 3.5284 2.5600 3.5284 1.0490 2.6762
6050 3025.0 3.4952 5.4922 3.4952 0.9862 2.7145
6060 3030.0 3.4962 5.3827 3.4962 1.0291 2.7170
6070 3035.0 3.5055 4.4621 3.5055 1.0550 2.6930
6080 3040.0 3.4809 7.0965 3.4809 0.9728 2.7732
6090 3045.0 3.4865 6.4451 3.4865 1.0416 2.7265
6100 3050.0 3.4794 7.2735 3.4794 1.0061 2.7506
6110 3055.0 3.4836 6.7761 3.4836 1.0273 2.6863
6120 3060.0 3.4636 9.3018 3.4636 1.0096 2.6940
6130 3065.0 3.4474 11.6434 3.4474 1.0224 2.6660
6140 3070.0 3.4811 7.0740 3.4811 0.9942 2.5203
6150 3075.0 3.4858 6.5231 3.4858 1.0459 2.5715
6160 3080.0 3.4681 8.6958 3.4681 0.9729 2.5616
6170 3085.0 3.5165 3.4877 3.5165 1.0980 2.4020
6180 3090.0 3.4977 5.2377 3.4977 0.9555 2.4548
6190 3095.0 3.4705 8.3885 3.4705 1.1121 2.4602
6200 3100.0 3.5286 2.5511 3.5286 1.0301 2.3527
6210 3105.0 3.5226 2.9937 3.5226 1.0140 2.3250
6220 3110.0 3.4637 9.2899 3.4637 1.0725 2.4216
6230 3115.0 3.5064 4.3818 3.5064 1.0071 2.4218
6240 3120.0 3.5636 0.6624 3.5636 1.0206 2.3985
6250 3125.0 3.5559 0.9736 3.5559 1.0038 2.4603
6260 3130.0 3.5396 1.8268 3.5396 0.9924 2.4947
6270 3135.0 3.5444 1.5476 3.5444 1.0426 2.4720
6280 3140.0 3.5486 1.3210 3.5486 0.9574 2.4715
6290 3145.0 3.4953 5.4824 3.4953 1.0496 2.5232
6300 3150.0 3.5352 2.1014 3.5352 0.9627 2.4884
6310 3155.0 3.5598 0.8091 3.5598 1.0482 2.4261
6320 3160.0 3.5608 0.7683 3.5608 0.9750 2.4169
6330 3165.0 3.5561 0.9633 3.5561 1.0364 2.4538
6340 3170.0 3.5435 1.5969 3.5435 0.9963 2.4991
6350 3175.0 3.5525 1.1297 3.5525 1.0190 2.5025
6360 3180.0 3.5679 0.5163 3.5679 1.0146 2.5053
6370 3185.0 3.5530 1.1051 3.5530 0.9983 2.5520
6380 3190.0 3.5438 1.5767 3.5438 1.0137 2.5829
6390 3195.0 3.5665 0.5597 3.5665 0.9731 2.5396
6400 3200.0 3.5657 0.5866 3.5657 1.0383 2.4933
6410 3205.0 3.5640 0.6472 3.5640 0.9628 2.5875
6420 3210.0 3.4949 5.5271 3.4949 1.0271 2.6513
6430 3215.0 3.5577 0.8960 3.5577 0.9836 2.5206
6440 3220.0 3.5220 3.0413 3.5220 1.0251 2.4070
6450 3225.0 3.5420 1.6814 3.5420 0.9957 2.5562
6460 3230.0 3.4504 11.1827 3.4504 0.9979 2.6556
6470 3235.0 3.5739 0.3397 3.5739 0.9885 2.4934
6480 3240.0 3.5065 4.3713 3.5065 1.0022 2.3823
6490 3245.0 3.5750 0.3130 3.5750 1.0033 2.5075
6500 3250.0 3.4882 6.2475 3.4882 0.9975 2.6508
6510 3255.0 3.5498 1.2578 3.5498 1.0266 2.5381
6520 3260.0 3.5034 4.6694 3.5034 1.0326 2.4956
6530 3265.0 3.4837 6.7664 3.4837 0.9882 2.6883
6540 3270.0 3.5051 4.4991 3.5051 1.0615 2.6684
6550 3275.0 3.5132 3.7695 3.5132 0.9874 2.5034
6560 3280.0 3.5419 1.6865 3.5419 1.0032 2.5530
6570 3285.0 3.4288 14.6466 3.4288 1.0167 2.7110
6580 3290.0 3.5048 4.5344 3.5048 0.9873 2.6275
6590 3295.0 3.5528 1.1149 3.5528 1.0358 2.4622
6600 3300.0 3.5514 1.1814 3.5514 0.9983 2.5283
6610 3305.0 3.4614 9.6032 3.4614 1.0250 2.6166
6620 3310.0 3.5559 0.9706 3.5559 0.9800 2.4745
6630 3315.0 3.5117 3.8965 3.5117 1.0605 2.3206
6640 3320.0 3.4954 5.4662 3.4954 0.9748 2.3882
6650 3325.0 3.4843 6.6942 3.4843 1.0385 2.5858
6660 3330.0 3.5006 4.9385 3.5006 0.9628 2.5932
6670 3335.0 3.5026 4.7419 3.5026 1.0572 2.4722
6680 3340.0 3.5121 3.8668 3.5121 0.9697 2.5639
6690 3345.0 3.4620 9.5254 3.4620 1.0327 2.6577
6700 3350.0 3.5405 1.7724 3.5405 0.9950 2.5350
6710 3355.0 3.5341 2.1702 3.5341 1.0137 2.4717
6720 3360.0 3.5509 1.2052 3.5509 1.0443 2.5945
6730 3365.0 3.4671 8.8317 3.4671 0.9860 2.7399
6740 3370.0 3.5331 2.2351 3.5331 1.0398 2.6558
6750 3375.0 3.5357 2.0688 3.5357 1.0026 2.5156
6760 3380.0 3.5538 1.0693 3.5538 1.0171 2.5806
6770 3385.0 3.4910 5.9393 3.4910 1.0102 2.7327
6780 3390.0 3.5231 2.9540 3.5231 0.9826 2.6815
6790 3395.0 3.5437 1.5866 3.5437 1.0160 2.5417
6800 3400.0 3.5189 3.2890 3.5189 0.9838 2.5554
6810 3405.0 3.4969 5.3120 3.4969 0.9820 2.6680
6820 3410.0 3.5317 2.3332 3.5317 1.0059 2.6217
6830 3415.0 3.5138 3.7132 3.5138 0.9887 2.5306
6840 3420.0 3.5258 2.7512 3.5258 1.0148 2.5832
6850 3425.0 3.5153 3.5907 3.5153 0.9727 2.6598
6860 3430.0 3.5540 1.0564 3.5540 1.0168 2.6026
6870 3435.0 3.5507 1.2171 3.5507 0.9928 2.6392
6880 3440.0 3.5461 1.4522 3.5461 1.0214 2.6750
6890 3445.0 3.5472 1.3945 3.5472 1.0299 2.6287
6900 3450.0 3.5393 1.8400 3.5393 0.9792 2.6289
6910 3455.0 3.5113 3.9348 3.5113 1.0367 2.6811
6920 3460.0 3.5257 2.7602 3.5257 0.9650 2.6796
6930 3465.0 3.5396 1.8239 3.5396 1.0815 2.5933
6940 3470.0 3.5448 1.5239 3.5448 1.0078 2.5520
6950 3475.0 3.5495 1.2759 3.5495 1.0097 2.5828
6960 3480.0 3.4755 7.7493 3.4755 1.0716 2.6659
6970 3485.0 3.5438 1.5779 3.5438 0.9489 2.5733
6980 3490.0 3.5112 3.9424 3.5112 1.1065 2.3780
6990 3495.0 3.5780 0.2420 3.5780 0.9558 2.5118
7000 3500.0 3.4530 10.7980 3.4530 1.0705 2.6507
7010 3505.0 3.5145 3.6537 3.5145 1.0184 2.5908
7020 3510.0 3.5914 0.0371 3.5914 1.0067 2.4846
7030 3515.0 3.5800 0.2001 3.5800 1.0560 2.5189
7040 3520.0 3.4747 7.8480 3.4747 0.9733 2.6281
7050 3525.0 3.5420 1.6846 3.5420 1.0679 2.5364
7060 3530.0 3.5813 0.1752 3.5813 0.9439 2.4379
7070 3535.0 3.5675 0.5266 3.5675 1.0627 2.3937
7080 3540.0 3.4902 6.0250 3.4902 0.9842 2.5748
7090 3545.0 3.4790 7.3164 3.4790 1.0075 2.5732
7100 3550.0 3.5605 0.7819 3.5605 1.0152 2.3619
7110 3555.0 3.5136 3.7327 3.5136 0.9775 2.2972
7120 3560.0 3.5911 0.0394 3.5911 1.0199 2.4149
7130 3565.0 3.4822 6.9328 3.4822 0.9959 2.5674
7140 3570.0 3.5160 3.5242 3.5160 0.9921 2.5377
7150 3575.0 3.5900 0.0500 3.5900 1.0009 2.4436
7160 3580.0 3.5769 0.2660 3.5769 0.9997 2.4591
7170 3585.0 3.5523 1.1364 3.5523 1.0089 2.4856
7180 3590.0 3.5689 0.4843 3.5689 1.0153 2.4614
7190 3595.0 3.5647 0.6214 3.5647 1.0013 2.4647
7200 3600.0 3.4825 6.8989 3.4825 1.0266 2.5524
7210 3605.0 3.5216 3.0704 3.5216 0.9930 2.5314
7220 3610.0 3.5350 2.1155 3.5350 1.0097 2.4796
7230 3615.0 3.5073 4.3011 3.5073 1.0144 2.5621
7240 3620.0 3.5130 3.7879 3.5130 0.9863 2.5664
7250 3625.0 3.5436 1.5904 3.5436 1.0073 2.5038
7260 3630.0 3.5426 1.6483 3.5426 0.9917 2.4781
7270 3635.0 3.5350 2.1112 3.5350 1.0115 2.5108
7280 3640.0 3.5073 4.2955 3.5073 0.9814 2.5718
7290 3645.0 3.5152 3.5957 3.5152 1.0128 2.5483
7300 3650.0 3.5151 3.6043 3.5151 0.9746 2.5621
7310 3655.0 3.5153 3.5877 3.5153 1.0139 2.5657
7320 3660.0 3.5375 1.9550 3.5375 0.9644 2.5559
7330 3665.0 3.5399 1.8038 3.5399 1.0274 2.5565
7340 3670.0 3.5302 2.4390 3.5302 0.9542 2.6216
7350 3675.0 3.5473 1.3907 3.5473 1.0208 2.6110
7360 3680.0 3.5461 1.4513 3.5461 0.9529 2.6326
7370 3685.0 3.5352 2.0964 3.5352 1.0443 2.6219
7380 3690.0 3.5347 2.1305 3.5347 0.9573 2.6310
7390 3695.0 3.5304 2.4205 3.5304 1.0384 2.6206
7400 3700.0 3.5550 1.0115 3.5550 0.9538 2.5902
7410 3705.0 3.5139 3.7087 3.5139 1.0257 2.5196
7420 3710.0 3.5284 2.5635 3.5284 0.9578 2.5999
7430 3715.0 3.5328 2.2552 3.5328 1.0271 2.5800
7440 3720.0 3.5635 0.6660 3.5635 0.9599 2.5260
7450 3725.0 3.5433 1.6049 3.5433 1.0204 2.5178
7460 3730.0 3.5243 2.8647 3.5243 0.9764 2.5551
7470 3735.0 3.5608 0.7690 3.5608 1.0152 2.4169
7480 3740.0 3.5683 0.5033 3.5683 0.9716 2.3980
7490 3745.0 3.5431 1.6197 3.5431 1.0353 2.4758
7500 3750.0 3.4949 5.5259 3.4949 0.9672 2.5402
7510 3755.0 3.5426 1.6477 3.5426 1.0245 2.4540
7520 3760.0 3.5359 2.0557 3.5359 0.9711 2.5002
7530 3765.0 3.4885 6.2213 3.4885 1.0118 2.5465
7540 3770.0 3.5253 2.7880 3.5253 0.9748 2.5130
7550 3775.0 3.5688 0.4881 3.5688 1.0211 2.3959
7560 3780.0 3.5815 0.1703 3.5815 0.9665 2.3866
7570 3785.0 3.5877 0.0758 3.5877 1.0111 2.3999
7580 3790.0 3.5342 2.1618 3.5342 0.9788 2.5169
7590 3795.0 3.4749 7.8258 3.4749 0.9974 2.5863
7600 3800.0 3.5646 0.6253 3.5646 0.9882 2.4970
7610 3805.0 3.5222 3.0291 3.5222 0.9737 2.4724
7620 3810.0 3.5227 2.9864 3.5227 1.0009 2.6199
7630 3815.0 3.4956 5.4463 3.4956 0.9729 2.6767
7640 3820.0 3.5515 1.1753 3.5515 1.0003 2.5468
7650 3825.0 3.4948 5.5369 3.4948 0.9488 2.5126
7660 3830.0 3.5129 3.7919 3.5129 1.0082 2.6241
7670 3835.0 3.4874 6.3379 3.4874 0.9695 2.6960
7680 3840.0 3.5127 3.8072 3.5127 1.0272 2.5993
7690 3845.0 3.5002 4.9795 3.5002 0.9654 2.5785
7700 3850.0 3.4933 5.6948 3.4933 1.0118 2.5596
7710 3855.0 3.5105 4.0013 3.5105 0.9664 2.5152
7720 3860.0 3.5542 1.0485 3.5542 1.0171 2.4533
7730 3865.0 3.5724 0.3810 3.5724 0.9891 2.4163
7740 3870.0 3.5610 0.7602 3.5610 1.0054 2.4734
7750 3875.0 3.5418 1.6946 3.5418 0.9766 2.5363
7760 3880.0 3.5477 1.3652 3.5477 1.0021 2.5066
7770 3885.0 3.5445 1.5384 3.5445 0.9851 2.5123
7780 3890.0 3.5168 3.4577 3.5168 1.0085 2.5523
7790 3895.0 3.4876 6.3163 3.4876 0.9961 2.4748
7800 3900.0 3.5177 3.3905 3.5177 1.0136 2.5689
7810 3905.0 3.5069 4.3326 3.5069 0.9946 2.5977
7820 3910.0 3.5265 2.7034 3.5265 1.0033 2.5804
7830 3915.0 3.4694 8.5306 3.4694 0.9905 2.6650
7840 3920.0 3.5267 2.6879 3.5267 1.0282 2.5956
7850 3925.0 3.5355 2.0782 3.5355 0.9625 2.5669
7860 3930.0 3.5352 2.1014 3.5352 1.0108 2.5582
7870 3935.0 3.5278 2.6056 3.5278 0.9736 2.5806
7880 3940.0 3.5397 1.8169 3.5397 1.0138 2.5438
7890 3945.0 3.5486 1.3225 3.5486 0.9799 2.5094
7900 3950.0 3.5507 1.2153 3.5507 1.0148 2.4711
7910 3955.0 3.5285 2.5545 3.5285 0.9880 2.5173
7920 3960.0 3.5252 2.8007 3.5252 0.9957 2.4986
7930 3965.0 3.5610 0.7614 3.5610 0.9862 2.4193
7940 3970.0 3.5503 1.2371 3.5503 1.0106 2.4218
7950 3975.0 3.5337 2.1983 3.5337 0.9860 2.4963
7960 3980.0 3.5378 1.9357 3.5378 1.0126 2.4732
7970 3985.0 3.5622 0.7140 3.5622 0.9904 2.4120
7980 3990.0 3.5704 0.4391 3.5704 1.0076 2.3722
7990 3995.0 3.5484 1.3321 3.5484 0.9919 2.4118
8000 4000.0 3.5402 1.7908 3.5402 1.0075 2.4570
8010 4005.0 3.5434 1.6044 3.5434 0.9939 2.4884
8020 4010.0 3.5426 1.6451 3.5426 1.0137 2.4924
8030 4015.0 3.5061 4.4059 3.5061 1.0290 2.5503
8040 4020.0 3.4604 9.7474 3.4604 0.9710 2.5986
8050 4025.0 3.4824 6.9131 3.4824 0.9924 2.5513
8060 4030.0 3.5147 3.6372 3.5147 1.0237 2.5081
8070 4035.0 3.5462 1.4475 3.5462 1.0102 2.4378
8080 4040.0 3.5459 1.4640 3.5459 0.9908 2.4573
8090 4045.0 3.5824 0.1556 3.5824 1.0311 2.4126
8100 4050.0 3.5761 0.2858 3.5761 0.9772 2.4419
8110 4055.0 3.5389 1.8659 3.5389 1.0031 2.4839
8120 4060.0 3.5480 1.3502 3.5480 0.9784 2.4811
8130 4065.0 3.5736 0.3492 3.5736 1.0118 2.4354
8140 4070.0 3.5684 0.4993 3.5684 0.9799 2.4130
8150 4075.0 3.5590 0.8397 3.5590 0.9777 2.4329
8160 4080.0 3.5192 3.2676 3.5192 0.9993 2.5087
8170 4085.0 3.4800 7.2017 3.4800 0.9855 2.5610
8180 4090.0 3.5190 3.2794 3.5190 1.0061 2.5029
8190 4095.0 3.5350 2.1132 3.5350 0.9659 2.4150
8200 4100.0 3.5257 2.7617 3.5257 0.9900 2.4466
8210 4105.0 3.5010 4.8980 3.5010 0.9932 2.5851
8220 4110.0 3.4952 5.4916 3.4952 0.9930 2.6177
8230 4115.0 3.5347 2.1323 3.5347 0.9872 2.5282
8240 4120.0 3.5251 2.8026 3.5251 0.9764 2.5164
8250 4125.0 3.5673 0.5360 3.5673 0.9934 2.5907
8260 4130.0 3.5479 1.3573 3.5479 0.9857 2.6169
8270 4135.0 3.5401 1.7946 3.5401 0.9938 2.5954
8280 4140.0 3.5898 0.0515 3.5898 0.9926 2.5047
8290 4145.0 3.5760 0.2875 3.5760 0.9960 2.4654
8300 4150.0 3.5494 1.2780 3.5494 0.9948 2.5017
8310 4155.0 3.4842 6.7093 3.4842 0.9895 2.5389
8320 4160.0 3.5191 3.2716 3.5191 1.0100 2.4700
8330 4165.0 3.4972 5.2856 3.4972 0.9742 2.4477
8340 4170.0 3.4357 13.4957 3.4357 1.0167 2.5558
8350 4175.0 3.4674 8.7923 3.4674 0.9846 2.4825
8360 4180.0 3.4466 11.7653 3.4466 1.0085 2.3911
8370 4185.0 3.4456 11.9135 3.4456 0.9678 2.4711
8380 4190.0 3.4387 13.0147 3.4387 1.0030 2.4468
8390 4195.0 3.4580 10.0857 3.4580 0.9800 2.3563
8400 4200.0 3.4659 8.9970 3.4659 0.9911 2.4157
8410 4205.0 3.4399 12.8175 3.4399 0.9931 2.4928
8420 4210.0 3.4750 7.8107 3.4750 0.9936 2.4404
8430 4215.0 3.4781 7.4271 3.4781 0.9755 2.5274
8440 4220.0 3.4553 10.4688 3.4553 1.0033 2.5817
8450 4225.0 3.4966 5.3462 3.4966 0.9776 2.4762
8460 4230.0 3.5001 4.9866 3.5001 0.9811 2.5025
8470 4235.0 3.4614 9.6047 3.4614 0.9821 2.5497
8480 4240.0 3.5029 4.7141 3.5029 0.9761 2.4320
8490 4245.0 3.5001 4.9853 3.5001 0.9719 2.4060
8500 4250.0 3.4602 9.7664 3.4602 0.9878 2.4260
8510 4255.0 3.4816 7.0044 3.4816 0.9668 2.4038
8520 4260.0 3.4953 5.4759 3.4953 1.0073 2.3657
8530 4265.0 3.4964 5.3713 3.4964 0.9622 2.3842
8540 4270.0 3.4659 8.9957 3.4659 1.0056 2.3935
8550 4275.0 3.4762 7.6590 3.4762 0.9804 2.4002
8560 4280.0 3.5217 3.0633 3.5217 0.9878 2.3514
8570 4285.0 3.5235 2.9244 3.5235 0.9860 2.3895
8580 4290.0 3.4937 5.6487 3.4937 0.9957 2.4480
8590 4295.0 3.5029 4.7117 3.5029 0.9955 2.4424
8600 4300.0 3.5333 2.2230 3.5333 1.0055 2.4165
8610 4305.0 3.5159 3.5353 3.5159 0.9730 2.4687
8620 4310.0 3.5503 1.2361 3.5503 1.0257 2.3981
8630 4315.0 3.5464 1.4370 3.5464 0.9838 2.3977
8640 4320.0 3.4992 5.0766 3.4992 1.0383 2.4981
8650 4325.0 3.5398 1.8146 3.5398 0.9529 2.5020
8660 4330.0 3.5164 3.4903 3.5164 1.0592 2.4542
8670 4335.0 3.5519 1.1553 3.5519 0.9432 2.5350
8680 4340.0 3.5275 2.6268 3.5275 1.0699 2.5612
8690 4345.0 3.5338 2.1893 3.5338 0.9676 2.5672
8700 4350.0 3.5201 3.1893 3.5201 1.0376 2.6078
8710 4355.0 3.5455 1.4873 3.5455 0.9593 2.5914
8720 4360.0 3.5328 2.2557 3.5328 1.0620 2.6062
8730 4365.0 3.5366 2.0121 3.5366 0.9922 2.6022
8740 4370.0 3.5552 1.0039 3.5552 1.0168 2.5270
8750 4375.0 3.5696 0.4609 3.5696 1.0100 2.5421
8760 4380.0 3.5256 2.7705 3.5256 0.9887 2.5744
8770 4385.0 3.5337 2.1982 3.5337 1.0305 2.5441
8780 4390.0 3.5369 1.9905 3.5369 0.9846 2.4845
8790 4395.0 3.5280 2.5955 3.5280 1.0075 2.5142
8800 4400.0 3.4663 8.9424 3.4663 1.0219 2.5692
8810 4405.0 3.5141 3.6913 3.5141 0.9964 2.4741
8820 4410.0 3.4974 5.2676 3.4974 1.0246 2.5253
8830 4415.0 3.5151 3.6027 3.5151 0.9809 2.5087
8840 4420.0 3.5353 2.0916 3.5353 1.0392 2.4143
8850 4425.0 3.5500 1.2502 3.5500 0.9841 2.4218
8860 4430.0 3.5064 4.3786 3.5064 1.0192 2.4895
8870 4435.0 3.5240 2.8889 3.5240 0.9953 2.4328
8880 4440.0 3.5333 2.2228 3.5333 1.0006 2.4242
8890 4445.0 3.4509 11.1135 3.4509 1.0233 2.5011
8900 4450.0 3.5131 3.7731 3.5131 1.0138 2.4046
8910 4455.0 3.5384 1.8960 3.5384 1.0070 2.2961
8920 4460.0 3.5171 3.4369 3.5171 0.9908 2.3469
8930 4465.0 3.4644 9.1915 3.4644 1.0157 2.3831
8940 4470.0 3.5141 3.6886 3.5141 0.9921 2.2909
8950 4475.0 3.5242 2.8746 3.5242 1.0067 2.1837
8960 4480.0 3.5232 2.9474 3.5232 0.9985 2.2560
8970 4485.0 3.4644 9.1920 3.4644 0.9936 2.3154
8980 4490.0 3.5387 1.8776 3.5387 1.0055 2.2430
8990 4495.0 3.5376 1.9460 3.5376 1.0080 2.2629
9000 4500.0 3.4754 7.7576 3.4754 1.0051 2.3625
9010 4505.0 3.4930 5.7227 3.4930 0.9932 2.3717
9020 4510.0 3.5284 2.5603 3.5284 1.0167 2.2467
9030 4515.0 3.5411 1.7327 3.5411 0.9603 2.3353
9040 4520.0 3.4518 10.9875 3.4518 1.0340 2.4602
9050 4525.0 3.5142 3.6794 3.5142 0.9493 2.3941
9060 4530.0 3.5067 4.3527 3.5067 1.0041 2.4234
9070 4535.0 3.4179 16.5714 3.4179 0.9892 2.5579
9080 4540.0 3.5109 3.9656 3.5109 1.0273 2.4317
9090 4545.0 3.5276 2.6197 3.5276 0.9633 2.4139
9100 4550.0 3.4808 7.1046 3.4808 1.0624 2.4906
9110 4555.0 3.4809 7.0964 3.4809 0.9904 2.4798
9120 4560.0 3.5123 3.8487 3.5123 1.0246 2.3078
9130 4565.0 3.5413 1.7207 3.5413 0.9461 2.3685
9140 4570.0 3.5115 3.9170 3.5115 1.0594 2.4098
9150 4575.0 3.4729 8.0790 3.4729 0.9601 2.4471
9160 4580.0 3.5418 1.6964 3.5418 1.0413 2.3072
9170 4585.0 3.5009 4.9083 3.5009 0.9545 2.4014
9180 4590.0 3.5025 4.7570 3.5025 1.0597 2.4038
9190 4595.0 3.5317 2.3312 3.5317 0.9308 2.3731
9200 4600.0 3.5023 4.7746 3.5023 1.0834 2.3865
9210 4605.0 3.5073 4.2924 3.5073 0.9205 2.3771
9220 4610.0 3.4768 7.5943 3.4768 1.0681 2.3011
9230 4615.0 3.4561 10.3497 3.4561 0.9364 2.4032
9240 4620.0 3.5296 2.4765 3.5296 1.0750 2.2682
9250 4625.0 3.5336 2.2078 3.5336 0.9180 2.2042
9260 4630.0 3.4934 5.6820 3.4934 1.0916 2.3401
9270 4635.0 3.4874 6.3381 3.4874 0.9259 2.3499
9280 4640.0 3.4872 6.3598 3.4872 1.0630 2.2286
9290 4645.0 3.4464 11.8041 3.4464 0.9530 2.4190
9300 4650.0 3.4219 15.8600 3.4219 1.0533 2.4202
9310 4655.0 3.4822 6.9423 3.4822 0.9509 2.2533
9320 4660.0 3.4651 9.1051 3.4651 1.0139 2.2125
9330 4665.0 3.4732 8.0380 3.4732 0.9824 2.4071
9340 4670.0 3.4616 9.5842 3.4616 1.0075 2.4246
9350 4675.0 3.5637 0.6598 3.5637 0.9828 2.2881
9360 4680.0 3.5641 0.6449 3.5641 1.0078 2.1972
9370 4685.0 3.5590 0.8390 3.5590 0.9712 2.2555
9380 4690.0 3.5581 0.8782 3.5581 1.0159 2.2621
9390 4695.0 3.4795 7.2541 3.4795 0.9962 2.3553
9400 4700.0 3.4529 10.8154 3.4529 1.0377 2.3907
9410 4705.0 3.4817 6.9950 3.4817 1.0005 2.3040
9420 4710.0 3.4441 12.1469 3.4441 0.9652 2.2728
9430 4715.0 3.4208 16.0637 3.4208 1.0304 2.4610
9440 4720.0 3.4359 13.4589 3.4359 0.9977 2.4511
9450 4725.0 3.4333 13.8980 3.4333 0.9833 2.2861
9460 4730.0 3.4429 12.3454 3.4429 1.0073 2.4816
9470 4735.0 3.4470 11.7037 3.4470 1.0015 2.4816
9480 4740.0 3.4475 11.6206 3.4475 0.9868 2.2877
9490 4745.0 3.4384 13.0637 3.4384 0.9910 2.4737
9500 4750.0 3.4593 9.9009 3.4593 0.9850 2.4545
9510 4755.0 3.4794 7.2683 3.4794 0.9991 2.2317
9520 4760.0 3.5497 1.2655 3.5497 0.9703 2.2773
9530 4765.0 3.4446 12.0773 3.4446 1.0418 2.4557
9540 4770.0 3.4359 13.4622 3.4359 0.9631 2.4739
9550 4775.0 3.5343 2.1605 3.5343 1.0698 2.2567
9560 4780.0 3.5437 1.5830 3.5437 0.9274 2.3021
9570 4785.0 3.5110 3.9642 3.5110 1.0892 2.3790
9580 4790.0 3.3923 21.5782 3.3923 0.9593 2.5097
9590 4795.0 3.5266 2.6916 3.5266 1.0773 2.3586
9600 4800.0 3.5357 2.0691 3.5357 0.9661 2.3537
9610 4805.0 3.5223 3.0219 3.5223 1.0592 2.4141
9620 4810.0 3.5346 2.1361 3.5346 1.0131 2.4283
9630 4815.0 3.5427 1.6400 3.5427 1.0258 2.4098
9640 4820.0 3.5275 2.6271 3.5275 1.1053 2.4761
9650 4825.0 3.5086 4.1781 3.5086 0.9494 2.4907
9660 4830.0 3.4873 6.3486 3.4873 1.0849 2.4045
9670 4835.0 3.4953 5.4774 3.4953 0.9542 2.5221
9680 4840.0 3.4889 6.1678 3.4889 1.0606 2.5268
9690 4845.0 3.5137 3.7281 3.5137 0.9806 2.4160
9700 4850.0 3.5315 2.3465 3.5315 1.0168 2.4742
9710 4855.0 3.5122 3.8553 3.5122 1.0060 2.4912
9720 4860.0 3.5614 0.7455 3.5614 1.0145 2.3962
9730 4865.0 3.5292 2.5028 3.5292 1.0015 2.4480
9740 4870.0 3.4353 13.5658 3.4353 1.0029 2.5452
9750 4875.0 3.5192 3.2640 3.5192 1.0299 2.3496
9760 4880.0 3.5042 4.5864 3.5042 0.9716 2.2621
9770 4885.0 3.5433 1.6068 3.5433 1.0058 2.3836
9780 4890.0 3.3968 20.6551 3.3968 1.0063 2.5836
9790 4895.0 3.4894 6.1183 3.4894 1.0674 2.4254
9800 4900.0 3.5019 4.8118 3.5019 0.9329 2.3680
9810 4905.0 3.4685 8.6399 3.4685 1.0700 2.4841
9820 4910.0 3.3675 27.0384 3.3675 1.0855 2.5869
9830 4915.0 3.4684 8.6643 3.4684 1.0158 2.4140
9840 4920.0 3.4813 7.0405 3.4813 0.9834 2.4660
9850 4925.0 3.4460 11.8546 3.4460 1.1132 2.5074
9860 4930.0 3.4937 5.6499 3.4937 0.9769 2.4358
9870 4935.0 3.4562 10.3345 3.4562 1.0172 2.3237
9880 4940.0 3.4551 10.5020 3.4551 0.9719 2.4926
9890 4945.0 3.4847 6.6466 3.4847 1.0473 2.4524
9900 4950.0 3.5272 2.6495 3.5272 0.9706 2.3056
9910 4955.0 3.5438 1.5785 3.5438 1.0225 2.3198
9920 4960.0 3.4643 9.2065 3.4643 0.9976 2.4434
9930 4965.0 3.5442 1.5550 3.5442 0.9948 2.3493
9940 4970.0 3.5516 1.1706 3.5516 1.0017 2.2899
9950 4975.0 3.5520 1.1509 3.5520 1.0095 2.3556
9960 4980.0 3.5432 1.6158 3.5432 0.9934 2.3880
9970 4985.0 3.5546 1.0284 3.5546 1.0155 2.3371
9980 4990.0 3.5524 1.1314 3.5524 0.9970 2.3509
9990 4995.0 3.5226 2.9921 3.5226 1.0088 2.4693
10000 5000.0 3.4903 6.0148 3.4903 1.0357 2.5188
10010 5005.0 3.5309 2.3867 3.5309 0.9906 2.4212
10020 5010.0 3.5326 2.2686 3.5326 1.0559 2.4527
10030 5015.0 3.4519 10.9644 3.4519 1.0082 2.6173
10040 5020.0 3.5334 2.2192 3.5334 1.0267 2.5291
10050 5025.0 3.5664 0.5645 3.5664 1.0004 2.4243
10060 5030.0 3.5737 0.3471 3.5737 0.9960 2.4260
10070 5035.0 3.5446 1.5360 3.5446 1.0196 2.4763
10080 5040.0 3.5325 2.2773 3.5325 0.9952 2.4571
10090 5045.0 3.5839 0.1301 3.5839 1.0123 2.3756
10100 5050.0 3.5914 0.0369 3.5914 0.9944 2.3208
10110 5055.0 3.5810 0.1802 3.5810 1.0387 2.3160
10120 5060.0 3.4964 5.3679 3.4964 1.0096 2.3831
10130 5065.0 3.5144 3.6679 3.5144 1.0213 2.3422
10140 5070.0 3.5502 1.2381 3.5502 1.0219 2.2428
10150 5075.0 3.5298 2.4615 3.5298 0.9912 2.2373
10160 5080.0 3.5272 2.6495 3.5272 1.0494 2.2713
10170 5085.0 3.4819 6.9699 3.4819 0.9920 2.3602
10180 5090.0 3.5093 4.1175 3.5093 1.0441 2.3421
10190 5095.0 3.4972 5.2791 3.4972 0.9926 2.3506
10200 5100.0 3.4996 5.0384 3.4996 1.0323 2.3959
10210 5105.0 3.5030 4.7091 3.5030 0.9914 2.4769
10220 5110.0 3.5632 0.6772 3.5632 1.0309 2.4053
10230 5115.0 3.5671 0.5411 3.5671 0.9927 2.3350
10240 5120.0 3.5923 0.0295 3.5923 1.0133 2.3645
10250 5125.0 3.6103 0.0529 3.6103 0.9973 2.4299
10260 5130.0 3.5767 0.2725 3.5767 1.0153 2.5139
10270 5135.0 3.5304 2.4197 3.5304 0.9980 2.5960
10280 5140.0 3.5633 0.6735 3.5633 0.9989 2.5757
10290 5145.0 3.6043 0.0092 3.6043 1.0082 2.5375
10300 5150.0 3.5911 0.0394 3.5911 0.9872 2.5246
10310 5155.0 3.5890 0.0607 3.5890 1.0182 2.5512
10320 5160.0 3.5453 1.4934 3.5453 0.9778 2.5985
10330 5165.0 3.5676 0.5240 3.5676 1.0337 2.5630
10340 5170.0 3.6000 0.0000 3.6000 0.9816 2.5055
10350 5175.0 3.5875 0.0781 3.5875 1.0220 2.4872
10360 5180.0 3.5639 0.6532 3.5639 0.9811 2.5055
10370 5185.0 3.5526 1.1224 3.5526 0.9963 2.4881
10380 5190.0 3.5523 1.1374 3.5523 1.0188 2.4561
10390 5195.0 3.5495 1.2747 3.5495 0.9887 2.4456
10400 5200.0 3.5222 3.0293 3.5222 1.0269 2.4710
10410 5205.0 3.5241 2.8805 3.5241 0.9920 2.4572
10420 5210.0 3.5416 1.7070 3.5416 1.0261 2.3696
10430 5215.0 3.5335 2.2144 3.5335 0.9948 2.3316
10440 5220.0 3.5226 2.9958 3.5226 1.0117 2.3241
10450 5225.0 3.5116 3.9069 3.5116 0.9811 2.3220
10460 5230.0 3.4947 5.5389 3.4947 1.0118 2.3107
10470 5235.0 3.4849 6.6226 3.4849 0.9821 2.3091
10480 5240.0 3.4753 7.7811 3.4753 1.0278 2.2784
10490 5245.0 3.4717 8.2261 3.4717 0.9937 2.2746
10500 5250.0 3.4595 9.8644 3.4595 1.0137 2.2464
10510 5255.0 3.4825 6.9070 3.4825 1.0060 2.2436
10520 5260.0 3.5178 3.3802 3.5178 1.0039 2.1621
10530 5265.0 3.5312 2.3699 3.5312 0.9741 2.1699
10540 5270.0 3.5308 2.3956 3.5308 1.0213 2.1985
10550 5275.0 3.5184 3.3319 3.5184 0.9901 2.2217
10560 5280.0 3.5127 3.8084 3.5127 0.9976 2.1798
10570 5285.0 3.4611 9.6465 3.4611 0.9954 2.2801
10580 5290.0 3.4867 6.4177 3.4867 1.0230 2.2531
10590 5295.0 3.5131 3.7797 3.5131 0.9542 2.2395
10600 5300.0 3.5293 2.4967 3.5293 1.0203 2.2360
10610 5305.0 3.4903 6.0199 3.4903 0.9715 2.3101
10620 5310.0 3.5423 1.6651 3.5423 1.0109 2.2310
10630 5315.0 3.5556 0.9849 3.5556 0.9717 2.2015
10640 5320.0 3.5275 2.6259 3.5275 1.0096 2.2680
10650 5325.0 3.4899 6.0601 3.4899 0.9797 2.3707
10660 5330.0 3.5055 4.4620 3.5055 0.9958 2.3539
10670 5335.0 3.5305 2.4143 3.5305 0.9839 2.3192
10680 5340.0 3.5101 4.0415 3.5101 1.0151 2.3706
10690 5345.0 3.5365 2.0153 3.5365 0.9735 2.3782
10700 5350.0 3.5416 1.7080 3.5416 1.0103 2.3917
10710 5355.0 3.5506 1.2185 3.5506 0.9604 2.4280
10720 5360.0 3.5398 1.8141 3.5398 1.0221 2.4389
10730 5365.0 3.5569 0.9293 3.5569 0.9876 2.5047
10740 5370.0 3.5250 2.8151 3.5250 1.0168 2.5690
10750 5375.0 3.5510 1.1991 3.5510 0.9782 2.5463
10760 5380.0 3.5474 1.3819 3.5474 1.0248 2.5086
10770 5385.0 3.5122 3.8574 3.5122 0.9807 2.5739
10780 5390.0 3.5120 3.8718 3.5120 1.0383 2.5438
10790 5395.0 3.4966 5.3446 3.4966 0.9674 2.5210
10800 5400.0 3.4834 6.7987 3.4834 1.0454 2.5536
10810 5405.0 3.4723 8.1527 3.4723 1.0134 2.5474
10820 5410.0 3.4843 6.6946 3.4843 1.0133 2.4459
10830 5415.0 3.4616 9.5774 3.4616 1.0073 2.5565
10840 5420.0 3.5074 4.2873 3.5074 1.0268 2.4948
10850 5425.0 3.5268 2.6762 3.5268 0.9586 2.4029
10860 5430.0 3.5172 3.4276 3.5172 1.0457 2.4888
10870 5435.0 3.5182 3.3457 3.5182 1.0201 2.5013
10880 5440.0 3.5182 3.3480 3.5182 0.9847 2.4907
10890 5445.0 3.5306 2.4107 3.5306 1.0499 2.5140
10900 5450.0 3.5503 1.2357 3.5503 0.9705 2.4918
10910 5455.0 3.5163 3.5004 3.5163 1.0396 2.5289
10920 5460.0 3.4949 5.5197 3.4949 0.9655 2.5403
10930 5465.0 3.4784 7.3955 3.4784 0.9971 2.3994
10940 5470.0 3.5225 3.0022 3.5225 0.9825 2.5136
10950 5475.0 3.4182 16.5173 3.4182 1.0487 2.6114
10960 5480.0 3.5532 1.0934 3.5532 0.9689 2.4079
10970 5485.0 3.4923 5.8000 3.4923 0.9777 2.2741
10980 5490.0 3.5370 1.9872 3.5370 1.0119 2.3978
10990 5495.0 3.4470 11.7084 3.4470 1.0195 2.4807
11000 5500.0 3.5730 0.3653 3.5730 0.9928 2.3317
11010 5505.0 3.5419 1.6860 3.5419 0.9762 2.2594
11020 5510.0 3.5374 1.9618 3.5374 1.0234 2.3322
11030 5515.0 3.4512 11.0661 3.4512 1.0798 2.3942
11040 5520.0 3.4999 5.0100 3.4999 0.9725 2.2959
11050 5525.0 3.4799 7.2093 3.4799 0.9966 2.1749
11060 5530.0 3.4750 7.8128 3.4750 1.0173 2.3198
11070 5535.0 3.4537 10.6983 3.4537 1.0703 2.3731
11080 5540.0 3.5275 2.6254 3.5275 0.9923 2.2980
11090 5545.0 3.5263 2.7134 3.5263 1.0205 2.2481
11100 5550.0 3.5011 4.8895 3.5011 0.9805 2.3307
11110 5555.0 3.5425 1.6517 3.5425 1.0298 2.3085
11120 5560.0 3.5431 1.6171 3.5431 0.9771 2.3299
11130 5565.0 3.5027 4.7352 3.5027 1.0519 2.3830
11140 5570.0 3.4905 5.9926 3.4905 0.9527 2.4162
11150 5575.0 3.4944 5.5721 3.4944 1.0212 2.4475
11160 5580.0 3.5197 3.2246 3.5197 1.0303 2.4418
11170 5585.0 3.5198 3.2196 3.5198 0.9813 2.4547
11180 5590.0 3.4997 5.0291 3.4997 1.0107 2.4987
11190 5595.0 3.5007 4.9306 3.5007 0.9825 2.4844
11200 5600.0 3.5028 4.7245 3.5028 1.0220 2.4757
11210 5605.0 3.5078 4.2520 3.5078 0.9869 2.4653
11220 5610.0 3.5076 4.2678 3.5076 1.0203 2.4583
11230 5615.0 3.5150 3.6086 3.5150 0.9767 2.4566
11240 5620.0 3.5328 2.2595 3.5328 1.0112 2.3356
11250 5625.0 3.5643 0.6366 3.5643 0.9612 2.3510
11260 5630.0 3.5236 2.9151 3.5236 1.0156 2.3982
11270 5635.0 3.5556 0.9848 3.5556 0.9659 2.3674
11280 5640.0 3.5518 1.1620 3.5518 1.0017 2.3793
11290 5645.0 3.5239 2.8988 3.5239 0.9746 2.4337
11300 5650.0 3.5559 0.9728 3.5559 1.0036 2.3878
11310 5655.0 3.5733 0.3568 3.5733 0.9653 2.3586
11320 5660.0 3.5446 1.5358 3.5446 1.0219 2.4187
11330 5665.0 3.4738 7.9589 3.4738 0.9708 2.5224
11340 5670.0 3.5351 2.1072 3.5351 1.0253 2.4502
11350 5675.0 3.5719 0.3937 3.5719 0.9770 2.3688
11360 5680.0 3.5770 0.2640 3.5770 1.0091 2.3957
11370 5685.0 3.4960 5.4117 3.4960 1.0137 2.4870
11380 5690.0 3.5154 3.5744 3.5154 0.9984 2.4661
11390 5695.0 3.5591 0.8371 3.5591 0.9969 2.4103
11400 5700.0 3.5608 0.7677 3.5608 0.9966 2.4105
11410 5705.0 3.5274 2.6362 3.5274 0.9995 2.4497
11420 5710.0 3.5175 3.4010 3.5175 1.0170 2.4571
11430 5715.0 3.5404 1.7766 3.5404 0.9947 2.4281
11440 5720.0 3.5226 2.9959 3.5226 1.0100 2.4314
11450 5725.0 3.5348 2.1234 3.5348 0.9920 2.4033
11460 5730.0 3.5697 0.4583 3.5697 1.0057 2.3293
11470 5735.0 3.5445 1.5390 3.5445 0.9732 2.3685
11480 5740.0 3.5168 3.4574 3.5168 0.9992 2.3799
11490 5745.0 3.5768 0.2693 3.5768 0.9853 2.2803
11500 5750.0 3.5704 0.4383 3.5704 1.0066 2.2618
11510 5755.0 3.5383 1.9059 3.5383 0.9890 2.3991
11520 5760.0 3.4987 5.1322 3.4987 0.9931 2.4724
11530 5765.0 3.5699 0.4522 3.5699 1.0072 2.4113
11540 5770.0 3.5634 0.6682 3.5634 0.9865 2.3781
11550 5775.0 3.5645 0.6312 3.5645 1.0074 2.4664
11560 5780.0 3.5198 3.2128 3.5198 0.9824 2.5376
11570 5785.0 3.5783 0.2348 3.5783 1.0202 2.4915
11580 5790.0 3.5782 0.2379 3.5782 0.9762 2.4599
11590 5795.0 3.5718 0.3971 3.5718 1.0187 2.4444
11600 5800.0 3.5908 0.0427 3.5908 0.9668 2.4837
11610 5805.0 3.5566 0.9430 3.5566 1.0321 2.5393
11620 5810.0 3.5170 3.4439 3.5170 0.9625 2.5687
11630 5815.0 3.5722 0.3876 3.5722 1.0419 2.4695
11640 5820.0 3.5548 1.0225 3.5548 0.9585 2.4502
11650 5825.0 3.5051 4.5028 3.5051 1.0368 2.5549
11660 5830.0 3.4800 7.1996 3.4800 0.9886 2.5736
11670 5835.0 3.4679 8.7250 3.4679 1.0264 2.4733
11680 5840.0 3.4694 8.5229 3.4694 0.9845 2.5620
11690 5845.0 3.4630 9.3815 3.4630 1.0551 2.5299
11700 5850.0 3.4792 7.2969 3.4792 0.9828 2.5006
11710 5855.0 3.4828 6.8627 3.4828 1.0458 2.4683
11720 5860.0 3.4560 10.3712 3.4560 1.0231 2.5243
11730 5865.0 3.5035 4.6566 3.5035 1.0031 2.4453
11740 5870.0 3.5081 4.2207 3.5081 1.0274 2.3855
11750 5875.0 3.4942 5.5948 3.4942 1.0043 2.4631
11760 5880.0 3.5030 4.6998 3.5030 1.0398 2.4403
11770 5885.0 3.5200 3.1989 3.5200 0.9763 2.3503
11780 5890.0 3.5009 4.9113 3.5009 1.0056 2.4028
11790 5895.0 3.5029 4.7173 3.5029 1.0101 2.3818
11800 5900.0 3.5168 3.4578 3.5168 0.9790 2.3359
11810 5905.0 3.4720 8.1959 3.4720 1.0201 2.3876
11820 5910.0 3.4947 5.5424 3.4947 0.9801 2.3441
11830 5915.0 3.4842 6.7099 3.4842 0.9965 2.2503
11840 5920.0 3.4599 9.8174 3.4599 1.0037 2.3450
11850 5925.0 3.4894 6.1141 3.4894 1.0107 2.2776
11860 5930.0 3.4928 5.7488 3.4928 0.9856 2.2572
11870 5935.0 3.4782 7.4189 3.4782 0.9961 2.2696
11880 5940.0 3.4996 5.0413 3.4996 1.0054 2.2116
11890 5945.0 3.4819 6.9797 3.4819 0.9585 2.2838
11900 5950.0 3.4564 10.3104 3.4564 1.0402 2.3156
11910 5955.0 3.5301 2.4447 3.5301 0.9493 2.2419
11920 5960.0 3.5207 3.1457 3.5207 0.9858 2.2442
11930 5965.0 3.4453 11.9628 3.4453 0.9992 2.3635
11940 5970.0 3.4952 5.4871 3.4952 0.9846 2.3219
11950 5975.0 3.4949 5.5214 3.4949 0.9905 2.2742
11960 5980.0 3.4638 9.2772 3.4638 0.9776 2.3852
11970 5985.0 3.5145 3.6509 3.5145 1.0054 2.3124
11980 5990.0 3.5288 2.5369 3.5288 0.9746 2.2677
11990 5995.0 3.4788 7.3412 3.4788 1.0174 2.3224
12000 6000.0 3.4875 6.3311 3.4875 0.9698 2.3086
12010 6005.0 3.5167 3.4724 3.5167 0.9941 2.1703
12020 6010.0 3.5076 4.2648 3.5076 0.9883 2.2298
12030 6015.0 3.4459 11.8710 3.4459 0.9930 2.3201
12040 6020.0 3.5271 2.6592 3.5271 0.9949 2.2371
12050 6025.0 3.5265 2.6979 3.5265 0.9443 2.2366
12060 6030.0 3.5020 4.7993 3.5020 1.0413 2.2993
12070 6035.0 3.5041 4.6006 3.5041 0.9475 2.3357
12080 6040.0 3.4891 6.1518 3.4891 1.0296 2.3191
12090 6045.0 3.4754 7.7624 3.4754 0.9454 2.4553
12100 6050.0 3.4803 7.1613 3.4803 1.0357 2.4405
12110 6055.0 3.4817 6.9951 3.4817 0.9656 2.4492
12120 6060.0 3.4514 11.0383 3.4514 1.0252 2.5090
12130 6065.0 3.4483 11.5058 3.4483 0.9589 2.6390
12140 6070.0 3.4244 15.4123 3.4244 1.0058 2.6789
12150 6075.0 3.4178 16.5995 3.4178 0.9883 2.5637
12160 6080.0 3.4137 17.3576 3.4137 0.9758 2.5525
12170 6085.0 3.3973 20.5425 3.3973 0.9989 2.5955
12180 6090.0 3.4120 17.6711 3.4120 0.9644 2.5737
12190 6095.0 3.4141 17.2714 3.4141 1.0061 2.5621
12200 6100.0 3.4291 14.6099 3.4291 0.9744 2.5869
12210 6105.0 3.4267 15.0096 3.4267 0.9997 2.5703
12220 6110.0 3.4167 16.8019 3.4167 0.9618 2.6367
12230 6115.0 3.4310 14.2783 3.4310 0.9958 2.5542
12240 6120.0 3.4340 13.7821 3.4340 0.9991 2.5922
12250 6125.0 3.4520 10.9518 3.4520 0.9880 2.5739
12260 6130.0 3.4465 11.7880 3.4465 1.0105 2.5483
12270 6135.0 3.4483 11.5083 3.4483 0.9854 2.5932
12280 6140.0 3.4541 10.6397 3.4541 1.0132 2.5383
12290 6145.0 3.4598 9.8248 3.4598 0.9931 2.5689
12300 6150.0 3.4614 9.6031 3.4614 1.0119 2.5693
12310 6155.0 3.4681 8.6973 3.4681 1.0079 2.5638
12320 6160.0 3.4862 6.4712 3.4862 0.9988 2.5484
12330 6165.0 3.4798 7.2242 3.4798 1.0126 2.5172
12340 6170.0 3.4607 9.7062 3.4607 0.9840 2.5747
12350 6175.0 3.4682 8.6906 3.4682 1.0012 2.4936
12360 6180.0 3.4699 8.4690 3.4699 0.9986 2.5093
12370 6185.0 3.4906 5.9865 3.4906 1.0194 2.4644
12380 6190.0 3.4874 6.3354 3.4874 1.0130 2.4226
12390 6195.0 3.4600 9.8042 3.4600 0.9517 2.4599
12400 6200.0 3.4625 9.4565 3.4625 1.0382 2.3605
12410 6205.0 3.4758 7.7113 3.4758 0.9463 2.4187
12420 6210.0 3.5080 4.2290 3.5080 1.0288 2.3412
12430 6215.0 3.5331 2.2411 3.5331 0.9805 2.3541
12440 6220.0 3.5340 2.1755 3.5340 1.0087 2.3465
12450 6225.0 3.5117 3.8957 3.5117 0.9972 2.3574
12460 6230.0 3.5389 1.8695 3.5389 0.9932 2.3261
12470 6235.0 3.5270 2.6674 3.5270 1.0094 2.3143
12480 6240.0 3.4841 6.7198 3.4841 0.9755 2.3992
12490 6245.0 3.5054 4.4762 3.5054 1.0343 2.3749
12500 6250.0 3.4931 5.7114 3.4931 0.9587 2.3891
12510 6255.0 3.4761 7.6765 3.4761 1.0363 2.3756
12520 6260.0 3.4564 10.3064 3.4564 0.9615 2.4094
12530 6265.0 3.4566 10.2781 3.4566 1.0518 2.3188
12540 6270.0 3.4677 8.7551 3.4677 0.9573 2.3576
12550 6275.0 3.4581 10.0685 3.4581 1.0404 2.4059
12560 6280.0 3.4810 7.0832 3.4810 0.9614 2.3422
12570 6285.0 3.4782 7.4119 3.4782 1.0277 2.2655
12580 6290.0 3.4964 5.3663 3.4964 0.9845 2.3419
12590 6295.0 3.4847 6.6466 3.4847 1.0353 2.3168
12600 6300.0 3.4885 6.2198 3.4885 0.9429 2.2759
12610 6305.0 3.5150 3.6160 3.5150 1.0511 2.2451
12620 6310.0 3.5088 4.1590 3.5088 0.9708 2.2645
12630 6315.0 3.4758 7.7094 3.4758 1.0299 2.1247
12640 6320.0 3.4981 5.1910 3.4981 0.9530 2.2386
12650 6325.0 3.4758 7.7152 3.4758 1.0686 2.2665
12660 6330.0 3.4931 5.7115 3.4931 0.9593 2.1831
12670 6335.0 3.4897 6.0846 3.4897 1.0276 2.2608
12680 6340.0 3.4888 6.1775 3.4888 1.0112 2.2950
12690 6345.0 3.4502 11.2238 3.4502 0.9806 2.1877
12700 6350.0 3.4596 9.8494 3.4596 1.0069 2.3751
12710 6355.0 3.4144 17.2317 3.4144 1.0105 2.4395
12720 6360.0 3.4489 11.4169 3.4489 1.0233 2.3023
12730 6365.0 3.4302 14.4156 3.4302 0.9851 2.4595
12740 6370.0 3.4530 10.8026 3.4530 1.0358 2.4232
12750 6375.0 3.4769 7.5759 3.4769 0.9770 2.3418
12760 6380.0 3.4681 8.7002 3.4681 1.0168 2.4125
12770 6385.0 3.4400 12.7945 3.4400 0.9906 2.4538
12780 6390.0 3.4997 5.0313 3.4997 0.9784 2.3242
12790 6395.0 3.5093 4.1105 3.5093 1.0171 2.2773
12800 6400.0 3.4966 5.3474 3.4966 0.9840 2.3868
12810 6405.0 3.5097 4.0779 3.5097 1.0187 2.4021
12820 6410.0 3.5434 1.6033 3.5434 0.9549 2.3233
12830 6415.0 3.5189 3.2851 3.5189 1.0173 2.3726
12840 6420.0 3.4242 15.4476 3.4242 0.9976 2.5179
12850 6425.0 3.5050 4.5167 3.5050 0.9976 2.4155
12860 6430.0 3.5097 4.0764 3.5097 0.9506 2.3939
12870 6435.0 3.5004 4.9585 3.5004 1.0163 2.4536
12880 6440.0 3.4826 6.8944 3.4826 0.9704 2.5196
12890 6445.0 3.4876 6.3141 3.4876 0.9971 2.4936
12900 6450.0 3.4789 7.3271 3.4789 0.9728 2.4764
12910 6455.0 3.4868 6.4065 3.4868 1.0028 2.3915
12920 6460.0 3.4888 6.1825 3.4888 0.9806 2.4486
12930 6465.0 3.4601 9.7867 3.4601 1.0373 2.4650
12940 6470.0 3.4776 7.4862 3.4776 0.9697 2.3370
12950 6475.0 3.4746 7.8566 3.4746 0.9922 2.3222
12960 6480.0 3.4532 10.7805 3.4532 0.9965 2.3692
12970 6485.0 3.4660 8.9816 3.4660 1.0164 2.2813
12980 6490.0 3.4737 7.9744 3.4737 0.9895 2.3030
12990 6495.0 3.4673 8.8065 3.4673 0.9800 2.3302
13000 6500.0 3.4773 7.5247 3.4773 0.9785 2.3258
13010 6505.0 3.4380 13.1272 3.4380 1.0368 2.4543
13020 6510.0 3.4876 6.3118 3.4876 0.9845 2.3861
13030 6515.0 3.4976 5.2386 3.4976 0.9846 2.4092
13040 6520.0 3.4610 9.6624 3.4610 1.0065 2.4919
13050 6525.0 3.4918 5.8583 3.4918 0.9740 2.4193
13060 6530.0 3.4715 8.2611 3.4715 1.0399 2.5041
13070 6535.0 3.5178 3.3815 3.5178 0.9893 2.4834
13080 6540.0 3.5112 3.9434 3.5112 1.0078 2.4391
13090 6545.0 3.5170 3.4434 3.5170 0.9830 2.5065
13100 6550.0 3.5374 1.9570 3.5374 1.0583 2.4471
13110 6555.0 3.5593 0.8296 3.5593 0.9590 2.3974
13120 6560.0 3.5427 1.6430 3.5427 1.0572 2.3713
13130 6565.0 3.5089 4.1521 3.5089 0.9618 2.3834
13140 6570.0 3.5589 0.8461 3.5589 1.0603 2.2766
13150 6575.0 3.5251 2.8040 3.5251 0.9872 2.2830
13160 6580.0 3.5204 3.1656 3.5204 1.0370 2.2535
13170 6585.0 3.5463 1.4425 3.5463 1.0166 2.1907
13180 6590.0 3.5385 1.8888 3.5385 1.0041 2.1989
13190 6595.0 3.4981 5.1867 3.4981 1.0672 2.2685
13200 6600.0 3.4958 5.4334 3.4958 0.9817 2.2748
13210 6605.0 3.5009 4.9069 3.5009 1.0350 2.1337
13220 6610.0 3.5058 4.4327 3.5058 0.9630 2.2361
13230 6615.0 3.4927 5.7590 3.4927 1.0722 2.3186
13240 6620.0 3.4807 7.1197 3.4807 0.9562 2.3648
13250 6625.0 3.4983 5.1749 3.4983 1.0654 2.2904
13260 6630.0 3.4765 7.6282 3.4765 0.9505 2.3422
13270 6635.0 3.5034 4.6651 3.5034 1.0613 2.3110
13280 6640.0 3.5001 4.9929 3.5001 0.9708 2.3526
13290 6645.0 3.4817 6.9916 3.4817 1.0468 2.3852
13300 6650.0 3.5070 4.3288 3.5070 0.9686 2.2702
13310 6655.0 3.4873 6.3463 3.4873 1.0267 2.1312
13320 6660.0 3.5268 2.6827 3.5268 0.9813 2.2530
13330 6665.0 3.4254 15.2507 3.4254 1.0221 2.4432
13340 6670.0 3.5051 4.5027 3.5051 0.9649 2.3449
13350 6675.0 3.4570 10.2292 3.4570 1.0351 2.1487
13360 6680.0 3.5140 3.6989 3.5140 0.9740 2.2957
13370 6685.0 3.4474 11.6370 3.4474 1.0269 2.5742
13380 6690.0 3.4798 7.2239 3.4798 0.9712 2.5759
13390 6695.0 3.5424 1.6589 3.5424 1.0422 2.3958
13400 6700.0 3.5057 4.4421 3.5057 0.9600 2.4148
13410 6705.0 3.5311 2.3714 3.5311 1.0232 2.5222
13420 6710.0 3.4991 5.0929 3.4991 0.9827 2.6249
13430 6715.0 3.4789 7.3276 3.4789 1.0390 2.6571
13440 6720.0 3.4943 5.5837 3.4943 1.0058 2.6134
13450 6725.0 3.4932 5.7070 3.4932 0.9991 2.5734
13460 6730.0 3.4791 7.3106 3.4791 1.0103 2.5996
13470 6735.0 3.4619 9.5338 3.4619 1.0082 2.6069
13480 6740.0 3.4610 9.6666 3.4610 1.0171 2.5492
13490 6745.0 3.4535 10.7331 3.4535 1.0079 2.4771
13500 6750.0 3.4608 9.6837 3.4608 0.9963 2.3775
13510 6755.0 3.4827 6.8834 3.4827 1.0098 2.3209
13520 6760.0 3.4643 9.2103 3.4643 0.9822 2.3952
13530 6765.0 3.4912 5.9162 3.4912 1.0041 2.3564
13540 6770.0 3.5086 4.1746 3.5086 0.9867 2.2302
13550 6775.0 3.5181 3.3568 3.5181 1.0269 2.2773
13560 6780.0 3.4925 5.7785 3.4925 0.9731 2.3061
13570 6785.0 3.5163 3.5024 3.5163 1.0259 2.2081
13580 6790.0 3.5357 2.0693 3.5357 0.9834 2.2224
13590 6795.0 3.5166 3.4774 3.5166 1.0277 2.2986
13600 6800.0 3.5087 4.1681 3.5087 0.9805 2.3348
13610 6805.0 3.5618 0.7299 3.5618 1.0341 2.2803
13620 6810.0 3.5453 1.4988 3.5453 0.9710 2.3113
13630 6815.0 3.5520 1.1522 3.5520 1.0267 2.3182
13640 6820.0 3.5375 1.9533 3.5375 0.9771 2.3519
13650 6825.0 3.5538 1.0668 3.5538 1.0150 2.3187
13660 6830.0 3.5500 1.2502 3.5500 0.9728 2.3207
13670 6835.0 3.5389 1.8664 3.5389 1.0254 2.3433
13680 6840.0 3.4923 5.7950 3.4923 0.9963 2.4008
13690 6845.0 3.5098 4.0646 3.5098 1.0178 2.3687
13700 6850.0 3.5377 1.9437 3.5377 0.9994 2.3356
13710 6855.0 3.5181 3.3514 3.5181 0.9858 2.3972
13720 6860.0 3.4845 6.6674 3.4845 1.0105 2.4365
13730 6865.0 3.5530 1.1064 3.5530 0.9974 2.3668
13740 6870.0 3.5660 0.5796 3.5660 0.9889 2.3823
13750 6875.0 3.5624 0.7076 3.5624 1.0060 2.4703
13760 6880.0 3.5399 1.8075 3.5399 0.9820 2.5500
13770 6885.0 3.5278 2.6082 3.5278 0.9944 2.5800
13780 6890.0 3.5787 0.2268 3.5787 0.9794 2.5120
13790 6895.0 3.5775 0.2535 3.5775 1.0146 2.4888
13800 6900.0 3.5755 0.3010 3.5755 0.9830 2.5338
13810 6905.0 3.5578 0.8904 3.5578 1.0184 2.5475
13820 6910.0 3.5616 0.7373 3.5616 1.0188 2.5171
13830 6915.0 3.5800 0.2007 3.5800 1.0077 2.4664
13840 6920.0 3.5904 0.0458 3.5904 1.0147 2.4353
13850 6925.0 3.5867 0.0887 3.5867 0.9902 2.4234
13860 6930.0 3.5906 0.0446 3.5906 0.9807 2.4176
13870 6935.0 3.5982 0.0016 3.5982 0.9970 2.4104
13880 6940.0 3.5960 0.0082 3.5960 0.9914 2.4874
13890 6945.0 3.5104 4.0121 3.5104 0.9896 2.5792
13900 6950.0 3.5672 0.5367 3.5672 0.9953 2.4833
13910 6955.0 3.5992 0.0004 3.5992 1.0290 2.3718
13920 6960.0 3.6062 0.0189 3.6062 0.9849 2.3475
13930 6965.0 3.6110 0.0608 3.6110 1.0158 2.3869
13940 6970.0 3.5382 1.9086 3.5382 0.9681 2.4971
13950 6975.0 3.5522 1.1414 3.5522 1.0367 2.4497
13960 6980.0 3.5695 0.4644 3.5695 0.9650 2.3264
13970 6985.0 3.5396 1.8255 3.5396 1.0207 2.2837
13980 6990.0 3.5566 0.9397 3.5566 0.9779 2.4061
13990 6995.0 3.5014 4.8640 3.5014 1.0376 2.4244
14000 7000.0 3.5265 2.6992 3.5265 0.9780 2.3643
14010 7005.0 3.5378 1.9367 3.5378 1.0028 2.3269
14020 7010.0 3.5647 0.6239 3.5647 0.9811 2.4235
14030 7015.0 3.5063 4.3909 3.5063 0.9760 2.5078
14040 7020.0 3.5319 2.3213 3.5319 1.0381 2.4499
14050 7025.0 3.5549 1.0186 3.5549 0.9652 2.3472
14060 7030.0 3.5129 3.7920 3.5129 1.0062 2.2722
14070 7035.0 3.5025 4.7552 3.5025 0.9544 2.3836
14080 7040.0 3.4131 17.4643 3.4131 1.0592 2.4198
14090 7045.0 3.5012 4.8811 3.5012 1.0057 2.2543
14100 7050.0 3.4849 6.6250 3.4849 0.9827 2.1549
14110 7055.0 3.5021 4.7937 3.5021 0.9649 2.2509
14120 7060.0 3.4990 5.0998 3.4990 1.0141 2.2369
14130 7065.0 3.4937 5.6466 3.4937 0.9563 2.2336
14140 7070.0 3.5071 4.3115 3.5071 1.0314 2.2401
14150 7075.0 3.4911 5.9245 3.4911 0.9498 2.2776
14160 7080.0 3.4857 6.5272 3.4857 1.0216 2.1451
14170 7085.0 3.5018 4.8262 3.5018 0.9670 2.2260
14180 7090.0 3.4868 6.4113 3.4868 1.0621 2.2854
14190 7095.0 3.5369 1.9882 3.5369 0.9544 2.2476
14200 7100.0 3.5053 4.4837 3.5053 1.0181 2.1272
14210 7105.0 3.5451 1.5048 3.5451 0.9743 2.2556
14220 7110.0 3.4688 8.6021 3.4688 1.0271 2.3539
14230 7115.0 3.5208 3.1345 3.5208 0.9741 2.2949
14240 7120.0 3.5054 4.4765 3.5054 1.0057 2.2391
14250 7125.0 3.4700 8.4546 3.4700 0.9838 2.3493
14260 7130.0 3.4166 16.8148 3.4166 1.0466 2.5157
14270 7135.0 3.4344 13.7041 3.4344 0.9797 2.4746
14280 7140.0 3.4096 18.1349 3.4096 1.0623 2.5450
14290 7145.0 3.4479 11.5693 3.4479 0.9945 2.4155
14300 7150.0 3.4682 8.6867 3.4682 0.9998 2.3752
14310 7155.0 3.4746 7.8670 3.4746 1.0133 2.4374
14320 7160.0 3.5084 4.1981 3.5084 0.9956 2.4058
14330 7165.0 3.5337 2.2000 3.5337 1.0165 2.3627
14340 7170.0 3.5513 1.1854 3.5513 0.9804 2.3674
14350 7175.0 3.5567 0.9384 3.5567 0.9978 2.4061
14360 7180.0 3.5670 0.5435 3.5670 1.0102 2.4294
14370 7185.0 3.5291 2.5102 3.5291 0.9852 2.5046
14380 7190.0 3.4970 5.3058 3.4970 1.0229 2.5245
14390 7195.0 3.5268 2.6810 3.5268 0.9824 2.4243
14400 7200.0 3.5152 3.5933 3.5152 0.9936 2.3346
14410 7205.0 3.5320 2.3122 3.5320 0.9883 2.3907
14420 7210.0 3.4866 6.4352 3.4866 1.0115 2.4853
14430 7215.0 3.4604 9.7396 3.4604 1.0215 2.5074
14440 7220.0 3.4999 5.0127 3.4999 0.9730 2.3865
14450 7225.0 3.4630 9.3863 3.4630 0.9824 2.2821
14460 7230.0 3.4838 6.7531 3.4838 0.9880 2.3607
14470 7235.0 3.4607 9.6982 3.4607 1.0239 2.4593
14480 7240.0 3.4901 6.0434 3.4901 0.9961 2.3906
14490 7245.0 3.4901 6.0389 3.4901 1.0099 2.2959
14500 7250.0 3.5061 4.4084 3.5061 0.9957 2.3430
14510 7255.0 3.4430 12.3269 3.4430 1.0772 2.4298
14520 7260.0 3.4315 14.1959 3.4315 1.0012 2.4305
14530 7265.0 3.5282 2.5795 3.5282 1.0453 2.3024
14540 7270.0 3.5239 2.8955 3.5239 0.9566 2.3101
14550 7275.0 3.5262 2.7244 3.5262 1.0346 2.2517
14560 7280.0 3.4741 7.9227 3.4741 0.9864 2.3268
14570 7285.0 3.5220 3.0442 3.5220 1.0041 2.2469
14580 7290.0 3.5357 2.0674 3.5357 0.9867 2.2208
14590 7295.0 3.5274 2.6365 3.5274 0.9994 2.2228
14600 7300.0 3.5583 0.8674 3.5583 0.9984 2.1731
14610 7305.0 3.5549 1.0159 3.5549 0.9799 2.1764
14620 7310.0 3.5300 2.4471 3.5300 1.0154 2.1998
14630 7315.0 3.5287 2.5384 3.5287 0.9642 2.2022
14640 7320.0 3.5258 2.7545 3.5258 1.0229 2.1720
14650 7325.0 3.4995 5.0502 3.4995 0.9776 2.2161
14660 7330.0 3.5025 4.7557 3.5025 1.0139 2.2152
14670 7335.0 3.5184 3.3328 3.5184 0.9721 2.2052
14680 7340.0 3.5114 3.9273 3.5114 1.0212 2.2658
14690 7345.0 3.5109 3.9656 3.5109 0.9822 2.3223
14700 7350.0 3.5412 1.7296 3.5412 1.0150 2.2801
14710 7355.0 3.5289 2.5252 3.5289 0.9686 2.3257
14720 7360.0 3.5334 2.2182 3.5334 1.0159 2.3037
14730 7365.0 3.5277 2.6149 3.5277 0.9610 2.3132
14740 7370.0 3.5055 4.4644 3.5055 1.0131 2.3276
14750 7375.0 3.5135 3.7375 3.5135 0.9636 2.3107
14760 7380.0 3.4803 7.1607 3.4803 1.0254 2.2805
14770 7385.0 3.4615 9.5855 3.4615 0.9763 2.4227
14780 7390.0 3.4605 9.7327 3.4605 1.0243 2.4041
14790 7395.0 3.5012 4.8809 3.5012 0.9783 2.2380
14800 7400.0 3.5142 3.6850 3.5142 0.9899 2.1898
14810 7405.0 3.5212 3.1025 3.5212 1.0023 2.2087
14820 7410.0 3.4687 8.6145 3.4687 0.9978 2.3419
14830 7415.0 3.4679 8.7186 3.4679 1.0003 2.3280
14840 7420.0 3.4918 5.8488 3.4918 0.9861 2.2008
14850 7425.0 3.4815 7.0267 3.4815 0.9966 2.2096
14860 7430.0 3.4695 8.5154 3.4695 1.0021 2.3483
14870 7435.0 3.4450 12.0150 3.4450 1.0167 2.3933
14880 7440.0 3.4729 8.0735 3.4729 1.0054 2.3421
14890 7445.0 3.4748 7.8407 3.4748 1.0137 2.3475
14900 7450.0 3.4981 5.1896 3.4981 0.9882 2.2851
14910 7455.0 3.4961 5.3942 3.4961 1.0302 2.2991
14920 7460.0 3.4669 8.8645 3.4669 1.0625 2.3519
14930 7465.0 3.5325 2.2795 3.5325 0.9737 2.2661
14940 7470.0 3.5413 1.7209 3.5413 1.0262 2.2163
14950 7475.0 3.5240 2.8874 3.5240 0.9943 2.3023
14960 7480.0 3.5194 3.2484 3.5194 1.0985 2.3116
14970 7485.0 3.5343 2.1602 3.5343 0.9394 2.2915
14980 7490.0 3.5221 3.0329 3.5221 1.0970 2.2185
14990 7495.0 3.5073 4.2935 3.5073 0.9375 2.3437
15000 7500.0 3.5090 4.1450 3.5090 1.1133 2.3545
15010 7505.0 3.5215 3.0804 3.5215 1.0182 2.3295
15020 7510.0 3.5181 3.3501 3.5181 1.0115 2.2919
15030 7515.0 3.5072 4.3059 3.5072 1.0492 2.3580
15040 7520.0 3.4736 7.9920 3.4736 0.9834 2.4214
15050 7525.0 3.4978 5.2209 3.4978 1.0826 2.3157
15060 7530.0 3.5245 2.8529 3.5245 0.9331 2.3470
15070 7535.0 3.5012 4.8807 3.5012 1.0577 2.3677
15080 7540.0 3.4637 9.2837 3.4637 0.9678 2.5172
15090 7545.0 3.5136 3.7336 3.5136 1.0686 2.4625
15100 7550.0 3.5207 3.1477 3.5207 0.9405 2.3963
15110 7555.0 3.4929 5.7403 3.4929 1.0094 2.4020
15120 7560.0 3.5143 3.6724 3.5143 0.9838 2.5070
15130 7565.0 3.5206 3.1484 3.5206 1.0626 2.5112
15140 7570.0 3.5555 0.9881 3.5555 0.9625 2.4765
15150 7575.0 3.5358 2.0636 3.5358 1.0487 2.4486
15160 7580.0 3.5482 1.3438 3.5482 0.9552 2.5291
15170 7585.0 3.5350 2.1132 3.5350 1.0598 2.5229
15180 7590.0 3.5752 0.3079 3.5752 0.9709 2.4828
15190 7595.0 3.5648 0.6192 3.5648 1.0300 2.4234
15200 7600.0 3.5659 0.5805 3.5659 0.9663 2.4889
15210 7605.0 3.5126 3.8212 3.5126 1.0348 2.5653
15220 7610.0 3.5008 4.9163 3.5008 0.9902 2.5604
15230 7615.0 3.5308 2.3963 3.5308 1.0156 2.4536
15240 7620.0 3.5137 3.7214 3.5137 0.9544 2.4163
15250 7625.0 3.5134 3.7478 3.5134 1.0318 2.4347
15260 7630.0 3.5045 4.5556 3.5045 0.9830 2.4622
15270 7635.0 3.5149 3.6221 3.5149 1.0207 2.4148
15280 7640.0 3.5152 3.5958 3.5152 0.9851 2.3449
15290 7645.0 3.5129 3.7918 3.5129 1.0030 2.3342
15300 7650.0 3.5020 4.8006 3.5020 1.0043 2.3861
15310 7655.0 3.4871 6.3776 3.4871 1.0210 2.3989
15320 7660.0 3.4847 6.6448 3.4847 0.9796 2.3724
15330 7665.0 3.5051 4.5041 3.5051 1.0335 2.3420
15340 7670.0 3.4807 7.1111 3.4807 0.9775 2.4154
15350 7675.0 3.4952 5.4888 3.4952 1.0407 2.3970
15360 7680.0 3.5253 2.7869 3.5253 0.9713 2.3378
15370 7685.0 3.5182 3.3447 3.5182 1.0430 2.3163
15380 7690.0 3.4983 5.1761 3.4983 1.0140 2.4094
15390 7695.0 3.5173 3.4187 3.5173 1.0185 2.4081
15400 7700.0 3.5547 1.0281 3.5547 1.0433 2.3631
15410 7705.0 3.5295 2.4882 3.5295 0.9742 2.3880
15420 7710.0 3.5247 2.8324 3.5247 1.0903 2.3739
15430 7715.0 3.5463 1.4431 3.5463 1.0088 2.3397
15440 7720.0 3.5257 2.7613 3.5257 1.0208 2.3901
15450 7725.0 3.5311 2.3720 3.5311 0.9696 2.3783
15460 7730.0 3.5035 4.6550 3.5035 1.0332 2.2960
15470 7735.0 3.5221 3.0376 3.5221 0.9704 2.3380
15480 7740.0 3.4968 5.3230 3.4968 1.0177 2.3587
15490 7745.0 3.5062 4.4006 3.5062 0.9652 2.3326
15500 7750.0 3.5086 4.1770 3.5086 1.0232 2.3389
15510 7755.0 3.4447 12.0604 3.4447 0.9837 2.4269
15520 7760.0 3.4869 6.4013 3.4869 1.0202 2.3262
15530 7765.0 3.4849 6.6241 3.4849 0.9744 2.2080
15540 7770.0 3.4830 6.8449 3.4830 1.0068 2.1746
15550 7775.0 3.4705 8.3831 3.4705 0.9966 2.3013
15560 7780.0 3.4781 7.4314 3.4781 1.0032 2.2843
15570 7785.0 3.5073 4.2995 3.5073 0.9752 2.1976
15580 7790.0 3.5167 3.4729 3.5167 1.0001 2.1959
15590 7795.0 3.4920 5.8320 3.4920 0.9912 2.2920
15600 7800.0 3.4814 7.0380 3.4814 1.0162 2.3381
15610 7805.0 3.5158 3.5425 3.5158 0.9919 2.2855
15620 7810.0 3.5301 2.4443 3.5301 0.9947 2.2821
15630 7815.0 3.5060 4.4218 3.5060 0.9939 2.4028
15640 7820.0 3.4866 6.4244 3.4866 1.0103 2.4512
15650 7825.0 3.5600 0.8007 3.5600 1.0055 2.3469
15660 7830.0 3.5495 1.2733 3.5495 0.9799 2.2787
15670 7835.0 3.5814 0.1724 3.5814 1.0105 2.3534
15680 7840.0 3.5054 4.4741 3.5054 0.9994 2.4505
15690 7845.0 3.5712 0.4141 3.5712 1.0133 2.3538
15700 7850.0 3.5334 2.2184 3.5334 1.0244 2.2067
15710 7855.0 3.5756 0.2982 3.5756 0.9758 2.2554
15720 7860.0 3.5151 3.6075 3.5151 1.0267 2.3847
15730 7865.0 3.5366 2.0090 3.5366 0.9712 2.3682
15740 7870.0 3.5599 0.8042 3.5599 1.0270 2.2922
15750 7875.0 3.5518 1.1616 3.5518 0.9849 2.3232
15760 7880.0 3.5022 4.7811 3.5022 1.0154 2.4320
15770 7885.0 3.5007 4.9254 3.5007 0.9857 2.4465
15780 7890.0 3.4851 6.5978 3.4851 0.9851 2.4268
15790 7895.0 3.4896 6.0957 3.4896 1.0139 2.5032
15800 7900.0 3.4918 5.8563 3.4918 1.0712 2.5152
15810 7905.0 3.4779 7.4549 3.4779 0.9532 2.5419
15820 7910.0 3.4556 10.4259 3.4556 1.0652 2.5717
15830 7915.0 3.4822 6.9386 3.4822 0.9553 2.5541
15840 7920.0 3.4633 9.3411 3.4633 1.0310 2.4860
15850 7925.0 3.4590 9.9433 3.4590 0.9761 2.6092
15860 7930.0 3.4969 5.3130 3.4969 1.0372 2.5424
15870 7935.0 3.5084 4.1984 3.5084 0.9812 2.4689
15880 7940.0 3.5330 2.2460 3.5330 0.9964 2.4994
15890 7945.0 3.4787 7.3540 3.4787 1.0198 2.5510
15900 7950.0 3.5182 3.3441 3.5182 1.0083 2.4713
15910 7955.0 3.4867 6.4131 3.4867 0.9987 2.5029
15920 7960.0 3.4596 9.8592 3.4596 0.9759 2.6182
15930 7965.0 3.4733 8.0203 3.4733 1.0370 2.5450
15940 7970.0 3.4535 10.7368 3.4535 0.9537 2.6390
15950 7975.0 3.4754 7.7574 3.4754 1.0932 2.6718
15960 7980.0 3.4976 5.2401 3.4976 0.9455 2.6064
15970 7985.0 3.4731 8.0522 3.4731 1.0212 2.5425
15980 7990.0 3.4225 15.7556 3.4225 0.9663 2.6820
15990 7995.0 3.5041 4.5979 3.5041 1.0298 2.5511
16000 8000.0 3.4940 5.6221 3.4940 0.9283 2.5155
16010 8005.0 3.4841 6.7119 3.4841 1.0593 2.6550
16020 8010.0 3.4932 5.7038 3.4932 0.9394 2.5831
16030 8015.0 3.4532 10.7731 3.4532 1.0317 2.6156
16040 8020.0 3.3942 21.1740 3.3942 0.9730 2.5634
16050 8025.0 3.3849 23.1436 3.3849 1.0123 2.5206
16060 8030.0 3.4047 19.0708 3.4047 0.9976 2.5296
16070 8035.0 3.4740 7.9345 3.4740 1.0260 2.4738
16080 8040.0 3.5270 2.6670 3.5270 0.9584 2.4049
16090 8045.0 3.5071 4.3176 3.5071 1.0527 2.4094
16100 8050.0 3.5494 1.2794 3.5494 0.9607 2.3041
16110 8055.0 3.5385 1.8934 3.5385 1.0217 2.2168
16120 8060.0 3.5373 1.9659 3.5373 0.9985 2.2701
16130 8065.0 3.5395 1.8289 3.5395 0.9931 2.2842
16140 8070.0 3.5389 1.8679 3.5389 1.0030 2.3068
16150 8075.0 3.5213 3.1000 3.5213 1.0004 2.3776
16160 8080.0 3.5294 2.4932 3.5294 1.0150 2.3954
16170 8085.0 3.5690 0.4811 3.5690 1.0359 2.3425
16180 8090.0 3.5898 0.0525 3.5898 0.9810 2.3423
16190 8095.0 3.6052 0.0137 3.6052 1.0232 2.4140
16200 8100.0 3.5434 1.6031 3.5434 0.9840 2.5203
16210 8105.0 3.6028 0.0039 3.6028 1.0497 2.4275
16220 8110.0 3.5763 0.2800 3.5763 0.9565 2.3758
16230 8115.0 3.5691 0.4759 3.5691 1.0405 2.3974
16240 8120.0 3.4840 6.7230 3.4840 1.0029 2.5724
16250 8125.0 3.5050 4.5119 3.5050 1.0425 2.5423
16260 8130.0 3.5495 1.2752 3.5495 1.0471 2.3805
16270 8135.0 3.5690 0.4793 3.5690 0.9875 2.4025
16280 8140.0 3.5583 0.8711 3.5583 1.0915 2.4140
16290 8145.0 3.5807 0.1855 3.5807 0.9864 2.3560
16300 8150.0 3.5571 0.9222 3.5571 1.0559 2.2776
16310 8155.0 3.5606 0.7756 3.5606 1.0198 2.3454
16320 8160.0 3.5403 1.7794 3.5403 0.9982 2.3611
16330 8165.0 3.5543 1.0439 3.5543 1.0339 2.3031
16340 8170.0 3.5501 1.2472 3.5501 0.9807 2.2767
16350 8175.0 3.5588 0.8494 3.5588 1.0685 2.3446
16360 8180.0 3.5166 3.4767 3.5166 0.9403 2.4160
16370 8185.0 3.5286 2.5509 3.5286 1.0649 2.3776
16380 8190.0 3.5245 2.8472 3.5245 0.9314 2.3832
16390 8195.0 3.5016 4.8431 3.5016 1.0654 2.4312
16400 8200.0 3.4541 10.6367 3.4541 0.9350 2.4465
16410 8205.0 3.4930 5.7215 3.4930 1.0491 2.2652
16420 8210.0 3.5147 3.6404 3.5147 0.9428 2.2921
16430 8215.0 3.5105 4.0032 3.5105 1.0601 2.3622
16440 8220.0 3.4671 8.8318 3.4671 0.9509 2.3853
16450 8225.0 3.5044 4.5726 3.5044 1.0646 2.2151
16460 8230.0 3.5264 2.7098 3.5264 0.9397 2.2549
16470 8235.0 3.4828 6.8727 3.4828 1.0647 2.3368
16480 8240.0 3.5273 2.6419 3.5273 0.9422 2.3019
16490 8245.0 3.5124 3.8342 3.5124 1.0854 2.2467
16500 8250.0 3.4779 7.4522 3.4779 0.9582 2.3843
16510 8255.0 3.4659 8.9931 3.4659 1.0491 2.4059
16520 8260.0 3.5195 3.2432 3.5195 0.9745 2.3370
16530 8265.0 3.4928 5.7486 3.4928 1.0254 2.3629
16540 8270.0 3.4537 10.7056 3.4537 1.0026 2.4748
16550 8275.0 3.4389 12.9841 3.4389 1.0325 2.3729
16560 8280.0 3.4672 8.8136 3.4672 0.9780 2.4767
16570 8285.0 3.4804 7.1481 3.4804 1.0562 2.4309
16580 8290.0 3.5220 3.0395 3.5220 0.9555 2.3593
16590 8295.0 3.5210 3.1239 3.5210 1.0539 2.3635
16600 8300.0 3.4533 10.7612 3.4533 0.9914 2.4808
16610 8305.0 3.5423 1.6651 3.5423 1.0370 2.3762
16620 8310.0 3.5721 0.3899 3.5721 0.9735 2.3921
16630 8315.0 3.4809 7.0964 3.4809 1.0707 2.4909
16640 8320.0 3.5743 0.3311 3.5743 1.0124 2.3994
16650 8325.0 3.4893 6.1316 3.4893 1.0129 2.2626
16660 8330.0 3.5662 0.5708 3.5662 0.9693 2.3925
16670 8335.0 3.4400 12.7942 3.4400 1.0452 2.5597
16680 8340.0 3.5443 1.5515 3.5443 0.9508 2.4673
16690 8345.0 3.4937 5.6541 3.4937 1.0133 2.3739
16700 8350.0 3.5492 1.2884 3.5492 0.9712 2.4707
16710 8355.0 3.5175 3.4069 3.5175 1.0262 2.5175
16720 8360.0 3.5787 0.2270 3.5787 0.9797 2.4482
16730 8365.0 3.5521 1.1454 3.5521 1.0414 2.4202
16740 8370.0 3.5487 1.3173 3.5487 0.9716 2.5182
16750 8375.0 3.5055 4.4662 3.5055 1.0736 2.5765
16760 8380.0 3.5710 0.4197 3.5710 0.9532 2.5002
16770 8385.0 3.5622 0.7139 3.5622 1.0516 2.4508
16780 8390.0 3.5450 1.5147 3.5450 0.9579 2.5279
16790 8395.0 3.5275 2.6265 3.5275 1.0441 2.5757
16800 8400.0 3.5526 1.1211 3.5526 0.9543 2.4851
16810 8405.0 3.4866 6.4290 3.4866 1.0390 2.3806
16820 8410.0 3.5776 0.2505 3.5776 0.9548 2.4686
16830 8415.0 3.4916 5.8782 3.4916 1.0502 2.6246
16840 8420.0 3.5300 2.4506 3.5300 0.9566 2.5858
16850 8425.0 3.5344 2.1494 3.5344 1.0604 2.4267
16860 8430.0 3.6003 0.0001 3.6003 0.9470 2.4768
16870 8435.0 3.5206 3.1531 3.5206 1.0709 2.5541
16880 8440.0 3.5095 4.0953 3.5095 1.0140 2.5346
16890 8445.0 3.5822 0.1580 3.5822 1.0206 2.4104
16900 8450.0 3.5775 0.2526 3.5775 1.0121 2.3700
16910 8455.0 3.5372 1.9734 3.5372 0.9959 2.3971
16920 8460.0 3.5563 0.9539 3.5563 1.0247 2.3411
16930 8465.0 3.5353 2.0959 3.5353 1.0072 2.3591
16940 8470.0 3.4901 6.0417 3.4901 1.0011 2.4073
16950 8475.0 3.5126 3.8234 3.5126 1.0241 2.3877
16960 8480.0 3.5100 4.0541 3.5100 0.9889 2.4101
16970 8485.0 3.4884 6.2274 3.4884 1.0494 2.4236
16980 8490.0 3.4468 11.7367 3.4468 0.9690 2.5026
16990 8495.0 3.4639 9.2604 3.4639 1.0419 2.4074
17000 8500.0 3.4947 5.5409 3.4947 0.9329 2.4840
17010 8505.0 3.4775 7.4984 3.4775 1.0980 2.4663
17020 8510.0 3.4894 6.1116 3.4894 0.9472 2.4978
17030 8515.0 3.4624 9.4713 3.4624 1.0565 2.4132
17040 8520.0 3.4605 9.7361 3.4605 0.9447 2.5133
17050 8525.0 3.4891 6.1463 3.4891 1.0423 2.4279
17060 8530.0 3.5183 3.3390 3.5183 0.9657 2.3707
17070 8535.0 3.5218 3.0598 3.5218 1.0362 2.3300
17080 8540.0 3.5462 1.4460 3.5462 0.9664 2.3123
17090 8545.0 3.5486 1.3221 3.5486 1.0339 2.3210
17100 8550.0 3.4967 5.3381 3.4967 0.9979 2.4006
17110 8555.0 3.5479 1.3572 3.5479 1.0268 2.3286
17120 8560.0 3.5466 1.4237 3.5466 1.0208 2.3067
17130 8565.0 3.5070 4.3249 3.5070 0.9931 2.3397
17140 8570.0 3.5244 2.8603 3.5244 1.0731 2.3150
17150 8575.0 3.5087 4.1677 3.5087 0.9573 2.3631
17160 8580.0 3.5360 2.0465 3.5360 1.0850 2.3235
17170 8585.0 3.5600 0.7991 3.5600 0.9597 2.2971
17180 8590.0 3.5277 2.6134 3.5277 1.0442 2.2108
17190 8595.0 3.4757 7.7195 3.4757 0.9944 2.3977
17200 8600.0 3.4388 12.9923 3.4388 1.0282 2.4248
17210 8605.0 3.5441 1.5636 3.5441 1.0266 2.2311
17220 8610.0 3.5342 2.1674 3.5342 0.9735 2.2008
17230 8615.0 3.4896 6.0897 3.4896 1.0544 2.3533
17240 8620.0 3.4301 14.4326 3.4301 0.9730 2.4351
17250 8625.0 3.5342 2.1625 3.5342 1.0636 2.2182
17260 8630.0 3.5522 1.1438 3.5522 0.9520 2.2202
17270 8635.0 3.5405 1.7686 3.5405 1.0759 2.3056
17280 8640.0 3.4962 5.3824 3.4962 1.0204 2.3713
17290 8645.0 3.5680 0.5116 3.5680 0.9980 2.2532
17300 8650.0 3.5519 1.1556 3.5519 1.0350 2.2884
17310 8655.0 3.5048 4.5351 3.5048 0.9860 2.4117
17320 8660.0 3.5069 4.3307 3.5069 1.0203 2.3646
17330 8665.0 3.5041 4.5937 3.5041 0.9673 2.4336
17340 8670.0 3.4622 9.5013 3.4622 1.0115 2.5433
17350 8675.0 3.4699 8.4591 3.4699 0.9906 2.5137
17360 8680.0 3.4643 9.2056 3.4643 0.9880 2.5736
17370 8685.0 3.4546 10.5668 3.4546 1.0194 2.6264
17380 8690.0 3.4558 10.3983 3.4558 0.9508 2.6001
17390 8695.0 3.4611 9.6420 3.4611 1.0360 2.6111
17400 8700.0 3.4612 9.6364 3.4612 0.9783 2.6701
17410 8705.0 3.4843 6.6904 3.4843 1.0163 2.5616
17420 8710.0 3.4953 5.4774 3.4953 0.9679 2.5464
17430 8715.0 3.4940 5.6163 3.4940 0.9899 2.6138
17440 8720.0 3.4721 8.1792 3.4721 1.0137 2.6337
17450 8725.0 3.4956 5.4522 3.4956 0.9568 2.5301
17460 8730.0 3.4668 8.8660 3.4668 1.0104 2.4805
17470 8735.0 3.4504 11.1872 3.4504 0.9642 2.6071
17480 8740.0 3.4961 5.3935 3.4961 1.0418 2.5564
17490 8745.0 3.5270 2.6662 3.5270 0.9470 2.4244
17500 8750.0 3.5117 3.9007 3.5117 1.0124 2.3889
17510 8755.0 3.5003 4.9688 3.5003 0.9854 2.5300
17520 8760.0 3.4928 5.7411 3.4928 1.0449 2.5351
17530 8765.0 3.5663 0.5688 3.5663 0.9814 2.4587
17540 8770.0 3.5564 0.9503 3.5564 1.0323 2.4612
17550 8775.0 3.4290 14.6173 3.4290 0.9830 2.5947
17560 8780.0 3.5426 1.6467 3.5426 1.0268 2.4642
17570 8785.0 3.5796 0.2084 3.5796 0.9522 2.3941
17580 8790.0 3.5645 0.6314 3.5645 1.0014 2.3941
17590 8795.0 3.5352 2.0995 3.5352 0.9896 2.4760
17600 8800.0 3.5211 3.1109 3.5211 0.9886 2.4960
17610 8805.0 3.5511 1.1948 3.5511 1.0065 2.4588
17620 8810.0 3.5652 0.6056 3.5652 0.9810 2.4428
17630 8815.0 3.5882 0.0691 3.5882 1.0145 2.3966
17640 8820.0 3.5486 1.3213 3.5486 0.9652 2.4290
17650 8825.0 3.5435 1.5974 3.5435 1.0256 2.4095
17660 8830.0 3.5374 1.9563 3.5374 0.9740 2.4003
17670 8835.0 3.5566 0.9413 3.5566 1.0391 2.3441
17680 8840.0 3.5684 0.4983 3.5684 0.9589 2.3133
17690 8845.0 3.6001 0.0000 3.6001 1.0296 2.2568
17700 8850.0 3.5817 0.1680 3.5817 0.9818 2.2766
17710 8855.0 3.5222 3.0275 3.5222 1.0157 2.3481
17720 8860.0 3.5525 1.1272 3.5525 0.9675 2.3358
17730 8865.0 3.5497 1.2657 3.5497 1.0199 2.3379
17740 8870.0 3.5318 2.3277 3.5318 0.9782 2.4095
17750 8875.0 3.5222 3.0260 3.5222 1.0420 2.4252
17760 8880.0 3.5271 2.6584 3.5271 0.9716 2.4329
17770 8885.0 3.4993 5.0696 3.4993 1.0290 2.4634
17780 8890.0 3.4934 5.6810 3.4934 0.9794 2.4613
17790 8895.0 3.4755 7.7469 3.4755 1.0049 2.4541
17800 8900.0 3.4655 9.0473 3.4655 1.0044 2.4352
17810 8905.0 3.4671 8.8274 3.4671 0.9821 2.3895
17820 8910.0 3.4644 9.1929 3.4644 1.0281 2.3677
17830 8915.0 3.4768 7.5952 3.4768 0.9723 2.3317
17840 8920.0 3.5111 3.9494 3.5111 1.0240 2.2349
17850 8925.0 3.4914 5.9007 3.4914 0.9914 2.2555
17860 8930.0 3.4988 5.1212 3.4988 0.9987 2.2301
17870 8935.0 3.5174 3.4131 3.5174 1.0023 2.2114
17880 8940.0 3.5210 3.1213 3.5210 1.0073 2.2295
17890 8945.0 3.5423 1.6628 3.5423 0.9912 2.2299
17900 8950.0 3.5693 0.4703 3.5693 1.0165 2.2208
17910 8955.0 3.5572 0.9139 3.5572 0.9752 2.2743
17920 8960.0 3.5593 0.8277 3.5593 1.0199 2.3027
17930 8965.0 3.5337 2.1958 3.5337 0.9812 2.3809
17940 8970.0 3.5331 2.2399 3.5331 1.0246 2.3629
17950 8975.0 3.5313 2.3595 3.5313 0.9717 2.4122
17960 8980.0 3.5148 3.6267 3.5148 1.0181 2.4785
17970 8985.0 3.5066 4.3624 3.5066 0.9890 2.5114
17980 8990.0 3.5046 4.5487 3.5046 1.0217 2.4800
17990 8995.0 3.4951 5.5017 3.4951 0.9870 2.4972
18000 9000.0 3.4886 6.2031 3.4886 1.0153 2.4694
