# step  time_fs  cv_FeH(A)  bias(kJ/mol)  d_min_FeH(A)  d_min_OH(A)  d_min_SH(A)
0 0.0 1.7182 2603.2345 1.7182 2.5114 2.4126
10 5.0 3.0953 409.2812 3.0953 1.4740 2.4512
20 10.0 3.3233 228.9919 3.3233 1.3033 2.3757
30 15.0 3.2698 266.6052 3.2698 1.3649 2.4863
40 20.0 3.4047 177.1693 3.4047 1.4559 2.3730
50 25.0 3.2908 251.4471 3.2908 1.6394 1.8681
60 30.0 3.1317 376.9817 3.1317 2.5241 2.2715
70 35.0 2.8929 612.7890 2.8929 1.4138 2.0483
80 40.0 3.0212 479.0244 3.0212 2.2509 2.0219
90 45.0 3.1919 326.5441 3.1919 1.7901 2.4885
100 50.0 3.1724 342.4755 3.1724 0.8464 2.5929
110 55.0 3.1709 343.7069 3.1709 1.3815 2.4794
120 60.0 3.2093 312.5817 3.2093 0.8838 2.6992
130 65.0 3.3669 200.3935 3.3669 1.4131 1.9878
140 70.0 3.3534 209.0565 3.3534 1.2877 1.9507
150 75.0 3.2869 254.2231 3.2869 0.9691 2.5871
160 80.0 3.3932 184.0964 3.3932 1.3157 1.9671
170 85.0 3.4581 146.8547 3.4581 0.9620 2.3918
180 90.0 3.3205 230.8594 3.3205 1.0269 2.5425
190 95.0 3.2276 298.2735 3.2276 1.2619 2.0108
200 100.0 3.2559 276.8106 3.2559 1.0075 2.5317
210 105.0 3.4604 145.5652 3.4604 1.1535 2.0587
220 110.0 3.5793 88.5046 3.5793 1.1179 2.2394
230 115.0 3.3121 236.5927 3.3121 0.9901 2.7909
240 120.0 3.3797 192.4099 3.3797 1.0995 2.2513
250 125.0 3.6011 79.5534 3.6011 0.9341 2.5380
260 130.0 3.5865 85.5041 3.5865 1.1834 2.4317
270 135.0 3.4697 140.6299 3.4697 0.8716 2.2829
280 140.0 3.4820 134.1690 3.4820 1.2555 2.6502
290 145.0 3.5332 108.9349 3.5332 1.1813 2.3898
300 150.0 3.5476 102.3122 3.5476 0.9422 2.7042
310 155.0 3.5345 108.3332 3.5345 1.2578 2.5158
320 160.0 3.4974 126.3057 3.4974 1.2562 2.7246
330 165.0 3.5403 105.6446 3.5403 1.2370 2.5080
340 170.0 3.5912 83.5588 3.5912 0.8891 2.5652
350 175.0 3.5152 117.5031 3.5152 1.0958 2.6432
360 180.0 3.5244 113.1176 3.5244 1.1174 2.7823
370 185.0 3.4966 126.7232 3.4966 1.1902 2.5301
380 190.0 3.5177 116.3298 3.5177 0.9915 2.7637
390 195.0 3.5709 92.0838 3.5709 1.2295 2.4953
400 200.0 3.5512 100.7069 3.5512 1.1288 2.7529
410 205.0 3.5389 106.3057 3.5389 0.9803 2.5290
420 210.0 3.5799 88.2267 3.5799 1.0737 2.7107
430 215.0 3.5932 82.7458 3.5932 1.1304 2.4909
440 220.0 3.5764 89.7016 3.5764 1.1552 2.7165
450 225.0 3.5975 81.0031 3.5975 0.9723 2.4647
460 230.0 3.6171 73.3224 3.6171 1.2726 2.6777
470 235.0 3.6210 71.8082 3.6210 1.1916 2.4950
480 240.0 3.6463 62.5548 3.6463 0.9592 2.5924
490 245.0 3.6500 61.2635 3.6500 1.1478 2.5628
500 250.0 3.6623 57.0291 3.6623 1.1209 2.6227
510 255.0 3.6592 58.0653 3.6592 0.9613 2.5560
520 260.0 3.6621 57.0719 3.6621 1.1143 2.6487
530 265.0 3.6786 51.6450 3.6786 0.9704 2.6140
540 270.0 3.6275 69.3736 3.6275 1.0843 2.6840
550 275.0 3.6598 57.8664 3.6598 1.0085 2.5826
560 280.0 3.6614 57.3399 3.6614 1.0206 2.6918
570 285.0 3.6714 54.0047 3.6714 1.0388 2.5935
580 290.0 3.6704 54.3162 3.6704 0.9863 2.6267
590 295.0 3.6219 71.4851 3.6219 1.0462 2.6594
600 300.0 3.6383 65.4142 3.6383 0.9848 2.4972
610 305.0 3.6365 66.0687 3.6365 1.0166 2.4783
620 310.0 3.6286 68.9567 3.6286 0.9797 2.5023
630 315.0 3.6481 61.9226 3.6481 1.0347 2.4032
640 320.0 3.6604 57.6664 3.6604 1.0000 2.3700
650 325.0 3.6329 67.3960 3.6329 0.9901 2.4227
660 330.0 3.6275 69.3967 3.6275 1.0315 2.3137
670 335.0 3.6393 65.0405 3.6393 1.0343 2.3448
680 340.0 3.5972 81.1279 3.5972 0.9682 2.4369
690 345.0 3.6198 72.2932 3.6198 1.0784 2.3724
700 350.0 3.6381 65.4952 3.6381 1.0233 2.4120
710 355.0 3.6033 78.7009 3.6033 0.9785 2.4782
720 360.0 3.5997 80.1190 3.5997 1.0999 2.3961
730 365.0 3.6196 72.3693 3.6196 0.9605 2.4934
740 370.0 3.6399 64.8474 3.6399 1.0314 2.4466
750 375.0 3.6447 63.1250 3.6447 1.0217 2.4631
760 380.0 3.6135 74.6777 3.6135 0.9688 2.5441
770 385.0 3.6263 69.8262 3.6263 1.0376 2.4529
780 390.0 3.6534 60.0770 3.6534 0.9776 2.4688
790 395.0 3.6161 73.7084 3.6161 1.0204 2.5266
800 400.0 3.6455 62.8417 3.6455 0.9596 2.4391
810 405.0 3.6162 73.6576 3.6162 1.0100 2.4019
820 410.0 3.6452 62.9580 3.6452 0.9851 2.4319
830 415.0 3.6356 66.3933 3.6356 0.9856 2.4593
840 420.0 3.6518 60.6067 3.6518 0.9965 2.4456
850 425.0 3.6670 55.4517 3.6670 0.9867 2.4253
860 430.0 3.6535 60.0355 3.6535 1.0171 2.4061
870 435.0 3.6630 56.7710 3.6630 1.0039 2.4218
880 440.0 3.6718 53.8517 3.6718 1.0289 2.4371
890 445.0 3.6750 52.8010 3.6750 1.0438 2.4474
900 450.0 3.6578 58.5542 3.6578 0.9972 2.4108
910 455.0 3.6580 58.4743 3.6580 1.0652 2.4449
920 460.0 3.6637 56.5450 3.6637 0.9534 2.4605
930 465.0 3.6262 69.8786 3.6262 1.1042 2.5014
940 470.0 3.6428 63.7998 3.6428 0.9745 2.4715
950 475.0 3.6308 68.1409 3.6308 1.0375 2.4957
960 480.0 3.6300 68.4626 3.6300 1.0203 2.5004
970 485.0 3.6261 69.9026 3.6261 1.0131 2.5051
980 490.0 3.6059 77.6539 3.6059 1.0962 2.5241
990 495.0 3.6253 70.1970 3.6253 0.9754 2.4776
1000 500.0 3.6254 70.1680 3.6254 1.0178 2.4808
1010 505.0 3.6402 64.7128 3.6402 0.9951 2.4408
1020 510.0 3.6468 62.3885 3.6468 1.0093 2.4136
1030 515.0 3.6486 61.7412 3.6486 0.9838 2.4056
1040 520.0 3.6402 64.7167 3.6402 0.9940 2.3961
1050 525.0 3.6303 68.3446 3.6303 0.9900 2.3403
1060 530.0 3.6207 71.9257 3.6207 1.0214 2.3403
1070 535.0 3.6212 71.7336 3.6212 0.9531 2.3555
1080 540.0 3.5918 83.2947 3.5918 1.0076 2.3807
1090 545.0 3.6160 73.7354 3.6160 0.9394 2.3451
1100 550.0 3.5946 82.1907 3.5946 1.0340 2.3435
1110 555.0 3.5919 83.2582 3.5919 0.9565 2.2833
1120 560.0 3.5679 93.3708 3.5679 1.0908 2.3141
1130 565.0 3.5676 93.4806 3.5676 1.0571 2.3399
1140 570.0 3.5523 100.2269 3.5523 0.9697 2.2995
1150 575.0 3.5287 111.0428 3.5287 1.0971 2.3632
1160 580.0 3.5604 96.6123 3.5604 0.9339 2.3594
1170 585.0 3.5408 105.4535 3.5408 1.0875 2.4363
1180 590.0 3.5789 88.6675 3.5789 1.0133 2.4595
1190 595.0 3.5678 93.3840 3.5678 0.9995 2.5109
1200 600.0 3.5581 97.6206 3.5581 1.0725 2.5433
1210 605.0 3.5572 98.0452 3.5572 0.9740 2.4374
1220 610.0 3.5315 109.7364 3.5315 1.0588 2.6078
1230 615.0 3.5873 85.1760 3.5873 0.9863 2.4284
1240 620.0 3.6137 74.6172 3.6137 1.0733 2.5063
1250 625.0 3.6208 71.8808 3.6208 0.9524 2.4882
1260 630.0 3.6066 77.3861 3.6066 1.1068 2.4171
1270 635.0 3.6042 78.3301 3.6042 0.9856 2.5408
1280 640.0 3.5969 81.2528 3.5969 0.9901 2.4239
1290 645.0 3.5842 86.4629 3.5842 1.0566 2.5391
1300 650.0 3.6305 68.2648 3.6305 0.9331 2.4915
1310 655.0 3.6198 72.2876 3.6198 1.0952 2.4054
1320 660.0 3.6572 58.7489 3.6572 0.9882 2.4446
1330 665.0 3.6558 59.2460 3.6558 0.9374 2.3990
1340 670.0 3.6149 74.1580 3.6149 1.1306 2.4315
1350 675.0 3.6353 66.5035 3.6353 0.9281 2.4759
1360 680.0 3.6416 64.2310 3.6416 1.0141 2.4252
1370 685.0 3.6410 64.4345 3.6410 1.0413 2.4313
1380 690.0 3.6255 70.1144 3.6255 0.9370 2.4738
1390 695.0 3.6250 70.3293 3.6250 1.0296 2.4616
1400 700.0 3.6169 73.3874 3.6169 1.0164 2.3908
1410 705.0 3.6183 72.8610 3.6183 1.0009 2.4472
1420 710.0 3.5976 80.9624 3.5976 0.9960 2.4838
1430 715.0 3.5974 81.0233 3.5974 0.9426 2.4232
1440 720.0 3.5809 87.8202 3.5809 1.0689 2.4752
1450 725.0 3.5920 83.2126 3.5920 0.9597 2.4552
1460 730.0 3.5786 88.7886 3.5786 1.0516 2.4885
1470 735.0 3.5904 83.9029 3.5904 0.9780 2.4636
1480 740.0 3.5807 87.9229 3.5807 1.0127 2.4761
1490 745.0 3.5955 81.8049 3.5955 0.9897 2.4328
1500 750.0 3.5834 86.7834 3.5834 1.0134 2.4147
1510 755.0 3.5993 80.2723 3.5993 0.9544 2.4015
1520 760.0 3.5920 83.2343 3.5920 1.0359 2.4468
1530 765.0 3.6059 77.6514 3.6059 0.9359 2.4682
1540 770.0 3.5709 92.0479 3.5709 1.0163 2.5180
1550 775.0 3.6273 69.4379 3.6273 0.9180 2.4799
1560 780.0 3.6160 73.7211 3.6160 1.0261 2.4824
1570 785.0 3.6350 66.6082 3.6350 0.9441 2.4255
1580 790.0 3.6262 69.8464 3.6262 1.0429 2.4068
1590 795.0 3.6296 68.5830 3.6296 0.9659 2.3566
1600 800.0 3.6395 64.9799 3.6395 1.0407 2.3573
1610 805.0 3.6356 66.4069 3.6356 0.9654 2.3599
1620 810.0 3.6357 66.3616 3.6357 1.0234 2.3146
1630 815.0 3.6473 62.2085 3.6473 0.9613 2.2945
1640 820.0 3.6246 70.4648 3.6246 0.9995 2.3122
1650 825.0 3.6406 64.5999 3.6406 0.9579 2.2852
1660 830.0 3.6141 74.4602 3.6141 1.0457 2.2593
1670 835.0 3.6126 75.0514 3.6126 0.9962 2.3023
1680 840.0 3.6025 78.9986 3.6025 0.9845 2.3576
1690 845.0 3.5834 86.7702 3.5834 0.9622 2.4045
1700 850.0 3.5796 88.3638 3.5796 1.0016 2.3078
1710 855.0 3.5656 94.3382 3.5656 1.0331 2.3535
1720 860.0 3.5470 102.6059 3.5470 0.9527 2.4101
1730 865.0 3.5815 87.5718 3.5815 1.0139 2.4025
1740 870.0 3.5673 93.6061 3.5673 1.0203 2.3408
1750 875.0 3.5757 89.9956 3.5757 1.0010 2.4288
1760 880.0 3.5481 102.1250 3.5481 1.0298 2.4335
1770 885.0 3.5753 90.1720 3.5753 0.9664 2.3353
1780 890.0 3.6021 79.1774 3.6021 1.0545 2.4274
1790 895.0 3.5966 81.3487 3.5966 0.9312 2.4551
1800 900.0 3.5909 83.6683 3.5909 1.0466 2.4419
1810 905.0 3.6170 73.3285 3.6170 0.9399 2.3961
1820 910.0 3.5976 80.9523 3.5976 1.0568 2.4002
1830 915.0 3.6286 68.9644 3.6286 0.9527 2.4006
1840 920.0 3.6277 69.2974 3.6277 1.0482 2.4339
1850 925.0 3.6531 60.1712 3.6531 0.9631 2.4459
1860 930.0 3.6346 66.7525 3.6346 1.0277 2.4955
1870 935.0 3.6442 63.2818 3.6442 0.9532 2.5033
1880 940.0 3.5970 81.1932 3.5970 1.0163 2.5535
1890 945.0 3.6119 75.3136 3.6119 0.9533 2.4489
1900 950.0 3.5923 83.1097 3.5923 1.0557 2.4773
1910 955.0 3.6055 77.8251 3.6055 0.9195 2.5453
1920 960.0 3.5825 87.1737 3.5825 1.0305 2.5407
1930 965.0 3.6011 79.5606 3.6011 0.9528 2.4263
1940 970.0 3.6014 79.4480 3.6014 1.0607 2.4657
1950 975.0 3.6282 69.1110 3.6282 0.9236 2.4349
1960 980.0 3.5830 86.9505 3.5830 1.0074 2.4441
1970 985.0 3.5940 82.3992 3.5940 0.9769 2.2702
1980 990.0 3.6256 70.0701 3.6256 1.0683 2.2901
1990 995.0 3.6396 64.9311 3.6396 0.9680 2.2535
2000 1000.0 3.6353 66.5091 3.6353 1.0527 2.2579
2010 1005.0 3.6292 68.7603 3.6292 0.9856 2.2448
2020 1010.0 3.6132 74.7903 3.6132 1.0201 2.2565
2030 1015.0 3.6023 79.0668 3.6023 0.9994 2.2506
2040 1020.0 3.5891 84.4242 3.5891 0.9940 2.2477
2050 1025.0 3.5677 93.4243 3.5677 0.9914 2.2407
2060 1030.0 3.5488 101.7902 3.5488 1.0112 2.2524
2070 1035.0 3.5456 103.2546 3.5456 0.9775 2.2668
2080 1040.0 3.5313 109.8452 3.5313 1.0059 2.2772
2090 1045.0 3.5433 104.2808 3.5433 0.9806 2.2749
2100 1050.0 3.5502 101.1630 3.5502 0.9740 2.2995
2110 1055.0 3.5545 99.2541 3.5545 0.9812 2.2575
2120 1060.0 3.5427 104.5730 3.5427 1.0160 2.2394
2130 1065.0 3.5331 108.9966 3.5331 1.0238 2.2277
2140 1070.0 3.5454 103.3180 3.5454 0.9850 2.2159
2150 1075.0 3.5267 112.0292 3.5267 0.9850 2.2354
2160 1080.0 3.5427 104.5418 3.5427 0.9690 2.1258
2170 1085.0 3.5366 107.3910 3.5366 1.0402 2.1661
2180 1090.0 3.5617 96.0440 3.5617 0.9232 2.2020
2190 1095.0 3.5577 97.7941 3.5577 1.0506 2.1843
2200 1100.0 3.5713 91.9118 3.5713 0.9669 2.1805
2210 1105.0 3.5691 92.8543 3.5691 1.0275 2.2509
2220 1110.0 3.5738 90.8276 3.5738 0.9462 2.3127
2230 1115.0 3.5713 91.9030 3.5713 0.9580 2.3468
2240 1120.0 3.5488 101.7793 3.5488 1.0267 2.3785
2250 1125.0 3.5446 103.7068 3.5446 0.9716 2.3849
2260 1130.0 3.5248 112.9212 3.5248 1.0463 2.4254
2270 1135.0 3.5412 105.2631 3.5412 0.9775 2.3930
2280 1140.0 3.5659 94.2384 3.5659 0.9356 2.5021
2290 1145.0 3.5585 97.4760 3.5585 0.9991 2.5082
2300 1150.0 3.5530 99.8929 3.5530 0.9733 2.4010
2310 1155.0 3.5632 95.4176 3.5632 1.0110 2.4209
2320 1160.0 3.5668 93.8281 3.5668 0.9080 2.4812
2330 1165.0 3.5566 98.3012 3.5566 1.0770 2.4355
2340 1170.0 3.5523 100.2176 3.5523 0.9723 2.3245
2350 1175.0 3.5575 97.8936 3.5575 0.9857 2.4427
2360 1180.0 3.5509 100.8298 3.5509 0.9199 2.2688
2370 1185.0 3.5100 120.0439 3.5100 1.0713 2.4502
2380 1190.0 3.5743 90.6063 3.5743 0.8645 2.3288
2390 1195.0 3.5051 122.4558 3.5051 1.1444 2.4007
2400 1200.0 3.5463 102.9300 3.5463 0.8799 2.2661
2410 1205.0 3.5565 98.3516 3.5565 0.9804 2.3654
2420 1210.0 3.5148 117.7057 3.5148 1.0400 2.2360
2430 1215.0 3.5873 85.1569 3.5873 0.9700 2.3049
2440 1220.0 3.5788 88.6972 3.5788 1.0933 2.3839
2450 1225.0 3.5712 91.9210 3.5712 0.9370 2.2661
2460 1230.0 3.5210 114.7214 3.5210 0.9561 2.4828
2470 1235.0 3.5626 95.6381 3.5626 1.0214 2.2525
2480 1240.0 3.5967 81.3194 3.5967 1.0047 2.2927
2490 1245.0 3.5313 109.8512 3.5313 0.9952 2.5115
2500 1250.0 3.6129 74.9053 3.6129 0.9967 2.3519
2510 1255.0 3.6380 65.5142 3.6380 1.0426 2.3402
2520 1260.0 3.5540 99.4568 3.5540 0.9914 2.5016
2530 1265.0 3.6408 64.5108 3.6408 0.9653 2.3600
2540 1270.0 3.6150 74.1192 3.6150 1.0032 2.3427
2550 1275.0 3.5868 85.3689 3.5868 1.0218 2.4661
2560 1280.0 3.6221 71.4207 3.6221 0.9256 2.4578
2570 1285.0 3.6653 55.9954 3.6653 0.9216 2.3701
2580 1290.0 3.6437 63.4766 3.6437 1.0291 2.4050
2590 1295.0 3.6507 61.0192 3.6507 1.0254 2.3489
2600 1300.0 3.6937 46.9075 3.6937 0.9288 2.3466
2610 1305.0 3.6105 75.8425 3.6105 0.9752 2.4489
2620 1310.0 3.6597 57.9031 3.6597 1.0651 2.3409
2630 1315.0 3.6744 53.0096 3.6744 0.9567 2.3451
2640 1320.0 3.6451 62.9675 3.6451 0.9452 2.4496
2650 1325.0 3.6576 58.6358 3.6576 1.0407 2.4138
2660 1330.0 3.6372 65.8037 3.6372 0.9835 2.3726
2670 1335.0 3.6303 68.3293 3.6303 1.0188 2.4396
2680 1340.0 3.5925 83.0108 3.5925 1.0033 2.5290
2690 1345.0 3.6223 71.3452 3.6223 0.9241 2.4603
2700 1350.0 3.6003 79.8949 3.6003 0.9698 2.4961
2710 1355.0 3.5836 86.6965 3.5836 1.0330 2.4928
2720 1360.0 3.5817 87.4728 3.5817 0.9520 2.4140
2730 1365.0 3.5532 99.8186 3.5532 1.0471 2.4465
2740 1370.0 3.5808 87.8833 3.5808 0.9900 2.4423
2750 1375.0 3.5744 90.5503 3.5744 0.9744 2.4334
2760 1380.0 3.5504 101.0489 3.5504 1.0548 2.4823
2770 1385.0 3.5865 85.4954 3.5865 0.9124 2.4067
2780 1390.0 3.5305 110.2118 3.5305 1.0180 2.5109
2790 1395.0 3.5947 82.1274 3.5947 0.8958 2.4582
2800 1400.0 3.5223 114.1098 3.5223 1.0093 2.5203
2810 1405.0 3.6034 78.6519 3.6034 0.9184 2.4024
2820 1410.0 3.5655 94.3974 3.5655 1.0512 2.5030
2830 1415.0 3.6353 66.5200 3.6353 0.9187 2.4381
2840 1420.0 3.6017 79.3195 3.6017 1.0349 2.5071
2850 1425.0 3.6503 61.1590 3.6503 0.9595 2.4297
2860 1430.0 3.6397 64.9009 3.6397 1.0306 2.4578
2870 1435.0 3.6351 66.5706 3.6351 0.9800 2.4093
2880 1440.0 3.6196 72.3407 3.6196 0.9368 2.3531
2890 1445.0 3.6003 79.8979 3.6003 1.0085 2.4763
2900 1450.0 3.6214 71.6703 3.6214 0.9757 2.3687
2910 1455.0 3.6123 75.1561 3.6123 0.9963 2.4107
2920 1460.0 3.5632 95.3997 3.5632 1.0048 2.5173
2930 1465.0 3.5580 97.6839 3.5580 0.9693 2.4233
2940 1470.0 3.5630 95.5041 3.5630 0.9850 2.5073
2950 1475.0 3.6004 79.8530 3.6004 1.0284 2.4035
2960 1480.0 3.6171 73.3138 3.6171 0.9668 2.4385
2970 1485.0 3.6116 75.4087 3.6116 0.9845 2.5144
2980 1490.0 3.6316 67.8588 3.6316 0.9220 2.5368
2990 1495.0 3.6091 76.4031 3.6091 0.9886 2.5774
3000 1500.0 3.6207 71.9197 3.6207 0.9620 2.5502
3010 1505.0 3.6074 77.0865 3.6074 1.0184 2.5720
3020 1510.0 3.5938 82.4902 3.5938 0.9745 2.5099
3030 1515.0 3.6156 73.8692 3.6156 1.0038 2.5333
3040 1520.0 3.5963 81.4748 3.5963 0.9536 2.5433
3050 1525.0 3.6150 74.0982 3.6150 0.9243 2.5037
3060 1530.0 3.6302 68.3750 3.6302 1.0132 2.4338
3070 1535.0 3.6254 70.1656 3.6254 1.0275 2.3671
3080 1540.0 3.6285 69.0168 3.6285 0.9409 2.4165
3090 1545.0 3.6118 75.3636 3.6118 0.9824 2.4076
3100 1550.0 3.6074 77.0508 3.6074 1.0339 2.2821
3110 1555.0 3.6266 69.6953 3.6266 0.9854 2.3282
3120 1560.0 3.6222 71.3826 3.6222 0.9535 2.3191
3130 1565.0 3.6136 74.6655 3.6136 1.0053 2.2183
3140 1570.0 3.6109 75.6818 3.6109 1.0328 2.2538
3150 1575.0 3.6336 67.1311 3.6336 0.9593 2.3101
3160 1580.0 3.6030 78.7851 3.6030 0.9493 2.3723
3170 1585.0 3.5706 92.1935 3.5706 0.9595 2.4341
3180 1590.0 3.5671 93.6804 3.5671 0.9792 2.3547
3190 1595.0 3.5591 97.1776 3.5591 1.0292 2.4041
3200 1600.0 3.5796 88.3681 3.5796 0.9697 2.4256
3210 1605.0 3.5811 87.7193 3.5811 1.0009 2.4673
3220 1610.0 3.5883 84.7320 3.5883 0.9482 2.5011
3230 1615.0 3.6013 79.4869 3.6013 0.9377 2.4826
3240 1620.0 3.5979 80.8576 3.5979 1.0653 2.4258
3250 1625.0 3.6132 74.8089 3.6132 0.9957 2.3752
3260 1630.0 3.5450 103.5215 3.5450 0.9383 2.4408
3270 1635.0 3.5919 83.2719 3.5919 1.0597 2.3065
3280 1640.0 3.5912 83.5661 3.5912 1.0158 2.2320
3290 1645.0 3.5863 85.5824 3.5863 0.9677 2.3319
3300 1650.0 3.6025 79.0139 3.6025 0.9836 2.2924
3310 1655.0 3.5938 82.4979 3.5938 1.0359 2.2065
3320 1660.0 3.6013 79.4848 3.6013 1.0338 2.1961
3330 1665.0 3.6180 72.9552 3.6180 0.9985 2.2160
3340 1670.0 3.6191 72.5570 3.6191 0.9603 2.2240
3350 1675.0 3.6003 79.8750 3.6003 0.9945 2.2872
3360 1680.0 3.5973 81.0939 3.5973 0.9465 2.3348
3370 1685.0 3.6092 76.3632 3.6092 0.9829 2.3300
3380 1690.0 3.5741 90.6764 3.5741 1.0315 2.3466
3390 1695.0 3.6273 69.4570 3.6273 0.9779 2.4116
3400 1700.0 3.5836 86.7083 3.5836 0.9575 2.5074
3410 1705.0 3.5891 84.4149 3.5891 1.0141 2.3947
3420 1710.0 3.5978 80.8720 3.5978 1.0119 2.5003
3430 1715.0 3.5904 83.8956 3.5904 0.9234 2.5427
3440 1720.0 3.6037 78.5383 3.6037 1.0854 2.4340
3450 1725.0 3.6266 69.6973 3.6266 0.9220 2.5132
3460 1730.0 3.5932 82.7437 3.5932 1.0893 2.5108
3470 1735.0 3.5576 97.8753 3.5576 0.9449 2.4267
3480 1740.0 3.5697 92.5677 3.5697 1.0640 2.5910
3490 1745.0 3.6080 76.8156 3.6080 0.9647 2.3933
3500 1750.0 3.6435 63.5509 3.6435 0.9898 2.5299
3510 1755.0 3.6304 68.3122 3.6304 1.0358 2.4861
3520 1760.0 3.6559 59.2060 3.6559 0.9499 2.5432
3530 1765.0 3.6491 61.5579 3.6491 1.0500 2.5466
3540 1770.0 3.6315 67.9017 3.6315 0.9743 2.4450
3550 1775.0 3.5934 82.6732 3.5934 1.0088 2.6670
3560 1780.0 3.6265 69.7678 3.6265 1.0156 2.4757
3570 1785.0 3.6687 54.8766 3.6687 1.0510 2.5385
3580 1790.0 3.6253 70.1923 3.6253 0.9951 2.6127
3590 1795.0 3.6316 67.8740 3.6316 0.9679 2.4503
3600 1800.0 3.6564 59.0307 3.6564 1.0740 2.5391
3610 1805.0 3.6650 56.0999 3.6650 0.9565 2.5143
3620 1810.0 3.6664 55.6532 3.6664 1.0064 2.4859
3630 1815.0 3.6479 61.9862 3.6479 1.0319 2.3973
3640 1820.0 3.6648 56.1725 3.6648 0.9964 2.3807
3650 1825.0 3.6217 71.5528 3.6217 1.0235 2.4224
3660 1830.0 3.6540 59.8695 3.6540 0.9183 2.3299
3670 1835.0 3.6266 69.6995 3.6266 1.0648 2.3643
3680 1840.0 3.6573 58.7338 3.6573 0.9426 2.3146
3690 1845.0 3.6635 56.6234 3.6635 1.0536 2.3864
3700 1850.0 3.6752 52.7367 3.6752 0.9705 2.3797
3710 1855.0 3.6717 53.9027 3.6717 1.0365 2.3932
3720 1860.0 3.6662 55.6980 3.6662 1.0371 2.4284
3730 1865.0 3.6663 55.6640 3.6663 0.9470 2.4583
3740 1870.0 3.6506 61.0438 3.6506 1.0743 2.4996
3750 1875.0 3.6465 62.4739 3.6465 0.9299 2.4969
3760 1880.0 3.6303 68.3349 3.6303 1.0773 2.5619
3770 1885.0 3.6696 54.5782 3.6696 0.9219 2.5466
3780 1890.0 3.6300 68.4497 3.6300 1.0521 2.5911
3790 1895.0 3.6706 54.2380 3.6706 0.9091 2.5574
3800 1900.0 3.6338 67.0424 3.6338 1.0438 2.6003
3810 1905.0 3.6596 57.9478 3.6596 0.9705 2.5789
3820 1910.0 3.6426 63.8805 3.6426 1.0206 2.5847
3830 1915.0 3.6338 67.0452 3.6338 1.0318 2.5889
3840 1920.0 3.6767 52.2639 3.6767 0.9388 2.5437
3850 1925.0 3.6251 70.2664 3.6251 1.0335 2.5851
3860 1930.0 3.6679 55.1606 3.6679 0.9533 2.5164
3870 1935.0 3.6498 61.3115 3.6498 1.0803 2.5198
3880 1940.0 3.6626 56.9213 3.6626 0.9925 2.5466
3890 1945.0 3.6792 51.4503 3.6792 0.9769 2.5093
3900 1950.0 3.6679 55.1442 3.6679 1.0555 2.5205
3910 1955.0 3.6844 49.8102 3.6844 0.9946 2.5167
3920 1960.0 3.6748 52.8776 3.6748 0.9966 2.5303
3930 1965.0 3.6680 55.1021 3.6680 0.9977 2.5068
3940 1970.0 3.6564 59.0214 3.6564 1.0002 2.4935
3950 1975.0 3.6573 58.7150 3.6573 1.0037 2.4681
3960 1980.0 3.6502 61.1961 3.6502 0.9781 2.4669
3970 1985.0 3.6338 67.0595 3.6338 1.0093 2.4634
3980 1990.0 3.6229 71.1052 3.6229 0.9882 2.4460
3990 1995.0 3.6107 75.7761 3.6107 1.0259 2.4725
4000 2000.0 3.6245 70.5017 3.6245 0.9838 2.4596
4010 2005.0 3.6054 77.8595 3.6054 1.0310 2.4845
4020 2010.0 3.5901 84.0268 3.5901 0.9855 2.4616
4030 2015.0 3.5922 83.1336 3.5922 1.0855 2.4871
4040 2020.0 3.6205 72.0176 3.6205 0.9661 2.4663
4050 2025.0 3.6125 75.0690 3.6125 1.0345 2.4777
4060 2030.0 3.6280 69.1810 3.6280 1.0054 2.4513
4070 2035.0 3.6255 70.1317 3.6255 1.0226 2.3972
4080 2040.0 3.6081 76.8069 3.6081 1.0613 2.3919
4090 2045.0 3.6297 68.5576 3.6297 0.9658 2.3765
4100 2050.0 3.5773 89.3268 3.5773 1.0226 2.4815
4110 2055.0 3.5895 84.2384 3.5895 0.9513 2.3042
4120 2060.0 3.5955 81.7977 3.5955 1.1052 2.3743
4130 2065.0 3.6339 67.0271 3.6339 0.9440 2.3819
4140 2070.0 3.5694 92.7042 3.5694 0.9685 2.2503
4150 2075.0 3.5895 84.2475 3.5895 1.0708 2.4481
4160 2080.0 3.6361 66.1971 3.6361 0.9677 2.3854
4170 2085.0 3.6151 74.0799 3.6151 1.0684 2.3219
4180 2090.0 3.5595 97.0002 3.5595 1.0242 2.5169
4190 2095.0 3.5993 80.2757 3.5993 1.0294 2.3394
4200 2100.0 3.6113 75.5268 3.6113 1.0356 2.4848
4210 2105.0 3.6081 76.8101 3.6081 0.9947 2.5078
4220 2110.0 3.5974 81.0411 3.5974 0.9991 2.4301
4230 2115.0 3.6078 76.9178 3.6078 1.0432 2.5638
4240 2120.0 3.6215 71.6393 3.6215 0.9077 2.5914
4250 2125.0 3.6177 73.0628 3.6177 1.1122 2.5735
4260 2130.0 3.6184 72.8050 3.6184 0.9468 2.5142
4270 2135.0 3.6104 75.8926 3.6104 1.0197 2.6158
4280 2140.0 3.6262 69.8707 3.6262 0.9751 2.6065
4290 2145.0 3.5881 84.8192 3.5881 1.0443 2.5706
4300 2150.0 3.6045 78.2234 3.6045 0.9802 2.6114
4310 2155.0 3.6090 76.4439 3.6090 0.9530 2.6059
4320 2160.0 3.6024 79.0410 3.6024 1.0441 2.5041
4330 2165.0 3.6240 70.6789 3.6240 0.9992 2.4863
4340 2170.0 3.5736 90.9057 3.5736 1.0299 2.5625
4350 2175.0 3.6559 59.2003 3.6559 0.9626 2.4650
4360 2180.0 3.6385 65.3353 3.6385 1.0707 2.4362
4370 2185.0 3.6465 62.4701 3.6465 0.9531 2.4127
4380 2190.0 3.6210 71.8220 3.6210 1.0174 2.4286
4390 2195.0 3.6349 66.6666 3.6349 0.9631 2.3502
4400 2200.0 3.6262 69.8768 3.6262 1.0310 2.3627
4410 2205.0 3.6239 70.7386 3.6239 0.9578 2.3820
4420 2210.0 3.6138 74.5805 3.6138 1.0374 2.3848
4430 2215.0 3.6460 62.6488 3.6460 1.0050 2.3730
4440 2220.0 3.6443 63.2594 3.6443 1.0051 2.3921
4450 2225.0 3.6279 69.2383 3.6279 1.0147 2.4130
4460 2230.0 3.6357 66.3668 3.6357 0.9736 2.4121
4470 2235.0 3.6083 76.7337 3.6083 1.0404 2.4360
4480 2240.0 3.6188 72.6690 3.6188 0.9404 2.4283
4490 2245.0 3.5818 87.4331 3.5818 1.0406 2.4435
4500 2250.0 3.6057 77.7221 3.6057 0.9294 2.4054
4510 2255.0 3.5672 93.6521 3.5672 1.1051 2.4471
4520 2260.0 3.6239 70.7277 3.6239 0.9216 2.3596
4530 2265.0 3.5889 84.5013 3.5889 1.0542 2.4009
4540 2270.0 3.6165 73.5439 3.6165 1.0037 2.3493
4550 2275.0 3.6226 71.2037 3.6226 0.9471 2.3121
4560 2280.0 3.6030 78.8167 3.6030 1.0430 2.3492
4570 2285.0 3.5980 80.7889 3.5980 0.9772 2.2931
4580 2290.0 3.6180 72.9470 3.6180 1.0394 2.3396
4590 2295.0 3.6035 78.5871 3.6035 0.9803 2.3637
4600 2300.0 3.6152 74.0340 3.6152 0.9424 2.2631
4610 2305.0 3.6097 76.1610 3.6097 1.0821 2.3340
4620 2310.0 3.6379 65.5717 3.6379 0.9343 2.3337
4630 2315.0 3.6283 69.0679 3.6283 0.9928 2.4261
4640 2320.0 3.6327 67.4419 3.6327 1.0155 2.4246
4650 2325.0 3.6149 74.1367 3.6149 1.0107 2.3819
4660 2330.0 3.5851 86.0843 3.5851 1.0197 2.5815
4670 2335.0 3.6646 56.2513 3.6646 0.9779 2.4917
4680 2340.0 3.6237 70.7945 3.6237 1.0732 2.4563
4690 2345.0 3.6135 74.6903 3.6135 1.0188 2.5900
4700 2350.0 3.6480 61.9586 3.6480 0.9622 2.4979
4710 2355.0 3.6221 71.4144 3.6221 1.1162 2.5469
4720 2360.0 3.6228 71.1312 3.6228 0.9716 2.6093
4730 2365.0 3.6029 78.8507 3.6029 0.9776 2.4711
4740 2370.0 3.6003 79.8886 3.6003 1.0632 2.6161
4750 2375.0 3.6297 68.5507 3.6297 0.9238 2.5758
4760 2380.0 3.6069 77.2580 3.6069 1.0784 2.4714
4770 2385.0 3.6597 57.9052 3.6597 0.9470 2.4864
4780 2390.0 3.6521 60.5117 3.6521 0.9989 2.4759
4790 2395.0 3.6490 61.5894 3.6490 1.0067 2.4086
4800 2400.0 3.6559 59.2167 3.6559 0.9503 2.4749
4810 2405.0 3.6418 64.1520 3.6418 1.0409 2.4052
4820 2410.0 3.6476 62.0800 3.6476 0.9464 2.5033
4830 2415.0 3.6402 64.7301 3.6402 1.0691 2.4230
4840 2420.0 3.6227 71.1730 3.6227 0.9409 2.5227
4850 2425.0 3.6237 70.7944 3.6237 1.1031 2.4332
4860 2430.0 3.6389 65.1962 3.6389 0.9284 2.5632
4870 2435.0 3.6277 69.3053 3.6277 1.0887 2.5503
4880 2440.0 3.6138 74.5782 3.6138 0.9589 2.4239
4890 2445.0 3.5884 84.7245 3.5884 0.9866 2.5541
4900 2450.0 3.5992 80.3026 3.5992 1.0330 2.4338
4910 2455.0 3.6018 79.2967 3.6018 0.9591 2.5200
4920 2460.0 3.6138 74.5704 3.6138 1.0618 2.4203
4930 2465.0 3.6033 78.6958 3.6033 0.9936 2.3516
4940 2470.0 3.5487 101.8495 3.5487 0.9912 2.4827
4950 2475.0 3.5669 93.7722 3.5669 1.0055 2.3102
4960 2480.0 3.5691 92.8588 3.5691 1.0033 2.3973
4970 2485.0 3.5586 97.4304 3.5586 1.0303 2.3861
4980 2490.0 3.5688 92.9703 3.5688 0.9714 2.2956
4990 2495.0 3.5696 92.6200 3.5696 0.9973 2.3912
5000 2500.0 3.6070 77.2294 3.6070 0.8975 2.3874
5010 2505.0 3.5648 94.7170 3.5648 1.0647 2.4095
5020 2510.0 3.6173 73.2397 3.6173 0.9759 2.3185
5030 2515.0 3.5975 81.0168 3.5975 1.0521 2.3428
5040 2520.0 3.6148 74.1845 3.6148 0.9900 2.3163
5050 2525.0 3.6006 79.7530 3.6006 1.0041 2.3490
5060 2530.0 3.5984 80.6319 3.5984 1.0146 2.3548
5070 2535.0 3.6374 65.7419 3.6374 0.9517 2.3392
5080 2540.0 3.6170 73.3304 3.6170 1.0401 2.3373
5090 2545.0 3.6336 67.1125 3.6336 0.9601 2.3478
5100 2550.0 3.6128 74.9519 3.6128 1.0216 2.3713
5110 2555.0 3.6084 76.6602 3.6084 0.9753 2.3669
5120 2560.0 3.6006 79.7596 3.6006 1.0199 2.4049
5130 2565.0 3.5885 84.6842 3.5885 0.9950 2.4724
5140 2570.0 3.5489 101.7300 3.5489 1.0078 2.5360
5150 2575.0 3.5592 97.1305 3.5592 1.0136 2.5405
5160 2580.0 3.6217 71.5619 3.6217 0.9518 2.4630
5170 2585.0 3.6152 74.0351 3.6152 1.0412 2.4476
5180 2590.0 3.6474 62.1588 3.6474 0.9623 2.4259
5190 2595.0 3.6523 60.4455 3.6523 1.0394 2.4198
5200 2600.0 3.6687 54.8731 3.6687 0.9666 2.4064
5210 2605.0 3.6695 54.6045 3.6695 1.0413 2.4091
5220 2610.0 3.6633 56.6784 3.6633 0.9985 2.4183
5230 2615.0 3.6647 56.2140 3.6647 1.0110 2.4114
5240 2620.0 3.6618 57.1736 3.6618 1.0446 2.4413
5250 2625.0 3.6552 59.4350 3.6552 0.9810 2.4918
5260 2630.0 3.6373 65.7630 3.6373 1.0066 2.5438
5270 2635.0 3.6449 63.0432 3.6449 1.0105 2.5169
5280 2640.0 3.6348 66.6693 3.6348 1.0237 2.5475
5290 2645.0 3.6477 62.0681 3.6477 0.9621 2.6218
5300 2650.0 3.6498 61.3108 3.6498 0.9860 2.6234
5310 2655.0 3.6359 66.2828 3.6359 1.0395 2.5965
5320 2660.0 3.6480 61.9438 3.6480 1.0035 2.5951
5330 2665.0 3.6357 66.3622 3.6357 0.9661 2.6508
5340 2670.0 3.6512 60.8421 3.6512 0.9629 2.6159
5350 2675.0 3.6529 60.2288 3.6529 1.0087 2.5365
5360 2680.0 3.6324 67.5468 3.6324 1.0043 2.4797
5370 2685.0 3.6572 58.7562 3.6572 0.9928 2.4931
5380 2690.0 3.6649 56.1307 3.6649 1.0095 2.4937
5390 2695.0 3.6722 53.7196 3.6722 0.9956 2.4763
5400 2700.0 3.6626 56.9226 3.6626 1.0446 2.4782
5410 2705.0 3.6677 55.2252 3.6677 0.9527 2.4482
5420 2710.0 3.6489 61.6413 3.6489 1.0795 2.4558
5430 2715.0 3.6692 54.7163 3.6692 0.9666 2.4270
5440 2720.0 3.6503 61.1513 3.6503 0.9960 2.5030
5450 2725.0 3.6604 57.6691 3.6604 1.0056 2.5009
5460 2730.0 3.6624 56.9973 3.6624 0.9597 2.4353
5470 2735.0 3.6719 53.8159 3.6719 1.0720 2.5018
5480 2740.0 3.6755 52.6562 3.6755 0.9382 2.5350
5490 2745.0 3.6590 58.1398 3.6590 1.0356 2.5593
5500 2750.0 3.6594 58.0149 3.6594 1.0067 2.4757
5510 2755.0 3.6687 54.8794 3.6687 0.9520 2.5556
5520 2760.0 3.6489 61.6337 3.6489 1.0404 2.5801
5530 2765.0 3.6475 62.1265 3.6475 0.9547 2.4792
5540 2770.0 3.6416 64.2162 3.6416 0.9926 2.5983
5550 2775.0 3.6532 60.1443 3.6532 0.9708 2.5839
5560 2780.0 3.6483 61.8436 3.6483 0.9716 2.4785
5570 2785.0 3.6511 60.8649 3.6511 1.0636 2.5223
5580 2790.0 3.6572 58.7397 3.6572 0.9946 2.5259
5590 2795.0 3.6496 61.3831 3.6496 0.9891 2.5332
5600 2800.0 3.6667 55.5552 3.6667 1.0280 2.4737
5610 2805.0 3.6504 61.0976 3.6504 0.9794 2.4337
5620 2810.0 3.6337 67.0728 3.6337 1.0441 2.4979
5630 2815.0 3.6625 56.9661 3.6625 0.9491 2.4510
5640 2820.0 3.6387 65.2670 3.6387 1.0442 2.4627
5650 2825.0 3.6464 62.5326 3.6464 0.9612 2.4236
5660 2830.0 3.6228 71.1286 3.6228 1.0278 2.4283
5670 2835.0 3.6250 70.3178 3.6250 1.0033 2.3985
5680 2840.0 3.6323 67.6000 3.6323 0.9803 2.4029
5690 2845.0 3.6341 66.9456 3.6341 1.0335 2.4066
5700 2850.0 3.6496 61.3853 3.6496 0.9631 2.3778
5710 2855.0 3.6358 66.3255 3.6358 1.0523 2.3766
5720 2860.0 3.6324 67.5665 3.6324 0.9794 2.3211
5730 2865.0 3.6456 62.8038 3.6456 1.0408 2.3250
5740 2870.0 3.6504 61.1214 3.6504 0.9638 2.3559
5750 2875.0 3.6428 63.7962 3.6428 1.0276 2.3649
5760 2880.0 3.6504 61.0935 3.6504 0.9709 2.3454
5770 2885.0 3.6379 65.5613 3.6379 0.9902 2.3626
5780 2890.0 3.6517 60.6577 3.6517 0.9720 2.3607
5790 2895.0 3.6408 64.4999 3.6408 1.0150 2.3721
5800 2900.0 3.6130 74.8878 3.6130 1.0040 2.3652
5810 2905.0 3.6345 66.8109 3.6345 0.9775 2.4297
5820 2910.0 3.6081 76.8049 3.6081 0.9988 2.4803
5830 2915.0 3.6247 70.4205 3.6247 0.9751 2.4778
5840 2920.0 3.6253 70.1837 3.6253 1.0189 2.4573
5850 2925.0 3.6001 79.9596 3.6001 0.9814 2.4168
5860 2930.0 3.6108 75.7452 3.6108 1.0142 2.4835
5870 2935.0 3.6208 71.8978 3.6208 0.9583 2.4856
5880 2940.0 3.6251 70.2567 3.6251 1.0178 2.4730
5890 2945.0 3.6322 67.6511 3.6322 0.9645 2.4535
5900 2950.0 3.6244 70.5464 3.6244 0.9802 2.4453
5910 2955.0 3.6362 66.1872 3.6362 0.9829 2.3718
5920 2960.0 3.5980 80.7969 3.5980 1.0225 2.3057
5930 2965.0 3.6226 71.2313 3.6226 0.9809 2.3921
5940 2970.0 3.6161 73.6972 3.6161 0.9968 2.3921
5950 2975.0 3.5942 82.3204 3.5942 1.0301 2.2790
5960 2980.0 3.6114 75.4885 3.6114 0.9877 2.3729
5970 2985.0 3.6318 67.7922 3.6318 1.0331 2.3527
5980 2990.0 3.6261 69.9176 3.6261 1.0009 2.3287
5990 2995.0 3.6222 71.3629 3.6222 1.0233 2.4286
6000 3000.0 3.6377 65.6445 3.6377 0.9749 2.4343
6010 3005.0 3.6287 68.9212 3.6287 1.0609 2.4237
6020 3010.0 3.6224 71.2847 3.6224 1.0204 2.4469
6030 3015.0 3.6249 70.3626 3.6249 0.9785 2.4928
6040 3020.0 3.6265 69.7601 3.6265 1.0177 2.4949
6050 3025.0 3.6479 61.9781 3.6479 0.9551 2.4729
6060 3030.0 3.6214 71.6751 3.6214 1.0541 2.5117
6070 3035.0 3.6151 74.0883 3.6151 0.9606 2.4638
6080 3040.0 3.6124 75.1334 3.6124 1.0507 2.5411
6090 3045.0 3.6121 75.2148 3.6121 0.9535 2.5367
6100 3050.0 3.5972 81.1405 3.5972 0.9755 2.5500
6110 3055.0 3.6239 70.7427 3.6239 1.0149 2.5184
6120 3060.0 3.6151 74.0830 3.6151 0.9995 2.4532
6130 3065.0 3.6420 64.0876 3.6420 1.0335 2.5211
6140 3070.0 3.6397 64.8951 3.6397 0.9462 2.5515
6150 3075.0 3.6507 61.0085 3.6507 1.0525 2.5092
6160 3080.0 3.6603 57.7017 3.6603 1.0005 2.4924
6170 3085.0 3.6335 67.1469 3.6335 0.9557 2.5360
6180 3090.0 3.6425 63.8964 3.6425 1.0089 2.5151
6190 3095.0 3.6274 69.4142 3.6274 0.9802 2.4561
6200 3100.0 3.6409 64.4870 3.6409 1.0187 2.4963
6210 3105.0 3.6537 59.9551 3.6537 0.9436 2.5265
6220 3110.0 3.6318 67.7772 3.6318 0.9950 2.5451
6230 3115.0 3.6310 68.0806 3.6310 0.9521 2.5376
6240 3120.0 3.6309 68.1186 3.6309 1.0125 2.5672
6250 3125.0 3.6588 58.2050 3.6588 0.9741 2.5647
6260 3130.0 3.6323 67.6028 3.6323 1.0032 2.6228
6270 3135.0 3.6720 53.7852 3.6720 0.9673 2.5672
6280 3140.0 3.6689 54.8191 3.6689 1.0518 2.5360
6290 3145.0 3.6745 52.9690 3.6745 0.9912 2.4941
6300 3150.0 3.6706 54.2669 3.6706 1.0177 2.4737
6310 3155.0 3.6622 57.0614 3.6622 1.0188 2.4459
6320 3160.0 3.6685 54.9561 3.6685 1.0111 2.4067
6330 3165.0 3.6734 53.3482 3.6734 1.0342 2.4339
6340 3170.0 3.6862 49.2368 3.6862 0.9911 2.4023
6350 3175.0 3.6869 49.0046 3.6869 1.0387 2.4079
6360 3180.0 3.6878 48.7361 3.6878 1.0107 2.4045
6370 3185.0 3.6724 53.6763 3.6724 0.9879 2.3725
6380 3190.0 3.6624 56.9937 3.6624 1.0200 2.4131
6390 3195.0 3.6572 58.7391 3.6572 0.9663 2.4405
6400 3200.0 3.6393 65.0549 3.6393 1.0092 2.4590
6410 3205.0 3.6307 68.2009 3.6307 0.9594 2.4436
6420 3210.0 3.6188 72.6624 3.6188 0.9998 2.4683
6430 3215.0 3.6147 74.2448 3.6147 0.9950 2.5220
6440 3220.0 3.6027 78.9086 3.6027 0.9997 2.5601
6450 3225.0 3.6191 72.5425 3.6191 1.0012 2.5221
6460 3230.0 3.6152 74.0410 3.6152 0.9788 2.5168
6470 3235.0 3.6093 76.3281 3.6093 1.0222 2.5331
6480 3240.0 3.6159 73.7507 3.6159 0.9703 2.5178
6490 3245.0 3.6316 67.8540 3.6316 1.0088 2.5157
6500 3250.0 3.6477 62.0660 3.6477 0.9791 2.5099
6510 3255.0 3.6415 64.2739 3.6415 1.0146 2.5295
6520 3260.0 3.6431 63.6898 3.6431 0.9994 2.5141
6530 3265.0 3.6369 65.9120 3.6369 0.9987 2.5239
6540 3270.0 3.6312 68.0174 3.6312 0.9862 2.5226
6550 3275.0 3.6196 72.3363 3.6196 0.9922 2.4827
6560 3280.0 3.6144 74.3394 3.6144 1.0166 2.4679
6570 3285.0 3.6209 71.8408 3.6209 1.0133 2.4651
6580 3290.0 3.6307 68.1857 3.6307 1.0070 2.4699
6590 3295.0 3.6117 75.3930 3.6117 0.9979 2.4780
6600 3300.0 3.6043 78.2998 3.6043 0.9940 2.4922
6610 3305.0 3.6183 72.8351 3.6183 0.9969 2.4133
6620 3310.0 3.6405 64.6240 3.6405 1.0092 2.5047
6630 3315.0 3.6594 58.0146 3.6594 0.9468 2.4723
6640 3320.0 3.6475 62.1107 3.6475 1.0638 2.4700
6650 3325.0 3.6500 61.2668 3.6500 0.9717 2.4380
6660 3330.0 3.6458 62.7340 3.6458 1.0015 2.5439
6670 3335.0 3.6428 63.7883 3.6428 1.0272 2.5457
6680 3340.0 3.6322 67.6521 3.6322 0.9929 2.4817
6690 3345.0 3.6399 64.8231 3.6399 1.0555 2.5411
6700 3350.0 3.6590 58.1434 3.6590 0.9441 2.5350
6710 3355.0 3.6756 52.6169 3.6756 0.9968 2.5046
6720 3360.0 3.6488 61.6832 3.6488 1.0682 2.4709
6730 3365.0 3.6646 56.2541 3.6646 1.0047 2.4822
6740 3370.0 3.6302 68.3881 3.6302 0.9947 2.5268
6750 3375.0 3.6517 60.6668 3.6517 0.9799 2.4920
6760 3380.0 3.6355 66.4424 3.6355 1.0106 2.4282
6770 3385.0 3.6500 61.2550 3.6500 1.0375 2.4707
6780 3390.0 3.6625 56.9683 3.6625 0.9564 2.4961
6790 3395.0 3.6492 61.5414 3.6492 0.9891 2.5057
6800 3400.0 3.6496 61.4062 3.6496 0.9832 2.4393
6810 3405.0 3.6268 69.6425 3.6268 1.0252 2.4151
6820 3410.0 3.6388 65.2502 3.6388 0.9630 2.4658
6830 3415.0 3.6332 67.2886 3.6332 0.9716 2.4366
6840 3420.0 3.6255 70.1107 3.6255 1.0068 2.3998
6850 3425.0 3.6285 69.0054 3.6285 0.9733 2.4443
6860 3430.0 3.6237 70.7887 3.6237 1.0116 2.4417
6870 3435.0 3.6295 68.6418 3.6295 0.9962 2.4331
6880 3440.0 3.6351 66.5877 3.6351 0.9967 2.4292
6890 3445.0 3.6295 68.6413 3.6295 0.9566 2.4391
6900 3450.0 3.6199 72.2206 3.6199 1.0017 2.4077
6910 3455.0 3.6170 73.3618 3.6170 0.9996 2.4095
6920 3460.0 3.6377 65.6472 3.6377 0.9706 2.4183
6930 3465.0 3.6479 61.9795 3.6479 1.0179 2.4309
6940 3470.0 3.6707 54.2256 3.6707 0.9989 2.4171
6950 3475.0 3.6661 55.7597 3.6661 0.9988 2.4231
6960 3480.0 3.6661 55.7363 3.6661 0.9783 2.4384
6970 3485.0 3.6666 55.5629 3.6666 0.9799 2.4501
6980 3490.0 3.6493 61.4860 3.6493 0.9959 2.4740
6990 3495.0 3.6602 57.7397 3.6602 0.9881 2.4911
7000 3500.0 3.6570 58.8303 3.6570 1.0091 2.4990
7010 3505.0 3.6478 62.0070 3.6478 1.0040 2.5184
7020 3510.0 3.6448 63.0927 3.6448 0.9667 2.5301
7030 3515.0 3.6335 67.1612 3.6335 0.9727 2.5341
7040 3520.0 3.6359 66.2744 3.6359 0.9899 2.5191
7050 3525.0 3.6387 65.2802 3.6387 0.9878 2.5020
7060 3530.0 3.6340 66.9712 3.6340 0.9919 2.4849
7070 3535.0 3.6341 66.9260 3.6341 0.9927 2.4578
7080 3540.0 3.6296 68.5814 3.6296 1.0004 2.4504
7090 3545.0 3.6366 66.0448 3.6366 0.9865 2.4298
7100 3550.0 3.6287 68.9383 3.6287 0.9834 2.4484
7110 3555.0 3.6194 72.4209 3.6194 0.9881 2.4574
7120 3560.0 3.6194 72.4355 3.6194 0.9373 2.4575
7130 3565.0 3.6168 73.4250 3.6168 1.0090 2.4477
7140 3570.0 3.6229 71.0866 3.6229 0.9696 2.3713
7150 3575.0 3.6398 64.8657 3.6398 0.9809 2.4202
7160 3580.0 3.6538 59.9422 3.6538 0.9765 2.4085
7170 3585.0 3.6645 56.2689 3.6645 0.9730 2.3924
7180 3590.0 3.6559 59.1968 3.6559 1.0148 2.3998
7190 3595.0 3.6587 58.2282 3.6587 0.9611 2.3897
7200 3600.0 3.6583 58.3849 3.6583 1.0279 2.4067
7210 3605.0 3.6674 55.3032 3.6674 0.9609 2.4246
7220 3610.0 3.6709 54.1376 3.6709 1.0113 2.4387
7230 3615.0 3.6692 54.7267 3.6692 0.9715 2.4640
7240 3620.0 3.6458 62.7386 3.6458 1.0000 2.5055
7250 3625.0 3.6402 64.7212 3.6402 0.9698 2.5316
7260 3630.0 3.6548 59.5890 3.6548 0.9592 2.5068
7270 3635.0 3.6354 66.4642 3.6354 1.0328 2.5213
7280 3640.0 3.6367 66.0089 3.6367 0.9582 2.5219
7290 3645.0 3.6378 65.5866 3.6378 1.0424 2.5254
7300 3650.0 3.6542 59.7742 3.6542 0.9676 2.5137
7310 3655.0 3.6206 71.9718 3.6206 0.9789 2.5772
7320 3660.0 3.6395 64.9777 3.6395 1.0005 2.4752
7330 3665.0 3.6209 71.8590 3.6209 1.0095 2.4221
7340 3670.0 3.6267 69.6780 3.6267 0.9745 2.4964
7350 3675.0 3.6502 61.1810 3.6502 0.9645 2.4219
7360 3680.0 3.6202 72.1426 3.6202 1.0748 2.3364
7370 3685.0 3.6261 69.9112 3.6261 0.9634 2.3909
7380 3690.0 3.6394 65.0250 3.6394 1.0250 2.3298
7390 3695.0 3.6178 73.0329 3.6178 0.9997 2.2357
7400 3700.0 3.6179 72.9947 3.6179 0.9934 2.3200
7410 3705.0 3.6326 67.5053 3.6326 1.0048 2.2265
7420 3710.0 3.6567 58.9343 3.6567 1.0316 2.2572
7430 3715.0 3.5938 82.5013 3.5938 0.9767 2.3622
7440 3720.0 3.6000 80.0168 3.6000 1.0100 2.2296
7450 3725.0 3.6251 70.2884 3.6251 1.0224 2.3002
7460 3730.0 3.6029 78.8501 3.6029 0.9294 2.3955
7470 3735.0 3.6093 76.3344 3.6093 1.0029 2.3406
7480 3740.0 3.5784 88.8681 3.5784 1.0139 2.3488
7490 3745.0 3.6081 76.7884 3.6081 0.9617 2.4305
7500 3750.0 3.5857 85.8290 3.5857 0.9775 2.4767
7510 3755.0 3.6079 76.8523 3.6079 0.9302 2.4341
7520 3760.0 3.5832 86.8645 3.5832 1.0563 2.4768
7530 3765.0 3.5910 83.6285 3.5910 0.9535 2.4137
7540 3770.0 3.6216 71.5895 3.6216 0.9552 2.5184
7550 3775.0 3.5959 81.6441 3.5959 1.0528 2.5463
7560 3780.0 3.6380 65.5134 3.6380 0.9316 2.4832
7570 3785.0 3.5892 84.3582 3.5892 1.0872 2.5447
7580 3790.0 3.6196 72.3543 3.6196 0.9644 2.5120
7590 3795.0 3.6209 71.8610 3.6209 0.9707 2.4931
7600 3800.0 3.5695 92.6607 3.5695 1.0685 2.5280
7610 3805.0 3.5716 91.7549 3.5716 0.9781 2.3858
7620 3810.0 3.5646 94.8002 3.5646 1.0084 2.4894
7630 3815.0 3.5627 95.6260 3.5627 1.0400 2.4607
7640 3820.0 3.6019 79.2247 3.6019 0.9218 2.3604
7650 3825.0 3.5646 94.8010 3.5646 1.1198 2.4003
7660 3830.0 3.6107 75.7647 3.6107 0.9176 2.3211
7670 3835.0 3.5927 82.9428 3.5927 0.9755 2.3929
7680 3840.0 3.5860 85.6819 3.5860 1.0608 2.3205
7690 3845.0 3.5821 87.3037 3.5821 1.0272 2.2642
7700 3850.0 3.5429 104.4621 3.5429 0.9661 2.4388
7710 3855.0 3.6261 69.8871 3.6261 1.0277 2.3160
7720 3860.0 3.5944 82.2475 3.5944 1.0346 2.2778
7730 3865.0 3.6251 70.2656 3.6251 1.0136 2.3326
7740 3870.0 3.5937 82.5389 3.5937 0.9549 2.4069
7750 3875.0 3.5874 85.1182 3.5874 1.0156 2.4269
7760 3880.0 3.6032 78.7253 3.6032 1.0023 2.3623
7770 3885.0 3.5937 82.5533 3.5937 1.0447 2.3794
7780 3890.0 3.6216 71.6022 3.6216 0.9796 2.4556
7790 3895.0 3.6431 63.6754 3.6431 0.9511 2.4523
7800 3900.0 3.6154 73.9418 3.6154 1.0840 2.4080
7810 3905.0 3.6423 63.9887 3.6423 0.9565 2.4093
7820 3910.0 3.6369 65.9360 3.6369 1.0347 2.4855
7830 3915.0 3.6385 65.3454 3.6385 0.9676 2.4957
7840 3920.0 3.6476 62.0858 3.6476 1.0441 2.4578
7850 3925.0 3.6556 59.3066 3.6556 0.9987 2.4524
7860 3930.0 3.6601 57.7601 3.6601 1.0255 2.4832
7870 3935.0 3.6412 64.3572 3.6412 1.0261 2.5490
7880 3940.0 3.6624 56.9946 3.6624 0.9944 2.4816
7890 3945.0 3.6530 60.2153 3.6530 1.0632 2.5414
7900 3950.0 3.6667 55.5321 3.6667 0.9744 2.5208
7910 3955.0 3.6671 55.4143 3.6671 1.0920 2.4935
7920 3960.0 3.6413 64.3355 3.6413 1.0053 2.5412
7930 3965.0 3.6714 53.9991 3.6714 1.0145 2.4979
7940 3970.0 3.6554 59.3626 3.6554 1.0648 2.5044
7950 3975.0 3.6565 58.9894 3.6565 0.9640 2.4621
7960 3980.0 3.6406 64.5776 3.6406 1.0263 2.5176
7970 3985.0 3.6458 62.7294 3.6458 0.9726 2.4993
7980 3990.0 3.6426 63.8813 3.6426 0.9714 2.4914
7990 3995.0 3.6441 63.3329 3.6441 1.0290 2.4823
8000 4000.0 3.6361 66.1991 3.6361 0.9681 2.4472
8010 4005.0 3.6349 66.6662 3.6349 1.0445 2.4400
8020 4010.0 3.6334 67.1933 3.6334 0.9881 2.3996
8030 4015.0 3.6337 67.0805 3.6337 0.9943 2.4615
8040 4020.0 3.6326 67.4733 3.6326 1.0009 2.4666
8050 4025.0 3.6291 68.7978 3.6291 1.0017 2.4975
8060 4030.0 3.6383 65.4234 3.6383 0.9956 2.5049
8070 4035.0 3.6207 71.9167 3.6207 1.0005 2.4734
8080 4040.0 3.6176 73.1081 3.6176 1.0175 2.5454
8090 4045.0 3.6142 74.4155 3.6142 0.9991 2.5645
8100 4050.0 3.6391 65.1288 3.6391 1.0038 2.5711
8110 4055.0 3.6576 58.6025 3.6576 0.9950 2.5887
8120 4060.0 3.6598 57.8544 3.6598 1.0046 2.6100
8130 4065.0 3.6558 59.2484 3.6558 1.0022 2.6117
8140 4070.0 3.6582 58.4260 3.6582 1.0095 2.6055
8150 4075.0 3.6606 57.6053 3.6606 1.0340 2.5571
8160 4080.0 3.6628 56.8488 3.6628 0.9757 2.5488
8170 4085.0 3.6610 57.4709 3.6610 0.9855 2.5350
8180 4090.0 3.6591 58.1186 3.6591 1.0190 2.5401
8190 4095.0 3.6654 55.9691 3.6654 0.9850 2.5283
8200 4100.0 3.6650 56.1233 3.6650 0.9888 2.5432
8210 4105.0 3.6672 55.3931 3.6672 1.0127 2.5458
8220 4110.0 3.6767 52.2557 3.6767 0.9686 2.5485
8230 4115.0 3.6580 58.4964 3.6580 1.0212 2.5685
8240 4120.0 3.6773 52.0806 3.6773 0.9742 2.5394
8250 4125.0 3.6703 54.3667 3.6703 1.0015 2.5458
8260 4130.0 3.6681 55.0739 3.6681 0.9794 2.5660
8270 4135.0 3.6648 56.1646 3.6648 1.0056 2.5656
8280 4140.0 3.6694 54.6433 3.6694 0.9945 2.5369
8290 4145.0 3.6605 57.6177 3.6605 1.0046 2.5168
8300 4150.0 3.6657 55.8855 3.6657 1.0029 2.4951
8310 4155.0 3.6529 60.2538 3.6529 0.9901 2.4881
8320 4160.0 3.6483 61.8525 3.6483 0.9927 2.4643
8330 4165.0 3.6464 62.5247 3.6464 0.9608 2.4334
8340 4170.0 3.6318 67.7797 3.6318 1.0018 2.4184
8350 4175.0 3.6408 64.5243 3.6408 0.9560 2.3952
8360 4180.0 3.6104 75.8778 3.6104 1.0219 2.4109
8370 4185.0 3.6253 70.1916 3.6253 0.9441 2.3739
8380 4190.0 3.6087 76.5434 3.6087 0.9816 2.3567
8390 4195.0 3.6288 68.8946 3.6288 0.9624 2.3285
8400 4200.0 3.6227 71.1760 3.6227 0.9849 2.3352
8410 4205.0 3.6258 70.0286 3.6258 1.0261 2.3165
8420 4210.0 3.6207 71.9456 3.6207 0.9664 2.2869
8430 4215.0 3.5853 85.9687 3.5853 0.9843 2.3499
8440 4220.0 3.5997 80.1148 3.5997 0.9519 2.3244
8450 4225.0 3.6011 79.5669 3.6011 1.0479 2.2712
8460 4230.0 3.5880 84.8824 3.5880 1.0058 2.2423
8470 4235.0 3.5680 93.3097 3.5680 0.9963 2.2370
8480 4240.0 3.5476 102.3304 3.5476 0.9664 2.3018
8490 4245.0 3.5539 99.4964 3.5539 0.9366 2.2900
8500 4250.0 3.5430 104.4416 3.5430 1.0726 2.2461
8510 4255.0 3.5357 107.7995 3.5357 0.9884 2.1921
8520 4260.0 3.5126 118.7787 3.5126 0.9599 2.3399
8530 4265.0 3.5521 100.3017 3.5521 1.0182 2.2228
8540 4270.0 3.5352 108.0177 3.5352 1.0829 2.2292
8550 4275.0 3.5276 111.5616 3.5276 0.9601 2.3787
8560 4280.0 3.5576 97.8532 3.5576 1.0100 2.2111
8570 4285.0 3.5829 86.9875 3.5829 1.0712 2.3252
8580 4290.0 3.5856 85.8720 3.5856 0.9206 2.3479
8590 4295.0 3.5823 87.2505 3.5823 1.0050 2.2290
8600 4300.0 3.6025 79.0006 3.6025 1.0721 2.3055
8610 4305.0 3.5884 84.7224 3.5884 0.9365 2.4096
8620 4310.0 3.5949 82.0547 3.5949 1.1001 2.2934
8630 4315.0 3.5738 90.8412 3.5738 0.9854 2.4953
8640 4320.0 3.6562 59.1047 3.6562 1.0301 2.3835
8650 4325.0 3.6197 72.3164 3.6197 1.0803 2.3904
8660 4330.0 3.5755 90.1079 3.5755 0.9471 2.6012
8670 4335.0 3.5674 93.5866 3.5674 1.0645 2.4048
8680 4340.0 3.5758 89.9517 3.5758 0.9768 2.6555
8690 4345.0 3.6053 77.9098 3.6053 1.0787 2.5322
8700 4350.0 3.6463 62.5495 3.6463 1.0146 2.5826
8710 4355.0 3.6026 78.9790 3.6026 0.9839 2.6540
8720 4360.0 3.6027 78.9270 3.6027 1.0946 2.5360
8730 4365.0 3.5926 82.9766 3.5926 0.9716 2.6794
8740 4370.0 3.5866 85.4651 3.5866 1.1156 2.4727
8750 4375.0 3.5958 81.6866 3.5958 0.9010 2.6380
8760 4380.0 3.6075 77.0269 3.6075 1.1760 2.4790
8770 4385.0 3.6180 72.9522 3.6180 0.9158 2.5814
8780 4390.0 3.6502 61.1838 3.6502 1.0503 2.4567
8790 4395.0 3.6722 53.7332 3.6722 1.0499 2.5132
8800 4400.0 3.6302 68.3904 3.6302 0.9396 2.5620
8810 4405.0 3.6111 75.6232 3.6111 1.0893 2.4129
8820 4410.0 3.5946 82.1600 3.5946 0.9550 2.5902
8830 4415.0 3.6029 78.8424 3.6029 0.9864 2.4300
8840 4420.0 3.5990 80.4084 3.5990 1.0825 2.5035
8850 4425.0 3.6307 68.1967 3.6307 0.9306 2.5396
8860 4430.0 3.5734 90.9746 3.5734 0.9790 2.4464
8870 4435.0 3.5781 88.9859 3.5781 1.0365 2.5239
8880 4440.0 3.6211 71.8013 3.6211 0.9290 2.4843
8890 4445.0 3.5795 88.4183 3.5795 1.0285 2.5098
8900 4450.0 3.6337 67.0877 3.6337 0.9450 2.4333
8910 4455.0 3.6029 78.8422 3.6029 1.0205 2.4285
8920 4460.0 3.6137 74.6004 3.6137 1.0010 2.3200
8930 4465.0 3.6252 70.2414 3.6252 1.0222 2.3629
8940 4470.0 3.6184 72.8173 3.6184 0.9887 2.3620
8950 4475.0 3.5820 87.3442 3.5820 1.0095 2.3708
8960 4480.0 3.5938 82.4888 3.5938 0.9844 2.3946
8970 4485.0 3.6172 73.2660 3.6172 1.0433 2.3127
8980 4490.0 3.6255 70.1420 3.6255 1.0324 2.3660
8990 4495.0 3.6300 68.4336 3.6300 0.9562 2.3482
9000 4500.0 3.6128 74.9476 3.6128 1.0250 2.4134
9010 4505.0 3.6472 62.2403 3.6472 0.9326 2.4334
9020 4510.0 3.6122 75.1897 3.6122 1.0270 2.4582
9030 4515.0 3.6162 73.6355 3.6162 0.9404 2.4542
9040 4520.0 3.6122 75.1997 3.6122 1.0271 2.5191
9050 4525.0 3.6320 67.7081 3.6320 0.9577 2.4954
9060 4530.0 3.6284 69.0388 3.6284 0.9883 2.5017
9070 4535.0 3.6288 68.9034 3.6288 1.0002 2.4979
9080 4540.0 3.6303 68.3218 3.6303 0.9563 2.4675
9090 4545.0 3.6190 72.5929 3.6190 1.0593 2.4416
9100 4550.0 3.6301 68.4161 3.6301 0.9601 2.3961
9110 4555.0 3.6193 72.4798 3.6193 1.0230 2.3781
9120 4560.0 3.6195 72.4075 3.6195 0.9836 2.3331
9130 4565.0 3.6144 74.3604 3.6144 1.0228 2.3282
9140 4570.0 3.6183 72.8476 3.6183 0.9866 2.3427
9150 4575.0 3.6347 66.7135 3.6347 0.9471 2.3250
9160 4580.0 3.6195 72.3766 3.6195 1.0550 2.3510
9170 4585.0 3.6457 62.7736 3.6457 0.9320 2.3052
9180 4590.0 3.6315 67.8989 3.6315 1.0253 2.3640
9190 4595.0 3.6598 57.8720 3.6598 1.0253 2.3513
9200 4600.0 3.6521 60.5245 3.6521 1.0078 2.3528
9210 4605.0 3.6533 60.0941 3.6533 1.0325 2.3986
9220 4610.0 3.6590 58.1252 3.6590 0.9600 2.4053
9230 4615.0 3.6487 61.7036 3.6487 1.0355 2.4427
9240 4620.0 3.6643 56.3423 3.6643 0.9633 2.4404
9250 4625.0 3.6416 64.2308 3.6416 1.0287 2.4717
9260 4630.0 3.6433 63.6104 3.6433 0.9702 2.4743
9270 4635.0 3.6337 67.0807 3.6337 0.9987 2.4968
9280 4640.0 3.6310 68.0900 3.6310 0.9781 2.5074
9290 4645.0 3.6478 62.0272 3.6478 0.9602 2.4985
9300 4650.0 3.6363 66.1239 3.6363 1.0456 2.5088
9310 4655.0 3.6744 53.0048 3.6744 0.9838 2.4730
9320 4660.0 3.6808 50.9568 3.6808 1.0301 2.4958
9330 4665.0 3.6820 50.5745 3.6820 0.9907 2.5020
9340 4670.0 3.6590 58.1243 3.6590 1.0066 2.5731
9350 4675.0 3.6594 58.0170 3.6594 1.0210 2.6201
9360 4680.0 3.6698 54.5152 3.6698 0.9921 2.5638
9370 4685.0 3.6758 52.5431 3.6758 1.0250 2.6071
9380 4690.0 3.6775 52.0041 3.6775 0.9979 2.6411
9390 4695.0 3.6775 52.0029 3.6775 1.0127 2.6351
9400 4700.0 3.6630 56.7871 3.6630 0.9782 2.6264
9410 4705.0 3.6552 59.4479 3.6552 1.0062 2.6315
9420 4710.0 3.6514 60.7474 3.6514 0.9636 2.6178
9430 4715.0 3.6429 63.7704 3.6429 1.0043 2.5885
9440 4720.0 3.6498 61.3248 3.6498 0.9776 2.5614
9450 4725.0 3.6454 62.8619 3.6454 1.0113 2.5434
9460 4730.0 3.6622 57.0456 3.6622 0.9619 2.4993
9470 4735.0 3.6415 64.2535 3.6415 0.9977 2.4959
9480 4740.0 3.6392 65.0834 3.6392 1.0041 2.4807
9490 4745.0 3.6525 60.3754 3.6525 0.9883 2.4724
9500 4750.0 3.6507 61.0087 3.6507 1.0300 2.4336
9510 4755.0 3.6659 55.8028 3.6659 0.9735 2.5010
9520 4760.0 3.6606 57.5799 3.6606 1.0671 2.5078
9530 4765.0 3.6678 55.1848 3.6678 1.0231 2.5950
9540 4770.0 3.6776 51.9819 3.6776 1.0080 2.6098
9550 4775.0 3.6662 55.7065 3.6662 1.0537 2.6539
9560 4780.0 3.6521 60.5125 3.6521 1.0305 2.6709
9570 4785.0 3.6466 62.4579 3.6466 1.0783 2.6065
9580 4790.0 3.6515 60.7339 3.6515 1.0181 2.6950
9590 4795.0 3.6700 54.4611 3.6700 1.0055 2.6671
9600 4800.0 3.6535 60.0276 3.6535 1.0847 2.6198
9610 4805.0 3.6770 52.1521 3.6770 1.0112 2.6623
9620 4810.0 3.6612 57.3803 3.6612 0.9759 2.6674
9630 4815.0 3.6651 56.0826 3.6651 1.0060 2.6407
9640 4820.0 3.6711 54.0724 3.6711 0.9978 2.5838
9650 4825.0 3.6824 50.4267 3.6824 1.0408 2.6419
9660 4830.0 3.6934 47.0057 3.6934 0.9836 2.5989
9670 4835.0 3.6859 49.3281 3.6859 1.0292 2.5551
9680 4840.0 3.6904 47.9302 3.6904 1.0011 2.5863
9690 4845.0 3.6897 48.1491 3.6897 1.0115 2.5669
9700 4850.0 3.6850 49.6183 3.6850 1.0245 2.5390
9710 4855.0 3.6766 52.2898 3.6766 0.9811 2.4661
9720 4860.0 3.6609 57.4781 3.6609 1.0206 2.5310
9730 4865.0 3.6557 59.2842 3.6557 0.9516 2.5294
9740 4870.0 3.6767 52.2505 3.6767 1.0136 2.5307
9750 4875.0 3.6898 48.1031 3.6898 0.9587 2.5360
9760 4880.0 3.6654 55.9941 3.6654 1.0207 2.5339
9770 4885.0 3.6664 55.6362 3.6664 0.9713 2.5673
9780 4890.0 3.6404 64.6482 3.6404 1.0141 2.5900
9790 4895.0 3.6153 74.0066 3.6153 0.9777 2.5717
9800 4900.0 3.6427 63.8331 3.6427 1.0261 2.6343
9810 4905.0 3.6516 60.6767 3.6516 1.0634 2.6011
9820 4910.0 3.6373 65.7640 3.6373 0.9809 2.6403
9830 4915.0 3.6122 75.1997 3.6122 1.0216 2.6245
9840 4920.0 3.5846 86.2837 3.5846 1.0442 2.5144
9850 4925.0 3.5927 82.9333 3.5927 0.9937 2.6350
9860 4930.0 3.6087 76.5430 3.6087 1.0244 2.4999
9870 4935.0 3.6099 76.0819 3.6099 1.0068 2.5755
9880 4940.0 3.6255 70.1325 3.6255 1.0145 2.4779
9890 4945.0 3.6418 64.1543 3.6418 1.0322 2.4749
9900 4950.0 3.6464 62.5030 3.6464 1.0316 2.4631
9910 4955.0 3.6507 61.0186 3.6507 1.0071 2.4209
9920 4960.0 3.6311 68.0298 3.6311 1.0368 2.4224
9930 4965.0 3.6467 62.3968 3.6467 0.9944 2.4039
9940 4970.0 3.6583 58.3785 3.6583 1.0424 2.4196
9950 4975.0 3.6472 62.2486 3.6472 0.9848 2.4465
9960 4980.0 3.6362 66.1573 3.6362 1.0449 2.4761
9970 4985.0 3.6515 60.7222 3.6515 1.0162 2.4757
9980 4990.0 3.6470 62.2897 3.6470 1.0168 2.4895
9990 4995.0 3.6450 63.0080 3.6450 1.0789 2.4929
10000 5000.0 3.6251 70.2891 3.6251 1.0984 2.5875
10010 5005.0 3.6422 64.0213 3.6422 0.9928 2.5678
10020 5010.0 3.6482 61.8813 3.6482 1.0370 2.5722
10030 5015.0 3.6501 61.2227 3.6501 1.0569 2.5785
10040 5020.0 3.6505 61.0618 3.6505 0.9753 2.5530
10050 5025.0 3.6576 58.6256 3.6576 1.0307 2.5755
10060 5030.0 3.6718 53.8547 3.6718 0.9445 2.5535
10070 5035.0 3.6608 57.5155 3.6608 1.0581 2.5476
10080 5040.0 3.6868 49.0386 3.6868 0.9416 2.5227
10090 5045.0 3.6703 54.3653 3.6703 1.0428 2.5378
10100 5050.0 3.6937 46.9162 3.6937 0.9360 2.5238
10110 5055.0 3.6749 52.8302 3.6749 1.0485 2.5428
10120 5060.0 3.6912 47.6642 3.6912 0.9517 2.4879
10130 5065.0 3.6803 51.1069 3.6803 1.0516 2.5248
10140 5070.0 3.6876 48.7913 3.6876 0.9491 2.5244
10150 5075.0 3.6552 59.4391 3.6552 1.0175 2.5690
10160 5080.0 3.6772 52.1118 3.6772 0.9236 2.5709
10170 5085.0 3.6243 70.5696 3.6243 1.0134 2.6256
10180 5090.0 3.6598 57.8532 3.6598 0.9477 2.5836
10190 5095.0 3.6328 67.4010 3.6328 1.0494 2.6276
10200 5100.0 3.6326 67.5031 3.6326 0.9642 2.5914
10210 5105.0 3.6177 73.0786 3.6177 1.0126 2.6522
10220 5110.0 3.6213 71.7234 3.6213 1.0261 2.6511
10230 5115.0 3.6411 64.3977 3.6411 0.9699 2.6446
10240 5120.0 3.6279 69.2335 3.6279 1.0298 2.6617
10250 5125.0 3.6522 60.4867 3.6522 0.9784 2.6542
10260 5130.0 3.6627 56.9007 3.6627 1.0353 2.6153
10270 5135.0 3.6739 53.1778 3.6739 0.9694 2.5891
10280 5140.0 3.6886 48.4903 3.6886 1.0225 2.5593
10290 5145.0 3.6897 48.1425 3.6897 0.9885 2.5136
10300 5150.0 3.6824 50.4498 3.6824 1.0130 2.5009
10310 5155.0 3.6965 46.0664 3.6965 1.0087 2.4706
10320 5160.0 3.6893 48.2541 3.6893 0.9877 2.4353
10330 5165.0 3.6876 48.7820 3.6876 1.0243 2.4014
10340 5170.0 3.6919 47.4490 3.6919 0.9728 2.3880
10350 5175.0 3.6792 51.4443 3.6792 1.0507 2.3718
10360 5180.0 3.6752 52.7443 3.6752 0.9698 2.3867
10370 5185.0 3.6589 58.1600 3.6589 1.0502 2.4118
10380 5190.0 3.6586 58.2689 3.6586 0.9634 2.4091
10390 5195.0 3.6439 63.3973 3.6439 1.0344 2.4269
10400 5200.0 3.6483 61.8353 3.6483 0.9756 2.4354
10410 5205.0 3.6379 65.5724 3.6379 0.9954 2.4728
10420 5210.0 3.6506 61.0531 3.6506 1.0076 2.4675
10430 5215.0 3.6513 60.7888 3.6513 0.9847 2.4784
10440 5220.0 3.6347 66.7249 3.6347 1.0610 2.4919
10450 5225.0 3.6462 62.5788 3.6462 0.9683 2.4803
10460 5230.0 3.6361 66.2197 3.6361 1.0314 2.4763
10470 5235.0 3.6435 63.5499 3.6435 0.9766 2.4901
10480 5240.0 3.6421 64.0496 3.6421 1.0089 2.4874
10490 5245.0 3.6463 62.5612 3.6463 1.0478 2.4781
10500 5250.0 3.6386 65.3192 3.6386 0.9786 2.4481
10510 5255.0 3.6373 65.7819 3.6373 1.0651 2.4484
10520 5260.0 3.6382 65.4430 3.6382 0.9805 2.4017
10530 5265.0 3.6366 66.0117 3.6366 1.0039 2.4269
10540 5270.0 3.6267 69.6688 3.6267 1.0236 2.4596
10550 5275.0 3.6317 67.8097 3.6317 0.9630 2.4137
10560 5280.0 3.6293 68.7122 3.6293 1.0552 2.4674
10570 5285.0 3.6574 58.6777 3.6574 0.9492 2.4073
10580 5290.0 3.6502 61.1757 3.6502 1.0460 2.4513
10590 5295.0 3.6629 56.8049 3.6629 0.9690 2.4460
10600 5300.0 3.6580 58.4949 3.6580 1.0045 2.4538
10610 5305.0 3.6224 71.2752 3.6224 1.0544 2.4856
10620 5310.0 3.6406 64.5787 3.6406 0.9694 2.4623
10630 5315.0 3.6294 68.6637 3.6294 1.0149 2.5205
10640 5320.0 3.6426 63.8806 3.6426 1.0105 2.5118
10650 5325.0 3.6478 62.0055 3.6478 0.9891 2.5431
10660 5330.0 3.6405 64.6100 3.6405 1.0106 2.6058
10670 5335.0 3.6314 67.9163 3.6314 0.9774 2.6102
10680 5340.0 3.6170 73.3297 3.6170 1.0187 2.6350
10690 5345.0 3.6134 74.7463 3.6134 1.0213 2.6409
10700 5350.0 3.6354 66.4735 3.6354 0.9459 2.6066
10710 5355.0 3.6268 69.6408 3.6268 1.0570 2.5722
10720 5360.0 3.6385 65.3263 3.6385 1.0043 2.5169
10730 5365.0 3.6464 62.5044 3.6464 1.0013 2.4630
10740 5370.0 3.6582 58.4139 3.6582 1.0376 2.4466
10750 5375.0 3.6338 67.0563 3.6338 0.9695 2.4554
10760 5380.0 3.6454 62.8768 3.6454 0.9890 2.4082
10770 5385.0 3.6767 52.2753 3.6767 0.9987 2.3238
10780 5390.0 3.6563 59.0571 3.6563 1.0334 2.2808
10790 5395.0 3.6791 51.4748 3.6791 0.9964 2.2973
10800 5400.0 3.6649 56.1453 3.6649 1.0075 2.3242
10810 5405.0 3.6752 52.7441 3.6752 0.9718 2.3176
10820 5410.0 3.6621 57.0986 3.6621 1.0175 2.2879
10830 5415.0 3.6660 55.7687 3.6660 1.0018 2.3478
10840 5420.0 3.6358 66.3106 3.6358 0.9916 2.4099
10850 5425.0 3.6523 60.4390 3.6523 1.0355 2.3618
10860 5430.0 3.6601 57.7551 3.6601 0.9706 2.4551
10870 5435.0 3.6462 62.5950 3.6462 0.9711 2.5189
10880 5440.0 3.6261 69.9004 3.6261 1.0260 2.4649
10890 5445.0 3.6432 63.6704 3.6432 1.0002 2.5732
10900 5450.0 3.6153 73.9783 3.6153 0.9566 2.6268
10910 5455.0 3.5677 93.4238 3.5677 1.0420 2.5075
10920 5460.0 3.6037 78.5203 3.6037 0.9536 2.6639
10930 5465.0 3.6396 64.9527 3.6396 0.9906 2.6173
10940 5470.0 3.5935 82.6209 3.5935 1.0615 2.5252
10950 5475.0 3.5785 88.8362 3.5785 0.9544 2.6769
10960 5480.0 3.6204 72.0415 3.6204 0.9969 2.4861
10970 5485.0 3.6451 62.9686 3.6451 1.0486 2.5352
10980 5490.0 3.6345 66.7781 3.6345 0.9622 2.5272
10990 5495.0 3.6125 75.0803 3.6125 1.0642 2.3986
11000 5500.0 3.5970 81.1980 3.5970 0.9772 2.5364
11010 5505.0 3.6448 63.0901 3.6448 0.9932 2.3922
11020 5510.0 3.6435 63.5398 3.6435 1.0752 2.3963
11030 5515.0 3.6144 74.3583 3.6144 1.0392 2.4778
11040 5520.0 3.6641 56.4011 3.6641 0.9855 2.3883
11050 5525.0 3.6605 57.6437 3.6605 1.0675 2.4146
11060 5530.0 3.6566 58.9502 3.6566 0.9390 2.4745
11070 5535.0 3.6531 60.1737 3.6531 1.0573 2.4520
11080 5540.0 3.6428 63.7809 3.6428 0.9985 2.4243
11090 5545.0 3.6255 70.1242 3.6255 0.9984 2.5178
11100 5550.0 3.6339 67.0071 3.6339 1.0433 2.4354
11110 5555.0 3.6315 67.8784 3.6315 0.9724 2.5434
11120 5560.0 3.6407 64.5494 3.6407 1.0445 2.5208
11130 5565.0 3.6441 63.3217 3.6441 0.9671 2.4845
11140 5570.0 3.6422 64.0146 3.6422 1.0642 2.4937
11150 5575.0 3.6476 62.0879 3.6476 0.9568 2.4979
11160 5580.0 3.6495 61.4165 3.6495 1.0615 2.5155
11170 5585.0 3.6539 59.8868 3.6539 0.9766 2.5051
11180 5590.0 3.6519 60.5994 3.6519 1.0281 2.5396
11190 5595.0 3.6549 59.5523 3.6549 0.9966 2.5103
11200 5600.0 3.6480 61.9550 3.6480 1.0071 2.4706
11210 5605.0 3.6613 57.3682 3.6613 1.0192 2.4930
11220 5610.0 3.6540 59.8533 3.6540 0.9674 2.5079
11230 5615.0 3.6474 62.1770 3.6474 1.0615 2.5028
11240 5620.0 3.6650 56.1291 3.6650 0.9671 2.4659
11250 5625.0 3.6248 70.3938 3.6248 1.0011 2.5159
11260 5630.0 3.6480 61.9632 3.6480 0.9957 2.4388
11270 5635.0 3.6151 74.0588 3.6151 1.0270 2.3939
11280 5640.0 3.6086 76.5978 3.6086 0.9982 2.4910
11290 5645.0 3.6343 66.8519 3.6343 0.9568 2.4552
11300 5650.0 3.5930 82.8444 3.5930 1.0584 2.3996
11310 5655.0 3.6101 75.9935 3.6101 0.9632 2.3929
11320 5660.0 3.5858 85.7993 3.5858 0.9954 2.4815
11330 5665.0 3.6243 70.5712 3.6243 0.9457 2.4025
11340 5670.0 3.5961 81.5745 3.5961 1.0591 2.3926
11350 5675.0 3.6147 74.2279 3.6147 0.9578 2.3624
11360 5680.0 3.6152 74.0356 3.6152 0.9683 2.4505
11370 5685.0 3.6213 71.7169 3.6213 1.0415 2.3827
11380 5690.0 3.6247 70.4082 3.6247 0.9987 2.3710
11390 5695.0 3.6050 78.0165 3.6050 0.9829 2.5163
11400 5700.0 3.6392 65.0745 3.6392 0.9981 2.4126
11410 5705.0 3.6440 63.3522 3.6440 1.0554 2.4608
11420 5710.0 3.6384 65.3611 3.6384 0.9408 2.5224
11430 5715.0 3.6405 64.6326 3.6405 0.9815 2.4476
11440 5720.0 3.6354 66.4581 3.6354 1.0348 2.4729
11450 5725.0 3.6454 62.8542 3.6454 0.9632 2.5338
11460 5730.0 3.6283 69.0781 3.6283 0.9762 2.5517
11470 5735.0 3.6162 73.6677 3.6162 0.9971 2.4850
11480 5740.0 3.6268 69.6394 3.6268 0.9989 2.5202
11490 5745.0 3.6118 75.3545 3.6118 0.9835 2.5884
11500 5750.0 3.6243 70.5648 3.6243 0.9885 2.5409
11510 5755.0 3.6231 71.0456 3.6231 1.0230 2.5571
11520 5760.0 3.6297 68.5611 3.6297 0.9862 2.6164
11530 5765.0 3.6230 71.0634 3.6230 1.0962 2.5335
11540 5770.0 3.6293 68.7258 3.6293 0.9655 2.6639
11550 5775.0 3.6544 59.7358 3.6544 1.0435 2.6179
11560 5780.0 3.6698 54.5030 3.6698 1.0245 2.6144
11570 5785.0 3.6634 56.6349 3.6634 0.9911 2.6155
11580 5790.0 3.6542 59.7769 3.6542 1.0499 2.6184
11590 5795.0 3.6551 59.4917 3.6551 0.9860 2.6024
11600 5800.0 3.6542 59.7732 3.6542 0.9996 2.6043
11610 5805.0 3.6376 65.6673 3.6376 1.1265 2.5312
11620 5810.0 3.6669 55.4940 3.6669 0.9704 2.5631
11630 5815.0 3.6461 62.6276 3.6461 1.0394 2.5509
11640 5820.0 3.6769 52.1814 3.6769 1.0233 2.5229
11650 5825.0 3.6766 52.2869 3.6766 1.0026 2.5223
11660 5830.0 3.6817 50.6535 3.6817 1.0639 2.5285
11670 5835.0 3.6871 48.9399 3.6871 0.9789 2.5198
11680 5840.0 3.6830 50.2496 3.6830 1.0608 2.5291
11690 5845.0 3.6819 50.5901 3.6819 1.0043 2.5483
11700 5850.0 3.6770 52.1493 3.6770 1.0262 2.5802
11710 5855.0 3.6890 48.3519 3.6890 1.0439 2.5744
11720 5860.0 3.6744 53.0171 3.6744 0.9782 2.5953
11730 5865.0 3.6672 55.3796 3.6672 1.0602 2.6146
11740 5870.0 3.6808 50.9314 3.6808 0.9657 2.5925
11750 5875.0 3.6482 61.8883 3.6482 1.1015 2.5544
11760 5880.0 3.6414 64.3014 3.6414 0.9272 2.5419
11770 5885.0 3.6450 63.0142 3.6450 1.0724 2.5581
11780 5890.0 3.6676 55.2318 3.6676 0.9492 2.5619
11790 5895.0 3.6773 52.0625 3.6773 1.0796 2.5365
11800 5900.0 3.6765 52.3250 3.6765 1.0033 2.5018
11810 5905.0 3.6705 54.2973 3.6705 1.0355 2.4754
11820 5910.0 3.6665 55.6027 3.6665 1.0736 2.4457
11830 5915.0 3.6435 63.5420 3.6435 0.9826 2.4210
11840 5920.0 3.6383 65.4017 3.6383 1.0716 2.4342
11850 5925.0 3.6403 64.6861 3.6403 0.9758 2.3853
11860 5930.0 3.6365 66.0745 3.6365 1.0677 2.3493
11870 5935.0 3.6354 66.4519 3.6354 0.9974 2.3661
11880 5940.0 3.6166 73.4818 3.6166 1.0152 2.4287
11890 5945.0 3.6176 73.0976 3.6176 1.0057 2.3901
11900 5950.0 3.6077 76.9655 3.6077 1.0336 2.3974
11910 5955.0 3.6167 73.4465 3.6167 1.0156 2.4302
11920 5960.0 3.6262 69.8511 3.6262 1.0045 2.4650
11930 5965.0 3.6286 68.9821 3.6286 1.0214 2.4846
11940 5970.0 3.6300 68.4441 3.6300 1.0020 2.4385
11950 5975.0 3.6252 70.2555 3.6252 1.0072 2.4678
11960 5980.0 3.6342 66.9179 3.6342 1.0555 2.4081
11970 5985.0 3.6442 63.3024 3.6442 0.9909 2.4056
11980 5990.0 3.6533 60.0927 3.6533 1.0239 2.3909
11990 5995.0 3.6585 58.2952 3.6585 1.0173 2.3876
12000 6000.0 3.6629 56.8335 3.6629 0.9647 2.3870
12010 6005.0 3.6691 54.7385 3.6691 1.0295 2.3743
12020 6010.0 3.6688 54.8410 3.6688 0.9889 2.3690
12030 6015.0 3.6607 57.5527 3.6607 1.0122 2.3592
12040 6020.0 3.6540 59.8718 3.6540 0.9959 2.3775
12050 6025.0 3.6413 64.3316 3.6413 0.9572 2.3964
12060 6030.0 3.6320 67.6951 3.6320 1.0167 2.4558
12070 6035.0 3.6451 62.9816 3.6451 0.9664 2.4978
12080 6040.0 3.6369 65.9251 3.6369 0.9986 2.5476
12090 6045.0 3.6476 62.0996 3.6476 0.9856 2.5772
12100 6050.0 3.6407 64.5603 3.6407 1.0131 2.5843
12110 6055.0 3.6355 66.4426 3.6355 0.9721 2.6012
12120 6060.0 3.6097 76.1662 3.6097 0.9981 2.6288
12130 6065.0 3.6169 73.3664 3.6169 0.9534 2.6222
12140 6070.0 3.5898 84.1367 3.5898 1.0018 2.6340
12150 6075.0 3.6466 62.4549 3.6466 0.9306 2.5732
12160 6080.0 3.6227 71.1951 3.6227 1.0224 2.5957
12170 6085.0 3.6383 65.4026 3.6383 0.9481 2.5332
12180 6090.0 3.6279 69.2192 3.6279 1.0548 2.5649
12190 6095.0 3.6393 65.0345 3.6393 1.0158 2.5510
12200 6100.0 3.6618 57.1855 3.6618 0.9243 2.5734
12210 6105.0 3.5897 84.1585 3.5897 1.1186 2.6233
12220 6110.0 3.6583 58.3836 3.6583 0.9174 2.5412
12230 6115.0 3.5834 86.7612 3.5834 1.0563 2.6301
12240 6120.0 3.5775 89.2366 3.5775 1.1101 2.4988
12250 6125.0 3.6318 67.7774 3.6318 0.9445 2.5410
12260 6130.0 3.5894 84.3042 3.5894 1.0245 2.5749
12270 6135.0 3.5804 88.0290 3.5804 0.9807 2.4312
12280 6140.0 3.5955 81.8260 3.5955 0.9994 2.5648
12290 6145.0 3.6296 68.5807 3.6296 1.0043 2.4732
12300 6150.0 3.6111 75.6342 3.6111 1.0256 2.4248
12310 6155.0 3.6050 78.0212 3.6050 0.9673 2.5789
12320 6160.0 3.6313 67.9606 3.6313 1.0026 2.4186
12330 6165.0 3.6676 55.2323 3.6676 1.0416 2.5048
12340 6170.0 3.6542 59.7844 3.6542 0.9318 2.5312
12350 6175.0 3.6806 50.9997 3.6806 1.0120 2.4878
12360 6180.0 3.6487 61.7230 3.6487 1.0167 2.4664
12370 6185.0 3.6438 63.4295 3.6438 0.9780 2.5488
12380 6190.0 3.6562 59.1133 3.6562 1.0541 2.4976
12390 6195.0 3.6678 55.1891 3.6678 1.0042 2.4848
12400 6200.0 3.6528 60.2606 3.6528 1.0505 2.5492
12410 6205.0 3.6684 54.9737 3.6684 1.0142 2.5414
12420 6210.0 3.6468 62.3657 3.6468 1.0237 2.5237
12430 6215.0 3.6563 59.0601 3.6563 1.0204 2.5804
12440 6220.0 3.6430 63.7407 3.6430 0.9677 2.6010
12450 6225.0 3.6265 69.7490 3.6265 1.0296 2.5966
12460 6230.0 3.6342 66.9204 3.6342 0.9702 2.5567
12470 6235.0 3.6351 66.5831 3.6351 1.0267 2.6239
12480 6240.0 3.6451 62.9625 3.6451 0.9828 2.5651
12490 6245.0 3.6612 57.3830 3.6612 0.9850 2.6112
12500 6250.0 3.6538 59.9310 3.6538 1.0342 2.5165
12510 6255.0 3.6639 56.4870 3.6639 1.0151 2.5212
12520 6260.0 3.6636 56.5740 3.6636 1.0296 2.5371
12530 6265.0 3.6623 57.0295 3.6623 0.9571 2.4752
12540 6270.0 3.6480 61.9446 3.6480 1.0369 2.4845
12550 6275.0 3.6590 58.1320 3.6590 0.9626 2.4554
12560 6280.0 3.6515 60.7433 3.6515 1.0397 2.4262
12570 6285.0 3.6691 54.7503 3.6691 0.9446 2.3776
12580 6290.0 3.6616 57.2740 3.6616 1.0467 2.3773
12590 6295.0 3.6617 57.2321 3.6617 0.9676 2.3237
12600 6300.0 3.6689 54.8187 3.6689 1.0404 2.3289
12610 6305.0 3.6749 52.8416 3.6749 1.0021 2.3188
12620 6310.0 3.6685 54.9361 3.6685 1.0008 2.3219
12630 6315.0 3.6586 58.2724 3.6586 1.0436 2.3221
12640 6320.0 3.6719 53.8354 3.6719 0.9497 2.3104
12650 6325.0 3.6516 60.6864 3.6516 1.0275 2.3483
12660 6330.0 3.6562 59.1087 3.6562 0.9436 2.3703
12670 6335.0 3.6246 70.4811 3.6246 1.0024 2.4278
12680 6340.0 3.6331 67.3049 3.6331 0.9680 2.4139
12690 6345.0 3.6226 71.2118 3.6226 1.0384 2.4805
12700 6350.0 3.6454 62.8608 3.6454 0.9602 2.4923
12710 6355.0 3.6453 62.9137 3.6453 1.0400 2.5153
12720 6360.0 3.6493 61.5041 3.6493 0.9743 2.5202
12730 6365.0 3.6426 63.8685 3.6426 1.0170 2.5033
12740 6370.0 3.6416 64.2412 3.6416 1.0085 2.5160
12750 6375.0 3.6552 59.4372 3.6552 0.9914 2.4681
12760 6380.0 3.6518 60.6296 3.6518 1.0262 2.4819
12770 6385.0 3.6495 61.4108 3.6495 1.0118 2.4492
12780 6390.0 3.6511 60.8543 3.6511 0.9921 2.4164
12790 6395.0 3.6524 60.4171 3.6524 1.0701 2.4096
12800 6400.0 3.6549 59.5571 3.6549 0.9895 2.4291
12810 6405.0 3.6355 66.4324 3.6355 1.0319 2.4717
12820 6410.0 3.6444 63.2260 3.6444 0.9902 2.4849
12830 6415.0 3.6495 61.4284 3.6495 1.0174 2.4679
12840 6420.0 3.6615 57.2889 3.6615 1.0210 2.4915
12850 6425.0 3.6633 56.6720 3.6633 0.9987 2.4879
12860 6430.0 3.6426 63.8812 3.6426 1.0140 2.4929
12870 6435.0 3.6534 60.0654 3.6534 0.9749 2.4457
12880 6440.0 3.6309 68.1124 3.6309 1.0099 2.4787
12890 6445.0 3.6353 66.4958 3.6353 0.9738 2.4874
12900 6450.0 3.6352 66.5475 3.6352 0.9654 2.4852
12910 6455.0 3.6225 71.2362 3.6225 1.0379 2.5124
12920 6460.0 3.6275 69.3824 3.6275 0.9877 2.4900
12930 6465.0 3.6053 77.8747 3.6053 1.0291 2.4779
12940 6470.0 3.5931 82.8036 3.5931 0.9790 2.4327
12950 6475.0 3.6025 79.0007 3.6025 0.9812 2.4878
12960 6480.0 3.5877 84.9836 3.5877 1.0231 2.5233
12970 6485.0 3.6196 72.3563 3.6196 0.9562 2.4799
12980 6490.0 3.6166 73.4904 3.6166 1.0555 2.5190
12990 6495.0 3.6334 67.1889 3.6334 0.9819 2.5221
13000 6500.0 3.6415 64.2471 3.6415 1.0386 2.5676
13010 6505.0 3.6501 61.2004 3.6501 1.0078 2.5419
13020 6510.0 3.6468 62.3712 3.6468 0.9809 2.5093
13030 6515.0 3.6322 67.6237 3.6322 1.0203 2.5666
13040 6520.0 3.6381 65.4771 3.6381 0.9585 2.5466
13050 6525.0 3.6199 72.2427 3.6199 1.0432 2.5266
13060 6530.0 3.6227 71.1954 3.6227 0.9723 2.4756
13070 6535.0 3.6126 75.0390 3.6126 1.0554 2.4879
13080 6540.0 3.6267 69.6786 3.6267 1.0492 2.4429
13090 6545.0 3.6354 66.4714 3.6354 0.9956 2.4212
13100 6550.0 3.6143 74.3888 3.6143 1.0511 2.4157
13110 6555.0 3.6227 71.1841 3.6227 1.0189 2.3769
13120 6560.0 3.6315 67.9074 3.6315 1.0115 2.4226
13130 6565.0 3.6259 69.9585 3.6259 1.0398 2.4480
13140 6570.0 3.6422 63.9967 3.6422 0.9770 2.3818
13150 6575.0 3.6459 62.6771 3.6459 1.0515 2.4386
13160 6580.0 3.6502 61.1700 3.6502 0.9573 2.5012
13170 6585.0 3.6489 61.6463 3.6489 0.9971 2.5033
13180 6590.0 3.6408 64.5266 3.6408 1.0324 2.4923
13190 6595.0 3.6591 58.1009 3.6591 0.9681 2.5503
13200 6600.0 3.6419 64.1170 3.6419 1.0188 2.5975
13210 6605.0 3.6627 56.9010 3.6627 0.9698 2.5926
13220 6610.0 3.6509 60.9473 3.6509 1.0125 2.5961
13230 6615.0 3.6419 64.1150 3.6419 0.9907 2.5984
13240 6620.0 3.6549 59.5411 3.6549 1.0163 2.6244
13250 6625.0 3.6438 63.4532 3.6438 0.9848 2.6290
13260 6630.0 3.6189 72.5996 3.6189 1.0015 2.6366
13270 6635.0 3.6489 61.6330 3.6489 0.9791 2.5541
13280 6640.0 3.6172 73.2642 3.6172 1.0330 2.4956
13290 6645.0 3.6605 57.6350 3.6605 0.9927 2.4803
13300 6650.0 3.6358 66.3371 3.6358 0.9592 2.5010
13310 6655.0 3.6596 57.9333 3.6596 1.0569 2.4117
13320 6660.0 3.6498 61.3100 3.6498 0.9945 2.3454
13330 6665.0 3.6494 61.4681 3.6494 1.0408 2.4060
13340 6670.0 3.6544 59.7297 3.6544 1.0433 2.3937
13350 6675.0 3.6490 61.5998 3.6490 1.0178 2.3339
13360 6680.0 3.6554 59.3577 3.6554 1.0425 2.3727
13370 6685.0 3.6589 58.1794 3.6589 1.0316 2.3847
13380 6690.0 3.6583 58.3945 3.6583 1.0005 2.4122
13390 6695.0 3.6614 57.3240 3.6614 1.0354 2.4600
13400 6700.0 3.6724 53.6596 3.6724 0.9775 2.4886
13410 6705.0 3.6465 62.4880 3.6465 1.0490 2.5369
13420 6710.0 3.6693 54.6975 3.6693 1.0047 2.5468
13430 6715.0 3.6483 61.8556 3.6483 1.0037 2.5740
13440 6720.0 3.6625 56.9413 3.6625 0.9764 2.6171
13450 6725.0 3.6568 58.8797 3.6568 1.0267 2.6378
13460 6730.0 3.6539 59.9063 3.6539 1.0065 2.6438
13470 6735.0 3.6748 52.8655 3.6748 0.9704 2.6041
13480 6740.0 3.6617 57.2321 3.6617 1.0013 2.6150
13490 6745.0 3.6580 58.4980 3.6580 0.9872 2.5854
13500 6750.0 3.6798 51.2594 3.6798 0.9926 2.5954
13510 6755.0 3.6712 54.0534 3.6712 0.9807 2.6104
13520 6760.0 3.6810 50.8888 3.6810 0.9705 2.6024
13530 6765.0 3.6849 49.6343 3.6849 1.0368 2.5415
13540 6770.0 3.6927 47.2075 3.6927 0.9758 2.5275
13550 6775.0 3.6747 52.9116 3.6747 0.9761 2.5704
13560 6780.0 3.6710 54.1277 3.6710 0.9974 2.5049
13570 6785.0 3.6705 54.2780 3.6705 1.0097 2.5030
13580 6790.0 3.6785 51.6835 3.6785 0.9824 2.4988
13590 6795.0 3.6704 54.3298 3.6704 0.9786 2.5061
13600 6800.0 3.6704 54.3118 3.6704 1.0220 2.4772
13610 6805.0 3.6860 49.3017 3.6860 0.9671 2.4399
13620 6810.0 3.6652 56.0406 3.6652 1.0139 2.4613
13630 6815.0 3.6567 58.9301 3.6567 0.9868 2.4488
13640 6820.0 3.6556 59.2904 3.6556 0.9948 2.4986
13650 6825.0 3.6661 55.7340 3.6661 0.9956 2.4995
13660 6830.0 3.6692 54.7178 3.6692 0.9945 2.5222
13670 6835.0 3.6430 63.7141 3.6430 1.0333 2.5189
13680 6840.0 3.6374 65.7533 3.6374 0.9801 2.4951
13690 6845.0 3.6269 69.6062 3.6269 1.0226 2.5182
13700 6850.0 3.6213 71.7050 3.6213 1.0275 2.5300
13710 6855.0 3.6310 68.0872 3.6310 1.0053 2.5273
13720 6860.0 3.6354 66.4810 3.6354 1.0013 2.5366
13730 6865.0 3.6338 67.0365 3.6338 0.9814 2.4914
13740 6870.0 3.6270 69.5773 3.6270 1.0407 2.4944
13750 6875.0 3.6340 66.9611 3.6340 0.9819 2.5276
13760 6880.0 3.6310 68.0870 3.6310 0.9971 2.5266
13770 6885.0 3.6403 64.7099 3.6403 1.0183 2.4587
13780 6890.0 3.6429 63.7426 3.6429 0.9736 2.4893
13790 6895.0 3.6399 64.8328 3.6399 1.0471 2.4532
13800 6900.0 3.6485 61.7678 3.6485 0.9568 2.4031
13810 6905.0 3.6459 62.7012 3.6459 1.0044 2.4231
13820 6910.0 3.6301 68.4262 3.6301 1.0298 2.3935
13830 6915.0 3.6215 71.6151 3.6215 0.9748 2.3298
13840 6920.0 3.6236 70.8232 3.6236 1.0331 2.3944
13850 6925.0 3.6288 68.8798 3.6288 0.9594 2.3715
13860 6930.0 3.6193 72.4813 3.6193 0.9981 2.3776
13870 6935.0 3.6081 76.7949 3.6081 1.0207 2.3715
13880 6940.0 3.6158 73.8035 3.6158 0.9747 2.3699
13890 6945.0 3.6022 79.1057 3.6022 1.0285 2.3777
13900 6950.0 3.6167 73.4727 3.6167 0.9846 2.3695
13910 6955.0 3.6203 72.0836 3.6203 1.0472 2.3842
13920 6960.0 3.6216 71.6008 3.6216 1.0144 2.3811
13930 6965.0 3.6344 66.8312 3.6344 1.0100 2.4022
13940 6970.0 3.6401 64.7758 3.6401 1.0340 2.4190
13950 6975.0 3.6482 61.8956 3.6482 1.0010 2.4227
13960 6980.0 3.6436 63.5165 3.6436 1.0170 2.4666
13970 6985.0 3.6505 61.0922 3.6505 0.9637 2.4583
13980 6990.0 3.6555 59.3389 3.6555 0.9915 2.4588
13990 6995.0 3.6437 63.4596 3.6437 1.0231 2.4519
14000 7000.0 3.6440 63.3602 3.6440 0.9983 2.4747
14010 7005.0 3.6608 57.5399 3.6608 1.0216 2.5063
14020 7010.0 3.6654 55.9826 3.6654 0.9968 2.5447
14030 7015.0 3.6544 59.7197 3.6544 1.0037 2.5492
14040 7020.0 3.6552 59.4497 3.6552 1.0346 2.5808
14050 7025.0 3.6552 59.4326 3.6552 0.9942 2.5801
14060 7030.0 3.6629 56.8034 3.6629 1.0000 2.6224
14070 7035.0 3.6611 57.4334 3.6611 1.0026 2.6556
14080 7040.0 3.6601 57.7718 3.6601 0.9648 2.6624
14090 7045.0 3.6444 63.2170 3.6444 0.9983 2.6777
14100 7050.0 3.6570 58.8408 3.6570 0.9752 2.6584
14110 7055.0 3.6477 62.0507 3.6477 0.9736 2.6845
14120 7060.0 3.6546 59.6468 3.6546 0.9866 2.6703
14130 7065.0 3.6432 63.6640 3.6432 1.0298 2.6480
14140 7070.0 3.6527 60.3072 3.6527 0.9680 2.7082
14150 7075.0 3.6655 55.9312 3.6655 0.9717 2.6757
14160 7080.0 3.6759 52.5244 3.6759 0.9996 2.6351
14170 7085.0 3.6638 56.4994 3.6638 1.0195 2.5908
14180 7090.0 3.6900 48.0605 3.6900 0.9891 2.6212
14190 7095.0 3.6617 57.2237 3.6617 1.0044 2.6469
14200 7100.0 3.6722 53.7217 3.6722 0.9950 2.5043
14210 7105.0 3.6927 47.2263 3.6927 1.0243 2.5698
14220 7110.0 3.6897 48.1444 3.6897 0.9596 2.5585
14230 7115.0 3.7127 41.2693 3.7127 1.0051 2.4987
14240 7120.0 3.6862 49.2494 3.6862 1.0431 2.4968
14250 7125.0 3.6872 48.9242 3.6872 0.9561 2.5024
14260 7130.0 3.6342 66.9210 3.6342 0.9974 2.5646
14270 7135.0 3.6284 69.0584 3.6284 1.0204 2.4391
14280 7140.0 3.6471 62.2633 3.6471 1.0200 2.5022
14290 7145.0 3.6199 72.2269 3.6199 0.9971 2.5560
14300 7150.0 3.6211 71.7855 3.6211 0.9626 2.4290
14310 7155.0 3.6002 79.9212 3.6002 1.1057 2.5874
14320 7160.0 3.6394 65.0281 3.6394 0.9744 2.5603
14330 7165.0 3.6012 79.5358 3.6012 1.0837 2.4826
14340 7170.0 3.6266 69.7281 3.6266 0.9614 2.5779
14350 7175.0 3.6224 71.3082 3.6224 0.9674 2.5741
14360 7180.0 3.6026 78.9784 3.6026 1.0684 2.4893
14370 7185.0 3.6261 69.8897 3.6261 0.9587 2.5168
14380 7190.0 3.5886 84.6232 3.5886 1.0056 2.5484
14390 7195.0 3.5622 95.8462 3.5622 1.0126 2.4287
14400 7200.0 3.5676 93.4675 3.5676 0.9782 2.5387
14410 7205.0 3.6139 74.5189 3.6139 0.9628 2.4569
14420 7210.0 3.5770 89.4494 3.5770 1.0581 2.3876
14430 7215.0 3.5980 80.8133 3.5980 0.9737 2.4623
14440 7220.0 3.6044 78.2502 3.6044 0.9747 2.4352
14450 7225.0 3.6068 77.2855 3.6068 1.0028 2.4085
14460 7230.0 3.6319 67.7519 3.6319 0.9683 2.3769
14470 7235.0 3.6244 70.5393 3.6244 1.0293 2.4130
14480 7240.0 3.6361 66.2202 3.6361 1.0128 2.3687
14490 7245.0 3.6385 65.3577 3.6385 1.0268 2.3683
14500 7250.0 3.6414 64.2925 3.6414 1.0320 2.3826
14510 7255.0 3.6218 71.5055 3.6218 0.9735 2.4459
14520 7260.0 3.6376 65.6840 3.6376 1.0572 2.4253
14530 7265.0 3.6292 68.7564 3.6292 0.9896 2.3954
14540 7270.0 3.6263 69.8387 3.6263 1.0223 2.4888
14550 7275.0 3.6481 61.9142 3.6481 0.9513 2.4919
14560 7280.0 3.6267 69.6854 3.6267 1.0181 2.5308
14570 7285.0 3.6267 69.6747 3.6267 1.0174 2.5472
14580 7290.0 3.6395 64.9925 3.6395 0.9641 2.5488
14590 7295.0 3.6270 69.5469 3.6270 1.0394 2.5616
14600 7300.0 3.6404 64.6388 3.6404 0.9757 2.5347
14610 7305.0 3.6540 59.8414 3.6540 1.0129 2.5481
14620 7310.0 3.6643 56.3577 3.6643 0.9803 2.5187
14630 7315.0 3.6682 55.0441 3.6682 1.0096 2.5150
14640 7320.0 3.6751 52.7832 3.6751 1.0135 2.4797
14650 7325.0 3.6732 53.3836 3.6732 1.0049 2.4489
14660 7330.0 3.6616 57.2695 3.6616 1.0428 2.4286
14670 7335.0 3.6551 59.4620 3.6551 0.9694 2.4221
14680 7340.0 3.6733 53.3570 3.6733 1.0585 2.4216
14690 7345.0 3.6613 57.3605 3.6613 0.9722 2.4033
14700 7350.0 3.6464 62.5293 3.6464 1.0494 2.4564
14710 7355.0 3.6454 62.8660 3.6454 0.9759 2.4093
14720 7360.0 3.6302 68.3697 3.6302 1.0289 2.4630
14730 7365.0 3.6391 65.1232 3.6391 0.9297 2.4975
14740 7370.0 3.6300 68.4611 3.6300 1.0746 2.4673
14750 7375.0 3.6349 66.6484 3.6349 0.9295 2.5853
14760 7380.0 3.6271 69.5405 3.6271 1.0483 2.5845
14770 7385.0 3.6343 66.8629 3.6343 0.9696 2.5228
14780 7390.0 3.6076 77.0063 3.6076 0.9878 2.6425
14790 7395.0 3.6140 74.5105 3.6140 1.0303 2.4848
14800 7400.0 3.5852 86.0443 3.5852 1.0103 2.5783
14810 7405.0 3.5911 83.6047 3.5911 0.9559 2.5657
14820 7410.0 3.6418 64.1709 3.6418 1.0729 2.4146
14830 7415.0 3.6461 62.6245 3.6461 0.9586 2.4807
14840 7420.0 3.6432 63.6598 3.6432 0.9862 2.4434
14850 7425.0 3.6217 71.5732 3.6217 1.0171 2.3154
14860 7430.0 3.6225 71.2477 3.6225 0.9442 2.4319
14870 7435.0 3.6524 60.3983 3.6524 1.0065 2.3465
14880 7440.0 3.6332 67.2689 3.6332 0.9980 2.3327
14890 7445.0 3.6539 59.8986 3.6539 0.9624 2.4257
14900 7450.0 3.6566 58.9784 3.6566 0.9685 2.4422
14910 7455.0 3.6288 68.9132 3.6288 1.0049 2.4210
14920 7460.0 3.6170 73.3398 3.6170 0.9803 2.5467
14930 7465.0 3.6055 77.8232 3.6055 0.9888 2.5943
14940 7470.0 3.6468 62.3756 3.6468 0.9817 2.5711
14950 7475.0 3.6342 66.8977 3.6342 1.0062 2.5589
14960 7480.0 3.6417 64.1765 3.6417 0.9733 2.5907
14970 7485.0 3.6292 68.7304 3.6292 0.9839 2.5948
14980 7490.0 3.6143 74.3973 3.6143 0.9968 2.4919
14990 7495.0 3.6150 74.0951 3.6150 0.9743 2.5578
15000 7500.0 3.6192 72.5126 3.6192 0.9803 2.5106
15010 7505.0 3.6256 70.1037 3.6256 0.9934 2.4003
15020 7510.0 3.6357 66.3689 3.6357 0.9956 2.3726
15030 7515.0 3.6145 74.3144 3.6145 0.9812 2.4043
15040 7520.0 3.6190 72.5753 3.6190 0.9698 2.3792
15050 7525.0 3.6038 78.4689 3.6038 1.0310 2.3082
15060 7530.0 3.5728 91.2627 3.5728 0.9578 2.4334
15070 7535.0 3.6031 78.7737 3.6031 1.0274 2.3369
15080 7540.0 3.6060 77.6120 3.6060 1.0155 2.3553
15090 7545.0 3.5820 87.3463 3.5820 0.9698 2.4861
15100 7550.0 3.6064 77.4679 3.6064 1.0197 2.4462
15110 7555.0 3.6091 76.3854 3.6091 1.0203 2.4651
15120 7560.0 3.6102 75.9718 3.6102 0.9360 2.5409
15130 7565.0 3.6019 79.2490 3.6019 1.0545 2.5521
15140 7570.0 3.6021 79.1791 3.6021 1.0217 2.4844
15150 7575.0 3.5773 89.3347 3.5773 1.0187 2.5961
15160 7580.0 3.6382 65.4453 3.6382 0.9634 2.5336
15170 7585.0 3.6256 70.1036 3.6256 1.0897 2.4801
15180 7590.0 3.6433 63.6276 3.6433 1.0321 2.5187
15190 7595.0 3.6284 69.0522 3.6284 0.9748 2.5158
15200 7600.0 3.6300 68.4568 3.6300 1.0950 2.5148
15210 7605.0 3.6436 63.5237 3.6436 1.0150 2.4667
15220 7610.0 3.6594 58.0163 3.6594 1.0324 2.4571
15230 7615.0 3.6551 59.4928 3.6551 1.0529 2.4748
15240 7620.0 3.6659 55.7991 3.6659 0.9856 2.4927
15250 7625.0 3.6432 63.6541 3.6432 1.0857 2.5113
15260 7630.0 3.6649 56.1593 3.6649 1.0030 2.5253
15270 7635.0 3.6465 62.4934 3.6465 0.9971 2.5557
15280 7640.0 3.6553 59.4173 3.6553 1.0004 2.5403
15290 7645.0 3.6734 53.3352 3.6734 1.0447 2.5212
15300 7650.0 3.6862 49.2225 3.6862 1.0102 2.5558
15310 7655.0 3.6790 51.5152 3.6790 0.9910 2.6004
15320 7660.0 3.6882 48.6244 3.6882 1.0183 2.5891
15330 7665.0 3.6895 48.2163 3.6895 1.0122 2.5613
15340 7670.0 3.6676 55.2559 3.6676 0.9728 2.6158
15350 7675.0 3.6669 55.4853 3.6669 1.0405 2.5616
15360 7680.0 3.6863 49.2109 3.6863 1.0238 2.5347
15370 7685.0 3.6787 51.6231 3.6787 0.9986 2.5918
15380 7690.0 3.7033 44.0122 3.7033 0.9908 2.5411
15390 7695.0 3.6638 56.5099 3.6638 1.0279 2.4940
15400 7700.0 3.6819 50.5882 3.6819 0.9891 2.5554
15410 7705.0 3.6715 53.9462 3.6715 0.9935 2.5215
15420 7710.0 3.6609 57.4805 3.6609 1.0248 2.4939
15430 7715.0 3.6616 57.2485 3.6616 0.9819 2.5543
15440 7720.0 3.6579 58.5138 3.6579 1.0314 2.5103
15450 7725.0 3.6554 59.3697 3.6554 0.9964 2.4823
15460 7730.0 3.6128 74.9640 3.6128 1.0198 2.5540
15470 7735.0 3.6164 73.5871 3.6164 0.9792 2.5277
15480 7740.0 3.6246 70.4569 3.6246 0.9973 2.5154
15490 7745.0 3.6322 67.6449 3.6322 1.0128 2.4832
15500 7750.0 3.6085 76.6442 3.6085 1.0291 2.4583
15510 7755.0 3.6189 72.6307 3.6189 1.0181 2.5027
15520 7760.0 3.6257 70.0508 3.6257 1.0040 2.4513
15530 7765.0 3.6298 68.5265 3.6298 1.0326 2.4085
15540 7770.0 3.6230 71.0719 3.6230 0.9929 2.3917
15550 7775.0 3.6433 63.6263 3.6433 1.0272 2.3816
15560 7780.0 3.6273 69.4413 3.6273 0.9627 2.3942
15570 7785.0 3.6205 72.0262 3.6205 1.0206 2.3809
15580 7790.0 3.6323 67.5963 3.6323 1.0039 2.3070
15590 7795.0 3.6197 72.2958 3.6197 1.0564 2.2860
15600 7800.0 3.6244 70.5402 3.6244 0.9706 2.3627
15610 7805.0 3.6285 68.9891 3.6285 0.9669 2.3686
15620 7810.0 3.6196 72.3567 3.6196 1.0710 2.3214
15630 7815.0 3.6319 67.7629 3.6319 0.9338 2.4138
15640 7820.0 3.6048 78.0868 3.6048 1.0222 2.4678
15650 7825.0 3.6201 72.1726 3.6201 0.9582 2.3814
15660 7830.0 3.6082 76.7567 3.6082 1.0456 2.4341
15670 7835.0 3.6202 72.1222 3.6202 0.9071 2.4220
15680 7840.0 3.5928 82.9217 3.5928 1.0636 2.4807
15690 7845.0 3.6421 64.0576 3.6421 0.9042 2.4437
15700 7850.0 3.5997 80.1008 3.5997 1.0840 2.4559
15710 7855.0 3.6439 63.4139 3.6439 0.9009 2.4168
15720 7860.0 3.5891 84.4036 3.5891 1.0479 2.5225
15730 7865.0 3.6060 77.6094 3.6060 0.9455 2.4015
15740 7870.0 3.5968 81.2995 3.5968 1.0478 2.5237
15750 7875.0 3.6019 79.2486 3.6019 0.9917 2.4446
15760 7880.0 3.6130 74.8686 3.6130 1.0066 2.5176
15770 7885.0 3.6381 65.4881 3.6381 1.0285 2.4615
15780 7890.0 3.6407 64.5536 3.6407 0.9753 2.4630
15790 7895.0 3.6421 64.0582 3.6421 1.0503 2.4849
15800 7900.0 3.6425 63.9126 3.6425 0.9408 2.4556
15810 7905.0 3.6302 68.3774 3.6302 1.0258 2.5182
15820 7910.0 3.6533 60.1176 3.6533 0.9209 2.4744
15830 7915.0 3.6339 66.9972 3.6339 1.0584 2.4878
15840 7920.0 3.6508 60.9729 3.6508 0.9649 2.4718
15850 7925.0 3.6137 74.6079 3.6137 0.9747 2.4924
15860 7930.0 3.6249 70.3531 3.6249 0.9529 2.4684
15870 7935.0 3.6260 69.9206 3.6260 0.9522 2.4401
15880 7940.0 3.6086 76.6035 3.6086 0.9982 2.4556
15890 7945.0 3.6148 74.1793 3.6148 0.9750 2.4157
15900 7950.0 3.6154 73.9701 3.6154 1.0147 2.4126
15910 7955.0 3.6207 71.9521 3.6207 0.9865 2.3766
15920 7960.0 3.6202 72.1352 3.6202 0.9884 2.3697
15930 7965.0 3.6232 71.0045 3.6232 1.0043 2.3781
15940 7970.0 3.6386 65.2876 3.6386 0.9784 2.3876
15950 7975.0 3.6357 66.3619 3.6357 1.0114 2.4110
15960 7980.0 3.6460 62.6567 3.6460 0.9673 2.4060
15970 7985.0 3.6405 64.6303 3.6405 1.0219 2.4134
15980 7990.0 3.6361 66.2174 3.6361 0.9886 2.4303
15990 7995.0 3.6319 67.7638 3.6319 1.0043 2.4893
16000 8000.0 3.6334 67.1859 3.6334 0.9683 2.4991
16010 8005.0 3.6369 65.9208 3.6369 0.9774 2.5006
16020 8010.0 3.6342 66.8882 3.6342 0.9871 2.4496
16030 8015.0 3.6265 69.7365 3.6265 1.0200 2.4497
16040 8020.0 3.6305 68.2470 3.6305 0.9700 2.4442
16050 8025.0 3.6240 70.6929 3.6240 1.0214 2.4246
16060 8030.0 3.6313 67.9762 3.6313 0.9713 2.3911
16070 8035.0 3.6270 69.5798 3.6270 1.0249 2.3808
16080 8040.0 3.6279 69.2176 3.6279 0.9529 2.3499
16090 8045.0 3.6239 70.7376 3.6239 1.0234 2.3518
16100 8050.0 3.6247 70.4069 3.6247 0.9461 2.3332
16110 8055.0 3.6236 70.8289 3.6236 1.0340 2.3020
16120 8060.0 3.6233 70.9592 3.6233 0.9471 2.3315
16130 8065.0 3.6237 70.8187 3.6237 1.0353 2.3077
16140 8070.0 3.6122 75.1777 3.6122 0.9671 2.2920
16150 8075.0 3.6301 68.4002 3.6301 1.0296 2.3365
16160 8080.0 3.6184 72.8138 3.6184 0.9807 2.3816
16170 8085.0 3.6216 71.5839 3.6216 0.9756 2.3845
16180 8090.0 3.5937 82.5511 3.5937 1.0224 2.3524
16190 8095.0 3.5899 84.0793 3.5899 0.9782 2.3590
16200 8100.0 3.5943 82.3082 3.5943 0.9937 2.4490
16210 8105.0 3.6076 76.9808 3.6076 0.9790 2.3757
16220 8110.0 3.6161 73.7083 3.6161 1.0146 2.4368
16230 8115.0 3.6311 68.0278 3.6311 0.9309 2.4379
16240 8120.0 3.6190 72.5769 3.6190 1.0289 2.4431
16250 8125.0 3.6367 65.9763 3.6367 0.9320 2.4201
16260 8130.0 3.6309 68.1104 3.6309 1.0379 2.4226
16270 8135.0 3.6389 65.1911 3.6389 0.9447 2.3616
16280 8140.0 3.6334 67.1942 3.6334 1.0381 2.3650
16290 8145.0 3.6305 68.2584 3.6305 0.9718 2.3455
16300 8150.0 3.6344 66.8406 3.6344 1.0279 2.3804
16310 8155.0 3.6327 67.4683 3.6327 0.9467 2.3564
16320 8160.0 3.6311 68.0585 3.6311 1.0134 2.4096
16330 8165.0 3.6252 70.2442 3.6252 0.9836 2.3569
16340 8170.0 3.6188 72.6729 3.6188 1.0112 2.4905
16350 8175.0 3.6510 60.9179 3.6510 0.9434 2.4288
16360 8180.0 3.6226 71.2038 3.6226 1.0813 2.4563
16370 8185.0 3.6611 57.4315 3.6611 0.9331 2.5094
16380 8190.0 3.6647 56.2076 3.6647 1.0764 2.5446
16390 8195.0 3.6545 59.6759 3.6545 1.0209 2.5005
16400 8200.0 3.6522 60.4717 3.6522 0.9984 2.6066
16410 8205.0 3.6647 56.2028 3.6647 1.0389 2.5346
16420 8210.0 3.6627 56.8951 3.6627 0.9962 2.5722
16430 8215.0 3.6403 64.6847 3.6403 1.0149 2.5937
16440 8220.0 3.6363 66.1373 3.6363 1.0035 2.5449
16450 8225.0 3.6253 70.1972 3.6253 0.9833 2.6295
16460 8230.0 3.6280 69.1836 3.6280 1.0197 2.4796
16470 8235.0 3.6245 70.5059 3.6245 0.9925 2.6458
16480 8240.0 3.6806 50.9927 3.6806 0.9972 2.5274
16490 8245.0 3.6745 52.9758 3.6745 1.0328 2.5627
16500 8250.0 3.6693 54.6957 3.6693 0.9443 2.5699
16510 8255.0 3.6673 55.3448 3.6673 1.0752 2.4947
16520 8260.0 3.6836 50.0476 3.6836 0.9521 2.5393
16530 8265.0 3.6733 53.3766 3.6733 1.0279 2.5629
16540 8270.0 3.6991 45.2792 3.6991 0.9671 2.5032
16550 8275.0 3.6945 46.6685 3.6945 1.0386 2.5222
16560 8280.0 3.7058 43.2786 3.7058 0.9508 2.5500
16570 8285.0 3.6911 47.7072 3.6911 1.0474 2.5869
16580 8290.0 3.6864 49.1591 3.6864 0.9705 2.5502
16590 8295.0 3.6776 51.9819 3.6776 1.0476 2.5951
16600 8300.0 3.6833 50.1439 3.6833 1.0154 2.6763
16610 8305.0 3.6576 58.6248 3.6576 1.0006 2.6928
16620 8310.0 3.6653 56.0202 3.6653 1.0245 2.6881
16630 8315.0 3.6491 61.5536 3.6491 1.0243 2.6716
16640 8320.0 3.6408 64.5055 3.6408 1.0070 2.6911
16650 8325.0 3.6485 61.7930 3.6485 0.9927 2.6691
16660 8330.0 3.6419 64.1083 3.6419 1.0497 2.6381
16670 8335.0 3.6378 65.6107 3.6378 0.9739 2.6366
16680 8340.0 3.6622 57.0652 3.6622 1.0500 2.6399
16690 8345.0 3.6695 54.6107 3.6695 0.9913 2.6163
16700 8350.0 3.6769 52.1965 3.6769 1.0105 2.5795
16710 8355.0 3.6742 53.0626 3.6742 0.9897 2.5506
16720 8360.0 3.6653 56.0056 3.6653 1.0114 2.5190
16730 8365.0 3.6725 53.6171 3.6725 0.9770 2.5093
16740 8370.0 3.6816 50.7007 3.6816 1.0162 2.4610
16750 8375.0 3.7044 43.6865 3.7044 0.9892 2.4390
16760 8380.0 3.7003 44.9227 3.7003 1.0227 2.4294
16770 8385.0 3.6951 46.4960 3.6951 1.0390 2.4134
16780 8390.0 3.6852 49.5547 3.6852 0.9923 2.4490
16790 8395.0 3.6883 48.5708 3.6883 1.0552 2.4511
16800 8400.0 3.6893 48.2580 3.6893 0.9921 2.4846
16810 8405.0 3.6704 54.3152 3.6704 1.0372 2.5456
16820 8410.0 3.6833 50.1480 3.6833 0.9736 2.5448
16830 8415.0 3.6651 56.0882 3.6651 1.0406 2.5575
16840 8420.0 3.6630 56.7891 3.6630 0.9747 2.5823
16850 8425.0 3.6567 58.9245 3.6567 0.9906 2.5942
16860 8430.0 3.6498 61.3274 3.6498 1.0010 2.6025
16870 8435.0 3.6429 63.7729 3.6429 0.9951 2.5733
16880 8440.0 3.6432 63.6450 3.6432 0.9989 2.6036
16890 8445.0 3.6402 64.7149 3.6402 0.9727 2.6127
16900 8450.0 3.6542 59.7930 3.6542 1.0749 2.5683
16910 8455.0 3.6717 53.8967 3.6717 1.0022 2.4882
16920 8460.0 3.6816 50.6735 3.6816 1.0331 2.4599
16930 8465.0 3.6856 49.4382 3.6856 1.0690 2.4526
16940 8470.0 3.6905 47.9013 3.6905 0.9526 2.4028
16950 8475.0 3.6594 58.0062 3.6594 1.0322 2.4286
16960 8480.0 3.6678 55.1891 3.6678 1.0242 2.3347
16970 8485.0 3.6792 51.4522 3.6792 1.0149 2.3292
16980 8490.0 3.6503 61.1457 3.6503 1.0603 2.3804
16990 8495.0 3.6643 56.3493 3.6643 0.9291 2.3318
17000 8500.0 3.6427 63.8326 3.6427 1.0760 2.3913
17010 8505.0 3.6523 60.4329 3.6523 0.9517 2.4210
17020 8510.0 3.6379 65.5539 3.6379 1.0332 2.4424
17030 8515.0 3.6142 74.4220 3.6142 1.0556 2.4541
17040 8520.0 3.6336 67.1401 3.6336 0.9926 2.5156
17050 8525.0 3.6246 70.4481 3.6246 0.9939 2.5821
17060 8530.0 3.6212 71.7472 3.6212 0.9523 2.6109
17070 8535.0 3.5835 86.7367 3.5835 1.0297 2.6484
17080 8540.0 3.6319 67.7563 3.6319 0.9271 2.6059
17090 8545.0 3.6137 74.6194 3.6137 1.0791 2.6045
17100 8550.0 3.6205 71.9927 3.6205 1.0015 2.5282
17110 8555.0 3.6390 65.1611 3.6390 1.0196 2.5817
17120 8560.0 3.6277 69.3084 3.6277 1.0474 2.5799
17130 8565.0 3.6790 51.5068 3.6790 0.9289 2.5234
17140 8570.0 3.6508 60.9536 3.6508 1.1111 2.5186
17150 8575.0 3.6853 49.5240 3.6853 0.9722 2.4787
17160 8580.0 3.6765 52.3101 3.6765 1.0166 2.4586
17170 8585.0 3.6812 50.8133 3.6812 1.0166 2.4412
17180 8590.0 3.6811 50.8531 3.6811 1.0235 2.4851
17190 8595.0 3.6603 57.6887 3.6603 1.1325 2.5207
17200 8600.0 3.6863 49.2053 3.6863 0.9914 2.5170
17210 8605.0 3.6813 50.7919 3.6813 1.0273 2.5207
17220 8610.0 3.6727 53.5700 3.6727 1.0583 2.5522
17230 8615.0 3.6880 48.6739 3.6880 0.9682 2.5648
17240 8620.0 3.6756 52.6015 3.6756 1.0650 2.5820
17250 8625.0 3.6818 50.6101 3.6818 0.9449 2.6006
17260 8630.0 3.6472 62.2499 3.6472 1.0640 2.6262
17270 8635.0 3.6512 60.8354 3.6512 0.9511 2.6147
17280 8640.0 3.6369 65.9331 3.6369 1.0472 2.7105
17290 8645.0 3.6644 56.3127 3.6644 0.9273 2.6964
17300 8650.0 3.6227 71.1748 3.6227 1.0380 2.7281
17310 8655.0 3.6429 63.7544 3.6429 0.9572 2.6173
17320 8660.0 3.6520 60.5442 3.6520 1.0833 2.6661
17330 8665.0 3.6627 56.8783 3.6627 1.0218 2.6355
17340 8670.0 3.6654 55.9856 3.6654 1.0216 2.5986
17350 8675.0 3.6795 51.3668 3.6795 1.0379 2.5941
17360 8680.0 3.6838 50.0002 3.6838 0.9614 2.5754
17370 8685.0 3.6301 68.3952 3.6301 1.0686 2.5836
17380 8690.0 3.6582 58.4083 3.6582 0.9276 2.4368
17390 8695.0 3.6734 53.3209 3.6734 1.1003 2.4757
17400 8700.0 3.6958 46.2791 3.6958 0.9203 2.4585
17410 8705.0 3.6601 57.7553 3.6601 1.0435 2.4702
17420 8710.0 3.6790 51.5065 3.6790 1.0233 2.3781
17430 8715.0 3.6968 45.9636 3.6968 0.9707 2.4433
17440 8720.0 3.6570 58.8184 3.6570 1.0640 2.4954
17450 8725.0 3.6634 56.6394 3.6634 0.9595 2.4113
17460 8730.0 3.6253 70.1849 3.6253 1.0556 2.5851
17470 8735.0 3.6608 57.5192 3.6608 0.9719 2.5738
17480 8740.0 3.6258 70.0284 3.6258 1.0303 2.5476
17490 8745.0 3.6386 65.2879 3.6386 0.9841 2.6217
17500 8750.0 3.6462 62.5786 3.6462 0.9246 2.6333
17510 8755.0 3.6215 71.6363 3.6215 1.0342 2.6266
17520 8760.0 3.6588 58.2237 3.6588 0.9457 2.5981
17530 8765.0 3.6290 68.8142 3.6290 1.0511 2.6070
17540 8770.0 3.6434 63.5836 3.6434 0.9533 2.6043
17550 8775.0 3.6222 71.3753 3.6222 1.0326 2.6017
17560 8780.0 3.6486 61.7345 3.6486 0.9678 2.5501
17570 8785.0 3.6375 65.6922 3.6375 0.9807 2.5932
17580 8790.0 3.6571 58.7840 3.6571 1.0060 2.5353
17590 8795.0 3.6227 71.1873 3.6227 0.9994 2.4555
17600 8800.0 3.6572 58.7695 3.6572 1.0133 2.5090
17610 8805.0 3.6485 61.7706 3.6485 0.9458 2.5032
17620 8810.0 3.6498 61.3074 3.6498 1.0615 2.4585
17630 8815.0 3.6542 59.7968 3.6542 0.9873 2.4301
17640 8820.0 3.6465 62.4892 3.6465 0.9934 2.4764
17650 8825.0 3.6443 63.2719 3.6443 1.0180 2.4691
17660 8830.0 3.6517 60.6466 3.6517 0.9662 2.4322
17670 8835.0 3.6460 62.6538 3.6460 1.0556 2.4524
17680 8840.0 3.6508 60.9681 3.6508 0.9980 2.4341
17690 8845.0 3.6521 60.5341 3.6521 1.0089 2.3763
17700 8850.0 3.6364 66.1017 3.6364 1.0371 2.3359
17710 8855.0 3.6526 60.3528 3.6526 0.9838 2.3478
17720 8860.0 3.6191 72.5401 3.6191 1.0109 2.3876
17730 8865.0 3.6278 69.2844 3.6278 1.0156 2.2865
17740 8870.0 3.6398 64.8808 3.6398 1.0412 2.3344
17750 8875.0 3.6296 68.6126 3.6296 0.9640 2.3499
17760 8880.0 3.6317 67.8254 3.6317 1.0669 2.2739
17770 8885.0 3.6344 66.8384 3.6344 0.9825 2.3225
17780 8890.0 3.6055 77.8064 3.6055 0.9808 2.3614
17790 8895.0 3.6074 77.0657 3.6074 1.0164 2.3723
17800 8900.0 3.6134 74.7400 3.6134 0.9722 2.3722
17810 8905.0 3.5831 86.9060 3.5831 1.0291 2.4605
17820 8910.0 3.6133 74.7575 3.6133 0.9320 2.4604
17830 8915.0 3.5924 83.0818 3.5924 1.0179 2.4988
17840 8920.0 3.6412 64.3575 3.6412 0.9286 2.4426
17850 8925.0 3.6033 78.6685 3.6033 1.0776 2.4903
17860 8930.0 3.6288 68.8783 3.6288 0.9153 2.3915
17870 8935.0 3.5884 84.7160 3.5884 1.0799 2.4226
17880 8940.0 3.6029 78.8431 3.6029 0.9464 2.3321
17890 8945.0 3.6208 71.9118 3.6208 1.0144 2.4140
17900 8950.0 3.6269 69.5856 3.6269 1.0215 2.3844
17910 8955.0 3.6400 64.7995 3.6400 0.9593 2.3818
17920 8960.0 3.6428 63.8084 3.6428 1.1061 2.3724
17930 8965.0 3.6387 65.2739 3.6387 0.9475 2.3163
17940 8970.0 3.6214 71.6533 3.6214 1.0539 2.3924
17950 8975.0 3.6420 64.0681 3.6420 0.9365 2.2951
17960 8980.0 3.6503 61.1568 3.6503 1.0762 2.3345
17970 8985.0 3.6754 52.6902 3.6754 0.9422 2.3275
17980 8990.0 3.6638 56.5024 3.6638 1.0654 2.3333
17990 8995.0 3.6794 51.4015 3.6794 0.9924 2.3431
18000 9000.0 3.6721 53.7478 3.6721 1.0194 2.4255
