# step  time_fs  cv_FeH(A)  bias(kJ/mol)  d_min_FeH(A)  d_min_OH(A)  d_min_SH(A)
0 0.0 1.7182 2064.0423 1.7182 2.5114 2.4126
10 5.0 2.8998 361.4204 2.8998 1.5278 2.3975
20 10.0 3.1433 184.0451 3.1433 1.6153 2.5466
30 15.0 3.4117 57.2294 3.4117 1.6486 2.3276
40 20.0 3.1737 166.0590 3.1737 1.4426 1.9546
50 25.0 3.2336 133.3542 3.2336 1.3802 2.3502
60 30.0 2.8340 419.5499 2.8340 2.4642 1.4894
70 35.0 3.1260 194.7100 3.1260 1.7706 2.0723
80 40.0 3.0378 253.6107 3.0378 1.2626 2.1400
90 45.0 2.6332 623.6754 2.6332 2.1054 1.2028
100 50.0 2.9923 287.0184 2.9923 2.0358 2.5501
110 55.0 2.7603 489.7618 2.7603 2.1010 2.3962
120 60.0 2.7631 486.9710 2.7631 1.2122 2.4091
130 65.0 3.0654 234.3139 3.0654 1.3836 2.7478
140 70.0 2.8750 382.8143 2.8750 1.7621 1.8256
150 75.0 3.4123 57.0352 3.4123 0.9919 2.0462
160 80.0 3.1101 204.7354 3.1101 1.1693 2.2042
170 85.0 3.1750 165.3280 3.1750 0.9700 2.5904
180 90.0 3.2631 118.5376 3.2631 0.9004 2.4770
190 95.0 3.1888 157.4631 3.1888 1.0494 2.4637
200 100.0 3.2451 127.4629 3.2451 1.0993 2.6632
210 105.0 3.2238 138.4189 3.2238 0.9319 2.5923
220 110.0 3.2243 138.2002 3.2243 1.1791 2.5469
230 115.0 3.3281 88.9848 3.3281 0.9115 2.5694
240 120.0 3.3467 81.3365 3.3467 1.0179 2.4992
250 125.0 3.3960 62.6512 3.3960 1.1160 2.5080
260 130.0 3.3872 65.7945 3.3872 0.8633 2.5594
270 135.0 3.4156 55.9126 3.4156 1.1554 2.5264
280 140.0 3.4812 36.1378 3.4812 0.8974 2.6238
290 145.0 3.4643 40.8046 3.4643 1.0308 2.5685
300 150.0 3.4475 45.7510 3.4475 1.0216 2.5437
310 155.0 3.4560 43.2290 3.4560 0.9841 2.5624
320 160.0 3.4559 43.2377 3.4559 1.0611 2.5390
330 165.0 3.4563 43.1377 3.4563 0.9358 2.5326
340 170.0 3.4444 46.6985 3.4444 1.1115 2.5339
350 175.0 3.4373 48.8983 3.4373 0.9926 2.5179
360 180.0 3.4321 50.5341 3.4321 1.0158 2.5160
370 185.0 3.4331 50.2057 3.4331 1.0573 2.5349
380 190.0 3.4322 50.5004 3.4322 0.9829 2.4944
390 195.0 3.4283 51.7514 3.4283 1.1368 2.4556
400 200.0 3.4107 57.5583 3.4107 1.0360 2.5686
410 205.0 3.4203 54.3381 3.4203 1.0289 2.5730
420 210.0 3.4155 55.9540 3.4155 1.1624 2.4912
430 215.0 3.4101 57.7606 3.4101 1.0479 2.5675
440 220.0 3.3881 65.5020 3.3881 1.0039 2.6132
450 225.0 3.4248 52.8620 3.4248 1.0307 2.6158
460 230.0 3.4260 52.4865 3.4260 0.9965 2.6097
470 235.0 3.4227 53.5617 3.4227 1.0646 2.5973
480 240.0 3.4416 47.5640 3.4416 1.0077 2.5874
490 245.0 3.4336 50.0456 3.4336 1.0038 2.5508
500 250.0 3.4494 45.1927 3.4494 1.0776 2.4675
510 255.0 3.4560 43.2094 3.4560 0.9606 2.4976
520 260.0 3.4678 39.8296 3.4678 1.0434 2.4143
530 265.0 3.4140 56.4591 3.4140 1.0455 2.4751
540 270.0 3.4541 43.7766 3.4541 1.0075 2.4202
550 275.0 3.4342 49.8762 3.4342 1.0239 2.3615
560 280.0 3.4379 48.6983 3.4379 1.0243 2.4929
570 285.0 3.4482 45.5350 3.4482 0.9573 2.4393
580 290.0 3.4288 51.5756 3.4288 1.0710 2.4914
590 295.0 3.4586 42.4709 3.4586 0.9485 2.4738
600 300.0 3.4806 36.2975 3.4806 1.0228 2.4764
610 305.0 3.4290 51.5073 3.4290 0.9988 2.5253
620 310.0 3.4265 52.3377 3.4265 0.9931 2.4430
630 315.0 3.4683 39.6794 3.4683 0.9631 2.4945
640 320.0 3.4559 43.2477 3.4559 1.0474 2.4562
650 325.0 3.4533 44.0196 3.4533 0.9237 2.4990
660 330.0 3.4509 44.7451 3.4509 1.0467 2.3969
670 335.0 3.4714 38.8038 3.4714 0.9532 2.4453
680 340.0 3.4886 34.1728 3.4886 1.0546 2.3499
690 345.0 3.4365 49.1515 3.4365 0.9691 2.3510
700 350.0 3.4428 47.1846 3.4428 1.0330 2.3149
710 355.0 3.4850 35.1243 3.4850 0.9902 2.2936
720 360.0 3.4823 35.8231 3.4823 1.0031 2.2747
730 365.0 3.4763 37.4613 3.4763 0.9976 2.2846
740 370.0 3.4879 34.3552 3.4879 1.0264 2.2393
750 375.0 3.4900 33.8069 3.4900 0.9766 2.2821
760 380.0 3.4732 38.3141 3.4732 1.0246 2.2752
770 385.0 3.4499 45.0350 3.4499 1.0049 2.2642
780 390.0 3.4135 56.6295 3.4135 1.0095 2.2809
790 395.0 3.4590 42.3430 3.4590 0.9937 2.3618
800 400.0 3.4706 39.0318 3.4706 1.0322 2.3572
810 405.0 3.4737 38.1811 3.4737 0.9634 2.3710
820 410.0 3.4710 38.9313 3.4710 1.0096 2.3588
830 415.0 3.4706 39.0457 3.4706 0.9926 2.4234
840 420.0 3.4520 44.3953 3.4520 1.0412 2.4209
850 425.0 3.4344 49.7919 3.4344 0.9662 2.3645
860 430.0 3.4737 38.1592 3.4737 1.0367 2.4321
870 435.0 3.4902 33.7438 3.4902 0.9651 2.4109
880 440.0 3.4683 39.6727 3.4683 1.0009 2.4699
890 445.0 3.4969 32.0393 3.4969 1.0164 2.4375
900 450.0 3.4876 34.4373 3.4876 0.9534 2.5012
910 455.0 3.4668 40.0988 3.4668 1.0272 2.4266
920 460.0 3.5014 30.9015 3.5014 0.9455 2.5546
930 465.0 3.5104 28.7097 3.5104 1.0348 2.5281
940 470.0 3.4944 32.6673 3.4944 0.9545 2.6098
950 475.0 3.4577 42.7222 3.4577 1.0544 2.6424
960 480.0 3.4757 37.6271 3.4757 0.9351 2.6520
970 485.0 3.4546 43.6243 3.4546 1.1011 2.7122
980 490.0 3.4412 47.6922 3.4412 0.9193 2.7096
990 495.0 3.4782 36.9290 3.4782 1.0971 2.7707
1000 500.0 3.4826 35.7634 3.4826 0.9306 2.8150
1010 505.0 3.4768 37.3222 3.4768 1.0398 2.8535
1020 510.0 3.4770 37.2654 3.4770 1.0018 2.8841
1030 515.0 3.4908 33.5961 3.4908 0.9665 2.8420
1040 520.0 3.5014 30.8887 3.5014 1.0875 2.7771
1050 525.0 3.4900 33.8121 3.4900 0.9194 2.8139
1060 530.0 3.5105 28.6800 3.5105 1.1135 2.7587
1070 535.0 3.5108 28.6190 3.5108 0.9814 2.7857
1080 540.0 3.4860 34.8459 3.4860 1.0038 2.7848
1090 545.0 3.5050 30.0187 3.5050 1.0530 2.7314
1100 550.0 3.5024 30.6467 3.5024 0.9450 2.7229
1110 555.0 3.4967 32.0777 3.4967 1.1001 2.7136
1120 560.0 3.5040 30.2629 3.5040 0.9488 2.7577
1130 565.0 3.5077 29.3453 3.5077 1.0871 2.6870
1140 570.0 3.4559 43.2444 3.4559 0.9837 2.8246
1150 575.0 3.5071 29.5034 3.5071 1.0231 2.7777
1160 580.0 3.4983 31.6696 3.4983 1.0562 2.8017
1170 585.0 3.4749 37.8332 3.4749 0.9789 2.8001
1180 590.0 3.4533 44.0164 3.4533 1.1136 2.7131
1190 595.0 3.4759 37.5647 3.4759 0.9725 2.8845
1200 600.0 3.4965 32.1234 3.4965 1.0154 2.7676
1210 605.0 3.4967 32.0903 3.4967 1.0476 2.8138
1220 610.0 3.4793 36.6527 3.4793 0.9774 2.8664
1230 615.0 3.5042 30.2150 3.5042 1.1447 2.7673
1240 620.0 3.4900 33.8104 3.4900 0.9590 2.8084
1250 625.0 3.4976 31.8523 3.4976 1.1017 2.6762
1260 630.0 3.4932 32.9708 3.4932 1.0143 2.7164
1270 635.0 3.4841 35.3481 3.4841 1.0306 2.7047
1280 640.0 3.4726 38.4767 3.4726 1.0797 2.6772
1290 645.0 3.4656 40.4431 3.4656 1.0059 2.6816
1300 650.0 3.5010 30.9930 3.5010 1.0320 2.6182
1310 655.0 3.5029 30.5177 3.5029 1.0174 2.6151
1320 660.0 3.4820 35.9099 3.4820 1.0333 2.5970
1330 665.0 3.4671 40.0027 3.4671 1.1123 2.4774
1340 670.0 3.4664 40.2221 3.4664 1.0185 2.5325
1350 675.0 3.5057 29.8408 3.5057 1.0412 2.5267
1360 680.0 3.5294 24.3222 3.5294 1.0706 2.5156
1370 685.0 3.5110 28.5724 3.5110 0.9744 2.5555
1380 690.0 3.5096 28.9010 3.5096 1.0547 2.4538
1390 695.0 3.5114 28.4707 3.5114 0.9884 2.5093
1400 700.0 3.5060 29.7793 3.5060 1.0495 2.4905
1410 705.0 3.5121 28.3057 3.5121 0.9912 2.4789
1420 710.0 3.4982 31.6898 3.4982 1.0267 2.4690
1430 715.0 3.4897 33.8699 3.4897 0.9677 2.4490
1440 720.0 3.5017 30.8173 3.5017 1.0266 2.3853
1450 725.0 3.4896 33.9017 3.4896 1.0056 2.4395
1460 730.0 3.4757 37.6203 3.4757 1.0251 2.4348
1470 735.0 3.4996 31.3415 3.4996 1.0391 2.3933
1480 740.0 3.4967 32.0762 3.4967 0.9831 2.3783
1490 745.0 3.5116 28.4207 3.5116 1.0418 2.3942
1500 750.0 3.4871 34.5588 3.4871 0.9759 2.4525
1510 755.0 3.4763 37.4630 3.4763 1.0713 2.3756
1520 760.0 3.4955 32.3917 3.4955 0.9805 2.4644
1530 765.0 3.4938 32.8181 3.4938 1.0656 2.5018
1540 770.0 3.4746 37.9151 3.4746 0.9663 2.4964
1550 775.0 3.4493 45.2077 3.4493 1.0364 2.6213
1560 780.0 3.4781 36.9779 3.4781 1.0164 2.5238
1570 785.0 3.4902 33.7529 3.4902 1.0177 2.6121
1580 790.0 3.4632 41.1130 3.4632 1.0393 2.4974
1590 795.0 3.5158 27.4353 3.5158 1.0045 2.5988
1600 800.0 3.5039 30.2802 3.5039 1.0481 2.4844
1610 805.0 3.4947 32.5983 3.4947 1.0259 2.5780
1620 810.0 3.5361 22.8680 3.5361 1.0414 2.5037
1630 815.0 3.5559 18.8318 3.5559 1.0546 2.4608
1640 820.0 3.5425 21.5262 3.5425 0.9914 2.4663
1650 825.0 3.5487 20.2537 3.5487 1.0979 2.3759
1660 830.0 3.5208 26.2628 3.5208 0.9548 2.4837
1670 835.0 3.5356 22.9869 3.5356 1.0810 2.3878
1680 840.0 3.5002 31.2023 3.5002 0.9653 2.4919
1690 845.0 3.5311 23.9656 3.5311 1.0738 2.3682
1700 850.0 3.5349 23.1267 3.5349 0.9810 2.4476
1710 855.0 3.5093 28.9673 3.5093 1.0325 2.3794
1720 860.0 3.5361 22.8820 3.5361 1.0026 2.4251
1730 865.0 3.4927 33.1132 3.4927 1.0378 2.5004
1740 870.0 3.5073 29.4612 3.5073 0.9991 2.4429
1750 875.0 3.4806 36.2999 3.4806 0.9965 2.5017
1760 880.0 3.4766 37.3665 3.4766 0.9957 2.5078
1770 885.0 3.4801 36.4155 3.4801 1.0012 2.4568
1780 890.0 3.4548 43.5833 3.4548 1.0531 2.5358
1790 895.0 3.4243 53.0484 3.4243 0.9907 2.5752
1800 900.0 3.4916 33.3807 3.4916 1.0554 2.4593
1810 905.0 3.4681 39.7333 3.4681 0.9563 2.5369
1820 910.0 3.4460 46.2118 3.4460 1.0316 2.5681
1830 915.0 3.4461 46.1786 3.4461 0.9920 2.4682
1840 920.0 3.4473 45.8000 3.4473 1.0602 2.5128
1850 925.0 3.4577 42.7168 3.4577 0.9995 2.5215
1860 930.0 3.4655 40.4798 3.4655 1.0111 2.4424
1870 935.0 3.4814 36.0762 3.4814 0.9901 2.4650
1880 940.0 3.4423 47.3283 3.4423 1.0128 2.5034
1890 945.0 3.4368 49.0412 3.4368 1.0162 2.4389
1900 950.0 3.4208 54.1977 3.4208 1.0092 2.4351
1910 955.0 3.4301 51.1674 3.4301 1.0662 2.4781
1920 960.0 3.3893 65.0602 3.3893 0.9636 2.4040
1930 965.0 3.4058 59.2498 3.4058 1.0565 2.4543
1940 970.0 3.4073 58.7342 3.4073 0.9666 2.4945
1950 975.0 3.4148 56.1908 3.4148 1.0236 2.4204
1960 980.0 3.4020 60.5497 3.4020 1.0193 2.4818
1970 985.0 3.4131 56.7510 3.4131 1.0807 2.4366
1980 990.0 3.4070 58.8373 3.4070 0.9735 2.3815
1990 995.0 3.4285 51.6910 3.4285 1.0518 2.4437
2000 1000.0 3.4529 44.1311 3.4529 0.9531 2.4635
2010 1005.0 3.4529 44.1406 3.4529 1.0360 2.3774
2020 1010.0 3.4574 42.8084 3.4574 0.9946 2.4397
2030 1015.0 3.4341 49.8859 3.4341 1.0404 2.4676
2040 1020.0 3.4176 55.2529 3.4176 1.0023 2.4154
2050 1025.0 3.3949 63.0503 3.3949 1.0010 2.5987
2060 1030.0 3.4251 52.7647 3.4251 1.0174 2.4777
2070 1035.0 3.4237 53.2277 3.4237 1.0414 2.5770
2080 1040.0 3.4182 55.0460 3.4182 1.0188 2.5998
2090 1045.0 3.4118 57.1950 3.4118 1.0045 2.5197
2100 1050.0 3.4388 48.4216 3.4388 1.0424 2.6232
2110 1055.0 3.4068 58.8824 3.4068 0.9867 2.5415
2120 1060.0 3.4454 46.3776 3.4454 1.0264 2.5816
2130 1065.0 3.4161 55.7600 3.4161 1.0428 2.6404
2140 1070.0 3.4137 56.5598 3.4137 0.9671 2.6290
2150 1075.0 3.4043 59.7626 3.4043 0.9904 2.5497
2160 1080.0 3.4507 44.8004 3.4507 1.0739 2.6474
2170 1085.0 3.3877 65.6290 3.3877 1.0590 2.6022
2180 1090.0 3.4200 54.4650 3.4200 0.9521 2.6875
2190 1095.0 3.4273 52.0780 3.4273 1.1338 2.6642
2200 1100.0 3.4375 48.8344 3.4375 0.9492 2.6090
2210 1105.0 3.4113 57.3446 3.4113 1.0339 2.6924
2220 1110.0 3.3847 66.7165 3.3847 0.9930 2.5688
2230 1115.0 3.4392 48.2924 3.4392 1.0443 2.6677
2240 1120.0 3.3722 71.3600 3.3722 0.9800 2.6575
2250 1125.0 3.4014 60.7778 3.4014 1.0476 2.6862
2260 1130.0 3.4032 60.1273 3.4032 0.9808 2.6643
2270 1135.0 3.4210 54.1052 3.4210 1.0193 2.6817
2280 1140.0 3.4146 56.2551 3.4146 0.9698 2.5852
2290 1145.0 3.4401 48.0256 3.4401 1.0446 2.6565
2300 1150.0 3.3993 61.4893 3.3993 0.9645 2.6054
2310 1155.0 3.4293 51.4214 3.4293 1.0117 2.6519
2320 1160.0 3.4526 44.2311 3.4526 1.0008 2.6223
2330 1165.0 3.4409 47.7608 3.4409 0.9620 2.6110
2340 1170.0 3.4635 41.0507 3.4635 0.9979 2.5071
2350 1175.0 3.4640 40.8962 3.4640 1.0045 2.4473
2360 1180.0 3.4839 35.3922 3.4839 0.9588 2.4625
2370 1185.0 3.4704 39.0897 3.4704 0.9823 2.5080
2380 1190.0 3.4606 41.8652 3.4606 1.0008 2.4596
2390 1195.0 3.4932 32.9739 3.4932 1.0040 2.4855
2400 1200.0 3.4819 35.9260 3.4819 0.9413 2.5018
2410 1205.0 3.5232 25.7107 3.5232 0.9926 2.4720
2420 1210.0 3.5064 29.6792 3.5064 0.9929 2.4518
2430 1215.0 3.5122 28.2746 3.5122 0.9671 2.5392
2440 1220.0 3.5002 31.1990 3.5002 0.9765 2.5204
2450 1225.0 3.5084 29.1820 3.5084 1.0073 2.6306
2460 1230.0 3.5176 27.0072 3.5176 0.9755 2.6006
2470 1235.0 3.5109 28.5837 3.5109 1.0134 2.6450
2480 1240.0 3.5245 25.4164 3.5245 0.9961 2.6347
2490 1245.0 3.5513 19.7420 3.5513 1.0066 2.6446
2500 1250.0 3.5578 18.4750 3.5578 0.9936 2.6187
2510 1255.0 3.5443 21.1636 3.5443 0.9883 2.5623
2520 1260.0 3.5399 22.0668 3.5399 0.9923 2.5164
2530 1265.0 3.5542 19.1641 3.5542 0.9996 2.5186
2540 1270.0 3.5549 19.0274 3.5549 1.0047 2.5219
2550 1275.0 3.5545 19.1171 3.5545 0.9950 2.4844
2560 1280.0 3.5556 18.8929 3.5556 1.0007 2.4586
2570 1285.0 3.5750 15.3159 3.5750 0.9968 2.4079
2580 1290.0 3.5738 15.5155 3.5738 0.9938 2.3772
2590 1295.0 3.5733 15.6040 3.5733 0.9758 2.3755
2600 1300.0 3.5672 16.7038 3.5672 0.9990 2.3779
2610 1305.0 3.5646 17.1886 3.5646 0.9564 2.3727
2620 1310.0 3.5607 17.9194 3.5607 1.0069 2.4005
2630 1315.0 3.5599 18.0615 3.5599 0.9712 2.3785
2640 1320.0 3.5521 19.5790 3.5521 1.0136 2.3726
2650 1325.0 3.5397 22.1048 3.5397 0.9676 2.3342
2660 1330.0 3.5326 23.6210 3.5326 1.0029 2.3737
2670 1335.0 3.5244 25.4547 3.5244 0.9706 2.3329
2680 1340.0 3.5177 26.9832 3.5177 1.0318 2.3814
2690 1345.0 3.5136 27.9534 3.5136 0.9709 2.3420
2700 1350.0 3.5198 26.4937 3.5198 1.0259 2.3508
2710 1355.0 3.5179 26.9276 3.5179 0.9585 2.3259
2720 1360.0 3.5061 29.7529 3.5061 1.0176 2.3338
2730 1365.0 3.4816 36.0098 3.4816 0.9603 2.3051
2740 1370.0 3.4853 35.0289 3.4853 1.0232 2.3951
2750 1375.0 3.4553 43.4221 3.4553 0.9708 2.4240
2760 1380.0 3.4647 40.6904 3.4647 1.0534 2.4753
2770 1385.0 3.4653 40.5355 3.4653 0.9520 2.4783
2780 1390.0 3.4829 35.6746 3.4829 1.0193 2.4965
2790 1395.0 3.4820 35.9088 3.4820 0.9711 2.4339
2800 1400.0 3.4959 32.2794 3.4959 0.9605 2.5257
2810 1405.0 3.4681 39.7229 3.4681 1.0069 2.4864
2820 1410.0 3.4887 34.1359 3.4887 0.9588 2.5322
2830 1415.0 3.4967 32.0778 3.4967 0.9666 2.5456
2840 1420.0 3.4845 35.2414 3.4845 1.0275 2.5133
2850 1425.0 3.5031 30.4916 3.5031 0.9366 2.5010
2860 1430.0 3.4993 31.4320 3.4993 0.9628 2.3661
2870 1435.0 3.4940 32.7670 3.4940 1.0216 2.3305
2880 1440.0 3.5141 27.8281 3.5141 0.9120 2.2712
2890 1445.0 3.5083 29.2061 3.5083 1.0109 2.2936
2900 1450.0 3.5207 26.2873 3.5207 0.9901 2.2569
2910 1455.0 3.5079 29.3020 3.5079 0.9348 2.2623
2920 1460.0 3.5124 28.2295 3.5124 1.0429 2.2168
2930 1465.0 3.5083 29.2071 3.5083 0.9352 2.1532
2940 1470.0 3.5061 29.7479 3.5061 0.9915 2.1872
2950 1475.0 3.5069 29.5531 3.5069 0.9820 2.1187
2960 1480.0 3.4893 33.9762 3.4893 0.9437 2.0942
2970 1485.0 3.4822 35.8664 3.4822 1.0248 2.1809
2980 1490.0 3.4857 34.9152 3.4857 0.9456 2.1440
2990 1495.0 3.4761 37.5167 3.4761 0.9684 2.2330
3000 1500.0 3.4618 41.5311 3.4618 1.0027 2.3177
3010 1505.0 3.4719 38.6577 3.4719 0.9477 2.2079
3020 1510.0 3.4716 38.7623 3.4716 0.9710 2.1982
3030 1515.0 3.4663 40.2333 3.4663 1.0024 2.1925
3040 1520.0 3.4672 39.9752 3.4672 0.9395 2.1919
3050 1525.0 3.4853 35.0414 3.4853 1.0181 2.1817
3060 1530.0 3.5081 29.2623 3.5081 0.9684 2.1844
3070 1535.0 3.5230 25.7654 3.5230 0.9629 2.2085
3080 1540.0 3.5351 23.0958 3.5351 1.0117 2.1948
3090 1545.0 3.5552 18.9767 3.5552 0.9429 2.1408
3100 1550.0 3.5537 19.2627 3.5537 0.9785 2.1311
3110 1555.0 3.5622 17.6272 3.5622 1.0107 2.1847
3120 1560.0 3.5461 20.7879 3.5461 0.9956 2.1625
3130 1565.0 3.5267 24.9249 3.5267 1.0247 2.1048
3140 1570.0 3.4953 32.4301 3.4953 1.0032 2.1478
3150 1575.0 3.4939 32.8037 3.4939 1.0497 2.0783
3160 1580.0 3.4568 42.9882 3.4568 1.0202 2.1134
3170 1585.0 3.4473 45.8075 3.4473 1.0308 2.1265
3180 1590.0 3.4421 47.3865 3.4421 1.0260 2.1130
3190 1595.0 3.4337 50.0114 3.4337 1.0062 2.1198
3200 1600.0 3.4350 49.6022 3.4350 0.9991 2.1676
3210 1605.0 3.4746 37.9125 3.4746 0.9722 2.2276
3220 1610.0 3.5066 29.6308 3.5066 1.0286 2.2289
3230 1615.0 3.5310 23.9858 3.5310 0.9439 2.1038
3240 1620.0 3.4533 44.0210 3.4533 0.9756 2.0893
3250 1625.0 3.4128 56.8367 3.4128 1.0043 2.2166
3260 1630.0 3.4531 44.0709 3.4531 0.9384 2.0712
3270 1635.0 3.4843 35.2999 3.4843 1.0188 2.0763
3280 1640.0 3.4853 35.0245 3.4853 0.9558 2.1544
3290 1645.0 3.4572 42.8666 3.4572 0.9646 2.0232
3300 1650.0 3.4975 31.8724 3.4975 0.9964 2.1437
3310 1655.0 3.4978 31.8150 3.4978 0.9760 2.1480
3320 1660.0 3.4840 35.3749 3.4840 0.9410 2.0986
3330 1665.0 3.4800 36.4567 3.4800 0.9858 2.2069
3340 1670.0 3.5125 28.2137 3.5125 1.0004 2.1037
3350 1675.0 3.5218 26.0299 3.5218 0.9570 2.1155
3360 1680.0 3.5195 26.5758 3.5195 0.9824 2.1753
3370 1685.0 3.5094 28.9437 3.5094 1.0048 2.0862
3380 1690.0 3.4848 35.1681 3.4848 0.9641 2.1048
3390 1695.0 3.4978 31.8007 3.4978 1.0129 2.1516
3400 1700.0 3.4882 34.2621 3.4882 1.0107 2.1579
3410 1705.0 3.4722 38.5885 3.4722 0.9888 2.0629
3420 1710.0 3.4903 33.7133 3.4903 0.9882 2.0569
3430 1715.0 3.4946 32.6219 3.4946 1.0251 2.0980
3440 1720.0 3.5056 29.8769 3.5056 0.9955 2.0322
3450 1725.0 3.4981 31.7329 3.4981 0.9545 2.0122
3460 1730.0 3.4983 31.6801 3.4983 0.9826 2.0922
3470 1735.0 3.5026 30.6128 3.5026 1.0124 2.0790
3480 1740.0 3.4921 33.2670 3.4921 0.9700 2.0303
3490 1745.0 3.5029 30.5257 3.5029 0.9738 2.1311
3500 1750.0 3.5157 27.4508 3.5157 0.9975 2.1121
3510 1755.0 3.4996 31.3597 3.4996 0.9844 2.0851
3520 1760.0 3.5271 24.8408 3.5271 0.9760 2.1636
3530 1765.0 3.5137 27.9228 3.5137 0.9678 2.2076
3540 1770.0 3.5187 26.7551 3.5187 0.9691 2.1715
3550 1775.0 3.5316 23.8530 3.5316 0.9917 2.2194
3560 1780.0 3.5255 25.2041 3.5255 0.9981 2.2312
3570 1785.0 3.5250 25.3113 3.5250 0.9554 2.2282
3580 1790.0 3.5250 25.3044 3.5250 0.9557 2.2783
3590 1795.0 3.5141 27.8203 3.5141 0.9997 2.2077
3600 1800.0 3.5276 24.7217 3.5276 0.9623 2.1974
3610 1805.0 3.5396 22.1387 3.5396 0.9620 2.2033
3620 1810.0 3.5285 24.5207 3.5285 0.9930 2.1461
3630 1815.0 3.5394 22.1664 3.5394 0.9701 2.1621
3640 1820.0 3.5301 24.1746 3.5301 0.9867 2.1515
3650 1825.0 3.5275 24.7609 3.5275 0.9823 2.0750
3660 1830.0 3.5519 19.6285 3.5519 0.9506 2.1248
3670 1835.0 3.5375 22.5829 3.5375 1.0245 2.1078
3680 1840.0 3.5470 20.5964 3.5470 0.9606 2.1371
3690 1845.0 3.5331 23.5248 3.5331 0.9452 2.1517
3700 1850.0 3.5302 24.1480 3.5302 0.9774 2.1502
3710 1855.0 3.5259 25.1005 3.5259 0.9592 2.1456
3720 1860.0 3.5242 25.4972 3.5242 0.9982 2.1672
3730 1865.0 3.5377 22.5254 3.5377 0.9690 2.1554
3740 1870.0 3.5055 29.8874 3.5055 0.9841 2.1305
3750 1875.0 3.5110 28.5705 3.5110 0.9961 2.2029
3760 1880.0 3.5375 22.5779 3.5375 0.9578 2.2099
3770 1885.0 3.5389 22.2799 3.5389 0.9717 2.2370
3780 1890.0 3.5383 22.4008 3.5383 0.9830 2.2516
3790 1895.0 3.5226 25.8617 3.5226 0.9754 2.2209
3800 1900.0 3.5257 25.1442 3.5257 1.0078 2.2882
3810 1905.0 3.5325 23.6542 3.5325 0.9868 2.2584
3820 1910.0 3.5204 26.3514 3.5204 0.9503 2.1547
3830 1915.0 3.5464 20.7365 3.5464 0.9824 2.1655
3840 1920.0 3.5327 23.6036 3.5327 1.0192 2.2252
3850 1925.0 3.5551 18.9994 3.5551 0.9398 2.1830
3860 1930.0 3.5344 23.2490 3.5344 1.0002 2.0902
3870 1935.0 3.5420 21.6367 3.5420 0.9728 2.1438
3880 1940.0 3.5467 20.6740 3.5467 0.9964 2.1147
3890 1945.0 3.5335 23.4425 3.5335 0.9720 2.1335
3900 1950.0 3.5319 23.7785 3.5319 0.9606 2.1584
3910 1955.0 3.5418 21.6820 3.5418 1.0154 2.1442
3920 1960.0 3.5278 24.6780 3.5278 0.9849 2.2096
3930 1965.0 3.5246 25.3986 3.5246 0.9889 2.2020
3940 1970.0 3.5367 22.7436 3.5367 1.0080 2.1365
3950 1975.0 3.5423 21.5641 3.5423 0.9498 2.1841
3960 1980.0 3.5451 20.9848 3.5451 1.0308 2.1656
3970 1985.0 3.5322 23.7210 3.5322 0.9522 2.2155
3980 1990.0 3.5371 22.6598 3.5371 0.9992 2.1038
3990 1995.0 3.5325 23.6618 3.5325 0.9804 2.1072
4000 2000.0 3.5332 23.5093 3.5332 0.9769 2.1310
4010 2005.0 3.5195 26.5626 3.5195 0.9982 2.1155
4020 2010.0 3.5124 28.2298 3.5124 0.9715 2.1384
4030 2015.0 3.5171 27.1114 3.5171 0.9890 2.1332
4040 2020.0 3.5184 26.8110 3.5184 1.0044 2.0939
4050 2025.0 3.5111 28.5326 3.5111 0.9558 2.0744
4060 2030.0 3.5061 29.7476 3.5061 1.0003 2.0344
4070 2035.0 3.5217 26.0610 3.5217 1.0033 2.0679
4080 2040.0 3.5088 29.0937 3.5088 1.0019 2.1100
4090 2045.0 3.5042 30.2027 3.5042 0.9839 2.0976
4100 2050.0 3.5214 26.1247 3.5214 0.9706 2.0394
4110 2055.0 3.5128 28.1395 3.5128 0.9722 1.9955
4120 2060.0 3.5172 27.0947 3.5172 1.0008 2.0292
4130 2065.0 3.5058 29.8149 3.5058 0.9883 2.0532
4140 2070.0 3.5108 28.5977 3.5108 0.9468 2.0567
4150 2075.0 3.4963 32.1695 3.4963 0.9567 2.0974
4160 2080.0 3.4875 34.4577 3.4875 0.9716 2.1256
4170 2085.0 3.4980 31.7487 3.4980 0.9274 2.1378
4180 2090.0 3.4986 31.6116 3.4986 0.9631 2.1551
4190 2095.0 3.5101 28.7791 3.5101 0.9875 2.1268
4200 2100.0 3.4997 31.3212 3.4997 1.0031 2.0995
4210 2105.0 3.5276 24.7273 3.5276 0.9609 2.2070
4220 2110.0 3.5259 25.1215 3.5259 0.9551 2.2159
4230 2115.0 3.5227 25.8318 3.5227 1.0246 2.1939
4240 2120.0 3.5049 30.0334 3.5049 0.9380 2.2828
4250 2125.0 3.5145 27.7215 3.5145 1.0238 2.1891
4260 2130.0 3.5231 25.7496 3.5231 1.0033 2.2106
4270 2135.0 3.5342 23.2883 3.5342 0.9670 2.2356
4280 2140.0 3.5074 29.4172 3.5074 1.0389 2.1738
4290 2145.0 3.5120 28.3214 3.5120 0.9353 2.3150
4300 2150.0 3.5282 24.6076 3.5282 1.0541 2.1707
4310 2155.0 3.4833 35.5607 3.4833 0.9377 2.1759
4320 2160.0 3.5009 31.0252 3.5009 1.0265 2.1693
4330 2165.0 3.5407 21.9016 3.5407 0.9821 2.1567
4340 2170.0 3.5435 21.3208 3.5435 0.9351 2.2294
4350 2175.0 3.5226 25.8627 3.5226 1.0204 2.1867
4360 2180.0 3.5414 21.7552 3.5414 0.9621 2.2687
4370 2185.0 3.5299 24.2212 3.5299 0.9860 2.3178
4380 2190.0 3.5314 23.8897 3.5314 0.9554 2.3232
4390 2195.0 3.5273 24.7903 3.5273 0.9918 2.3155
4400 2200.0 3.5018 30.8054 3.5018 0.9794 2.2055
4410 2205.0 3.5220 25.9925 3.5220 0.9390 2.2941
4420 2210.0 3.5184 26.8226 3.5184 1.0020 2.2705
4430 2215.0 3.5243 25.4699 3.5243 0.9803 2.2383
4440 2220.0 3.5244 25.4449 3.5244 0.9432 2.2403
4450 2225.0 3.5249 25.3374 3.5249 1.0045 2.1691
4460 2230.0 3.5574 18.5466 3.5574 0.9390 2.2382
4470 2235.0 3.5315 23.8787 3.5315 1.0156 2.2672
4480 2240.0 3.5220 25.9831 3.5220 0.9517 2.2103
4490 2245.0 3.5385 22.3682 3.5385 1.0285 2.2181
4500 2250.0 3.5355 23.0032 3.5355 0.9566 2.1745
4510 2255.0 3.5437 21.2868 3.5437 1.0130 2.1694
4520 2260.0 3.5353 23.0484 3.5353 0.9573 2.1497
4530 2265.0 3.5266 24.9631 3.5266 0.9976 2.1605
4540 2270.0 3.5166 27.2366 3.5166 0.9743 2.1470
4550 2275.0 3.5111 28.5419 3.5111 0.9646 2.1183
4560 2280.0 3.5312 23.9261 3.5312 1.0129 2.1712
4570 2285.0 3.5334 23.4673 3.5334 0.9348 2.1564
4580 2290.0 3.5374 22.5999 3.5374 1.0032 2.1639
4590 2295.0 3.5418 21.6733 3.5418 0.9937 2.2423
4600 2300.0 3.5560 18.8131 3.5560 0.9360 2.2540
4610 2305.0 3.5563 18.7685 3.5563 0.9921 2.2886
4620 2310.0 3.5398 22.1022 3.5398 0.9838 2.2535
4630 2315.0 3.5373 22.6122 3.5373 0.9681 2.2445
4640 2320.0 3.5320 23.7684 3.5320 0.9663 2.3155
4650 2325.0 3.5231 25.7384 3.5231 0.9874 2.2392
4660 2330.0 3.5274 24.7826 3.5274 0.9687 2.2402
4670 2335.0 3.5279 24.6576 3.5279 0.9689 2.3087
4680 2340.0 3.5223 25.9219 3.5223 0.9958 2.2784
4690 2345.0 3.5425 21.5360 3.5425 0.9736 2.3316
4700 2350.0 3.5310 23.9835 3.5310 0.9688 2.3390
4710 2355.0 3.5265 24.9728 3.5265 0.9607 2.2930
4720 2360.0 3.4989 31.5170 3.4989 1.0506 2.3218
4730 2365.0 3.4926 33.1279 3.4926 0.9705 2.2819
4740 2370.0 3.5125 28.2147 3.5125 1.0133 2.2706
4750 2375.0 3.5117 28.3890 3.5117 0.9527 2.3259
4760 2380.0 3.5042 30.2118 3.5042 0.9929 2.2475
4770 2385.0 3.5011 30.9695 3.5011 0.9580 2.2512
4780 2390.0 3.4905 33.6773 3.4905 0.9659 2.2861
4790 2395.0 3.4992 31.4542 3.4992 0.9782 2.2367
4800 2400.0 3.5367 22.7420 3.5367 0.9541 2.2980
4810 2405.0 3.5304 24.1039 3.5304 1.0033 2.3230
4820 2410.0 3.5332 23.5087 3.5332 1.0118 2.3114
4830 2415.0 3.5266 24.9638 3.5266 0.9588 2.3131
4840 2420.0 3.5258 25.1318 3.5258 0.9762 2.2843
4850 2425.0 3.5288 24.4674 3.5288 1.0289 2.2996
4860 2430.0 3.5394 22.1820 3.5394 0.9463 2.2609
4870 2435.0 3.5093 28.9689 3.5093 0.9814 2.1921
4880 2440.0 3.5235 25.6424 3.5235 0.9717 2.2300
4890 2445.0 3.5368 22.7243 3.5368 0.9361 2.2666
4900 2450.0 3.5211 26.2068 3.5211 0.9947 2.2000
4910 2455.0 3.5488 20.2409 3.5488 0.9671 2.2477
4920 2460.0 3.5538 19.2421 3.5538 0.9755 2.3719
4930 2465.0 3.5512 19.7563 3.5512 0.9888 2.3513
4940 2470.0 3.5603 17.9973 3.5603 0.9914 2.3687
4950 2475.0 3.5564 18.7367 3.5564 0.9497 2.4582
4960 2480.0 3.5341 23.3090 3.5341 0.9921 2.3971
4970 2485.0 3.5632 17.4528 3.5632 0.9923 2.4317
4980 2490.0 3.5493 20.1411 3.5493 0.9741 2.4898
4990 2495.0 3.5496 20.0869 3.5496 0.9796 2.3541
5000 2500.0 3.5152 27.5750 3.5152 0.9654 2.2664
5010 2505.0 3.5277 24.7116 3.5277 0.9647 2.2915
5020 2510.0 3.5149 27.6351 3.5149 0.9921 2.2343
5030 2515.0 3.5138 27.8895 3.5138 0.9539 2.2013
5040 2520.0 3.5252 25.2705 3.5252 0.9771 2.2430
5050 2525.0 3.5426 21.5002 3.5426 0.9677 2.2465
5060 2530.0 3.5587 18.3035 3.5587 0.9618 2.2944
5070 2535.0 3.5434 21.3441 3.5434 1.0026 2.3471
5080 2540.0 3.5503 19.9464 3.5503 0.9602 2.3092
5090 2545.0 3.5541 19.1930 3.5541 0.9993 2.3040
5100 2550.0 3.5503 19.9329 3.5503 0.9870 2.3190
5110 2555.0 3.5429 21.4508 3.5429 0.9706 2.3556
5120 2560.0 3.5621 17.6581 3.5621 0.9888 2.3001
5130 2565.0 3.5615 17.7715 3.5615 0.9865 2.2835
5140 2570.0 3.5470 20.5998 3.5470 0.9716 2.3466
5150 2575.0 3.5461 20.7884 3.5461 0.9842 2.2651
5160 2580.0 3.5711 16.0014 3.5711 0.9988 2.3339
5170 2585.0 3.5693 16.3245 3.5693 0.9532 2.3513
5180 2590.0 3.5326 23.6277 3.5326 0.9937 2.3213
5190 2595.0 3.5333 23.4862 3.5333 0.9621 2.4536
5200 2600.0 3.5444 21.1384 3.5444 0.9564 2.3930
5210 2605.0 3.5325 23.6508 3.5325 1.0457 2.4056
5220 2610.0 3.5576 18.5087 3.5576 0.9402 2.4157
5230 2615.0 3.4851 35.0862 3.4851 0.9824 2.3742
5240 2620.0 3.4970 32.0141 3.4970 1.0397 2.5082
5250 2625.0 3.5366 22.7723 3.5366 0.9286 2.4294
5260 2630.0 3.5050 30.0141 3.5050 1.0602 2.4311
5270 2635.0 3.4822 35.8683 3.4822 1.0068 2.4795
5280 2640.0 3.5003 31.1874 3.5003 0.9425 2.4087
5290 2645.0 3.4967 32.0861 3.4967 1.0803 2.4068
5300 2650.0 3.5038 30.3172 3.5038 0.9256 2.4069
5310 2655.0 3.5097 28.8624 3.5097 0.9908 2.3674
5320 2660.0 3.5058 29.8073 3.5058 1.0345 2.3485
5330 2665.0 3.5163 27.3058 3.5163 0.9243 2.3791
5340 2670.0 3.5297 24.2646 3.5297 0.9860 2.3434
5350 2675.0 3.5221 25.9666 3.5221 1.0307 2.3385
5360 2680.0 3.5419 21.6625 3.5419 0.9715 2.3704
5370 2685.0 3.5133 28.0027 3.5133 0.9629 2.4116
5380 2690.0 3.5255 25.2058 3.5255 1.0015 2.3965
5390 2695.0 3.5005 31.1192 3.5005 0.9980 2.3364
5400 2700.0 3.5082 29.2262 3.5082 0.9749 2.3991
5410 2705.0 3.5177 26.9887 3.5177 0.9921 2.3389
5420 2710.0 3.5300 24.2060 3.5300 0.9940 2.3084
5430 2715.0 3.5356 22.9810 3.5356 0.9667 2.3377
5440 2720.0 3.5301 24.1877 3.5301 0.9740 2.2570
5450 2725.0 3.5569 18.6505 3.5569 1.0102 2.3319
5460 2730.0 3.5608 17.8941 3.5608 0.9432 2.3315
5470 2735.0 3.5544 19.1390 3.5544 0.9885 2.2575
5480 2740.0 3.5733 15.6098 3.5733 0.9939 2.3182
5490 2745.0 3.5726 15.7440 3.5726 0.9608 2.3232
5500 2750.0 3.5723 15.7888 3.5723 0.9989 2.2373
5510 2755.0 3.5699 16.2227 3.5699 1.0058 2.2541
5520 2760.0 3.5666 16.8194 3.5666 0.9547 2.2789
5530 2765.0 3.5796 14.5243 3.5796 1.0158 2.2450
5540 2770.0 3.5693 16.3271 3.5693 0.9914 2.2951
5550 2775.0 3.5723 15.7911 3.5723 0.9679 2.2641
5560 2780.0 3.5734 15.5910 3.5734 0.9932 2.2557
5570 2785.0 3.5765 15.0497 3.5765 1.0002 2.2631
5580 2790.0 3.5733 15.6096 3.5733 0.9646 2.2354
5590 2795.0 3.5679 16.5852 3.5679 0.9790 2.2167
5600 2800.0 3.5577 18.4952 3.5577 0.9944 2.1768
5610 2805.0 3.5430 21.4217 3.5430 0.9846 2.1363
5620 2810.0 3.5458 20.8552 3.5458 0.9529 2.1828
5630 2815.0 3.5293 24.3590 3.5293 1.0056 2.1729
5640 2820.0 3.5314 23.8898 3.5314 0.9729 2.1246
5650 2825.0 3.5080 29.2761 3.5080 0.9899 2.1705
5660 2830.0 3.5012 30.9459 3.5012 0.9919 2.1731
5670 2835.0 3.5106 28.6560 3.5106 0.9827 2.1567
5680 2840.0 3.5021 30.7209 3.5021 1.0404 2.1922
5690 2845.0 3.4880 34.3276 3.4880 0.9327 2.2032
5700 2850.0 3.4740 38.0832 3.4740 1.0139 2.2563
5710 2855.0 3.4717 38.7132 3.4717 0.9652 2.2388
5720 2860.0 3.4656 40.4542 3.4656 0.9889 2.2187
5730 2865.0 3.4668 40.0998 3.4668 1.0355 2.2804
5740 2870.0 3.4663 40.2450 3.4663 0.9585 2.3117
5750 2875.0 3.4803 36.3577 3.4803 1.0067 2.2847
5760 2880.0 3.4668 40.1119 3.4668 0.9940 2.2359
5770 2885.0 3.4668 40.0961 3.4668 0.9515 2.1730
5780 2890.0 3.4917 33.3722 3.4917 1.0130 2.2471
5790 2895.0 3.4945 32.6377 3.4945 0.9975 2.2594
5800 2900.0 3.5025 30.6227 3.5025 0.9376 2.1608
5810 2905.0 3.5175 27.0393 3.5175 1.0242 2.1994
5820 2910.0 3.5245 25.4276 3.5245 0.9749 2.2221
5830 2915.0 3.5299 24.2115 3.5299 0.9475 2.2215
5840 2920.0 3.5504 19.9127 3.5504 1.0223 2.2234
5850 2925.0 3.5601 18.0237 3.5601 0.9804 2.2202
5860 2930.0 3.5483 20.3409 3.5483 0.9789 2.2691
5870 2935.0 3.5316 23.8479 3.5316 0.9977 2.2857
5880 2940.0 3.5302 24.1579 3.5302 0.9727 2.3741
5890 2945.0 3.5210 26.2271 3.5210 0.9870 2.4305
5900 2950.0 3.5021 30.7376 3.5021 1.0010 2.4547
5910 2955.0 3.4998 31.3073 3.4998 0.9862 2.5152
5920 2960.0 3.4804 36.3386 3.4804 0.9799 2.5663
5930 2965.0 3.4939 32.8001 3.4939 0.9996 2.5612
5940 2970.0 3.5053 29.9506 3.5053 0.9966 2.5183
5950 2975.0 3.5080 29.2891 3.5080 0.9893 2.4778
5960 2980.0 3.4896 33.9094 3.4896 1.0081 2.4252
5970 2985.0 3.5116 28.4147 3.5116 0.9632 2.4297
5980 2990.0 3.5196 26.5410 3.5196 0.9450 2.3714
5990 2995.0 3.5012 30.9521 3.5012 1.0177 2.3158
6000 3000.0 3.5124 28.2263 3.5124 0.9821 2.2737
6010 3005.0 3.5220 25.9991 3.5220 0.9294 2.3378
6020 3010.0 3.5260 25.0906 3.5260 1.0474 2.2934
6030 3015.0 3.5340 23.3346 3.5340 0.9587 2.2568
6040 3020.0 3.5265 24.9744 3.5265 0.9687 2.2297
6050 3025.0 3.5236 25.6174 3.5236 1.0324 2.2513
6060 3030.0 3.5261 25.0596 3.5261 0.9467 2.3577
6070 3035.0 3.5308 24.0217 3.5308 1.0324 2.3120
6080 3040.0 3.5346 23.1948 3.5346 1.0015 2.3526
6090 3045.0 3.5509 19.8284 3.5509 0.9794 2.3324
6100 3050.0 3.5240 25.5469 3.5240 1.0390 2.3341
6110 3055.0 3.5389 22.2829 3.5389 1.0082 2.3459
6120 3060.0 3.5535 19.3096 3.5535 0.9739 2.3226
6130 3065.0 3.5435 21.3275 3.5435 1.0239 2.3279
6140 3070.0 3.5442 21.1857 3.5442 0.9687 2.2689
6150 3075.0 3.5253 25.2381 3.5253 0.9838 2.3734
6160 3080.0 3.5373 22.6306 3.5373 1.0090 2.2932
6170 3085.0 3.5470 20.6073 3.5470 0.9413 2.3170
6180 3090.0 3.5434 21.3348 3.5434 1.0485 2.4114
6190 3095.0 3.5310 23.9771 3.5310 0.9541 2.3557
6200 3100.0 3.5350 23.1217 3.5350 1.0073 2.4376
6210 3105.0 3.5411 21.8149 3.5411 0.9835 2.3574
6220 3110.0 3.5212 26.1640 3.5212 0.9798 2.3003
6230 3115.0 3.5306 24.0764 3.5306 1.0174 2.3946
6240 3120.0 3.5082 29.2367 3.5082 0.9614 2.2892
6250 3125.0 3.5406 21.9188 3.5406 1.0355 2.3176
6260 3130.0 3.5214 26.1189 3.5214 0.9585 2.3288
6270 3135.0 3.5196 26.5430 3.5196 1.0409 2.2557
6280 3140.0 3.5219 26.0249 3.5219 0.9718 2.2935
6290 3145.0 3.5147 27.6907 3.5147 0.9822 2.3115
6300 3150.0 3.5272 24.8302 3.5272 1.0004 2.2696
6310 3155.0 3.5381 22.4522 3.5381 0.9962 2.3384
6320 3160.0 3.5400 22.0602 3.5400 0.9782 2.3855
6330 3165.0 3.5187 26.7406 3.5187 1.0043 2.3912
6340 3170.0 3.5376 22.5641 3.5376 1.0116 2.4836
6350 3175.0 3.5491 20.1800 3.5491 0.9596 2.5008
6360 3180.0 3.5418 21.6657 3.5418 0.9766 2.5313
6370 3185.0 3.5299 24.2155 3.5299 1.0154 2.5553
6380 3190.0 3.5189 26.7041 3.5189 0.9870 2.5393
6390 3195.0 3.5307 24.0485 3.5307 0.9751 2.5642
6400 3200.0 3.5111 28.5298 3.5111 0.9658 2.6200
6410 3205.0 3.5159 27.3925 3.5159 0.9527 2.6412
6420 3210.0 3.5057 29.8301 3.5057 0.9935 2.6575
6430 3215.0 3.5074 29.4291 3.5074 0.9946 2.6239
6440 3220.0 3.5025 30.6375 3.5025 1.0253 2.6157
6450 3225.0 3.5026 30.6052 3.5026 0.9992 2.6075
6460 3230.0 3.4867 34.6540 3.4867 1.0199 2.5882
6470 3235.0 3.4984 31.6499 3.4984 1.0125 2.5448
6480 3240.0 3.4814 36.0721 3.4814 1.0164 2.5033
6490 3245.0 3.4757 37.6216 3.4757 0.9769 2.5569
6500 3250.0 3.4618 41.5207 3.4618 1.0179 2.5584
6510 3255.0 3.4343 49.8459 3.4343 0.9943 2.4151
6520 3260.0 3.4694 39.3688 3.4694 0.9704 2.4975
6530 3265.0 3.4870 34.5905 3.4870 0.9465 2.4795
6540 3270.0 3.4869 34.6172 3.4869 0.9819 2.4413
6550 3275.0 3.4965 32.1257 3.4965 0.9704 2.4444
6560 3280.0 3.5056 29.8678 3.5056 0.9867 2.4570
6570 3285.0 3.5111 28.5293 3.5111 0.9651 2.4358
6580 3290.0 3.5163 27.3125 3.5163 0.9904 2.4496
6590 3295.0 3.5097 28.8779 3.5097 0.9699 2.4476
6600 3300.0 3.5097 28.8681 3.5097 1.0061 2.4408
6610 3305.0 3.5226 25.8560 3.5226 0.9942 2.3776
6620 3310.0 3.5231 25.7371 3.5231 0.9610 2.3336
6630 3315.0 3.5104 28.6960 3.5104 0.9909 2.3359
6640 3320.0 3.5106 28.6609 3.5106 0.9580 2.2396
6650 3325.0 3.5179 26.9375 3.5179 0.9925 2.2029
6660 3330.0 3.5150 27.6031 3.5150 1.0070 2.2055
6670 3335.0 3.5212 26.1784 3.5212 0.9526 2.1592
6680 3340.0 3.5327 23.6016 3.5327 0.9930 2.1589
6690 3345.0 3.5385 22.3597 3.5385 1.0243 2.1837
6700 3350.0 3.5535 19.3078 3.5535 0.9605 2.1500
6710 3355.0 3.5651 17.0927 3.5651 0.9893 2.1570
6720 3360.0 3.5743 15.4366 3.5743 1.0269 2.1727
6730 3365.0 3.5777 14.8402 3.5777 0.9551 2.1929
6740 3370.0 3.5732 15.6298 3.5732 0.9733 2.1728
6750 3375.0 3.5711 16.0089 3.5711 1.0062 2.2081
6760 3380.0 3.5649 17.1273 3.5649 0.9525 2.2734
6770 3385.0 3.5472 20.5583 3.5472 0.9929 2.2217
6780 3390.0 3.5407 21.9111 3.5407 0.9836 2.2370
6790 3395.0 3.5496 20.0773 3.5496 0.9669 2.3201
6800 3400.0 3.5441 21.2062 3.5441 0.9980 2.3783
6810 3405.0 3.5567 18.6860 3.5567 0.9619 2.3133
6820 3410.0 3.5394 22.1711 3.5394 0.9574 2.2746
6830 3415.0 3.5460 20.8009 3.5460 0.9911 2.3785
6840 3420.0 3.5684 16.4874 3.5684 0.9504 2.3026
6850 3425.0 3.5634 17.4015 3.5634 1.0067 2.3351
6860 3430.0 3.5546 19.0878 3.5546 0.9474 2.3005
6870 3435.0 3.5498 20.0490 3.5498 1.0155 2.3253
6880 3440.0 3.5629 17.4954 3.5629 0.9470 2.2925
6890 3445.0 3.5533 19.3439 3.5533 1.0031 2.2954
6900 3450.0 3.5488 20.2425 3.5488 0.9654 2.2828
6910 3455.0 3.5415 21.7458 3.5415 0.9948 2.2867
6920 3460.0 3.5443 21.1461 3.5443 0.9988 2.2502
6930 3465.0 3.5386 22.3501 3.5386 0.9765 2.2264
6940 3470.0 3.5233 25.6921 3.5233 0.9801 2.2359
6950 3475.0 3.5310 23.9841 3.5310 0.9668 2.1507
6960 3480.0 3.5372 22.6443 3.5372 1.0182 2.1431
6970 3485.0 3.5431 21.4031 3.5431 0.9403 2.0942
6980 3490.0 3.5407 21.8983 3.5407 0.9847 2.1047
6990 3495.0 3.5363 22.8432 3.5363 1.0072 2.0702
7000 3500.0 3.5578 18.4646 3.5578 0.9398 2.0804
7010 3505.0 3.5043 30.1958 3.5043 0.9950 2.1597
7020 3510.0 3.5207 26.2991 3.5207 0.9780 2.0781
7030 3515.0 3.5366 22.7605 3.5366 0.9672 2.1264
7040 3520.0 3.5264 24.9984 3.5264 1.0046 2.1942
7050 3525.0 3.5369 22.6962 3.5369 0.9501 2.1557
7060 3530.0 3.5299 24.2111 3.5299 0.9583 2.1435
7070 3535.0 3.5291 24.4003 3.5291 1.0250 2.1513
7080 3540.0 3.5399 22.0720 3.5399 0.9654 2.1469
7090 3545.0 3.5411 21.8298 3.5411 0.9607 2.1292
7100 3550.0 3.5300 24.2090 3.5300 1.0419 2.1168
7110 3555.0 3.5019 30.7730 3.5019 0.9472 2.2194
7120 3560.0 3.4997 31.3315 3.4997 1.0212 2.0775
7130 3565.0 3.5333 23.4738 3.5333 0.9606 2.1569
7140 3570.0 3.5122 28.2678 3.5122 1.0017 2.2516
7150 3575.0 3.5081 29.2457 3.5081 0.9955 2.1623
7160 3580.0 3.5333 23.4825 3.5333 0.9468 2.2563
7170 3585.0 3.5209 26.2414 3.5209 1.0309 2.2991
7180 3590.0 3.4969 32.0196 3.4969 0.9537 2.2386
7190 3595.0 3.4938 32.8164 3.4938 0.9985 2.3751
7200 3600.0 3.5117 28.3855 3.5117 0.9674 2.3331
7210 3605.0 3.4858 34.8979 3.4858 1.0019 2.3178
7220 3610.0 3.4865 34.7201 3.4865 0.9654 2.3719
7230 3615.0 3.4788 36.7730 3.4788 0.9416 2.3282
7240 3620.0 3.4690 39.4770 3.4690 1.0283 2.4324
7250 3625.0 3.5079 29.3117 3.5079 0.9159 2.3884
7260 3630.0 3.4859 34.8612 3.4859 1.0432 2.4395
7270 3635.0 3.4904 33.7077 3.4904 0.9558 2.4546
7280 3640.0 3.4892 34.0004 3.4892 0.9784 2.4956
7290 3645.0 3.5032 30.4582 3.5032 1.0218 2.4013
7300 3650.0 3.5286 24.5025 3.5286 0.9825 2.4065
7310 3655.0 3.5114 28.4613 3.5114 0.9836 2.4455
7320 3660.0 3.5191 26.6501 3.5191 0.9549 2.3735
7330 3665.0 3.4994 31.4050 3.4994 1.0247 2.4041
7340 3670.0 3.4997 31.3320 3.4997 0.9582 2.4011
7350 3675.0 3.5087 29.1241 3.5087 0.9778 2.3882
7360 3680.0 3.4998 31.3063 3.4998 1.0151 2.3918
7370 3685.0 3.5006 31.0963 3.5006 0.9795 2.3790
7380 3690.0 3.4963 32.1881 3.4963 0.9986 2.4380
7390 3695.0 3.4930 33.0179 3.4930 0.9520 2.4381
7400 3700.0 3.4987 31.5787 3.4987 0.9959 2.4383
7410 3705.0 3.4971 31.9767 3.4971 1.0091 2.3853
7420 3710.0 3.4953 32.4398 3.4953 0.9855 2.4486
7430 3715.0 3.4902 33.7386 3.4902 0.9975 2.4664
7440 3720.0 3.4852 35.0561 3.4852 0.9881 2.4142
7450 3725.0 3.5063 29.6857 3.5063 1.0431 2.4573
7460 3730.0 3.5019 30.7693 3.5019 0.9541 2.4739
7470 3735.0 3.4940 32.7710 3.4940 1.0590 2.4892
7480 3740.0 3.4997 31.3132 3.4997 0.9701 2.4726
7490 3745.0 3.4978 31.7953 3.4978 1.0122 2.4823
7500 3750.0 3.4986 31.5908 3.4986 0.9830 2.4796
7510 3755.0 3.5081 29.2693 3.5081 1.0062 2.5506
7520 3760.0 3.5093 28.9586 3.5093 0.9990 2.4873
7530 3765.0 3.5037 30.3386 3.5037 1.0014 2.4917
7540 3770.0 3.5029 30.5261 3.5029 1.0061 2.4490
7550 3775.0 3.5253 25.2492 3.5253 1.0283 2.4834
7560 3780.0 3.5115 28.4335 3.5115 1.0481 2.5533
7570 3785.0 3.5391 22.2295 3.5391 0.9816 2.4832
7580 3790.0 3.5405 21.9466 3.5405 1.0895 2.5037
7590 3795.0 3.5290 24.4109 3.5290 0.9594 2.5202
7600 3800.0 3.5467 20.6726 3.5467 1.0982 2.5217
7610 3805.0 3.5395 22.1512 3.5395 1.0137 2.4751
7620 3810.0 3.5560 18.8224 3.5560 1.0110 2.4632
7630 3815.0 3.5481 20.3781 3.5481 1.1388 2.5069
7640 3820.0 3.5621 17.6494 3.5621 0.9481 2.5350
7650 3825.0 3.5677 16.6127 3.5677 1.0666 2.5363
7660 3830.0 3.5685 16.4768 3.5685 1.0534 2.5423
7670 3835.0 3.5585 18.3341 3.5585 0.9671 2.4432
7680 3840.0 3.5800 14.4557 3.5800 1.0383 2.4799
7690 3845.0 3.5447 21.0723 3.5447 1.0312 2.4866
7700 3850.0 3.5714 15.9467 3.5714 0.9429 2.3891
7710 3855.0 3.5721 15.8209 3.5721 1.1031 2.3272
7720 3860.0 3.5381 22.4427 3.5381 0.9771 2.4192
7730 3865.0 3.5485 20.3040 3.5485 1.0203 2.2917
7740 3870.0 3.5725 15.7578 3.5725 1.0012 2.4145
7750 3875.0 3.5922 12.4456 3.5922 1.1124 2.3785
7760 3880.0 3.5993 11.3568 3.5993 0.9386 2.3966
7770 3885.0 3.5838 13.8044 3.5838 1.0953 2.4322
7780 3890.0 3.5820 14.1083 3.5820 0.9734 2.4844
7790 3895.0 3.5355 23.0094 3.5355 0.9990 2.3746
7800 3900.0 3.5148 27.6612 3.5148 1.0269 2.6474
7810 3905.0 3.5933 12.2704 3.5933 1.0676 2.5539
7820 3910.0 3.5971 11.6907 3.5971 0.9597 2.5831
7830 3915.0 3.5808 14.3226 3.5808 1.0897 2.5871
7840 3920.0 3.5822 14.0817 3.5822 0.9532 2.6164
7850 3925.0 3.5578 18.4638 3.5578 1.0781 2.6921
7860 3930.0 3.5709 16.0462 3.5709 0.9744 2.6678
7870 3935.0 3.5611 17.8407 3.5611 1.0633 2.6882
7880 3940.0 3.5671 16.7173 3.5671 0.9863 2.6587
7890 3945.0 3.5641 17.2781 3.5641 1.0276 2.7176
7900 3950.0 3.5704 16.1363 3.5704 1.0176 2.7034
7910 3955.0 3.5553 18.9474 3.5553 0.9797 2.6224
7920 3960.0 3.5372 22.6373 3.5372 1.0764 2.6135
7930 3965.0 3.5276 24.7265 3.5276 0.9353 2.5756
7940 3970.0 3.5202 26.3971 3.5202 1.0777 2.5513
7950 3975.0 3.5411 21.8122 3.5411 0.9658 2.4285
7960 3980.0 3.5419 21.6549 3.5419 1.0321 2.3374
7970 3985.0 3.5504 19.9168 3.5504 0.9883 2.3176
7980 3990.0 3.5098 28.8398 3.5098 1.0123 2.1576
7990 3995.0 3.5523 19.5361 3.5523 0.9569 2.2663
8000 4000.0 3.5523 19.5433 3.5523 1.0678 2.2597
8010 4005.0 3.5434 21.3448 3.5434 0.9579 2.3108
8020 4010.0 3.5458 20.8545 3.5458 1.0576 2.2762
8030 4015.0 3.5338 23.3775 3.5338 1.0119 2.3539
8040 4020.0 3.5584 18.3476 3.5584 1.0128 2.2912
8050 4025.0 3.5588 18.2812 3.5588 1.0342 2.2390
8060 4030.0 3.5607 17.9254 3.5607 0.9710 2.3087
8070 4035.0 3.5391 22.2357 3.5391 1.0652 2.2558
8080 4040.0 3.4864 34.7514 3.4864 0.9544 2.4534
8090 4045.0 3.5004 31.1515 3.5004 1.1041 2.3495
8100 4050.0 3.4777 37.0779 3.4777 0.9439 2.4582
8110 4055.0 3.4955 32.3905 3.4955 1.0742 2.3426
8120 4060.0 3.5373 22.6164 3.5373 0.9653 2.4012
8130 4065.0 3.4784 36.8786 3.4784 1.0377 2.3146
8140 4070.0 3.5086 29.1262 3.5086 1.0152 2.4402
8150 4075.0 3.5260 25.0943 3.5260 1.0008 2.3679
8160 4080.0 3.4718 38.6964 3.4718 1.0169 2.4979
8170 4085.0 3.5302 24.1621 3.5302 1.0394 2.3674
8180 4090.0 3.4972 31.9427 3.4972 0.9962 2.4840
8190 4095.0 3.5034 30.4166 3.5034 1.0543 2.3202
8200 4100.0 3.5303 24.1322 3.5303 0.9946 2.4346
8210 4105.0 3.5170 27.1427 3.5170 1.0636 2.4002
8220 4110.0 3.5232 25.7230 3.5232 0.9742 2.3633
8230 4115.0 3.5188 26.7223 3.5188 1.0409 2.4475
8240 4120.0 3.5386 22.3414 3.5386 0.9812 2.3175
8250 4125.0 3.5402 22.0164 3.5402 1.0166 2.3953
8260 4130.0 3.5551 18.9849 3.5551 0.9895 2.3263
8270 4135.0 3.5516 19.6852 3.5516 1.0029 2.3130
8280 4140.0 3.5412 21.8085 3.5412 1.0224 2.2878
8290 4145.0 3.5665 16.8298 3.5665 0.9781 2.3116
8300 4150.0 3.5641 17.2825 3.5641 1.0532 2.3365
8310 4155.0 3.5628 17.5252 3.5628 0.9950 2.3509
8320 4160.0 3.5477 20.4664 3.5477 1.0493 2.3293
8330 4165.0 3.5408 21.8743 3.5408 1.0092 2.4095
8340 4170.0 3.5475 20.5033 3.5475 1.0184 2.3341
8350 4175.0 3.5511 19.7826 3.5511 1.0073 2.4303
8360 4180.0 3.5742 15.4593 3.5742 1.0109 2.3658
8370 4185.0 3.5649 17.1291 3.5649 0.9756 2.3716
8380 4190.0 3.5423 21.5725 3.5423 1.0056 2.3965
8390 4195.0 3.5559 18.8376 3.5559 1.0041 2.2756
8400 4200.0 3.5923 12.4392 3.5923 0.9722 2.2799
8410 4205.0 3.5812 14.2424 3.5812 1.0417 2.2529
8420 4210.0 3.5884 13.0540 3.5884 0.9785 2.2238
8430 4215.0 3.5476 20.4759 3.5476 1.0226 2.2990
8440 4220.0 3.5671 16.7300 3.5671 0.9846 2.2417
8450 4225.0 3.5727 15.7116 3.5727 0.9992 2.2852
8460 4230.0 3.5759 15.1575 3.5759 1.0376 2.2249
8470 4235.0 3.5789 14.6426 3.5789 0.9859 2.2007
8480 4240.0 3.5919 12.5028 3.5919 1.0317 2.2650
8490 4245.0 3.5894 12.9039 3.5894 0.9894 2.3834
8500 4250.0 3.6148 9.1339 3.6148 1.0184 2.3599
8510 4255.0 3.6258 7.7072 3.6258 0.9817 2.3899
8520 4260.0 3.6158 9.0110 3.6158 0.9985 2.4288
8530 4265.0 3.6047 10.5603 3.6047 1.0060 2.3842
8540 4270.0 3.6101 9.7857 3.6101 0.9749 2.4071
8550 4275.0 3.6001 11.2406 3.6001 1.0344 2.5125
8560 4280.0 3.5906 12.7062 3.5906 0.9674 2.4602
8570 4285.0 3.5620 17.6722 3.5620 1.0432 2.5115
8580 4290.0 3.5573 18.5631 3.5573 0.9632 2.5056
8590 4295.0 3.5631 17.4748 3.5631 1.0477 2.4677
8600 4300.0 3.5771 14.9504 3.5771 1.0114 2.4514
8610 4305.0 3.5685 16.4736 3.5685 1.0006 2.4244
8620 4310.0 3.5688 16.4167 3.5688 1.0480 2.4355
8630 4315.0 3.5633 17.4309 3.5633 0.9653 2.4215
8640 4320.0 3.5634 17.4024 3.5634 1.0527 2.3983
8650 4325.0 3.5668 16.7873 3.5668 1.0070 2.4219
8660 4330.0 3.5866 13.3451 3.5866 1.0253 2.3482
8670 4335.0 3.5505 19.9085 3.5505 1.0339 2.4046
8680 4340.0 3.5375 22.5758 3.5375 1.0108 2.3106
8690 4345.0 3.5467 20.6686 3.5467 0.9986 2.3382
8700 4350.0 3.5519 19.6271 3.5519 1.0261 2.3429
8710 4355.0 3.5900 12.8071 3.5900 0.9850 2.2956
8720 4360.0 3.5817 14.1651 3.5817 1.0201 2.3713
8730 4365.0 3.5730 15.6593 3.5730 0.9761 2.2877
8740 4370.0 3.5265 24.9712 3.5265 1.0073 2.3605
8750 4375.0 3.5222 25.9378 3.5222 0.9669 2.3480
8760 4380.0 3.5405 21.9527 3.5405 1.0020 2.3309
8770 4385.0 3.5473 20.5354 3.5473 1.0079 2.2937
8780 4390.0 3.5551 18.9935 3.5551 1.0037 2.3072
8790 4395.0 3.5388 22.2978 3.5388 1.0146 2.3450
8800 4400.0 3.5522 19.5664 3.5522 0.9945 2.3284
8810 4405.0 3.5527 19.4678 3.5527 1.0027 2.3298
8820 4410.0 3.5522 19.5564 3.5522 1.0024 2.3124
8830 4415.0 3.5420 21.6245 3.5420 1.0040 2.3034
8840 4420.0 3.5346 23.1948 3.5346 1.0062 2.3056
8850 4425.0 3.5262 25.0394 3.5262 1.0168 2.3109
8860 4430.0 3.5300 24.1913 3.5300 0.9835 2.2987
8870 4435.0 3.5202 26.4040 3.5202 1.0198 2.3074
8880 4440.0 3.5234 25.6814 3.5234 0.9804 2.3009
8890 4445.0 3.5260 25.0969 3.5260 1.0386 2.3075
8900 4450.0 3.5369 22.7004 3.5369 0.9990 2.3263
8910 4455.0 3.5253 25.2401 3.5253 1.0098 2.3386
8920 4460.0 3.5230 25.7657 3.5230 1.0084 2.3660
8930 4465.0 3.5036 30.3613 3.5036 0.9893 2.4363
8940 4470.0 3.5274 24.7851 3.5274 1.0148 2.3621
8950 4475.0 3.5251 25.2901 3.5251 1.0024 2.3918
8960 4480.0 3.5212 26.1823 3.5212 1.0143 2.3169
8970 4485.0 3.5560 18.8164 3.5560 1.0189 2.3501
8980 4490.0 3.5658 16.9576 3.5658 0.9840 2.3438
8990 4495.0 3.5718 15.8848 3.5718 1.0560 2.3087
9000 4500.0 3.5224 25.9087 3.5224 1.0014 2.4074
9010 4505.0 3.5689 16.3919 3.5689 1.0368 2.2927
9020 4510.0 3.5729 15.6753 3.5729 1.0751 2.4059
9030 4515.0 3.5540 19.2105 3.5540 0.9775 2.2494
9040 4520.0 3.5550 19.0048 3.5550 1.0061 2.2628
9050 4525.0 3.5717 15.9037 3.5717 1.0295 2.4689
9060 4530.0 3.5785 14.7123 3.5785 0.9991 2.3899
9070 4535.0 3.5631 17.4567 3.5631 0.9988 2.4834
9080 4540.0 3.5623 17.6248 3.5623 1.0606 2.4872
9090 4545.0 3.5932 12.2931 3.5932 0.9559 2.3173
9100 4550.0 3.5753 15.2592 3.5753 1.0185 2.2719
9110 4555.0 3.5903 12.7544 3.5903 0.9903 2.3260
9120 4560.0 3.5649 17.1349 3.5649 0.9787 2.3291
9130 4565.0 3.5551 19.0025 3.5551 1.0312 2.4051
9140 4570.0 3.5155 27.5009 3.5155 1.0091 2.4908
9150 4575.0 3.5429 21.4431 3.5429 1.0031 2.3896
9160 4580.0 3.5091 29.0047 3.5091 1.0217 2.5084
9170 4585.0 3.5226 25.8489 3.5226 1.0192 2.3763
9180 4590.0 3.4969 32.0368 3.4969 0.9921 2.3403
9190 4595.0 3.5349 23.1346 3.5349 1.0078 2.4502
9200 4600.0 3.5392 22.2256 3.5392 1.0243 2.4912
9210 4605.0 3.5511 19.7738 3.5511 1.0012 2.4900
9220 4610.0 3.5564 18.7377 3.5564 1.0255 2.4850
9230 4615.0 3.5822 14.0825 3.5822 1.0255 2.3917
9240 4620.0 3.5953 11.9722 3.5953 1.0001 2.4257
9250 4625.0 3.5711 16.0030 3.5711 1.0774 2.3842
9260 4630.0 3.5549 19.0243 3.5549 0.9561 2.3496
9270 4635.0 3.5547 19.0730 3.5547 1.0376 2.3143
9280 4640.0 3.5253 25.2368 3.5253 0.9944 2.5027
9290 4645.0 3.6152 9.0908 3.6152 1.0398 2.3865
9300 4650.0 3.6019 10.9740 3.6019 0.9491 2.3502
9310 4655.0 3.5761 15.1282 3.5761 1.0952 2.4007
9320 4660.0 3.5469 20.6333 3.5469 0.9463 2.3944
9330 4665.0 3.5316 23.8559 3.5316 1.0656 2.4439
9340 4670.0 3.5950 12.0102 3.5950 0.9983 2.4241
9350 4675.0 3.5893 12.9105 3.5893 1.0325 2.4329
9360 4680.0 3.5731 15.6465 3.5731 1.0180 2.4857
9370 4685.0 3.5026 30.5962 3.5026 1.0354 2.5058
9380 4690.0 3.4868 34.6445 3.4868 0.9808 2.5286
9390 4695.0 3.4911 33.5202 3.4911 1.0261 2.5760
9400 4700.0 3.5288 24.4593 3.5288 0.9818 2.5664
9410 4705.0 3.5457 20.8742 3.5457 1.0445 2.5642
9420 4710.0 3.5508 19.8410 3.5508 1.0264 2.5384
9430 4715.0 3.5749 15.3348 3.5749 1.0072 2.4889
9440 4720.0 3.5556 18.8927 3.5556 1.0423 2.5418
9450 4725.0 3.5893 12.9159 3.5893 0.9818 2.4504
9460 4730.0 3.5734 15.5939 3.5734 0.9601 2.3939
9470 4735.0 3.5757 15.1918 3.5757 1.0340 2.3884
9480 4740.0 3.6073 10.1783 3.6073 0.9481 2.3721
9490 4745.0 3.5986 11.4543 3.5986 1.0339 2.3579
9500 4750.0 3.5702 16.1577 3.5702 0.9811 2.4061
9510 4755.0 3.5772 14.9278 3.5772 1.0219 2.3092
9520 4760.0 3.5679 16.5781 3.5679 0.9908 2.3416
9530 4765.0 3.5393 22.2067 3.5393 1.0169 2.2457
9540 4770.0 3.5267 24.9417 3.5267 0.9792 2.2306
9550 4775.0 3.5411 21.8140 3.5411 1.0670 2.2570
9560 4780.0 3.5110 28.5592 3.5110 0.9808 2.2192
9570 4785.0 3.5228 25.8063 3.5228 1.0365 2.2046
9580 4790.0 3.4891 34.0422 3.4891 1.0132 2.3040
9590 4795.0 3.4898 33.8649 3.4898 0.9925 2.2199
9600 4800.0 3.4848 35.1663 3.4848 1.0045 2.3181
9610 4805.0 3.4764 37.4388 3.4764 1.0181 2.2005
9620 4810.0 3.4511 44.6559 3.4511 0.9966 2.2946
9630 4815.0 3.4856 34.9604 3.4856 1.0548 2.2879
9640 4820.0 3.5071 29.5040 3.5071 0.9809 2.3714
9650 4825.0 3.4975 31.8735 3.4975 0.9938 2.4037
9660 4830.0 3.5185 26.7873 3.5185 0.9956 2.3889
9670 4835.0 3.5075 29.3985 3.5075 1.0727 2.3966
9680 4840.0 3.4953 32.4405 3.4953 0.9634 2.3449
9690 4845.0 3.5264 25.0005 3.5264 1.0750 2.4135
9700 4850.0 3.5283 24.5682 3.5283 0.9875 2.3641
9710 4855.0 3.5536 19.2933 3.5536 1.0484 2.4138
9720 4860.0 3.5698 16.2374 3.5698 1.0741 2.4120
9730 4865.0 3.5635 17.3952 3.5635 0.9748 2.3732
9740 4870.0 3.6045 10.5904 3.6045 1.0710 2.3999
9750 4875.0 3.6132 9.3551 3.6132 0.9756 2.3854
9760 4880.0 3.6288 7.3405 3.6288 1.0209 2.3585
9770 4885.0 3.5894 12.9016 3.5894 1.0027 2.4958
9780 4890.0 3.6684 3.3265 3.6684 1.0130 2.4189
9790 4895.0 3.6798 2.4633 3.6798 0.9931 2.4274
9800 4900.0 3.6460 5.4085 3.6460 1.0337 2.4774
9810 4905.0 3.6134 9.3255 3.6134 0.9849 2.4058
9820 4910.0 3.6066 10.2881 3.6066 0.9874 2.4262
9830 4915.0 3.6340 6.7229 3.6340 1.0160 2.5163
9840 4920.0 3.6575 4.2781 3.6575 0.9888 2.4412
9850 4925.0 3.6782 2.5811 3.6782 0.9893 2.4993
9860 4930.0 3.6411 5.9297 3.6411 0.9903 2.5607
9870 4935.0 3.6142 9.2212 3.6142 1.0117 2.4350
9880 4940.0 3.6239 7.9489 3.6239 0.9444 2.4914
9890 4945.0 3.5996 11.3048 3.5996 1.0289 2.4981
9900 4950.0 3.5894 12.9016 3.5894 0.9609 2.4174
9910 4955.0 3.6103 9.7585 3.6103 1.0414 2.4691
9920 4960.0 3.6232 8.0337 3.6232 0.9854 2.4018
9930 4965.0 3.6146 9.1676 3.6146 1.0181 2.3619
9940 4970.0 3.5812 14.2549 3.5812 0.9993 2.3938
9950 4975.0 3.5753 15.2659 3.5753 1.0062 2.2859
9960 4980.0 3.5688 16.4211 3.5688 0.9730 2.3549
9970 4985.0 3.5669 16.7561 3.5669 1.0065 2.2544
9980 4990.0 3.5789 14.6460 3.5789 0.9675 2.2723
9990 4995.0 3.5709 16.0313 3.5709 1.0049 2.2620
10000 5000.0 3.5644 17.2298 3.5644 0.9791 2.2363
10010 5005.0 3.5324 23.6665 3.5324 0.9694 2.3443
10020 5010.0 3.5339 23.3515 3.5339 1.0163 2.2290
10030 5015.0 3.5250 25.3158 3.5250 0.9586 2.3500
10040 5020.0 3.5357 22.9526 3.5357 1.0381 2.2718
10050 5025.0 3.5209 26.2482 3.5209 0.9660 2.3400
10060 5030.0 3.5359 22.9263 3.5359 1.0291 2.3086
10070 5035.0 3.5274 24.7754 3.5274 0.9816 2.3282
10080 5040.0 3.5454 20.9207 3.5454 1.0109 2.3117
10090 5045.0 3.5504 19.9269 3.5504 1.0031 2.3433
10100 5050.0 3.5580 18.4299 3.5580 0.9712 2.3091
10110 5055.0 3.5618 17.7106 3.5618 1.0425 2.3310
10120 5060.0 3.5633 17.4274 3.5633 0.9755 2.3410
10130 5065.0 3.5569 18.6436 3.5569 1.0139 2.3297
10140 5070.0 3.5550 19.0123 3.5550 0.9923 2.4067
10150 5075.0 3.5394 22.1799 3.5394 0.9875 2.3546
10160 5080.0 3.5388 22.3128 3.5388 1.0447 2.4501
10170 5085.0 3.5396 22.1402 3.5396 1.0051 2.4622
10180 5090.0 3.5078 29.3332 3.5078 0.9877 2.4733
10190 5095.0 3.4813 36.1056 3.4813 1.0304 2.6085
10200 5100.0 3.5122 28.2698 3.5122 0.9544 2.4956
10210 5105.0 3.5230 25.7534 3.5230 1.0655 2.5711
10220 5110.0 3.5333 23.4720 3.5333 0.9823 2.5321
10230 5115.0 3.4751 37.7798 3.4751 1.0158 2.3929
10240 5120.0 3.5020 30.7510 3.5020 0.9620 2.4576
10250 5125.0 3.5100 28.8024 3.5100 1.0371 2.3910
10260 5130.0 3.5357 22.9696 3.5357 0.9870 2.3828
10270 5135.0 3.5281 24.6104 3.5281 1.0032 2.3652
10280 5140.0 3.5204 26.3541 3.5204 1.0126 2.3254
10290 5145.0 3.4927 33.1008 3.4927 0.9752 2.3761
10300 5150.0 3.4813 36.1131 3.4813 1.0299 2.2700
10310 5155.0 3.4954 32.4208 3.4954 0.9559 2.2281
10320 5160.0 3.5188 26.7188 3.5188 0.9579 2.3049
10330 5165.0 3.5164 27.2868 3.5164 1.0238 2.3223
10340 5170.0 3.5229 25.7776 3.5229 0.9559 2.3835
10350 5175.0 3.5058 29.8182 3.5058 0.9999 2.4753
10360 5180.0 3.5130 28.0908 3.5130 1.0161 2.4255
10370 5185.0 3.5299 24.2210 3.5299 0.9880 2.4675
10380 5190.0 3.5150 27.6224 3.5150 0.9668 2.5119
10390 5195.0 3.5055 29.9023 3.5055 1.0092 2.4815
10400 5200.0 3.5132 28.0330 3.5132 1.0033 2.5377
10410 5205.0 3.4927 33.1068 3.4927 0.9762 2.5681
10420 5210.0 3.5006 31.1059 3.5006 1.0148 2.5071
10430 5215.0 3.5177 26.9705 3.5177 0.9838 2.5154
10440 5220.0 3.5020 30.7518 3.5020 0.9739 2.4714
10450 5225.0 3.4812 36.1192 3.4812 1.0207 2.4775
10460 5230.0 3.4893 33.9841 3.4893 0.9474 2.4719
10470 5235.0 3.4600 42.0539 3.4600 1.0502 2.5845
10480 5240.0 3.4815 36.0570 3.4815 0.9550 2.4911
10490 5245.0 3.4499 45.0214 3.4499 1.0289 2.5654
10500 5250.0 3.4890 34.0707 3.4890 0.9664 2.5154
10510 5255.0 3.5174 27.0626 3.5174 0.9923 2.4699
10520 5260.0 3.5213 26.1448 3.5213 1.0066 2.4650
10530 5265.0 3.5369 22.7151 3.5369 0.9630 2.4433
10540 5270.0 3.5408 21.8902 3.5408 1.0203 2.4744
10550 5275.0 3.5399 22.0803 3.5399 0.9806 2.4497
10560 5280.0 3.5316 23.8400 3.5316 0.9792 2.4396
10570 5285.0 3.5400 22.0411 3.5400 1.0241 2.4126
10580 5290.0 3.5499 20.0193 3.5499 0.9645 2.3595
10590 5295.0 3.5430 21.4303 3.5430 1.0384 2.3531
10600 5300.0 3.5573 18.5743 3.5573 0.9622 2.3397
10610 5305.0 3.5356 22.9848 3.5356 1.0132 2.2530
10620 5310.0 3.5559 18.8350 3.5559 0.9847 2.2841
10630 5315.0 3.5549 19.0233 3.5549 1.0015 2.3435
10640 5320.0 3.5416 21.7187 3.5416 0.9944 2.3927
10650 5325.0 3.5248 25.3661 3.5248 0.9819 2.3975
10660 5330.0 3.5372 22.6516 3.5372 1.0160 2.3453
10670 5335.0 3.5743 15.4438 3.5743 1.0059 2.3540
10680 5340.0 3.5064 29.6709 3.5064 0.9761 2.1620
10690 5345.0 3.5588 18.2837 3.5588 0.9927 2.3200
10700 5350.0 3.5578 18.4733 3.5578 1.0199 2.2326
10710 5355.0 3.5831 13.9260 3.5831 0.9643 2.2654
10720 5360.0 3.5579 18.4578 3.5579 1.0451 2.3116
10730 5365.0 3.5734 15.5957 3.5734 0.9309 2.2351
10740 5370.0 3.5683 16.4992 3.5683 1.0481 2.3131
10750 5375.0 3.5847 13.6594 3.5847 0.9560 2.2289
10760 5380.0 3.5652 17.0797 3.5652 0.9888 2.3202
10770 5385.0 3.5700 16.1982 3.5700 1.0178 2.2281
10780 5390.0 3.5787 14.6751 3.5787 0.9321 2.2153
10790 5395.0 3.5827 13.9902 3.5827 1.0049 2.3445
10800 5400.0 3.5884 13.0496 3.5884 1.0004 2.2953
10810 5405.0 3.5795 14.5310 3.5795 0.9619 2.3644
10820 5410.0 3.5839 13.8029 3.5839 1.0452 2.3414
10830 5415.0 3.5733 15.6175 3.5733 0.9722 2.2963
10840 5420.0 3.5791 14.6048 3.5791 0.9820 2.3513
10850 5425.0 3.5353 23.0512 3.5353 1.0333 2.2697
10860 5430.0 3.5506 19.8760 3.5506 0.9618 2.3427
10870 5435.0 3.5370 22.6950 3.5370 1.0473 2.3543
10880 5440.0 3.5452 20.9813 3.5452 0.9908 2.2760
10890 5445.0 3.5511 19.7784 3.5511 1.0182 2.3303
10900 5450.0 3.5415 21.7388 3.5415 1.0054 2.3271
10910 5455.0 3.5256 25.1692 3.5256 0.9890 2.3445
10920 5460.0 3.5205 26.3306 3.5205 1.0428 2.3294
10930 5465.0 3.5312 23.9437 3.5312 0.9897 2.3202
10940 5470.0 3.5326 23.6216 3.5326 1.0346 2.4249
10950 5475.0 3.5646 17.1782 3.5646 0.9630 2.3801
10960 5480.0 3.5539 19.2293 3.5539 1.0540 2.3718
10970 5485.0 3.5658 16.9571 3.5658 0.9501 2.3760
10980 5490.0 3.5553 18.9566 3.5553 1.0046 2.4085
10990 5495.0 3.5621 17.6522 3.5621 1.0131 2.3828
11000 5500.0 3.5672 16.7105 3.5672 0.9580 2.3702
11010 5505.0 3.5835 13.8615 3.5835 1.0516 2.3645
11020 5510.0 3.5707 16.0772 3.5707 0.9604 2.3240
11030 5515.0 3.5674 16.6776 3.5674 1.0080 2.3713
11040 5520.0 3.5864 13.3789 3.5864 0.9792 2.3565
11050 5525.0 3.5763 15.0832 3.5763 1.0320 2.3611
11060 5530.0 3.5625 17.5847 3.5625 0.9769 2.4050
11070 5535.0 3.5587 18.3006 3.5587 1.0209 2.3456
11080 5540.0 3.5505 19.8992 3.5505 0.9914 2.4361
11090 5545.0 3.5438 21.2617 3.5438 0.9963 2.3553
11100 5550.0 3.5453 20.9481 3.5453 1.0228 2.3937
11110 5555.0 3.5545 19.1033 3.5545 0.9498 2.3590
11120 5560.0 3.5468 20.6385 3.5468 1.0536 2.3919
11130 5565.0 3.5545 19.1078 3.5545 0.9688 2.3829
11140 5570.0 3.5573 18.5697 3.5573 1.0130 2.3227
11150 5575.0 3.5507 19.8631 3.5507 0.9966 2.3463
11160 5580.0 3.5731 15.6462 3.5731 0.9798 2.2820
11170 5585.0 3.5672 16.7033 3.5672 1.0127 2.2649
11180 5590.0 3.5724 15.7640 3.5724 0.9870 2.2808
11190 5595.0 3.5552 18.9708 3.5552 1.0123 2.2940
11200 5600.0 3.5577 18.4898 3.5577 1.0058 2.3078
11210 5605.0 3.5696 16.2799 3.5696 0.9797 2.3164
11220 5610.0 3.5556 18.9047 3.5556 0.9982 2.3620
11230 5615.0 3.5449 21.0415 3.5449 0.9826 2.3052
11240 5620.0 3.5367 22.7440 3.5367 1.0019 2.4412
11250 5625.0 3.5499 20.0180 3.5499 0.9948 2.3646
11260 5630.0 3.5658 16.9644 3.5658 1.0029 2.4340
11270 5635.0 3.5534 19.3316 3.5534 1.0558 2.4652
11280 5640.0 3.5252 25.2783 3.5252 0.9716 2.4087
11290 5645.0 3.5000 31.2519 3.5000 1.0428 2.5265
11300 5650.0 3.5049 30.0489 3.5049 1.0112 2.3826
11310 5655.0 3.5068 29.5760 3.5068 1.0081 2.4610
11320 5660.0 3.5158 27.4134 3.5158 1.1344 2.3563
11330 5665.0 3.5456 20.8948 3.5456 0.9697 2.3040
11340 5670.0 3.5484 20.3234 3.5484 1.0721 2.2268
11350 5675.0 3.5491 20.1800 3.5491 1.0797 2.2522
11360 5680.0 3.5738 15.5208 3.5738 0.9672 2.1978
11370 5685.0 3.5504 19.9273 3.5504 1.1130 2.2611
11380 5690.0 3.5600 18.0536 3.5600 1.1282 2.2688
11390 5695.0 3.5726 15.7331 3.5726 0.9501 2.2682
11400 5700.0 3.5799 14.4686 3.5799 1.0894 2.2864
11410 5705.0 3.5647 17.1644 3.5647 1.0252 2.3555
11420 5710.0 3.5165 27.2566 3.5165 0.9760 2.2449
11430 5715.0 3.5364 22.8206 3.5364 1.0473 2.4469
11440 5720.0 3.5506 19.8808 3.5506 1.0776 2.3759
11450 5725.0 3.5714 15.9519 3.5714 0.9723 2.4569
11460 5730.0 3.5696 16.2721 3.5696 1.0630 2.4708
11470 5735.0 3.5517 19.6621 3.5517 0.9908 2.4096
11480 5740.0 3.5674 16.6688 3.5674 0.9999 2.4581
11490 5745.0 3.5700 16.1956 3.5700 1.0444 2.4669
11500 5750.0 3.5873 13.2401 3.5873 0.9696 2.4579
11510 5755.0 3.5846 13.6843 3.5846 1.0474 2.4920
11520 5760.0 3.6089 9.9605 3.6089 0.9684 2.4881
11530 5765.0 3.5871 13.2618 3.5871 1.0845 2.5254
11540 5770.0 3.6160 8.9840 3.6160 0.9417 2.5018
11550 5775.0 3.6119 9.5409 3.6119 1.0678 2.5260
11560 5780.0 3.6290 7.3252 3.6290 0.9465 2.5297
11570 5785.0 3.5900 12.8063 3.5900 1.0236 2.4584
11580 5790.0 3.5529 19.4258 3.5529 0.9809 2.6075
11590 5795.0 3.6280 7.4476 3.6280 1.0161 2.4798
11600 5800.0 3.6326 6.8954 3.6326 0.9647 2.4551
11610 5805.0 3.6219 8.1985 3.6219 1.0300 2.4962
11620 5810.0 3.5686 16.4592 3.5686 0.9633 2.3490
11630 5815.0 3.5740 15.4871 3.5740 1.0010 2.4790
11640 5820.0 3.5928 12.3518 3.5928 0.9940 2.4332
11650 5825.0 3.6101 9.7912 3.6101 0.9308 2.3938
11660 5830.0 3.5897 12.8415 3.5897 1.0808 2.4992
11670 5835.0 3.6142 9.2213 3.6142 0.9258 2.3964
11680 5840.0 3.5606 17.9315 3.5606 1.0263 2.3663
11690 5845.0 3.6135 9.3225 3.6135 0.9986 2.4158
11700 5850.0 3.6305 7.1364 3.6305 0.9430 2.3718
11710 5855.0 3.5967 11.7471 3.5967 1.0561 2.3292
11720 5860.0 3.5126 28.1856 3.5126 0.9621 2.4440
11730 5865.0 3.6068 10.2593 3.6068 1.0375 2.2334
11740 5870.0 3.6250 7.8114 3.6250 0.9661 2.2180
11750 5875.0 3.6155 9.0514 3.6155 0.9899 2.2032
11760 5880.0 3.5760 15.1335 3.5760 1.0158 2.1206
11770 5885.0 3.5954 11.9532 3.5954 0.9395 2.1768
11780 5890.0 3.5840 13.7757 3.5840 1.0382 2.2184
11790 5895.0 3.6048 10.5486 3.6048 0.9667 2.1724
11800 5900.0 3.5780 14.7920 3.5780 0.9759 2.1384
11810 5905.0 3.5944 12.1017 3.5944 1.0522 2.1852
11820 5910.0 3.5911 12.6188 3.5911 0.9461 2.1942
11830 5915.0 3.5458 20.8419 3.5458 1.0408 2.1702
11840 5920.0 3.4985 31.6151 3.4985 0.9751 2.3069
11850 5925.0 3.5421 21.6023 3.5421 1.0185 2.1907
11860 5930.0 3.5293 24.3628 3.5293 0.9980 2.3259
11870 5935.0 3.5450 21.0217 3.5450 0.9986 2.2449
11880 5940.0 3.5617 17.7286 3.5617 1.0361 2.3039
11890 5945.0 3.5552 18.9827 3.5552 1.0406 2.3746
11900 5950.0 3.5491 20.1735 3.5491 0.9566 2.3403
11910 5955.0 3.5044 30.1670 3.5044 1.0935 2.5412
11920 5960.0 3.5226 25.8533 3.5226 0.9441 2.4278
11930 5965.0 3.5326 23.6344 3.5326 1.0273 2.5764
11940 5970.0 3.5649 17.1223 3.5649 1.0054 2.5114
11950 5975.0 3.5728 15.7042 3.5728 0.9780 2.4752
11960 5980.0 3.5287 24.4960 3.5287 1.0396 2.5905
11970 5985.0 3.5417 21.6944 3.5417 0.9739 2.4731
11980 5990.0 3.5768 15.0066 3.5768 1.0118 2.5888
11990 5995.0 3.5730 15.6605 3.5730 1.0168 2.6020
12000 6000.0 3.5799 14.4739 3.5799 0.9927 2.5125
12010 6005.0 3.5176 26.9984 3.5176 1.0432 2.6464
12020 6010.0 3.5766 15.0327 3.5766 0.9711 2.5076
12030 6015.0 3.5275 24.7512 3.5275 0.9806 2.4450
12040 6020.0 3.5414 21.7536 3.5414 1.0525 2.5981
12050 6025.0 3.5503 19.9305 3.5503 0.9750 2.4471
12060 6030.0 3.5508 19.8344 3.5508 1.0457 2.4903
12070 6035.0 3.5597 18.1007 3.5597 1.0421 2.4607
12080 6040.0 3.5596 18.1307 3.5596 0.9722 2.3259
12090 6045.0 3.5494 20.1162 3.5494 0.9840 2.3343
12100 6050.0 3.5490 20.2054 3.5490 1.0026 2.2339
12110 6055.0 3.5604 17.9732 3.5604 0.9715 2.2760
12120 6060.0 3.5062 29.7078 3.5062 1.0456 2.3170
12130 6065.0 3.5466 20.6776 3.5466 0.9479 2.1842
12140 6070.0 3.5398 22.0959 3.5398 1.0415 2.2086
12150 6075.0 3.5456 20.8927 3.5456 0.9777 2.1879
12160 6080.0 3.5035 30.3925 3.5035 0.9844 2.1154
12170 6085.0 3.5115 28.4391 3.5115 1.0220 2.2558
12180 6090.0 3.5346 23.1968 3.5346 0.9435 2.2553
12190 6095.0 3.5351 23.0969 3.5351 1.0242 2.2574
12200 6100.0 3.5213 26.1440 3.5213 0.9790 2.3037
12210 6105.0 3.5345 23.2157 3.5345 0.9597 2.1901
12220 6110.0 3.5505 19.8949 3.5505 1.0199 2.2430
12230 6115.0 3.5807 14.3265 3.5807 0.9510 2.3125
12240 6120.0 3.5773 14.9101 3.5773 0.9925 2.3155
12250 6125.0 3.5687 16.4402 3.5687 0.9915 2.3952
12260 6130.0 3.6188 8.6058 3.6188 0.9871 2.3377
12270 6135.0 3.6162 8.9462 3.6162 0.9847 2.3106
12280 6140.0 3.6021 10.9365 3.6021 0.9910 2.2956
12290 6145.0 3.6250 7.8166 3.6250 0.9646 2.3161
12300 6150.0 3.6222 8.1669 3.6222 0.9985 2.3429
12310 6155.0 3.6160 8.9797 3.6160 0.9686 2.3046
12320 6160.0 3.5970 11.7084 3.5970 1.0105 2.3065
12330 6165.0 3.5721 15.8254 3.5721 0.9742 2.2786
12340 6170.0 3.5866 13.3545 3.5866 0.9772 2.2672
12350 6175.0 3.5805 14.3716 3.5805 1.0110 2.2645
12360 6180.0 3.5732 15.6362 3.5732 0.9621 2.2182
12370 6185.0 3.5632 17.4507 3.5632 0.9998 2.2591
12380 6190.0 3.5610 17.8528 3.5610 0.9706 2.2625
12390 6195.0 3.5638 17.3299 3.5638 0.9573 2.3143
12400 6200.0 3.5553 18.9516 3.5553 1.0042 2.3651
12410 6205.0 3.5690 16.3715 3.5690 0.9647 2.3857
12420 6210.0 3.5673 16.6809 3.5673 1.0064 2.3897
12430 6215.0 3.5618 17.7102 3.5618 0.9829 2.3945
12440 6220.0 3.5783 14.7343 3.5783 0.9951 2.4018
12450 6225.0 3.5932 12.2895 3.5932 1.0002 2.3803
12460 6230.0 3.5831 13.9351 3.5831 0.9946 2.3537
12470 6235.0 3.5762 15.1038 3.5762 0.9826 2.3735
12480 6240.0 3.5683 16.5144 3.5683 0.9790 2.3389
12490 6245.0 3.5756 15.2048 3.5756 1.0229 2.3218
12500 6250.0 3.5711 16.0041 3.5711 0.9735 2.3453
12510 6255.0 3.5664 16.8510 3.5664 1.0006 2.3063
12520 6260.0 3.5609 17.8850 3.5609 0.9941 2.3034
12530 6265.0 3.5540 19.2175 3.5540 0.9616 2.2745
12540 6270.0 3.5489 20.2305 3.5489 1.0235 2.3156
12550 6275.0 3.5499 20.0164 3.5499 0.9457 2.2950
12560 6280.0 3.5382 22.4367 3.5382 0.9994 2.2901
12570 6285.0 3.5448 21.0500 3.5448 0.9930 2.2766
12580 6290.0 3.5545 19.1021 3.5545 0.9640 2.2767
12590 6295.0 3.5465 20.7055 3.5465 1.0097 2.2844
12600 6300.0 3.5544 19.1383 3.5544 0.9436 2.2628
12610 6305.0 3.5558 18.8512 3.5558 1.0216 2.2669
12620 6310.0 3.5674 16.6690 3.5674 0.9580 2.2548
12630 6315.0 3.5627 17.5493 3.5627 1.0107 2.2552
12640 6320.0 3.5628 17.5269 3.5628 0.9644 2.2566
12650 6325.0 3.5563 18.7555 3.5563 0.9877 2.2823
12660 6330.0 3.5636 17.3637 3.5636 0.9876 2.2941
12670 6335.0 3.5686 16.4452 3.5686 0.9820 2.2982
12680 6340.0 3.5703 16.1495 3.5703 0.9966 2.3281
12690 6345.0 3.5707 16.0764 3.5707 0.9904 2.3383
12700 6350.0 3.5719 15.8525 3.5719 0.9681 2.3625
12710 6355.0 3.5683 16.5100 3.5683 0.9705 2.4196
12720 6360.0 3.5478 20.4404 3.5478 1.0198 2.4743
12730 6365.0 3.5314 23.8966 3.5314 0.9897 2.5272
12740 6370.0 3.5159 27.3936 3.5159 0.9609 2.5744
12750 6375.0 3.5179 26.9433 3.5179 1.0335 2.6119
12760 6380.0 3.5489 20.2305 3.5489 1.0209 2.5727
12770 6385.0 3.5660 16.9194 3.5660 0.9818 2.6198
12780 6390.0 3.5939 12.1817 3.5939 1.0011 2.5645
12790 6395.0 3.6223 8.1484 3.6223 1.0118 2.5710
12800 6400.0 3.6236 7.9866 3.6236 0.9823 2.5768
12810 6405.0 3.6073 10.1755 3.6073 1.0010 2.4979
12820 6410.0 3.6300 7.1966 3.6300 0.9704 2.5129
12830 6415.0 3.6140 9.2485 3.6140 0.9835 2.4275
12840 6420.0 3.6267 7.5959 3.6267 1.0151 2.4058
12850 6425.0 3.5881 13.0987 3.5881 1.0488 2.4288
12860 6430.0 3.6256 7.7345 3.6256 0.9913 2.3483
12870 6435.0 3.6202 8.4192 3.6202 0.9967 2.3469
12880 6440.0 3.6144 9.1873 3.6144 1.0554 2.3434
12890 6445.0 3.5880 13.1159 3.5880 0.9795 2.3898
12900 6450.0 3.6176 8.7712 3.6176 1.0350 2.3621
12910 6455.0 3.5962 11.8269 3.5962 0.9896 2.4166
12920 6460.0 3.6160 8.9840 3.6160 1.0112 2.4021
12930 6465.0 3.6035 10.7286 3.6035 1.0085 2.4387
12940 6470.0 3.5940 12.1712 3.5940 0.9895 2.4834
12950 6475.0 3.5966 11.7716 3.5966 0.9790 2.5107
12960 6480.0 3.5996 11.3066 3.5996 1.0052 2.5063
12970 6485.0 3.6022 10.9275 3.6022 0.9782 2.5432
12980 6490.0 3.5975 11.6258 3.5975 1.0183 2.5948
12990 6495.0 3.5913 12.5898 3.5913 0.9960 2.5620
13000 6500.0 3.5762 15.0971 3.5762 0.9938 2.6295
13010 6505.0 3.6005 11.1817 3.6005 1.0228 2.5735
13020 6510.0 3.6076 10.1340 3.6076 0.9740 2.6051
13030 6515.0 3.5942 12.1303 3.5942 1.0611 2.5890
13040 6520.0 3.6036 10.7134 3.6036 0.9408 2.5200
13050 6525.0 3.5890 12.9540 3.5890 1.0375 2.5450
13060 6530.0 3.5941 12.1547 3.5941 0.9691 2.4881
13070 6535.0 3.5423 21.5624 3.5423 0.9849 2.3686
13080 6540.0 3.5823 14.0573 3.5823 1.0190 2.4638
13090 6545.0 3.5800 14.4421 3.5800 0.9898 2.4658
13100 6550.0 3.5318 23.8048 3.5318 1.0069 2.3503
13110 6555.0 3.5520 19.6107 3.5520 0.9630 2.5019
13120 6560.0 3.5769 14.9794 3.5769 1.0434 2.4220
13130 6565.0 3.5845 13.7012 3.5845 0.9281 2.4108
13140 6570.0 3.5694 16.3000 3.5694 1.0741 2.4752
13150 6575.0 3.5764 15.0607 3.5764 0.9323 2.4572
13160 6580.0 3.5570 18.6321 3.5570 1.0225 2.4248
13170 6585.0 3.5536 19.2839 3.5536 0.9964 2.5445
13180 6590.0 3.5669 16.7611 3.5669 1.0026 2.4922
13190 6595.0 3.5635 17.3893 3.5635 1.0118 2.4450
13200 6600.0 3.5324 23.6777 3.5324 0.9885 2.5007
13210 6605.0 3.5700 16.1954 3.5700 1.0544 2.3567
13220 6610.0 3.5878 13.1542 3.5878 0.9599 2.3219
13230 6615.0 3.5851 13.5906 3.5851 1.0526 2.3445
13240 6620.0 3.5946 12.0773 3.5946 0.9835 2.2890
13250 6625.0 3.5760 15.1413 3.5760 1.0074 2.2174
13260 6630.0 3.5782 14.7626 3.5782 1.0131 2.3210
13270 6635.0 3.5911 12.6285 3.5911 1.0233 2.2846
13280 6640.0 3.5600 18.0594 3.5600 0.9593 2.2210
13290 6645.0 3.5655 17.0261 3.5655 1.0546 2.3465
13300 6650.0 3.5592 18.1956 3.5592 0.9718 2.3704
13310 6655.0 3.5490 20.2078 3.5490 1.0155 2.3043
13320 6660.0 3.5405 21.9457 3.5405 0.9862 2.4436
13330 6665.0 3.5672 16.7089 3.5672 1.0141 2.3687
13340 6670.0 3.5536 19.2925 3.5536 0.9601 2.4160
13350 6675.0 3.5455 20.9052 3.5455 1.0342 2.4862
13360 6680.0 3.5466 20.6862 3.5466 0.9676 2.4265
13370 6685.0 3.5643 17.2443 3.5643 0.9598 2.4862
13380 6690.0 3.5481 20.3732 3.5481 1.0424 2.5355
13390 6695.0 3.5576 18.5050 3.5576 0.9208 2.5647
13400 6700.0 3.5384 22.3829 3.5384 1.0379 2.5197
13410 6705.0 3.5487 20.2638 3.5487 0.9443 2.5532
13420 6710.0 3.5466 20.6859 3.5466 0.9942 2.5250
13430 6715.0 3.5437 21.2838 3.5437 1.0109 2.4432
13440 6720.0 3.5364 22.8142 3.5364 0.9531 2.4859
13450 6725.0 3.5452 20.9686 3.5452 1.0545 2.4193
13460 6730.0 3.5372 22.6391 3.5372 0.9322 2.4701
13470 6735.0 3.5474 20.5279 3.5474 1.0481 2.3918
13480 6740.0 3.5346 23.1932 3.5346 0.9863 2.4734
13490 6745.0 3.5684 16.4803 3.5684 1.0505 2.3591
13500 6750.0 3.5776 14.8567 3.5776 0.9889 2.3520
13510 6755.0 3.5439 21.2456 3.5439 1.0198 2.4168
13520 6760.0 3.5593 18.1876 3.5593 1.0093 2.3107
13530 6765.0 3.5510 19.7985 3.5510 0.9623 2.3791
13540 6770.0 3.5647 17.1692 3.5647 1.0800 2.3534
13550 6775.0 3.5667 16.7916 3.5667 0.9666 2.2586
13560 6780.0 3.5605 17.9640 3.5605 1.0590 2.2169
13570 6785.0 3.5430 21.4322 3.5430 0.9797 2.3600
13580 6790.0 3.5651 17.0949 3.5651 1.0567 2.2633
13590 6795.0 3.5553 18.9468 3.5553 0.9278 2.3417
13600 6800.0 3.5900 12.8063 3.5900 1.1224 2.2801
13610 6805.0 3.5578 18.4748 3.5578 0.9407 2.3642
13620 6810.0 3.5716 15.9139 3.5716 1.0640 2.2581
13630 6815.0 3.5309 24.0002 3.5309 0.9576 2.4284
13640 6820.0 3.5655 17.0185 3.5655 1.0858 2.3275
13650 6825.0 3.5955 11.9310 3.5955 0.9433 2.3632
13660 6830.0 3.6019 10.9637 3.6019 1.0513 2.3820
13670 6835.0 3.5742 15.4550 3.5742 0.9610 2.4365
13680 6840.0 3.5842 13.7509 3.5842 1.0027 2.3159
13690 6845.0 3.5913 12.5892 3.5913 1.0252 2.3973
13700 6850.0 3.5944 12.1021 3.5944 0.9806 2.3800
13710 6855.0 3.5613 17.8052 3.5613 1.0298 2.3016
13720 6860.0 3.5318 23.8124 3.5318 0.9556 2.4344
13730 6865.0 3.5397 22.1204 3.5397 1.0396 2.3087
13740 6870.0 3.5775 14.8731 3.5775 0.9460 2.3649
13750 6875.0 3.5374 22.6061 3.5374 1.0441 2.4409
13760 6880.0 3.5098 28.8378 3.5098 0.9749 2.3331
13770 6885.0 3.5232 25.7181 3.5232 0.9354 2.4703
13780 6890.0 3.5310 23.9735 3.5310 1.0632 2.3956
13790 6895.0 3.5664 16.8597 3.5664 0.9085 2.3839
13800 6900.0 3.5513 19.7477 3.5513 1.0513 2.3737
13810 6905.0 3.5772 14.9364 3.5772 0.9832 2.3724
13820 6910.0 3.5626 17.5544 3.5626 0.9509 2.4196
13830 6915.0 3.5494 20.1204 3.5494 1.0602 2.3375
13840 6920.0 3.5977 11.6006 3.5977 0.8930 2.3417
13850 6925.0 3.5681 16.5380 3.5681 1.0396 2.3660
13860 6930.0 3.5299 24.2311 3.5299 0.9744 2.3968
13870 6935.0 3.5489 20.2110 3.5489 0.9624 2.1886
13880 6940.0 3.5375 22.5831 3.5375 1.0221 2.1489
13890 6945.0 3.5400 22.0583 3.5400 0.9362 2.3262
13900 6950.0 3.5472 20.5596 3.5472 1.0491 2.2174
13910 6955.0 3.5347 23.1729 3.5347 0.9382 2.2612
13920 6960.0 3.5453 20.9570 3.5453 1.0615 2.2873
13930 6965.0 3.5238 25.5912 3.5238 0.9485 2.2475
13940 6970.0 3.5379 22.4961 3.5379 1.0302 2.2272
13950 6975.0 3.5101 28.7755 3.5101 0.9794 2.3341
13960 6980.0 3.5524 19.5212 3.5524 1.0276 2.2105
13970 6985.0 3.5562 18.7773 3.5562 0.9838 2.2578
13980 6990.0 3.5353 23.0579 3.5353 0.9985 2.3451
13990 6995.0 3.5521 19.5750 3.5521 1.0057 2.2405
14000 7000.0 3.5755 15.2190 3.5755 0.9388 2.2945
14010 7005.0 3.5677 16.6187 3.5677 1.0361 2.3105
14020 7010.0 3.5780 14.7939 3.5780 0.9357 2.3469
14030 7015.0 3.5755 15.2226 3.5755 1.0016 2.4289
14040 7020.0 3.5585 18.3344 3.5585 0.9759 2.4253
14050 7025.0 3.5273 24.8056 3.5273 0.9744 2.5305
14060 7030.0 3.5387 22.3279 3.5387 0.9597 2.5237
14070 7035.0 3.5661 16.9093 3.5661 0.9903 2.4948
14080 7040.0 3.5578 18.4728 3.5578 0.9817 2.4847
14090 7045.0 3.5656 17.0035 3.5656 0.9581 2.4517
14100 7050.0 3.5813 14.2308 3.5813 1.0019 2.4619
14110 7055.0 3.5775 14.8845 3.5775 0.9657 2.4682
14120 7060.0 3.5619 17.6986 3.5619 0.9549 2.3678
14130 7065.0 3.5729 15.6845 3.5729 1.0257 2.3764
14140 7070.0 3.5881 13.1085 3.5881 0.9408 2.3314
14150 7075.0 3.5751 15.2885 3.5751 0.9829 2.2577
14160 7080.0 3.6002 11.2226 3.6002 1.0071 2.3113
14170 7085.0 3.6109 9.6804 3.6109 0.9784 2.2577
14180 7090.0 3.6070 10.2214 3.6070 1.0272 2.1895
14190 7095.0 3.5862 13.4114 3.5862 0.9507 2.2579
14200 7100.0 3.5863 13.3959 3.5863 1.0184 2.1409
14210 7105.0 3.6004 11.1910 3.6004 0.9611 2.1801
14220 7110.0 3.5952 11.9806 3.5952 0.9989 2.1941
14230 7115.0 3.5872 13.2470 3.5872 1.0072 2.1839
14240 7120.0 3.5706 16.0937 3.5706 0.9506 2.2601
14250 7125.0 3.5729 15.6834 3.5729 1.0075 2.2045
14260 7130.0 3.5742 15.4458 3.5742 0.9903 2.2220
14270 7135.0 3.5641 17.2866 3.5641 0.9825 2.2422
14280 7140.0 3.5611 17.8350 3.5611 1.0208 2.1941
14290 7145.0 3.5612 17.8238 3.5612 0.9578 2.3014
14300 7150.0 3.5713 15.9618 3.5713 1.0515 2.2461
14310 7155.0 3.5749 15.3243 3.5749 0.9520 2.3082
14320 7160.0 3.5759 15.1607 3.5759 1.0408 2.3010
14330 7165.0 3.5787 14.6651 3.5787 0.9847 2.3026
14340 7170.0 3.5690 16.3888 3.5690 0.9867 2.3089
14350 7175.0 3.5541 19.1944 3.5541 1.0447 2.3387
14360 7180.0 3.5355 22.9951 3.5355 0.9478 2.4052
14370 7185.0 3.5397 22.1171 3.5397 1.0503 2.3240
14380 7190.0 3.5485 20.3042 3.5485 0.9594 2.3688
14390 7195.0 3.5371 22.6590 3.5371 1.0162 2.2921
14400 7200.0 3.5352 23.0658 3.5352 0.9720 2.3825
14410 7205.0 3.5502 19.9510 3.5502 1.0110 2.3125
14420 7210.0 3.5626 17.5527 3.5626 0.9849 2.3548
14430 7215.0 3.5629 17.4959 3.5629 0.9759 2.3165
14440 7220.0 3.5476 20.4764 3.5476 1.0175 2.3487
14450 7225.0 3.5522 19.5651 3.5522 0.9758 2.2917
14460 7230.0 3.5622 17.6259 3.5622 0.9900 2.3050
14470 7235.0 3.5646 17.1957 3.5646 0.9893 2.3054
14480 7240.0 3.5606 17.9345 3.5606 0.9668 2.2892
14490 7245.0 3.5570 18.6150 3.5570 1.0303 2.2919
14500 7250.0 3.5799 14.4603 3.5799 0.9390 2.2561
14510 7255.0 3.5679 16.5791 3.5679 0.9844 2.2934
14520 7260.0 3.5622 17.6385 3.5622 0.9846 2.2308
14530 7265.0 3.5741 15.4718 3.5741 0.9804 2.3050
14540 7270.0 3.5782 14.7545 3.5782 0.9955 2.3089
14550 7275.0 3.5545 19.1193 3.5545 0.9922 2.2489
14560 7280.0 3.5703 16.1494 3.5703 0.9630 2.3444
14570 7285.0 3.5759 15.1483 3.5759 0.9824 2.3345
14580 7290.0 3.5752 15.2819 3.5752 0.9872 2.2875
14590 7295.0 3.5989 11.4229 3.5989 0.9916 2.3308
14600 7300.0 3.5987 11.4451 3.5987 0.9953 2.3206
14610 7305.0 3.6076 10.1431 3.6076 1.0080 2.2802
14620 7310.0 3.5941 12.1598 3.5941 0.9691 2.3541
14630 7315.0 3.6022 10.9255 3.6022 1.0198 2.3357
14640 7320.0 3.6226 8.1119 3.6226 0.9702 2.2694
14650 7325.0 3.6257 7.7270 3.6257 0.9697 2.2433
14660 7330.0 3.6201 8.4340 3.6201 1.0260 2.2721
14670 7335.0 3.6118 9.5461 3.6118 0.9565 2.2924
14680 7340.0 3.5989 11.4198 3.5989 1.0145 2.2007
14690 7345.0 3.6169 8.8539 3.6169 0.9644 2.2610
14700 7350.0 3.6086 9.9998 3.6086 0.9963 2.2955
14710 7355.0 3.6137 9.2956 3.6137 0.9869 2.2879
14720 7360.0 3.5512 19.7638 3.5512 0.9793 2.3607
14730 7365.0 3.5224 25.9099 3.5224 0.9667 2.3592
14740 7370.0 3.5600 18.0435 3.5600 1.0403 2.3661
14750 7375.0 3.5967 11.7570 3.5967 0.9427 2.4002
14760 7380.0 3.5915 12.5684 3.5915 1.0364 2.3912
14770 7385.0 3.5717 15.9027 3.5717 0.9698 2.4530
14780 7390.0 3.5649 17.1240 3.5649 1.0078 2.4486
14790 7395.0 3.5426 21.4989 3.5426 0.9878 2.3566
14800 7400.0 3.5514 19.7129 3.5514 0.9371 2.3752
14810 7405.0 3.5255 25.1894 3.5255 1.0711 2.4520
14820 7410.0 3.5233 25.6944 3.5233 0.9354 2.3805
14830 7415.0 3.5416 21.7219 3.5416 1.0106 2.3693
14840 7420.0 3.4818 35.9606 3.4818 1.0101 2.5130
14850 7425.0 3.5294 24.3336 3.5294 1.0224 2.3253
14860 7430.0 3.5319 23.7823 3.5319 0.9760 2.2852
14870 7435.0 3.4814 36.0639 3.4814 0.9980 2.4307
14880 7440.0 3.5231 25.7386 3.5231 1.0270 2.3099
14890 7445.0 3.5274 24.7704 3.5274 0.9654 2.2588
14900 7450.0 3.4970 31.9979 3.4970 1.0067 2.3150
14910 7455.0 3.5013 30.9183 3.5013 1.0050 2.3360
14920 7460.0 3.5047 30.0960 3.5047 0.9872 2.3085
14930 7465.0 3.4940 32.7803 3.4940 0.9936 2.3225
14940 7470.0 3.4816 36.0162 3.4816 1.0062 2.3573
14950 7475.0 3.4813 36.1017 3.4813 0.9833 2.3955
14960 7480.0 3.4766 37.3806 3.4766 1.0067 2.4418
14970 7485.0 3.4770 37.2534 3.4770 1.0060 2.4385
14980 7490.0 3.4773 37.1754 3.4773 1.0199 2.4707
14990 7495.0 3.4923 33.2024 3.4923 1.0001 2.5535
15000 7500.0 3.4936 32.8722 3.4936 0.9670 2.5410
15010 7505.0 3.4704 39.0875 3.4704 1.0342 2.5279
15020 7510.0 3.4566 43.0445 3.4566 0.9998 2.5546
15030 7515.0 3.4554 43.3853 3.4554 0.9780 2.4915
15040 7520.0 3.4573 42.8452 3.4573 1.0054 2.4538
15050 7525.0 3.4688 39.5458 3.4688 0.9692 2.4345
15060 7530.0 3.4656 40.4306 3.4656 1.0725 2.4246
15070 7535.0 3.4902 33.7361 3.4902 0.9798 2.2997
15080 7540.0 3.5088 29.0910 3.5088 0.9776 2.3554
15090 7545.0 3.5148 27.6555 3.5148 1.0420 2.3576
15100 7550.0 3.5102 28.7498 3.5102 0.9746 2.2837
15110 7555.0 3.5331 23.5264 3.5331 0.9770 2.3142
15120 7560.0 3.5064 29.6793 3.5064 1.0219 2.3855
15130 7565.0 3.5288 24.4693 3.5288 0.9799 2.3346
15140 7570.0 3.5174 27.0460 3.5174 0.9658 2.3339
15150 7575.0 3.5291 24.4049 3.5291 1.0260 2.3329
15160 7580.0 3.5426 21.4990 3.5426 0.9842 2.3308
15170 7585.0 3.5495 20.0940 3.5495 0.9164 2.3096
15180 7590.0 3.5233 25.6988 3.5233 1.0261 2.3455
15190 7595.0 3.5578 18.4733 3.5578 0.9830 2.2569
15200 7600.0 3.5599 18.0663 3.5599 0.9754 2.2203
15210 7605.0 3.5550 19.0154 3.5550 0.9883 2.2049
15220 7610.0 3.5424 21.5496 3.5424 0.9814 2.1420
15230 7615.0 3.5060 29.7707 3.5060 0.9976 2.3032
15240 7620.0 3.5419 21.6597 3.5419 0.9911 2.1773
15250 7625.0 3.5692 16.3488 3.5692 0.9667 2.2602
15260 7630.0 3.5714 15.9513 3.5714 1.0194 2.2079
15270 7635.0 3.5916 12.5420 3.5916 0.9762 2.2922
15280 7640.0 3.5988 11.4258 3.5988 1.0132 2.3082
15290 7645.0 3.5729 15.6811 3.5729 0.9796 2.2680
15300 7650.0 3.5825 14.0222 3.5825 0.9688 2.3650
15310 7655.0 3.5855 13.5286 3.5855 1.0341 2.3464
15320 7660.0 3.5804 14.3859 3.5804 0.9667 2.4135
15330 7665.0 3.5877 13.1660 3.5877 0.9713 2.3984
15340 7670.0 3.5673 16.6981 3.5673 1.0172 2.2948
15350 7675.0 3.5777 14.8465 3.5777 0.9525 2.3731
15360 7680.0 3.5880 13.1230 3.5880 1.0336 2.2651
15370 7685.0 3.6000 11.2503 3.6000 0.9678 2.2801
15380 7690.0 3.6055 10.4332 3.6055 0.9794 2.2282
15390 7695.0 3.5936 12.2359 3.5936 1.0168 2.2106
15400 7700.0 3.5753 15.2563 3.5753 0.9495 2.2429
15410 7705.0 3.5477 20.4693 3.5477 1.0458 2.1755
15420 7710.0 3.5611 17.8502 3.5611 0.9247 2.2606
15430 7715.0 3.5362 22.8474 3.5362 1.0471 2.2402
15440 7720.0 3.5388 22.2942 3.5388 0.9446 2.2744
15450 7725.0 3.5346 23.1998 3.5346 0.9932 2.2578
15460 7730.0 3.5297 24.2674 3.5297 1.0270 2.3041
15470 7735.0 3.5194 26.5777 3.5194 0.9393 2.3456
15480 7740.0 3.5079 29.3157 3.5079 1.0545 2.2368
15490 7745.0 3.5338 23.3656 3.5338 0.9236 2.3466
15500 7750.0 3.5371 22.6583 3.5371 1.0289 2.3236
15510 7755.0 3.5430 21.4168 3.5430 0.9961 2.2963
15520 7760.0 3.5519 19.6174 3.5519 0.9588 2.3243
15530 7765.0 3.5671 16.7243 3.5671 1.0565 2.3118
15540 7770.0 3.5657 16.9769 3.5657 0.9497 2.3027
15550 7775.0 3.5341 23.3047 3.5341 1.0016 2.2076
15560 7780.0 3.5181 26.8811 3.5181 1.0019 2.3458
15570 7785.0 3.5458 20.8504 3.5458 1.0024 2.2908
15580 7790.0 3.5454 20.9377 3.5454 1.0051 2.3036
15590 7795.0 3.5365 22.7952 3.5365 0.9931 2.3389
15600 7800.0 3.5267 24.9262 3.5267 1.0062 2.2483
15610 7805.0 3.4933 32.9592 3.4933 1.0341 2.3939
15620 7810.0 3.5125 28.1915 3.5125 0.9918 2.2344
15630 7815.0 3.5384 22.3879 3.5384 1.0210 2.3417
15640 7820.0 3.5538 19.2558 3.5538 0.9618 2.2946
15650 7825.0 3.5291 24.4001 3.5291 1.0265 2.2906
15660 7830.0 3.5256 25.1786 3.5256 1.0096 2.3827
15670 7835.0 3.5443 21.1519 3.5443 0.9916 2.3148
15680 7840.0 3.5548 19.0609 3.5548 1.0427 2.3774
15690 7845.0 3.5634 17.4073 3.5634 0.9894 2.3634
15700 7850.0 3.5433 21.3668 3.5433 1.0096 2.3971
15710 7855.0 3.5488 20.2479 3.5488 1.0150 2.3968
15720 7860.0 3.5215 26.1048 3.5215 0.9809 2.3343
15730 7865.0 3.5093 28.9734 3.5093 1.0123 2.4439
15740 7870.0 3.5220 25.9815 3.5220 1.0056 2.3279
15750 7875.0 3.5085 29.1594 3.5085 0.9730 2.3461
15760 7880.0 3.5037 30.3355 3.5037 1.0355 2.3706
15770 7885.0 3.4961 32.2387 3.4961 0.9585 2.3614
15780 7890.0 3.5002 31.2030 3.5002 1.0196 2.4496
15790 7895.0 3.5198 26.5025 3.5198 0.9229 2.4000
15800 7900.0 3.5224 25.8944 3.5224 1.0403 2.3632
15810 7905.0 3.5334 23.4502 3.5334 0.9491 2.3356
15820 7910.0 3.5384 22.3824 3.5384 1.0287 2.3332
15830 7915.0 3.5305 24.0901 3.5305 0.9972 2.3733
15840 7920.0 3.5495 20.1002 3.5495 0.9610 2.3969
15850 7925.0 3.5438 21.2585 3.5438 1.0786 2.4886
15860 7930.0 3.5470 20.5998 3.5470 0.9348 2.5079
15870 7935.0 3.5534 19.3261 3.5534 1.0307 2.5200
15880 7940.0 3.5547 19.0758 3.5547 1.0024 2.5120
15890 7945.0 3.5509 19.8194 3.5509 0.9594 2.5199
15900 7950.0 3.5467 20.6743 3.5467 1.0789 2.5144
15910 7955.0 3.5628 17.5293 3.5628 0.9818 2.4634
15920 7960.0 3.5616 17.7430 3.5616 0.9690 2.4133
15930 7965.0 3.5576 18.5073 3.5576 1.0513 2.4197
15940 7970.0 3.5476 20.4868 3.5476 0.9825 2.3702
15950 7975.0 3.5459 20.8209 3.5459 0.9816 2.3722
15960 7980.0 3.5183 26.8409 3.5183 1.0569 2.4247
15970 7985.0 3.5409 21.8530 3.5409 0.9540 2.3749
15980 7990.0 3.5189 26.6935 3.5189 1.0101 2.3696
15990 7995.0 3.5102 28.7631 3.5102 1.0012 2.4015
16000 8000.0 3.5006 31.0884 3.5006 0.9642 2.3493
16010 8005.0 3.4809 36.1968 3.4809 1.0186 2.4706
16020 8010.0 3.5118 28.3780 3.5118 0.9737 2.4486
16030 8015.0 3.5012 30.9516 3.5012 1.0075 2.4331
16040 8020.0 3.5133 28.0068 3.5133 1.0181 2.5317
16050 8025.0 3.4921 33.2666 3.4921 0.9201 2.5707
16060 8030.0 3.4925 33.1568 3.4925 1.0816 2.5993
16070 8035.0 3.4961 32.2298 3.4961 0.9515 2.5417
16080 8040.0 3.5091 29.0198 3.5091 1.0066 2.6117
16090 8045.0 3.5081 29.2661 3.5081 0.9943 2.5810
16100 8050.0 3.5034 30.3945 3.5034 0.9955 2.6202
16110 8055.0 3.4934 32.9344 3.4934 0.9912 2.6059
16120 8060.0 3.4514 44.5780 3.4514 0.9909 2.5053
16130 8065.0 3.4495 45.1502 3.4495 0.9971 2.5718
16140 8070.0 3.4784 36.8781 3.4784 0.9505 2.4288
16150 8075.0 3.4810 36.1802 3.4810 1.0236 2.4499
16160 8080.0 3.4947 32.5906 3.4947 0.9369 2.3640
16170 8085.0 3.4861 34.8271 3.4861 1.0295 2.3704
16180 8090.0 3.5044 30.1483 3.5044 0.9524 2.3073
16190 8095.0 3.5102 28.7555 3.5102 0.9920 2.2886
16200 8100.0 3.5196 26.5321 3.5196 0.9881 2.2798
16210 8105.0 3.5203 26.3782 3.5203 0.9789 2.2492
16220 8110.0 3.5265 24.9732 3.5265 1.0077 2.2476
16230 8115.0 3.5298 24.2349 3.5298 0.9473 2.2531
16240 8120.0 3.4956 32.3499 3.4956 1.0006 2.1851
16250 8125.0 3.4919 33.2957 3.4919 1.0042 2.3236
16260 8130.0 3.5373 22.6222 3.5373 0.9732 2.2492
16270 8135.0 3.5529 19.4290 3.5529 1.0361 2.2499
16280 8140.0 3.5423 21.5653 3.5423 0.9566 2.2839
16290 8145.0 3.5469 20.6238 3.5469 1.0035 2.2251
16300 8150.0 3.5367 22.7543 3.5367 0.9928 2.3169
16310 8155.0 3.5582 18.4008 3.5582 0.9830 2.2299
16320 8160.0 3.5636 17.3671 3.5636 0.9986 2.2540
16330 8165.0 3.5529 19.4201 3.5529 0.9864 2.2676
16340 8170.0 3.5459 20.8208 3.5459 0.9888 2.2900
16350 8175.0 3.5355 23.0147 3.5355 0.9907 2.2925
16360 8180.0 3.5284 24.5479 3.5284 0.9945 2.2996
16370 8185.0 3.5329 23.5632 3.5329 0.9579 2.2982
16380 8190.0 3.5256 25.1666 3.5256 1.0186 2.3295
16390 8195.0 3.5236 25.6275 3.5236 0.9494 2.3215
16400 8200.0 3.5209 26.2541 3.5209 1.0201 2.3593
16410 8205.0 3.5253 25.2539 3.5253 0.9481 2.3486
16420 8210.0 3.5170 27.1406 3.5170 1.0081 2.3584
16430 8215.0 3.5223 25.9297 3.5223 0.9772 2.3119
16440 8220.0 3.5388 22.3013 3.5388 0.9897 2.2940
16450 8225.0 3.5477 20.4620 3.5477 0.9876 2.3473
16460 8230.0 3.5599 18.0756 3.5599 0.9869 2.2596
16470 8235.0 3.5261 25.0545 3.5261 1.0222 2.2551
16480 8240.0 3.5261 25.0581 3.5261 0.9907 2.2208
16490 8245.0 3.5441 21.2020 3.5441 0.9956 2.1429
16500 8250.0 3.5617 17.7224 3.5617 0.9655 2.1679
16510 8255.0 3.5484 20.3215 3.5484 0.9952 2.1749
16520 8260.0 3.5520 19.6031 3.5520 0.9788 2.1315
16530 8265.0 3.5557 18.8767 3.5557 1.0025 2.1757
16540 8270.0 3.5487 20.2639 3.5487 0.9898 2.1615
16550 8275.0 3.5583 18.3683 3.5583 0.9360 2.1341
16560 8280.0 3.5152 27.5693 3.5152 1.0462 2.2012
16570 8285.0 3.5358 22.9440 3.5358 0.9679 2.1556
16580 8290.0 3.5285 24.5203 3.5285 0.9574 2.1559
16590 8295.0 3.5068 29.5711 3.5068 1.0241 2.1657
16600 8300.0 3.4944 32.6681 3.4944 0.9693 2.1777
16610 8305.0 3.4382 48.6174 3.4382 1.0136 2.3467
16620 8310.0 3.5003 31.1808 3.5003 1.0122 2.2291
16630 8315.0 3.5117 28.3870 3.5117 0.9885 2.2564
16640 8320.0 3.5135 27.9665 3.5135 0.9620 2.2890
16650 8325.0 3.5058 29.8084 3.5058 0.9432 2.3506
16660 8330.0 3.5160 27.3834 3.5160 1.0239 2.3723
16670 8335.0 3.4990 31.4924 3.4990 0.9854 2.3292
16680 8340.0 3.5181 26.8927 3.5181 0.9658 2.3927
16690 8345.0 3.5055 29.8974 3.5055 1.0084 2.3811
16700 8350.0 3.4946 32.6206 3.4946 0.9586 2.3675
16710 8355.0 3.5239 25.5709 3.5239 1.0700 2.3687
16720 8360.0 3.5266 24.9534 3.5266 0.9423 2.3205
16730 8365.0 3.5289 24.4420 3.5289 0.9890 2.3231
16740 8370.0 3.4884 34.2051 3.4884 1.0242 2.4258
16750 8375.0 3.5240 25.5425 3.5240 0.9720 2.2963
16760 8380.0 3.5245 25.4237 3.5245 0.9955 2.3039
16770 8385.0 3.5325 23.6480 3.5325 0.9606 2.3425
16780 8390.0 3.4850 35.1248 3.4850 0.9745 2.3510
16790 8395.0 3.4651 40.5740 3.4651 1.0094 2.5324
16800 8400.0 3.5107 28.6431 3.5107 0.9529 2.3643
16810 8405.0 3.5196 26.5429 3.5196 0.9996 2.3682
16820 8410.0 3.5105 28.6903 3.5105 0.9666 2.3211
16830 8415.0 3.5104 28.7063 3.5104 1.0057 2.3577
16840 8420.0 3.5004 31.1481 3.5004 0.9906 2.3579
16850 8425.0 3.4956 32.3681 3.4956 0.9918 2.3266
16860 8430.0 3.4958 32.2983 3.4958 0.9945 2.4041
16870 8435.0 3.4701 39.1653 3.4701 0.9626 2.4362
16880 8440.0 3.4731 38.3352 3.4731 1.0079 2.5359
16890 8445.0 3.5037 30.3411 3.5037 0.9217 2.4805
16900 8450.0 3.5126 28.1740 3.5126 1.0596 2.4560
16910 8455.0 3.5041 30.2442 3.5041 0.9844 2.3628
16920 8460.0 3.4568 42.9745 3.4568 1.0129 2.4451
16930 8465.0 3.4970 32.0126 3.4970 1.0315 2.3786
16940 8470.0 3.5116 28.4229 3.5116 0.9746 2.3336
16950 8475.0 3.4794 36.6002 3.4794 1.0530 2.4187
16960 8480.0 3.4828 35.6939 3.4828 0.9561 2.2785
16970 8485.0 3.5113 28.4822 3.5113 0.9792 2.3431
16980 8490.0 3.5016 30.8509 3.5016 1.0571 2.4089
16990 8495.0 3.5313 23.9134 3.5313 1.0092 2.3713
17000 8500.0 3.5340 23.3316 3.5340 1.0373 2.4258
17010 8505.0 3.5514 19.7267 3.5514 0.9884 2.4168
17020 8510.0 3.5225 25.8689 3.5225 1.0105 2.4025
17030 8515.0 3.5119 28.3446 3.5119 1.0533 2.4969
17040 8520.0 3.5442 21.1770 3.5442 0.9552 2.4733
17050 8525.0 3.5558 18.8566 3.5558 1.0358 2.4478
17060 8530.0 3.5475 20.4942 3.5475 1.0051 2.4188
17070 8535.0 3.5312 23.9443 3.5312 0.9691 2.4758
17080 8540.0 3.5112 28.5230 3.5112 1.0217 2.4919
17090 8545.0 3.4642 40.8435 3.4642 0.9880 2.4226
17100 8550.0 3.4823 35.8342 3.4823 0.9964 2.5032
17110 8555.0 3.4894 33.9450 3.4894 0.9742 2.4921
17120 8560.0 3.5151 27.5982 3.5151 0.9700 2.4341
17130 8565.0 3.5045 30.1239 3.5045 0.9999 2.4519
17140 8570.0 3.5089 29.0732 3.5089 0.9580 2.3860
17150 8575.0 3.5115 28.4349 3.5115 0.9831 2.4182
17160 8580.0 3.5264 25.0043 3.5264 0.9609 2.3467
17170 8585.0 3.5113 28.4802 3.5113 1.0360 2.3435
17180 8590.0 3.5255 25.2040 3.5255 0.9730 2.3540
17190 8595.0 3.5379 22.4946 3.5379 0.9597 2.3377
17200 8600.0 3.5293 24.3633 3.5293 1.0280 2.3117
17210 8605.0 3.5417 21.7025 3.5417 0.9918 2.3066
17220 8610.0 3.5357 22.9565 3.5357 0.9482 2.3254
17230 8615.0 3.5438 21.2551 3.5438 1.0435 2.2922
17240 8620.0 3.5403 21.9816 3.5403 0.9614 2.2806
17250 8625.0 3.5140 27.8435 3.5140 1.0013 2.3671
17260 8630.0 3.5552 18.9737 3.5552 0.9765 2.2802
17270 8635.0 3.5515 19.6999 3.5515 0.9718 2.2844
17280 8640.0 3.5291 24.4062 3.5291 1.0004 2.3600
17290 8645.0 3.5366 22.7695 3.5366 0.9292 2.3057
17300 8650.0 3.5305 24.0948 3.5305 1.0463 2.3593
17310 8655.0 3.5503 19.9480 3.5503 0.9167 2.3010
17320 8660.0 3.5323 23.6927 3.5323 0.9978 2.3685
17330 8665.0 3.5425 21.5252 3.5425 0.9893 2.3509
17340 8670.0 3.5494 20.1227 3.5494 0.9417 2.3978
17350 8675.0 3.5313 23.9088 3.5313 1.0383 2.4073
17360 8680.0 3.5546 19.0947 3.5546 0.9582 2.4144
17370 8685.0 3.5239 25.5687 3.5239 0.9915 2.4932
17380 8690.0 3.5119 28.3348 3.5119 1.0145 2.3735
17390 8695.0 3.5397 22.1119 3.5397 0.9395 2.4905
17400 8700.0 3.5527 19.4651 3.5527 1.0368 2.4801
17410 8705.0 3.5254 25.2142 3.5254 0.9819 2.4514
17420 8710.0 3.5202 26.3942 3.5202 0.9631 2.5567
17430 8715.0 3.4999 31.2683 3.4999 1.0773 2.4749
17440 8720.0 3.5106 28.6545 3.5106 0.9780 2.5435
17450 8725.0 3.5300 24.2041 3.5300 1.0304 2.5015
17460 8730.0 3.5270 24.8538 3.5270 1.0358 2.4907
17470 8735.0 3.5091 29.0218 3.5091 0.9440 2.5029
17480 8740.0 3.4931 32.9883 3.4931 1.1023 2.4665
17490 8745.0 3.4974 31.9082 3.4974 0.9783 2.5189
17500 8750.0 3.4769 37.2987 3.4769 1.0008 2.4018
17510 8755.0 3.4863 34.7728 3.4863 1.0232 2.5327
17520 8760.0 3.5027 30.5889 3.5027 0.9478 2.4057
17530 8765.0 3.5080 29.2843 3.5080 1.0708 2.5293
17540 8770.0 3.5228 25.8022 3.5228 0.9427 2.4941
17550 8775.0 3.4922 33.2197 3.4922 1.0296 2.4327
17560 8780.0 3.4792 36.6578 3.4792 0.9744 2.5409
17570 8785.0 3.5049 30.0413 3.5049 0.9554 2.3865
17580 8790.0 3.5259 25.0998 3.5259 1.0606 2.4656
17590 8795.0 3.5132 28.0307 3.5132 0.9837 2.4745
17600 8800.0 3.4626 41.2933 3.4626 0.9841 2.3051
17610 8805.0 3.4853 35.0330 3.4853 0.9863 2.5019
17620 8810.0 3.5110 28.5537 3.5110 0.9912 2.3918
17630 8815.0 3.5345 23.2251 3.5345 1.0053 2.4641
17640 8820.0 3.5426 21.4997 3.5426 0.9811 2.4508
17650 8825.0 3.4567 42.9985 3.4567 1.0148 2.3047
17660 8830.0 3.4670 40.0436 3.4670 0.9561 2.5411
17670 8835.0 3.5023 30.6819 3.5023 1.0623 2.4254
17680 8840.0 3.5534 19.3339 3.5534 0.9023 2.4240
17690 8845.0 3.5443 21.1613 3.5443 1.1609 2.5134
17700 8850.0 3.5592 18.2098 3.5592 0.8950 2.4548
17710 8855.0 3.5348 23.1659 3.5348 1.0790 2.5344
17720 8860.0 3.5433 21.3525 3.5433 0.9459 2.5015
17730 8865.0 3.4542 43.7374 3.4542 0.9993 2.3619
17740 8870.0 3.4553 43.4254 3.4553 0.9990 2.6173
17750 8875.0 3.4749 37.8480 3.4749 0.9981 2.4243
17760 8880.0 3.5174 27.0589 3.5174 0.9736 2.4863
17770 8885.0 3.4881 34.2980 3.4881 1.0554 2.5828
17780 8890.0 3.4960 32.2522 3.4960 0.9169 2.4111
17790 8895.0 3.4522 44.3494 3.4522 1.0585 2.6075
17800 8900.0 3.5085 29.1522 3.5085 0.9840 2.4660
17810 8905.0 3.4554 43.3989 3.4554 0.9350 2.3391
17820 8910.0 3.4342 49.8642 3.4342 1.0354 2.5826
17830 8915.0 3.5424 21.5407 3.5424 1.0263 2.4552
17840 8920.0 3.5077 29.3590 3.5077 0.9313 2.3403
17850 8925.0 3.4774 37.1661 3.4774 1.0618 2.5258
17860 8930.0 3.5480 20.4073 3.5480 0.9953 2.3804
17870 8935.0 3.5483 20.3378 3.5483 1.0169 2.3803
17880 8940.0 3.5551 18.9863 3.5551 1.0363 2.4126
17890 8945.0 3.5577 18.4842 3.5577 0.9476 2.3661
17900 8950.0 3.5637 17.3610 3.5637 1.0398 2.3697
17910 8955.0 3.5790 14.6274 3.5790 1.0357 2.3385
17920 8960.0 3.5659 16.9482 3.5659 0.9958 2.3185
17930 8965.0 3.5399 22.0750 3.5399 0.9910 2.3250
17940 8970.0 3.5540 19.2120 3.5540 0.9953 2.2970
17950 8975.0 3.5404 21.9705 3.5404 1.0192 2.3898
17960 8980.0 3.5432 21.3853 3.5432 0.9670 2.3070
17970 8985.0 3.5265 24.9816 3.5265 1.0106 2.3589
17980 8990.0 3.5449 21.0287 3.5449 0.9650 2.3490
17990 8995.0 3.5427 21.4939 3.5427 1.0274 2.4300
18000 9000.0 3.5660 16.9358 3.5660 0.9414 2.4195
