# step  time_fs  cv_FeH(A)  bias(kJ/mol)  d_min_FeH(A)  d_min_OH(A)  d_min_SH(A)
0 0.0 1.7182 481.9350 1.7182 2.5114 2.4126
10 5.0 2.3123 75.1486 2.3123 2.0400 2.2964
20 10.0 3.0008 45.2355 3.0008 1.5028 2.2150
30 15.0 2.7258 0.3327 2.7258 1.4915 1.5973
40 20.0 2.4624 28.2288 2.4624 1.8823 1.2827
50 25.0 2.4324 35.8086 2.4324 1.3326 1.7768
60 30.0 2.9277 25.9335 2.9277 1.2138 2.0102
70 35.0 2.9772 38.4229 2.9772 0.9374 2.2181
80 40.0 2.4554 29.9257 2.4554 1.2661 1.9726
90 45.0 2.4626 28.1822 2.4626 1.3523 1.9930
100 50.0 2.8039 5.3932 2.8039 0.9212 2.2250
110 55.0 2.7071 0.0252 2.7071 1.1583 1.8750
120 60.0 2.6248 2.8285 2.6248 1.1160 1.8303
130 65.0 2.8528 11.6756 2.8528 0.9549 2.0621
140 70.0 2.7158 0.1244 2.7158 1.0574 1.9218
150 75.0 2.4644 27.7587 2.4644 0.9760 1.8329
160 80.0 2.6402 1.7894 2.6402 1.0339 1.8312
170 85.0 2.9879 41.4539 2.9879 1.0203 2.0790
180 90.0 2.7563 1.5861 2.7563 1.0064 1.9524
190 95.0 2.4927 21.4842 2.4927 1.0960 1.8095
200 100.0 2.7802 3.2132 2.7802 0.9527 2.0761
210 105.0 2.6967 0.0053 2.6967 1.1048 1.9568
220 110.0 2.5352 13.5808 2.5352 0.9338 2.0802
230 115.0 2.6485 1.3248 2.6485 1.0733 2.1092
240 120.0 2.9322 26.9624 2.9322 0.9983 2.3755
250 125.0 2.8142 6.5199 2.8142 1.0308 2.3177
260 130.0 2.5707 8.3559 2.5707 1.0126 2.1522
270 135.0 2.6284 2.5620 2.6284 1.0392 2.0937
280 140.0 2.6796 0.2076 2.6796 1.0658 2.1326
290 145.0 2.7859 3.6874 2.7859 0.9869 2.3998
300 150.0 2.8016 5.1572 2.8016 0.9823 2.4355
310 155.0 2.7189 0.1777 2.7189 1.0573 2.2131
320 160.0 2.6470 1.4057 2.6470 1.0084 2.1810
330 165.0 2.7151 0.1144 2.7151 1.0571 2.3952
340 170.0 2.8173 6.8779 2.8173 0.9740 2.5994
350 175.0 2.8758 15.4600 2.8758 1.0783 2.5461
360 180.0 2.7174 0.1519 2.7174 1.0523 2.3171
370 185.0 2.6202 3.1874 2.6202 1.0175 2.2105
380 190.0 2.7791 3.1274 2.7791 1.0797 2.3998
390 195.0 2.8887 17.8060 2.8887 0.9659 2.6962
400 200.0 2.8149 6.5954 2.8149 0.9828 2.7610
410 205.0 2.6935 0.0212 2.6935 1.0492 2.6350
420 210.0 2.6694 0.4670 2.6694 1.0221 2.6067
430 215.0 2.6756 0.2981 2.6756 1.0528 2.5922
440 220.0 2.6356 2.0727 2.6356 1.0315 2.5646
450 225.0 2.7249 0.3107 2.7249 0.9990 2.4837
460 230.0 2.8425 10.1477 2.8425 0.9774 2.5708
470 235.0 2.7827 3.4171 2.7827 1.0461 2.5643
480 240.0 2.5627 9.4210 2.5627 1.0317 2.4712
490 245.0 2.6194 3.2512 2.6194 0.9995 2.4894
500 250.0 2.8642 13.4775 2.8642 1.0687 2.5140
510 255.0 2.7858 3.6840 2.7858 0.9696 2.4199
520 260.0 2.6411 1.7346 2.6411 1.0429 2.2975
530 265.0 2.7449 1.0089 2.7449 0.9747 2.4543
540 270.0 2.7453 1.0258 2.7453 1.1103 2.4435
550 275.0 2.7598 1.7883 2.7598 0.9449 2.4973
560 280.0 2.6970 0.0044 2.6970 1.0676 2.4527
570 285.0 2.8317 8.6700 2.8317 0.9809 2.5816
580 290.0 2.8118 6.2482 2.8118 1.0755 2.4755
590 295.0 2.6052 4.4946 2.6052 0.9735 2.3443
600 300.0 2.6894 0.0559 2.6894 1.0397 2.4349
610 305.0 2.8118 6.2451 2.8118 1.0178 2.6036
620 310.0 2.7030 0.0046 2.7030 0.9996 2.5854
630 315.0 2.6600 0.8006 2.6600 1.0369 2.5921
640 320.0 2.8188 7.0577 2.8188 0.9782 2.7911
650 325.0 2.7589 1.7362 2.7589 0.9957 2.7275
660 330.0 2.5709 8.3351 2.5709 1.0448 2.5517
670 335.0 2.6647 0.6226 2.6647 1.0002 2.7411
680 340.0 2.8273 8.1083 2.8273 1.0085 2.7504
690 345.0 2.7052 0.0135 2.7052 0.9506 2.8576
700 350.0 2.6214 3.0926 2.6214 1.0489 2.7878
710 355.0 2.6467 1.4230 2.6467 0.9852 2.8032
720 360.0 2.7496 1.2320 2.7496 1.0382 2.8394
730 365.0 2.6900 0.0500 2.6900 0.9660 2.8871
740 370.0 2.7206 0.2116 2.7206 1.0225 2.8564
750 375.0 2.7501 1.2573 2.7501 0.9849 2.7913
760 380.0 2.6934 0.0215 2.6934 1.0376 2.7092
770 385.0 2.6275 2.6316 2.6275 0.9808 2.6752
780 390.0 2.8033 5.3305 2.8033 1.0288 2.7740
790 395.0 2.7835 3.4873 2.7835 0.9643 2.7390
800 400.0 2.6556 0.9835 2.6556 1.0700 2.5346
810 405.0 2.6292 2.5089 2.6292 0.9755 2.5541
820 410.0 2.8485 11.0312 2.8485 1.0474 2.7167
830 415.0 2.7378 0.7163 2.7378 0.9499 2.6951
840 420.0 2.6652 0.6048 2.6652 1.1033 2.6026
850 425.0 2.5946 5.5533 2.5946 0.9540 2.6150
860 430.0 2.8203 7.2394 2.8203 1.1211 2.7285
870 435.0 2.6356 2.0763 2.6356 0.9228 2.6971
880 440.0 2.7194 0.1880 2.7194 1.1418 2.6600
890 445.0 2.6583 0.8680 2.6583 1.0438 2.6625
900 450.0 2.7043 0.0094 2.7043 1.0381 2.5643
910 455.0 2.7089 0.0400 2.7089 1.0625 2.5361
920 460.0 2.6314 2.3510 2.6314 1.0205 2.6239
930 465.0 2.6925 0.0283 2.6925 1.0769 2.6116
940 470.0 2.6474 1.3829 2.6474 0.9739 2.5873
950 475.0 2.6897 0.0530 2.6897 1.0817 2.6276
960 480.0 2.5793 7.2824 2.5793 0.9975 2.7127
970 485.0 2.7301 0.4531 2.7301 1.1053 2.6456
980 490.0 2.6892 0.0578 2.6892 1.0001 2.6241
990 495.0 2.6735 0.3520 2.6735 1.0751 2.7252
1000 500.0 2.7240 0.2871 2.7240 1.1066 2.7324
1010 505.0 2.7171 0.1465 2.7171 0.9635 2.6655
1020 510.0 2.7991 4.9129 2.7991 1.0992 2.6650
1030 515.0 2.6291 2.5164 2.6291 0.9949 2.7345
1040 520.0 2.6985 0.0011 2.6985 1.0730 2.7003
1050 525.0 2.7515 1.3266 2.7515 1.0326 2.6299
1060 530.0 2.7347 0.6015 2.7347 1.0105 2.6057
1070 535.0 2.6998 0.0000 2.6998 1.0905 2.5630
1080 540.0 2.6277 2.6153 2.6277 0.9809 2.5017
1090 545.0 2.7203 0.2054 2.7203 1.0647 2.5309
1100 550.0 2.6733 0.3554 2.6733 0.9703 2.5636
1110 555.0 2.7516 1.3309 2.7516 1.0536 2.5749
1120 560.0 2.6935 0.0208 2.6935 0.9881 2.5581
1130 565.0 2.6981 0.0018 2.6981 1.0585 2.5204
1140 570.0 2.7074 0.0276 2.7074 0.9977 2.6117
1150 575.0 2.8181 6.9770 2.8181 1.0184 2.5140
1160 580.0 2.7630 1.9857 2.7630 0.9681 2.5670
1170 585.0 2.7081 0.0326 2.7081 1.0638 2.7186
1180 590.0 2.6575 0.9045 2.6575 1.0132 2.7559
1190 595.0 2.7358 0.6405 2.7358 1.0330 2.7190
1200 600.0 2.7407 0.8292 2.7407 0.9934 2.7360
1210 605.0 2.7244 0.2982 2.7244 1.0140 2.7805
1220 610.0 2.7104 0.0536 2.7104 1.0580 2.7260
1230 615.0 2.6799 0.2010 2.6799 0.9970 2.6992
1240 620.0 2.7568 1.6122 2.7568 1.0427 2.7674
1250 625.0 2.7388 0.7540 2.7388 0.9612 2.7533
1260 630.0 2.7693 2.4028 2.7693 1.0490 2.7044
1270 635.0 2.6576 0.8971 2.6576 0.9992 2.5925
1280 640.0 2.6722 0.3852 2.6722 1.0900 2.6015
1290 645.0 2.6885 0.0659 2.6885 1.0148 2.7123
1300 650.0 2.7811 3.2889 2.7811 1.0245 2.5639
1310 655.0 2.7059 0.0172 2.7059 0.9827 2.5948
1320 660.0 2.6522 1.1416 2.6522 1.0750 2.6842
1330 665.0 2.6165 3.4892 2.6165 1.0307 2.7016
1340 670.0 2.7256 0.3273 2.7256 1.0252 2.6519
1350 675.0 2.7629 1.9785 2.7629 0.9894 2.5916
1360 680.0 2.7108 0.0579 2.7108 1.0261 2.7027
1370 685.0 2.6438 1.5789 2.6438 1.0821 2.6339
1380 690.0 2.6710 0.4206 2.6710 0.9982 2.6966
1390 695.0 2.8251 7.8226 2.8251 1.0360 2.5792
1400 700.0 2.7330 0.5441 2.7330 0.9749 2.6477
1410 705.0 2.6567 0.9381 2.6567 1.0520 2.5871
1420 710.0 2.7023 0.0027 2.7023 1.0137 2.7072
1430 715.0 2.8009 5.0877 2.8009 1.0023 2.5787
1440 720.0 2.6656 0.5932 2.6656 0.9841 2.7233
1450 725.0 2.5740 7.9325 2.5740 1.0119 2.7542
1460 730.0 2.6759 0.2904 2.6759 1.0313 2.7101
1470 735.0 2.7005 0.0001 2.7005 0.9905 2.6845
1480 740.0 2.7057 0.0162 2.7057 1.0297 2.6005
1490 745.0 2.7365 0.6644 2.7365 1.0001 2.5207
1500 750.0 2.7504 1.2693 2.7504 1.0328 2.4302
1510 755.0 2.6343 2.1574 2.6343 0.9827 2.3159
1520 760.0 2.6645 0.6284 2.6645 1.0402 2.2722
1530 765.0 2.7526 1.3819 2.7526 0.9855 2.4583
1540 770.0 2.8107 6.1244 2.8107 1.0124 2.5908
1550 775.0 2.6374 1.9598 2.6374 1.0003 2.4496
1560 780.0 2.5608 9.6925 2.5608 1.0687 2.3196
1570 785.0 2.6212 3.1037 2.6212 0.9962 2.4267
1580 790.0 2.7733 2.6861 2.7733 1.0160 2.6336
1590 795.0 2.7992 4.9185 2.7992 0.9593 2.7129
1600 800.0 2.7776 3.0144 2.7776 1.0209 2.5927
1610 805.0 2.5937 5.6538 2.5937 1.0049 2.4110
1620 810.0 2.6690 0.4818 2.6690 1.0768 2.5361
1630 815.0 2.7869 3.7749 2.7869 0.9693 2.7475
1640 820.0 2.8421 10.0898 2.8421 0.9964 2.6529
1650 825.0 2.6326 2.2698 2.6326 0.9927 2.8041
1660 830.0 2.5813 7.0429 2.5813 1.0553 2.6567
1670 835.0 2.6969 0.0048 2.6969 1.0299 2.7034
1680 840.0 2.6760 0.2889 2.6760 1.0111 2.6397
1690 845.0 2.6708 0.4274 2.6708 1.0229 2.5971
1700 850.0 2.8390 9.6630 2.8390 1.0013 2.6301
1710 855.0 2.8533 11.7573 2.8533 0.9586 2.5522
1720 860.0 2.7378 0.7151 2.7378 1.0622 2.6810
1730 865.0 2.6112 3.9453 2.6112 1.0169 2.6486
1740 870.0 2.7061 0.0186 2.7061 1.0458 2.6693
1750 875.0 2.6869 0.0860 2.6869 1.0107 2.6610
1760 880.0 2.6536 1.0763 2.6536 1.0256 2.7221
1770 885.0 2.6550 1.0110 2.6550 1.0057 2.7207
1780 890.0 2.7009 0.0004 2.7009 1.0359 2.7166
1790 895.0 2.6884 0.0678 2.6884 0.9975 2.7663
1800 900.0 2.6890 0.0600 2.6890 1.0102 2.8378
1810 905.0 2.6950 0.0125 2.6950 1.0093 2.8771
1820 910.0 2.7118 0.0694 2.7118 1.0143 2.9062
1830 915.0 2.7011 0.0006 2.7011 0.9949 2.8574
1840 920.0 2.6979 0.0021 2.6979 1.0033 2.7848
1850 925.0 2.7131 0.0863 2.7131 0.9809 2.8301
1860 930.0 2.7351 0.6162 2.7351 1.0222 2.7890
1870 935.0 2.6806 0.1887 2.6806 0.9632 2.7485
1880 940.0 2.7267 0.3563 2.7267 1.0350 2.7277
1890 945.0 2.6943 0.0163 2.6943 0.9923 2.6907
1900 950.0 2.6902 0.0483 2.6902 1.0236 2.6606
1910 955.0 2.6727 0.3728 2.6727 0.9802 2.6985
1920 960.0 2.7212 0.2242 2.7212 1.0064 2.6746
1930 965.0 2.7063 0.0201 2.7063 1.0002 2.6814
1940 970.0 2.6622 0.7129 2.6622 1.0261 2.6139
1950 975.0 2.6926 0.0273 2.6926 0.9913 2.6347
1960 980.0 2.7921 4.2381 2.7921 0.9963 2.6582
1970 985.0 2.7837 3.5023 2.7837 1.0098 2.6319
1980 990.0 2.7086 0.0366 2.7086 1.0161 2.4927
1990 995.0 2.6900 0.0497 2.6900 1.0201 2.4254
2000 1000.0 2.7442 0.9770 2.7442 1.0185 2.4568
2010 1005.0 2.7716 2.5654 2.7716 0.9966 2.5022
2020 1010.0 2.7446 0.9960 2.7446 1.0130 2.4648
2030 1015.0 2.6916 0.0349 2.6916 1.0210 2.4368
2040 1020.0 2.6788 0.2239 2.6788 1.0136 2.5010
2050 1025.0 2.7350 0.6134 2.7350 1.0137 2.6285
2060 1030.0 2.7115 0.0656 2.7115 0.9789 2.6910
2070 1035.0 2.7021 0.0022 2.7021 1.0312 2.6831
2080 1040.0 2.6622 0.7151 2.6622 0.9883 2.7071
2090 1045.0 2.7075 0.0282 2.7075 1.0338 2.7615
2100 1050.0 2.6946 0.0147 2.6946 0.9751 2.7926
2110 1055.0 2.7540 1.4602 2.7540 1.0255 2.7375
2120 1060.0 2.6590 0.8411 2.6590 0.9710 2.7939
2130 1065.0 2.6810 0.1797 2.6810 1.0404 2.8007
2140 1070.0 2.6596 0.8181 2.6596 0.9645 2.7903
2150 1075.0 2.7475 1.1289 2.7475 1.0177 2.7352
2160 1080.0 2.6933 0.0226 2.6933 0.9814 2.7823
2170 1085.0 2.6746 0.3217 2.6746 0.9892 2.8187
2180 1090.0 2.7226 0.2558 2.7226 1.0113 2.8055
2190 1095.0 2.7360 0.6497 2.7360 0.9647 2.7896
2200 1100.0 2.7567 1.6062 2.7567 1.0165 2.7829
2210 1105.0 2.6849 0.1144 2.6849 0.9796 2.7090
2220 1110.0 2.7204 0.2088 2.7204 1.0365 2.6633
2230 1115.0 2.7207 0.2153 2.7207 0.9716 2.6815
2240 1120.0 2.7765 2.9285 2.7765 1.0220 2.7235
2250 1125.0 2.7328 0.5393 2.7328 0.9700 2.7386
2260 1130.0 2.7636 2.0201 2.7636 1.0047 2.7652
2270 1135.0 2.7175 0.1535 2.7175 0.9954 2.7344
2280 1140.0 2.6817 0.1680 2.6817 0.9984 2.7400
2290 1145.0 2.7195 0.1906 2.7195 1.0035 2.8124
2300 1150.0 2.7085 0.0364 2.7085 0.9626 2.7993
2310 1155.0 2.7191 0.1817 2.7191 1.0255 2.7246
2320 1160.0 2.6467 1.4207 2.6467 0.9723 2.6175
2330 1165.0 2.6995 0.0001 2.6995 1.0417 2.6005
2340 1170.0 2.7043 0.0094 2.7043 0.9603 2.6229
2350 1175.0 2.7841 3.5368 2.7841 1.0291 2.6359
2360 1180.0 2.6680 0.5127 2.6680 0.9710 2.5659
2370 1185.0 2.6594 0.8230 2.6594 1.0209 2.5808
2380 1190.0 2.6951 0.0118 2.6951 0.9859 2.6651
2390 1195.0 2.7440 0.9665 2.7440 0.9977 2.6762
2400 1200.0 2.7226 0.2564 2.7226 0.9870 2.6833
2410 1205.0 2.7016 0.0012 2.7016 0.9872 2.7241
2420 1210.0 2.7301 0.4532 2.7301 1.0065 2.7025
2430 1215.0 2.7086 0.0371 2.7086 0.9801 2.7041
2440 1220.0 2.7122 0.0743 2.7122 1.0089 2.7138
2450 1225.0 2.7179 0.1601 2.7179 0.9797 2.7191
2460 1230.0 2.7059 0.0172 2.7059 1.0341 2.6584
2470 1235.0 2.6732 0.3599 2.6732 0.9855 2.7293
2480 1240.0 2.7725 2.6301 2.7725 1.0243 2.6420
2490 1245.0 2.7266 0.3532 2.7266 0.9495 2.6154
2500 1250.0 2.7238 0.2821 2.7238 1.0131 2.6346
2510 1255.0 2.6503 1.2342 2.6503 0.9946 2.6872
2520 1260.0 2.6677 0.5222 2.6677 0.9928 2.6456
2530 1265.0 2.7338 0.5728 2.7338 0.9972 2.5572
2540 1270.0 2.7245 0.3005 2.7245 0.9651 2.5467
2550 1275.0 2.7280 0.3911 2.7280 1.0010 2.5559
2560 1280.0 2.6538 1.0673 2.6538 0.9699 2.6216
2570 1285.0 2.6995 0.0001 2.6995 0.9897 2.5785
2580 1290.0 2.7225 0.2535 2.7225 0.9806 2.5478
2590 1295.0 2.7087 0.0378 2.7087 0.9592 2.5624
2600 1300.0 2.7619 1.9151 2.7619 1.0008 2.5196
2610 1305.0 2.7185 0.1711 2.7185 0.9508 2.5435
2620 1310.0 2.7266 0.3550 2.7266 1.0163 2.5606
2630 1315.0 2.6717 0.3998 2.6717 0.9769 2.6112
2640 1320.0 2.7118 0.0702 2.7118 1.0074 2.5832
2650 1325.0 2.7042 0.0087 2.7042 0.9845 2.5794
2660 1330.0 2.7097 0.0473 2.7097 0.9935 2.5785
2670 1335.0 2.6976 0.0030 2.6976 1.0124 2.6036
2680 1340.0 2.6731 0.3612 2.6731 0.9915 2.6215
2690 1345.0 2.7144 0.1031 2.7144 1.0259 2.5973
2700 1350.0 2.6974 0.0034 2.6974 0.9648 2.5775
2710 1355.0 2.7712 2.5342 2.7712 1.0349 2.5293
2720 1360.0 2.6980 0.0021 2.6980 0.9505 2.5726
2730 1365.0 2.7079 0.0309 2.7079 1.0386 2.6383
2740 1370.0 2.6611 0.7569 2.6611 0.9679 2.6822
2750 1375.0 2.7514 1.3230 2.7514 1.0340 2.6490
2760 1380.0 2.7242 0.2916 2.7242 0.9478 2.6516
2770 1385.0 2.7391 0.7649 2.7391 1.0389 2.6984
2780 1390.0 2.6684 0.5001 2.6684 0.9859 2.7542
2790 1395.0 2.7283 0.4002 2.7283 1.0216 2.7008
2800 1400.0 2.7342 0.5850 2.7342 0.9813 2.6557
2810 1405.0 2.7180 0.1613 2.7180 1.0257 2.6874
2820 1410.0 2.6651 0.6107 2.6651 0.9860 2.7256
2830 1415.0 2.7422 0.8901 2.7422 1.0372 2.6652
2840 1420.0 2.6927 0.0270 2.6927 0.9586 2.6778
2850 1425.0 2.7247 0.3057 2.7247 1.0353 2.6684
2860 1430.0 2.7028 0.0040 2.7028 0.9513 2.6280
2870 1435.0 2.7700 2.4529 2.7700 1.0242 2.5722
2880 1440.0 2.7139 0.0960 2.7139 0.9619 2.5891
2890 1445.0 2.7189 0.1782 2.7189 1.0122 2.5970
2900 1450.0 2.7187 0.1749 2.7187 0.9710 2.5518
2910 1455.0 2.7921 4.2376 2.7921 0.9982 2.4569
2920 1460.0 2.7630 1.9869 2.7630 0.9957 2.4753
2930 1465.0 2.6752 0.3071 2.6752 1.0072 2.5796
2940 1470.0 2.6494 1.2810 2.6494 1.0280 2.6271
2950 1475.0 2.6914 0.0367 2.6914 0.9935 2.5752
2960 1480.0 2.7643 2.0683 2.7643 0.9993 2.5268
2970 1485.0 2.7566 1.6016 2.7566 0.9854 2.5699
2980 1490.0 2.7169 0.1432 2.7169 1.0181 2.6912
2990 1495.0 2.6590 0.8395 2.6590 0.9991 2.8004
3000 1500.0 2.7175 0.1540 2.7175 0.9996 2.7643
3010 1505.0 2.7695 2.4127 2.7695 0.9907 2.7065
3020 1510.0 2.7527 1.3861 2.7527 0.9926 2.7400
3030 1515.0 2.7127 0.0807 2.7127 1.0211 2.8298
3040 1520.0 2.6991 0.0004 2.6991 1.0051 2.8558
3050 1525.0 2.7167 0.1393 2.7167 1.0028 2.8536
3060 1530.0 2.7130 0.0840 2.7130 0.9947 2.8781
3070 1535.0 2.7212 0.2254 2.7212 1.0066 2.9031
3080 1540.0 2.7149 0.1104 2.7149 0.9817 2.9105
3090 1545.0 2.7568 1.6141 2.7568 1.0090 2.8869
3100 1550.0 2.7421 0.8849 2.7421 0.9507 2.8542
3110 1555.0 2.7454 1.0314 2.7454 1.0352 2.8169
3120 1560.0 2.6743 0.3309 2.6743 0.9410 2.8635
3130 1565.0 2.7720 2.5947 2.7720 1.0248 2.8345
3140 1570.0 2.7499 1.2454 2.7499 0.9544 2.7972
3150 1575.0 2.7311 0.4830 2.7311 0.9941 2.8212
3160 1580.0 2.7317 0.5039 2.7317 0.9874 2.8007
3170 1585.0 2.7613 1.8763 2.7613 0.9601 2.7745
3180 1590.0 2.7335 0.5621 2.7335 1.0174 2.6976
3190 1595.0 2.6343 2.1577 2.6343 0.9611 2.6597
3200 1600.0 2.7223 0.2479 2.7223 1.0285 2.7692
3210 1605.0 2.7625 1.9506 2.7625 0.9517 2.7896
3220 1610.0 2.7490 1.1994 2.7490 0.9974 2.8328
3230 1615.0 2.6746 0.3232 2.6746 1.0045 2.9170
3240 1620.0 2.6985 0.0011 2.6985 0.9889 2.8325
3250 1625.0 2.7174 0.1511 2.7174 1.0178 2.8073
3260 1630.0 2.6602 0.7913 2.6602 0.9905 2.8563
3270 1635.0 2.7422 0.8890 2.7422 1.0081 2.7727
3280 1640.0 2.7826 3.4145 2.7826 0.9685 2.6873
3290 1645.0 2.7553 1.5274 2.7553 1.0149 2.7618
3300 1650.0 2.6358 2.0579 2.6358 0.9684 2.8496
3310 1655.0 2.6975 0.0032 2.6975 1.0255 2.8167
3320 1660.0 2.7514 1.3214 2.7514 0.9478 2.6860
3330 1665.0 2.8199 7.1932 2.8199 1.0081 2.6712
3340 1670.0 2.7238 0.2842 2.7238 0.9811 2.7791
3350 1675.0 2.6591 0.8355 2.6591 0.9750 2.8504
3360 1680.0 2.6750 0.3113 2.6750 1.0340 2.8375
3370 1685.0 2.5861 6.4849 2.5861 0.9680 2.7130
3380 1690.0 2.7052 0.0135 2.7052 1.0306 2.7141
3390 1695.0 2.7429 0.9211 2.7429 0.9489 2.7027
3400 1700.0 2.8041 5.4232 2.8041 1.0054 2.6335
3410 1705.0 2.7783 3.0670 2.7783 0.9707 2.5696
3420 1710.0 2.7434 0.9416 2.7434 0.9893 2.5040
3430 1715.0 2.6845 0.1196 2.6845 1.0213 2.4766
3440 1720.0 2.6219 3.0493 2.6219 0.9770 2.5102
3450 1725.0 2.6614 0.7449 2.6614 1.0275 2.6112
3460 1730.0 2.7128 0.0823 2.7128 0.9470 2.7383
3470 1735.0 2.7673 2.2619 2.7673 1.0198 2.6832
3480 1740.0 2.7442 0.9748 2.7442 0.9408 2.7455
3490 1745.0 2.7641 2.0541 2.7641 1.0105 2.7660
3500 1750.0 2.7217 0.2361 2.7217 0.9757 2.6498
3510 1755.0 2.6000 4.9989 2.6000 1.0343 2.4433
3520 1760.0 2.6033 4.6779 2.6033 0.9633 2.4188
3530 1765.0 2.7422 0.8910 2.7422 1.0412 2.5056
3540 1770.0 2.7916 4.1936 2.7916 0.9416 2.6422
3550 1775.0 2.8262 7.9674 2.8262 1.0090 2.6736
3560 1780.0 2.7395 0.7812 2.7395 0.9688 2.6407
3570 1785.0 2.6759 0.2893 2.6759 1.0014 2.5779
3580 1790.0 2.6109 3.9708 2.6109 1.0165 2.5230
3590 1795.0 2.5759 7.7030 2.5759 0.9846 2.5375
3600 1800.0 2.7526 1.3820 2.7526 1.0278 2.7275
3610 1805.0 2.7762 2.9050 2.7762 0.9139 2.8067
3620 1810.0 2.8144 6.5394 2.8144 1.0440 2.6481
3630 1815.0 2.7258 0.3316 2.7258 0.9372 2.6900
3640 1820.0 2.7537 1.4420 2.7537 1.0082 2.6450
3650 1825.0 2.6383 1.9063 2.6383 0.9979 2.6173
3660 1830.0 2.5817 7.0018 2.5817 0.9864 2.5811
3670 1835.0 2.7035 0.0060 2.7035 1.0216 2.5897
3680 1840.0 2.7591 1.7460 2.7591 0.9454 2.6266
3690 1845.0 2.7848 3.5927 2.7848 1.0480 2.5181
3700 1850.0 2.7480 1.1526 2.7480 0.9109 2.6260
3710 1855.0 2.7973 4.7321 2.7973 1.0662 2.5399
3720 1860.0 2.6018 4.8213 2.6018 0.9395 2.5576
3730 1865.0 2.5963 5.3727 2.5963 1.0737 2.4427
3740 1870.0 2.6930 0.0242 2.6930 0.9562 2.6614
3750 1875.0 2.7910 4.1403 2.7910 1.0213 2.7109
3760 1880.0 2.7784 3.0750 2.7784 0.9660 2.8310
3770 1885.0 2.8052 5.5365 2.8052 0.9746 2.7708
3780 1890.0 2.7873 3.8069 2.7873 1.0130 2.7920
3790 1895.0 2.6159 3.5377 2.6159 0.9668 2.8864
3800 1900.0 2.5916 5.8776 2.5916 1.0498 2.7955
3810 1905.0 2.6473 1.3881 2.6473 0.9689 2.7942
3820 1910.0 2.7590 1.7390 2.7590 1.0263 2.7495
3830 1915.0 2.7236 0.2796 2.7236 0.9573 2.6604
3840 1920.0 2.7916 4.1916 2.7916 1.0027 2.6550
3850 1925.0 2.7627 1.9687 2.7627 0.9817 2.6176
3860 1930.0 2.6999 0.0000 2.6999 0.9810 2.5618
3870 1935.0 2.6669 0.5469 2.6669 1.0232 2.5015
3880 1940.0 2.6898 0.0522 2.6898 0.9689 2.5242
3890 1945.0 2.8089 5.9245 2.8089 1.0101 2.5880
3900 1950.0 2.7419 0.8791 2.7419 0.9527 2.5225
3910 1955.0 2.7234 0.2731 2.7234 1.0121 2.4284
3920 1960.0 2.6966 0.0057 2.6966 0.9783 2.4097
3930 1965.0 2.7161 0.1298 2.7161 1.0203 2.3446
3940 1970.0 2.6814 0.1732 2.6814 0.9796 2.2812
3950 1975.0 2.7632 1.9945 2.7632 1.0164 2.3562
3960 1980.0 2.7323 0.5228 2.7323 0.9765 2.4162
3970 1985.0 2.7098 0.0477 2.7098 1.0222 2.3750
3980 1990.0 2.6478 1.3634 2.6478 1.0152 2.3149
3990 1995.0 2.6908 0.0425 2.6908 1.0182 2.4090
4000 2000.0 2.7549 1.5088 2.7549 0.9881 2.5918
4010 2005.0 2.7424 0.8996 2.7424 0.9995 2.6237
4020 2010.0 2.6506 1.2204 2.6506 1.0092 2.5618
4030 2015.0 2.6963 0.0070 2.6963 0.9986 2.6788
4040 2020.0 2.7701 2.4545 2.7701 1.0045 2.8170
4050 2025.0 2.6818 0.1656 2.6818 0.9611 2.7822
4060 2030.0 2.6947 0.0141 2.6947 1.0311 2.7805
4070 2035.0 2.7122 0.0744 2.7122 0.9480 2.8617
4080 2040.0 2.7771 2.9723 2.7771 1.0369 2.8998
4090 2045.0 2.6241 2.8783 2.6241 0.9679 2.8008
4100 2050.0 2.6934 0.0220 2.6934 1.0356 2.8455
4110 2055.0 2.7053 0.0140 2.7053 0.9682 2.8887
4120 2060.0 2.7247 0.3045 2.7247 0.9969 2.8934
4130 2065.0 2.7188 0.1775 2.7188 0.9956 2.8782
4140 2070.0 2.7243 0.2945 2.7243 0.9669 2.8843
4150 2075.0 2.7695 2.4138 2.7695 1.0246 2.8962
4160 2080.0 2.6310 2.3823 2.6310 0.9736 2.7708
4170 2085.0 2.6763 0.2806 2.6763 1.0569 2.7713
4180 2090.0 2.6497 1.2652 2.6497 0.9655 2.8048
4190 2095.0 2.7076 0.0287 2.7076 1.0478 2.8156
4200 2100.0 2.6435 1.5989 2.6435 0.9738 2.7451
4210 2105.0 2.7127 0.0812 2.7127 1.0439 2.7319
4220 2110.0 2.7105 0.0551 2.7105 0.9859 2.7017
4230 2115.0 2.7419 0.8783 2.7419 1.0260 2.6710
4240 2120.0 2.6782 0.2376 2.6782 1.0126 2.5855
4250 2125.0 2.7115 0.0658 2.7115 1.0231 2.5984
4260 2130.0 2.7741 2.7441 2.7741 1.0066 2.6485
4270 2135.0 2.7537 1.4403 2.7537 1.0100 2.6209
4280 2140.0 2.6999 0.0000 2.6999 0.9975 2.5708
4290 2145.0 2.7205 0.2107 2.7205 1.0093 2.5939
4300 2150.0 2.7159 0.1272 2.7159 0.9970 2.5622
4310 2155.0 2.7342 0.5857 2.7342 1.0368 2.5135
4320 2160.0 2.7001 0.0000 2.7001 1.0048 2.4363
4330 2165.0 2.6958 0.0086 2.6958 1.0286 2.4384
4340 2170.0 2.6684 0.5003 2.6684 1.0046 2.5211
4350 2175.0 2.6612 0.7525 2.6612 1.0305 2.5932
4360 2180.0 2.6344 2.1540 2.6344 0.9805 2.6549
4370 2185.0 2.7210 0.2211 2.7210 1.0172 2.7731
4380 2190.0 2.7615 1.8938 2.7615 0.9583 2.7147
4390 2195.0 2.7640 2.0464 2.7640 0.9837 2.7277
4400 2200.0 2.7560 1.5686 2.7560 0.9941 2.7393
4410 2205.0 2.6887 0.0634 2.6887 0.9721 2.7934
4420 2210.0 2.6795 0.2104 2.6795 1.0245 2.8370
4430 2215.0 2.6510 1.2029 2.6510 0.9627 2.8632
4440 2220.0 2.7116 0.0668 2.7116 1.0386 2.8037
4450 2225.0 2.7091 0.0411 2.7091 0.9443 2.7502
4460 2230.0 2.7610 1.8617 2.7610 1.0386 2.6689
4470 2235.0 2.6439 1.5729 2.6439 0.9700 2.5268
4480 2240.0 2.6866 0.0902 2.6866 1.0447 2.4958
4490 2245.0 2.7039 0.0075 2.7039 0.9787 2.5366
4500 2250.0 2.6864 0.0929 2.6864 1.0418 2.4517
4510 2255.0 2.6660 0.5776 2.6660 0.9911 2.5137
4520 2260.0 2.7862 3.7165 2.7862 1.0432 2.7021
4530 2265.0 2.6660 0.5781 2.6660 0.9797 2.6358
4540 2270.0 2.6656 0.5918 2.6656 1.0433 2.5779
4550 2275.0 2.7567 1.6053 2.7567 0.9985 2.6776
4560 2280.0 2.7982 4.8228 2.7982 1.0064 2.7161
4570 2285.0 2.6963 0.0068 2.6963 1.0098 2.6125
4580 2290.0 2.6820 0.1623 2.6820 1.0229 2.6576
4590 2295.0 2.7398 0.7930 2.7398 1.0219 2.7765
4600 2300.0 2.6634 0.6687 2.6634 0.9982 2.8005
4610 2305.0 2.6259 2.7460 2.6259 1.0734 2.7958
4620 2310.0 2.6733 0.3563 2.6733 1.0081 2.8079
4630 2315.0 2.7804 3.2327 2.7804 1.0122 2.6981
4640 2320.0 2.6874 0.0798 2.6874 1.0021 2.8048
4650 2325.0 2.6215 3.0840 2.6215 1.0521 2.7617
4660 2330.0 2.6229 2.9687 2.6229 1.0180 2.8112
4670 2335.0 2.6472 1.3960 2.6472 1.0242 2.7664
4680 2340.0 2.6718 0.3977 2.6718 0.9983 2.7499
4690 2345.0 2.7303 0.4579 2.7303 1.0102 2.7480
4700 2350.0 2.7480 1.1498 2.7480 0.9892 2.7573
4710 2355.0 2.7124 0.0772 2.7124 1.0120 2.7599
4720 2360.0 2.6318 2.3272 2.6318 1.0398 2.6722
4730 2365.0 2.6529 1.1095 2.6529 1.0331 2.6182
4740 2370.0 2.7644 2.0757 2.7644 1.0087 2.6163
4750 2375.0 2.7509 1.2933 2.7509 0.9900 2.5599
4760 2380.0 2.6845 0.1198 2.6845 1.0317 2.5018
4770 2385.0 2.6784 0.2327 2.6784 1.0107 2.6227
4780 2390.0 2.7141 0.0991 2.7141 0.9978 2.7547
4790 2395.0 2.6741 0.3351 2.6741 1.0027 2.6943
4800 2400.0 2.6831 0.1424 2.6831 1.0030 2.6253
4810 2405.0 2.7821 3.3676 2.7821 0.9785 2.7021
4820 2410.0 2.8064 5.6623 2.8064 1.0086 2.6905
4830 2415.0 2.6506 1.2209 2.6506 0.9705 2.5512
4840 2420.0 2.6373 1.9658 2.6373 1.0611 2.5215
4850 2425.0 2.6664 0.5636 2.6664 0.9789 2.6868
4860 2430.0 2.7602 1.8137 2.7602 1.0238 2.7807
4870 2435.0 2.6837 0.1325 2.6837 0.9730 2.7278
4880 2440.0 2.6946 0.0144 2.6946 1.0339 2.7157
4890 2445.0 2.6448 1.5247 2.6448 0.9766 2.7268
4900 2450.0 2.6980 0.0020 2.6980 1.0610 2.6968
4910 2455.0 2.6528 1.1157 2.6528 0.9552 2.7157
4920 2460.0 2.7870 3.7831 2.7870 1.0246 2.8121
4930 2465.0 2.7214 0.2294 2.7214 0.9653 2.7687
4940 2470.0 2.6237 2.9127 2.6237 1.0399 2.5859
4950 2475.0 2.5951 5.5028 2.5951 0.9868 2.5759
4960 2480.0 2.7198 0.1966 2.7198 1.0476 2.6379
4970 2485.0 2.6807 0.1858 2.6807 0.9719 2.6061
4980 2490.0 2.7455 1.0369 2.7455 1.0323 2.5932
4990 2495.0 2.7860 3.6974 2.7860 0.9797 2.6959
5000 2500.0 2.7823 3.3843 2.7823 1.0025 2.7181
5010 2505.0 2.7078 0.0306 2.7078 1.0053 2.6684
5020 2510.0 2.6984 0.0012 2.6984 0.9884 2.7001
5030 2515.0 2.7068 0.0229 2.7068 1.0086 2.6911
5040 2520.0 2.6822 0.1592 2.6822 1.0003 2.6287
5050 2525.0 2.6985 0.0012 2.6985 0.9950 2.6161
5060 2530.0 2.7451 1.0177 2.7451 0.9923 2.6522
5070 2535.0 2.7330 0.5436 2.7330 0.9826 2.6409
5080 2540.0 2.7296 0.4375 2.7296 0.9937 2.6518
5090 2545.0 2.6983 0.0015 2.6983 0.9818 2.6528
5100 2550.0 2.6906 0.0443 2.6906 1.0181 2.6441
5110 2555.0 2.6464 1.4346 2.6464 0.9926 2.6231
5120 2560.0 2.7218 0.2370 2.7218 1.0099 2.7019
5130 2565.0 2.7351 0.6146 2.7351 0.9821 2.7477
5140 2570.0 2.7216 0.2331 2.7216 1.0183 2.7207
5150 2575.0 2.6929 0.0249 2.6929 0.9658 2.7740
5160 2580.0 2.7646 2.0850 2.7646 1.0120 2.9061
5170 2585.0 2.6785 0.2304 2.6785 0.9574 2.9130
5180 2590.0 2.6878 0.0745 2.6878 1.0193 2.9691
5190 2595.0 2.6774 0.2546 2.6774 0.9746 2.9016
5200 2600.0 2.7388 0.7523 2.7388 0.9969 2.7639
5210 2605.0 2.7590 1.7420 2.7590 0.9974 2.6403
5220 2610.0 2.6684 0.5001 2.6684 0.9672 2.6402
5230 2615.0 2.6768 0.2691 2.6768 1.0589 2.5953
5240 2620.0 2.6672 0.5394 2.6672 0.9783 2.4763
5250 2625.0 2.7634 2.0074 2.7634 1.0324 2.3486
5260 2630.0 2.6569 0.9301 2.6569 0.9630 2.4508
5270 2635.0 2.6965 0.0063 2.6965 1.0403 2.4412
5280 2640.0 2.7528 1.3965 2.7528 0.9527 2.3357
5290 2645.0 2.7714 2.5460 2.7714 1.0094 2.3346
5300 2650.0 2.6337 2.1969 2.6337 0.9929 2.4932
5310 2655.0 2.7211 0.2235 2.7211 1.0031 2.4026
5320 2660.0 2.8000 5.0030 2.8000 0.9738 2.3021
5330 2665.0 2.6957 0.0091 2.6957 1.0255 2.4442
5340 2670.0 2.5510 11.0964 2.5510 1.0027 2.5981
5350 2675.0 2.7257 0.3302 2.7257 1.0298 2.4145
5360 2680.0 2.7848 3.5993 2.7848 0.9549 2.3130
5370 2685.0 2.7521 1.3549 2.7521 1.0275 2.3804
5380 2690.0 2.6066 4.3656 2.6066 0.9627 2.5265
5390 2695.0 2.7086 0.0371 2.7086 1.0144 2.4516
5400 2700.0 2.7619 1.9159 2.7619 0.9603 2.3637
5410 2705.0 2.7661 2.1820 2.7661 0.9917 2.3407
5420 2710.0 2.6898 0.0517 2.6898 0.9933 2.4059
5430 2715.0 2.7035 0.0062 2.7035 0.9946 2.3890
5440 2720.0 2.7376 0.7081 2.7376 0.9950 2.3760
5450 2725.0 2.7176 0.1541 2.7176 0.9913 2.3915
5460 2730.0 2.6734 0.3542 2.6734 0.9990 2.4232
5470 2735.0 2.7212 0.2250 2.7212 0.9862 2.3607
5480 2740.0 2.8154 6.6576 2.8154 0.9762 2.2799
5490 2745.0 2.7349 0.6093 2.7349 0.9783 2.3877
5500 2750.0 2.5854 6.5621 2.5854 1.0099 2.3630
5510 2755.0 2.6796 0.2075 2.6796 0.9803 2.4315
5520 2760.0 2.8052 5.5366 2.8052 0.9780 2.3967
5530 2765.0 2.6822 0.1581 2.6822 1.0066 2.4561
5540 2770.0 2.6327 2.2640 2.6327 0.9630 2.4657
5550 2775.0 2.7980 4.8028 2.7980 1.0157 2.3011
5560 2780.0 2.6758 0.2929 2.6758 0.9521 2.4239
5570 2785.0 2.6190 3.2819 2.6190 1.0091 2.5032
5580 2790.0 2.8151 6.6231 2.8151 0.9621 2.3457
5590 2795.0 2.8367 9.3442 2.8367 0.9636 2.3613
5600 2800.0 2.6660 0.5768 2.6660 0.9962 2.3285
5610 2805.0 2.6715 0.4070 2.6715 0.9870 2.2449
5620 2810.0 2.7377 0.7120 2.7377 0.9977 2.2804
5630 2815.0 2.6493 1.2842 2.6493 0.9903 2.2448
5640 2820.0 2.6150 3.6105 2.6150 0.9918 2.2667
5650 2825.0 2.7389 0.7557 2.7389 0.9912 2.3964
5660 2830.0 2.8011 5.1144 2.8011 0.9464 2.4958
5670 2835.0 2.7725 2.6268 2.7725 0.9879 2.4759
5680 2840.0 2.6403 1.7793 2.6403 0.9760 2.3716
5690 2845.0 2.6423 1.6640 2.6423 0.9947 2.3764
5700 2850.0 2.7287 0.4111 2.7287 0.9829 2.5012
5710 2855.0 2.7883 3.8970 2.7883 0.9709 2.4164
5720 2860.0 2.7857 3.6742 2.7857 0.9937 2.3652
5730 2865.0 2.6491 1.2939 2.6491 0.9654 2.4282
5740 2870.0 2.6911 0.0399 2.6911 1.0308 2.3669
5750 2875.0 2.7110 0.0607 2.7110 0.9490 2.2936
5760 2880.0 2.7262 0.3444 2.7262 1.0394 2.2149
5770 2885.0 2.6286 2.5501 2.6286 0.9504 2.2617
5780 2890.0 2.7675 2.2762 2.7675 1.0304 2.1121
5790 2895.0 2.7765 2.9271 2.7765 0.9518 2.1131
5800 2900.0 2.7136 0.0930 2.7136 1.0010 2.1682
5810 2905.0 2.6075 4.2797 2.6075 1.0051 2.2740
5820 2910.0 2.6553 0.9970 2.6553 0.9827 2.2362
5830 2915.0 2.7946 4.4735 2.7946 1.0023 2.1414
5840 2920.0 2.7782 3.0550 2.7782 0.9469 2.1971
5850 2925.0 2.7495 1.2237 2.7495 0.9989 2.2337
5860 2930.0 2.6328 2.2594 2.6328 0.9950 2.3389
5870 2935.0 2.6475 1.3789 2.6475 1.0250 2.3268
5880 2940.0 2.6516 1.1701 2.6516 0.9917 2.3601
5890 2945.0 2.6491 1.2979 2.6491 1.0177 2.4452
5900 2950.0 2.6891 0.0589 2.6891 0.9940 2.4619
5910 2955.0 2.7423 0.8938 2.7423 0.9806 2.4342
5920 2960.0 2.7161 0.1303 2.7161 0.9977 2.4891
5930 2965.0 2.6704 0.4385 2.6704 0.9985 2.5341
5940 2970.0 2.7117 0.0679 2.7117 1.0044 2.4706
5950 2975.0 2.7119 0.0703 2.7119 0.9933 2.4479
5960 2980.0 2.6674 0.5301 2.6674 1.0050 2.4781
5970 2985.0 2.6416 1.7072 2.6416 1.0052 2.4852
5980 2990.0 2.7095 0.0448 2.7095 1.0037 2.3843
5990 2995.0 2.7083 0.0343 2.7083 1.0004 2.3524
6000 3000.0 2.6736 0.3489 2.6736 1.0058 2.3832
6010 3005.0 2.6989 0.0006 2.6989 1.0126 2.3469
6020 3010.0 2.7270 0.3642 2.7270 0.9906 2.2895
6030 3015.0 2.7273 0.3733 2.7273 1.0040 2.2870
6040 3020.0 2.6620 0.7235 2.6620 0.9848 2.3569
6050 3025.0 2.6776 0.2506 2.6776 1.0207 2.3496
6060 3030.0 2.6800 0.1992 2.6800 0.9714 2.3345
6070 3035.0 2.7243 0.2962 2.7243 1.0115 2.2992
6080 3040.0 2.6623 0.7115 2.6623 0.9784 2.3512
6090 3045.0 2.6999 0.0000 2.6999 0.9893 2.2930
6100 3050.0 2.7343 0.5894 2.7343 0.9872 2.2324
6110 3055.0 2.7060 0.0178 2.7060 0.9885 2.2462
6120 3060.0 2.6784 0.2330 2.6784 1.0005 2.2522
6130 3065.0 2.6664 0.5659 2.6664 0.9741 2.2375
6140 3070.0 2.7175 0.1527 2.7175 1.0084 2.1750
6150 3075.0 2.6737 0.3449 2.6737 0.9919 2.2144
6160 3080.0 2.6950 0.0125 2.6950 1.0158 2.2157
6170 3085.0 2.7122 0.0740 2.7122 0.9908 2.2172
6180 3090.0 2.6965 0.0060 2.6965 1.0038 2.2658
6190 3095.0 2.7029 0.0043 2.7029 1.0059 2.2931
6200 3100.0 2.7026 0.0035 2.7026 0.9884 2.3098
6210 3105.0 2.7074 0.0272 2.7074 1.0070 2.3410
6220 3110.0 2.6683 0.5017 2.6683 0.9689 2.4207
6230 3115.0 2.7073 0.0265 2.7073 1.0163 2.4180
6240 3120.0 2.6910 0.0403 2.6910 0.9671 2.4526
6250 3125.0 2.7590 1.7388 2.7590 1.0015 2.4049
6260 3130.0 2.7352 0.6180 2.7352 0.9754 2.4205
6270 3135.0 2.7083 0.0343 2.7083 0.9956 2.4427
6280 3140.0 2.7135 0.0911 2.7135 0.9972 2.4316
6290 3145.0 2.7207 0.2145 2.7207 0.9709 2.4064
6300 3150.0 2.7371 0.6892 2.7371 1.0008 2.3802
6310 3155.0 2.7157 0.1232 2.7157 0.9685 2.3682
6320 3160.0 2.7113 0.0639 2.7113 0.9849 2.3332
6330 3165.0 2.7152 0.1160 2.7152 0.9925 2.2694
6340 3170.0 2.6628 0.6934 2.6628 0.9798 2.2869
6350 3175.0 2.6378 1.9334 2.6378 1.0012 2.2894
6360 3180.0 2.6877 0.0755 2.6877 0.9917 2.2096
6370 3185.0 2.7144 0.1031 2.7144 0.9920 2.1836
6380 3190.0 2.6960 0.0078 2.6960 1.0027 2.2437
6390 3195.0 2.6804 0.1930 2.6804 0.9821 2.2999
6400 3200.0 2.7064 0.0207 2.7064 1.0167 2.3212
6410 3205.0 2.7015 0.0011 2.7015 0.9729 2.3624
6420 3210.0 2.7394 0.7778 2.7394 1.0116 2.3766
6430 3215.0 2.6945 0.0154 2.6945 0.9649 2.4387
6440 3220.0 2.7340 0.5768 2.7340 1.0289 2.4432
6450 3225.0 2.7041 0.0086 2.7041 0.9600 2.4687
6460 3230.0 2.7564 1.5891 2.7564 1.0174 2.4434
6470 3235.0 2.6749 0.3150 2.6749 0.9662 2.5250
6480 3240.0 2.7102 0.0522 2.7102 1.0482 2.5165
6490 3245.0 2.6645 0.6308 2.6645 0.9690 2.5218
6500 3250.0 2.7128 0.0818 2.7128 1.0428 2.5041
6510 3255.0 2.6721 0.3891 2.6721 0.9600 2.4997
6520 3260.0 2.7539 1.4518 2.7539 1.0446 2.4429
6530 3265.0 2.6913 0.0374 2.6913 0.9765 2.4748
6540 3270.0 2.6949 0.0132 2.6949 1.0326 2.4998
6550 3275.0 2.7261 0.3400 2.7261 0.9836 2.4367
6560 3280.0 2.7933 4.3524 2.7933 1.0061 2.3685
6570 3285.0 2.6632 0.6770 2.6632 0.9837 2.5270
6580 3290.0 2.6385 1.8908 2.6385 1.0514 2.5913
6590 3295.0 2.6881 0.0712 2.6881 0.9778 2.5019
6600 3300.0 2.7067 0.0224 2.7067 1.0234 2.5006
6610 3305.0 2.6655 0.5955 2.6655 0.9946 2.5343
6620 3310.0 2.7573 1.6396 2.7573 0.9917 2.4143
6630 3315.0 2.7710 2.5174 2.7710 0.9764 2.3694
6640 3320.0 2.6902 0.0477 2.6902 0.9994 2.4430
6650 3325.0 2.6509 1.2044 2.6509 0.9841 2.4554
6660 3330.0 2.7494 1.2223 2.7494 0.9933 2.3159
6670 3335.0 2.7318 0.5064 2.7318 0.9685 2.3007
6680 3340.0 2.6933 0.0222 2.6933 1.0047 2.3308
6690 3345.0 2.7398 0.7930 2.7398 0.9650 2.2486
6700 3350.0 2.7752 2.8254 2.7752 0.9977 2.1979
6710 3355.0 2.6294 2.4928 2.6294 0.9959 2.3458
6720 3360.0 2.6030 4.7064 2.6030 1.0115 2.3898
6730 3365.0 2.7686 2.3525 2.7686 0.9784 2.2423
6740 3370.0 2.8486 11.0355 2.8486 0.9719 2.1993
6750 3375.0 2.7424 0.8970 2.7424 0.9613 2.3420
6760 3380.0 2.6451 1.5068 2.6451 0.9970 2.4584
6770 3385.0 2.6752 0.3087 2.6752 0.9825 2.4207
6780 3390.0 2.7228 0.2593 2.7228 0.9833 2.4097
6790 3395.0 2.6874 0.0796 2.6874 0.9862 2.5134
6800 3400.0 2.6896 0.0544 2.6896 0.9810 2.5716
6810 3405.0 2.7416 0.8638 2.7416 0.9848 2.5686
6820 3410.0 2.6977 0.0027 2.6977 0.9732 2.6192
6830 3415.0 2.6651 0.6076 2.6651 0.9867 2.6183
6840 3420.0 2.6968 0.0051 2.6968 0.9894 2.5764
6850 3425.0 2.7255 0.3247 2.7255 0.9659 2.5304
6860 3430.0 2.7223 0.2477 2.7223 0.9860 2.5454
6870 3435.0 2.6904 0.0459 2.6904 0.9947 2.5820
6880 3440.0 2.6649 0.6164 2.6649 0.9920 2.5867
6890 3445.0 2.7283 0.3997 2.7283 1.0090 2.5332
6900 3450.0 2.6813 0.1743 2.6813 0.9708 2.5686
6910 3455.0 2.6617 0.7318 2.6617 1.0408 2.5537
6920 3460.0 2.6314 2.3561 2.6314 0.9936 2.5452
6930 3465.0 2.7329 0.5423 2.7329 1.0276 2.6216
6940 3470.0 2.6917 0.0346 2.6917 0.9851 2.5856
6950 3475.0 2.6816 0.1689 2.6816 1.0468 2.5564
6960 3480.0 2.6620 0.7234 2.6620 0.9773 2.6150
6970 3485.0 2.7256 0.3273 2.7256 1.0346 2.6209
6980 3490.0 2.6613 0.7494 2.6613 0.9779 2.5926
6990 3495.0 2.7189 0.1783 2.7189 1.0425 2.6388
7000 3500.0 2.7237 0.2806 2.7237 0.9587 2.5734
7010 3505.0 2.7241 0.2910 2.7241 1.0320 2.5628
7020 3510.0 2.5918 5.8513 2.5918 0.9870 2.6493
7030 3515.0 2.6792 0.2154 2.6792 1.0687 2.6598
7040 3520.0 2.7044 0.0095 2.7044 0.9635 2.6292
7050 3525.0 2.7128 0.0825 2.7128 1.0252 2.6624
7060 3530.0 2.5921 5.8186 2.5921 0.9966 2.5129
7070 3535.0 2.6661 0.5751 2.6661 1.0136 2.5518
7080 3540.0 2.7310 0.4796 2.7310 0.9801 2.6236
7090 3545.0 2.6736 0.3490 2.6736 1.0071 2.5365
7100 3550.0 2.6692 0.4756 2.6692 0.9814 2.5587
7110 3555.0 2.7831 3.4561 2.7831 0.9696 2.6388
7120 3560.0 2.7617 1.9021 2.7617 0.9951 2.6449
7130 3565.0 2.6308 2.3922 2.6308 0.9696 2.6998
7140 3570.0 2.7217 0.2358 2.7217 1.0062 2.6725
7150 3575.0 2.7798 3.1819 2.7798 0.9589 2.5756
7160 3580.0 2.6894 0.0563 2.6894 0.9885 2.6985
7170 3585.0 2.6441 1.5599 2.6441 0.9875 2.7489
7180 3590.0 2.7790 3.1237 2.7790 0.9667 2.5779
7190 3595.0 2.7477 1.1395 2.7477 0.9922 2.6205
7200 3600.0 2.6152 3.5959 2.6152 0.9741 2.7491
7210 3605.0 2.7638 2.0346 2.7638 1.0174 2.5979
7220 3610.0 2.7735 2.7030 2.7735 0.9523 2.5520
7230 3615.0 2.7155 0.1195 2.7155 1.0222 2.6970
7240 3620.0 2.6763 0.2816 2.6763 0.9743 2.7194
7250 3625.0 2.7850 3.6113 2.7850 1.0339 2.6259
7260 3630.0 2.6856 0.1043 2.6856 0.9843 2.7294
7270 3635.0 2.6744 0.3289 2.6744 1.0423 2.8136
7280 3640.0 2.7159 0.1266 2.7159 0.9792 2.7103
7290 3645.0 2.7761 2.8987 2.7761 0.9948 2.6450
7300 3650.0 2.7513 1.3161 2.7513 1.0217 2.6893
7310 3655.0 2.6892 0.0580 2.6892 0.9759 2.6927
7320 3660.0 2.7494 1.2180 2.7494 1.0346 2.6189
7330 3665.0 2.6799 0.2018 2.6799 0.9713 2.6122
7340 3670.0 2.6666 0.5579 2.6666 1.0670 2.6773
7350 3675.0 2.6689 0.4827 2.6689 0.9848 2.5873
7360 3680.0 2.7574 1.6474 2.7574 1.0455 2.5133
7370 3685.0 2.6845 0.1197 2.6845 0.9590 2.5490
7380 3690.0 2.7925 4.2787 2.7925 1.0580 2.4689
7390 3695.0 2.7262 0.3434 2.7262 0.9461 2.4363
7400 3700.0 2.7178 0.1591 2.7178 1.0959 2.5498
7410 3705.0 2.5983 5.1720 2.5983 0.9768 2.6249
7420 3710.0 2.7775 3.0030 2.7775 1.0709 2.4997
7430 3715.0 2.7460 1.0583 2.7460 0.9775 2.4805
7440 3720.0 2.7236 0.2774 2.7236 1.0595 2.5640
7450 3725.0 2.6659 0.5823 2.6659 1.0298 2.6111
7460 3730.0 2.7100 0.0499 2.7100 1.0117 2.5462
7470 3735.0 2.7714 2.5473 2.7714 1.0615 2.5014
7480 3740.0 2.6593 0.8279 2.6593 0.9694 2.5678
7490 3745.0 2.7237 0.2809 2.7237 1.0815 2.5565
7500 3750.0 2.6769 0.2677 2.6769 0.9615 2.5112
7510 3755.0 2.7629 1.9810 2.7629 1.0585 2.4642
7520 3760.0 2.6766 0.2748 2.6766 0.9701 2.5271
7530 3765.0 2.7640 2.0483 2.7640 1.0776 2.5093
7540 3770.0 2.6725 0.3784 2.6725 0.9353 2.5251
7550 3775.0 2.7785 3.0788 2.7785 1.0732 2.4903
7560 3780.0 2.6416 1.7077 2.6416 0.9293 2.5829
7570 3785.0 2.7512 1.3111 2.7512 1.0690 2.5492
7580 3790.0 2.7235 0.2759 2.7235 0.9363 2.5130
7590 3795.0 2.8099 6.0374 2.8099 1.0232 2.4570
7600 3800.0 2.7612 1.8700 2.7612 1.0012 2.4906
7610 3805.0 2.6949 0.0131 2.6949 0.9562 2.5312
7620 3810.0 2.7135 0.0907 2.7135 1.0645 2.4176
7630 3815.0 2.6443 1.5502 2.6443 0.9150 2.4658
7640 3820.0 2.7795 3.1640 2.7795 1.0637 2.4656
7650 3825.0 2.6963 0.0068 2.6963 0.9032 2.4894
7660 3830.0 2.7509 1.2941 2.7509 1.0415 2.4364
7670 3835.0 2.6871 0.0826 2.6871 0.9704 2.4347
7680 3840.0 2.7146 0.1066 2.7146 0.9845 2.4510
7690 3845.0 2.7911 4.1471 2.7911 1.0220 2.4049
7700 3850.0 2.7154 0.1192 2.7154 0.9278 2.4469
7710 3855.0 2.7692 2.3971 2.7692 1.0552 2.3972
7720 3860.0 2.6852 0.1098 2.6852 0.9202 2.4323
7730 3865.0 2.7556 1.5434 2.7556 1.0530 2.3492
7740 3870.0 2.7235 0.2767 2.7235 0.9502 2.3326
7750 3875.0 2.7715 2.5534 2.7715 0.9873 2.2528
7760 3880.0 2.7649 2.1047 2.7649 1.0215 2.2369
7770 3885.0 2.6495 1.2749 2.6495 0.9446 2.3383
7780 3890.0 2.7390 0.7595 2.7390 1.0745 2.2552
7790 3895.0 2.6677 0.5215 2.6677 0.9252 2.3202
7800 3900.0 2.8092 5.9583 2.8092 1.0537 2.1818
7810 3905.0 2.7206 0.2127 2.7206 0.9259 2.2789
7820 3910.0 2.7596 1.7757 2.7596 1.0496 2.2553
7830 3915.0 2.6366 2.0085 2.6366 0.9610 2.3847
7840 3920.0 2.7126 0.0797 2.7126 1.0263 2.3353
7850 3925.0 2.7722 2.6042 2.7722 0.9791 2.2964
7860 3930.0 2.8075 5.7812 2.8075 0.9520 2.2508
7870 3935.0 2.7912 4.1587 2.7912 1.0409 2.2616
7880 3940.0 2.6284 2.5609 2.6284 0.9445 2.3975
7890 3945.0 2.6525 1.1293 2.6525 1.0473 2.3975
7900 3950.0 2.7140 0.0975 2.7140 0.9359 2.3061
7910 3955.0 2.8349 9.0967 2.8349 1.0264 2.2229
7920 3960.0 2.7392 0.7699 2.7392 0.9575 2.3165
7930 3965.0 2.7250 0.3119 2.7250 0.9922 2.3028
7940 3970.0 2.7536 1.4374 2.7536 1.0244 2.2278
7950 3975.0 2.6947 0.0140 2.6947 0.9488 2.2694
7960 3980.0 2.7775 3.0002 2.7775 1.0459 2.2288
7970 3985.0 2.6970 0.0046 2.6970 0.9097 2.2548
7980 3990.0 2.7993 4.9303 2.7993 1.0616 2.1482
7990 3995.0 2.6626 0.6977 2.6626 0.9420 2.2690
8000 4000.0 2.7009 0.0004 2.7009 1.0434 2.2745
8010 4005.0 2.7159 0.1258 2.7159 0.9695 2.2447
8020 4010.0 2.8007 5.0657 2.8007 0.9903 2.1560
8030 4015.0 2.7914 4.1781 2.7914 1.0009 2.1576
8040 4020.0 2.7028 0.0040 2.7028 0.9551 2.2429
8050 4025.0 2.7051 0.0130 2.7051 1.0439 2.2586
8060 4030.0 2.6877 0.0751 2.6877 0.9439 2.2632
8070 4035.0 2.8198 7.1752 2.8198 1.0168 2.1500
8080 4040.0 2.7410 0.8389 2.7410 0.9425 2.2412
8090 4045.0 2.6978 0.0024 2.6978 1.0155 2.3324
8100 4050.0 2.6871 0.0837 2.6871 0.9639 2.3425
8110 4055.0 2.7506 1.2823 2.7506 0.9938 2.3138
8120 4060.0 2.7422 0.8895 2.7422 0.9959 2.3682
8130 4065.0 2.6906 0.0442 2.6906 0.9462 2.4361
8140 4070.0 2.7478 1.1434 2.7478 1.0466 2.4277
8150 4075.0 2.6651 0.6097 2.6651 0.9206 2.3829
8160 4080.0 2.7346 0.5978 2.7346 1.0534 2.3012
8170 4085.0 2.6609 0.7635 2.6609 0.9302 2.2958
8180 4090.0 2.7829 3.4342 2.7829 1.0302 2.3238
8190 4095.0 2.7569 1.6196 2.7569 0.9631 2.3573
8200 4100.0 2.7282 0.3972 2.7282 0.9782 2.3333
8210 4105.0 2.7056 0.0154 2.7056 1.0331 2.2829
8220 4110.0 2.6517 1.1660 2.6517 0.9547 2.3344
8230 4115.0 2.7721 2.5991 2.7721 1.0538 2.3061
8240 4120.0 2.6785 0.2304 2.6785 0.9070 2.3269
8250 4125.0 2.7763 2.9145 2.7763 1.0592 2.2315
8260 4130.0 2.6692 0.4756 2.6692 0.9413 2.2681
8270 4135.0 2.7341 0.5820 2.7341 1.0497 2.1944
8280 4140.0 2.7103 0.0532 2.7103 0.9644 2.1762
8290 4145.0 2.7613 1.8819 2.7613 1.0059 2.1255
8300 4150.0 2.7590 1.7405 2.7590 0.9833 2.1103
8310 4155.0 2.7363 0.6593 2.7363 0.9512 2.1072
8320 4160.0 2.7507 1.2847 2.7507 1.0423 2.0988
8330 4165.0 2.6070 4.3291 2.6070 0.9309 2.2323
8340 4170.0 2.7233 0.2723 2.7233 1.0707 2.1885
8350 4175.0 2.6826 0.1519 2.6826 0.9263 2.2046
8360 4180.0 2.8059 5.6037 2.8059 1.0183 2.1151
8370 4185.0 2.7754 2.8407 2.7754 0.9793 2.1447
8380 4190.0 2.7150 0.1127 2.7150 0.9616 2.2324
8390 4195.0 2.7085 0.0365 2.7085 1.0334 2.2830
8400 4200.0 2.6544 1.0397 2.6544 0.9343 2.3525
8410 4205.0 2.7848 3.5970 2.7848 1.0386 2.2605
8420 4210.0 2.7448 1.0027 2.7448 0.9289 2.2920
8430 4215.0 2.8105 6.1011 2.8105 1.0076 2.2441
8440 4220.0 2.7537 1.4417 2.7537 1.0013 2.3218
8450 4225.0 2.6739 0.3399 2.6739 0.9464 2.3862
8460 4230.0 2.7475 1.1262 2.7475 1.0598 2.3042
8470 4235.0 2.7086 0.0370 2.7086 0.9097 2.2895
8480 4240.0 2.8104 6.0907 2.8104 1.0647 2.2028
8490 4245.0 2.6849 0.1136 2.6849 0.9198 2.2950
8500 4250.0 2.7625 1.9547 2.7625 1.0486 2.2150
8510 4255.0 2.7321 0.5142 2.7321 0.9614 2.2514
8520 4260.0 2.7539 1.4543 2.7539 0.9973 2.2816
8530 4265.0 2.7448 1.0056 2.7448 1.0229 2.3640
8540 4270.0 2.7011 0.0006 2.7011 0.9535 2.4447
8550 4275.0 2.7639 2.0396 2.7639 1.0368 2.4394
8560 4280.0 2.7218 0.2371 2.7218 0.9248 2.4795
8570 4285.0 2.7433 0.9354 2.7433 1.0535 2.5535
8580 4290.0 2.6525 1.1260 2.6525 0.9362 2.6466
8590 4295.0 2.7780 3.0404 2.7780 1.0363 2.6013
8600 4300.0 2.7552 1.5214 2.7552 0.9643 2.5887
8610 4305.0 2.7368 0.6771 2.7368 1.0046 2.6384
8620 4310.0 2.7125 0.0783 2.7125 1.0043 2.6815
8630 4315.0 2.7323 0.5228 2.7323 0.9739 2.6716
8640 4320.0 2.7676 2.2838 2.7676 1.0137 2.6893
8650 4325.0 2.7276 0.3822 2.7276 0.9638 2.7264
8660 4330.0 2.7783 3.0679 2.7783 1.0441 2.7782
8670 4335.0 2.7092 0.0423 2.7092 0.9711 2.8350
8680 4340.0 2.7515 1.3261 2.7515 1.0657 2.8315
8690 4345.0 2.6989 0.0006 2.6989 0.9727 2.7704
8700 4350.0 2.7711 2.5293 2.7711 1.0574 2.6250
8710 4355.0 2.7040 0.0082 2.7040 0.9741 2.5472
8720 4360.0 2.7484 1.1735 2.7484 1.0406 2.4574
8730 4365.0 2.7133 0.0890 2.7133 0.9954 2.4906
8740 4370.0 2.7122 0.0742 2.7122 1.0205 2.4868
8750 4375.0 2.7154 0.1190 2.7154 1.0239 2.5247
8760 4380.0 2.7152 0.1159 2.7152 1.0198 2.5986
8770 4385.0 2.6989 0.0006 2.6989 1.0039 2.6711
8780 4390.0 2.7034 0.0057 2.7034 1.0363 2.6877
8790 4395.0 2.7066 0.0216 2.7066 0.9898 2.7221
8800 4400.0 2.7772 2.9789 2.7772 1.0067 2.7258
8810 4405.0 2.7640 2.0471 2.7640 0.9792 2.7563
8820 4410.0 2.7560 1.5701 2.7560 1.0078 2.7634
8830 4415.0 2.7250 0.3132 2.7250 1.0013 2.7743
8840 4420.0 2.7507 1.2872 2.7507 1.0100 2.7595
8850 4425.0 2.7464 1.0763 2.7464 0.9884 2.7665
8860 4430.0 2.7421 0.8842 2.7421 1.0365 2.7400
8870 4435.0 2.6816 0.1697 2.6816 0.9970 2.7209
8880 4440.0 2.7531 1.4089 2.7531 1.0549 2.6397
8890 4445.0 2.7439 0.9640 2.7439 1.0024 2.5524
8900 4450.0 2.7339 0.5759 2.7339 1.0239 2.4589
8910 4455.0 2.6828 0.1486 2.6828 1.0263 2.4247
8920 4460.0 2.6562 0.9600 2.6562 1.0190 2.4031
8930 4465.0 2.6949 0.0128 2.6949 0.9927 2.4064
8940 4470.0 2.7549 1.5050 2.7549 1.0004 2.4157
8950 4475.0 2.8146 6.5614 2.8146 0.9753 2.4925
8960 4480.0 2.8124 6.3201 2.8124 1.0149 2.6187
8970 4485.0 2.6386 1.8846 2.6386 0.9904 2.7240
8980 4490.0 2.6314 2.3502 2.6314 1.0240 2.7113
8990 4495.0 2.8156 6.6841 2.8156 0.9919 2.6704
9000 4500.0 2.8707 14.5718 2.8707 0.9653 2.6348
9010 4505.0 2.7639 2.0422 2.7639 1.0192 2.5964
9020 4510.0 2.6074 4.2890 2.6074 0.9838 2.6873
9030 4515.0 2.6769 0.2658 2.6769 1.0435 2.7347
9040 4520.0 2.7228 0.2604 2.7228 0.9887 2.6426
9050 4525.0 2.7597 1.7820 2.7597 1.0122 2.4395
9060 4530.0 2.7244 0.2985 2.7244 0.9499 2.4017
9070 4535.0 2.7855 3.6517 2.7855 1.0282 2.3901
9080 4540.0 2.6712 0.4145 2.6712 0.9527 2.4311
9090 4545.0 2.6494 1.2800 2.6494 1.0558 2.3352
9100 4550.0 2.6307 2.4015 2.6307 0.9536 2.4219
9110 4555.0 2.8126 6.3397 2.8126 1.0443 2.4711
9120 4560.0 2.7678 2.2983 2.7678 0.9419 2.5664
9130 4565.0 2.7433 0.9358 2.7433 1.0394 2.4927
9140 4570.0 2.6205 3.1573 2.6205 0.9766 2.6099
9150 4575.0 2.7045 0.0100 2.7045 1.0361 2.7491
9160 4580.0 2.7128 0.0820 2.7128 0.9765 2.8304
9170 4585.0 2.7324 0.5254 2.7324 0.9888 2.8230
9180 4590.0 2.8070 5.7255 2.8070 0.9974 2.7295
9190 4595.0 2.7935 4.3731 2.7935 0.9455 2.6868
9200 4600.0 2.7248 0.3067 2.7248 1.0145 2.7617
9210 4605.0 2.6391 1.8522 2.6391 0.9607 2.6379
9220 4610.0 2.6733 0.3562 2.6733 1.0159 2.5695
9230 4615.0 2.6894 0.0561 2.6894 0.9712 2.5682
9240 4620.0 2.7194 0.1889 2.7194 0.9884 2.6045
9250 4625.0 2.7925 4.2757 2.7925 0.9881 2.5561
9260 4630.0 2.7386 0.7457 2.7386 0.9519 2.5610
9270 4635.0 2.6425 1.6556 2.6425 1.0057 2.4811
9280 4640.0 2.6484 1.3332 2.6484 0.9729 2.5022
9290 4645.0 2.7519 1.3452 2.7519 0.9691 2.4645
9300 4650.0 2.7804 3.2301 2.7804 0.9953 2.4194
9310 4655.0 2.7473 1.1192 2.7473 0.9364 2.4154
9320 4660.0 2.7563 1.5842 2.7563 1.0098 2.4051
9330 4665.0 2.7081 0.0325 2.7081 0.9574 2.4301
9340 4670.0 2.6740 0.3374 2.6740 0.9954 2.4850
9350 4675.0 2.7468 1.0949 2.7468 0.9692 2.4367
9360 4680.0 2.7541 1.4626 2.7541 0.9603 2.4357
9370 4685.0 2.6486 1.3221 2.6486 1.0026 2.5331
9380 4690.0 2.7174 0.1514 2.7174 0.9483 2.4607
9390 4695.0 2.8598 12.7641 2.8598 0.9911 2.3456
9400 4700.0 2.7280 0.3915 2.7280 0.9651 2.4916
9410 4705.0 2.6095 4.0968 2.6095 0.9910 2.5060
9420 4710.0 2.7374 0.6977 2.7374 0.9875 2.5247
9430 4715.0 2.8214 7.3711 2.8214 0.9504 2.4557
9440 4720.0 2.7607 1.8401 2.7607 1.0158 2.5591
9450 4725.0 2.6306 2.4114 2.6306 0.9380 2.5516
9460 4730.0 2.6835 0.1364 2.6835 1.0220 2.5215
9470 4735.0 2.7667 2.2229 2.7667 0.9433 2.6053
9480 4740.0 2.7851 3.6177 2.7851 0.9879 2.5754
9490 4745.0 2.6590 0.8424 2.6590 0.9795 2.4666
9500 4750.0 2.6382 1.9119 2.6382 0.9724 2.4337
9510 4755.0 2.7992 4.9179 2.7992 0.9955 2.5404
9520 4760.0 2.8190 7.0760 2.8190 0.9353 2.6052
9530 4765.0 2.6714 0.4079 2.6714 1.0123 2.4493
9540 4770.0 2.5757 7.7279 2.5757 0.9611 2.4212
9550 4775.0 2.7814 3.3111 2.7814 1.0021 2.5682
9560 4780.0 2.8939 18.7917 2.8939 0.9500 2.4691
9570 4785.0 2.7511 1.3070 2.7511 0.9769 2.5988
9580 4790.0 2.5582 10.0505 2.5582 1.0009 2.4739
9590 4795.0 2.6879 0.0732 2.6879 0.9638 2.6294
9600 4800.0 2.8716 14.7205 2.8716 0.9703 2.4472
9610 4805.0 2.8079 5.8248 2.8079 0.9735 2.4750
9620 4810.0 2.6313 2.3593 2.6313 0.9871 2.6352
9630 4815.0 2.6389 1.8642 2.6389 0.9881 2.6147
9640 4820.0 2.8075 5.7828 2.8075 0.9664 2.3993
9650 4825.0 2.8631 13.3030 2.8631 0.9552 2.2937
9660 4830.0 2.7739 2.7303 2.7739 0.9920 2.3531
9670 4835.0 2.6226 2.9980 2.6226 0.9749 2.4872
9680 4840.0 2.6901 0.0490 2.6901 1.0021 2.4175
9690 4845.0 2.7664 2.2041 2.7664 0.9650 2.3311
9700 4850.0 2.8048 5.4927 2.8048 0.9898 2.2757
9710 4855.0 2.7054 0.0146 2.7054 0.9765 2.3609
9720 4860.0 2.6461 1.4523 2.6461 1.0103 2.4085
9730 4865.0 2.6809 0.1820 2.6809 0.9805 2.3139
9740 4870.0 2.7746 2.7860 2.7746 0.9888 2.1730
9750 4875.0 2.7634 2.0127 2.7634 0.9661 2.1872
9760 4880.0 2.6796 0.2084 2.6796 0.9751 2.2959
9770 4885.0 2.6044 4.5718 2.6044 1.0057 2.3758
9780 4890.0 2.6524 1.1333 2.6524 1.0065 2.3116
9790 4895.0 2.7499 1.2470 2.7499 0.9772 2.2098
9800 4900.0 2.7780 3.0422 2.7780 0.9766 2.2262
9810 4905.0 2.7409 0.8344 2.7409 0.9816 2.3232
9820 4910.0 2.6667 0.5544 2.6667 0.9665 2.4441
9830 4915.0 2.7140 0.0973 2.7140 1.0191 2.4653
9840 4920.0 2.7220 0.2431 2.7220 0.9543 2.4690
9850 4925.0 2.7860 3.7000 2.7860 0.9951 2.4312
9860 4930.0 2.7116 0.0676 2.7116 0.9722 2.3104
9870 4935.0 2.6631 0.6800 2.6631 1.0033 2.2035
9880 4940.0 2.6748 0.3164 2.6748 0.9913 2.2613
9890 4945.0 2.7399 0.7970 2.7399 0.9725 2.4220
9900 4950.0 2.8167 6.8110 2.8167 0.9874 2.5206
9910 4955.0 2.7412 0.8503 2.7412 0.9547 2.4325
9920 4960.0 2.6642 0.6416 2.6642 1.0369 2.3080
9930 4965.0 2.6495 1.2763 2.6495 0.9445 2.3946
9940 4970.0 2.7891 3.9722 2.7891 1.0110 2.5451
9950 4975.0 2.8326 8.7887 2.8326 0.9515 2.5889
9960 4980.0 2.7274 0.3758 2.7274 0.9972 2.4754
9970 4985.0 2.5539 10.6714 2.5539 0.9929 2.3354
9980 4990.0 2.6768 0.2684 2.6768 0.9823 2.4800
9990 4995.0 2.8092 5.9657 2.8092 0.9957 2.6953
10000 5000.0 2.7160 0.1282 2.7160 0.9590 2.7596
10010 5005.0 2.7195 0.1894 2.7195 1.0074 2.6844
10020 5010.0 2.7584 1.7027 2.7584 0.9795 2.6370
10030 5015.0 2.7413 0.8517 2.7413 1.0027 2.4983
10040 5020.0 2.6381 1.9139 2.6381 1.0150 2.3091
10050 5025.0 2.6651 0.6105 2.6651 0.9959 2.3074
10060 5030.0 2.8024 5.2380 2.8024 1.0130 2.4158
10070 5035.0 2.7424 0.9009 2.7424 0.9687 2.3576
10080 5040.0 2.7169 0.1427 2.7169 1.0188 2.2903
10090 5045.0 2.7227 0.2579 2.7227 0.9860 2.4986
10100 5050.0 2.7829 3.4366 2.7829 1.0000 2.6826
10110 5055.0 2.7422 0.8910 2.7422 0.9840 2.6458
10120 5060.0 2.7031 0.0049 2.7031 0.9765 2.6668
10130 5065.0 2.7892 3.9807 2.7892 0.9836 2.5478
10140 5070.0 2.7984 4.8413 2.7984 0.9628 2.4607
10150 5075.0 2.6917 0.0346 2.6917 0.9784 2.5598
10160 5080.0 2.6303 2.4312 2.6303 1.0060 2.5752
10170 5085.0 2.7267 0.3564 2.7267 0.9807 2.5497
10180 5090.0 2.8076 5.7893 2.8076 0.9515 2.4128
10190 5095.0 2.8345 9.0437 2.8345 0.9786 2.3235
10200 5100.0 2.7167 0.1399 2.7167 0.9747 2.3894
10210 5105.0 2.6272 2.6521 2.6272 0.9903 2.3558
10220 5110.0 2.6738 0.3429 2.6738 1.0039 2.3748
10230 5115.0 2.7427 0.9118 2.7427 0.9635 2.2877
10240 5120.0 2.7886 3.9216 2.7886 0.9816 2.2367
10250 5125.0 2.7260 0.3368 2.7260 0.9613 2.2970
10260 5130.0 2.7035 0.0062 2.7035 1.0007 2.3316
10270 5135.0 2.6892 0.0581 2.6892 0.9682 2.3203
10280 5140.0 2.7373 0.6942 2.7373 0.9911 2.2603
10290 5145.0 2.7027 0.0037 2.7027 0.9705 2.2823
10300 5150.0 2.7144 0.1032 2.7144 0.9903 2.2744
10310 5155.0 2.7348 0.6071 2.7348 0.9794 2.2589
10320 5160.0 2.7463 1.0725 2.7463 0.9670 2.2589
10330 5165.0 2.7441 0.9732 2.7441 0.9972 2.3022
10340 5170.0 2.6832 0.1412 2.6832 0.9587 2.4044
10350 5175.0 2.7475 1.1280 2.7475 1.0143 2.3774
10360 5180.0 2.7524 1.3711 2.7524 0.9555 2.3736
10370 5185.0 2.7664 2.2057 2.7664 0.9872 2.4090
10380 5190.0 2.7070 0.0243 2.7070 0.9837 2.5261
10390 5195.0 2.6995 0.0001 2.6995 0.9818 2.5404
10400 5200.0 2.7369 0.6795 2.7369 1.0028 2.4709
10410 5205.0 2.7206 0.2114 2.7206 0.9577 2.4731
10420 5210.0 2.7842 3.5471 2.7842 1.0145 2.4497
10430 5215.0 2.6980 0.0019 2.6980 0.9417 2.5298
10440 5220.0 2.7203 0.2060 2.7203 1.0193 2.4948
10450 5225.0 2.6736 0.3493 2.6736 0.9736 2.5016
10460 5230.0 2.7003 0.0001 2.7003 1.0024 2.4915
10470 5235.0 2.7359 0.6459 2.7359 1.0069 2.4827
10480 5240.0 2.7251 0.3146 2.7251 0.9450 2.4796
10490 5245.0 2.7899 4.0430 2.7899 1.0076 2.4226
10500 5250.0 2.7445 0.9899 2.7445 0.9446 2.4103
10510 5255.0 2.6998 0.0000 2.6998 1.0144 2.4800
10520 5260.0 2.6658 0.5837 2.6658 0.9714 2.5404
10530 5265.0 2.7471 1.1098 2.7471 0.9881 2.5238
10540 5270.0 2.8113 6.1950 2.8113 0.9921 2.4877
10550 5275.0 2.7486 1.1808 2.7486 0.9805 2.5837
10560 5280.0 2.6681 0.5088 2.6681 1.0152 2.7563
10570 5285.0 2.6373 1.9684 2.6373 1.0004 2.6118
10580 5290.0 2.7209 0.2189 2.7209 1.0103 2.6143
10590 5295.0 2.7397 0.7894 2.7397 0.9957 2.6421
10600 5300.0 2.6861 0.0960 2.6861 1.0070 2.6044
10610 5305.0 2.6906 0.0444 2.6906 0.9888 2.6453
10620 5310.0 2.7746 2.7813 2.7746 1.0010 2.6863
10630 5315.0 2.7093 0.0437 2.7093 0.9751 2.6406
10640 5320.0 2.6709 0.4229 2.6709 1.0178 2.4980
10650 5325.0 2.7359 0.6441 2.7359 0.9686 2.3981
10660 5330.0 2.7757 2.8638 2.7757 1.0068 2.2573
10670 5335.0 2.6917 0.0348 2.6917 0.9726 2.1481
10680 5340.0 2.6224 3.0098 2.6224 1.0120 2.0480
10690 5345.0 2.6675 0.5274 2.6675 0.9976 2.0847
10700 5350.0 2.7321 0.5157 2.7321 0.9971 2.1265
10710 5355.0 2.6907 0.0435 2.6907 0.9754 2.1333
10720 5360.0 2.6965 0.0063 2.6965 1.0121 2.1506
10730 5365.0 2.7054 0.0144 2.7054 0.9797 2.3028
10740 5370.0 2.7258 0.3322 2.7258 1.0073 2.4431
10750 5375.0 2.6873 0.0806 2.6873 0.9789 2.5816
10760 5380.0 2.6745 0.3255 2.6745 0.9908 2.6997
10770 5385.0 2.7146 0.1066 2.7146 0.9775 2.8148
10780 5390.0 2.7626 1.9598 2.7626 0.9770 2.9007
10790 5395.0 2.7782 3.0615 2.7782 0.9775 2.9143
10800 5400.0 2.6687 0.4902 2.6687 0.9835 2.9953
10810 5405.0 2.6602 0.7910 2.6602 0.9689 2.9660
10820 5410.0 2.7446 0.9937 2.7446 1.0029 2.8764
10830 5415.0 2.7000 0.0000 2.7000 0.9640 2.9377
10840 5420.0 2.6824 0.1552 2.6824 0.9819 2.9960
10850 5425.0 2.7558 1.5582 2.7558 0.9899 2.9496
10860 5430.0 2.7647 2.0898 2.7647 0.9579 2.9328
10870 5435.0 2.7068 0.0235 2.7068 1.0186 2.7994
10880 5440.0 2.6388 1.8703 2.6388 0.9561 2.6708
10890 5445.0 2.7545 1.4865 2.7545 1.0347 2.5689
10900 5450.0 2.7562 1.5794 2.7562 0.9469 2.5256
10910 5455.0 2.7393 0.7740 2.7393 1.0211 2.3526
10920 5460.0 2.6080 4.2326 2.6080 0.9847 2.2579
10930 5465.0 2.6444 1.5482 2.6444 1.0185 2.2385
10940 5470.0 2.7217 0.2358 2.7217 0.9924 2.3276
10950 5475.0 2.7067 0.0227 2.7067 0.9836 2.3303
10960 5480.0 2.7044 0.0099 2.7044 1.0100 2.3903
10970 5485.0 2.7175 0.1523 2.7175 0.9863 2.6343
10980 5490.0 2.7428 0.9171 2.7428 1.0279 2.8125
10990 5495.0 2.7088 0.0391 2.7088 0.9663 2.7695
11000 5500.0 2.7841 3.5352 2.7841 1.0078 2.7509
11010 5505.0 2.8498 11.2237 2.8498 0.9510 2.7292
11020 5510.0 2.8409 9.9258 2.8409 0.9957 2.6859
11030 5515.0 2.6507 1.2167 2.6507 0.9871 2.8327
11040 5520.0 2.5994 5.0564 2.5994 0.9920 2.8500
11050 5525.0 2.7177 0.1562 2.7177 1.0060 2.7426
11060 5530.0 2.7571 1.6319 2.7571 0.9836 2.7830
11070 5535.0 2.7850 3.6132 2.7850 1.0035 2.8251
11080 5540.0 2.8089 5.9265 2.8089 0.9758 2.8212
11090 5545.0 2.8540 11.8635 2.8540 0.9943 2.8018
11100 5550.0 2.7809 3.2701 2.7809 0.9719 2.8649
11110 5555.0 2.6837 0.1333 2.6837 1.0181 2.9130
11120 5560.0 2.6364 2.0203 2.6364 0.9957 2.9666
11130 5565.0 2.6868 0.0867 2.6868 1.0203 2.9207
11140 5570.0 2.6826 0.1510 2.6826 0.9900 2.7927
11150 5575.0 2.7800 3.2000 2.7800 1.0106 2.7267
11160 5580.0 2.8317 8.6776 2.8317 0.9803 2.8731
11170 5585.0 2.7572 1.6364 2.7572 1.0386 2.8711
11180 5590.0 2.5439 12.1910 2.5439 1.0221 2.8251
11190 5595.0 2.6444 1.5446 2.6444 1.0152 2.8798
11200 5600.0 2.8029 5.2980 2.8029 0.9991 2.8181
11210 5605.0 2.7766 2.9317 2.7766 1.0158 2.8443
11220 5610.0 2.6875 0.0785 2.6875 1.0064 2.8428
11230 5615.0 2.7490 1.2017 2.7490 1.0430 2.6437
11240 5620.0 2.7266 0.3526 2.7266 0.9768 2.5766
11250 5625.0 2.7189 0.1784 2.7189 1.0672 2.7195
11260 5630.0 2.6869 0.0855 2.6869 0.9915 2.7612
11270 5635.0 2.7871 3.7889 2.7871 1.0497 2.6991
11280 5640.0 2.6814 0.1736 2.6814 0.9819 2.7868
11290 5645.0 2.6521 1.1458 2.6521 1.0561 2.7959
11300 5650.0 2.7134 0.0897 2.7134 0.9745 2.7731
11310 5655.0 2.8065 5.6714 2.8065 1.0441 2.7789
11320 5660.0 2.7078 0.0305 2.7078 0.9666 2.8647
11330 5665.0 2.7228 0.2608 2.7228 1.0334 2.8123
11340 5670.0 2.7364 0.6622 2.7364 0.9705 2.9101
11350 5675.0 2.7373 0.6943 2.7373 1.0250 2.8394
11360 5680.0 2.6561 0.9616 2.6561 0.9711 2.8202
11370 5685.0 2.7683 2.3293 2.7683 1.0343 2.8751
11380 5690.0 2.7943 4.4470 2.7943 0.9748 2.9275
11390 5695.0 2.6533 1.0913 2.6533 1.0365 2.9327
11400 5700.0 2.6481 1.3462 2.6481 0.9718 3.0125
11410 5705.0 2.8262 7.9675 2.8262 1.0319 2.8127
11420 5710.0 2.7853 3.6413 2.7853 0.9618 2.8422
11430 5715.0 2.6749 0.3139 2.6749 1.0751 2.9374
11440 5720.0 2.7439 0.9638 2.7439 0.9733 2.8873
11450 5725.0 2.7966 4.6637 2.7966 1.0612 2.7828
11460 5730.0 2.6971 0.0043 2.6971 1.0161 2.6762
11470 5735.0 2.6763 0.2813 2.6763 1.0047 2.6736
11480 5740.0 2.7761 2.8919 2.7761 1.0806 2.7345
11490 5745.0 2.7754 2.8423 2.7754 0.9892 2.7839
11500 5750.0 2.6864 0.0923 2.6864 1.0489 2.7800
11510 5755.0 2.7468 1.0936 2.7468 1.0080 2.8227
11520 5760.0 2.8056 5.5714 2.8056 1.0319 2.7630
11530 5765.0 2.7213 0.2262 2.7213 1.0161 2.7885
11540 5770.0 2.6632 0.6763 2.6632 1.0118 2.6687
11550 5775.0 2.7351 0.6159 2.7351 1.0246 2.6424
11560 5780.0 2.7717 2.5740 2.7717 0.9935 2.6138
11570 5785.0 2.7348 0.6070 2.7348 1.0194 2.6078
11580 5790.0 2.6543 1.0465 2.6543 0.9900 2.6048
11590 5795.0 2.7079 0.0310 2.7079 1.0175 2.6618
11600 5800.0 2.7671 2.2533 2.7671 0.9816 2.7259
11610 5805.0 2.7483 1.1653 2.7483 1.0063 2.6998
11620 5810.0 2.7393 0.7728 2.7393 0.9888 2.7856
11630 5815.0 2.7681 2.3166 2.7681 1.0373 2.9331
11640 5820.0 2.7748 2.7962 2.7748 0.9752 2.9367
11650 5825.0 2.7418 0.8754 2.7418 1.0192 2.8493
11660 5830.0 2.7938 4.3994 2.7938 0.9724 2.8254
11670 5835.0 2.8065 5.6752 2.8065 1.0295 2.7714
11680 5840.0 2.6961 0.0076 2.6961 0.9686 2.6977
11690 5845.0 2.6344 2.1545 2.6344 1.0218 2.5889
11700 5850.0 2.6929 0.0254 2.6929 0.9755 2.5110
11710 5855.0 2.7133 0.0882 2.7133 1.0149 2.4005
11720 5860.0 2.6708 0.4249 2.6708 0.9783 2.3993
11730 5865.0 2.7129 0.0834 2.7129 1.0117 2.4336
11740 5870.0 2.7256 0.3289 2.7256 0.9796 2.6065
11750 5875.0 2.7120 0.0715 2.7120 1.0251 2.7849
11760 5880.0 2.6663 0.5686 2.6663 0.9721 2.9128
11770 5885.0 2.7139 0.0968 2.7139 1.0088 2.9165
11780 5890.0 2.7948 4.4904 2.7948 0.9710 2.8293
11790 5895.0 2.8252 7.8353 2.8252 0.9943 2.7871
11800 5900.0 2.7268 0.3591 2.7268 0.9978 2.8319
11810 5905.0 2.6796 0.2090 2.6796 0.9645 2.7064
11820 5910.0 2.7494 1.2217 2.7494 1.0185 2.7119
11830 5915.0 2.8243 7.7196 2.8243 0.9615 2.6543
11840 5920.0 2.8054 5.5561 2.8054 1.0235 2.6874
11850 5925.0 2.7340 0.5785 2.7340 0.9809 2.7449
11860 5930.0 2.7181 0.1643 2.7181 1.0015 2.7573
11870 5935.0 2.7735 2.7037 2.7735 1.0163 2.7739
11880 5940.0 2.7411 0.8453 2.7411 0.9939 2.8175
11890 5945.0 2.6814 0.1728 2.6814 1.0205 2.7077
11900 5950.0 2.7067 0.0222 2.7067 0.9989 2.7440
11910 5955.0 2.7283 0.4004 2.7283 1.0155 2.7428
11920 5960.0 2.6841 0.1258 2.6841 1.0171 2.7162
11930 5965.0 2.7121 0.0730 2.7121 0.9995 2.8073
11940 5970.0 2.7749 2.8027 2.7749 1.0315 2.8973
11950 5975.0 2.7553 1.5284 2.7553 0.9906 2.9253
11960 5980.0 2.6877 0.0758 2.6877 1.0227 2.9006
11970 5985.0 2.6948 0.0136 2.6948 0.9991 2.9011
11980 5990.0 2.7342 0.5846 2.7342 1.0347 2.9358
11990 5995.0 2.7321 0.5165 2.7321 0.9895 2.9159
12000 6000.0 2.7532 1.4155 2.7532 1.0397 2.8673
12010 6005.0 2.7464 1.0777 2.7464 0.9621 2.9466
12020 6010.0 2.7595 1.7709 2.7595 1.0444 2.9522
12030 6015.0 2.7006 0.0002 2.7006 0.9662 2.9128
12040 6020.0 2.7156 0.1215 2.7156 1.0296 2.8609
12050 6025.0 2.7322 0.5184 2.7322 0.9784 2.7506
12060 6030.0 2.7740 2.7380 2.7740 0.9994 2.6647
12070 6035.0 2.7569 1.6181 2.7569 0.9799 2.6222
12080 6040.0 2.7231 0.2660 2.7231 0.9664 2.5825
12090 6045.0 2.7399 0.7974 2.7399 1.0081 2.5314
12100 6050.0 2.7308 0.4732 2.7308 0.9393 2.4889
12110 6055.0 2.7918 4.2094 2.7918 0.9975 2.4084
12120 6060.0 2.7466 1.0837 2.7466 0.9698 2.4102
12130 6065.0 2.7123 0.0754 2.7123 0.9750 2.4294
12140 6070.0 2.7697 2.4258 2.7697 1.0033 2.3804
12150 6075.0 2.7757 2.8651 2.7757 0.9460 2.3869
12160 6080.0 2.7801 3.2062 2.7801 0.9885 2.4357
12170 6085.0 2.6953 0.0108 2.6953 0.9881 2.5663
12180 6090.0 2.6602 0.7905 2.6602 0.9827 2.6381
12190 6095.0 2.7407 0.8288 2.7407 1.0048 2.5819
12200 6100.0 2.7558 1.5554 2.7558 0.9445 2.5107
12210 6105.0 2.7885 3.9192 2.7885 0.9942 2.4334
12220 6110.0 2.7106 0.0565 2.7106 0.9788 2.4567
12230 6115.0 2.7084 0.0356 2.7084 0.9780 2.4281
12240 6120.0 2.7749 2.8059 2.7749 0.9988 2.3569
12250 6125.0 2.7662 2.1942 2.7662 0.9442 2.3382
12260 6130.0 2.7836 3.4907 2.7836 0.9905 2.3481
12270 6135.0 2.7201 0.2015 2.7201 0.9776 2.4521
12280 6140.0 2.7011 0.0007 2.7011 0.9785 2.5304
12290 6145.0 2.7466 1.0865 2.7466 0.9962 2.5363
12300 6150.0 2.7719 2.5877 2.7719 0.9807 2.5312
12310 6155.0 2.7623 1.9429 2.7623 0.9816 2.5342
12320 6160.0 2.7337 0.5679 2.7337 0.9982 2.5299
12330 6165.0 2.7095 0.0450 2.7095 0.9982 2.5260
12340 6170.0 2.7259 0.3356 2.7259 1.0016 2.4721
12350 6175.0 2.7361 0.6511 2.7361 0.9785 2.3989
12360 6180.0 2.7871 3.7905 2.7871 1.0063 2.2946
12370 6185.0 2.7459 1.0512 2.7459 0.9670 2.3270
12380 6190.0 2.7352 0.6189 2.7352 1.0069 2.4014
12390 6195.0 2.7282 0.3977 2.7282 0.9786 2.4646
12400 6200.0 2.8084 5.8806 2.8084 0.9840 2.4070
12410 6205.0 2.8261 7.9504 2.8261 0.9893 2.3535
12420 6210.0 2.7069 0.0240 2.7069 0.9823 2.4299
12430 6215.0 2.6503 1.2363 2.6503 1.0136 2.4989
12440 6220.0 2.7175 0.1529 2.7175 0.9683 2.4238
12450 6225.0 2.8217 7.3999 2.8217 0.9607 2.3049
12460 6230.0 2.8473 10.8435 2.8473 0.9898 2.2423
12470 6235.0 2.7092 0.0423 2.7092 0.9506 2.3444
12480 6240.0 2.6861 0.0962 2.6861 1.0350 2.3979
12490 6245.0 2.6667 0.5539 2.6667 0.9619 2.4185
12500 6250.0 2.8161 6.7415 2.8161 0.9864 2.2857
12510 6255.0 2.8700 14.4537 2.8700 0.9554 2.2508
12520 6260.0 2.8272 8.0953 2.8272 0.9601 2.3182
12530 6265.0 2.6982 0.0017 2.6982 1.0115 2.4873
12540 6270.0 2.5931 5.7112 2.5931 0.9697 2.5943
12550 6275.0 2.7306 0.4687 2.7306 1.0067 2.4686
12560 6280.0 2.8734 15.0254 2.8734 0.9385 2.2739
12570 6285.0 2.8669 13.9217 2.8669 0.9822 2.2539
12580 6290.0 2.6311 2.3713 2.6311 0.9994 2.4578
12590 6295.0 2.5811 7.0634 2.5811 0.9707 2.4519
12600 6300.0 2.8531 11.7169 2.8531 1.0067 2.1304
12610 6305.0 2.8611 12.9786 2.8611 0.9066 2.0836
12620 6310.0 2.7561 1.5757 2.7561 1.0425 2.1918
12630 6315.0 2.5694 8.5217 2.5694 0.9551 2.3735
12640 6320.0 2.7203 0.2061 2.7203 1.0471 2.2427
12650 6325.0 2.8193 7.1143 2.8193 0.9639 2.1092
12660 6330.0 2.7846 3.5761 2.7846 0.9978 2.1592
12670 6335.0 2.6392 1.8496 2.6392 0.9969 2.3617
12680 6340.0 2.6894 0.0564 2.6894 0.9870 2.3062
12690 6345.0 2.8169 6.8298 2.8169 0.9958 2.1614
12700 6350.0 2.7901 4.0591 2.7901 0.9568 2.1954
12710 6355.0 2.7391 0.7640 2.7391 0.9919 2.2701
12720 6360.0 2.7218 0.2369 2.7218 0.9743 2.3103
12730 6365.0 2.7471 1.1101 2.7471 0.9881 2.3205
12740 6370.0 2.7033 0.0055 2.7033 0.9821 2.3778
12750 6375.0 2.6778 0.2458 2.6778 0.9907 2.3869
12760 6380.0 2.7299 0.4467 2.7299 0.9910 2.3180
12770 6385.0 2.7620 1.9239 2.7620 0.9508 2.2650
12780 6390.0 2.7983 4.8345 2.7983 1.0124 2.2413
12790 6395.0 2.6861 0.0972 2.6861 0.9577 2.3760
12800 6400.0 2.6935 0.0209 2.6935 0.9968 2.4133
12810 6405.0 2.7935 4.3701 2.7935 0.9646 2.2821
12820 6410.0 2.8568 12.2920 2.8568 0.9591 2.1833
12830 6415.0 2.8084 5.8744 2.8084 0.9917 2.2282
12840 6420.0 2.6339 2.1816 2.6339 0.9871 2.4188
12850 6425.0 2.6062 4.4038 2.6062 1.0029 2.4571
12860 6430.0 2.7572 1.6340 2.7572 0.9728 2.2739
12870 6435.0 2.8698 14.4086 2.8698 0.9641 2.1409
12880 6440.0 2.8150 6.6089 2.8150 0.9712 2.2054
12890 6445.0 2.6383 1.9043 2.6383 1.0018 2.4271
12900 6450.0 2.5996 5.0369 2.5996 0.9944 2.4944
12910 6455.0 2.7748 2.7966 2.7748 0.9810 2.3589
12920 6460.0 2.8768 15.6373 2.8768 0.9703 2.3569
12930 6465.0 2.7967 4.6801 2.7967 0.9571 2.5462
12940 6470.0 2.7184 0.1696 2.7184 1.0026 2.7072
12950 6475.0 2.7083 0.0348 2.7083 0.9741 2.6645
12960 6480.0 2.7554 1.5358 2.7554 0.9957 2.5534
12970 6485.0 2.7113 0.0634 2.7113 1.0032 2.5903
12980 6490.0 2.6484 1.3332 2.6484 0.9777 2.6471
12990 6495.0 2.7250 0.3136 2.7250 1.0030 2.5075
13000 6500.0 2.7570 1.6249 2.7570 0.9796 2.3428
13010 6505.0 2.7716 2.5637 2.7716 0.9913 2.2728
13020 6510.0 2.7219 0.2402 2.7219 0.9748 2.3331
13030 6515.0 2.7102 0.0516 2.7102 0.9838 2.3487
13040 6520.0 2.7473 1.1170 2.7473 0.9916 2.2796
13050 6525.0 2.7424 0.8984 2.7424 0.9690 2.2857
13060 6530.0 2.7281 0.3961 2.7281 1.0052 2.3899
13070 6535.0 2.6293 2.4960 2.6293 0.9803 2.5635
13080 6540.0 2.6652 0.6047 2.6652 1.0188 2.5773
13090 6545.0 2.7050 0.0126 2.7050 0.9731 2.4907
13100 6550.0 2.7234 0.2731 2.7234 0.9966 2.5041
13110 6555.0 2.6802 0.1962 2.6802 1.0055 2.6092
13120 6560.0 2.6897 0.0530 2.6897 0.9986 2.6014
13130 6565.0 2.7517 1.3339 2.7517 1.0047 2.4987
13140 6570.0 2.7142 0.1012 2.7142 0.9740 2.5263
13150 6575.0 2.7067 0.0226 2.7067 1.0574 2.6265
13160 6580.0 2.6172 3.4308 2.6172 1.0072 2.7123
13170 6585.0 2.7094 0.0440 2.7094 1.0475 2.6112
13180 6590.0 2.6766 0.2740 2.6766 0.9663 2.5898
13190 6595.0 2.7121 0.0729 2.7121 1.0825 2.6496
13200 6600.0 2.5922 5.8051 2.5922 0.9882 2.7599
13210 6605.0 2.6812 0.1770 2.6812 1.0416 2.7088
13220 6610.0 2.7294 0.4314 2.7294 0.9564 2.6240
13230 6615.0 2.7702 2.4642 2.7702 1.0340 2.6635
13240 6620.0 2.6416 1.7055 2.6416 0.9617 2.7658
13250 6625.0 2.7271 0.3678 2.7271 1.0476 2.7317
13260 6630.0 2.7193 0.1858 2.7193 0.9405 2.6897
13270 6635.0 2.7188 0.1762 2.7188 1.0710 2.7776
13280 6640.0 2.6084 4.1941 2.6084 0.9422 2.8024
13290 6645.0 2.7615 1.8930 2.7615 1.0912 2.6812
13300 6650.0 2.6701 0.4469 2.6701 0.9364 2.6701
13310 6655.0 2.7210 0.2205 2.7210 1.1012 2.6779
13320 6660.0 2.6773 0.2586 2.6773 0.9552 2.6290
13330 6665.0 2.8161 6.7440 2.8161 1.0570 2.4659
13340 6670.0 2.7074 0.0270 2.7074 0.9321 2.5357
13350 6675.0 2.7353 0.6220 2.7353 1.0951 2.5816
13360 6680.0 2.6592 0.8322 2.6592 0.9458 2.6191
13370 6685.0 2.7537 1.4399 2.7537 1.0751 2.5913
13380 6690.0 2.6655 0.5964 2.6655 0.9290 2.6539
13390 6695.0 2.7231 0.2668 2.7231 1.0581 2.6398
13400 6700.0 2.7154 0.1182 2.7154 0.9317 2.5827
13410 6705.0 2.7539 1.4545 2.7539 1.0740 2.5731
13420 6710.0 2.6589 0.8426 2.6589 0.9384 2.5202
13430 6715.0 2.7334 0.5577 2.7334 1.0676 2.4760
13440 6720.0 2.6606 0.7745 2.6606 0.9423 2.4431
13450 6725.0 2.7464 1.0770 2.7464 1.0732 2.4725
13460 6730.0 2.6634 0.6705 2.6634 0.9460 2.5261
13470 6735.0 2.7506 1.2789 2.7506 1.0627 2.5596
13480 6740.0 2.6973 0.0036 2.6973 0.9702 2.5666
13490 6745.0 2.7104 0.0539 2.7104 1.0447 2.5589
13500 6750.0 2.6303 2.4318 2.6303 0.9877 2.6039
13510 6755.0 2.6800 0.1996 2.6800 1.0455 2.5908
13520 6760.0 2.6679 0.5159 2.6679 0.9698 2.6061
13530 6765.0 2.7166 0.1382 2.7166 1.0280 2.6187
13540 6770.0 2.6942 0.0171 2.6942 0.9797 2.6251
13550 6775.0 2.7087 0.0376 2.7087 1.0234 2.6152
13560 6780.0 2.6353 2.0899 2.6353 0.9862 2.7050
13570 6785.0 2.6563 0.9569 2.6563 1.0393 2.7252
13580 6790.0 2.7296 0.4384 2.7296 0.9905 2.6661
13590 6795.0 2.7897 4.0236 2.7897 1.0188 2.6304
13600 6800.0 2.6826 0.1509 2.6826 0.9970 2.7648
13610 6805.0 2.6345 2.1440 2.6345 1.0069 2.8250
13620 6810.0 2.7090 0.0409 2.7090 1.0145 2.7725
13630 6815.0 2.7083 0.0348 2.7083 1.0047 2.8318
13640 6820.0 2.6841 0.1266 2.6841 0.9895 2.9214
13650 6825.0 2.7515 1.3237 2.7515 0.9942 2.8875
13660 6830.0 2.7194 0.1872 2.7194 0.9927 2.8955
13670 6835.0 2.6179 3.3738 2.6179 0.9942 2.9637
13680 6840.0 2.6754 0.3015 2.6754 0.9909 2.8937
13690 6845.0 2.7764 2.9184 2.7764 1.0032 2.7897
13700 6850.0 2.7179 0.1606 2.7179 0.9866 2.7996
13710 6855.0 2.6472 1.3941 2.6472 1.0146 2.7763
13720 6860.0 2.7260 0.3370 2.7260 0.9984 2.6256
13730 6865.0 2.7256 0.3278 2.7256 0.9994 2.5887
13740 6870.0 2.6861 0.0960 2.6861 1.0040 2.6004
13750 6875.0 2.7267 0.3567 2.7267 0.9832 2.5038
13760 6880.0 2.7652 2.1269 2.7652 1.0212 2.4115
13770 6885.0 2.7217 0.2350 2.7217 0.9588 2.4420
13780 6890.0 2.6605 0.7785 2.6605 1.0256 2.5082
13790 6895.0 2.7322 0.5187 2.7322 0.9652 2.4486
13800 6900.0 2.7573 1.6424 2.7573 1.0317 2.4422
13810 6905.0 2.6753 0.3048 2.6753 0.9682 2.5609
13820 6910.0 2.6568 0.9336 2.6568 1.0255 2.6281
13830 6915.0 2.6616 0.7384 2.6616 0.9689 2.6679
13840 6920.0 2.6991 0.0004 2.6991 1.0278 2.6544
13850 6925.0 2.6758 0.2916 2.6758 0.9665 2.6546
13860 6930.0 2.7134 0.0902 2.7134 1.0462 2.5867
13870 6935.0 2.6727 0.3716 2.6727 0.9877 2.5677
13880 6940.0 2.6771 0.2619 2.6771 1.0676 2.5535
13890 6945.0 2.6977 0.0028 2.6977 0.9850 2.6061
13900 6950.0 2.7208 0.2165 2.7208 1.0530 2.5859
13910 6955.0 2.6318 2.3271 2.6318 1.0427 2.6824
13920 6960.0 2.6526 1.1257 2.6526 1.0307 2.6922
13930 6965.0 2.7528 1.3950 2.7528 1.0163 2.6570
13940 6970.0 2.7124 0.0768 2.7124 0.9837 2.7740
13950 6975.0 2.6758 0.2929 2.6758 1.0021 2.8484
13960 6980.0 2.7376 0.7076 2.7376 0.9925 2.7888
13970 6985.0 2.7199 0.1972 2.7199 1.0108 2.8231
13980 6990.0 2.6662 0.5706 2.6662 0.9813 2.8783
13990 6995.0 2.7455 1.0340 2.7455 1.0099 2.8810
14000 7000.0 2.8023 5.2293 2.8023 0.9842 2.9013
14010 7005.0 2.6773 0.2579 2.6773 1.0012 2.8353
14020 7010.0 2.6628 0.6910 2.6628 0.9673 2.8615
14030 7015.0 2.7653 2.1292 2.7653 1.0177 2.9001
14040 7020.0 2.7775 3.0026 2.7775 0.9650 2.9325
14050 7025.0 2.6831 0.1429 2.6831 1.0193 2.8817
14060 7030.0 2.7262 0.3428 2.7262 0.9667 2.9653
14070 7035.0 2.7539 1.4518 2.7539 1.0331 2.9007
14080 7040.0 2.7310 0.4813 2.7310 0.9780 2.8519
14090 7045.0 2.7262 0.3444 2.7262 1.0325 2.8475
14100 7050.0 2.7514 1.3203 2.7514 0.9770 2.8641
14110 7055.0 2.7321 0.5156 2.7321 1.0157 2.8911
14120 7060.0 2.6981 0.0018 2.6981 0.9888 2.9004
14130 7065.0 2.7290 0.4211 2.7290 1.0200 2.9401
14140 7070.0 2.7253 0.3208 2.7253 0.9995 2.9524
14150 7075.0 2.6898 0.0520 2.6898 1.0139 2.8972
14160 7080.0 2.7198 0.1969 2.7198 0.9786 2.9421
14170 7085.0 2.7108 0.0586 2.7108 1.0514 2.9323
14180 7090.0 2.7175 0.1537 2.7175 0.9872 2.8751
14190 7095.0 2.6860 0.0975 2.6860 1.0786 2.8779
14200 7100.0 2.7211 0.2217 2.7211 0.9842 2.8316
14210 7105.0 2.7418 0.8750 2.7418 1.0677 2.8040
14220 7110.0 2.7522 1.3614 2.7522 1.0373 2.7521
14230 7115.0 2.6693 0.4704 2.6693 1.0577 2.6867
14240 7120.0 2.6601 0.7978 2.6601 1.1287 2.6320
14250 7125.0 2.7495 1.2232 2.7495 0.9903 2.6808
14260 7130.0 2.7595 1.7697 2.7595 1.0329 2.6298
14270 7135.0 2.7069 0.0236 2.7069 1.0685 2.5209
14280 7140.0 2.6854 0.1071 2.6854 1.0052 2.5773
14290 7145.0 2.7354 0.6281 2.7354 1.0236 2.5789
14300 7150.0 2.7044 0.0097 2.7044 0.9976 2.5794
14310 7155.0 2.7202 0.2045 2.7202 1.0032 2.5539
14320 7160.0 2.7235 0.2759 2.7235 0.9903 2.5563
14330 7165.0 2.7304 0.4615 2.7304 1.0065 2.5444
14340 7170.0 2.6980 0.0021 2.6980 0.9789 2.4973
14350 7175.0 2.7343 0.5894 2.7343 1.0264 2.4992
14360 7180.0 2.7173 0.1501 2.7173 0.9911 2.5383
14370 7185.0 2.7129 0.0835 2.7129 1.0196 2.5342
14380 7190.0 2.6979 0.0023 2.6979 0.9903 2.4930
14390 7195.0 2.7547 1.4969 2.7547 1.0402 2.4304
14400 7200.0 2.7053 0.0140 2.7053 0.9926 2.3704
14410 7205.0 2.7386 0.7453 2.7386 1.0319 2.3959
14420 7210.0 2.6740 0.3382 2.6740 0.9827 2.4136
14430 7215.0 2.6995 0.0001 2.6995 1.0575 2.4555
14440 7220.0 2.6904 0.0460 2.6904 0.9898 2.5339
14450 7225.0 2.7201 0.2018 2.7201 1.0588 2.5744
14460 7230.0 2.6931 0.0240 2.6931 1.0705 2.5832
14470 7235.0 2.6698 0.4550 2.6698 0.9769 2.6517
14480 7240.0 2.7729 2.6549 2.7729 1.0781 2.7157
14490 7245.0 2.6488 1.3116 2.6488 0.9683 2.7411
14500 7250.0 2.7097 0.0471 2.7097 1.1221 2.7489
14510 7255.0 2.6186 3.3152 2.6186 0.9765 2.6902
14520 7260.0 2.7520 1.3502 2.7520 1.0699 2.7022
14530 7265.0 2.6889 0.0619 2.6889 0.9718 2.6764
14540 7270.0 2.7002 0.0000 2.7002 1.0923 2.5687
14550 7275.0 2.6541 1.0515 2.6541 1.0967 2.5129
14560 7280.0 2.6296 2.4797 2.6296 0.9788 2.5981
14570 7285.0 2.7821 3.3694 2.7821 1.0845 2.7419
14580 7290.0 2.7092 0.0426 2.7092 0.9754 2.7298
14590 7295.0 2.6797 0.2058 2.6797 1.1088 2.6468
14600 7300.0 2.7066 0.0215 2.7066 1.0772 2.7343
14610 7305.0 2.7709 2.5127 2.7709 0.9747 2.7074
14620 7310.0 2.7787 3.0966 2.7787 1.0649 2.7333
14630 7315.0 2.6174 3.4083 2.6174 0.9851 2.8218
14640 7320.0 2.6880 0.0720 2.6880 1.1059 2.7581
14650 7325.0 2.6911 0.0399 2.6911 0.9553 2.6109
14660 7330.0 2.8074 5.7717 2.8074 1.0481 2.5167
14670 7335.0 2.6836 0.1350 2.6836 0.9478 2.6170
14680 7340.0 2.7250 0.3119 2.7250 1.0654 2.6580
14690 7345.0 2.6147 3.6412 2.6147 0.9556 2.7169
14700 7350.0 2.7095 0.0448 2.7095 1.0697 2.7014
14710 7355.0 2.6152 3.5946 2.6152 0.9626 2.7862
14720 7360.0 2.7245 0.2996 2.7245 1.0611 2.7302
14730 7365.0 2.7328 0.5386 2.7328 0.9364 2.6296
14740 7370.0 2.7565 1.5976 2.7565 1.0404 2.6304
14750 7375.0 2.5834 6.8010 2.5834 0.9798 2.7663
14760 7380.0 2.6488 1.3113 2.6488 1.0338 2.6955
14770 7385.0 2.7627 1.9658 2.7627 0.9742 2.4993
14780 7390.0 2.8001 5.0131 2.8001 0.9798 2.4411
14790 7395.0 2.6949 0.0131 2.6949 1.0035 2.5447
14800 7400.0 2.5746 7.8653 2.5746 1.0115 2.6364
14810 7405.0 2.6765 0.2759 2.6765 1.0149 2.4904
14820 7410.0 2.7940 4.4167 2.7940 0.9615 2.3228
14830 7415.0 2.8747 15.2577 2.8747 1.0080 2.2433
14840 7420.0 2.7356 0.6320 2.7356 0.9403 2.4308
14850 7425.0 2.6438 1.5773 2.6438 1.0623 2.6260
14860 7430.0 2.5968 5.3211 2.5968 0.9550 2.6311
14870 7435.0 2.8039 5.3977 2.8039 1.0373 2.4440
14880 7440.0 2.7950 4.5143 2.7950 0.9291 2.4255
14890 7445.0 2.8044 5.4510 2.8044 1.0210 2.4467
14900 7450.0 2.6352 2.0984 2.6352 0.9997 2.5944
14910 7455.0 2.6910 0.0409 2.6910 1.0838 2.5499
14920 7460.0 2.7119 0.0705 2.7119 0.9528 2.5194
14930 7465.0 2.7504 1.2704 2.7504 1.0674 2.6303
14940 7470.0 2.5985 5.1474 2.5985 0.9784 2.7578
14950 7475.0 2.6945 0.0152 2.6945 1.0807 2.6853
14960 7480.0 2.7362 0.6544 2.7362 0.9712 2.5430
14970 7485.0 2.7932 4.3434 2.7932 1.0430 2.5142
14980 7490.0 2.6697 0.4587 2.6697 1.0087 2.6968
14990 7495.0 2.6956 0.0098 2.6956 1.0353 2.7426
15000 7500.0 2.7331 0.5473 2.7331 0.9688 2.6851
15010 7505.0 2.7939 4.4068 2.7939 1.0436 2.6925
15020 7510.0 2.6164 3.4987 2.6164 0.9638 2.9328
15030 7515.0 2.6468 1.4168 2.6468 1.0551 2.9646
15040 7520.0 2.7087 0.0378 2.7087 0.9637 2.7438
15050 7525.0 2.7726 2.6335 2.7726 1.0384 2.5826
15060 7530.0 2.6257 2.7633 2.6257 0.9827 2.6993
15070 7535.0 2.6451 1.5047 2.6451 1.0667 2.7041
15080 7540.0 2.7168 0.1411 2.7168 0.9601 2.5847
15090 7545.0 2.8457 10.6137 2.8457 0.9921 2.4614
15100 7550.0 2.7366 0.6716 2.7366 1.0027 2.6151
15110 7555.0 2.6342 2.1667 2.6342 1.0190 2.7334
15120 7560.0 2.6950 0.0124 2.6950 0.9902 2.6502
15130 7565.0 2.7749 2.8078 2.7749 1.0114 2.5651
15140 7570.0 2.7118 0.0701 2.7118 0.9774 2.6457
15150 7575.0 2.6938 0.0194 2.6938 0.9881 2.7078
15160 7580.0 2.7971 4.7099 2.7971 0.9996 2.6146
15170 7585.0 2.7430 0.9236 2.7430 0.9536 2.6469
15180 7590.0 2.6706 0.4322 2.6706 1.0368 2.7137
15190 7595.0 2.6562 0.9595 2.6562 0.9743 2.6878
15200 7600.0 2.7630 1.9818 2.7630 1.0244 2.5654
15210 7605.0 2.6947 0.0141 2.6947 0.9464 2.6267
15220 7610.0 2.6847 0.1176 2.6847 1.0408 2.6787
15230 7615.0 2.6481 1.3478 2.6481 0.9795 2.6786
15240 7620.0 2.7228 0.2608 2.7228 1.0351 2.5802
15250 7625.0 2.6883 0.0685 2.6883 0.9824 2.6947
15260 7630.0 2.7012 0.0007 2.7012 1.0516 2.7907
15270 7635.0 2.7136 0.0930 2.7136 0.9524 2.7449
15280 7640.0 2.8015 5.1481 2.8015 1.0262 2.6199
15290 7645.0 2.6700 0.4513 2.6700 0.9952 2.7589
15300 7650.0 2.6391 1.8555 2.6391 1.0773 2.8490
15310 7655.0 2.7162 0.1319 2.7162 0.9481 2.7545
15320 7660.0 2.8189 7.0710 2.8189 1.0459 2.6885
15330 7665.0 2.6720 0.3928 2.6720 0.9889 2.7694
15340 7670.0 2.6776 0.2516 2.6776 1.0558 2.7365
15350 7675.0 2.7590 1.7412 2.7590 0.9798 2.5653
15360 7680.0 2.8234 7.6079 2.8234 0.9991 2.4920
15370 7685.0 2.7587 1.7203 2.7587 1.0191 2.5650
15380 7690.0 2.6575 0.9025 2.6575 1.0160 2.6391
15390 7695.0 2.6597 0.8111 2.6597 1.0247 2.6184
15400 7700.0 2.6993 0.0002 2.6993 1.0219 2.6074
15410 7705.0 2.7234 0.2732 2.7234 0.9917 2.6306
15420 7710.0 2.7102 0.0523 2.7102 0.9648 2.6073
15430 7715.0 2.7110 0.0600 2.7110 1.0400 2.5517
15440 7720.0 2.5730 8.0589 2.5730 0.9984 2.6150
15450 7725.0 2.6286 2.5487 2.6286 1.0394 2.5724
15460 7730.0 2.6967 0.0054 2.6967 0.9761 2.4574
15470 7735.0 2.8298 8.4274 2.8298 1.0022 2.2724
15480 7740.0 2.7497 1.2332 2.7497 0.9372 2.2572
15490 7745.0 2.7028 0.0039 2.7028 1.0431 2.3220
15500 7750.0 2.5960 5.4094 2.5960 0.9871 2.4421
15510 7755.0 2.6842 0.1254 2.6842 1.0196 2.3732
15520 7760.0 2.7814 3.3123 2.7814 0.9905 2.1954
15530 7765.0 2.7409 0.8348 2.7409 0.9499 2.1969
15540 7770.0 2.7027 0.0036 2.7027 1.0518 2.3116
15550 7775.0 2.5537 10.7078 2.5537 0.9885 2.4547
15560 7780.0 2.6903 0.0467 2.6903 1.0543 2.3477
15570 7785.0 2.7205 0.2106 2.7205 0.9308 2.2539
15580 7790.0 2.8142 6.5171 2.8142 1.0113 2.1958
15590 7795.0 2.6867 0.0890 2.6867 0.9801 2.3889
15600 7800.0 2.6646 0.6257 2.6646 1.0435 2.5333
15610 7805.0 2.7027 0.0037 2.7027 0.9773 2.5571
15620 7810.0 2.8160 6.7250 2.8160 0.9888 2.5151
15630 7815.0 2.7958 4.5867 2.7958 0.9847 2.5910
15640 7820.0 2.7097 0.0468 2.7097 0.9972 2.7191
15650 7825.0 2.6592 0.8315 2.6592 1.0152 2.7807
15660 7830.0 2.7139 0.0966 2.7139 0.9970 2.6848
15670 7835.0 2.7645 2.0815 2.7645 0.9968 2.6021
15680 7840.0 2.7412 0.8499 2.7412 1.0038 2.6524
15690 7845.0 2.7124 0.0771 2.7124 1.0169 2.6912
15700 7850.0 2.7021 0.0023 2.7021 1.0028 2.6801
15710 7855.0 2.7390 0.7591 2.7390 1.0283 2.6438
15720 7860.0 2.6943 0.0164 2.6943 1.0071 2.7457
15730 7865.0 2.6799 0.2026 2.6799 1.0190 2.8229
15740 7870.0 2.7283 0.4014 2.7283 1.0071 2.7838
15750 7875.0 2.7293 0.4278 2.7293 0.9777 2.7174
15760 7880.0 2.7215 0.2311 2.7215 1.0609 2.7555
15770 7885.0 2.5942 5.6012 2.5942 0.9867 2.8222
15780 7890.0 2.6902 0.0482 2.6902 1.0818 2.7683
15790 7895.0 2.7012 0.0007 2.7012 1.0370 2.7270
15800 7900.0 2.7010 0.0005 2.7010 1.0313 2.7755
15810 7905.0 2.7193 0.1861 2.7193 1.0631 2.8440
15820 7910.0 2.6688 0.4877 2.6688 0.9959 2.8050
15830 7915.0 2.7981 4.8134 2.7981 1.0957 2.8187
15840 7920.0 2.6707 0.4300 2.6707 0.9725 2.7893
15850 7925.0 2.7516 1.3329 2.7516 1.1050 2.7950
15860 7930.0 2.6371 1.9765 2.6371 0.9864 2.7562
15870 7935.0 2.6905 0.0450 2.6905 1.0656 2.7574
15880 7940.0 2.6931 0.0238 2.6931 1.0113 2.7774
15890 7945.0 2.7394 0.7770 2.7394 1.0245 2.8068
15900 7950.0 2.7355 0.6292 2.7355 0.9835 2.8148
15910 7955.0 2.8103 6.0853 2.8103 1.0248 2.7154
15920 7960.0 2.7743 2.7634 2.7743 0.9394 2.5944
15930 7965.0 2.8031 5.3177 2.8031 1.0359 2.5355
15940 7970.0 2.6400 1.8021 2.6400 0.9565 2.6131
15950 7975.0 2.6738 0.3420 2.6738 1.0388 2.5845
15960 7980.0 2.7074 0.0276 2.7074 0.9613 2.4922
15970 7985.0 2.7776 3.0130 2.7776 0.9833 2.4319
15980 7990.0 2.7356 0.6325 2.7356 0.9947 2.5617
15990 7995.0 2.6643 0.6389 2.6643 1.0008 2.6998
16000 8000.0 2.6735 0.3511 2.6735 1.0038 2.7242
16010 8005.0 2.7500 1.2490 2.7500 0.9783 2.7013
16020 8010.0 2.7892 3.9788 2.7892 0.9799 2.7295
16030 8015.0 2.7291 0.4236 2.7291 0.9973 2.8376
16040 8020.0 2.6878 0.0739 2.6878 0.9994 2.7711
16050 8025.0 2.7322 0.5176 2.7322 1.0001 2.7587
16060 8030.0 2.7515 1.3252 2.7515 0.9933 2.7519
16070 8035.0 2.6939 0.0185 2.6939 1.0021 2.6964
16080 8040.0 2.7002 0.0000 2.7002 1.0278 2.6854
16090 8045.0 2.7638 2.0361 2.7638 0.9863 2.7036
16100 8050.0 2.7961 4.6159 2.7961 1.0077 2.6904
16110 8055.0 2.6988 0.0007 2.6988 0.9994 2.5882
16120 8060.0 2.6958 0.0088 2.6958 0.9962 2.6157
16130 8065.0 2.8212 7.3422 2.8212 1.0020 2.8105
16140 8070.0 2.7858 3.6841 2.7858 0.9401 2.8533
16150 8075.0 2.7291 0.4239 2.7291 1.0377 2.8334
16160 8080.0 2.6072 4.3056 2.6072 0.9777 2.7966
16170 8085.0 2.7056 0.0157 2.7056 1.0446 2.8851
16180 8090.0 2.7355 0.6288 2.7355 0.9778 2.8388
16190 8095.0 2.7758 2.8750 2.7758 1.0282 2.7971
16200 8100.0 2.6630 0.6860 2.6630 0.9916 2.8584
16210 8105.0 2.6465 1.4290 2.6465 1.0287 2.8593
16220 8110.0 2.6876 0.0774 2.6876 0.9940 2.8255
16230 8115.0 2.7380 0.7207 2.7380 1.0163 2.8442
16240 8120.0 2.6831 0.1423 2.6831 1.0163 2.9674
16250 8125.0 2.6679 0.5161 2.6679 1.0119 2.8963
16260 8130.0 2.7413 0.8534 2.7413 1.0255 2.8910
16270 8135.0 2.7583 1.7015 2.7583 0.9908 2.8769
16280 8140.0 2.7213 0.2275 2.7213 1.0201 2.8795
16290 8145.0 2.6396 1.8225 2.6396 1.0365 2.8452
16300 8150.0 2.6738 0.3443 2.6738 1.0222 2.7184
16310 8155.0 2.7357 0.6362 2.7357 0.9857 2.6190
16320 8160.0 2.7538 1.4496 2.7538 1.0063 2.6690
16330 8165.0 2.7080 0.0316 2.7080 1.0056 2.7973
16340 8170.0 2.7316 0.4986 2.7316 1.0098 2.8011
16350 8175.0 2.7681 2.3199 2.7681 0.9962 2.7582
16360 8180.0 2.7136 0.0925 2.7136 1.0101 2.8663
16370 8185.0 2.6458 1.4683 2.6458 1.0248 2.9739
16380 8190.0 2.7545 1.4831 2.7545 0.9955 2.8757
16390 8195.0 2.8093 5.9778 2.8093 1.0010 2.7908
16400 8200.0 2.6774 0.2543 2.6774 1.0009 2.8662
16410 8205.0 2.6484 1.3337 2.6484 1.0100 2.7914
16420 8210.0 2.7809 3.2737 2.7809 0.9993 2.7572
16430 8215.0 2.8212 7.3468 2.8212 0.9803 2.6774
16440 8220.0 2.7032 0.0051 2.7032 0.9979 2.7822
16450 8225.0 2.6360 2.0490 2.6360 1.0069 2.7861
16460 8230.0 2.7580 1.6828 2.7580 1.0165 2.7343
16470 8235.0 2.7721 2.5971 2.7721 0.9798 2.6698
16480 8240.0 2.7158 0.1252 2.7158 1.0217 2.7431
16490 8245.0 2.6425 1.6525 2.6425 1.0184 2.8360
16500 8250.0 2.7178 0.1591 2.7178 1.0349 2.7644
16510 8255.0 2.7437 0.9558 2.7437 0.9845 2.6868
16520 8260.0 2.7197 0.1935 2.7197 1.0378 2.6922
16530 8265.0 2.6203 3.1786 2.6203 1.0180 2.7630
16540 8270.0 2.6854 0.1071 2.6854 1.0343 2.6924
16550 8275.0 2.7355 0.6293 2.7355 1.0155 2.6316
16560 8280.0 2.7372 0.6936 2.7372 1.0115 2.6054
16570 8285.0 2.7134 0.0899 2.7134 1.0314 2.6014
16580 8290.0 2.6506 1.2178 2.6506 1.0209 2.6119
16590 8295.0 2.6802 0.1953 2.6802 1.0776 2.5849
16600 8300.0 2.6288 2.5317 2.6288 1.0004 2.6296
16610 8305.0 2.7314 0.4935 2.7314 1.0811 2.5982
16620 8310.0 2.6460 1.4588 2.6460 0.9960 2.6169
16630 8315.0 2.6794 0.2118 2.6794 1.0559 2.5527
16640 8320.0 2.6122 3.8557 2.6122 1.0209 2.5908
16650 8325.0 2.6316 2.3414 2.6316 1.0438 2.6161
16660 8330.0 2.7474 1.1253 2.7474 1.0235 2.5170
16670 8335.0 2.7580 1.6824 2.7580 0.9816 2.5236
16680 8340.0 2.7043 0.0091 2.7043 1.0377 2.6300
16690 8345.0 2.6344 2.1504 2.6344 1.0170 2.6512
16700 8350.0 2.6825 0.1540 2.6825 1.0346 2.5866
16710 8355.0 2.6413 1.7202 2.6413 1.0084 2.6681
16720 8360.0 2.6927 0.0269 2.6927 1.0664 2.7320
16730 8365.0 2.7065 0.0210 2.7065 0.9876 2.6952
16740 8370.0 2.7966 4.6677 2.7966 0.9987 2.6136
16750 8375.0 2.7937 4.3869 2.7937 0.9922 2.6728
16760 8380.0 2.7141 0.0994 2.7141 1.0125 2.6835
16770 8385.0 2.6686 0.4916 2.6686 1.0564 2.5999
16780 8390.0 2.7353 0.6246 2.7353 0.9821 2.6807
16790 8395.0 2.8425 10.1574 2.8425 1.0063 2.7797
16800 8400.0 2.7257 0.3314 2.7257 0.9993 2.6726
16810 8405.0 2.6830 0.1438 2.6830 1.0285 2.6026
16820 8410.0 2.7446 0.9953 2.7446 0.9929 2.6638
16830 8415.0 2.7377 0.7119 2.7377 1.0447 2.6650
16840 8420.0 2.6015 4.8481 2.6015 0.9886 2.5999
16850 8425.0 2.7263 0.3461 2.7263 1.0529 2.7245
16860 8430.0 2.7400 0.7995 2.7400 0.9817 2.7620
16870 8435.0 2.6803 0.1942 2.6803 1.0427 2.6695
16880 8440.0 2.5967 5.3367 2.5967 1.0082 2.6083
16890 8445.0 2.6752 0.3072 2.6752 1.0478 2.6749
16900 8450.0 2.6773 0.2579 2.6773 0.9932 2.7282
16910 8455.0 2.7395 0.7821 2.7395 1.0292 2.7816
16920 8460.0 2.7722 2.6063 2.7722 1.0046 2.7852
16930 8465.0 2.8267 8.0309 2.8267 1.0124 2.7598
16940 8470.0 2.7634 2.0092 2.7634 0.9921 2.8324
16950 8475.0 2.6828 0.1474 2.6828 1.0417 2.9231
16960 8480.0 2.6109 3.9713 2.6109 1.0540 2.9427
16970 8485.0 2.6354 2.0858 2.6354 1.0213 2.9309
16980 8490.0 2.7587 1.7200 2.7587 0.9792 2.8223
16990 8495.0 2.8476 10.8956 2.8476 0.9645 2.8379
17000 8500.0 2.8419 10.0726 2.8419 0.9805 2.7988
17010 8505.0 2.6411 1.7369 2.6411 0.9967 2.6614
17020 8510.0 2.5134 17.4181 2.5134 1.0330 2.5838
17030 8515.0 2.6877 0.0757 2.6877 0.9950 2.6391
17040 8520.0 2.7949 4.5013 2.7949 0.9771 2.6269
17050 8525.0 2.7286 0.4080 2.7286 1.0153 2.5234
17060 8530.0 2.7036 0.0065 2.7036 0.9444 2.5872
17070 8535.0 2.8387 9.6180 2.8387 1.0368 2.7054
17080 8540.0 2.6740 0.3389 2.6740 0.9518 2.7267
17090 8545.0 2.5689 8.5990 2.5689 1.0500 2.5630
17100 8550.0 2.7365 0.6655 2.7365 0.9715 2.4946
17110 8555.0 2.8803 16.2543 2.8803 0.9800 2.4351
17120 8560.0 2.7908 4.1193 2.7908 1.0188 2.3101
17130 8565.0 2.5963 5.3812 2.5963 0.9735 2.3373
17140 8570.0 2.6355 2.0775 2.6355 1.0538 2.3565
17150 8575.0 2.6732 0.3585 2.6732 0.9713 2.3868
17160 8580.0 2.7305 0.4664 2.7305 1.0558 2.2145
17170 8585.0 2.7790 3.1235 2.7790 0.9353 2.2830
17180 8590.0 2.8870 17.4793 2.8870 1.0674 2.1901
17190 8595.0 2.7224 0.2509 2.7224 0.9278 2.2359
17200 8600.0 2.5811 7.0642 2.5811 1.0999 2.0619
17210 8605.0 2.6464 1.4368 2.6464 0.9463 2.2548
17220 8610.0 2.7150 0.1118 2.7150 1.0827 2.2016
17230 8615.0 2.6205 3.1608 2.6205 0.9313 2.3072
17240 8620.0 2.7838 3.5079 2.7838 1.0705 2.3024
17250 8625.0 2.7902 4.0704 2.7902 0.8988 2.5164
17260 8630.0 2.7589 1.7350 2.7589 1.1114 2.5854
17270 8635.0 2.6285 2.5566 2.6285 0.9013 2.7357
17280 8640.0 2.6557 0.9805 2.6557 1.0922 2.6973
17290 8645.0 2.8530 11.7026 2.8530 0.9117 2.7678
17300 8650.0 2.7871 3.7893 2.7871 1.0660 2.8009
17310 8655.0 2.5149 17.1289 2.5149 0.9580 2.6455
17320 8660.0 2.6509 1.2070 2.6509 1.0549 2.5293
17330 8665.0 2.7854 3.6446 2.7854 1.0189 2.6335
17340 8670.0 2.6816 0.1687 2.6816 1.0211 2.6729
17350 8675.0 2.7370 0.6862 2.7370 1.0316 2.7639
17360 8680.0 2.8034 5.3509 2.8034 0.9861 2.6682
17370 8685.0 2.6485 1.3271 2.6485 1.0225 2.8094
17380 8690.0 2.5074 18.5444 2.5074 1.0266 2.6970
17390 8695.0 2.6915 0.0359 2.6915 1.0680 2.8474
17400 8700.0 2.7429 0.9208 2.7429 0.9596 2.7869
17410 8705.0 2.7667 2.2231 2.7667 1.0089 2.8418
17420 8710.0 2.6852 0.1095 2.6852 0.9853 2.8028
17430 8715.0 2.6772 0.2604 2.6772 1.0573 2.7628
17440 8720.0 2.7009 0.0004 2.7009 1.0055 2.7849
17450 8725.0 2.7349 0.6093 2.7349 1.0202 2.8086
17460 8730.0 2.7553 1.5295 2.7553 0.9813 2.8881
17470 8735.0 2.7747 2.7924 2.7747 1.0178 2.7957
17480 8740.0 2.6619 0.7274 2.6619 1.0063 2.5802
17490 8745.0 2.6222 3.0227 2.6222 1.0102 2.5286
17500 8750.0 2.7487 1.1859 2.7487 0.9917 2.6712
17510 8755.0 2.7505 1.2753 2.7505 1.0077 2.7359
17520 8760.0 2.6663 0.5690 2.6663 1.0065 2.7764
17530 8765.0 2.7108 0.0585 2.7108 0.9967 2.9377
17540 8770.0 2.7095 0.0456 2.7095 0.9970 2.9179
17550 8775.0 2.6888 0.0624 2.6888 0.9847 2.9276
17560 8780.0 2.7615 1.8911 2.7615 0.9928 2.9314
17570 8785.0 2.7428 0.9170 2.7428 1.0049 2.9257
17580 8790.0 2.7093 0.0431 2.7093 0.9824 2.9266
17590 8795.0 2.7111 0.0611 2.7111 1.0199 2.9190
17600 8800.0 2.7337 0.5677 2.7337 0.9873 2.8630
17610 8805.0 2.7656 2.1541 2.7656 1.0172 2.8201
17620 8810.0 2.7011 0.0006 2.7011 0.9753 2.8667
17630 8815.0 2.6806 0.1886 2.6806 1.0119 2.9061
17640 8820.0 2.7251 0.3144 2.7251 0.9876 2.8373
17650 8825.0 2.7549 1.5078 2.7549 1.0040 2.8110
17660 8830.0 2.6857 0.1017 2.6857 0.9724 2.8808
17670 8835.0 2.6762 0.2829 2.6762 1.0454 2.9525
17680 8840.0 2.6507 1.2167 2.6507 0.9678 2.9118
17690 8845.0 2.7069 0.0241 2.7069 1.0476 2.9213
17700 8850.0 2.6956 0.0097 2.6956 0.9477 2.8666
17710 8855.0 2.8139 6.4816 2.8139 1.0384 2.7928
17720 8860.0 2.7550 1.5104 2.7550 0.9404 2.7651
17730 8865.0 2.6852 0.1096 2.6852 1.0496 2.8552
17740 8870.0 2.6207 3.1431 2.6207 0.9494 2.8596
17750 8875.0 2.7304 0.4632 2.7304 1.0400 2.7900
17760 8880.0 2.8128 6.3647 2.8128 0.9538 2.6600
17770 8885.0 2.8041 5.4172 2.8041 1.0232 2.7250
17780 8890.0 2.6406 1.7627 2.6406 0.9743 2.8896
17790 8895.0 2.6197 3.2274 2.6197 1.0296 2.9523
17800 8900.0 2.6695 0.4653 2.6695 1.0016 2.9133
17810 8905.0 2.6976 0.0029 2.6976 1.0266 2.9372
17820 8910.0 2.7495 1.2263 2.7495 0.9841 2.8832
17830 8915.0 2.8408 9.9174 2.8408 0.9749 2.8725
17840 8920.0 2.8450 10.5112 2.8450 0.9922 2.8467
17850 8925.0 2.6939 0.0187 2.6939 0.9816 2.6776
17860 8930.0 2.6648 0.6198 2.6648 1.0136 2.6250
17870 8935.0 2.7462 1.0656 2.7462 0.9739 2.7271
17880 8940.0 2.7244 0.2978 2.7244 0.9750 2.7075
17890 8945.0 2.6761 0.2851 2.6761 1.0020 2.6497
17900 8950.0 2.7712 2.5350 2.7712 0.9513 2.8003
17910 8955.0 2.8401 9.8090 2.8401 1.0013 2.8303
17920 8960.0 2.6869 0.0855 2.6869 0.9812 2.7583
17930 8965.0 2.6433 1.6071 2.6433 0.9805 2.7498
17940 8970.0 2.8074 5.7684 2.8074 1.0076 2.8228
17950 8975.0 2.8014 5.1406 2.8014 0.9658 2.8433
17960 8980.0 2.6862 0.0957 2.6862 1.0012 2.7373
17970 8985.0 2.7037 0.0069 2.7037 0.9503 2.8105
17980 8990.0 2.8194 7.1279 2.8194 1.0125 2.8439
17990 8995.0 2.6983 0.0014 2.6983 0.9579 2.7916
18000 9000.0 2.6091 4.1312 2.6091 1.0062 2.6408
