# step  time_fs  cv_FeH(A)  bias(kJ/mol)  d_min_FeH(A)  d_min_OH(A)  d_min_SH(A)
0 0.0 1.7182 72.8737 1.7182 2.5114 2.4126
10 5.0 1.8973 20.5363 1.8973 2.3184 2.3982
20 10.0 2.1453 1.0278 2.1453 2.1049 2.3678
30 15.0 2.0635 0.6671 2.0635 2.2167 2.3090
40 20.0 1.7901 48.0266 1.7901 2.4882 2.3067
50 25.0 1.8085 42.4967 1.8085 2.3948 2.4002
60 30.0 2.0049 4.5248 2.0049 2.1433 2.5506
70 35.0 2.0980 0.0021 2.0980 2.1276 2.5349
80 40.0 1.8992 20.1677 1.8992 2.4029 2.3757
90 45.0 1.7737 53.2474 1.7737 2.5703 2.1982
100 50.0 1.9203 16.1518 1.9203 2.3745 2.2295
110 55.0 2.0808 0.1851 2.0808 2.2399 2.2519
120 60.0 2.0552 1.0031 2.0552 2.3686 2.0999
130 65.0 1.8906 21.9257 1.8906 2.5877 1.8850
140 70.0 1.8614 28.4754 1.8614 2.5622 1.6724
150 75.0 2.0107 3.9889 2.0107 2.3276 1.3581
160 80.0 2.2061 5.6332 2.2061 2.1518 1.3449
170 85.0 2.1967 4.6717 2.1967 1.9874 1.5024
180 90.0 1.9653 9.0750 1.9653 2.0556 1.3286
190 95.0 1.9903 6.0160 1.9903 2.2722 1.3739
200 100.0 2.1839 3.5160 2.1839 2.5770 1.5800
210 105.0 1.9649 9.1237 1.9649 2.8356 1.4773
220 110.0 1.9121 17.6565 1.9121 3.0378 1.3410
230 115.0 2.2848 17.0767 2.2848 2.9388 1.4599
240 120.0 2.1977 4.7770 2.1977 3.0117 1.3388
250 125.0 1.9174 16.6751 1.9174 3.1590 1.3628
260 130.0 2.0490 1.3011 2.0490 2.9134 1.6328
270 135.0 2.1497 1.2367 2.1497 2.9214 1.6196
280 140.0 2.0272 2.6473 2.0272 2.7540 1.3022
290 145.0 1.9913 5.9093 1.9913 2.5872 1.4177
300 150.0 1.9855 6.5513 1.9855 2.5480 1.6978
310 155.0 2.0092 4.1204 2.0092 2.6095 1.7467
320 160.0 2.0072 4.3094 2.0072 2.7178 1.6082
330 165.0 1.9633 9.3487 1.9633 2.8211 1.3138
340 170.0 2.1185 0.1703 2.1185 2.8933 1.4034
350 175.0 2.1712 2.5321 2.1712 2.8961 1.5537
360 180.0 1.9627 9.4237 1.9627 3.0711 1.3514
370 185.0 2.0204 3.1699 2.0204 3.0321 1.3513
380 190.0 2.2072 5.7454 2.2072 2.9504 1.5180
390 195.0 2.0546 1.0301 2.0546 2.8430 1.3882
400 200.0 1.9669 8.8617 1.9669 2.7405 1.3602
410 205.0 2.0433 1.6066 2.0433 2.5925 1.5298
420 210.0 2.0250 2.8132 2.0250 2.4240 1.4762
430 215.0 2.0388 1.8745 2.0388 2.3016 1.2987
440 220.0 2.0944 0.0159 2.0944 2.2563 1.3805
450 225.0 2.1058 0.0167 2.1058 2.3000 1.4291
460 230.0 2.0386 1.8880 2.0386 2.3765 1.3636
470 235.0 2.0091 4.1348 2.0091 2.5565 1.3808
480 240.0 1.9969 5.3190 1.9969 2.7548 1.5048
490 245.0 1.9579 10.0891 1.9579 2.8850 1.5193
500 250.0 2.0279 2.5961 2.0279 2.9865 1.3917
510 255.0 2.1665 2.2091 2.1665 3.0246 1.3324
520 260.0 2.1371 0.6873 2.1371 2.9456 1.3905
530 265.0 1.9445 12.0972 1.9445 2.8967 1.4397
540 270.0 1.9620 9.5267 1.9620 2.8725 1.4420
550 275.0 2.1764 2.9186 2.1764 2.9447 1.3350
560 280.0 2.1952 4.5320 2.1952 2.9376 1.3448
570 285.0 1.9855 6.5603 1.9855 2.8660 1.4456
580 290.0 1.9045 19.1041 1.9045 2.8951 1.4326
590 295.0 2.1340 0.5784 2.1340 2.7422 1.4136
600 300.0 2.2287 8.2774 2.2287 2.6001 1.3898
610 305.0 1.9955 5.4599 1.9955 2.5071 1.3938
620 310.0 1.8867 22.7431 1.8867 2.3524 1.5304
630 315.0 1.9740 7.9349 1.9740 2.2407 1.5039
640 320.0 2.1326 0.5315 2.1326 2.3475 1.3112
650 325.0 2.1519 1.3465 2.1519 2.2375 1.3954
660 330.0 2.0386 1.8845 2.0386 2.1371 1.4717
670 335.0 2.0335 2.2103 2.0335 2.3361 1.2613
680 340.0 2.0519 1.1548 2.0519 2.1696 1.4874
690 345.0 2.0675 0.5272 2.0675 2.1969 1.5673
700 350.0 1.8932 21.3899 1.8932 2.5587 1.3398
710 355.0 2.0281 2.5823 2.0281 2.6600 1.3854
720 360.0 2.2304 8.5083 2.2304 2.6584 1.5538
730 365.0 2.0291 2.5107 2.0291 2.7728 1.3886
740 370.0 1.8636 27.9491 1.8636 2.7992 1.3151
750 375.0 2.0929 0.0249 2.0929 2.5684 1.5442
760 380.0 2.2056 5.5709 2.2056 2.4533 1.5050
770 385.0 2.0108 3.9817 2.0108 2.5031 1.2679
780 390.0 1.8953 20.9470 1.8953 2.2468 1.5107
790 395.0 1.9815 7.0241 1.9815 2.1027 1.5786
800 400.0 2.1356 0.6329 2.1356 2.3347 1.3073
810 405.0 2.1992 4.9178 2.1992 2.2560 1.3902
820 410.0 2.0412 1.7279 2.0412 2.0899 1.5474
830 415.0 2.0080 4.2277 2.0080 2.3865 1.2736
840 420.0 1.9531 10.7855 1.9531 2.3365 1.4110
850 425.0 1.9829 6.8551 1.9829 2.2524 1.6224
860 430.0 2.0144 3.6636 2.0144 2.4554 1.5180
870 435.0 2.1132 0.0871 2.1132 2.8070 1.2504
880 440.0 2.0867 0.0884 2.0867 2.8772 1.4964
890 445.0 1.9876 6.3207 1.9876 2.9634 1.6215
900 450.0 2.0444 1.5475 2.0444 3.1000 1.3771
910 455.0 2.1127 0.0813 2.1127 3.0316 1.3309
920 460.0 2.0372 1.9701 2.0372 2.8581 1.6049
930 465.0 2.0441 1.5599 2.0441 2.8889 1.5311
940 470.0 2.1086 0.0374 2.1086 3.0141 1.2593
950 475.0 1.9977 5.2327 1.9977 2.8460 1.4830
960 480.0 2.0149 3.6204 2.0149 2.7307 1.5896
970 485.0 2.0978 0.0025 2.0978 2.7133 1.3947
980 490.0 2.0770 0.2654 2.0770 2.6655 1.3298
990 495.0 1.9877 6.3104 1.9877 2.4792 1.5785
1000 500.0 1.9872 6.3635 1.9872 2.4814 1.5234
1010 505.0 2.0732 0.3582 2.0732 2.6423 1.2770
1020 510.0 2.0828 0.1479 2.0828 2.6679 1.4386
1030 515.0 2.0024 4.7665 2.0024 2.7245 1.5725
1040 520.0 2.0496 1.2719 2.0496 2.8193 1.4159
1050 525.0 2.1072 0.0258 2.1072 2.8702 1.2930
1060 530.0 2.0108 3.9768 2.0108 2.8396 1.4878
1070 535.0 2.0333 2.2242 2.0333 2.8286 1.4476
1080 540.0 2.0758 0.2934 2.0758 2.8318 1.3003
1090 545.0 2.0292 2.5076 2.0292 2.7786 1.4512
1100 550.0 2.0293 2.5019 2.0293 2.7623 1.4775
1110 555.0 2.0918 0.0338 2.0918 2.7478 1.3034
1120 560.0 2.1035 0.0060 2.1035 2.6766 1.3963
1130 565.0 2.0431 1.6184 2.0431 2.6728 1.4654
1140 570.0 2.0243 2.8624 2.0243 2.6959 1.3264
1150 575.0 2.0979 0.0022 2.0979 2.6189 1.3789
1160 580.0 2.1079 0.0315 2.1079 2.5206 1.4246
1170 585.0 1.9958 5.4250 1.9958 2.5463 1.3354
1180 590.0 1.9892 6.1337 1.9892 2.4993 1.3903
1190 595.0 2.0954 0.0108 2.0954 2.4198 1.4151
1200 600.0 2.1136 0.0926 2.1136 2.3935 1.3334
1210 605.0 2.0236 2.9193 2.0236 2.3773 1.3945
1220 610.0 2.0011 4.8862 2.0011 2.3682 1.4279
1230 615.0 2.0844 0.1217 2.0844 2.3723 1.3319
1240 620.0 2.1023 0.0026 2.1023 2.3333 1.3858
1250 625.0 2.0380 1.9205 2.0380 2.3610 1.3869
1260 630.0 2.0083 4.2054 2.0083 2.4014 1.3411
1270 635.0 2.0786 0.2289 2.0786 2.3349 1.3921
1280 640.0 2.0814 0.1730 2.0814 2.3473 1.3537
1290 645.0 2.0327 2.2663 2.0327 2.4057 1.3632
1300 650.0 2.0384 1.8983 2.0384 2.4572 1.4379
1310 655.0 2.0124 3.8378 2.0124 2.5366 1.3531
1320 660.0 2.0502 1.2384 2.0502 2.5022 1.3747
1330 665.0 2.1088 0.0385 2.1088 2.4592 1.4248
1340 670.0 2.0481 1.3456 2.0481 2.5528 1.3454
1350 675.0 2.0380 1.9200 2.0380 2.5125 1.3853
1360 680.0 2.0496 1.2721 2.0496 2.4763 1.4353
1370 685.0 2.0470 1.4023 2.0470 2.4827 1.3890
1380 690.0 2.0704 0.4394 2.0704 2.4040 1.3834
1390 695.0 2.0793 0.2144 2.0793 2.3372 1.3965
1400 700.0 2.0246 2.8392 2.0246 2.3350 1.4084
1410 705.0 2.0077 4.2624 2.0077 2.3172 1.4356
1420 710.0 2.0175 3.4017 2.0175 2.3741 1.3941
1430 715.0 2.0852 0.1097 2.0852 2.4008 1.3829
1440 720.0 2.0910 0.0404 2.0910 2.4614 1.3756
1450 725.0 1.9955 5.4555 1.9955 2.5393 1.3820
1460 730.0 2.0160 3.5277 2.0160 2.5489 1.4368
1470 735.0 2.1041 0.0083 2.1041 2.6016 1.3917
1480 740.0 2.0955 0.0101 2.0955 2.7141 1.3088
1490 745.0 2.0611 0.7568 2.0611 2.6578 1.4316
1500 750.0 2.0094 4.1051 2.0094 2.6241 1.4795
1510 755.0 2.0204 3.1697 2.0204 2.6008 1.3484
1520 760.0 2.1402 0.8072 2.1402 2.4457 1.3671
1530 765.0 2.1602 1.8120 2.1602 2.3935 1.4581
1540 770.0 1.9902 6.0252 1.9902 2.4900 1.4089
1550 775.0 1.9333 13.8920 1.9333 2.5516 1.4267
1560 780.0 2.1031 0.0047 2.1031 2.4409 1.4854
1570 785.0 2.1859 3.6911 2.1859 2.4163 1.3645
1580 790.0 2.1459 1.0537 2.1459 2.5240 1.3256
1590 795.0 2.0156 3.5579 2.0156 2.5077 1.4791
1600 800.0 1.9437 12.2154 1.9437 2.4849 1.5218
1610 805.0 2.0597 0.8101 2.0597 2.5334 1.3700
1620 810.0 2.1941 4.4245 2.1941 2.5074 1.3217
1630 815.0 2.1306 0.4693 2.1306 2.4197 1.4255
1640 820.0 1.9365 13.3597 1.9365 2.4448 1.4298
1650 825.0 1.9815 7.0223 1.9815 2.3852 1.4153
1660 830.0 2.1732 2.6790 2.1732 2.3012 1.4019
1670 835.0 2.1638 2.0327 2.1638 2.3261 1.2993
1680 840.0 2.0630 0.6852 2.0630 2.2108 1.4071
1690 845.0 1.9540 10.6551 1.9540 2.1630 1.4921
1700 850.0 1.9548 10.5442 1.9548 2.2030 1.4186
1710 855.0 2.1075 0.0283 2.1075 2.2347 1.3403
1720 860.0 2.1812 3.2969 2.1812 2.2793 1.3882
1730 865.0 2.0021 4.7968 2.0021 2.4552 1.4002
1740 870.0 1.9671 8.8249 1.9671 2.6006 1.4316
1750 875.0 2.1590 1.7401 2.1590 2.6962 1.3465
1760 880.0 2.2045 5.4643 2.2045 2.7592 1.3184
1770 885.0 2.0383 1.9039 2.0383 2.7748 1.3975
1780 890.0 1.9291 14.6043 1.9291 2.7759 1.4350
1790 895.0 2.0815 0.1720 2.0815 2.6664 1.3606
1800 900.0 2.2464 10.7235 2.2464 2.5257 1.3505
1810 905.0 2.1221 0.2433 2.1221 2.4269 1.4176
1820 910.0 1.9195 16.2908 1.9195 2.4282 1.4315
1830 915.0 1.9014 19.7260 1.9014 2.3618 1.4370
1840 920.0 2.0151 3.6056 2.0151 2.3578 1.4136
1850 925.0 2.1749 2.8022 2.1749 2.4956 1.3476
1860 930.0 2.1372 0.6922 2.1372 2.6591 1.3683
1870 935.0 1.9389 12.9760 1.9389 2.8541 1.4329
1880 940.0 1.9679 8.7282 1.9679 2.7704 1.4462
1890 945.0 2.1479 1.1488 2.1479 2.6641 1.3552
1900 950.0 2.1596 1.7777 2.1596 2.6598 1.3004
1910 955.0 2.0448 1.5242 2.0448 2.7571 1.4539
1920 960.0 1.9408 12.6645 1.9408 2.7945 1.5033
1930 965.0 2.0541 1.0552 2.0541 2.6375 1.4172
1940 970.0 2.1458 1.0493 2.1458 2.5349 1.3346
1950 975.0 2.0873 0.0809 2.0873 2.3804 1.4002
1960 980.0 1.9621 9.5068 1.9621 2.3012 1.4819
1970 985.0 1.9838 6.7500 1.9838 2.4481 1.3865
1980 990.0 2.0370 1.9830 2.0370 2.6130 1.3652
1990 995.0 2.1071 0.0253 2.1071 2.6888 1.4370
2000 1000.0 2.0820 0.1615 2.0820 2.8511 1.3587
2010 1005.0 2.0633 0.6716 2.0633 2.8184 1.3519
2020 1010.0 2.0777 0.2485 2.0777 2.6948 1.4204
2030 1015.0 2.0492 1.2885 2.0492 2.7362 1.3218
2040 1020.0 2.0873 0.0805 2.0873 2.7095 1.3739
2050 1025.0 2.0878 0.0750 2.0878 2.7373 1.4051
2060 1030.0 2.0167 3.4722 2.0167 2.7421 1.3372
2070 1035.0 2.0722 0.3864 2.0722 2.5350 1.4469
2080 1040.0 2.0982 0.0016 2.0982 2.4745 1.3953
2090 1045.0 2.0628 0.6932 2.0628 2.4638 1.3222
2100 1050.0 2.0824 0.1552 2.0824 2.2964 1.4600
2110 1055.0 2.0076 4.2669 2.0076 2.3119 1.3993
2120 1060.0 2.0330 2.2443 2.0330 2.3311 1.3223
2130 1065.0 2.1029 0.0043 2.1029 2.1772 1.4417
2140 1070.0 2.1004 0.0001 2.1004 2.2346 1.3701
2150 1075.0 2.0371 1.9752 2.0371 2.2900 1.3186
2160 1080.0 1.9893 6.1281 1.9893 2.1988 1.4533
2170 1085.0 1.9720 8.1944 1.9720 2.2381 1.4299
2180 1090.0 2.0327 2.2619 2.0327 2.3224 1.3331
2190 1095.0 2.1190 0.1805 2.1190 2.2685 1.3828
2200 1100.0 2.0211 3.1119 2.0211 2.3482 1.3663
2210 1105.0 1.9634 9.3314 1.9634 2.4204 1.4105
2220 1110.0 2.0791 0.2192 2.0791 2.5050 1.4400
2230 1115.0 2.0947 0.0142 2.0947 2.6847 1.3220
2240 1120.0 2.0415 1.7128 2.0415 2.7959 1.3933
2250 1125.0 2.0269 2.6746 2.0269 2.6654 1.4331
2260 1130.0 2.0607 0.7735 2.0607 2.5946 1.2974
2270 1135.0 2.0991 0.0004 2.0991 2.5500 1.4096
2280 1140.0 2.0084 4.1978 2.0084 2.6357 1.4588
2290 1145.0 1.9875 6.3318 1.9875 2.8058 1.3372
2300 1150.0 2.1229 0.2627 2.1229 2.6925 1.4104
2310 1155.0 2.1251 0.3145 2.1251 2.5773 1.3980
2320 1160.0 1.9673 8.7982 1.9673 2.5508 1.3386
2330 1165.0 1.9978 5.2220 1.9978 2.3731 1.4649
2340 1170.0 2.0753 0.3053 2.0753 2.3523 1.4390
2350 1175.0 2.0811 0.1789 2.0811 2.3499 1.3204
2360 1180.0 2.0004 4.9631 2.0004 2.3416 1.4233
2370 1185.0 1.9837 6.7675 1.9837 2.4182 1.4415
2380 1190.0 2.0154 3.5773 2.0154 2.5978 1.3114
2390 1195.0 2.0812 0.1766 2.0812 2.5696 1.4192
2400 1200.0 2.0835 0.1354 2.0835 2.6067 1.4798
2410 1205.0 2.0632 0.6766 2.0632 2.8247 1.3303
2420 1210.0 2.0595 0.8216 2.0595 2.9358 1.3896
2430 1215.0 2.0403 1.7801 2.0403 2.8664 1.4839
2440 1220.0 2.0554 0.9941 2.0554 2.7561 1.3533
2450 1225.0 2.0533 1.0896 2.0533 2.6856 1.3662
2460 1230.0 2.0395 1.8279 2.0395 2.6730 1.4571
2470 1235.0 2.0551 1.0100 2.0551 2.7600 1.3921
2480 1240.0 2.0912 0.0385 2.0912 2.8964 1.3495
2490 1245.0 2.0712 0.4146 2.0712 2.9226 1.4098
2500 1250.0 2.0437 1.5839 2.0437 2.8071 1.4018
2510 1255.0 2.0720 0.3931 2.0720 2.6844 1.3861
2520 1260.0 2.1057 0.0160 2.1057 2.5567 1.4022
2530 1265.0 2.0887 0.0637 2.0887 2.4382 1.4181
2540 1270.0 2.0320 2.3139 2.0320 2.3727 1.4208
2550 1275.0 1.9936 5.6609 1.9936 2.3399 1.4284
2560 1280.0 2.1052 0.0135 2.1052 2.4106 1.3288
2570 1285.0 2.1853 3.6377 2.1853 2.3191 1.4015
2580 1290.0 2.1181 0.1638 2.1181 2.2900 1.4292
2590 1295.0 1.9476 11.6166 1.9476 2.3957 1.3354
2600 1300.0 1.9984 5.1582 1.9984 2.3030 1.4065
2610 1305.0 2.1410 0.8412 2.1410 2.2333 1.4314
2620 1310.0 2.1630 1.9823 2.1630 2.3319 1.3027
2630 1315.0 2.0241 2.8814 2.0241 2.2196 1.4018
2640 1320.0 1.9366 13.3489 1.9366 2.2432 1.3923
2650 1325.0 2.0401 1.7932 2.0401 2.2646 1.3038
2660 1330.0 2.1080 0.0321 2.1080 2.1151 1.4208
2670 1335.0 2.1182 0.1660 2.1182 2.1492 1.3753
2680 1340.0 2.0453 1.4979 2.0453 2.2340 1.3208
2690 1345.0 1.9643 9.2042 1.9643 2.1828 1.4160
2700 1350.0 2.0101 4.0394 2.0101 2.2060 1.4017
2710 1355.0 2.0800 0.2009 2.0800 2.2883 1.3400
2720 1360.0 2.1055 0.0154 2.1055 2.3514 1.3646
2730 1365.0 2.0697 0.4589 2.0697 2.4449 1.4596
2740 1370.0 2.0149 3.6237 2.0149 2.6392 1.4038
2750 1375.0 2.0700 0.4491 2.0700 2.7852 1.3396
2760 1380.0 2.1560 1.5670 2.1560 2.8509 1.3889
2770 1385.0 2.0847 0.1168 2.0847 2.8775 1.3688
2780 1390.0 1.9854 6.5695 1.9854 2.8648 1.3761
2790 1395.0 2.0154 3.5810 2.0154 2.8153 1.3952
2800 1400.0 2.1443 0.9808 2.1443 2.7960 1.3626
2810 1405.0 2.1170 0.1448 2.1170 2.8511 1.3259
2820 1410.0 2.0031 4.6977 2.0031 2.8059 1.4394
2830 1415.0 1.9296 14.5234 1.9296 2.7602 1.4281
2840 1420.0 2.0698 0.4545 2.0698 2.7124 1.3569
2850 1425.0 2.1726 2.6386 2.1726 2.7001 1.3395
2860 1430.0 2.0837 0.1332 2.0837 2.6635 1.3764
2870 1435.0 1.9651 9.0932 1.9651 2.6372 1.4265
2880 1440.0 2.0071 4.3186 2.0071 2.6072 1.4403
2890 1445.0 2.0949 0.0131 2.0949 2.6577 1.3322
2900 1450.0 2.1163 0.1332 2.1163 2.5958 1.3497
2910 1455.0 2.0319 2.3199 2.0319 2.4990 1.4395
2920 1460.0 1.9768 7.5947 1.9768 2.5177 1.3983
2930 1465.0 2.0756 0.2981 2.0756 2.4869 1.3619
2940 1470.0 2.1419 0.8786 2.1419 2.4017 1.3886
2950 1475.0 2.0815 0.1703 2.0815 2.3694 1.3671
2960 1480.0 1.9956 5.4513 1.9956 2.3176 1.3855
2970 1485.0 1.9309 14.2999 1.9309 2.2137 1.4606
2980 1490.0 2.0545 1.0363 2.0545 2.1622 1.2905
2990 1495.0 2.0773 0.2578 2.0773 2.0219 1.4158
3000 1500.0 2.1170 0.1439 2.1170 2.0291 1.4208
3010 1505.0 2.1333 0.5560 2.1333 2.2029 1.2779
3020 1510.0 1.9780 7.4430 1.9780 2.1863 1.4874
3030 1515.0 1.9878 6.2897 1.9878 2.2897 1.4000
3040 1520.0 1.9850 6.6075 1.9850 2.3645 1.3084
3050 1525.0 2.1036 0.0065 2.1036 2.1832 1.4748
3060 1530.0 2.1138 0.0955 2.1138 2.3123 1.3603
3070 1535.0 2.0262 2.7238 2.0262 2.3836 1.3312
3080 1540.0 2.0158 3.5411 2.0158 2.2889 1.4903
3090 1545.0 2.0245 2.8482 2.0245 2.4342 1.3655
3100 1550.0 2.0988 0.0007 2.0988 2.4917 1.3298
3110 1555.0 2.1217 0.2362 2.1217 2.4046 1.4285
3120 1560.0 2.0130 3.7815 2.0130 2.4491 1.3786
3130 1565.0 2.0214 3.0888 2.0214 2.4141 1.3557
3140 1570.0 2.1292 0.4257 2.1292 2.2754 1.4164
3150 1575.0 2.1125 0.0785 2.1125 2.2493 1.3938
3160 1580.0 2.0158 3.5454 2.0158 2.3208 1.3332
3170 1585.0 1.9921 5.8219 1.9921 2.2120 1.4358
3180 1590.0 2.0688 0.4866 2.0688 2.2028 1.4170
3190 1595.0 2.1352 0.6194 2.1352 2.2961 1.3153
3200 1600.0 2.0693 0.4723 2.0693 2.2801 1.4118
3210 1605.0 1.9993 5.0707 1.9993 2.3049 1.4734
3220 1610.0 2.0311 2.3754 2.0311 2.4529 1.3453
3230 1615.0 2.1093 0.0434 2.1093 2.5294 1.3450
3240 1620.0 2.1396 0.7824 2.1396 2.5334 1.4809
3250 1625.0 1.9993 5.0677 1.9993 2.6618 1.3619
3260 1630.0 2.0295 2.4853 2.0295 2.7212 1.3369
3270 1635.0 2.1485 1.1747 2.1485 2.6857 1.4661
3280 1640.0 2.0677 0.5221 2.0677 2.7291 1.3306
3290 1645.0 2.0387 1.8766 2.0387 2.7163 1.3691
3300 1650.0 2.1015 0.0011 2.1015 2.5911 1.4677
3310 1655.0 2.0506 1.2210 2.0506 2.5419 1.3081
3320 1660.0 2.0774 0.2552 2.0774 2.3630 1.4113
3330 1665.0 2.0593 0.8262 2.0593 2.2719 1.4367
3340 1670.0 1.9878 6.2976 1.9878 2.3075 1.3011
3350 1675.0 2.0723 0.3842 2.0723 2.1115 1.4467
3360 1680.0 2.0753 0.3039 2.0753 2.1188 1.4253
3370 1685.0 2.0351 2.1036 2.0351 2.2395 1.2842
3380 1690.0 2.0599 0.8036 2.0599 2.0789 1.4647
3390 1695.0 1.9943 5.5871 1.9943 2.1731 1.4247
3400 1700.0 2.0094 4.1062 2.0094 2.3185 1.3061
3410 1705.0 2.1652 2.1243 2.1652 2.2868 1.4211
3420 1710.0 2.0743 0.3310 2.0743 2.4138 1.3924
3430 1715.0 1.9425 12.4022 1.9425 2.5551 1.3490
3440 1720.0 2.0882 0.0695 2.0882 2.5317 1.4588
3450 1725.0 2.1578 1.6718 2.1578 2.6157 1.3805
3460 1730.0 2.0597 0.8108 2.0597 2.7092 1.3263
3470 1735.0 2.0030 4.7025 2.0030 2.6757 1.5111
3480 1740.0 2.0352 2.0968 2.0352 2.7444 1.4535
3490 1745.0 2.1018 0.0015 2.1018 2.8570 1.2859
3500 1750.0 2.1401 0.8035 2.1401 2.7410 1.4433
3510 1755.0 2.0121 3.8672 2.0121 2.7340 1.4042
3520 1760.0 1.9947 5.5440 1.9947 2.6932 1.3570
3530 1765.0 2.1559 1.5614 2.1559 2.5428 1.4128
3540 1770.0 2.1358 0.6421 2.1358 2.4607 1.4047
3550 1775.0 2.0012 4.8852 2.0012 2.4202 1.3875
3560 1780.0 1.9381 13.1035 1.9381 2.3121 1.4466
3570 1785.0 1.9987 5.1314 1.9987 2.3126 1.4192
3580 1790.0 2.1446 0.9924 2.1446 2.4089 1.3712
3590 1795.0 2.2268 8.0411 2.2268 2.5235 1.4007
3600 1800.0 2.0787 0.2272 2.0787 2.6874 1.3711
3610 1805.0 1.9826 6.8908 1.9826 2.7740 1.4017
3620 1810.0 2.1190 0.1801 2.1190 2.7210 1.4320
3630 1815.0 2.1850 3.6090 2.1850 2.8330 1.3402
3640 1820.0 2.1212 0.2239 2.1212 2.7834 1.3628
3650 1825.0 2.0332 2.2308 2.0332 2.7187 1.4514
3660 1830.0 2.0058 4.4352 2.0058 2.6926 1.4316
3670 1835.0 2.0539 1.0624 2.0539 2.6628 1.4092
3680 1840.0 2.0895 0.0547 2.0895 2.6466 1.4104
3690 1845.0 2.0729 0.3673 2.0729 2.6777 1.4148
3700 1850.0 2.0399 1.8042 2.0399 2.7091 1.4053
3710 1855.0 2.0245 2.8521 2.0245 2.7590 1.4111
3720 1860.0 2.0315 2.3468 2.0315 2.7155 1.4275
3730 1865.0 2.0949 0.0128 2.0949 2.6494 1.3852
3740 1870.0 2.1085 0.0359 2.1085 2.6352 1.3683
3750 1875.0 2.0354 2.0844 2.0354 2.6322 1.3949
3760 1880.0 2.0094 4.1047 2.0094 2.6384 1.4054
3770 1885.0 2.0280 2.5920 2.0280 2.6573 1.3937
3780 1890.0 2.0955 0.0103 2.0955 2.6474 1.3886
3790 1895.0 2.0828 0.1483 2.0828 2.6438 1.3767
3800 1900.0 2.0252 2.8010 2.0252 2.6445 1.3974
3810 1905.0 2.0069 4.3309 2.0069 2.5897 1.4197
3820 1910.0 2.0521 1.1488 2.0521 2.5639 1.3949
3830 1915.0 2.0956 0.0095 2.0956 2.5646 1.3673
3840 1920.0 2.1083 0.0341 2.1083 2.5561 1.4010
3850 1925.0 2.0534 1.0836 2.0534 2.5758 1.4156
3860 1930.0 2.0084 4.1970 2.0084 2.6366 1.3747
3870 1935.0 2.0731 0.3629 2.0731 2.5762 1.4263
3880 1940.0 2.0710 0.4194 2.0710 2.5545 1.4071
3890 1945.0 2.0120 3.8738 2.0120 2.5307 1.3681
3900 1950.0 2.0525 1.1290 2.0525 2.3977 1.4396
3910 1955.0 2.0697 0.4602 2.0697 2.3299 1.3953
3920 1960.0 2.0442 1.5560 2.0442 2.2829 1.3674
3930 1965.0 2.0331 2.2363 2.0331 2.2418 1.4297
3940 1970.0 2.0047 4.5413 2.0047 2.2691 1.3986
3950 1975.0 2.0653 0.6007 2.0653 2.2934 1.3643
3960 1980.0 2.1183 0.1675 2.1183 2.3054 1.3776
3970 1985.0 2.0468 1.4136 2.0468 2.3848 1.3610
3980 1990.0 1.9737 7.9756 1.9737 2.4347 1.4286
3990 1995.0 2.0359 2.0533 2.0359 2.4849 1.4345
4000 2000.0 2.1237 0.2807 2.1237 2.5834 1.3103
4010 2005.0 2.1511 1.3050 2.1511 2.5640 1.3762
4020 2010.0 2.0020 4.8009 2.0020 2.5278 1.4395
4030 2015.0 1.9392 12.9302 1.9392 2.4594 1.4028
4040 2020.0 2.1007 0.0003 2.1007 2.3114 1.4256
4050 2025.0 2.1231 0.2678 2.1231 2.2986 1.3617
4060 2030.0 2.0124 3.8336 2.0124 2.3339 1.3816
4070 2035.0 1.9753 7.7748 1.9753 2.3099 1.4961
4080 2040.0 2.0399 1.8056 2.0399 2.3540 1.4380
4090 2045.0 2.1149 0.1107 2.1149 2.4727 1.3091
4100 2050.0 2.0599 0.8023 2.0599 2.4797 1.4261
4110 2055.0 1.9627 9.4239 1.9627 2.5313 1.4681
4120 2060.0 2.0174 3.4084 2.0174 2.6451 1.3331
4130 2065.0 2.1472 1.1140 2.1472 2.6462 1.3857
4140 2070.0 2.0767 0.2716 2.0767 2.6803 1.4413
4150 2075.0 1.9464 11.7943 1.9464 2.7653 1.3977
4160 2080.0 2.0233 2.9428 2.0233 2.7833 1.3955
4170 2085.0 2.1267 0.3565 2.1267 2.7632 1.4175
4180 2090.0 2.0749 0.3159 2.0749 2.8141 1.3379
4190 2095.0 2.0191 3.2743 2.0191 2.7894 1.4023
4200 2100.0 2.0096 4.0894 2.0096 2.7464 1.4791
4210 2105.0 2.0532 1.0948 2.0532 2.7867 1.3652
4220 2110.0 2.1108 0.0585 2.1108 2.7534 1.3813
4230 2115.0 2.0648 0.6187 2.0648 2.6578 1.4957
4240 2120.0 1.9337 13.8307 1.9337 2.6893 1.4237
4250 2125.0 2.0259 2.7467 2.0259 2.6916 1.3544
4260 2130.0 2.1605 1.8277 2.1605 2.6173 1.4293
4270 2135.0 2.0462 1.4452 2.0462 2.5832 1.4341
4280 2140.0 1.9367 13.3364 1.9367 2.5376 1.4000
4290 2145.0 2.0678 0.5183 2.0678 2.4338 1.4403
4300 2150.0 2.1242 0.2936 2.1242 2.3907 1.3807
4310 2155.0 2.0430 1.6266 2.0430 2.3621 1.3450
4320 2160.0 2.0108 3.9752 2.0108 2.2794 1.4477
4330 2165.0 1.9812 7.0601 1.9812 2.3802 1.3874
4340 2170.0 2.0369 1.9931 2.0369 2.4591 1.3292
4350 2175.0 2.0989 0.0006 2.0989 2.4698 1.4231
4360 2180.0 2.0089 4.1537 2.0089 2.5262 1.3649
4370 2185.0 1.9846 6.6548 1.9846 2.5465 1.3533
4380 2190.0 2.0501 1.2434 2.0501 2.4947 1.4381
4390 2195.0 2.0528 1.1135 2.0528 2.5658 1.3357
4400 2200.0 2.0785 0.2312 2.0785 2.5476 1.3776
4410 2205.0 2.0330 2.2434 2.0330 2.5398 1.4302
4420 2210.0 1.9726 8.1139 1.9726 2.5514 1.3970
4430 2215.0 2.0732 0.3593 2.0732 2.5492 1.4031
4440 2220.0 2.0899 0.0511 2.0899 2.5623 1.3775
4450 2225.0 2.0044 4.5681 2.0044 2.5197 1.3975
4460 2230.0 1.9961 5.3941 1.9961 2.4550 1.4473
4470 2235.0 2.0611 0.7570 2.0611 2.5100 1.3864
4480 2240.0 2.1233 0.2713 2.1233 2.5364 1.3712
4490 2245.0 2.0656 0.5926 2.0656 2.5414 1.3966
4500 2250.0 1.9664 8.9300 1.9664 2.5734 1.3881
4510 2255.0 2.0099 4.0555 2.0099 2.5937 1.4170
4520 2260.0 2.0957 0.0094 2.0957 2.6350 1.3793
4530 2265.0 2.1643 2.0648 2.1643 2.6761 1.3246
4540 2270.0 2.1212 0.2238 2.1212 2.6062 1.3865
4550 2275.0 1.9904 6.0042 1.9904 2.6118 1.3834
4560 2280.0 2.0085 4.1888 2.0085 2.5533 1.4065
4570 2285.0 2.1422 0.8903 2.1422 2.4846 1.3988
4580 2290.0 2.1302 0.4546 2.1302 2.5001 1.3110
4590 2295.0 2.0783 0.2354 2.0783 2.3820 1.4291
4600 2300.0 2.0030 4.7078 2.0030 2.3590 1.4335
4610 2305.0 2.0264 2.7095 2.0264 2.3732 1.3598
4620 2310.0 2.1820 3.3593 2.1820 2.3189 1.3828
4630 2315.0 2.1641 2.0569 2.1641 2.3405 1.3980
4640 2320.0 1.9862 6.4769 1.9862 2.4618 1.3720
4650 2325.0 1.9764 7.6438 1.9764 2.4699 1.4551
4660 2330.0 2.0984 0.0012 2.0984 2.5390 1.4308
4670 2335.0 2.1202 0.2043 2.1202 2.6636 1.3440
4680 2340.0 2.0186 3.3156 2.0186 2.7224 1.3991
4690 2345.0 2.0017 4.8314 2.0017 2.7528 1.4795
4700 2350.0 2.0811 0.1777 2.0811 2.8301 1.3605
4710 2355.0 2.0993 0.0002 2.0993 2.8727 1.3476
4720 2360.0 2.0396 1.8261 2.0396 2.8614 1.4904
4730 2365.0 2.0059 4.4255 2.0059 2.9131 1.4262
4740 2370.0 2.0994 0.0002 2.0994 2.9600 1.3031
4750 2375.0 2.1088 0.0389 2.1088 2.9187 1.4522
4760 2380.0 2.0039 4.6154 2.0039 2.9375 1.4631
4770 2385.0 2.0055 4.4610 2.0055 2.9750 1.3188
4780 2390.0 2.1254 0.3233 2.1254 2.8897 1.3983
4790 2395.0 2.1119 0.0705 2.1119 2.8865 1.4285
4800 2400.0 1.9807 7.1179 1.9807 2.9738 1.3412
4810 2405.0 2.0061 4.4109 2.0061 2.9678 1.4040
4820 2410.0 2.1245 0.2992 2.1245 2.9635 1.4532
4830 2415.0 2.1037 0.0068 2.1037 2.9621 1.3370
4840 2420.0 2.0503 1.2350 2.0503 2.9272 1.3897
4850 2425.0 2.0130 3.7811 2.0130 2.8815 1.4917
4860 2430.0 1.9921 5.8246 1.9921 2.8573 1.3752
4870 2435.0 2.0825 0.1533 2.0825 2.8410 1.3638
4880 2440.0 2.1314 0.4931 2.1314 2.7748 1.4462
4890 2445.0 2.0259 2.7483 2.0259 2.7214 1.3789
4900 2450.0 1.9985 5.1478 1.9985 2.6351 1.3929
4910 2455.0 2.0918 0.0334 2.0918 2.5341 1.4391
4920 2460.0 2.0815 0.1712 2.0815 2.5211 1.3346
4930 2465.0 2.0593 0.8300 2.0593 2.4327 1.3906
4940 2470.0 2.0325 2.2764 2.0325 2.4019 1.4242
4950 2475.0 2.0320 2.3099 2.0320 2.4293 1.3695
4960 2480.0 2.1248 0.3085 2.1248 2.4611 1.3719
4970 2485.0 2.1251 0.3153 2.1251 2.5432 1.3356
4980 2490.0 2.0673 0.5352 2.0673 2.6138 1.3532
4990 2495.0 2.0137 3.7220 2.0137 2.6654 1.4149
5000 2500.0 2.0333 2.2239 2.0333 2.6770 1.3792
5010 2505.0 2.1004 0.0001 2.1004 2.6469 1.3354
5020 2510.0 2.1202 0.2044 2.1202 2.5131 1.3973
5030 2515.0 2.0273 2.6409 2.0273 2.3890 1.3587
5040 2520.0 2.0259 2.7475 2.0259 2.2076 1.4195
5050 2525.0 2.0374 1.9613 2.0374 2.1605 1.3979
5060 2530.0 2.0248 2.8275 2.0248 2.2294 1.2958
5070 2535.0 2.0807 0.1870 2.0807 2.1118 1.4263
5080 2540.0 2.0484 1.3331 2.0484 2.1849 1.4102
5090 2545.0 1.9752 7.7897 1.9752 2.3781 1.3208
5100 2550.0 2.0934 0.0216 2.0934 2.4200 1.4569
5110 2555.0 2.1063 0.0197 2.1063 2.5829 1.3741
5120 2560.0 2.0180 3.3629 2.0180 2.6347 1.3204
5130 2565.0 2.0405 1.7708 2.0405 2.5696 1.5034
5140 2570.0 2.0603 0.7889 2.0603 2.6550 1.4864
5150 2575.0 2.0550 1.0106 2.0550 2.6523 1.2894
5160 2580.0 2.1342 0.5845 2.1342 2.4301 1.4494
5170 2585.0 2.0270 2.6658 2.0270 2.3634 1.5054
5180 2590.0 1.8735 25.6549 1.8735 2.4873 1.3851
5190 2595.0 2.0083 4.2000 2.0083 2.3762 1.3934
5200 2600.0 2.0642 0.6408 2.0642 2.2535 1.4968
5210 2605.0 2.0926 0.0276 2.0926 2.2628 1.3798
5220 2610.0 2.0748 0.3164 2.0748 2.3187 1.3076
5230 2615.0 2.0068 4.3442 2.0068 2.3229 1.4789
5240 2620.0 1.9667 8.8791 1.9667 2.4216 1.4701
5250 2625.0 1.8874 22.6075 1.8874 2.5801 1.3994
5260 2630.0 2.0994 0.0002 2.0994 2.5536 1.4623
5270 2635.0 2.2118 6.2514 2.2118 2.6364 1.4158
5280 2640.0 2.0649 0.6152 2.0649 2.7049 1.3102
5290 2645.0 1.9635 9.3157 1.9635 2.6840 1.4824
5300 2650.0 2.0057 4.4441 2.0057 2.6254 1.5662
5310 2655.0 2.0847 0.1165 2.0847 2.6387 1.4624
5320 2660.0 2.0987 0.0008 2.0987 2.6288 1.2885
5330 2665.0 2.0804 0.1921 2.0804 2.5281 1.4522
5340 2670.0 1.9623 9.4798 1.9623 2.5001 1.5104
5350 2675.0 1.9146 17.1864 1.9146 2.5975 1.4019
5360 2680.0 2.0644 0.6348 2.0644 2.5243 1.3852
5370 2685.0 2.1918 4.2101 2.1918 2.5020 1.4304
5380 2690.0 2.1042 0.0088 2.1042 2.5746 1.3279
5390 2695.0 1.9740 7.9431 1.9740 2.5941 1.4133
5400 2700.0 1.9515 11.0326 1.9515 2.4724 1.5453
5410 2705.0 1.9885 6.2214 1.9885 2.5177 1.4795
5420 2710.0 2.0885 0.0662 2.0885 2.5510 1.3248
5430 2715.0 2.1374 0.6993 2.1374 2.6144 1.3989
5440 2720.0 2.0209 3.1306 2.0209 2.6724 1.4874
5450 2725.0 1.9587 9.9811 1.9587 2.5690 1.3811
5460 2730.0 2.1225 0.2540 2.1225 2.5181 1.3733
5470 2735.0 2.1619 1.9144 2.1619 2.5312 1.4317
5480 2740.0 1.9984 5.1617 1.9984 2.6095 1.3581
5490 2745.0 1.9431 12.3017 1.9431 2.7246 1.4460
5500 2750.0 2.0756 0.2971 2.0756 2.6631 1.4984
5510 2755.0 2.0941 0.0174 2.0941 2.6848 1.3609
5520 2760.0 2.0704 0.4386 2.0704 2.6171 1.3512
5530 2765.0 2.0764 0.2793 2.0764 2.6605 1.4747
5540 2770.0 2.0016 4.8365 2.0016 2.8017 1.4393
5550 2775.0 1.9574 10.1740 1.9574 2.7690 1.3731
5560 2780.0 2.1440 0.9662 2.1440 2.6986 1.4300
5570 2785.0 2.1706 2.4939 2.1706 2.6427 1.3556
5580 2790.0 2.0704 0.4385 2.0704 2.5665 1.3444
5590 2795.0 2.0393 1.8437 2.0393 2.5374 1.5034
5600 2800.0 2.0088 4.1604 2.0088 2.5843 1.4441
5610 2805.0 2.0931 0.0237 2.0931 2.6874 1.3060
5620 2810.0 2.1651 2.1190 2.1651 2.6497 1.4281
5630 2815.0 2.1006 0.0002 2.1006 2.6798 1.4587
5640 2820.0 1.9710 8.3230 1.9710 2.7612 1.3537
5650 2825.0 1.9930 5.7209 1.9930 2.8070 1.4185
5660 2830.0 2.0553 0.9999 2.0553 2.8578 1.4850
5670 2835.0 2.0950 0.0127 2.0950 2.8800 1.3708
5680 2840.0 2.1020 0.0020 2.1020 2.8884 1.3347
5690 2845.0 2.0530 1.1067 2.0530 2.8740 1.4544
5700 2850.0 2.0025 4.7536 2.0025 2.8239 1.4253
5710 2855.0 2.0419 1.6869 2.0419 2.7561 1.3306
5720 2860.0 2.1052 0.0136 2.1052 2.6788 1.4137
5730 2865.0 2.0920 0.0319 2.0920 2.5953 1.4623
5740 2870.0 2.0130 3.7868 2.0130 2.5534 1.3511
5750 2875.0 1.9764 7.6378 1.9764 2.5199 1.3559
5760 2880.0 2.0870 0.0843 2.0870 2.5053 1.4651
5770 2885.0 2.1339 0.5760 2.1339 2.5646 1.4073
5780 2890.0 2.0117 3.8981 2.0117 2.6532 1.3477
5790 2895.0 1.9830 6.8480 1.9830 2.7238 1.4141
5800 2900.0 2.0747 0.3203 2.0747 2.7794 1.4208
5810 2905.0 2.1047 0.0110 2.1047 2.6879 1.3887
5820 2910.0 2.0282 2.5743 2.0282 2.6117 1.3971
5830 2915.0 1.9647 9.1502 1.9647 2.5940 1.4323
5840 2920.0 1.9917 5.8631 1.9917 2.6396 1.3996
5850 2925.0 2.0798 0.2050 2.0798 2.6597 1.4252
5860 2930.0 2.1074 0.0274 2.1074 2.5863 1.3875
5870 2935.0 2.0274 2.6325 2.0274 2.5164 1.3483
5880 2940.0 1.9757 7.7277 1.9757 2.4176 1.4117
5890 2945.0 2.0049 4.5260 2.0049 2.3401 1.4606
5900 2950.0 2.0533 1.0910 2.0533 2.3639 1.3414
5910 2955.0 2.1026 0.0033 2.1026 2.4073 1.3707
5920 2960.0 2.0905 0.0454 2.0905 2.5294 1.4205
5930 2965.0 2.0146 3.6501 2.0146 2.3882 1.3660
5940 2970.0 2.0358 2.0598 2.0358 2.2477 1.3906
5950 2975.0 2.0630 0.6853 2.0630 2.1568 1.4350
5960 2980.0 2.0607 0.7712 2.0607 2.2614 1.3355
5970 2985.0 2.0816 0.1684 2.0816 2.3580 1.3625
5980 2990.0 2.0579 0.8846 2.0579 2.4789 1.4292
5990 2995.0 1.9841 6.7203 1.9841 2.5270 1.3299
6000 3000.0 2.0940 0.0181 2.0940 2.4347 1.3835
6010 3005.0 2.1635 2.0149 2.1635 2.4630 1.3883
6020 3010.0 2.0898 0.0516 2.0898 2.5408 1.3109
6030 3015.0 2.0639 0.6499 2.0639 2.5987 1.3904
6040 3020.0 2.0558 0.9786 2.0558 2.5174 1.4807
6050 3025.0 2.0320 2.3104 2.0320 2.4106 1.3869
6060 3030.0 2.1035 0.0061 2.1035 2.2599 1.3618
6070 3035.0 2.0631 0.6790 2.0631 2.1435 1.4474
6080 3040.0 1.9906 5.9888 1.9906 2.2393 1.3707
6090 3045.0 2.0062 4.4021 2.0062 2.3600 1.3456
6100 3050.0 2.0747 0.3210 2.0747 2.4026 1.4596
6110 3055.0 2.0794 0.2116 2.0794 2.5947 1.4116
6120 3060.0 2.0393 1.8431 2.0393 2.6629 1.3347
6130 3065.0 2.0762 0.2835 2.0762 2.5406 1.4019
6140 3070.0 2.0869 0.0854 2.0869 2.5142 1.3999
6150 3075.0 2.0468 1.4164 2.0468 2.5730 1.3438
6160 3080.0 2.0696 0.4624 2.0696 2.6768 1.4106
6170 3085.0 2.0735 0.3512 2.0735 2.6695 1.4500
6180 3090.0 2.0276 2.6239 2.0276 2.6567 1.3558
6190 3095.0 2.0419 1.6902 2.0419 2.5702 1.3638
6200 3100.0 2.0531 1.1014 2.0531 2.4688 1.4118
6210 3105.0 2.0031 4.6914 2.0031 2.4626 1.3680
6220 3110.0 2.0060 4.4200 2.0060 2.4201 1.3982
6230 3115.0 2.0640 0.6484 2.0640 2.3784 1.4261
6240 3120.0 2.0602 0.7926 2.0602 2.4442 1.3872
6250 3125.0 2.0313 2.3595 2.0313 2.4655 1.3763
6260 3130.0 2.0458 1.4665 2.0458 2.4659 1.4155
6270 3135.0 2.0799 0.2017 2.0799 2.4854 1.3893
6280 3140.0 2.0578 0.8923 2.0578 2.4915 1.3583
6290 3145.0 2.0310 2.3825 2.0310 2.4008 1.3993
6300 3150.0 2.0399 1.8075 2.0399 2.3172 1.4445
6310 3155.0 2.0388 1.8710 2.0388 2.3188 1.3643
6320 3160.0 2.0643 0.6384 2.0643 2.2978 1.3886
6330 3165.0 2.0262 2.7204 2.0262 2.3225 1.4157
6340 3170.0 2.0041 4.5939 2.0041 2.3853 1.3853
6350 3175.0 2.0869 0.0862 2.0869 2.3776 1.3950
6360 3180.0 2.1166 0.1378 2.1166 2.4476 1.3729
6370 3185.0 2.0268 2.6819 2.0268 2.5546 1.3452
6380 3190.0 1.9943 5.5818 1.9943 2.5467 1.4536
6390 3195.0 2.0089 4.1497 2.0089 2.5909 1.4230
6400 3200.0 2.0952 0.0117 2.0952 2.6387 1.3316
6410 3205.0 2.1439 0.9616 2.1439 2.6429 1.3868
6420 3210.0 2.0263 2.7186 2.0263 2.5691 1.3920
6430 3215.0 1.9632 9.3594 1.9632 2.5719 1.3691
6440 3220.0 2.0735 0.3505 2.0735 2.5933 1.4086
6450 3225.0 2.1139 0.0966 2.1139 2.5374 1.3992
6460 3230.0 2.0608 0.7676 2.0608 2.5560 1.3372
6470 3235.0 2.0000 4.9981 2.0000 2.5154 1.4793
6480 3240.0 1.9926 5.7626 1.9926 2.5266 1.4868
6490 3245.0 2.0734 0.3549 2.0734 2.5889 1.3343
6500 3250.0 2.1516 1.3299 2.1516 2.5590 1.3879
6510 3255.0 2.0368 1.9957 2.0368 2.6064 1.4429
6520 3260.0 1.9103 17.9840 1.9103 2.7267 1.4022
6530 3265.0 2.0603 0.7892 2.0603 2.7424 1.4032
6540 3270.0 2.2047 5.4778 2.2047 2.7742 1.3810
6550 3275.0 2.0737 0.3463 2.0737 2.8827 1.3416
6560 3280.0 1.9503 11.2099 1.9503 2.9097 1.4429
6570 3285.0 2.0197 3.2275 2.0197 2.9090 1.3825
6580 3290.0 2.1447 0.9977 2.1447 2.9232 1.3151
6590 3295.0 2.1067 0.0224 2.1067 2.8798 1.4315
6600 3300.0 1.9666 8.9021 1.9666 2.8463 1.4001
6610 3305.0 1.9730 8.0628 1.9730 2.8392 1.3578
6620 3310.0 2.1294 0.4327 2.1294 2.8276 1.4140
6630 3315.0 2.1477 1.1390 2.1477 2.7588 1.3893
6640 3320.0 1.9790 7.3246 1.9790 2.7797 1.3725
6650 3325.0 1.9875 6.3330 1.9875 2.6248 1.4726
6660 3330.0 1.9751 7.8047 1.9751 2.5245 1.4301
6670 3335.0 2.0292 2.5048 2.0292 2.5227 1.3539
6680 3340.0 2.1922 4.2466 2.1922 2.6151 1.4007
6690 3345.0 2.1839 3.5186 2.1839 2.6813 1.3695
6700 3350.0 2.0163 3.5032 2.0163 2.6805 1.3548
6710 3355.0 2.0139 3.7090 2.0139 2.6499 1.4774
6720 3360.0 2.0897 0.0527 2.0897 2.7133 1.4941
6730 3365.0 2.0388 1.8723 2.0388 2.5348 1.4064
6740 3370.0 1.9994 5.0641 1.9994 2.3839 1.3564
6750 3375.0 2.1089 0.0398 2.1089 2.2650 1.4164
6760 3380.0 2.1023 0.0026 2.1023 2.3415 1.3520
6770 3385.0 2.0452 1.5003 2.0452 2.5001 1.4164
6780 3390.0 2.0100 4.0456 2.0100 2.7238 1.5501
6790 3395.0 1.9348 13.6494 1.9348 2.6626 1.5202
6800 3400.0 2.0357 2.0645 2.0357 2.7691 1.3944
6810 3405.0 2.1273 0.3724 2.1273 2.5572 1.3691
6820 3410.0 2.0266 2.6946 2.0266 2.4157 1.4941
6830 3415.0 1.9357 13.5034 1.9357 2.3714 1.4286
6840 3420.0 2.0427 1.6426 2.0427 2.3780 1.3173
6850 3425.0 2.1285 0.4074 2.1285 2.3685 1.3853
6860 3430.0 2.0475 1.3773 2.0475 2.4706 1.4283
6870 3435.0 1.9550 10.5195 1.9550 2.6214 1.4620
6880 3440.0 2.0294 2.4894 2.0294 2.7983 1.3901
6890 3445.0 2.0867 0.0882 2.0867 2.8307 1.3805
6900 3450.0 2.0441 1.5628 2.0441 2.6951 1.4706
6910 3455.0 1.9921 5.8183 1.9921 2.6949 1.3961
6920 3460.0 1.9983 5.1701 1.9983 2.8386 1.4031
6930 3465.0 1.9934 5.6846 1.9934 2.7625 1.4428
6940 3470.0 2.0746 0.3226 2.0746 2.6093 1.4010
6950 3475.0 2.1604 1.8264 2.1604 2.5265 1.3911
6960 3480.0 2.0738 0.3423 2.0738 2.5326 1.3545
6970 3485.0 2.0322 2.2999 2.0322 2.5704 1.3947
6980 3490.0 2.0654 0.5996 2.0654 2.6290 1.4462
6990 3495.0 2.0407 1.7567 2.0407 2.7045 1.3753
7000 3500.0 2.0449 1.5163 2.0449 2.6102 1.3667
7010 3505.0 2.0610 0.7590 2.0610 2.4610 1.4435
7020 3510.0 2.0118 3.8870 2.0118 2.4315 1.3566
7030 3515.0 2.0394 1.8367 2.0394 2.4173 1.3579
7040 3520.0 2.1027 0.0036 2.1027 2.4439 1.4162
7050 3525.0 2.0512 1.1905 2.0512 2.5446 1.3777
7060 3530.0 2.0283 2.5732 2.0283 2.3903 1.3833
7070 3535.0 2.0800 0.1994 2.0800 2.3303 1.3947
7080 3540.0 2.1118 0.0700 2.1118 2.3086 1.3709
7090 3545.0 2.0807 0.1869 2.0807 2.3952 1.3351
7100 3550.0 2.0590 0.8386 2.0590 2.5405 1.4061
7110 3555.0 2.0604 0.7839 2.0604 2.4414 1.4074
7120 3560.0 2.0011 4.8894 2.0011 2.3732 1.3445
7130 3565.0 2.0285 2.5573 2.0285 2.2859 1.4660
7140 3570.0 2.0253 2.7933 2.0253 2.2905 1.4820
7150 3575.0 1.9806 7.1296 1.9806 2.3416 1.3594
7160 3580.0 2.0738 0.3437 2.0738 2.2842 1.3607
7170 3585.0 2.1271 0.3668 2.1271 2.2838 1.4045
7180 3590.0 1.9940 5.6159 1.9940 2.4273 1.3494
7190 3595.0 2.0125 3.8296 2.0125 2.5014 1.3952
7200 3600.0 2.0632 0.6756 2.0632 2.5521 1.4114
7210 3605.0 2.0865 0.0905 2.0865 2.6035 1.3685
7220 3610.0 2.0796 0.2091 2.0796 2.6676 1.3755
7230 3615.0 2.0479 1.3570 2.0479 2.6315 1.3896
7240 3620.0 2.0493 1.2869 2.0493 2.6901 1.3702
7250 3625.0 2.0952 0.0117 2.0952 2.7113 1.3908
7260 3630.0 2.0783 0.2356 2.0783 2.6670 1.3848
7270 3635.0 2.0306 2.4106 2.0306 2.6339 1.3850
7280 3640.0 2.0334 2.2205 2.0334 2.5932 1.4106
7290 3645.0 2.0824 0.1557 2.0824 2.5962 1.3845
7300 3650.0 2.0982 0.0017 2.0982 2.6243 1.3436
7310 3655.0 2.0775 0.2532 2.0775 2.5674 1.3882
7320 3660.0 2.0345 2.1467 2.0345 2.5919 1.3718
7330 3665.0 2.0496 1.2712 2.0496 2.6267 1.3736
7340 3670.0 2.1411 0.8443 2.1411 2.6636 1.3688
7350 3675.0 2.1202 0.2044 2.1202 2.6773 1.3512
7360 3680.0 2.0262 2.7262 2.0262 2.6643 1.3872
7370 3685.0 2.0302 2.4380 2.0302 2.6271 1.4075
7380 3690.0 2.0945 0.0149 2.0945 2.6020 1.3972
7390 3695.0 2.1090 0.0406 2.1090 2.5747 1.3306
7400 3700.0 2.1149 0.1103 2.1149 2.5368 1.3851
7410 3705.0 2.0510 1.1994 2.0510 2.5565 1.4036
7420 3710.0 2.0109 3.9670 2.0109 2.6411 1.3823
7430 3715.0 2.0934 0.0221 2.0934 2.6812 1.3686
7440 3720.0 2.1452 1.0208 2.1452 2.6752 1.3557
7450 3725.0 2.0780 0.2421 2.0780 2.6510 1.3862
7460 3730.0 1.9831 6.8271 1.9831 2.6255 1.4107
7470 3735.0 2.0180 3.3590 2.0180 2.5539 1.4083
7480 3740.0 2.1021 0.0023 2.1021 2.4464 1.4103
7490 3745.0 2.1015 0.0012 2.1015 2.4247 1.3543
7500 3750.0 2.1041 0.0084 2.1041 2.3994 1.3682
7510 3755.0 2.0883 0.0688 2.0883 2.4085 1.3906
7520 3760.0 2.0160 3.5315 2.0160 2.5027 1.3720
7530 3765.0 2.0065 4.3734 2.0065 2.5512 1.4158
7540 3770.0 2.0915 0.0364 2.0915 2.5973 1.4142
7550 3775.0 2.1156 0.1213 2.1156 2.7112 1.3264
7560 3780.0 2.0529 1.1105 2.0529 2.6486 1.4011
7570 3785.0 2.0072 4.3073 2.0072 2.6459 1.4066
7580 3790.0 2.0819 0.1631 2.0819 2.7093 1.3376
7590 3795.0 2.1509 1.2971 2.1509 2.6608 1.3754
7600 3800.0 2.0501 1.2446 2.0501 2.6168 1.3816
7610 3805.0 1.9704 8.4006 1.9704 2.5658 1.3959
7620 3810.0 2.0520 1.1503 2.0520 2.4679 1.4401
7630 3815.0 2.0753 0.3054 2.0753 2.4566 1.3954
7640 3820.0 2.0199 3.2091 2.0199 2.4868 1.3132
7650 3825.0 2.0124 3.8374 2.0124 2.3951 1.4088
7660 3830.0 2.1167 0.1391 2.1167 2.4127 1.4503
7670 3835.0 2.1239 0.2855 2.1239 2.5847 1.3345
7680 3840.0 1.9896 6.0952 1.9896 2.6481 1.3710
7690 3845.0 1.9655 9.0501 1.9655 2.6629 1.5242
7700 3850.0 2.0733 0.3552 2.0733 2.7760 1.5280
7710 3855.0 2.0828 0.1487 2.0828 2.7126 1.3606
7720 3860.0 2.1027 0.0035 2.1027 2.6491 1.3266
7730 3865.0 2.0870 0.0840 2.0870 2.6466 1.4581
7740 3870.0 1.9888 6.1824 1.9888 2.7476 1.3420
7750 3875.0 2.0765 0.2753 2.0765 2.7924 1.3699
7760 3880.0 2.1344 0.5906 2.1344 2.6115 1.4331
7770 3885.0 2.0324 2.2826 2.0324 2.5988 1.3464
7780 3890.0 1.9762 7.6630 1.9762 2.5034 1.3913
7790 3895.0 2.0384 1.8979 2.0384 2.3533 1.4530
7800 3900.0 2.0576 0.8984 2.0576 2.3978 1.3277
7810 3905.0 2.0898 0.0520 2.0898 2.3197 1.3623
7820 3910.0 2.1245 0.3009 2.1245 2.2116 1.4449
7830 3915.0 2.0990 0.0005 2.0990 2.3161 1.3410
7840 3920.0 1.9817 7.0026 1.9817 2.3601 1.3826
7850 3925.0 1.9985 5.1517 1.9985 2.3076 1.5160
7860 3930.0 2.0703 0.4408 2.0703 2.4006 1.3826
7870 3935.0 2.1369 0.6790 2.1369 2.4886 1.3071
7880 3940.0 2.1014 0.0010 2.1014 2.4564 1.4503
7890 3945.0 1.9599 9.8099 1.9599 2.5647 1.3644
7900 3950.0 2.0466 1.4236 2.0466 2.5448 1.3618
7910 3955.0 2.1659 2.1734 2.1659 2.5585 1.4064
7920 3960.0 2.1159 0.1268 2.1159 2.6001 1.2976
7930 3965.0 2.0934 0.0218 2.0934 2.5708 1.4290
7940 3970.0 1.9887 6.1923 1.9887 2.5758 1.3826
7950 3975.0 2.0263 2.7181 2.0263 2.5235 1.3562
7960 3980.0 2.1096 0.0459 2.1096 2.4236 1.4520
7970 3985.0 2.0370 1.9855 2.0370 2.5314 1.3283
7980 3990.0 2.0267 2.6884 2.0267 2.5263 1.4029
7990 3995.0 2.0816 0.1690 2.0816 2.5349 1.4952
8000 4000.0 2.0503 1.2332 2.0503 2.7465 1.3317
8010 4005.0 2.0739 0.3407 2.0739 2.6977 1.3873
8020 4010.0 2.0712 0.4159 2.0712 2.5946 1.4436
8030 4015.0 2.0259 2.7447 2.0259 2.5728 1.3140
8040 4020.0 2.1125 0.0776 2.1125 2.6088 1.4031
8050 4025.0 2.1135 0.0909 2.1135 2.6589 1.4243
8060 4030.0 2.0274 2.6386 2.0274 2.7324 1.3267
8070 4035.0 2.0075 4.2822 2.0075 2.7833 1.4070
8080 4040.0 2.0991 0.0004 2.0991 2.7865 1.4394
8090 4045.0 2.1429 0.9190 2.1429 2.7845 1.3539
8100 4050.0 2.0818 0.1659 2.0818 2.7802 1.3573
8110 4055.0 2.0143 3.6705 2.0143 2.6923 1.4578
8120 4060.0 2.0023 4.7738 2.0023 2.6967 1.4155
8130 4065.0 2.0475 1.3768 2.0475 2.7590 1.3454
8140 4070.0 2.1180 0.1621 2.1180 2.7373 1.4202
8150 4075.0 2.0950 0.0123 2.0950 2.6481 1.4105
8160 4080.0 2.0188 3.2939 2.0188 2.5304 1.3444
8170 4085.0 2.0548 1.0203 2.0548 2.4235 1.4225
8180 4090.0 2.0692 0.4755 2.0692 2.4227 1.3981
8190 4095.0 2.0777 0.2493 2.0777 2.4993 1.3434
8200 4100.0 2.0707 0.4286 2.0707 2.5809 1.4061
8210 4105.0 2.0211 3.1091 2.0211 2.5587 1.4413
8220 4110.0 1.9714 8.2722 1.9714 2.5082 1.4034
8230 4115.0 2.0167 3.4655 2.0167 2.4774 1.4089
8240 4120.0 2.0730 0.3633 2.0730 2.4827 1.4004
8250 4125.0 2.0714 0.4103 2.0714 2.4712 1.3744
8260 4130.0 2.0176 3.3935 2.0176 2.3892 1.3728
8270 4135.0 2.0328 2.2576 2.0328 2.3358 1.4058
8280 4140.0 2.0921 0.0315 2.0921 2.3736 1.3885
8290 4145.0 2.0871 0.0827 2.0871 2.4472 1.3532
8300 4150.0 2.0325 2.2763 2.0325 2.4870 1.4127
8310 4155.0 2.0271 2.6555 2.0271 2.5410 1.4418
8320 4160.0 2.0305 2.4136 2.0305 2.5875 1.3687
8330 4165.0 2.0938 0.0189 2.0938 2.6169 1.3859
8340 4170.0 2.1071 0.0256 2.1071 2.6127 1.4298
8350 4175.0 2.0334 2.2188 2.0334 2.6437 1.3772
8360 4180.0 1.9815 7.0236 1.9815 2.6330 1.3866
8370 4185.0 2.0416 1.7025 2.0416 2.6324 1.4753
8380 4190.0 2.0881 0.0710 2.0881 2.5737 1.3910
8390 4195.0 2.0824 0.1552 2.0824 2.5139 1.3425
8400 4200.0 2.0291 2.5161 2.0291 2.4627 1.4453
8410 4205.0 2.0253 2.7905 2.0253 2.5181 1.4248
8420 4210.0 2.0955 0.0101 2.0955 2.6249 1.3483
8430 4215.0 2.1385 0.7405 2.1385 2.6329 1.3772
8440 4220.0 2.0556 0.9868 2.0556 2.6459 1.4018
8450 4225.0 1.9863 6.4604 1.9863 2.6257 1.3795
8460 4230.0 2.0845 0.1194 2.0845 2.6519 1.3888
8470 4235.0 2.1379 0.7164 2.1379 2.6420 1.3754
8480 4240.0 2.0447 1.5283 2.0447 2.5870 1.3538
8490 4245.0 2.0528 1.1145 2.0528 2.5573 1.4383
8500 4250.0 2.0624 0.7055 2.0624 2.5657 1.3740
8510 4255.0 2.0776 0.2500 2.0776 2.5755 1.3568
8520 4260.0 2.1205 0.2096 2.1205 2.5949 1.4510
8530 4265.0 2.0355 2.0788 2.0355 2.6221 1.3666
8540 4270.0 2.0148 3.6279 2.0148 2.5748 1.3885
8550 4275.0 2.0742 0.3317 2.0742 2.5016 1.4502
8560 4280.0 2.0299 2.4556 2.0299 2.5343 1.3553
8570 4285.0 2.0482 1.3415 2.0482 2.4613 1.3851
8580 4290.0 2.0683 0.5036 2.0683 2.3424 1.4503
8590 4295.0 1.9911 5.9265 1.9911 2.3673 1.3836
8600 4300.0 2.0078 4.2466 2.0078 2.3207 1.3664
8610 4305.0 2.0846 0.1184 2.0846 2.2603 1.3864
8620 4310.0 2.1028 0.0040 2.1028 2.2829 1.3304
8630 4315.0 2.0422 1.6689 2.0422 2.2558 1.3733
8640 4320.0 2.0103 4.0270 2.0103 2.2068 1.4189
8650 4325.0 2.0387 1.8760 2.0387 2.2585 1.3668
8660 4330.0 2.1112 0.0627 2.1112 2.2875 1.3530
8670 4335.0 2.0847 0.1164 2.0847 2.3259 1.3985
8680 4340.0 2.0199 3.2076 2.0199 2.3426 1.4045
8690 4345.0 2.0315 2.3448 2.0315 2.3352 1.3948
8700 4350.0 2.0894 0.0559 2.0894 2.3113 1.3797
8710 4355.0 2.0998 0.0000 2.0998 2.3363 1.3405
8720 4360.0 2.0749 0.3159 2.0749 2.2810 1.3885
8730 4365.0 2.0365 2.0149 2.0365 2.2651 1.4347
8740 4370.0 2.0240 2.8896 2.0240 2.3419 1.3803
8750 4375.0 2.1058 0.0171 2.1058 2.3788 1.3601
8760 4380.0 2.1008 0.0003 2.1008 2.3665 1.3889
8770 4385.0 2.0319 2.3219 2.0319 2.4008 1.3771
8780 4390.0 2.0089 4.1522 2.0089 2.4093 1.3749
8790 4395.0 2.0598 0.8068 2.0598 2.3890 1.4078
8800 4400.0 2.0912 0.0385 2.0912 2.4150 1.3566
8810 4405.0 2.1151 0.1146 2.1151 2.3833 1.3875
8820 4410.0 2.0713 0.4106 2.0713 2.3676 1.3866
8830 4415.0 2.0180 3.3656 2.0180 2.3889 1.3745
8840 4420.0 2.0510 1.2018 2.0510 2.3896 1.3937
8850 4425.0 2.0905 0.0454 2.0905 2.3759 1.4043
8860 4430.0 2.0633 0.6718 2.0633 2.4054 1.3782
8870 4435.0 2.0219 3.0464 2.0219 2.4289 1.3753
8880 4440.0 2.0386 1.8869 2.0386 2.3610 1.4294
8890 4445.0 2.0442 1.5581 2.0442 2.3805 1.3910
8900 4450.0 2.0787 0.2269 2.0787 2.3974 1.3944
8910 4455.0 2.0936 0.0204 2.0936 2.4453 1.3960
8920 4460.0 2.0478 1.3636 2.0478 2.5032 1.3942
8930 4465.0 2.0177 3.3836 2.0177 2.5114 1.3979
8940 4470.0 2.0787 0.2274 2.0787 2.4611 1.3859
8950 4475.0 2.1016 0.0013 2.1016 2.4120 1.4043
8960 4480.0 2.0442 1.5592 2.0442 2.4084 1.3867
8970 4485.0 1.9904 6.0040 1.9904 2.3810 1.4173
8980 4490.0 2.0187 3.3085 2.0187 2.3337 1.4055
8990 4495.0 2.0838 0.1306 2.0838 2.2922 1.3918
9000 4500.0 2.1273 0.3735 2.1273 2.2661 1.4095
9010 4505.0 2.0708 0.4267 2.0708 2.2965 1.3548
9020 4510.0 1.9940 5.6174 1.9940 2.2949 1.3756
9030 4515.0 1.9705 8.3791 1.9705 2.3123 1.4735
9040 4520.0 2.0435 1.5937 2.0435 2.3982 1.4121
9050 4525.0 2.1093 0.0429 2.1093 2.5115 1.3307
9060 4530.0 2.1038 0.0072 2.1038 2.5895 1.4069
9070 4535.0 1.9999 5.0057 1.9999 2.5696 1.4545
9080 4540.0 1.9891 6.1515 1.9891 2.6065 1.3834
9090 4545.0 2.1281 0.3937 2.1281 2.5432 1.3752
9100 4550.0 2.1718 2.5809 2.1718 2.4070 1.3913
9110 4555.0 2.0576 0.8987 2.0576 2.3624 1.3284
9120 4560.0 1.9881 6.2609 1.9881 2.2601 1.4380
9130 4565.0 1.9823 6.9212 1.9823 2.2441 1.4640
9140 4570.0 2.0198 3.2124 2.0198 2.3024 1.3629
9150 4575.0 2.1032 0.0053 2.1032 2.3533 1.3296
9160 4580.0 2.1705 2.4835 2.1705 2.3083 1.4128
9170 4585.0 2.0729 0.3672 2.0729 2.4218 1.3071
9180 4590.0 2.0318 2.3246 2.0318 2.3893 1.4323
9190 4595.0 2.0162 3.5114 2.0162 2.3679 1.4909
9200 4600.0 2.0544 1.0416 2.0544 2.4006 1.3443
9210 4605.0 2.1536 1.4356 2.1536 2.3497 1.3563
9220 4610.0 2.1092 0.0426 2.1092 2.2738 1.4175
9230 4615.0 1.9616 9.5739 1.9616 2.3115 1.3823
9240 4620.0 1.9802 7.1741 1.9802 2.2583 1.3932
9250 4625.0 2.0939 0.0187 2.0939 2.1793 1.4026
9260 4630.0 2.0995 0.0001 2.0995 2.1788 1.3421
9270 4635.0 2.0180 3.3649 2.0180 2.1433 1.3621
9280 4640.0 2.0356 2.0766 2.0356 2.1375 1.4050
9290 4645.0 2.0607 0.7715 2.0607 2.2854 1.3436
9300 4650.0 2.0201 3.1910 2.0201 2.3273 1.4067
9310 4655.0 2.0520 1.1516 2.0520 2.4069 1.4475
9320 4660.0 2.0871 0.0833 2.0871 2.5661 1.3622
9330 4665.0 2.1092 0.0422 2.1092 2.6015 1.3477
9340 4670.0 2.0969 0.0049 2.0969 2.5144 1.4227
9350 4675.0 2.0323 2.2935 2.0323 2.5421 1.3608
9360 4680.0 2.0397 1.8168 2.0397 2.6626 1.3552
9370 4685.0 2.0754 0.3023 2.0754 2.4734 1.4065
9380 4690.0 2.0754 0.3025 2.0754 2.2984 1.3555
9390 4695.0 2.0236 2.9174 2.0236 2.1642 1.3648
9400 4700.0 1.9079 18.4525 1.9079 2.1057 1.3880
9410 4705.0 2.0118 3.8862 2.0118 2.1799 1.3071
9420 4710.0 2.1609 1.8560 2.1609 2.1909 1.3361
9430 4715.0 2.1367 0.6729 2.1367 2.2401 1.3626
9440 4720.0 1.9075 18.5249 1.9075 2.3728 1.3640
9450 4725.0 1.9850 6.6141 1.9850 2.3750 1.5103
9460 4730.0 2.1106 0.0559 2.1106 2.4961 1.4457
9470 4735.0 2.0867 0.0885 2.0867 2.6855 1.2762
9480 4740.0 2.1059 0.0176 2.1059 2.7545 1.4888
9490 4745.0 1.9878 6.2926 1.9878 2.8859 1.4528
9500 4750.0 1.9681 8.6926 1.9681 2.9440 1.3270
9510 4755.0 2.1783 3.0630 2.1783 2.8989 1.4042
9520 4760.0 2.2120 6.2722 2.2120 2.8911 1.3686
9530 4765.0 2.0256 2.7646 2.0256 2.8781 1.3250
9540 4770.0 2.0185 3.3189 2.0185 2.8884 1.4888
9550 4775.0 2.0472 1.3914 2.0472 2.8560 1.5456
9560 4780.0 2.0181 3.3538 2.0181 2.7904 1.4080
9570 4785.0 2.1079 0.0309 2.1079 2.7046 1.3155
9580 4790.0 2.2005 5.0502 2.2005 2.5094 1.4413
9590 4795.0 2.0108 3.9745 2.0108 2.5026 1.3449
9600 4800.0 1.9353 13.5626 1.9353 2.4245 1.4244
9610 4805.0 2.0474 1.3843 2.0474 2.2926 1.5134
9620 4810.0 2.0672 0.5370 2.0672 2.2916 1.4425
9630 4815.0 2.0218 3.0567 2.0218 2.3928 1.3004
9640 4820.0 2.0405 1.7680 2.0405 2.3373 1.4668
9650 4825.0 2.0290 2.5218 2.0290 2.4112 1.4864
9660 4830.0 2.0364 2.0219 2.0364 2.5461 1.3234
9670 4835.0 2.1287 0.4132 2.1287 2.5628 1.3900
9680 4840.0 2.1037 0.0067 2.1037 2.6107 1.4119
9690 4845.0 2.0090 4.1425 2.0090 2.6850 1.3454
9700 4850.0 2.0536 1.0774 2.0536 2.6622 1.3912
9710 4855.0 2.1512 1.3103 2.1512 2.6575 1.4066
9720 4860.0 2.0937 0.0196 2.0937 2.7413 1.3316
9730 4865.0 2.0490 1.3013 2.0490 2.6418 1.3905
9740 4870.0 2.0740 0.3380 2.0740 2.6173 1.3792
9750 4875.0 2.0897 0.0535 2.0897 2.6430 1.3578
9760 4880.0 2.0914 0.0369 2.0914 2.6537 1.3891
9770 4885.0 2.0525 1.1291 2.0525 2.7800 1.3409
9780 4890.0 2.0740 0.3368 2.0740 2.7180 1.3877
9790 4895.0 2.1005 0.0001 2.1005 2.6132 1.4034
9800 4900.0 2.0797 0.2057 2.0797 2.5364 1.3555
9810 4905.0 2.0426 1.6448 2.0426 2.3901 1.4238
9820 4910.0 2.0109 3.9692 2.0109 2.3156 1.4428
9830 4915.0 2.0255 2.7777 2.0255 2.3659 1.3622
9840 4920.0 2.1034 0.0059 2.1034 2.3947 1.3960
9850 4925.0 2.1469 1.1010 2.1469 2.4879 1.4117
9860 4930.0 2.0475 1.3799 2.0475 2.6559 1.3520
9870 4935.0 2.0061 4.4082 2.0061 2.7117 1.4096
9880 4940.0 2.0836 0.1339 2.0836 2.7011 1.4570
9890 4945.0 2.1219 0.2401 2.1219 2.7186 1.3329
9900 4950.0 2.1583 1.7012 2.1583 2.6540 1.3437
9910 4955.0 2.0879 0.0736 2.0879 2.5038 1.4201
9920 4960.0 1.9954 5.4688 1.9954 2.3803 1.4136
9930 4965.0 1.9187 16.4268 1.9187 2.2820 1.4292
9940 4970.0 1.9943 5.5886 1.9943 2.3115 1.4268
9950 4975.0 2.1835 3.4842 2.1835 2.4820 1.3832
9960 4980.0 2.1996 4.9609 2.1996 2.6572 1.3161
9970 4985.0 2.0415 1.7104 2.0415 2.7280 1.4178
9980 4990.0 1.9272 14.9384 1.9272 2.8121 1.5166
9990 4995.0 2.0272 2.6499 2.0272 2.8980 1.4515
10000 5000.0 2.1821 3.3731 2.1821 2.8809 1.2980
10010 5005.0 2.2028 5.2835 2.2028 2.8884 1.3724
10020 5010.0 2.0218 3.0544 2.0218 2.8955 1.4438
10030 5015.0 1.9045 19.1053 1.9045 2.9543 1.4229
10040 5020.0 2.1165 0.1362 2.1165 2.8253 1.3512
10050 5025.0 2.2267 8.0258 2.2267 2.6691 1.3589
10060 5030.0 2.0223 3.0203 2.0223 2.7395 1.3842
10070 5035.0 1.8869 22.7073 1.8869 2.7963 1.4589
10080 5040.0 2.0435 1.5950 2.0435 2.6094 1.4805
10090 5045.0 2.1160 0.1286 2.1160 2.4394 1.3732
10100 5050.0 2.0737 0.3466 2.0737 2.3204 1.3160
10110 5055.0 2.0643 0.6384 2.0643 2.2763 1.4516
10120 5060.0 2.0746 0.3237 2.0746 2.3265 1.4141
10130 5065.0 2.0770 0.2643 2.0770 2.4556 1.3084
10140 5070.0 2.0732 0.3582 2.0732 2.4699 1.4269
10150 5075.0 2.0174 3.4127 2.0174 2.4448 1.5179
10160 5080.0 1.9927 5.7577 1.9927 2.5679 1.4183
10170 5085.0 2.1336 0.5651 2.1336 2.7164 1.3081
10180 5090.0 2.2489 11.0906 2.2489 2.6292 1.4106
10190 5095.0 2.0237 2.9088 2.0237 2.7317 1.3359
10200 5100.0 1.9430 12.3207 1.9430 2.7092 1.3872
10210 5105.0 2.1458 1.0485 2.1458 2.5632 1.4803
10220 5110.0 2.1646 2.0838 2.1646 2.5854 1.2997
10230 5115.0 2.1785 3.0795 2.1785 2.4030 1.3929
10240 5120.0 2.0931 0.0240 2.0931 2.2928 1.4784
10250 5125.0 1.8973 20.5497 1.8973 2.3804 1.3705
10260 5130.0 2.0448 1.5233 2.0448 2.2525 1.4507
10270 5135.0 2.1895 4.0036 2.1895 2.2442 1.4294
10280 5140.0 2.1852 3.6335 2.1852 2.3598 1.2660
10290 5145.0 2.1473 1.1199 2.1473 2.2563 1.4164
10300 5150.0 1.9992 5.0809 1.9992 2.2628 1.4801
10310 5155.0 1.9207 16.0684 1.9207 2.3880 1.3669
10320 5160.0 2.1030 0.0044 2.1030 2.3199 1.3945
10330 5165.0 2.2178 6.9422 2.2178 2.3560 1.3840
10340 5170.0 2.1246 0.3026 2.1246 2.4241 1.3224
10350 5175.0 1.9732 8.0405 1.9732 2.4448 1.4534
10360 5180.0 1.9812 7.0524 1.9812 2.4760 1.4276
10370 5185.0 2.1645 2.0792 2.1645 2.5093 1.3364
10380 5190.0 2.2370 9.3876 2.2370 2.5104 1.3661
10390 5195.0 2.0670 0.5449 2.0670 2.5310 1.3771
10400 5200.0 1.9422 12.4544 1.9422 2.5202 1.3995
10410 5205.0 2.0807 0.1860 2.0807 2.4533 1.3847
10420 5210.0 2.2223 7.4752 2.2223 2.4310 1.3413
10430 5215.0 2.1890 3.9617 2.1890 2.4584 1.3447
10440 5220.0 2.0000 5.0041 2.0000 2.5128 1.4147
10450 5225.0 1.9971 5.2900 1.9971 2.5097 1.4525
10460 5230.0 2.1516 1.3303 2.1516 2.4516 1.3379
10470 5235.0 2.2300 8.4521 2.2300 2.3499 1.3498
10480 5240.0 2.1002 0.0000 2.1002 2.2747 1.4058
10490 5245.0 1.9107 17.9188 1.9107 2.3160 1.4370
10500 5250.0 1.9891 6.1539 1.9891 2.2291 1.4730
10510 5255.0 2.0719 0.3935 2.0719 2.2577 1.3751
10520 5260.0 2.1038 0.0073 2.1038 2.3257 1.3195
10530 5265.0 2.0438 1.5801 2.0438 2.3035 1.3974
10540 5270.0 2.0058 4.4415 2.0058 2.3451 1.3598
10550 5275.0 2.0889 0.0612 2.0889 2.4326 1.3260
10560 5280.0 2.1213 0.2264 2.1213 2.3937 1.4415
10570 5285.0 2.0294 2.4956 2.0294 2.4773 1.4049
10580 5290.0 1.9679 8.7220 1.9679 2.6158 1.3310
10590 5295.0 1.9639 9.2663 1.9639 2.4997 1.4751
10600 5300.0 2.0538 1.0679 2.0538 2.4567 1.4891
10610 5305.0 2.1031 0.0047 2.1031 2.5745 1.3105
10620 5310.0 2.0992 0.0003 2.0992 2.4882 1.3814
10630 5315.0 2.0052 4.4950 2.0052 2.3884 1.5237
10640 5320.0 1.9016 19.6725 1.9016 2.4867 1.4410
10650 5325.0 1.9763 7.6509 1.9763 2.3837 1.3442
10660 5330.0 2.1158 0.1242 2.1158 2.1994 1.4021
10670 5335.0 2.1387 0.7471 2.1387 2.1103 1.4075
10680 5340.0 2.0362 2.0344 2.0362 2.1182 1.2823
10690 5345.0 2.0002 4.9760 2.0002 2.1580 1.4046
10700 5350.0 2.0570 0.9227 2.0570 2.3484 1.4633
10710 5355.0 1.9034 19.3325 1.9034 2.5546 1.3723
10720 5360.0 2.0451 1.5082 2.0451 2.6009 1.4485
10730 5365.0 2.1679 2.3051 2.1679 2.6216 1.4161
10740 5370.0 2.0907 0.0433 2.0907 2.6970 1.2870
10750 5375.0 2.0524 1.1327 2.0524 2.8387 1.4496
10760 5380.0 1.9916 5.8762 1.9916 2.8567 1.4032
10770 5385.0 2.0701 0.4469 2.0701 2.7303 1.3352
10780 5390.0 2.1996 4.9580 2.1996 2.6231 1.3867
10790 5395.0 2.0853 0.1075 2.0853 2.6118 1.3381
10800 5400.0 1.9764 7.6372 1.9764 2.6270 1.4097
10810 5405.0 2.0124 3.8372 2.0124 2.5299 1.4990
10820 5410.0 2.0252 2.7949 2.0252 2.4313 1.4137
10830 5415.0 2.0721 0.3884 2.0721 2.3499 1.3205
10840 5420.0 2.1007 0.0003 2.1007 2.2627 1.3776
10850 5425.0 2.0179 3.3731 2.0179 2.2188 1.4116
10860 5430.0 1.9575 10.1578 1.9575 2.2693 1.3831
10870 5435.0 1.9587 9.9821 1.9587 2.3301 1.3508
10880 5440.0 2.0489 1.3047 2.0489 2.2976 1.4342
10890 5445.0 2.0722 0.3873 2.0722 2.3141 1.3851
10900 5450.0 2.0209 3.1270 2.0209 2.4278 1.3111
10910 5455.0 2.0623 0.7111 2.0623 2.4593 1.4830
10920 5460.0 1.9956 5.4452 1.9956 2.5931 1.3922
10930 5465.0 2.0393 1.8442 2.0393 2.7378 1.3354
10940 5470.0 2.1476 1.1343 2.1476 2.7842 1.4696
10950 5475.0 2.0445 1.5374 2.0445 2.8275 1.3040
10960 5480.0 2.0487 1.3140 2.0487 2.8018 1.4178
10970 5485.0 2.0664 0.5650 2.0664 2.7537 1.4560
10980 5490.0 2.0069 4.3365 2.0069 2.7122 1.2884
10990 5495.0 2.0852 0.1094 2.0852 2.5212 1.4459
11000 5500.0 2.0494 1.2792 2.0494 2.4519 1.4201
11010 5505.0 2.0026 4.7425 2.0026 2.4592 1.3152
11020 5510.0 2.0784 0.2342 2.0784 2.3584 1.4489
11030 5515.0 2.0301 2.4401 2.0301 2.3703 1.4098
11040 5520.0 2.0005 4.9532 2.0005 2.4050 1.3471
11050 5525.0 2.0774 0.2544 2.0774 2.3450 1.4331
11060 5530.0 2.0528 1.1156 2.0528 2.4731 1.3677
11070 5535.0 2.0666 0.5580 2.0666 2.5731 1.3715
11080 5540.0 2.1013 0.0009 2.1013 2.6651 1.4166
11090 5545.0 2.0720 0.3921 2.0720 2.8073 1.3945
11100 5550.0 2.0934 0.0215 2.0934 2.8909 1.3460
11110 5555.0 2.1325 0.5274 2.1325 2.9240 1.3927
11120 5560.0 2.0765 0.2769 2.0765 2.8698 1.3981
11130 5565.0 2.0327 2.2649 2.0327 2.7838 1.4139
11140 5570.0 2.0504 1.2325 2.0504 2.6339 1.3931
11150 5575.0 2.0546 1.0292 2.0546 2.5315 1.3764
11160 5580.0 2.0724 0.3799 2.0724 2.5200 1.4292
11170 5585.0 2.0719 0.3946 2.0719 2.5654 1.4625
11180 5590.0 2.0007 4.9345 2.0007 2.6628 1.3831
11190 5595.0 2.0283 2.5718 2.0283 2.7373 1.4047
11200 5600.0 2.1032 0.0050 2.1032 2.7950 1.4186
11210 5605.0 2.0704 0.4371 2.0704 2.8556 1.3479
11220 5610.0 2.0435 1.5985 2.0435 2.7801 1.3841
11230 5615.0 2.0416 1.7058 2.0416 2.7380 1.4341
11240 5620.0 2.0198 3.2171 2.0198 2.7886 1.4203
11250 5625.0 2.0333 2.2261 2.0333 2.7003 1.3839
11260 5630.0 2.0801 0.1979 2.0801 2.5545 1.4260
11270 5635.0 2.0189 3.2885 2.0189 2.4553 1.3888
11280 5640.0 1.9910 5.9448 1.9910 2.3738 1.4157
11290 5645.0 2.0356 2.0744 2.0356 2.2575 1.4535
11300 5650.0 2.0413 1.7247 2.0413 2.2175 1.3754
11310 5655.0 2.0412 1.7309 2.0412 2.2268 1.3555
11320 5660.0 2.0506 1.2181 2.0506 2.2352 1.4122
11330 5665.0 2.0003 4.9661 2.0003 2.3227 1.4301
11340 5670.0 1.9984 5.1582 1.9984 2.3373 1.4185
11350 5675.0 2.0523 1.1386 2.0523 2.3328 1.4029
11360 5680.0 2.0941 0.0171 2.0941 2.3429 1.3607
11370 5685.0 2.0630 0.6850 2.0630 2.4289 1.3771
11380 5690.0 2.0120 3.8753 2.0120 2.4877 1.4281
11390 5695.0 2.0296 2.4794 2.0296 2.4623 1.4143
11400 5700.0 2.0972 0.0040 2.0972 2.4215 1.3579
11410 5705.0 2.1199 0.1983 2.1199 2.4249 1.3412
11420 5710.0 2.0687 0.4886 2.0687 2.5103 1.4288
11430 5715.0 1.9883 6.2356 1.9883 2.5932 1.4253
11440 5720.0 2.0277 2.6158 2.0277 2.6432 1.3865
11450 5725.0 2.1219 0.2402 2.1219 2.6636 1.3839
11460 5730.0 2.0663 0.5672 2.0663 2.7160 1.3977
11470 5735.0 1.9659 8.9878 1.9659 2.6738 1.4140
11480 5740.0 2.0168 3.4575 2.0168 2.6022 1.4052
11490 5745.0 2.1451 1.0160 2.1451 2.5170 1.4021
11500 5750.0 2.0945 0.0149 2.0945 2.4738 1.3477
11510 5755.0 1.9901 6.0383 1.9901 2.3510 1.4204
11520 5760.0 2.0167 3.4700 2.0167 2.2746 1.4463
11530 5765.0 2.0614 0.7445 2.0614 2.3393 1.3536
11540 5770.0 2.1096 0.0460 2.1096 2.3243 1.3793
11550 5775.0 2.0565 0.9473 2.0565 2.3002 1.4135
11560 5780.0 1.9833 6.8140 1.9833 2.3488 1.3767
11570 5785.0 2.0513 1.1864 2.0513 2.3441 1.3999
11580 5790.0 2.1106 0.0564 2.1106 2.4014 1.3563
11590 5795.0 2.0888 0.0630 2.0888 2.4799 1.3325
11600 5800.0 2.0701 0.4467 2.0701 2.4998 1.4193
11610 5805.0 2.0147 3.6379 2.0147 2.6143 1.3680
11620 5810.0 2.1098 0.0480 2.1098 2.6446 1.3691
11630 5815.0 2.1726 2.6340 2.1726 2.6057 1.4064
11640 5820.0 2.0475 1.3775 2.0475 2.5595 1.3243
11650 5825.0 2.0119 3.8772 2.0119 2.3787 1.4328
11660 5830.0 2.0786 0.2287 2.0786 2.2036 1.4998
11670 5835.0 2.0531 1.1012 2.0531 2.2422 1.3246
11680 5840.0 2.0708 0.4256 2.0708 2.2013 1.3748
11690 5845.0 2.0777 0.2476 2.0777 2.2201 1.4305
11700 5850.0 2.0333 2.2239 2.0333 2.3851 1.3388
11710 5855.0 2.0592 0.8339 2.0592 2.4487 1.3861
11720 5860.0 2.0772 0.2601 2.0772 2.4959 1.3928
11730 5865.0 2.0966 0.0059 2.0966 2.4847 1.3559
11740 5870.0 2.0949 0.0131 2.0949 2.4112 1.4093
11750 5875.0 2.0132 3.7649 2.0132 2.4185 1.3686
11760 5880.0 2.0368 2.0002 2.0368 2.4121 1.3786
11770 5885.0 2.0831 0.1423 2.0831 2.4363 1.3864
11780 5890.0 2.0524 1.1334 2.0524 2.5426 1.3647
11790 5895.0 2.0387 1.8772 2.0387 2.6204 1.4188
11800 5900.0 2.0653 0.6036 2.0653 2.7326 1.3818
11810 5905.0 2.0654 0.5985 2.0654 2.8383 1.3459
11820 5910.0 2.0669 0.5471 2.0669 2.7775 1.4480
11830 5915.0 2.0486 1.3201 2.0486 2.8227 1.4046
11840 5920.0 2.0946 0.0143 2.0946 2.8471 1.3567
11850 5925.0 2.1311 0.4845 2.1311 2.8243 1.3910
11860 5930.0 2.0424 1.6607 2.0424 2.8594 1.3940
11870 5935.0 2.0220 3.0431 2.0220 2.8352 1.3998
11880 5940.0 2.1028 0.0038 2.1028 2.7884 1.4015
11890 5945.0 2.1007 0.0002 2.1007 2.7592 1.3417
11900 5950.0 2.0501 1.2455 2.0501 2.7344 1.4246
11910 5955.0 2.0314 2.3564 2.0314 2.7437 1.4590
11920 5960.0 2.0604 0.7826 2.0604 2.8325 1.3557
11930 5965.0 2.1299 0.4468 2.1299 2.7858 1.3638
11940 5970.0 2.0989 0.0006 2.0989 2.7518 1.3855
11950 5975.0 1.9941 5.6119 1.9941 2.7686 1.3705
11960 5980.0 2.0508 1.2090 2.0508 2.7490 1.4553
11970 5985.0 2.0746 0.3225 2.0746 2.7873 1.3946
11980 5990.0 2.0913 0.0381 2.0913 2.7920 1.3275
11990 5995.0 2.1537 1.4429 2.1537 2.6939 1.4349
12000 6000.0 2.0597 0.8111 2.0597 2.7426 1.3456
12010 6005.0 2.0267 2.6901 2.0267 2.7379 1.3967
12020 6010.0 2.0882 0.0692 2.0882 2.6997 1.4972
12030 6015.0 2.0594 0.8259 2.0594 2.7229 1.3686
12040 6020.0 2.0942 0.0167 2.0942 2.6724 1.3593
12050 6025.0 2.1350 0.6114 2.1350 2.5749 1.4409
12060 6030.0 2.0568 0.9310 2.0568 2.5993 1.3775
12070 6035.0 1.9928 5.7488 1.9928 2.5774 1.3889
12080 6040.0 2.0188 3.2983 2.0188 2.5185 1.4403
12090 6045.0 2.0858 0.1015 2.0858 2.5440 1.3764
12100 6050.0 2.1085 0.0363 2.1085 2.5767 1.3489
12110 6055.0 2.0975 0.0032 2.0975 2.5789 1.3932
12120 6060.0 2.0185 3.3185 2.0185 2.6382 1.3644
12130 6065.0 2.0363 2.0317 2.0363 2.6206 1.3987
12140 6070.0 2.1194 0.1881 2.1194 2.5989 1.3934
12150 6075.0 2.0970 0.0044 2.0970 2.6676 1.3132
12160 6080.0 2.0771 0.2628 2.0771 2.5918 1.4367
12170 6085.0 2.0515 1.1785 2.0515 2.5465 1.4208
12180 6090.0 2.0717 0.4018 2.0717 2.5146 1.3489
12190 6095.0 2.1367 0.6743 2.1367 2.4591 1.3910
12200 6100.0 2.0674 0.5318 2.0674 2.4508 1.3833
12210 6105.0 1.9942 5.5973 1.9942 2.4443 1.3784
12220 6110.0 2.0395 1.8299 2.0395 2.3827 1.4296
12230 6115.0 2.1069 0.0237 2.1069 2.4136 1.3752
12240 6120.0 2.1099 0.0494 2.1099 2.4609 1.3507
12250 6125.0 2.0378 1.9361 2.0378 2.4662 1.4049
12260 6130.0 2.0173 3.4215 2.0173 2.4503 1.4354
12270 6135.0 2.0543 1.0425 2.0543 2.4504 1.3965
12280 6140.0 2.0790 0.2215 2.0790 2.4552 1.3568
12290 6145.0 2.0821 0.1606 2.0821 2.4096 1.4035
12300 6150.0 2.0413 1.7255 2.0413 2.3700 1.4309
12310 6155.0 1.9937 5.6503 1.9937 2.4046 1.4383
12320 6160.0 2.0138 3.7112 2.0138 2.4562 1.4127
12330 6165.0 2.0981 0.0017 2.0981 2.5475 1.3584
12340 6170.0 2.1236 0.2788 2.1236 2.6053 1.3628
12350 6175.0 2.0525 1.1286 2.0525 2.6366 1.3827
12360 6180.0 1.9824 6.9114 1.9824 2.6626 1.3831
12370 6185.0 2.0659 0.5798 2.0659 2.6486 1.3739
12380 6190.0 2.1802 3.2159 2.1802 2.6144 1.3937
12390 6195.0 2.1064 0.0207 2.1064 2.6216 1.3479
12400 6200.0 1.9791 7.3049 1.9791 2.5814 1.4082
12410 6205.0 2.0020 4.7994 2.0020 2.4970 1.4665
12420 6210.0 2.0775 0.2522 2.0775 2.4973 1.3980
12430 6215.0 2.1295 0.4340 2.1295 2.5356 1.3419
12440 6220.0 2.1022 0.0024 2.1022 2.4846 1.4137
12450 6225.0 2.0000 4.9983 2.0000 2.5095 1.4389
12460 6230.0 1.9539 10.6712 1.9539 2.5916 1.4014
12470 6235.0 2.0915 0.0363 2.0915 2.5766 1.4475
12480 6240.0 2.1725 2.6249 2.1725 2.6676 1.3717
12490 6245.0 2.1002 0.0000 2.1002 2.7799 1.3349
12500 6250.0 1.9679 8.7210 1.9679 2.7596 1.5009
12510 6255.0 2.0010 4.9001 2.0010 2.7125 1.4667
12520 6260.0 2.1728 2.6500 2.1728 2.7324 1.2909
12530 6265.0 2.1813 3.3026 2.1813 2.6010 1.4197
12540 6270.0 1.9805 7.1370 1.9805 2.6526 1.4367
12550 6275.0 1.9729 8.0815 1.9729 2.7264 1.3888
12560 6280.0 2.1761 2.8925 2.1761 2.7456 1.3559
12570 6285.0 2.2079 5.8210 2.2079 2.8278 1.3439
12580 6290.0 2.0376 1.9465 2.0376 2.7170 1.3949
12590 6295.0 1.9811 7.0649 1.9811 2.5000 1.4340
12600 6300.0 2.0786 0.2285 2.0786 2.3259 1.3891
12610 6305.0 2.0783 0.2353 2.0783 2.2265 1.3472
12620 6310.0 2.0445 1.5389 2.0445 2.1161 1.3877
12630 6315.0 2.0093 4.1097 2.0093 2.1168 1.3889
12640 6320.0 1.9522 10.9208 1.9522 2.1693 1.3758
12650 6325.0 2.0463 1.4420 2.0463 2.1768 1.4319
12660 6330.0 2.1519 1.3458 2.1519 2.3519 1.3681
12670 6335.0 2.1377 0.7114 2.1377 2.6407 1.3151
12680 6340.0 2.0808 0.1838 2.0808 2.7115 1.3863
12690 6345.0 2.0092 4.1180 2.0092 2.6517 1.3696
12700 6350.0 2.0525 1.1278 2.0525 2.6390 1.3265
12710 6355.0 2.1521 1.3573 2.1521 2.6850 1.3823
12720 6360.0 2.1159 0.1266 2.1159 2.8128 1.3481
12730 6365.0 2.0130 3.7876 2.0130 2.5909 1.3924
12740 6370.0 2.0137 3.7249 2.0137 2.3632 1.4506
12750 6375.0 2.0583 0.8678 2.0583 2.3125 1.3551
12760 6380.0 2.1000 0.0000 2.1000 2.2622 1.3555
12770 6385.0 2.0461 1.4501 2.0461 2.2541 1.3685
12780 6390.0 1.9687 8.6248 1.9687 2.2658 1.3547
12790 6395.0 2.0084 4.1987 2.0084 2.2552 1.3549
12800 6400.0 2.1201 0.2017 2.1201 2.2408 1.3798
12810 6405.0 2.1688 2.3650 2.1688 2.2501 1.3744
12820 6410.0 2.0367 2.0023 2.0367 2.3060 1.3545
12830 6415.0 1.9612 9.6375 1.9612 2.2759 1.4420
12840 6420.0 2.0829 0.1457 2.0829 2.3016 1.4071
12850 6425.0 2.1860 3.6953 2.1860 2.4231 1.2963
12860 6430.0 2.1042 0.0086 2.1042 2.3635 1.4354
12870 6435.0 1.9289 14.6434 1.9289 2.4507 1.4320
12880 6440.0 2.0340 2.1763 2.0340 2.5026 1.3740
12890 6445.0 2.2042 5.4254 2.2042 2.4649 1.4036
12900 6450.0 2.0949 0.0129 2.0949 2.5421 1.3546
12910 6455.0 1.9228 15.6941 1.9228 2.5717 1.3848
12920 6460.0 2.0388 1.8699 2.0388 2.4298 1.5012
12930 6465.0 2.1271 0.3674 2.1271 2.4440 1.4047
12940 6470.0 2.0984 0.0013 2.0984 2.4994 1.2943
12950 6475.0 2.0688 0.4883 2.0688 2.3221 1.4765
12960 6480.0 1.9803 7.1628 1.9803 2.3167 1.4855
12970 6485.0 1.9508 11.1270 1.9508 2.4197 1.3521
12980 6490.0 2.0382 1.9117 2.0382 2.3518 1.4042
12990 6495.0 2.1243 0.2945 2.1243 2.3453 1.4532
13000 6500.0 2.0856 0.1040 2.0856 2.5153 1.3634
13010 6505.0 2.0188 3.2939 2.0188 2.6760 1.3915
13020 6510.0 2.0557 0.9833 2.0557 2.7779 1.4679
13030 6515.0 2.0436 1.5888 2.0436 2.8636 1.3778
13040 6520.0 2.0947 0.0143 2.0947 2.8138 1.3519
13050 6525.0 2.0884 0.0671 2.0884 2.7828 1.4137
13060 6530.0 1.9966 5.3471 1.9966 2.7158 1.3859
13070 6535.0 2.0202 3.1833 2.0202 2.5704 1.3640
13080 6540.0 2.1011 0.0006 2.1011 2.4403 1.4498
13090 6545.0 2.0445 1.5412 2.0445 2.3867 1.3784
13100 6550.0 2.0000 4.9958 2.0000 2.3567 1.3356
13110 6555.0 2.0392 1.8471 2.0392 2.3093 1.4760
13120 6560.0 2.0160 3.5303 2.0160 2.3391 1.4573
13130 6565.0 1.9686 8.6285 1.9686 2.4102 1.3189
13140 6570.0 2.0857 0.1026 2.0857 2.3856 1.4253
13150 6575.0 2.0878 0.0742 2.0878 2.4388 1.4873
13160 6580.0 1.9594 9.8784 1.9594 2.6366 1.3649
13170 6585.0 2.0348 2.1248 2.0348 2.7336 1.3943
13180 6590.0 2.1532 1.4128 2.1532 2.6865 1.4725
13190 6595.0 2.0584 0.8632 2.0584 2.5887 1.3274
13200 6600.0 2.0130 3.7861 2.0130 2.5152 1.3957
13210 6605.0 2.0649 0.6148 2.0649 2.5476 1.5022
13220 6610.0 2.0672 0.5368 2.0672 2.7114 1.3990
13230 6615.0 2.0565 0.9444 2.0565 2.6051 1.3304
13240 6620.0 2.0909 0.0412 2.0909 2.3356 1.5245
13250 6625.0 2.0129 3.7923 2.0129 2.2339 1.5556
13260 6630.0 1.9248 15.3502 1.9248 2.3379 1.3951
13270 6635.0 2.0230 2.9609 2.0230 2.3660 1.3593
13280 6640.0 2.1764 2.9221 2.1764 2.3584 1.4429
13290 6645.0 2.1229 0.2629 2.1229 2.5395 1.3009
13300 6650.0 2.0706 0.4308 2.0706 2.6316 1.4002
13310 6655.0 2.0261 2.7329 2.0261 2.6750 1.4941
13320 6660.0 2.0005 4.9506 2.0005 2.6812 1.4006
13330 6665.0 2.1285 0.4061 2.1285 2.6283 1.3147
13340 6670.0 2.2108 6.1413 2.2108 2.4651 1.4234
13350 6675.0 2.0153 3.5841 2.0153 2.4806 1.3367
13360 6680.0 1.9537 10.6989 1.9537 2.4027 1.4353
13370 6685.0 2.1150 0.1132 2.1150 2.2444 1.5605
13380 6690.0 2.0678 0.5198 2.0678 2.3528 1.4096
13390 6695.0 1.9897 6.0868 1.9897 2.4629 1.2992
13400 6700.0 2.0293 2.4986 2.0293 2.2501 1.5463
13410 6705.0 2.0359 2.0554 2.0359 2.3344 1.4809
13420 6710.0 2.0229 2.9684 2.0229 2.4991 1.2772
13430 6715.0 2.0749 0.3146 2.0749 2.3753 1.4663
13440 6720.0 2.0413 1.7250 2.0413 2.3674 1.5022
13450 6725.0 1.9628 9.4071 1.9628 2.5109 1.3511
13460 6730.0 1.9979 5.2100 1.9979 2.4558 1.3904
13470 6735.0 2.0519 1.1544 2.0519 2.4077 1.4668
13480 6740.0 2.0427 1.6427 2.0427 2.4724 1.3339
13490 6745.0 2.0277 2.6168 2.0277 2.5053 1.3717
13500 6750.0 2.0330 2.2465 2.0330 2.4902 1.5047
13510 6755.0 2.0422 1.6682 2.0422 2.5150 1.4190
13520 6760.0 2.0718 0.3985 2.0718 2.4998 1.2931
13530 6765.0 2.1014 0.0010 2.1014 2.4597 1.4155
13540 6770.0 2.0133 3.7603 2.0133 2.4381 1.4616
13550 6775.0 1.9633 9.3470 1.9633 2.4947 1.3836
13560 6780.0 2.0818 0.1660 2.0818 2.3935 1.4133
13570 6785.0 2.1237 0.2808 2.1237 2.3346 1.4155
13580 6790.0 2.0026 4.7479 2.0026 2.4500 1.3348
13590 6795.0 1.9697 8.4851 1.9697 2.3779 1.4249
13600 6800.0 2.0807 0.1868 2.0807 2.2792 1.4712
13610 6805.0 2.0604 0.7859 2.0604 2.3564 1.3445
13620 6810.0 2.0222 3.0295 2.0222 2.3049 1.3851
13630 6815.0 2.0267 2.6876 2.0267 2.2148 1.4914
13640 6820.0 2.0514 1.1831 2.0514 2.3054 1.3452
13650 6825.0 2.1780 3.0390 2.1780 2.2736 1.3581
13660 6830.0 2.1372 0.6931 2.1372 2.2545 1.4133
13670 6835.0 1.8985 20.3041 1.8985 2.3855 1.3699
13680 6840.0 1.9947 5.5486 1.9947 2.3189 1.4468
13690 6845.0 2.1909 4.1331 2.1909 2.3207 1.4311
13700 6850.0 2.1137 0.0938 2.1137 2.5125 1.2682
13710 6855.0 2.0046 4.5546 2.0046 2.4728 1.5236
13720 6860.0 1.9941 5.6116 1.9941 2.5205 1.5847
13730 6865.0 2.0420 1.6804 2.0420 2.7140 1.3405
13740 6870.0 2.1807 3.2591 2.1807 2.7798 1.3424
13750 6875.0 2.1379 0.7174 2.1379 2.7435 1.5317
13760 6880.0 1.9083 18.3745 1.9083 2.8581 1.3869
13770 6885.0 2.0127 3.8064 2.0127 2.8822 1.3250
13780 6890.0 2.1976 4.7660 2.1976 2.8003 1.4587
13790 6895.0 2.0986 0.0010 2.0986 2.8438 1.3217
13800 6900.0 1.9767 7.5991 1.9767 2.7729 1.3918
13810 6905.0 2.0276 2.6228 2.0276 2.6226 1.5427
13820 6910.0 2.0884 0.0675 2.0884 2.5834 1.3984
13830 6915.0 2.1024 0.0029 2.1024 2.5228 1.3132
13840 6920.0 2.0752 0.3064 2.0752 2.3192 1.5441
13850 6925.0 1.9473 11.6637 1.9473 2.3651 1.5158
13860 6930.0 1.9542 10.6341 1.9542 2.5205 1.3514
13870 6935.0 2.1385 0.7416 2.1385 2.5148 1.4091
13880 6940.0 2.1850 3.6104 2.1850 2.5925 1.4367
13890 6945.0 1.9781 7.4266 1.9781 2.7941 1.3282
13900 6950.0 1.9437 12.2220 1.9437 2.8578 1.4327
13910 6955.0 2.1506 1.2799 2.1506 2.8666 1.4073
13920 6960.0 2.1708 2.5045 2.1708 2.8132 1.3238
13930 6965.0 2.0215 3.0845 2.0215 2.8373 1.4390
13940 6970.0 1.9396 12.8567 1.9396 2.8344 1.4206
13950 6975.0 2.1036 0.0063 2.1036 2.7042 1.3419
13960 6980.0 2.1654 2.1379 2.1654 2.6842 1.4227
13970 6985.0 2.0063 4.3866 2.0063 2.7778 1.3677
13980 6990.0 1.9646 9.1716 1.9646 2.7220 1.3906
13990 6995.0 2.0732 0.3589 2.0732 2.5795 1.4614
14000 7000.0 2.0948 0.0133 2.0948 2.5621 1.3884
14010 7005.0 2.0409 1.7472 2.0409 2.5756 1.3406
14020 7010.0 1.9941 5.6074 1.9941 2.4810 1.4708
14030 7015.0 2.0404 1.7748 2.0404 2.4590 1.4973
14040 7020.0 2.0701 0.4474 2.0701 2.5594 1.3436
14050 7025.0 2.0891 0.0592 2.0891 2.5713 1.3647
14060 7030.0 2.0558 0.9786 2.0558 2.5244 1.4636
14070 7035.0 1.9888 6.1808 1.9888 2.5961 1.3674
14080 7040.0 2.0606 0.7773 2.0606 2.5588 1.3730
14090 7045.0 2.1328 0.5381 2.1328 2.4797 1.4292
14100 7050.0 2.0513 1.1836 2.0513 2.4580 1.3740
14110 7055.0 1.9868 6.4058 1.9868 2.4230 1.3759
14120 7060.0 2.0471 1.4015 2.0471 2.3072 1.4652
14130 7065.0 2.0967 0.0053 2.0967 2.3523 1.3838
14140 7070.0 2.1110 0.0602 2.1110 2.4047 1.3215
14150 7075.0 2.0987 0.0008 2.0987 2.3093 1.4471
14160 7080.0 2.0064 4.3821 2.0064 2.3909 1.3755
14170 7085.0 2.0307 2.4045 2.0307 2.4193 1.3445
14180 7090.0 2.1437 0.9559 2.1437 2.3366 1.4526
14190 7095.0 2.0794 0.2125 2.0794 2.4430 1.3720
14200 7100.0 1.9828 6.8675 1.9828 2.5303 1.3576
14210 7105.0 2.0364 2.0249 2.0364 2.4932 1.4491
14220 7110.0 2.1068 0.0232 2.1068 2.5474 1.3750
14230 7115.0 2.0880 0.0723 2.0880 2.6072 1.3398
14240 7120.0 2.0502 1.2386 2.0502 2.5825 1.4492
14250 7125.0 1.9951 5.4983 1.9951 2.5962 1.4441
14260 7130.0 2.0146 3.6470 2.0146 2.6069 1.3246
14270 7135.0 2.0894 0.0559 2.0894 2.4823 1.4191
14280 7140.0 2.0698 0.4565 2.0698 2.4631 1.4060
14290 7145.0 1.9882 6.2461 1.9882 2.5098 1.3381
14300 7150.0 2.0449 1.5173 2.0449 2.3813 1.4589
14310 7155.0 2.0624 0.7081 2.0624 2.4068 1.4257
14320 7160.0 1.9972 5.2876 1.9972 2.5099 1.3152
14330 7165.0 2.0246 2.8397 2.0246 2.4551 1.4585
14340 7170.0 2.0515 1.1759 2.0515 2.4894 1.5029
14350 7175.0 1.9839 6.7432 1.9839 2.6697 1.3603
14360 7180.0 2.0629 0.6892 2.0629 2.7138 1.3738
14370 7185.0 2.1018 0.0017 2.1018 2.7741 1.4310
14380 7190.0 1.9989 5.1073 1.9989 2.8562 1.3362
14390 7195.0 2.0559 0.9727 2.0559 2.7639 1.4207
14400 7200.0 2.1019 0.0018 2.1019 2.7425 1.4660
14410 7205.0 2.0293 2.4964 2.0293 2.8365 1.3224
14420 7210.0 2.0420 1.6830 2.0420 2.7869 1.4275
14430 7215.0 2.0805 0.1902 2.0805 2.6949 1.5657
14440 7220.0 2.0037 4.6322 2.0037 2.7487 1.5236
14450 7225.0 1.9794 7.2669 1.9794 2.8423 1.4266
14460 7230.0 2.0790 0.2211 2.0790 2.8095 1.3453
14470 7235.0 2.1649 2.1065 2.1649 2.8086 1.4016
14480 7240.0 2.0786 0.2284 2.0786 2.8601 1.4066
14490 7245.0 1.9764 7.6378 1.9764 2.9363 1.3881
14500 7250.0 2.0445 1.5378 2.0445 2.9049 1.4380
14510 7255.0 2.1078 0.0308 2.1078 2.8628 1.3826
14520 7260.0 2.0777 0.2491 2.0777 2.8402 1.3575
14530 7265.0 2.0055 4.4639 2.0055 2.8738 1.4803
14540 7270.0 1.9983 5.1711 1.9983 2.8185 1.4865
14550 7275.0 2.0284 2.5644 2.0284 2.7407 1.3781
14560 7280.0 2.0808 0.1844 2.0808 2.7130 1.3885
14570 7285.0 2.0619 0.7265 2.0619 2.8025 1.4431
14580 7290.0 1.9907 5.9740 1.9907 2.8969 1.4296
14590 7295.0 2.0264 2.7061 2.0264 2.8551 1.3933
14600 7300.0 2.0907 0.0436 2.0907 2.8064 1.4297
14610 7305.0 2.0745 0.3262 2.0745 2.8037 1.4520
14620 7310.0 2.0249 2.8210 2.0249 2.8319 1.3747
14630 7315.0 2.0453 1.4975 2.0453 2.7470 1.3727
14640 7320.0 2.1023 0.0026 2.1023 2.6249 1.4397
14650 7325.0 2.0922 0.0304 2.0922 2.5492 1.4003
14660 7330.0 2.0549 1.0170 2.0549 2.5273 1.3240
14670 7335.0 2.0443 1.5523 2.0443 2.4786 1.4578
14680 7340.0 2.0305 2.4117 2.0305 2.5088 1.4505
14690 7345.0 2.0527 1.1207 2.0527 2.5956 1.3365
14700 7350.0 2.1161 0.1294 2.1161 2.6710 1.4138
14710 7355.0 2.0885 0.0666 2.0885 2.6868 1.4554
14720 7360.0 1.9990 5.0973 1.9990 2.6067 1.3877
14730 7365.0 1.9964 5.3660 1.9964 2.5246 1.4087
14740 7370.0 2.0547 1.0254 2.0547 2.5186 1.4535
14750 7375.0 2.0426 1.6479 2.0426 2.6393 1.3742
14760 7380.0 2.1105 0.0547 2.1105 2.4864 1.3575
14770 7385.0 2.1566 1.6023 2.1566 2.3559 1.3885
14780 7390.0 2.0583 0.8689 2.0583 2.3547 1.3132
14790 7395.0 2.0756 0.2965 2.0756 2.4351 1.3956
14800 7400.0 2.1117 0.0685 2.1117 2.5629 1.4432
14810 7405.0 2.0708 0.4256 2.0708 2.5696 1.3760
14820 7410.0 2.0420 1.6824 2.0420 2.5260 1.3749
14830 7415.0 2.0166 3.4746 2.0166 2.4827 1.4494
14840 7420.0 2.0176 3.3918 2.0176 2.4741 1.4708
14850 7425.0 2.0648 0.6182 2.0648 2.5600 1.4016
14860 7430.0 2.1478 1.1446 2.1478 2.6579 1.3601
14870 7435.0 2.1256 0.3278 2.1256 2.7075 1.4006
14880 7440.0 1.9814 7.0318 1.9814 2.6168 1.4209
14890 7445.0 1.9941 5.6027 1.9941 2.5430 1.4100
14900 7450.0 2.1425 0.9014 2.1425 2.5407 1.3504
14910 7455.0 2.1603 1.8209 2.1603 2.6358 1.3685
14920 7460.0 1.9713 8.2800 1.9713 2.7531 1.3975
14930 7465.0 1.9464 11.7904 1.9464 2.6444 1.4160
14940 7470.0 2.1501 1.2563 2.1501 2.4524 1.4074
14950 7475.0 2.1662 2.1890 2.1662 2.4106 1.3048
14960 7480.0 2.0622 0.7140 2.0622 2.2113 1.4199
14970 7485.0 2.0181 3.3521 2.0181 2.1990 1.4169
14980 7490.0 2.0103 4.0198 2.0103 2.3606 1.3382
14990 7495.0 1.9518 10.9815 1.9518 2.4509 1.4457
15000 7500.0 2.0833 0.1392 2.0833 2.5149 1.4841
15010 7505.0 2.1178 0.1579 2.1178 2.6523 1.3186
15020 7510.0 2.0428 1.6384 2.0428 2.6604 1.3835
15030 7515.0 2.0190 3.2807 2.0190 2.6143 1.5228
15040 7520.0 2.0294 2.4936 2.0294 2.5970 1.4297
15050 7525.0 2.1147 0.1086 2.1147 2.5855 1.3056
15060 7530.0 2.1777 3.0151 2.1777 2.4121 1.4598
15070 7535.0 2.0455 1.4857 2.0455 2.4618 1.3730
15080 7540.0 1.9551 10.5016 1.9551 2.4560 1.3653
15090 7545.0 1.9972 5.2823 1.9972 2.3211 1.4874
15100 7550.0 2.0236 2.9153 2.0236 2.3034 1.4647
15110 7555.0 2.0356 2.0746 2.0356 2.4274 1.3068
15120 7560.0 2.1235 0.2768 2.1235 2.3720 1.4049
15130 7565.0 2.1542 1.4691 2.1542 2.4216 1.3987
15140 7570.0 2.0961 0.0076 2.0961 2.5476 1.3142
15150 7575.0 2.0683 0.5033 2.0683 2.5852 1.4065
15160 7580.0 2.0315 2.3446 2.0315 2.6571 1.4337
15170 7585.0 2.0328 2.2583 2.0328 2.7538 1.3453
15180 7590.0 2.1084 0.0349 2.1084 2.6333 1.3677
15190 7595.0 2.0884 0.0676 2.0884 2.6032 1.4021
15200 7600.0 2.0072 4.3083 2.0072 2.6378 1.3712
15210 7605.0 2.0462 1.4484 2.0462 2.6602 1.3759
15220 7610.0 2.1357 0.6381 2.1357 2.6127 1.3921
15230 7615.0 2.0882 0.0702 2.0882 2.6127 1.3113
15240 7620.0 2.0104 4.0174 2.0104 2.5016 1.4096
15250 7625.0 2.0093 4.1146 2.0093 2.4111 1.4767
15260 7630.0 2.0693 0.4716 2.0693 2.4372 1.3703
15270 7635.0 2.1339 0.5735 2.1339 2.4559 1.3302
15280 7640.0 2.1164 0.1348 2.1164 2.4276 1.4335
15290 7645.0 1.9595 9.8756 1.9595 2.4924 1.3745
15300 7650.0 1.9955 5.4648 1.9955 2.4475 1.3807
15310 7655.0 2.1550 1.5116 2.1550 2.4939 1.4049
15320 7660.0 2.1404 0.8159 2.1404 2.5576 1.3212
15330 7665.0 2.0338 2.1925 2.0338 2.4692 1.4131
15340 7670.0 1.9756 7.7337 1.9756 2.4101 1.4907
15350 7675.0 2.0356 2.0754 2.0356 2.4469 1.3956
15360 7680.0 2.0854 0.1070 2.0854 2.4705 1.3372
15370 7685.0 2.0713 0.4114 2.0713 2.3946 1.4423
15380 7690.0 2.0264 2.7060 2.0264 2.4415 1.4013
15390 7695.0 2.0486 1.3219 2.0486 2.5712 1.3195
15400 7700.0 2.0556 0.9865 2.0556 2.5865 1.4407
15410 7705.0 1.9821 6.9496 1.9821 2.7000 1.5014
15420 7710.0 2.0258 2.7503 2.0258 2.7887 1.3952
15430 7715.0 2.1649 2.1036 2.1649 2.7025 1.3395
15440 7720.0 2.1096 0.0465 2.1096 2.6752 1.4301
15450 7725.0 1.9401 12.7806 1.9401 2.6990 1.4017
15460 7730.0 2.0204 3.1687 2.0204 2.7433 1.3927
15470 7735.0 2.1736 2.7087 2.1736 2.8343 1.4024
15480 7740.0 2.1126 0.0796 2.1126 2.8114 1.3470
15490 7745.0 1.9740 7.9330 1.9740 2.7814 1.4244
15500 7750.0 2.0000 4.9983 2.0000 2.6759 1.4892
15510 7755.0 2.0747 0.3200 2.0747 2.6488 1.4012
15520 7760.0 2.1144 0.1043 2.1144 2.6160 1.3141
15530 7765.0 2.0957 0.0093 2.0957 2.5195 1.4333
15540 7770.0 2.0179 3.3671 2.0179 2.5676 1.4081
15550 7775.0 2.0079 4.2421 2.0079 2.6102 1.3417
15560 7780.0 2.1120 0.0725 2.1120 2.4930 1.4295
15570 7785.0 2.0923 0.0293 2.0923 2.5415 1.3340
15580 7790.0 2.0707 0.4286 2.0707 2.5333 1.3641
15590 7795.0 2.0746 0.3224 2.0746 2.4341 1.4941
15600 7800.0 1.9952 5.4929 1.9952 2.5297 1.3566
15610 7805.0 2.0358 2.0623 2.0358 2.4516 1.3474
15620 7810.0 2.0484 1.3304 2.0484 2.2708 1.4778
15630 7815.0 2.0874 0.0790 2.0874 2.3600 1.3489
15640 7820.0 2.0841 0.1259 2.0841 2.3692 1.3273
15650 7825.0 2.0507 1.2162 2.0507 2.2208 1.4800
15660 7830.0 2.0522 1.1432 2.0522 2.3599 1.3461
15670 7835.0 2.0557 0.9792 2.0557 2.3883 1.3333
15680 7840.0 2.0461 1.4522 2.0461 2.3192 1.4583
15690 7845.0 2.0025 4.7568 2.0025 2.4324 1.4093
15700 7850.0 1.9431 12.3137 1.9431 2.5182 1.3684
15710 7855.0 2.0740 0.3385 2.0740 2.4196 1.4380
15720 7860.0 2.1157 0.1236 2.1157 2.3957 1.3621
15730 7865.0 2.0583 0.8693 2.0583 2.4285 1.3244
15740 7870.0 2.0237 2.9141 2.0237 2.4174 1.4950
15750 7875.0 1.9961 5.3949 1.9961 2.4270 1.4835
15760 7880.0 2.0186 3.3153 2.0186 2.4373 1.2982
15770 7885.0 2.1204 0.2083 2.1204 2.4023 1.3983
15780 7890.0 2.0595 0.8195 2.0595 2.4389 1.4632
15790 7895.0 1.9492 11.3660 1.9492 2.5379 1.3685
15800 7900.0 2.0382 1.9098 2.0382 2.4981 1.3403
15810 7905.0 2.1772 2.9821 2.1772 2.4026 1.3872
15820 7910.0 2.0711 0.4187 2.0711 2.4739 1.3162
15830 7915.0 1.9831 6.8315 1.9831 2.4244 1.4502
15840 7920.0 2.0629 0.6868 2.0629 2.3316 1.4875
15850 7925.0 2.0813 0.1747 2.0813 2.3816 1.2718
15860 7930.0 2.1086 0.0369 2.1086 2.2460 1.4303
15870 7935.0 2.0361 2.0410 2.0361 2.2415 1.4617
15880 7940.0 1.9825 6.8988 1.9825 2.3590 1.2939
15890 7945.0 2.1288 0.4146 2.1288 2.3023 1.4206
15900 7950.0 2.1640 2.0448 2.1640 2.3494 1.4150
15910 7955.0 2.0231 2.9597 2.0231 2.4790 1.2998
15920 7960.0 2.0103 4.0250 2.0103 2.4979 1.4523
15930 7965.0 2.0977 0.0027 2.0977 2.4881 1.4234
15940 7970.0 2.1208 0.2162 2.1208 2.5157 1.2864
15950 7975.0 2.1052 0.0135 2.1052 2.4465 1.4510
15960 7980.0 1.9711 8.3067 1.9711 2.4955 1.3706
15970 7985.0 2.0657 0.5893 2.0657 2.4870 1.3486
15980 7990.0 2.1784 3.0707 2.1784 2.3973 1.4449
15990 7995.0 2.0150 3.6099 2.0150 2.4227 1.3069
16000 8000.0 2.0005 4.9487 2.0005 2.3331 1.4273
16010 8005.0 2.1301 0.4517 2.1301 2.2810 1.4353
16020 8010.0 2.0942 0.0168 2.0942 2.3283 1.2946
16030 8015.0 2.0391 1.8553 2.0391 2.2591 1.4525
16040 8020.0 2.0019 4.8102 2.0019 2.2870 1.5075
16050 8025.0 1.9908 5.9642 1.9908 2.4288 1.3488
16060 8030.0 2.1248 0.3084 2.1248 2.4267 1.3833
16070 8035.0 2.1302 0.4572 2.1302 2.4630 1.4654
16080 8040.0 1.9771 7.5462 1.9771 2.6066 1.3625
16090 8045.0 2.0374 1.9595 2.0374 2.6103 1.4026
16100 8050.0 2.1619 1.9175 2.1619 2.5694 1.4519
16110 8055.0 2.0758 0.2928 2.0758 2.6334 1.3125
16120 8060.0 2.0156 3.5605 2.0156 2.5440 1.4328
16130 8065.0 2.0065 4.3714 2.0065 2.4580 1.5116
16140 8070.0 1.9993 5.0655 1.9993 2.5069 1.4059
16150 8075.0 2.0832 0.1419 2.0832 2.5398 1.3341
16160 8080.0 2.1824 3.3934 2.1824 2.5037 1.3967
16170 8085.0 2.0679 0.5162 2.0679 2.5839 1.3405
16180 8090.0 1.9496 11.3140 1.9496 2.6213 1.4054
16190 8095.0 2.0430 1.6269 2.0430 2.5941 1.4865
16200 8100.0 2.1046 0.0104 2.1046 2.6561 1.3821
16210 8105.0 2.0891 0.0596 2.0891 2.6810 1.3244
16220 8110.0 2.0669 0.5463 2.0669 2.7062 1.4818
16230 8115.0 1.9892 6.1411 1.9892 2.7856 1.3997
16240 8120.0 2.0218 3.0612 2.0218 2.7273 1.3133
16250 8125.0 2.1304 0.4632 2.1304 2.6662 1.4905
16260 8130.0 2.0776 0.2504 2.0776 2.6294 1.4083
16270 8135.0 1.9884 6.2260 1.9884 2.6068 1.3295
16280 8140.0 2.0324 2.2827 2.0324 2.5821 1.4965
16290 8145.0 2.0703 0.4405 2.0703 2.5425 1.4542
16300 8150.0 2.0093 4.1177 2.0093 2.5809 1.2953
16310 8155.0 2.0286 2.5524 2.0286 2.5949 1.4431
16320 8160.0 2.0636 0.6622 2.0636 2.5849 1.4280
16330 8165.0 2.0530 1.1040 2.0530 2.6379 1.3100
16340 8170.0 2.0439 1.5740 2.0439 2.6955 1.4501
16350 8175.0 2.0260 2.7394 2.0260 2.7587 1.4375
16360 8180.0 2.0477 1.3664 2.0477 2.7828 1.3227
16370 8185.0 2.1030 0.0044 2.1030 2.7990 1.4544
16380 8190.0 2.0365 2.0165 2.0365 2.8242 1.4203
16390 8195.0 2.0144 3.6607 2.0144 2.8439 1.3359
16400 8200.0 2.0870 0.0841 2.0870 2.7603 1.4244
16410 8205.0 2.0537 1.0731 2.0537 2.7160 1.4073
16420 8210.0 2.0175 3.4018 2.0175 2.7292 1.3515
16430 8215.0 2.0917 0.0348 2.0917 2.6223 1.4415
16440 8220.0 2.0738 0.3431 2.0738 2.6087 1.3926
16450 8225.0 2.0694 0.4694 2.0694 2.5797 1.3567
16460 8230.0 2.0675 0.5290 2.0675 2.5213 1.4004
16470 8235.0 2.0616 0.7360 2.0616 2.4956 1.4206
16480 8240.0 2.0527 1.1185 2.0527 2.5598 1.3616
16490 8245.0 2.0588 0.8478 2.0588 2.5763 1.3786
16500 8250.0 2.0805 0.1893 2.0805 2.6230 1.4265
16510 8255.0 2.0513 1.1852 2.0513 2.7197 1.3749
16520 8260.0 2.0722 0.3853 2.0722 2.7637 1.3473
16530 8265.0 2.1019 0.0018 2.1019 2.7391 1.4190
16540 8270.0 2.0329 2.2505 2.0329 2.6845 1.4146
16550 8275.0 2.0329 2.2492 2.0329 2.6130 1.3873
16560 8280.0 2.0753 0.3054 2.0753 2.5316 1.4116
16570 8285.0 2.0504 1.2284 2.0504 2.4949 1.4060
16580 8290.0 2.0197 3.2213 2.0197 2.4839 1.3895
16590 8295.0 2.0217 3.0671 2.0217 2.4578 1.4377
16600 8300.0 2.0326 2.2697 2.0326 2.5021 1.4253
16610 8305.0 2.0246 2.8415 2.0246 2.5811 1.3623
16620 8310.0 2.0623 0.7104 2.0623 2.5789 1.4129
16630 8315.0 2.0542 1.0484 2.0542 2.6246 1.4203
16640 8320.0 2.0347 2.1324 2.0347 2.7659 1.3426
16650 8325.0 2.0783 0.2365 2.0783 2.8041 1.4140
16660 8330.0 2.1025 0.0032 2.1025 2.8148 1.4233
16670 8335.0 2.0892 0.0583 2.0892 2.8352 1.3253
16680 8340.0 2.0680 0.5122 2.0680 2.7419 1.3939
16690 8345.0 2.0424 1.6571 2.0424 2.6059 1.4489
16700 8350.0 2.0324 2.2837 2.0324 2.5197 1.3775
16710 8355.0 2.0682 0.5051 2.0682 2.4241 1.3932
16720 8360.0 2.0769 0.2657 2.0769 2.3625 1.4514
16730 8365.0 2.0604 0.7821 2.0604 2.4059 1.4105
16740 8370.0 2.0567 0.9372 2.0567 2.4864 1.3665
16750 8375.0 2.0791 0.2186 2.0791 2.5246 1.4285
16760 8380.0 2.0361 2.0399 2.0361 2.6409 1.4342
16770 8385.0 2.0414 1.7156 2.0414 2.7953 1.3654
16780 8390.0 2.1276 0.3805 2.1276 2.8279 1.3869
16790 8395.0 2.0954 0.0106 2.0954 2.8025 1.3717
16800 8400.0 2.0330 2.2426 2.0330 2.8338 1.3562
16810 8405.0 2.0895 0.0549 2.0895 2.8411 1.4040
16820 8410.0 2.1069 0.0238 2.1069 2.7562 1.3594
16830 8415.0 2.0592 0.8316 2.0592 2.6387 1.3558
16840 8420.0 2.0131 3.7725 2.0131 2.6062 1.4526
16850 8425.0 2.0019 4.8151 2.0019 2.5870 1.4165
16860 8430.0 2.0514 1.1830 2.0514 2.5987 1.3485
16870 8435.0 2.1131 0.0863 2.1131 2.7044 1.4174
16880 8440.0 2.0097 4.0737 2.0097 2.7412 1.4043
16890 8445.0 2.0228 2.9777 2.0228 2.7410 1.3748
16900 8450.0 2.1189 0.1786 2.1189 2.7268 1.3955
16910 8455.0 2.0705 0.4346 2.0705 2.7642 1.3968
16920 8460.0 1.9864 6.4497 1.9864 2.8422 1.3768
16930 8465.0 2.0648 0.6182 2.0648 2.8830 1.3818
16940 8470.0 2.1260 0.3372 2.1260 2.8989 1.3560
16950 8475.0 2.0714 0.4078 2.0714 2.8546 1.3785
16960 8480.0 1.9947 5.5420 1.9947 2.8023 1.3728
16970 8485.0 2.0826 0.1506 2.0826 2.7419 1.3639
16980 8490.0 2.1455 1.0331 2.1455 2.7893 1.3601
16990 8495.0 2.0576 0.8977 2.0576 2.8957 1.3495
17000 8500.0 2.0360 2.0475 2.0360 2.7948 1.4259
17010 8505.0 2.0413 1.7217 2.0413 2.7338 1.3812
17020 8510.0 2.0948 0.0136 2.0948 2.6624 1.3590
17030 8515.0 2.0755 0.2995 2.0755 2.6359 1.4073
17040 8520.0 1.9651 9.0979 1.9651 2.6372 1.3801
17050 8525.0 2.0281 2.5851 2.0281 2.5867 1.4073
17060 8530.0 2.1020 0.0021 2.1020 2.5843 1.3859
17070 8535.0 2.0222 3.0252 2.0222 2.6573 1.3325
17080 8540.0 2.0062 4.3991 2.0062 2.6225 1.4402
17090 8545.0 2.0457 1.4727 2.0457 2.6324 1.3937
17100 8550.0 2.0823 0.1570 2.0823 2.6133 1.3366
17110 8555.0 2.0948 0.0138 2.0948 2.5357 1.4094
17120 8560.0 1.9968 5.3244 1.9968 2.5322 1.4026
17130 8565.0 1.9857 6.5324 1.9857 2.5486 1.3894
17140 8570.0 2.0759 0.2906 2.0759 2.5698 1.4159
17150 8575.0 2.0887 0.0637 2.0887 2.5962 1.3320
17160 8580.0 2.1038 0.0074 2.1038 2.6409 1.4002
17170 8585.0 2.0547 1.0255 2.0547 2.6885 1.4146
17180 8590.0 1.9940 5.6218 1.9940 2.6891 1.3885
17190 8595.0 2.0485 1.3269 2.0485 2.6083 1.4361
17200 8600.0 2.0756 0.2970 2.0756 2.5732 1.3781
17210 8605.0 2.0677 0.5217 2.0677 2.5380 1.3587
17220 8610.0 2.0614 0.7460 2.0614 2.4679 1.4445
17230 8615.0 2.0099 4.0596 2.0099 2.4916 1.4218
17240 8620.0 2.0203 3.1740 2.0203 2.5474 1.3972
17250 8625.0 2.0958 0.0086 2.0958 2.5588 1.4303
17260 8630.0 2.0796 0.2088 2.0796 2.6238 1.3909
17270 8635.0 2.0382 1.9116 2.0382 2.6469 1.3797
17280 8640.0 2.0524 1.1347 2.0524 2.6061 1.4189
17290 8645.0 2.0509 1.2061 2.0509 2.5690 1.4244
17300 8650.0 2.0409 1.7440 2.0409 2.5481 1.3998
17310 8655.0 2.0331 2.2387 2.0331 2.5035 1.4011
17320 8660.0 2.0563 0.9568 2.0563 2.4618 1.4085
17330 8665.0 2.0669 0.5478 2.0669 2.4359 1.3822
17340 8670.0 2.0618 0.7307 2.0618 2.3963 1.3821
17350 8675.0 2.0657 0.5872 2.0657 2.3450 1.4025
17360 8680.0 2.0433 1.6065 2.0433 2.3419 1.4038
17370 8685.0 2.0484 1.3328 2.0484 2.3634 1.3937
17380 8690.0 2.1033 0.0055 2.1033 2.3855 1.3878
17390 8695.0 2.1041 0.0084 2.1041 2.4253 1.3697
17400 8700.0 2.0528 1.1130 2.0528 2.4601 1.3823
17410 8705.0 2.0236 2.9208 2.0236 2.4734 1.4395
17420 8710.0 2.0288 2.5314 2.0288 2.5416 1.3815
17430 8715.0 2.0756 0.2975 2.0756 2.5035 1.3516
17440 8720.0 2.1181 0.1644 2.1181 2.4682 1.3973
17450 8725.0 2.0295 2.4848 2.0295 2.5150 1.3890
17460 8730.0 1.9618 9.5493 1.9618 2.5926 1.4543
17470 8735.0 2.0523 1.1394 2.0523 2.5477 1.4362
17480 8740.0 2.1330 0.5445 2.1330 2.4858 1.3278
17490 8745.0 2.0900 0.0496 2.0900 2.5153 1.3954
17500 8750.0 1.9912 5.9166 1.9912 2.6102 1.4612
17510 8755.0 2.0025 4.7540 2.0025 2.5723 1.3938
17520 8760.0 2.1481 1.1577 2.1481 2.4312 1.3340
17530 8765.0 2.1730 2.6625 2.1730 2.3992 1.3732
17540 8770.0 1.9832 6.8201 1.9832 2.5718 1.3798
17550 8775.0 1.9588 9.9722 1.9588 2.6581 1.4445
17560 8780.0 2.1134 0.0896 2.1134 2.6002 1.4129
17570 8785.0 2.1817 3.3364 2.1817 2.5984 1.3031
17580 8790.0 2.1322 0.5179 2.1322 2.5985 1.3929
17590 8795.0 1.9908 5.9570 1.9908 2.6212 1.3905
17600 8800.0 2.0335 2.2085 2.0335 2.6929 1.3586
17610 8805.0 2.1878 3.8516 2.1878 2.6517 1.3811
17620 8810.0 2.1512 1.3126 2.1512 2.6403 1.3428
17630 8815.0 2.0167 3.4663 2.0167 2.7438 1.3859
17640 8820.0 2.0162 3.5083 2.0162 2.7736 1.4200
17650 8825.0 2.1251 0.3147 2.1251 2.7111 1.3792
17660 8830.0 2.1491 1.2057 2.1491 2.7388 1.3362
17670 8835.0 2.0838 0.1318 2.0838 2.8677 1.4356
17680 8840.0 1.9884 6.2290 1.9884 2.9323 1.4066
17690 8845.0 2.0709 0.4231 2.0709 2.9410 1.3628
17700 8850.0 2.2123 6.3045 2.2123 2.8680 1.3746
17710 8855.0 2.1263 0.3450 2.1263 2.7792 1.3733
17720 8860.0 1.9973 5.2753 1.9973 2.6844 1.4149
17730 8865.0 2.0555 0.9888 2.0555 2.5625 1.4341
17740 8870.0 2.1259 0.3351 2.1259 2.4491 1.3892
17750 8875.0 2.0756 0.2988 2.0756 2.3491 1.3687
17760 8880.0 2.0308 2.3975 2.0308 2.2536 1.3967
17770 8885.0 2.0450 1.5114 2.0450 2.2671 1.4024
17780 8890.0 2.0181 3.3500 2.0181 2.3415 1.3881
17790 8895.0 2.0344 2.1505 2.0344 2.4113 1.3845
17800 8900.0 2.1297 0.4402 2.1297 2.4754 1.3731
17810 8905.0 2.1255 0.3261 2.1255 2.5436 1.3327
17820 8910.0 2.0593 0.8268 2.0593 2.5200 1.3714
17830 8915.0 2.0384 1.8952 2.0384 2.4037 1.3946
17840 8920.0 2.0745 0.3258 2.0745 2.2360 1.3536
17850 8925.0 2.1553 1.5271 2.1553 2.1042 1.3490
17860 8930.0 2.1316 0.4983 2.1316 2.1037 1.3121
17870 8935.0 2.0483 1.3376 2.0483 2.0990 1.3738
17880 8940.0 1.9880 6.2754 1.9880 2.2031 1.3660
17890 8945.0 2.0920 0.0320 2.0920 2.3405 1.3864
17900 8950.0 2.1769 2.9569 2.1769 2.5686 1.3454
17910 8955.0 2.1257 0.3300 2.1257 2.7360 1.3261
17920 8960.0 2.0725 0.3788 2.0725 2.5602 1.4317
17930 8965.0 2.0101 4.0373 2.0101 2.4945 1.3107
17940 8970.0 2.1671 2.2498 2.1671 2.4175 1.3599
17950 8975.0 2.2142 6.5186 2.2142 2.4132 1.3634
17960 8980.0 2.0378 1.9325 2.0378 2.5338 1.2824
17970 8985.0 1.9676 8.7677 1.9676 2.6055 1.5047
17980 8990.0 2.0661 0.5748 2.0661 2.7669 1.5976
17990 8995.0 2.0735 0.3504 2.0735 2.6608 1.4070
18000 9000.0 2.1486 1.1808 2.1486 2.4913 1.3166
