# step  time_fs  cv_FeH(A)  bias(kJ/mol)  d_min_FeH(A)  d_min_OH(A)  d_min_SH(A)
0 0.0 1.7182 232.4044 1.7182 2.5114 2.4126
10 5.0 1.9832 86.8742 1.9832 2.3230 2.3795
20 10.0 2.6156 23.2387 2.6156 1.8540 2.5325
30 15.0 2.6373 28.1615 2.6373 1.9168 2.5279
40 20.0 2.0489 61.6416 2.0489 2.4750 2.3143
50 25.0 1.9533 99.7482 1.9533 2.5910 2.2252
60 30.0 2.2952 5.4889 2.2952 2.1498 2.4957
70 35.0 2.5915 18.3363 2.5915 1.9254 2.7165
80 40.0 2.4767 2.9439 2.4767 2.1580 2.5172
90 45.0 2.2728 8.0903 2.2728 2.4623 2.1581
100 50.0 2.1878 22.5133 2.1878 2.6655 1.8804
110 55.0 2.2330 13.9423 2.2330 2.6249 1.7046
120 60.0 2.4850 3.6099 2.4850 2.7510 1.5577
130 65.0 2.5465 10.7269 2.5465 3.0771 1.2495
140 70.0 2.6339 27.3526 2.6339 3.1171 1.3877
150 75.0 2.4217 0.2358 2.4217 2.9065 1.4362
160 80.0 2.2224 15.7653 2.2224 2.8435 1.3910
170 85.0 2.2671 8.8290 2.2671 2.6577 1.4946
180 90.0 2.3734 0.3543 2.3734 2.6018 1.5226
190 95.0 2.5035 5.3604 2.5035 2.8197 1.3526
200 100.0 2.6056 21.1440 2.6056 2.9988 1.2787
210 105.0 2.5418 10.0495 2.5418 3.0070 1.3195
220 110.0 2.3204 3.1644 2.3204 3.0751 1.3108
230 115.0 2.3848 0.1150 2.3848 2.8900 1.4444
240 120.0 2.4690 2.3830 2.4690 2.8961 1.4028
250 125.0 2.4214 0.2284 2.4214 3.0130 1.2711
260 130.0 2.4595 1.7683 2.4595 2.9259 1.4035
270 135.0 2.4126 0.0790 2.4126 2.8881 1.4737
280 140.0 2.3477 1.3657 2.3477 2.9577 1.3834
290 145.0 2.4452 1.0230 2.4452 2.9626 1.3312
300 150.0 2.5086 5.8999 2.5086 2.9467 1.2905
310 155.0 2.4758 2.8727 2.4758 2.8559 1.3311
320 160.0 2.3620 0.7218 2.3620 2.7874 1.4112
330 165.0 2.2883 6.2353 2.2883 2.7962 1.4367
340 170.0 2.3914 0.0371 2.3914 2.7874 1.3974
350 175.0 2.4763 2.9121 2.4763 2.8077 1.3192
360 180.0 2.4600 1.7978 2.4600 2.7571 1.3343
370 185.0 2.3877 0.0762 2.3877 2.6703 1.4367
380 190.0 2.2595 9.8715 2.2595 2.6881 1.4219
390 195.0 2.3929 0.0250 2.3929 2.6204 1.3925
400 200.0 2.4949 4.5019 2.4949 2.5655 1.3977
410 205.0 2.3930 0.0244 2.3930 2.6320 1.3305
420 210.0 2.3593 0.8287 2.3593 2.5879 1.4012
430 215.0 2.3947 0.0141 2.3947 2.5582 1.4675
440 220.0 2.3500 1.2496 2.3500 2.6802 1.3835
450 225.0 2.3479 1.3585 2.3479 2.7391 1.3747
460 230.0 2.4461 1.0639 2.4461 2.6795 1.4799
470 235.0 2.3745 0.3246 2.3745 2.8414 1.3803
480 240.0 2.3463 1.4407 2.3463 2.9883 1.3061
490 245.0 2.4617 1.9012 2.4617 2.9583 1.4455
500 250.0 2.4358 0.6412 2.4358 2.9555 1.3872
510 255.0 2.3344 2.1524 2.3344 2.8032 1.2844
520 260.0 2.3979 0.0022 2.3979 2.6866 1.4373
530 265.0 2.3950 0.0127 2.3950 2.5709 1.4245
540 270.0 2.3275 2.6275 2.3275 2.4336 1.2880
550 275.0 2.4413 0.8523 2.4413 2.2023 1.4153
560 280.0 2.4159 0.1268 2.4159 2.1079 1.3642
570 285.0 2.3885 0.0665 2.3885 2.1025 1.3151
580 290.0 2.4077 0.0298 2.4077 2.1233 1.4079
590 295.0 2.3689 0.4835 2.3689 2.3155 1.3141
600 300.0 2.4443 0.9792 2.4443 2.4864 1.3845
610 305.0 2.4312 0.4869 2.4312 2.6137 1.4098
620 310.0 2.3436 1.5908 2.3436 2.7234 1.2955
630 315.0 2.4430 0.9252 2.4430 2.7509 1.3996
640 320.0 2.4305 0.4662 2.4305 2.7171 1.3827
650 325.0 2.3598 0.8088 2.3598 2.6056 1.3128
660 330.0 2.4296 0.4374 2.4296 2.4206 1.4650
670 335.0 2.3447 1.5268 2.3447 2.3725 1.3606
680 340.0 2.3246 2.8431 2.3246 2.3119 1.3361
690 345.0 2.4318 0.5066 2.4318 2.2253 1.4959
700 350.0 2.3866 0.0894 2.3866 2.3572 1.3266
710 355.0 2.3304 2.4236 2.3304 2.3518 1.3658
720 360.0 2.3793 0.2132 2.3793 2.3020 1.5052
730 365.0 2.3645 0.6284 2.3645 2.3902 1.3949
740 370.0 2.3753 0.3056 2.3753 2.4623 1.3082
750 375.0 2.4421 0.8877 2.4421 2.4160 1.4217
760 380.0 2.3639 0.6527 2.3639 2.4271 1.3561
770 385.0 2.3238 2.9008 2.3238 2.4616 1.3652
780 390.0 2.3983 0.0015 2.3983 2.5072 1.4497
790 395.0 2.3623 0.7121 2.3623 2.6066 1.3279
800 400.0 2.3930 0.0242 2.3930 2.7069 1.3623
810 405.0 2.4118 0.0698 2.4118 2.8180 1.4243
820 410.0 2.2990 5.0967 2.2990 2.8949 1.3448
830 415.0 2.3675 0.5276 2.3675 3.0149 1.3781
840 420.0 2.4663 2.1982 2.4663 2.9685 1.4563
850 425.0 2.3738 0.3421 2.3738 3.0151 1.3230
860 430.0 2.3792 0.2172 2.3792 2.9047 1.3823
870 435.0 2.4217 0.2346 2.4217 2.7451 1.5320
880 440.0 2.3000 5.0001 2.3000 2.8079 1.4396
890 445.0 2.2308 14.3197 2.2308 2.8564 1.3724
900 450.0 2.4138 0.0958 2.4138 2.7350 1.4931
910 455.0 2.4811 3.2860 2.4811 2.8534 1.3973
920 460.0 2.4234 0.2743 2.4234 2.9552 1.2786
930 465.0 2.4790 3.1184 2.4790 2.7560 1.4742
940 470.0 2.3320 2.3125 2.3320 2.8250 1.3653
950 475.0 2.3431 1.6189 2.3431 2.8582 1.3269
960 480.0 2.5123 6.3024 2.5123 2.7631 1.4506
970 485.0 2.3848 0.1163 2.3848 2.8927 1.2860
980 490.0 2.4147 0.1077 2.4147 2.7703 1.3982
990 495.0 2.4501 1.2562 2.4501 2.7361 1.4263
1000 500.0 2.3554 0.9959 2.3554 2.8568 1.2710
1010 505.0 2.4636 2.0233 2.4636 2.6634 1.4638
1020 510.0 2.3941 0.0171 2.3941 2.6933 1.4049
1030 515.0 2.3090 4.1392 2.3090 2.7665 1.3036
1040 520.0 2.4510 1.3005 2.4510 2.6969 1.3926
1050 525.0 2.4737 2.7146 2.4737 2.7236 1.3551
1060 530.0 2.3787 0.2262 2.3787 2.7387 1.3226
1070 535.0 2.3883 0.0681 2.3883 2.6095 1.4510
1080 540.0 2.3580 0.8820 2.3580 2.6709 1.3953
1090 545.0 2.3475 1.3771 2.3475 2.7725 1.3229
1100 550.0 2.4087 0.0378 2.4087 2.7359 1.4169
1110 555.0 2.3881 0.0708 2.3881 2.7930 1.3776
1120 560.0 2.3733 0.3560 2.3733 2.8510 1.3315
1130 565.0 2.4366 0.6714 2.4366 2.7599 1.4279
1140 570.0 2.3617 0.7323 2.3617 2.7489 1.4018
1150 575.0 2.3115 3.9161 2.3115 2.7693 1.3620
1160 580.0 2.4308 0.4746 2.4308 2.6991 1.4340
1170 585.0 2.5008 5.0789 2.5008 2.7649 1.3812
1180 590.0 2.4374 0.7001 2.4374 2.8587 1.2901
1190 595.0 2.4432 0.9350 2.4432 2.7201 1.4419
1200 600.0 2.3197 3.2240 2.3197 2.7389 1.3983
1210 605.0 2.3053 4.4853 2.3053 2.7081 1.3678
1220 610.0 2.4323 0.5209 2.4323 2.6111 1.4102
1230 615.0 2.4841 3.5384 2.4841 2.5969 1.3820
1240 620.0 2.4284 0.4019 2.4284 2.6775 1.2902
1250 625.0 2.4336 0.5643 2.4336 2.5032 1.3786
1260 630.0 2.4393 0.7733 2.4393 2.3005 1.4935
1270 635.0 2.3481 1.3461 2.3481 2.1943 1.4474
1280 640.0 2.4030 0.0044 2.4030 2.1865 1.3750
1290 645.0 2.5038 5.3861 2.5038 2.1981 1.3858
1300 650.0 2.4323 0.5231 2.4323 2.2233 1.3433
1310 655.0 2.3957 0.0093 2.3957 2.1890 1.4288
1320 660.0 2.3988 0.0008 2.3988 2.2088 1.4927
1330 665.0 2.3545 1.0365 2.3545 2.3422 1.4218
1340 670.0 2.4500 1.2515 2.4500 2.4347 1.3959
1350 675.0 2.5169 6.8372 2.5169 2.5487 1.3482
1360 680.0 2.4957 4.5833 2.4957 2.6503 1.2715
1370 685.0 2.5147 6.5837 2.5147 2.6513 1.3632
1380 690.0 2.4057 0.0163 2.4057 2.5750 1.3593
1390 695.0 2.3401 1.7922 2.3401 2.5033 1.3606
1400 700.0 2.4403 0.8135 2.4403 2.4675 1.4059
1410 705.0 2.4130 0.0848 2.4130 2.5657 1.3480
1420 710.0 2.3652 0.6055 2.3652 2.6525 1.3160
1430 715.0 2.4537 1.4422 2.4537 2.6265 1.4115
1440 720.0 2.4124 0.0764 2.4124 2.6572 1.3928
1450 725.0 2.3767 0.2723 2.3767 2.7025 1.3147
1460 730.0 2.4681 2.3215 2.4681 2.6689 1.3442
1470 735.0 2.4735 2.7048 2.4735 2.6364 1.3362
1480 740.0 2.3968 0.0052 2.3968 2.6002 1.3425
1490 745.0 2.4058 0.0170 2.4058 2.5017 1.4083
1500 750.0 2.3671 0.5419 2.3671 2.5219 1.3756
1510 755.0 2.2967 5.3320 2.2967 2.5357 1.3869
1520 760.0 2.2985 5.1553 2.2985 2.4999 1.4747
1530 765.0 2.4153 0.1173 2.4153 2.5767 1.4308
1540 770.0 2.4803 3.2264 2.4803 2.7703 1.2783
1550 775.0 2.4983 4.8358 2.4983 2.6976 1.3563
1560 780.0 2.4159 0.1259 2.4159 2.6124 1.4215
1570 785.0 2.3120 3.8763 2.3120 2.6592 1.3569
1580 790.0 2.3748 0.3174 2.3748 2.6558 1.3779
1590 795.0 2.4837 3.5047 2.4837 2.6402 1.4266
1600 800.0 2.4130 0.0847 2.4130 2.7478 1.3066
1610 805.0 2.4047 0.0110 2.4047 2.6661 1.3902
1620 810.0 2.3986 0.0010 2.3986 2.6319 1.4412
1630 815.0 2.3685 0.4970 2.3685 2.7873 1.3065
1640 820.0 2.4869 3.7788 2.4869 2.7215 1.3776
1650 825.0 2.4956 4.5721 2.4956 2.6705 1.4107
1660 830.0 2.3541 1.0538 2.3541 2.6745 1.3123
1670 835.0 2.3974 0.0033 2.3974 2.6486 1.4151
1680 840.0 2.4495 1.2237 2.4495 2.5945 1.4580
1690 845.0 2.3673 0.5330 2.3673 2.7397 1.3014
1700 850.0 2.4484 1.1720 2.4484 2.6237 1.4207
1710 855.0 2.4262 0.3443 2.4262 2.6088 1.4323
1720 860.0 2.3142 3.6842 2.3142 2.6996 1.3331
1730 865.0 2.4252 0.3167 2.4252 2.6100 1.4384
1740 870.0 2.4557 1.5537 2.4557 2.7033 1.3572
1750 875.0 2.4372 0.6931 2.4372 2.7600 1.3139
1760 880.0 2.4146 0.1071 2.4146 2.6442 1.4720
1770 885.0 2.3101 4.0447 2.3101 2.6187 1.3634
1780 890.0 2.3978 0.0023 2.3978 2.6297 1.3343
1790 895.0 2.5136 6.4526 2.5136 2.6741 1.4139
1800 900.0 2.3904 0.0457 2.3904 2.8135 1.2976
1810 905.0 2.3534 1.0867 2.3534 2.7864 1.4220
1820 910.0 2.3613 0.7499 2.3613 2.7580 1.4602
1830 915.0 2.3392 1.8497 2.3392 2.9165 1.3079
1840 920.0 2.4873 3.8094 2.4873 2.8529 1.3894
1850 925.0 2.4916 4.1924 2.4916 2.8530 1.3829
1860 930.0 2.3624 0.7053 2.3624 2.8581 1.3321
1870 935.0 2.3512 1.1893 2.3512 2.7058 1.4522
1880 940.0 2.3433 1.6085 2.3433 2.6979 1.4360
1890 945.0 2.3854 0.1063 2.3854 2.6279 1.3385
1900 950.0 2.4832 3.4600 2.4832 2.5376 1.3598
1910 955.0 2.4337 0.5679 2.4337 2.5477 1.3521
1920 960.0 2.3590 0.8391 2.3590 2.6252 1.3337
1930 965.0 2.3535 1.0807 2.3535 2.6658 1.4339
1940 970.0 2.3568 0.9311 2.3568 2.6582 1.4180
1950 975.0 2.3608 0.7696 2.3608 2.7516 1.3318
1960 980.0 2.4613 1.8773 2.4613 2.7712 1.3771
1970 985.0 2.4529 1.4011 2.4529 2.8331 1.3692
1980 990.0 2.3815 0.1718 2.3815 2.8747 1.3266
1990 995.0 2.4286 0.4092 2.4286 2.7982 1.3932
2000 1000.0 2.4480 1.1508 2.4480 2.7428 1.4017
2010 1005.0 2.3844 0.1215 2.3844 2.7603 1.3238
2020 1010.0 2.4234 0.2739 2.4234 2.7021 1.3578
2030 1015.0 2.4705 2.4824 2.4705 2.6749 1.3992
2040 1020.0 2.4031 0.0047 2.4031 2.7231 1.3442
2050 1025.0 2.3800 0.1999 2.3800 2.7463 1.3400
2060 1030.0 2.4439 0.9632 2.4439 2.6676 1.4226
2070 1035.0 2.4225 0.2527 2.4225 2.6629 1.3883
2080 1040.0 2.3987 0.0009 2.3987 2.6108 1.3639
2090 1045.0 2.4121 0.0735 2.4121 2.5080 1.4164
2100 1050.0 2.4043 0.0092 2.4043 2.4428 1.4396
2110 1055.0 2.3728 0.3688 2.3728 2.4575 1.3902
2120 1060.0 2.4423 0.8928 2.4423 2.4294 1.4169
2130 1065.0 2.3969 0.0049 2.3969 2.4902 1.3521
2140 1070.0 2.3533 1.0885 2.3533 2.4562 1.3918
2150 1075.0 2.3335 2.2105 2.3335 2.3858 1.4908
2160 1080.0 2.3407 1.7553 2.3407 2.3803 1.4823
2170 1085.0 2.3769 0.2676 2.3769 2.4185 1.3815
2180 1090.0 2.4448 1.0019 2.4448 2.3988 1.3475
2190 1095.0 2.4639 2.0395 2.4639 2.2660 1.4268
2200 1100.0 2.3591 0.8375 2.3591 2.2686 1.3688
2210 1105.0 2.3634 0.6685 2.3634 2.1960 1.4129
2220 1110.0 2.4272 0.3686 2.4272 2.2079 1.3757
2230 1115.0 2.4608 1.8508 2.4608 2.2512 1.3252
2240 1120.0 2.4636 2.0197 2.4636 2.1679 1.4111
2250 1125.0 2.3460 1.4594 2.3460 2.2082 1.3968
2260 1130.0 2.3607 0.7733 2.3607 2.2331 1.4215
2270 1135.0 2.4436 0.9501 2.4436 2.2302 1.4539
2280 1140.0 2.4253 0.3194 2.4253 2.3107 1.3909
2290 1145.0 2.4087 0.0382 2.4087 2.3094 1.4169
2300 1150.0 2.3842 0.1248 2.3842 2.3029 1.4766
2310 1155.0 2.3487 1.3150 2.3487 2.3848 1.4314
2320 1160.0 2.3666 0.5563 2.3666 2.4439 1.3910
2330 1165.0 2.3886 0.0645 2.3886 2.4890 1.3576
2340 1170.0 2.4303 0.4594 2.4303 2.4471 1.4151
2350 1175.0 2.3853 0.1082 2.3853 2.5125 1.3819
2360 1180.0 2.3473 1.3889 2.3473 2.5645 1.3478
2370 1185.0 2.4159 0.1258 2.4159 2.5126 1.4088
2380 1190.0 2.4272 0.3688 2.4272 2.5435 1.3866
2390 1195.0 2.3365 2.0170 2.3365 2.6307 1.3373
2400 1200.0 2.3385 1.8892 2.3385 2.6117 1.3961
2410 1205.0 2.3878 0.0747 2.3878 2.6015 1.4350
2420 1210.0 2.3345 2.1469 2.3345 2.6878 1.3335
2430 1215.0 2.3527 1.1169 2.3527 2.6006 1.3294
2440 1220.0 2.3934 0.0221 2.3934 2.5378 1.4113
2450 1225.0 2.3854 0.1072 2.3854 2.6136 1.3522
2460 1230.0 2.3383 1.9024 2.3383 2.7356 1.3469
2470 1235.0 2.3669 0.5475 2.3669 2.6376 1.4434
2480 1240.0 2.4238 0.2839 2.4238 2.6903 1.3517
2490 1245.0 2.4084 0.0353 2.4084 2.6920 1.3456
2500 1250.0 2.4082 0.0338 2.4082 2.5968 1.4603
2510 1255.0 2.3315 2.3455 2.3315 2.6977 1.3617
2520 1260.0 2.3504 1.2299 2.3504 2.7098 1.3429
2530 1265.0 2.4393 0.7718 2.4393 2.5912 1.4490
2540 1270.0 2.3811 0.1784 2.3811 2.6851 1.3612
2550 1275.0 2.3300 2.4474 2.3300 2.6717 1.3400
2560 1280.0 2.3732 0.3586 2.3732 2.6105 1.4471
2570 1285.0 2.4085 0.0364 2.4085 2.5768 1.4733
2580 1290.0 2.3620 0.7234 2.3620 2.6889 1.3533
2590 1295.0 2.3469 1.4096 2.3469 2.6956 1.3478
2600 1300.0 2.4353 0.6242 2.4353 2.5731 1.4701
2610 1305.0 2.3866 0.0893 2.3866 2.6665 1.3801
2620 1310.0 2.3570 0.9254 2.3570 2.7113 1.3370
2630 1315.0 2.4051 0.0131 2.4051 2.6151 1.4489
2640 1320.0 2.3458 1.4682 2.3458 2.6984 1.3567
2650 1325.0 2.3596 0.8143 2.3596 2.6953 1.3539
2660 1330.0 2.4455 1.0372 2.4455 2.6325 1.4193
2670 1335.0 2.3857 0.1029 2.3857 2.7315 1.3173
2680 1340.0 2.3740 0.3369 2.3740 2.6854 1.3672
2690 1345.0 2.3798 0.2043 2.3798 2.6383 1.4239
2700 1350.0 2.3513 1.1839 2.3513 2.6813 1.3685
2710 1355.0 2.3832 0.1406 2.3832 2.7090 1.3192
2720 1360.0 2.4821 3.3701 2.4821 2.5934 1.4178
2730 1365.0 2.4031 0.0049 2.4031 2.6200 1.3317
2740 1370.0 2.3317 2.3306 2.3317 2.5458 1.3538
2750 1375.0 2.3625 0.7017 2.3625 2.4211 1.4343
2760 1380.0 2.4054 0.0143 2.4054 2.4833 1.3432
2770 1385.0 2.4146 0.1067 2.4146 2.4867 1.3259
2780 1390.0 2.3969 0.0049 2.3969 2.3756 1.4396
2790 1395.0 2.2886 6.2028 2.2886 2.3591 1.4387
2800 1400.0 2.2890 6.1619 2.2890 2.3392 1.4273
2810 1405.0 2.4012 0.0007 2.4012 2.3090 1.4413
2820 1410.0 2.4627 1.9658 2.4627 2.3509 1.3831
2830 1415.0 2.4429 0.9219 2.4429 2.3267 1.3511
2840 1420.0 2.3857 0.1027 2.3857 2.1959 1.4314
2850 1425.0 2.3468 1.4170 2.3468 2.2672 1.3477
2860 1430.0 2.4770 2.9646 2.4770 2.2390 1.3871
2870 1435.0 2.4603 1.8205 2.4603 2.2740 1.3678
2880 1440.0 2.3622 0.7150 2.3622 2.3035 1.3731
2890 1445.0 2.3887 0.0642 2.3887 2.2253 1.4970
2900 1450.0 2.3622 0.7151 2.3622 2.3142 1.4034
2910 1455.0 2.3922 0.0308 2.3922 2.3695 1.3289
2920 1460.0 2.4805 3.2404 2.4805 2.3735 1.3425
2930 1465.0 2.4329 0.5408 2.4329 2.4155 1.3355
2940 1470.0 2.3290 2.5208 2.3290 2.4746 1.3579
2950 1475.0 2.3098 4.0648 2.3098 2.4795 1.4413
2960 1480.0 2.3865 0.0907 2.3865 2.5589 1.3925
2970 1485.0 2.4896 4.0128 2.4896 2.6653 1.3129
2980 1490.0 2.4991 4.9072 2.4991 2.7185 1.3298
2990 1495.0 2.4315 0.4966 2.4315 2.6938 1.3940
3000 1500.0 2.3525 1.1288 2.3525 2.6716 1.4399
3010 1505.0 2.3306 2.4104 2.3306 2.6715 1.4112
3020 1510.0 2.4197 0.1932 2.4197 2.6495 1.3869
3030 1515.0 2.4579 1.6757 2.4579 2.6606 1.3468
3040 1520.0 2.4113 0.0640 2.4113 2.6404 1.3452
3050 1525.0 2.3789 0.2219 2.3789 2.5432 1.4212
3060 1530.0 2.3246 2.8402 2.3246 2.5453 1.4330
3070 1535.0 2.3178 3.3767 2.3178 2.5614 1.4276
3080 1540.0 2.4358 0.6409 2.4358 2.5779 1.4012
3090 1545.0 2.4729 2.6604 2.4729 2.5808 1.3695
3100 1550.0 2.3612 0.7530 2.3612 2.6306 1.3461
3110 1555.0 2.3060 4.4186 2.3060 2.5689 1.4586
3120 1560.0 2.3130 3.7847 2.3130 2.5678 1.4813
3130 1565.0 2.3655 0.5958 2.3655 2.6067 1.3963
3140 1570.0 2.4363 0.6580 2.4363 2.6312 1.3327
3150 1575.0 2.4469 1.0985 2.4469 2.5250 1.4352
3160 1580.0 2.3330 2.2428 2.3330 2.5789 1.3836
3170 1585.0 2.3507 1.2164 2.3507 2.5798 1.3655
3180 1590.0 2.4708 2.5093 2.4708 2.5332 1.4127
3190 1595.0 2.4544 1.4813 2.4544 2.6417 1.3099
3200 1600.0 2.3629 0.6878 2.3629 2.5978 1.3852
3210 1605.0 2.3426 1.6448 2.3426 2.4966 1.5261
3220 1610.0 2.3023 4.7756 2.3023 2.5533 1.4845
3230 1615.0 2.3231 2.9560 2.3231 2.6329 1.3535
3240 1620.0 2.4666 2.2190 2.4666 2.5747 1.3849
3250 1625.0 2.4922 4.2501 2.4922 2.5466 1.3806
3260 1630.0 2.3851 0.1113 2.3851 2.5837 1.3075
3270 1635.0 2.3869 0.0852 2.3869 2.4274 1.4394
3280 1640.0 2.3542 1.0470 2.3542 2.3959 1.4562
3290 1645.0 2.3699 0.4527 2.3699 2.4469 1.3818
3300 1650.0 2.4574 1.6494 2.4574 2.4415 1.3689
3310 1655.0 2.4842 3.5437 2.4842 2.4686 1.3233
3320 1660.0 2.4658 2.1635 2.4658 2.4421 1.3211
3330 1665.0 2.4106 0.0564 2.4106 2.3600 1.3727
3340 1670.0 2.3967 0.0056 2.3967 2.2343 1.4618
3350 1675.0 2.3612 0.7531 2.3612 2.2793 1.3849
3360 1680.0 2.4363 0.6594 2.4363 2.2865 1.3673
3370 1685.0 2.4615 1.8901 2.4615 2.2741 1.4192
3380 1690.0 2.3459 1.4640 2.3459 2.3480 1.3832
3390 1695.0 2.3638 0.6550 2.3638 2.3616 1.3871
3400 1700.0 2.4976 4.7634 2.4976 2.3324 1.4172
3410 1705.0 2.4842 3.5473 2.4842 2.4507 1.2878
3420 1710.0 2.4890 3.9601 2.4890 2.3610 1.3681
3430 1715.0 2.3922 0.0301 2.3922 2.2729 1.4541
3440 1720.0 2.2655 9.0516 2.2655 2.3598 1.3933
3450 1725.0 2.3864 0.0924 2.3864 2.3312 1.4493
3460 1730.0 2.5040 5.4079 2.5040 2.4183 1.4139
3470 1735.0 2.4886 3.9244 2.4886 2.5934 1.2737
3480 1740.0 2.5068 5.7045 2.5068 2.5924 1.3338
3490 1745.0 2.4212 0.2247 2.4212 2.5766 1.3526
3500 1750.0 2.3619 0.7266 2.3619 2.6499 1.2883
3510 1755.0 2.4840 3.5309 2.4840 2.5876 1.3797
3520 1760.0 2.4423 0.8944 2.4423 2.5865 1.3534
3530 1765.0 2.3647 0.6240 2.3647 2.5914 1.3168
3540 1770.0 2.4273 0.3738 2.4273 2.5005 1.4268
3550 1775.0 2.3969 0.0047 2.3969 2.5718 1.3614
3560 1780.0 2.4096 0.0464 2.4096 2.6305 1.3154
3570 1785.0 2.4943 4.4509 2.4943 2.5392 1.4078
3580 1790.0 2.3725 0.3787 2.3725 2.5422 1.3279
3590 1795.0 2.3543 1.0455 2.3543 2.5636 1.3780
3600 1800.0 2.4458 1.0486 2.4458 2.4097 1.5554
3610 1805.0 2.3469 1.4090 2.3469 2.3978 1.6361
3620 1810.0 2.2516 11.0084 2.2516 2.4572 1.6247
3630 1815.0 2.3804 0.1928 2.3804 2.3983 1.6290
3640 1820.0 2.4295 0.4361 2.4295 2.4298 1.5571
3650 1825.0 2.3404 1.7767 2.3404 2.6033 1.3607
3660 1830.0 2.4310 0.4790 2.4310 2.4982 1.3114
3670 1835.0 2.5494 11.1624 2.5494 2.4809 1.4041
3680 1840.0 2.4188 0.1759 2.4188 2.5937 1.3267
3690 1845.0 2.3471 1.3996 2.3471 2.6834 1.3792
3700 1850.0 2.3566 0.9436 2.3566 2.5728 1.5615
3710 1855.0 2.3402 1.7899 2.3402 2.5656 1.6459
3720 1860.0 2.3538 1.0686 2.3538 2.5939 1.6254
3730 1865.0 2.3966 0.0059 2.3966 2.6640 1.4847
3740 1870.0 2.4331 0.5477 2.4331 2.7928 1.2994
3750 1875.0 2.5223 7.4788 2.5223 2.6653 1.3745
3760 1880.0 2.4573 1.6419 2.4573 2.5518 1.4084
3770 1885.0 2.2836 6.7789 2.2836 2.5553 1.3187
3780 1890.0 2.3795 0.2109 2.3795 2.5620 1.4030
3790 1895.0 2.4450 1.0110 2.4450 2.5566 1.4149
3800 1900.0 2.3303 2.4324 2.3303 2.6735 1.3286
3810 1905.0 2.3590 0.8387 2.3590 2.6196 1.4015
3820 1910.0 2.4303 0.4605 2.4303 2.5564 1.4490
3830 1915.0 2.4201 0.2027 2.4201 2.5716 1.3565
3840 1920.0 2.4253 0.3190 2.4253 2.5239 1.3392
3850 1925.0 2.3723 0.3837 2.3723 2.3786 1.4393
3860 1930.0 2.2816 7.0037 2.2816 2.3636 1.4391
3870 1935.0 2.3777 0.2490 2.3777 2.3358 1.4528
3880 1940.0 2.4671 2.2530 2.4671 2.3564 1.4342
3890 1945.0 2.3653 0.6021 2.3653 2.4934 1.3456
3900 1950.0 2.3494 1.2787 2.3494 2.5292 1.4460
3910 1955.0 2.3530 1.1045 2.3530 2.6397 1.4896
3920 1960.0 2.3987 0.0008 2.3987 2.7517 1.4670
3930 1965.0 2.3699 0.4538 2.3699 2.8960 1.2997
3940 1970.0 2.4740 2.7397 2.4740 2.8289 1.3388
3950 1975.0 2.4878 3.8561 2.4878 2.7711 1.3955
3960 1980.0 2.2808 7.0992 2.2808 2.7055 1.3250
3970 1985.0 2.3235 2.9262 2.3235 2.6289 1.4337
3980 1990.0 2.4445 0.9920 2.4445 2.6013 1.4575
3990 1995.0 2.4252 0.3182 2.4252 2.6449 1.2916
4000 2000.0 2.4266 0.3525 2.4266 2.6884 1.3459
4010 2005.0 2.3877 0.0757 2.3877 2.7725 1.4655
4020 2010.0 2.2903 6.0206 2.2903 2.7691 1.4317
4030 2015.0 2.3458 1.4709 2.3458 2.6870 1.3182
4040 2020.0 2.4979 4.7909 2.4979 2.5442 1.3726
4050 2025.0 2.4012 0.0008 2.4012 2.4969 1.3526
4060 2030.0 2.2550 10.5094 2.2550 2.4580 1.3872
4070 2035.0 2.3651 0.6101 2.3651 2.2992 1.4924
4080 2040.0 2.4419 0.8768 2.4419 2.3065 1.4255
4090 2045.0 2.4322 0.5179 2.4322 2.4210 1.3207
4100 2050.0 2.3878 0.0746 2.3878 2.3803 1.4480
4110 2055.0 2.3077 4.2626 2.3077 2.4014 1.5157
4120 2060.0 2.3741 0.3343 2.3741 2.3665 1.5315
4130 2065.0 2.4228 0.2608 2.4228 2.4219 1.4246
4140 2070.0 2.3842 0.1247 2.3842 2.4687 1.3504
4150 2075.0 2.3295 2.4832 2.3295 2.4085 1.4198
4160 2080.0 2.3412 1.7271 2.3412 2.3735 1.4595
4170 2085.0 2.3933 0.0225 2.3933 2.4668 1.3654
4180 2090.0 2.4695 2.4156 2.4695 2.4817 1.3387
4190 2095.0 2.4726 2.6378 2.4726 2.4723 1.3413
4200 2100.0 2.3808 0.1834 2.3808 2.4412 1.3346
4210 2105.0 2.3752 0.3084 2.3752 2.3230 1.4307
4220 2110.0 2.3773 0.2575 2.3773 2.2885 1.4204
4230 2115.0 2.3903 0.0470 2.3903 2.2943 1.3740
4240 2120.0 2.4407 0.8264 2.4407 2.2194 1.4220
4250 2125.0 2.4107 0.0568 2.4107 2.2300 1.3822
4260 2130.0 2.3966 0.0058 2.3966 2.2573 1.3470
4270 2135.0 2.4347 0.6026 2.4347 2.1988 1.4103
4280 2140.0 2.4017 0.0014 2.4017 2.2368 1.3930
4290 2145.0 2.4201 0.2025 2.4201 2.2294 1.4304
4300 2150.0 2.4632 1.9950 2.4632 2.2020 1.4967
4310 2155.0 2.3864 0.0920 2.3864 2.3119 1.4209
4320 2160.0 2.3866 0.0895 2.3866 2.3065 1.4540
4330 2165.0 2.4579 1.6776 2.4579 2.2491 1.5250
4340 2170.0 2.4435 0.9472 2.4435 2.3220 1.4522
4350 2175.0 2.3726 0.3762 2.3726 2.4260 1.3421
4360 2180.0 2.3925 0.0279 2.3925 2.4046 1.3490
4370 2185.0 2.4150 0.1118 2.4150 2.3506 1.4066
4380 2190.0 2.3625 0.7049 2.3625 2.3473 1.4023
4390 2195.0 2.3338 2.1911 2.3338 2.3635 1.3900
4400 2200.0 2.3913 0.0382 2.3913 2.3380 1.4189
4410 2205.0 2.4004 0.0001 2.4004 2.4035 1.3349
4420 2210.0 2.4545 1.4847 2.4545 2.3580 1.3607
4430 2215.0 2.4479 1.1465 2.4479 2.3259 1.3843
4440 2220.0 2.4013 0.0008 2.4013 2.3162 1.4015
4450 2225.0 2.3607 0.7711 2.3607 2.3162 1.4071
4460 2230.0 2.3659 0.5820 2.3659 2.3614 1.3720
4470 2235.0 2.4523 1.3665 2.4523 2.3306 1.4152
4480 2240.0 2.4554 1.5370 2.4554 2.3714 1.3848
4490 2245.0 2.3848 0.1161 2.3848 2.3836 1.3780
4500 2250.0 2.3622 0.7136 2.3622 2.3178 1.4608
4510 2255.0 2.3531 1.0981 2.3531 2.2984 1.5042
4520 2260.0 2.3737 0.3468 2.3737 2.2996 1.5294
4530 2265.0 2.3404 1.7744 2.3404 2.3996 1.4474
4540 2270.0 2.3952 0.0113 2.3952 2.4707 1.3939
4550 2275.0 2.4660 2.1756 2.4660 2.5095 1.3985
4560 2280.0 2.4006 0.0002 2.4006 2.5268 1.3945
4570 2285.0 2.3204 3.1660 2.3204 2.5268 1.4299
4580 2290.0 2.3271 2.6600 2.3271 2.5127 1.4710
4590 2295.0 2.3795 0.2100 2.3795 2.5632 1.4421
4600 2300.0 2.4333 0.5534 2.4333 2.6328 1.3636
4610 2305.0 2.4408 0.8336 2.4408 2.6178 1.3599
4620 2310.0 2.4026 0.0033 2.4026 2.4834 1.4485
4630 2315.0 2.3131 3.7744 2.3131 2.4804 1.4194
4640 2320.0 2.3349 2.1214 2.3349 2.4856 1.4158
4650 2325.0 2.4292 0.4250 2.4292 2.4434 1.4812
4660 2330.0 2.4024 0.0030 2.4024 2.4794 1.4438
4670 2335.0 2.3379 1.9306 2.3379 2.4518 1.4149
4680 2340.0 2.3588 0.8468 2.3588 2.4296 1.3932
4690 2345.0 2.4448 1.0044 2.4448 2.2935 1.4828
4700 2350.0 2.3753 0.3057 2.3753 2.2569 1.4756
4710 2355.0 2.3413 1.7238 2.3413 2.2633 1.4526
4720 2360.0 2.4234 0.2739 2.4234 2.3001 1.4317
4730 2365.0 2.4303 0.4595 2.4303 2.3945 1.3584
4740 2370.0 2.4199 0.1984 2.4199 2.3751 1.3687
4750 2375.0 2.4147 0.1076 2.4147 2.3312 1.4014
4760 2380.0 2.4187 0.1739 2.4187 2.2603 1.4538
4770 2385.0 2.3871 0.0827 2.3871 2.3378 1.3774
4780 2390.0 2.3983 0.0014 2.3983 2.3299 1.3950
4790 2395.0 2.4114 0.0652 2.4114 2.2540 1.4656
4800 2400.0 2.3444 1.5459 2.3444 2.3247 1.3886
4810 2405.0 2.4050 0.0123 2.4050 2.2842 1.4222
4820 2410.0 2.3771 0.2612 2.3771 2.3295 1.3892
4830 2415.0 2.3750 0.3125 2.3750 2.3054 1.4138
4840 2420.0 2.3967 0.0056 2.3967 2.2695 1.4264
4850 2425.0 2.3657 0.5876 2.3657 2.3109 1.3509
4860 2430.0 2.4024 0.0030 2.4024 2.2408 1.4134
4870 2435.0 2.3844 0.1221 2.3844 2.2232 1.4206
4880 2440.0 2.3706 0.4311 2.3706 2.2531 1.3822
4890 2445.0 2.4253 0.3191 2.4253 2.2162 1.4254
4900 2450.0 2.4044 0.0097 2.4044 2.2477 1.4213
4910 2455.0 2.3529 1.1086 2.3529 2.2919 1.3943
4920 2460.0 2.3669 0.5479 2.3669 2.2461 1.4548
4930 2465.0 2.3913 0.0377 2.3913 2.2589 1.4355
4940 2470.0 2.4168 0.1415 2.4168 2.3267 1.3629
4950 2475.0 2.4353 0.6220 2.4353 2.2840 1.4193
4960 2480.0 2.3707 0.4306 2.3707 2.2885 1.4232
4970 2485.0 2.3095 4.0945 2.3095 2.3209 1.4045
4980 2490.0 2.3737 0.3451 2.3737 2.2708 1.4385
4990 2495.0 2.4386 0.7463 2.4386 2.2965 1.3927
5000 2500.0 2.4521 1.3549 2.4521 2.2852 1.3833
5010 2505.0 2.3781 0.2396 2.3781 2.2588 1.4140
5020 2510.0 2.3118 3.8908 2.3118 2.2614 1.4347
5030 2515.0 2.3576 0.8996 2.3576 2.2858 1.4196
5040 2520.0 2.4501 1.2549 2.4501 2.3247 1.3868
5050 2525.0 2.4496 1.2297 2.4496 2.3063 1.4225
5060 2530.0 2.3727 0.3740 2.3727 2.2987 1.4598
5070 2535.0 2.3645 0.6296 2.3645 2.3157 1.4593
5080 2540.0 2.4118 0.0700 2.4118 2.3880 1.3885
5090 2545.0 2.4432 0.9344 2.4432 2.4192 1.3723
5100 2550.0 2.3981 0.0018 2.3981 2.4181 1.4031
5110 2555.0 2.3798 0.2034 2.3798 2.3983 1.4333
5120 2560.0 2.3913 0.0377 2.3913 2.3815 1.4261
5130 2565.0 2.3753 0.3046 2.3753 2.4169 1.3686
5140 2570.0 2.4221 0.2432 2.4221 2.3745 1.4156
5150 2575.0 2.4254 0.3227 2.4254 2.4436 1.3730
5160 2580.0 2.4211 0.2217 2.4211 2.5089 1.3299
5170 2585.0 2.4392 0.7680 2.4392 2.4876 1.3873
5180 2590.0 2.3595 0.8206 2.3595 2.5083 1.3682
5190 2595.0 2.3622 0.7144 2.3622 2.5182 1.3635
5200 2600.0 2.4671 2.2527 2.4671 2.5140 1.3785
5210 2605.0 2.4378 0.7158 2.4378 2.5627 1.3474
5220 2610.0 2.3691 0.4766 2.3691 2.5124 1.3991
5230 2615.0 2.3274 2.6361 2.3274 2.5282 1.4013
5240 2620.0 2.3635 0.6651 2.3635 2.5325 1.4114
5250 2625.0 2.4576 1.6577 2.4576 2.5452 1.4241
5260 2630.0 2.4150 0.1125 2.4150 2.6156 1.3573
5270 2635.0 2.3710 0.4218 2.3710 2.5879 1.3947
5280 2640.0 2.3832 0.1416 2.3832 2.5095 1.4908
5290 2645.0 2.3319 2.3190 2.3319 2.6007 1.4296
5300 2650.0 2.3622 0.7132 2.3622 2.7096 1.3350
5310 2655.0 2.4911 4.1521 2.4911 2.6754 1.4013
5320 2660.0 2.4741 2.7430 2.4741 2.7150 1.3767
5330 2665.0 2.3338 2.1924 2.3338 2.7450 1.3731
5340 2670.0 2.3252 2.7945 2.3252 2.6793 1.4706
5350 2675.0 2.3813 0.1746 2.3813 2.7275 1.4188
5360 2680.0 2.4454 1.0308 2.4454 2.8356 1.3024
5370 2685.0 2.4934 4.3582 2.4934 2.7089 1.3994
5380 2690.0 2.3377 1.9411 2.3377 2.6553 1.4072
5390 2695.0 2.2548 10.5429 2.2548 2.6519 1.3920
5400 2700.0 2.4113 0.0641 2.4113 2.6288 1.4188
5410 2705.0 2.4824 3.3926 2.4824 2.6919 1.3497
5420 2710.0 2.4348 0.6047 2.4348 2.6760 1.3264
5430 2715.0 2.3863 0.0940 2.3863 2.4742 1.4647
5440 2720.0 2.2969 5.3185 2.2969 2.4798 1.4124
5450 2725.0 2.3596 0.8149 2.3596 2.5358 1.3353
5460 2730.0 2.5277 8.1476 2.5277 2.4908 1.3948
5470 2735.0 2.4628 1.9700 2.4628 2.5299 1.3238
5480 2740.0 2.3820 0.1627 2.3820 2.4663 1.3748
5490 2745.0 2.3717 0.4010 2.3717 2.3180 1.5088
5500 2750.0 2.3553 0.9988 2.3553 2.2384 1.5790
5510 2755.0 2.3163 3.5037 2.3163 2.2511 1.5387
5520 2760.0 2.3182 3.3475 2.3182 2.3244 1.4393
5530 2765.0 2.3814 0.1737 2.3814 2.3859 1.3630
5540 2770.0 2.4824 3.3967 2.4824 2.4464 1.3389
5550 2775.0 2.4865 3.7420 2.4865 2.4772 1.3283
5560 2780.0 2.4363 0.6594 2.4363 2.4672 1.3555
5570 2785.0 2.3943 0.0160 2.3943 2.3270 1.4827
5580 2790.0 2.3209 3.1304 2.3209 2.3160 1.4940
5590 2795.0 2.3304 2.4203 2.3304 2.3631 1.4426
5600 2800.0 2.4478 1.1441 2.4478 2.4501 1.3631
5610 2805.0 2.5224 7.4941 2.5224 2.5183 1.3277
5620 2810.0 2.4647 2.0912 2.4647 2.5297 1.3239
5630 2815.0 2.3487 1.3141 2.3487 2.4474 1.3918
5640 2820.0 2.2760 7.6874 2.2760 2.4376 1.4193
5650 2825.0 2.2914 5.8992 2.2914 2.4594 1.4094
5660 2830.0 2.4097 0.0467 2.4097 2.5388 1.3757
5670 2835.0 2.4956 4.5650 2.4956 2.6294 1.3443
5680 2840.0 2.4374 0.6995 2.4374 2.6785 1.3405
5690 2845.0 2.3139 3.7105 2.3139 2.6228 1.4184
5700 2850.0 2.2623 9.4761 2.2623 2.6268 1.4497
5710 2855.0 2.4055 0.0152 2.4055 2.6890 1.4006
5720 2860.0 2.4592 1.7548 2.4592 2.4725 1.3374
5730 2865.0 2.3675 0.5287 2.3675 2.3467 1.3744
5740 2870.0 2.3220 3.0384 2.3220 2.4013 1.4305
5750 2875.0 2.3525 1.1300 2.3525 2.5568 1.3822
5760 2880.0 2.3628 0.6913 2.3628 2.6356 1.4308
5770 2885.0 2.3272 2.6467 2.3272 2.6424 1.4333
5780 2890.0 2.3627 0.6971 2.3627 2.7311 1.3922
5790 2895.0 2.4687 2.3574 2.4687 2.7940 1.3923
5800 2900.0 2.4419 0.8776 2.4419 2.8742 1.3171
5810 2905.0 2.4316 0.4978 2.4316 2.8330 1.3421
5820 2910.0 2.4182 0.1657 2.4182 2.6824 1.4531
5830 2915.0 2.3073 4.2921 2.3073 2.6319 1.4294
5840 2920.0 2.3471 1.4000 2.3471 2.6195 1.4143
5850 2925.0 2.4596 1.7763 2.4596 2.6889 1.3972
5860 2930.0 2.3958 0.0090 2.3958 2.7230 1.3746
5870 2935.0 2.2957 5.4421 2.2957 2.6659 1.4528
5880 2940.0 2.3102 4.0289 2.3102 2.6660 1.4322
5890 2945.0 2.4071 0.0250 2.4071 2.7086 1.3633
5900 2950.0 2.4710 2.5234 2.4710 2.6813 1.3944
5910 2955.0 2.4333 0.5540 2.4333 2.6794 1.3860
5920 2960.0 2.3590 0.8410 2.3590 2.6941 1.3535
5930 2965.0 2.3588 0.8493 2.3588 2.6418 1.4095
5940 2970.0 2.3667 0.5541 2.3667 2.6444 1.4038
5950 2975.0 2.3952 0.0117 2.3952 2.7506 1.3225
5960 2980.0 2.4552 1.5246 2.4552 2.7776 1.3609
5970 2985.0 2.3979 0.0023 2.3979 2.6020 1.3922
5980 2990.0 2.3068 4.3459 2.3068 2.4809 1.3626
5990 2995.0 2.4044 0.0097 2.4044 2.3935 1.3740
6000 3000.0 2.4716 2.5607 2.4716 2.3552 1.3138
6010 3005.0 2.4669 2.2370 2.4669 2.2801 1.3241
6020 3010.0 2.3795 0.2104 2.3795 2.2083 1.3894
6030 3015.0 2.3640 0.6470 2.3640 2.2532 1.4000
6040 3020.0 2.4383 0.7333 2.4383 2.3958 1.3328
6050 3025.0 2.4583 1.6970 2.4583 2.5653 1.3350
6060 3030.0 2.3774 0.2554 2.3774 2.7076 1.3933
6070 3035.0 2.3324 2.2880 2.3324 2.6920 1.3757
6080 3040.0 2.4477 1.1369 2.4477 2.6587 1.3961
6090 3045.0 2.4523 1.3650 2.4523 2.7226 1.3390
6100 3050.0 2.4097 0.0472 2.4097 2.6955 1.3795
6110 3055.0 2.3676 0.5234 2.3676 2.6677 1.4356
6120 3060.0 2.3597 0.8109 2.3597 2.7011 1.3818
6130 3065.0 2.4414 0.8576 2.4414 2.6909 1.3713
6140 3070.0 2.4678 2.2985 2.4678 2.6625 1.3823
6150 3075.0 2.3890 0.0603 2.3890 2.6964 1.3501
6160 3080.0 2.3546 1.0328 2.3546 2.6287 1.4022
6170 3085.0 2.3817 0.1669 2.3817 2.5970 1.4003
6180 3090.0 2.4431 0.9294 2.4431 2.5788 1.3598
6190 3095.0 2.4643 2.0701 2.4643 2.5616 1.3603
6200 3100.0 2.3616 0.7366 2.3616 2.5531 1.3528
6210 3105.0 2.3618 0.7293 2.3618 2.4687 1.4326
6220 3110.0 2.4135 0.0915 2.4135 2.4723 1.3842
6230 3115.0 2.4380 0.7226 2.4380 2.5754 1.2929
6240 3120.0 2.4737 2.7179 2.4737 2.4957 1.4111
6250 3125.0 2.3605 0.7787 2.3605 2.5689 1.3626
6260 3130.0 2.3516 1.1721 2.3516 2.4852 1.3153
6270 3135.0 2.4673 2.2642 2.4673 2.3941 1.3852
6280 3140.0 2.4526 1.3824 2.4526 2.4209 1.3556
6290 3145.0 2.3494 1.2803 2.3494 2.5156 1.3054
6300 3150.0 2.3890 0.0605 2.3890 2.3953 1.4057
6310 3155.0 2.4377 0.7106 2.4377 2.2826 1.4139
6320 3160.0 2.3324 2.2874 2.3324 2.3214 1.3152
6330 3165.0 2.2789 7.3308 2.2789 2.2353 1.4535
6340 3170.0 2.3709 0.4242 2.3709 2.1880 1.5615
6350 3175.0 2.3864 0.0924 2.3864 2.3593 1.4863
6360 3180.0 2.3679 0.5139 2.3679 2.5526 1.3270
6370 3185.0 2.4521 1.3589 2.4521 2.5747 1.3495
6380 3190.0 2.4828 3.4240 2.4828 2.5159 1.4174
6390 3195.0 2.3417 1.6966 2.3417 2.5929 1.3379
6400 3200.0 2.3331 2.2378 2.3331 2.5351 1.4199
6410 3205.0 2.3860 0.0984 2.3860 2.5435 1.4289
6420 3210.0 2.3858 0.1012 2.3858 2.6535 1.2982
6430 3215.0 2.4826 3.4073 2.4826 2.5775 1.3811
6440 3220.0 2.4153 0.1166 2.4153 2.5138 1.4058
6450 3225.0 2.3055 4.4694 2.3055 2.5504 1.3273
6460 3230.0 2.4370 0.6841 2.4370 2.3828 1.4456
6470 3235.0 2.4460 1.0572 2.4460 2.3417 1.4186
6480 3240.0 2.3607 0.7709 2.3607 2.3220 1.3478
6490 3245.0 2.4183 0.1681 2.4183 2.1925 1.4223
6500 3250.0 2.4062 0.0190 2.4062 2.1746 1.3844
6510 3255.0 2.3627 0.6965 2.3627 2.1758 1.3411
6520 3260.0 2.4430 0.9242 2.4430 2.1122 1.4073
6530 3265.0 2.4614 1.8878 2.4614 2.2154 1.3386
6540 3270.0 2.4420 0.8835 2.4420 2.2956 1.3278
6550 3275.0 2.4451 1.0179 2.4451 2.2725 1.4443
6560 3280.0 2.3412 1.7309 2.3412 2.4015 1.4250
6570 3285.0 2.3811 0.1794 2.3811 2.4859 1.4765
6580 3290.0 2.4619 1.9131 2.4619 2.6529 1.4443
6590 3295.0 2.4497 1.2342 2.4497 2.9041 1.2748
6600 3300.0 2.5050 5.5112 2.5050 2.8118 1.3520
6610 3305.0 2.4214 0.2283 2.4214 2.7364 1.4277
6620 3310.0 2.2853 6.5785 2.2853 2.6951 1.4078
6630 3315.0 2.3798 0.2046 2.3798 2.6718 1.4203
6640 3320.0 2.4871 3.7964 2.4871 2.6977 1.3456
6650 3325.0 2.5188 7.0586 2.5188 2.7524 1.2809
6660 3330.0 2.5043 5.4361 2.5043 2.7815 1.3824
6670 3335.0 2.3595 0.8191 2.3595 2.7783 1.4286
6680 3340.0 2.3386 1.8825 2.3386 2.8043 1.4104
6690 3345.0 2.4693 2.4039 2.4693 2.8445 1.3689
6700 3350.0 2.5372 9.4141 2.5372 2.8753 1.2465
6710 3355.0 2.5874 17.5615 2.5874 2.8887 1.3405
6720 3360.0 2.3723 0.3843 2.3723 2.8692 1.2959
6730 3365.0 2.3118 3.8903 2.3118 2.7842 1.4425
6740 3370.0 2.4419 0.8778 2.4419 2.6342 1.5731
6750 3375.0 2.4214 0.2292 2.4214 2.6290 1.4553
6760 3380.0 2.3467 1.4188 2.3467 2.6956 1.2586
6770 3385.0 2.5302 8.4708 2.5302 2.5185 1.4409
6780 3390.0 2.4527 1.3882 2.4527 2.5453 1.3745
6790 3395.0 2.3635 0.6663 2.3635 2.5927 1.3059
6800 3400.0 2.4573 1.6395 2.4573 2.4528 1.4543
6810 3405.0 2.3674 0.5312 2.3674 2.5879 1.2973
6820 3410.0 2.4021 0.0022 2.4021 2.4718 1.3824
6830 3415.0 2.3879 0.0733 2.3879 2.3694 1.4419
6840 3420.0 2.3063 4.3920 2.3063 2.3404 1.2870
6850 3425.0 2.4891 3.9703 2.4891 2.3155 1.3903
6860 3430.0 2.5016 5.1627 2.5016 2.4272 1.3762
6870 3435.0 2.3470 1.4070 2.3470 2.5790 1.3113
6880 3440.0 2.3530 1.1024 2.3530 2.4039 1.5368
6890 3445.0 2.3799 0.2013 2.3799 2.2603 1.6696
6900 3450.0 2.2954 5.4697 2.2954 2.3303 1.5803
6910 3455.0 2.3085 4.1889 2.3085 2.4685 1.4124
6920 3460.0 2.4510 1.3012 2.4510 2.5153 1.3575
6930 3465.0 2.4862 3.7148 2.4862 2.6042 1.3129
6940 3470.0 2.3932 0.0231 2.3932 2.4501 1.3508
6950 3475.0 2.3235 2.9293 2.3235 2.3070 1.4536
6960 3480.0 2.3487 1.3180 2.3487 2.2916 1.4548
6970 3485.0 2.4248 0.3082 2.4248 2.3948 1.3054
6980 3490.0 2.5322 8.7326 2.5322 2.4364 1.2978
6990 3495.0 2.4813 3.3052 2.4813 2.4353 1.3163
7000 3500.0 2.3181 3.3552 2.3181 2.4505 1.3098
7010 3505.0 2.3548 1.0208 2.3548 2.4447 1.3916
7020 3510.0 2.4788 3.1049 2.4788 2.4983 1.4098
7030 3515.0 2.4597 1.7848 2.4597 2.6093 1.2617
7040 3520.0 2.5046 5.4740 2.5046 2.6224 1.3791
7050 3525.0 2.3962 0.0070 2.3962 2.6368 1.3980
7060 3530.0 2.3170 3.4452 2.3170 2.6911 1.3429
7070 3535.0 2.4363 0.6575 2.4363 2.6153 1.4028
7080 3540.0 2.4412 0.8473 2.4412 2.6508 1.3717
7090 3545.0 2.3720 0.3930 2.3720 2.6972 1.3061
7100 3550.0 2.3937 0.0198 2.3937 2.5605 1.4436
7110 3555.0 2.3439 1.5711 2.3439 2.5733 1.4203
7120 3560.0 2.3493 1.2864 2.3493 2.6562 1.3020
7130 3565.0 2.4697 2.4280 2.4697 2.5518 1.4206
7140 3570.0 2.4174 0.1513 2.4174 2.5364 1.3600
7150 3575.0 2.3598 0.8070 2.3598 2.5759 1.3230
7160 3580.0 2.3451 1.5071 2.3451 2.5995 1.4445
7170 3585.0 2.3376 1.9497 2.3376 2.6574 1.3641
7180 3590.0 2.4060 0.0180 2.4060 2.6710 1.3508
7190 3595.0 2.3844 0.1217 2.3844 2.6122 1.4348
7200 3600.0 2.3161 3.5227 2.3161 2.7104 1.3749
7210 3605.0 2.3490 1.3000 2.3490 2.7341 1.3619
7220 3610.0 2.4431 0.9299 2.4431 2.6876 1.4053
7230 3615.0 2.3535 1.0810 2.3535 2.7890 1.3205
7240 3620.0 2.3266 2.6973 2.3266 2.7223 1.4312
7250 3625.0 2.3634 0.6711 2.3634 2.7030 1.4700
7260 3630.0 2.3752 0.3086 2.3752 2.8620 1.3054
7270 3635.0 2.4614 1.8848 2.4614 2.7751 1.4032
7280 3640.0 2.4088 0.0386 2.4088 2.7489 1.4469
7290 3645.0 2.2753 7.7751 2.2753 2.8803 1.3353
7300 3650.0 2.4288 0.4147 2.4288 2.7861 1.4272
7310 3655.0 2.5220 7.4446 2.5220 2.8325 1.4073
7320 3660.0 2.3918 0.0332 2.3918 2.9726 1.2683
7330 3665.0 2.4561 1.5729 2.4561 2.7668 1.4997
7340 3670.0 2.3640 0.6469 2.3640 2.8409 1.4395
7350 3675.0 2.2993 5.0723 2.2993 3.0010 1.2979
7360 3680.0 2.5019 5.1958 2.5019 2.8450 1.4882
7370 3685.0 2.4248 0.3076 2.4248 2.8502 1.3276
7380 3690.0 2.4167 0.1402 2.4167 2.7002 1.3453
7390 3695.0 2.4873 3.8135 2.4873 2.5730 1.4909
7400 3700.0 2.3049 4.5191 2.3049 2.6321 1.2661
7410 3705.0 2.4504 1.2719 2.4504 2.6600 1.4369
7420 3710.0 2.4728 2.6490 2.4728 2.7206 1.4245
7430 3715.0 2.3435 1.5947 2.3435 2.7209 1.2698
7440 3720.0 2.5020 5.1983 2.5020 2.6731 1.5333
7450 3725.0 2.3862 0.0953 2.3862 2.6514 1.4590
7460 3730.0 2.2915 5.8835 2.2915 2.6984 1.2651
7470 3735.0 2.5296 8.3979 2.5296 2.6253 1.5090
7480 3740.0 2.4631 1.9929 2.4631 2.7054 1.3797
7490 3745.0 2.3444 1.5449 2.3444 2.7118 1.3155
7500 3750.0 2.4239 0.2845 2.4239 2.4181 1.5983
7510 3755.0 2.3829 0.1458 2.3829 2.3184 1.7078
7520 3760.0 2.2250 15.3049 2.2250 2.4500 1.6087
7530 3765.0 2.2258 15.1644 2.2258 2.4935 1.5245
7540 3770.0 2.4305 0.4638 2.4305 2.4967 1.4408
7550 3775.0 2.5258 7.9188 2.5258 2.6565 1.2703
7560 3780.0 2.5603 12.8518 2.5603 2.5396 1.3643
7570 3785.0 2.3613 0.7484 2.3613 2.4135 1.4526
7580 3790.0 2.1521 30.7151 2.1521 2.4044 1.4852
7590 3795.0 2.3324 2.2863 2.3324 2.3628 1.4973
7600 3800.0 2.4323 0.5216 2.4323 2.5343 1.3679
7610 3805.0 2.4387 0.7480 2.4387 2.7676 1.3098
7620 3810.0 2.4229 0.2623 2.4229 2.9159 1.4167
7630 3815.0 2.3445 1.5403 2.3445 3.0366 1.4648
7640 3820.0 2.3435 1.5947 2.3435 2.9647 1.4162
7650 3825.0 2.4570 1.6225 2.4570 2.7556 1.3957
7660 3830.0 2.4363 0.6571 2.4363 2.5290 1.3616
7670 3835.0 2.2813 7.0424 2.2813 2.3421 1.3760
7680 3840.0 2.3193 3.2571 2.3193 2.3184 1.4230
7690 3845.0 2.4426 0.9058 2.4426 2.4512 1.3944
7700 3850.0 2.4142 0.1010 2.4142 2.6031 1.3268
7710 3855.0 2.3630 0.6840 2.3630 2.6587 1.4241
7720 3860.0 2.3022 4.7844 2.3022 2.7155 1.4343
7730 3865.0 2.3529 1.1070 2.3529 2.7385 1.3737
7740 3870.0 2.4785 3.0809 2.4785 2.7115 1.3708
7750 3875.0 2.4348 0.6042 2.4348 2.6199 1.3358
7760 3880.0 2.3323 2.2883 2.3323 2.4800 1.3883
7770 3885.0 2.2988 5.1194 2.2988 2.3351 1.4680
7780 3890.0 2.3193 3.2601 2.3193 2.3799 1.3933
7790 3895.0 2.4598 1.7872 2.4598 2.5124 1.3212
7800 3900.0 2.5150 6.6085 2.5150 2.5064 1.3611
7810 3905.0 2.3558 0.9759 2.3558 2.3804 1.4059
7820 3910.0 2.2205 16.1088 2.2205 2.3968 1.3885
7830 3915.0 2.2483 11.5105 2.2483 2.5310 1.3729
7840 3920.0 2.4699 2.4423 2.4699 2.6604 1.4502
7850 3925.0 2.4790 3.1225 2.4790 2.9143 1.3121
7860 3930.0 2.4030 0.0044 2.4030 3.0564 1.3470
7870 3935.0 2.3823 0.1559 2.3823 3.0794 1.5032
7880 3940.0 2.3631 0.6805 2.3631 3.0702 1.4310
7890 3945.0 2.3996 0.0001 2.3996 2.9970 1.3055
7900 3950.0 2.5064 5.6559 2.5064 2.7803 1.4095
7910 3955.0 2.4026 0.0033 2.4026 2.6094 1.3932
7920 3960.0 2.2650 9.1060 2.2650 2.4493 1.3789
7930 3965.0 2.2325 14.0236 2.2325 2.2445 1.5185
7940 3970.0 2.3691 0.4781 2.3691 2.3468 1.4558
7950 3975.0 2.5090 5.9452 2.5090 2.6089 1.2755
7960 3980.0 2.5099 6.0443 2.5099 2.5328 1.3592
7970 3985.0 2.3511 1.1962 2.3511 2.3428 1.4752
7980 3990.0 2.1983 20.3352 2.1983 2.3563 1.4042
7990 3995.0 2.3042 4.5925 2.3042 2.4730 1.3209
8000 4000.0 2.4751 2.8209 2.4751 2.5033 1.4298
8010 4005.0 2.4275 0.3791 2.4275 2.6347 1.4010
8020 4010.0 2.2885 6.2190 2.2885 2.7810 1.3271
8030 4015.0 2.4148 0.1099 2.4148 2.8124 1.4585
8040 4020.0 2.4051 0.0129 2.4051 2.9398 1.3633
8050 4025.0 2.4247 0.3048 2.4247 3.0377 1.3222
8060 4030.0 2.4784 3.0701 2.4784 3.0081 1.4319
8070 4035.0 2.3345 2.1470 2.3345 2.9774 1.3282
8080 4040.0 2.3009 4.9110 2.3009 2.8336 1.3848
8090 4045.0 2.4217 0.2357 2.4217 2.7095 1.4467
8100 4050.0 2.3819 0.1647 2.3819 2.7056 1.2913
8110 4055.0 2.4003 0.0000 2.4003 2.4788 1.4080
8120 4060.0 2.3420 1.6832 2.3420 2.3591 1.4523
8130 4065.0 2.2625 9.4574 2.2625 2.4093 1.3316
8140 4070.0 2.4397 0.7895 2.4397 2.3537 1.3742
8150 4075.0 2.4956 4.5727 2.4956 2.3123 1.3773
8160 4080.0 2.3398 1.8109 2.3398 2.3246 1.2942
8170 4085.0 2.2642 9.2141 2.2642 2.1348 1.4422
8180 4090.0 2.3314 2.3501 2.3314 2.1693 1.3728
8190 4095.0 2.4806 3.2462 2.4806 2.2085 1.2982
8200 4100.0 2.4766 2.9372 2.4766 2.1045 1.4066
8210 4105.0 2.2779 7.4569 2.2779 2.2005 1.3588
8220 4110.0 2.2440 12.1606 2.2440 2.3451 1.3660
8230 4115.0 2.3865 0.0913 2.3865 2.4260 1.4528
8240 4120.0 2.4381 0.7239 2.4381 2.5604 1.4099
8250 4125.0 2.3834 0.1370 2.3834 2.7645 1.3131
8260 4130.0 2.4419 0.8769 2.4419 2.8590 1.4366
8270 4135.0 2.3978 0.0024 2.3978 2.9594 1.3674
8280 4140.0 2.3814 0.1722 2.3814 3.0249 1.3263
8290 4145.0 2.4428 0.9176 2.4428 2.9997 1.4708
8300 4150.0 2.3619 0.7242 2.3619 2.9783 1.3567
8310 4155.0 2.3773 0.2583 2.3773 2.8915 1.3206
8320 4160.0 2.4617 1.9022 2.4617 2.7718 1.4550
8330 4165.0 2.3787 0.2261 2.3787 2.7452 1.3458
8340 4170.0 2.3083 4.2065 2.3083 2.6769 1.3419
8350 4175.0 2.3730 0.3634 2.3730 2.5267 1.4957
8360 4180.0 2.4027 0.0035 2.4027 2.4936 1.4374
8370 4185.0 2.3544 1.0401 2.3544 2.5695 1.2741
8380 4190.0 2.3759 0.2901 2.3759 2.5089 1.4437
8390 4195.0 2.3582 0.8732 2.3582 2.4892 1.4899
8400 4200.0 2.3056 4.4596 2.3056 2.6170 1.3124
8410 4205.0 2.3916 0.0357 2.3916 2.7066 1.3744
8420 4210.0 2.4147 0.1086 2.4147 2.8291 1.4588
8430 4215.0 2.3086 4.1799 2.3086 2.9691 1.3558
8440 4220.0 2.3570 0.9234 2.3570 2.9758 1.3675
8450 4225.0 2.4653 2.1341 2.4653 2.9067 1.4276
8460 4230.0 2.3733 0.3575 2.3733 2.8692 1.2961
8470 4235.0 2.3951 0.0122 2.3951 2.8058 1.4203
8480 4240.0 2.4010 0.0005 2.4010 2.7815 1.4622
8490 4245.0 2.3337 2.1977 2.3337 2.8022 1.3263
8500 4250.0 2.4397 0.7876 2.4397 2.8069 1.3820
8510 4255.0 2.4713 2.5437 2.4713 2.8693 1.3827
8520 4260.0 2.3638 0.6557 2.3638 2.9009 1.3406
8530 4265.0 2.3387 1.8774 2.3387 2.9140 1.4429
8540 4270.0 2.3551 1.0084 2.3551 2.8696 1.4817
8550 4275.0 2.3520 1.1516 2.3520 2.9464 1.3900
8560 4280.0 2.4201 0.2030 2.4201 2.9518 1.3767
8570 4285.0 2.4439 0.9640 2.4439 2.9555 1.4093
8580 4290.0 2.3193 3.2543 2.3193 3.0056 1.3631
8590 4295.0 2.3078 4.2519 2.3078 3.0138 1.4134
8600 4300.0 2.3793 0.2153 2.3793 3.0344 1.4090
8610 4305.0 2.4069 0.0239 2.4069 3.1015 1.3231
8620 4310.0 2.4090 0.0408 2.4090 3.0545 1.3782
8630 4315.0 2.3463 1.4395 2.3463 3.0840 1.3906
8640 4320.0 2.3040 4.6046 2.3040 3.1501 1.3501
8650 4325.0 2.3802 0.1956 2.3802 3.0893 1.3932
8660 4330.0 2.4186 0.1738 2.4186 3.0447 1.3591
8670 4335.0 2.4324 0.5255 2.4324 3.0331 1.3424
8680 4340.0 2.4011 0.0006 2.4011 3.0082 1.3776
8690 4345.0 2.3622 0.7138 2.3622 2.9469 1.4096
8700 4350.0 2.3102 4.0340 2.3102 2.9314 1.4103
8710 4355.0 2.3633 0.6724 2.3633 2.9380 1.3640
8720 4360.0 2.4751 2.8186 2.4751 2.9073 1.3535
8730 4365.0 2.5189 7.0642 2.5189 2.9376 1.2940
8740 4370.0 2.4932 4.3411 2.4932 2.8654 1.3277
8750 4375.0 2.4206 0.2127 2.4206 2.7723 1.4089
8760 4380.0 2.3189 3.2889 2.3189 2.7768 1.4165
8770 4385.0 2.3458 1.4705 2.3458 2.8044 1.3910
8780 4390.0 2.4989 4.8899 2.4989 2.7903 1.4246
8790 4395.0 2.4576 1.6584 2.4576 2.8621 1.3111
8800 4400.0 2.4244 0.2966 2.4244 2.7630 1.3291
8810 4405.0 2.4358 0.6406 2.4358 2.5875 1.4674
8820 4410.0 2.3320 2.3096 2.3320 2.5776 1.3805
8830 4415.0 2.3663 0.5689 2.3663 2.4858 1.3567
8840 4420.0 2.4682 2.3269 2.4682 2.3373 1.4442
8850 4425.0 2.3637 0.6589 2.3637 2.4122 1.3184
8860 4430.0 2.3773 0.2570 2.3773 2.3904 1.3551
8870 4435.0 2.4594 1.7654 2.4594 2.3398 1.4461
8880 4440.0 2.3928 0.0259 2.3928 2.4743 1.3002
8890 4445.0 2.4142 0.1012 2.4142 2.4535 1.3276
8900 4450.0 2.4382 0.7298 2.4382 2.3254 1.4563
8910 4455.0 2.3041 4.5962 2.3041 2.3712 1.3391
8920 4460.0 2.3635 0.6644 2.3635 2.3479 1.3358
8930 4465.0 2.4787 3.0956 2.4787 2.2939 1.4199
8940 4470.0 2.3386 1.8843 2.3386 2.3869 1.2968
8950 4475.0 2.3175 3.4056 2.3175 2.2490 1.4147
8960 4480.0 2.3797 0.2061 2.3797 2.1937 1.4575
8970 4485.0 2.3525 1.1263 2.3525 2.3479 1.2898
8980 4490.0 2.4182 0.1659 2.4182 2.2994 1.4106
8990 4495.0 2.3722 0.3851 2.3722 2.3064 1.4236
9000 4500.0 2.3394 1.8358 2.3394 2.4309 1.2825
9010 4505.0 2.4397 0.7876 2.4397 2.3368 1.4195
9020 4510.0 2.3591 0.8364 2.3591 2.3074 1.3899
9030 4515.0 2.2802 7.1710 2.2802 2.3102 1.3373
9040 4520.0 2.3193 3.2574 2.3193 2.2285 1.4606
9050 4525.0 2.3479 1.3577 2.3479 2.3287 1.4509
9060 4530.0 2.3871 0.0836 2.3871 2.5526 1.3323
9070 4535.0 2.4809 3.2718 2.4809 2.6643 1.3583
9080 4540.0 2.4414 0.8567 2.4414 2.6893 1.4034
9090 4545.0 2.3228 2.9772 2.3228 2.7376 1.3580
9100 4550.0 2.3877 0.0760 2.3877 2.7245 1.4194
9110 4555.0 2.4554 1.5342 2.4554 2.7835 1.4006
9120 4560.0 2.4283 0.4004 2.4283 2.9082 1.2817
9130 4565.0 2.4731 2.6743 2.4731 2.8400 1.4121
9140 4570.0 2.3609 0.7632 2.3609 2.8198 1.3792
9150 4575.0 2.2939 5.6285 2.2939 2.8491 1.3242
9160 4580.0 2.4115 0.0664 2.4115 2.8144 1.4426
9170 4585.0 2.4511 1.3060 2.4511 2.7934 1.3909
9180 4590.0 2.4024 0.0028 2.4024 2.7796 1.2793
9190 4595.0 2.4355 0.6296 2.4355 2.5820 1.3899
9200 4600.0 2.3995 0.0002 2.3995 2.4389 1.3943
9210 4605.0 2.3995 0.0001 2.3995 2.4412 1.2961
9220 4610.0 2.4788 3.1076 2.4788 2.3684 1.3235
9230 4615.0 2.4754 2.8435 2.4754 2.2905 1.3111
9240 4620.0 2.3980 0.0021 2.3980 2.1604 1.3258
9250 4625.0 2.3888 0.0622 2.3888 2.0931 1.3680
9260 4630.0 2.3955 0.0100 2.3955 2.1685 1.3133
9270 4635.0 2.4490 1.2029 2.4490 2.2744 1.3304
9280 4640.0 2.4260 0.3381 2.4260 2.4137 1.3658
9290 4645.0 2.3164 3.4947 2.3164 2.6182 1.4382
9300 4650.0 2.2897 6.0815 2.2897 2.7084 1.5049
9310 4655.0 2.4106 0.0563 2.4106 2.7678 1.4814
9320 4660.0 2.5104 6.0960 2.5104 2.7985 1.2887
9330 4665.0 2.6268 25.7153 2.6268 2.8933 1.3156
9340 4670.0 2.4775 3.0061 2.4775 3.1115 1.3158
9350 4675.0 2.2871 6.3713 2.2871 3.1180 1.3540
9360 4680.0 2.4503 1.2671 2.4503 3.0214 1.5259
9370 4685.0 2.4725 2.6258 2.4725 3.0186 1.4064
9380 4690.0 2.4650 2.1120 2.4650 3.0233 1.2440
9390 4695.0 2.5891 17.8805 2.5891 2.9074 1.4430
9400 4700.0 2.3651 0.6099 2.3651 2.8467 1.3606
9410 4705.0 2.2765 7.6265 2.2765 2.7912 1.3795
9420 4710.0 2.4867 3.7594 2.4867 2.6851 1.5042
9430 4715.0 2.4820 3.3586 2.4820 2.7120 1.3597
9440 4720.0 2.4589 1.7355 2.4589 2.7105 1.2918
9450 4725.0 2.5269 8.0576 2.5269 2.6189 1.4781
9460 4730.0 2.3491 1.2966 2.3491 2.6818 1.3955
9470 4735.0 2.3054 4.4758 2.3054 2.7206 1.3319
9480 4740.0 2.5023 5.2356 2.5023 2.6530 1.3962
9490 4745.0 2.5269 8.0456 2.5269 2.6154 1.3787
9500 4750.0 2.3364 2.0200 2.3364 2.6170 1.2875
9510 4755.0 2.3603 0.7900 2.3603 2.4077 1.4673
9520 4760.0 2.4157 0.1233 2.4157 2.2774 1.4461
9530 4765.0 2.3859 0.1001 2.3859 2.3123 1.2548
9540 4770.0 2.4305 0.4641 2.4305 2.1243 1.4010
9550 4775.0 2.2739 7.9516 2.2739 2.1790 1.3730
9560 4780.0 2.2218 15.8794 2.2218 2.2215 1.3464
9570 4785.0 2.3908 0.0424 2.3908 2.1177 1.4011
9580 4790.0 2.4393 0.7738 2.4393 2.2359 1.3067
9590 4795.0 2.4131 0.0856 2.4131 2.3099 1.3540
9600 4800.0 2.3699 0.4531 2.3699 2.3850 1.4324
9610 4805.0 2.3193 3.2560 2.3193 2.5656 1.3191
9620 4810.0 2.4479 1.1459 2.4479 2.5761 1.3483
9630 4815.0 2.5059 5.6067 2.5059 2.5251 1.3608
9640 4820.0 2.3756 0.2979 2.3756 2.5057 1.2822
9650 4825.0 2.3796 0.2080 2.3796 2.3313 1.4379
9660 4830.0 2.3334 2.2194 2.3334 2.3326 1.3875
9670 4835.0 2.3768 0.2683 2.3768 2.3588 1.3228
9680 4840.0 2.4805 3.2421 2.4805 2.3217 1.3791
9690 4845.0 2.4322 0.5200 2.4322 2.4302 1.2712
9700 4850.0 2.4644 2.0743 2.4644 2.3430 1.3501
9710 4855.0 2.4265 0.3514 2.4265 2.2867 1.4001
9720 4860.0 2.2654 9.0597 2.2654 2.3965 1.3159
9730 4865.0 2.3813 0.1751 2.3813 2.3318 1.4322
9740 4870.0 2.4782 3.0604 2.4782 2.4100 1.3934
9750 4875.0 2.4594 1.7627 2.4594 2.5588 1.2821
9760 4880.0 2.4735 2.7028 2.4735 2.5090 1.4267
9770 4885.0 2.3701 0.4469 2.3701 2.5642 1.4118
9780 4890.0 2.3266 2.6942 2.3266 2.6026 1.3276
9790 4895.0 2.4733 2.6886 2.4733 2.4909 1.4237
9800 4900.0 2.4296 0.4385 2.4296 2.5127 1.3820
9810 4905.0 2.3595 0.8212 2.3595 2.5515 1.3228
9820 4910.0 2.3989 0.0006 2.3989 2.4282 1.4511
9830 4915.0 2.3327 2.2620 2.3327 2.4803 1.4049
9840 4920.0 2.3212 3.1025 2.3212 2.5371 1.3304
9850 4925.0 2.4394 0.7778 2.4394 2.4401 1.4139
9860 4930.0 2.4138 0.0950 2.4138 2.4530 1.3977
9870 4935.0 2.3046 4.5498 2.3046 2.5303 1.3148
9880 4940.0 2.3461 1.4499 2.3461 2.4103 1.4333
9890 4945.0 2.3849 0.1136 2.3849 2.4236 1.4136
9900 4950.0 2.3831 0.1421 2.3831 2.5475 1.2862
9910 4955.0 2.4942 4.4343 2.4942 2.4677 1.4248
9920 4960.0 2.3930 0.0247 2.3930 2.5670 1.3286
9930 4965.0 2.3551 1.0102 2.3551 2.5397 1.3512
9940 4970.0 2.4184 0.1690 2.4184 2.3896 1.4640
9950 4975.0 2.3252 2.7963 2.3252 2.4645 1.2979
9960 4980.0 2.3971 0.0042 2.3971 2.3314 1.3886
9970 4985.0 2.4400 0.7993 2.4400 2.2558 1.4290
9980 4990.0 2.3394 1.8335 2.3394 2.3922 1.2638
9990 4995.0 2.4470 1.1061 2.4470 2.2506 1.4293
10000 5000.0 2.4207 0.2151 2.4207 2.3291 1.3843
10010 5005.0 2.3230 2.9618 2.3230 2.4513 1.3113
10020 5010.0 2.3928 0.0259 2.3928 2.3790 1.4868
10030 5015.0 2.3977 0.0027 2.3977 2.4985 1.4200
10040 5020.0 2.3823 0.1571 2.3823 2.6922 1.2732
10050 5025.0 2.4641 2.0550 2.4641 2.6479 1.4811
10060 5030.0 2.3542 1.0502 2.3542 2.7298 1.4596
10070 5035.0 2.2652 9.0848 2.2652 2.8320 1.2951
10080 5040.0 2.4450 1.0136 2.4450 2.6651 1.4245
10090 5045.0 2.4459 1.0552 2.4459 2.5629 1.4163
10100 5050.0 2.2961 5.3966 2.2961 2.5875 1.2967
10110 5055.0 2.3745 0.3245 2.3745 2.3740 1.4727
10120 5060.0 2.3854 0.1064 2.3854 2.3704 1.4072
10130 5065.0 2.3613 0.7470 2.3613 2.4354 1.2823
10140 5070.0 2.4411 0.8465 2.4411 2.2457 1.4491
10150 5075.0 2.3234 2.9360 2.3234 2.3532 1.3234
10160 5080.0 2.3511 1.1959 2.3511 2.3101 1.3594
10170 5085.0 2.4489 1.1961 2.4489 2.2311 1.4385
10180 5090.0 2.3621 0.7185 2.3621 2.3958 1.2524
10190 5095.0 2.4781 3.0476 2.4781 2.3023 1.4313
10200 5100.0 2.3711 0.4170 2.3711 2.4128 1.3583
10210 5105.0 2.3315 2.3441 2.3315 2.4937 1.3341
10220 5110.0 2.4562 1.5773 2.4562 2.3858 1.4544
10230 5115.0 2.4037 0.0070 2.4037 2.4586 1.3091
10240 5120.0 2.4219 0.2395 2.4219 2.4420 1.3400
10250 5125.0 2.4344 0.5933 2.4344 2.4276 1.4510
10260 5130.0 2.3391 1.8526 2.3391 2.5633 1.3446
10270 5135.0 2.4136 0.0918 2.4136 2.6220 1.3413
10280 5140.0 2.5150 6.6078 2.5150 2.6561 1.3908
10290 5145.0 2.4124 0.0773 2.4124 2.7374 1.3016
10300 5150.0 2.3950 0.0127 2.3950 2.7309 1.3549
10310 5155.0 2.4733 2.6866 2.4733 2.6556 1.4505
10320 5160.0 2.3917 0.0345 2.3917 2.6891 1.3117
10330 5165.0 2.4485 1.1762 2.4485 2.6080 1.3449
10340 5170.0 2.4709 2.5157 2.4709 2.5218 1.3971
10350 5175.0 2.3658 0.5836 2.3658 2.5099 1.3817
10360 5180.0 2.3335 2.2128 2.3335 2.5366 1.3846
10370 5185.0 2.4290 0.4208 2.4290 2.5932 1.3972
10380 5190.0 2.4900 4.0504 2.4900 2.7356 1.3136
10390 5195.0 2.4669 2.2411 2.4669 2.8196 1.3307
10400 5200.0 2.4037 0.0068 2.4037 2.8268 1.4221
10410 5205.0 2.3520 1.1529 2.3520 2.8608 1.3966
10420 5210.0 2.4558 1.5571 2.4558 2.8436 1.4012
10430 5215.0 2.4818 3.3495 2.4818 2.8023 1.3533
10440 5220.0 2.4099 0.0490 2.4099 2.7131 1.3071
10450 5225.0 2.4026 0.0034 2.4026 2.4866 1.4496
10460 5230.0 2.3307 2.4006 2.3307 2.4480 1.3691
10470 5235.0 2.3641 0.6434 2.3641 2.4059 1.3046
10480 5240.0 2.4449 1.0075 2.4449 2.2329 1.4354
10490 5245.0 2.3291 2.5153 2.3291 2.2759 1.3780
10500 5250.0 2.2660 8.9825 2.2660 2.3072 1.3681
10510 5255.0 2.3892 0.0583 2.3892 2.2633 1.4337
10520 5260.0 2.4213 0.2272 2.4213 2.4270 1.3204
10530 5265.0 2.4161 0.1301 2.4161 2.4693 1.3575
10540 5270.0 2.3584 0.8668 2.3584 2.4728 1.4316
10550 5275.0 2.2932 5.7011 2.2932 2.5999 1.3402
10560 5280.0 2.4281 0.3937 2.4281 2.6003 1.3555
10570 5285.0 2.5103 6.0855 2.5103 2.5717 1.3924
10580 5290.0 2.3483 1.3369 2.3483 2.5818 1.2944
10590 5295.0 2.3461 1.4524 2.3461 2.3734 1.4404
10600 5300.0 2.3611 0.7574 2.3611 2.2852 1.4430
10610 5305.0 2.3342 2.1681 2.3342 2.3741 1.2774
10620 5310.0 2.4796 3.1681 2.4796 2.2309 1.3979
10630 5315.0 2.4096 0.0465 2.4096 2.2463 1.3448
10640 5320.0 2.2783 7.4061 2.2783 2.2594 1.3097
10650 5325.0 2.3341 2.1688 2.3341 2.1200 1.4485
10660 5330.0 2.3798 0.2038 2.3798 2.2163 1.3377
10670 5335.0 2.4264 0.3476 2.4264 2.2283 1.3323
10680 5340.0 2.4152 0.1149 2.4152 2.1764 1.4116
10690 5345.0 2.2668 8.8722 2.2668 2.3309 1.3142
10700 5350.0 2.3034 4.6654 2.3034 2.2874 1.3857
10710 5355.0 2.4497 1.2346 2.4497 2.2508 1.4414
10720 5360.0 2.4301 0.4519 2.4301 2.3952 1.2925
10730 5365.0 2.3338 2.1881 2.3338 2.3108 1.4260
10740 5370.0 2.3313 2.3596 2.3313 2.2813 1.4681
10750 5375.0 2.4193 0.1858 2.4193 2.4272 1.2936
10760 5380.0 2.4504 1.2700 2.4504 2.3760 1.3720
10770 5385.0 2.3452 1.5026 2.3452 2.3237 1.4707
10780 5390.0 2.2995 5.0481 2.2995 2.4465 1.3573
10790 5395.0 2.4010 0.0005 2.4010 2.4771 1.3545
10800 5400.0 2.4096 0.0456 2.4096 2.4902 1.4574
10810 5405.0 2.3247 2.8381 2.3247 2.5510 1.3899
10820 5410.0 2.3384 1.8995 2.3384 2.5385 1.4090
10830 5415.0 2.4189 0.1794 2.4189 2.5438 1.4392
10840 5420.0 2.4060 0.0182 2.4060 2.6674 1.3401
10850 5425.0 2.3891 0.0592 2.3891 2.6877 1.3643
10860 5430.0 2.3809 0.1816 2.3809 2.6487 1.4490
10870 5435.0 2.3300 2.4529 2.3300 2.7188 1.3711
10880 5440.0 2.3550 1.0139 2.3550 2.6929 1.3207
10890 5445.0 2.4221 0.2451 2.4221 2.5912 1.4182
10900 5450.0 2.3548 1.0195 2.3548 2.5799 1.4004
10910 5455.0 2.2698 8.4789 2.2698 2.6700 1.3252
10920 5460.0 2.3433 1.6055 2.3433 2.6719 1.3890
10930 5465.0 2.4083 0.0341 2.4083 2.7314 1.4246
10940 5470.0 2.3485 1.3272 2.3485 2.8345 1.3240
10950 5475.0 2.3533 1.0899 2.3533 2.7810 1.3836
10960 5480.0 2.4194 0.1872 2.4194 2.7386 1.4543
10970 5485.0 2.3635 0.6679 2.3635 2.8089 1.3858
10980 5490.0 2.3289 2.5311 2.3289 2.8408 1.3350
10990 5495.0 2.4240 0.2879 2.4240 2.7517 1.4047
11000 5500.0 2.4373 0.6971 2.4373 2.7170 1.3957
11010 5505.0 2.3693 0.4699 2.3693 2.6834 1.3565
11020 5510.0 2.3707 0.4295 2.3707 2.5870 1.3920
11030 5515.0 2.3674 0.5309 2.3674 2.4791 1.4620
11040 5520.0 2.3226 2.9978 2.3226 2.5455 1.3821
11050 5525.0 2.3726 0.3757 2.3726 2.5969 1.3365
11060 5530.0 2.4710 2.5222 2.4710 2.5683 1.4002
11070 5535.0 2.3783 0.2354 2.3783 2.5809 1.3783
11080 5540.0 2.2904 6.0100 2.2904 2.5968 1.3653
11090 5545.0 2.3755 0.2999 2.3755 2.5424 1.4279
11100 5550.0 2.3735 0.3502 2.3735 2.6105 1.4194
11110 5555.0 2.3176 3.3961 2.3176 2.7036 1.3801
11120 5560.0 2.4110 0.0608 2.4110 2.7050 1.4302
11130 5565.0 2.4595 1.7730 2.4595 2.7194 1.4206
11140 5570.0 2.3955 0.0103 2.3955 2.7317 1.3771
11150 5575.0 2.3725 0.3779 2.3725 2.6066 1.4540
11160 5580.0 2.3446 1.5344 2.3446 2.5849 1.4426
11170 5585.0 2.3297 2.4740 2.3297 2.5456 1.3699
11180 5590.0 2.4168 0.1413 2.4168 2.4348 1.3799
11190 5595.0 2.4640 2.0501 2.4640 2.4303 1.3794
11200 5600.0 2.3726 0.3746 2.3726 2.5183 1.3571
11210 5605.0 2.3117 3.8980 2.3117 2.5300 1.3938
11220 5610.0 2.3137 3.7222 2.3137 2.5016 1.4111
11230 5615.0 2.3507 1.2155 2.3507 2.4941 1.3875
11240 5620.0 2.4295 0.4343 2.4295 2.5027 1.3711
11250 5625.0 2.4473 1.1172 2.4473 2.4954 1.3816
11260 5630.0 2.3655 0.5963 2.3655 2.5319 1.3564
11270 5635.0 2.3704 0.4389 2.3704 2.4831 1.4134
11280 5640.0 2.3803 0.1936 2.3803 2.4859 1.4314
11290 5645.0 2.3731 0.3624 2.3731 2.5487 1.3665
11300 5650.0 2.3933 0.0226 2.3933 2.5291 1.3923
11310 5655.0 2.3443 1.5492 2.3443 2.4498 1.4850
11320 5660.0 2.2962 5.3914 2.2962 2.4382 1.5284
11330 5665.0 2.4097 0.0468 2.4097 2.4260 1.5634
11340 5670.0 2.4346 0.5973 2.4346 2.5545 1.4477
11350 5675.0 2.3965 0.0063 2.3965 2.6617 1.2945
11360 5680.0 2.4589 1.7361 2.4589 2.6362 1.3898
11370 5685.0 2.4014 0.0009 2.4014 2.5262 1.4656
11380 5690.0 2.2832 6.8154 2.2832 2.6131 1.3667
11390 5695.0 2.3837 0.1334 2.3837 2.5376 1.4398
11400 5700.0 2.4747 2.7901 2.4747 2.5720 1.4192
11410 5705.0 2.4335 0.5596 2.4335 2.7187 1.2678
11420 5710.0 2.5063 5.6551 2.5063 2.6209 1.3838
11430 5715.0 2.4416 0.8636 2.4416 2.5870 1.4053
11440 5720.0 2.3254 2.7818 2.3254 2.6388 1.3568
11450 5725.0 2.3979 0.0022 2.3979 2.6048 1.4180
11460 5730.0 2.4589 1.7365 2.4589 2.6532 1.3995
11470 5735.0 2.3895 0.0550 2.3895 2.7872 1.2802
11480 5740.0 2.4724 2.6175 2.4724 2.6948 1.4295
11490 5745.0 2.3936 0.0202 2.3936 2.7187 1.4097
11500 5750.0 2.3419 1.6881 2.3419 2.7601 1.3403
11510 5755.0 2.4565 1.5934 2.4565 2.6075 1.4404
11520 5760.0 2.4209 0.2180 2.4209 2.6249 1.3527
11530 5765.0 2.3426 1.6484 2.3426 2.5378 1.4044
11540 5770.0 2.3414 1.7153 2.3414 2.4316 1.4813
11550 5775.0 2.3989 0.0006 2.3989 2.4610 1.3913
11560 5780.0 2.4299 0.4464 2.4299 2.5093 1.3072
11570 5785.0 2.4302 0.4570 2.4302 2.3728 1.4227
11580 5790.0 2.3619 0.7253 2.3619 2.4114 1.3712
11590 5795.0 2.3314 2.3541 2.3314 2.4413 1.3167
11600 5800.0 2.4004 0.0001 2.4004 2.3265 1.4236
11610 5805.0 2.3769 0.2672 2.3769 2.3678 1.3763
11620 5810.0 2.3437 1.5836 2.3437 2.4126 1.3342
11630 5815.0 2.3938 0.0190 2.3938 2.3126 1.4469
11640 5820.0 2.4040 0.0079 2.4040 2.3865 1.3945
11650 5825.0 2.3929 0.0255 2.3929 2.4735 1.3396
11660 5830.0 2.4174 0.1515 2.4174 2.4254 1.4163
11670 5835.0 2.3535 1.0811 2.3535 2.4292 1.3778
11680 5840.0 2.3878 0.0743 2.3878 2.4201 1.3467
11690 5845.0 2.4493 1.2138 2.4493 2.3551 1.4027
11700 5850.0 2.3588 0.8470 2.3588 2.3917 1.3573
11710 5855.0 2.2942 5.5940 2.2942 2.4282 1.3792
11720 5860.0 2.3281 2.5858 2.3281 2.3703 1.5146
11730 5865.0 2.3673 0.5344 2.3673 2.4406 1.4542
11740 5870.0 2.3919 0.0330 2.3919 2.5155 1.3203
11750 5875.0 2.4313 0.4903 2.4313 2.4086 1.3812
11760 5880.0 2.4524 1.3711 2.4524 2.2668 1.4937
11770 5885.0 2.3307 2.4036 2.3307 2.3700 1.3638
11780 5890.0 2.3265 2.7039 2.3265 2.3541 1.3529
11790 5895.0 2.4382 0.7303 2.4382 2.1685 1.5119
11800 5900.0 2.3279 2.6014 2.3279 2.3009 1.3774
11810 5905.0 2.3298 2.4634 2.3298 2.3476 1.3206
11820 5910.0 2.4790 3.1166 2.4790 2.2765 1.4057
11830 5915.0 2.4071 0.0249 2.4071 2.3736 1.2831
11840 5920.0 2.3801 0.1984 2.3801 2.2954 1.3903
11850 5925.0 2.3615 0.7429 2.3615 2.2998 1.3952
11860 5930.0 2.3823 0.1559 2.3823 2.3457 1.2884
11870 5935.0 2.5077 5.7962 2.5077 2.3291 1.4028
11880 5940.0 2.3857 0.1019 2.3857 2.3772 1.3276
11890 5945.0 2.3459 1.4619 2.3459 2.3620 1.3458
11900 5950.0 2.4251 0.3149 2.4251 2.2550 1.4491
11910 5955.0 2.4108 0.0584 2.4108 2.3658 1.3214
11920 5960.0 2.4378 0.7157 2.4378 2.3329 1.3492
11930 5965.0 2.4427 0.9119 2.4427 2.2480 1.4571
11940 5970.0 2.3157 3.5506 2.3157 2.3094 1.4451
11950 5975.0 2.2931 5.7117 2.2931 2.3488 1.4443
11960 5980.0 2.3921 0.0315 2.3921 2.3273 1.4659
11970 5985.0 2.3842 0.1241 2.3842 2.4092 1.4041
11980 5990.0 2.3617 0.7326 2.3617 2.4942 1.3459
11990 5995.0 2.4037 0.0070 2.4037 2.4261 1.4283
12000 6000.0 2.3734 0.3551 2.3734 2.4204 1.4611
12010 6005.0 2.3437 1.5873 2.3437 2.4777 1.4203
12020 6010.0 2.4038 0.0073 2.4038 2.5309 1.3764
12030 6015.0 2.4709 2.5125 2.4709 2.5584 1.3795
12040 6020.0 2.4238 0.2822 2.4238 2.5740 1.3791
12050 6025.0 2.3563 0.9570 2.3563 2.5608 1.3881
12060 6030.0 2.3514 1.1806 2.3514 2.5763 1.3828
12070 6035.0 2.3959 0.0085 2.3959 2.5795 1.3845
12080 6040.0 2.3978 0.0025 2.3978 2.5798 1.3545
12090 6045.0 2.3753 0.3047 2.3753 2.5689 1.3518
12100 6050.0 2.3840 0.1277 2.3840 2.5415 1.3667
12110 6055.0 2.4063 0.0196 2.4063 2.5330 1.3549
12120 6060.0 2.4083 0.0347 2.4083 2.5177 1.3400
12130 6065.0 2.3946 0.0146 2.3946 2.5179 1.3571
12140 6070.0 2.4188 0.1761 2.4188 2.4352 1.3774
12150 6075.0 2.4243 0.2943 2.4243 2.3584 1.3487
12160 6080.0 2.4022 0.0023 2.4022 2.3575 1.3191
12170 6085.0 2.3966 0.0058 2.3966 2.3972 1.3548
12180 6090.0 2.4069 0.0239 2.4069 2.4306 1.4119
12190 6095.0 2.3880 0.0726 2.3880 2.3324 1.3857
12200 6100.0 2.3725 0.3787 2.3725 2.2819 1.3208
12210 6105.0 2.3769 0.2664 2.3769 2.1721 1.3728
12220 6110.0 2.3399 1.8035 2.3399 2.1167 1.4028
12230 6115.0 2.3074 4.2890 2.3074 2.1432 1.3489
12240 6120.0 2.4262 0.3421 2.4262 2.0924 1.3677
12250 6125.0 2.5165 6.7818 2.5165 2.1448 1.3126
12260 6130.0 2.4895 4.0058 2.4895 2.1472 1.3353
12270 6135.0 2.3534 1.0846 2.3534 2.1477 1.3837
12280 6140.0 2.2808 7.1010 2.2808 2.2087 1.3712
12290 6145.0 2.4017 0.0015 2.4017 2.1979 1.3945
12300 6150.0 2.4506 1.2790 2.4506 2.2957 1.3417
12310 6155.0 2.4115 0.0662 2.4115 2.3943 1.3165
12320 6160.0 2.3815 0.1720 2.3815 2.3910 1.4140
12330 6165.0 2.3398 1.8121 2.3398 2.5036 1.3672
12340 6170.0 2.4335 0.5621 2.4335 2.5870 1.3093
12350 6175.0 2.5145 6.5497 2.5145 2.5918 1.3144
12360 6180.0 2.4508 1.2882 2.4508 2.5536 1.3323
12370 6185.0 2.3337 2.1955 2.3337 2.4770 1.3893
12380 6190.0 2.2880 6.2775 2.2880 2.4543 1.4244
12390 6195.0 2.3781 0.2399 2.3781 2.4773 1.3810
12400 6200.0 2.5133 6.4192 2.5133 2.5558 1.3007
12410 6205.0 2.5805 16.2835 2.5805 2.5507 1.3038
12420 6210.0 2.4604 1.8222 2.4604 2.4712 1.3200
12430 6215.0 2.3530 1.1036 2.3530 2.3527 1.4296
12440 6220.0 2.2787 7.3535 2.2787 2.3735 1.4100
12450 6225.0 2.3376 1.9446 2.3376 2.4059 1.3459
12460 6230.0 2.5029 5.2919 2.5029 2.3466 1.3850
12470 6235.0 2.5023 5.2332 2.5023 2.3794 1.3446
12480 6240.0 2.3834 0.1380 2.3834 2.4058 1.3281
12490 6245.0 2.3439 1.5764 2.3439 2.3274 1.4672
12500 6250.0 2.3621 0.7170 2.3621 2.2896 1.5419
12510 6255.0 2.3241 2.8791 2.3241 2.3726 1.4874
12520 6260.0 2.3122 3.8559 2.3122 2.5184 1.3322
12530 6265.0 2.4657 2.1604 2.4657 2.4679 1.3804
12540 6270.0 2.4802 3.2143 2.4802 2.4736 1.3827
12550 6275.0 2.3680 0.5109 2.3680 2.5321 1.3321
12560 6280.0 2.3248 2.8292 2.3248 2.4408 1.4352
12570 6285.0 2.3348 2.1228 2.3348 2.3966 1.4609
12580 6290.0 2.3716 0.4035 2.3716 2.4855 1.3320
12590 6295.0 2.4635 2.0142 2.4635 2.4507 1.3638
12600 6300.0 2.4342 0.5855 2.4342 2.4203 1.4018
12610 6305.0 2.2911 5.9307 2.2911 2.4784 1.3755
12620 6310.0 2.3298 2.4628 2.3298 2.4406 1.4370
12630 6315.0 2.4080 0.0321 2.4080 2.4668 1.3821
12640 6320.0 2.4537 1.4437 2.4537 2.4752 1.3306
12650 6325.0 2.4456 1.0392 2.4456 2.3551 1.4042
12660 6330.0 2.3424 1.6603 2.3424 2.2730 1.4836
12670 6335.0 2.2795 7.2621 2.2795 2.2562 1.5418
12680 6340.0 2.2942 5.5969 2.2942 2.2871 1.5274
12690 6345.0 2.3904 0.0461 2.3904 2.3859 1.3954
12700 6350.0 2.4648 2.0974 2.4648 2.4701 1.2781
12710 6355.0 2.4845 3.5721 2.4845 2.3334 1.3952
12720 6360.0 2.3372 1.9732 2.3372 2.2631 1.4627
12730 6365.0 2.2084 18.3491 2.2084 2.3177 1.4290
12740 6370.0 2.3432 1.6103 2.3432 2.2780 1.4539
12750 6375.0 2.4731 2.6693 2.4731 2.3203 1.4258
12760 6380.0 2.4348 0.6061 2.4348 2.4062 1.3608
12770 6385.0 2.3009 4.9102 2.3009 2.4595 1.3485
12780 6390.0 2.3349 2.1199 2.3349 2.3719 1.4330
12790 6395.0 2.4149 0.1107 2.4149 2.3441 1.4309
12800 6400.0 2.3997 0.0000 2.3997 2.3952 1.3323
12810 6405.0 2.3787 0.2268 2.3787 2.3684 1.3462
12820 6410.0 2.4120 0.0718 2.4120 2.2331 1.4820
12830 6415.0 2.3353 2.0959 2.3353 2.2874 1.4226
12840 6420.0 2.3368 1.9956 2.3368 2.2995 1.3776
12850 6425.0 2.4699 2.4428 2.4699 2.2476 1.4187
12860 6430.0 2.4797 3.1754 2.4797 2.2896 1.3628
12870 6435.0 2.4219 0.2393 2.4219 2.2730 1.3509
12880 6440.0 2.3487 1.3140 2.3487 2.2014 1.4257
12890 6445.0 2.2637 9.2854 2.2637 2.2324 1.4132
12900 6450.0 2.3244 2.8591 2.3244 2.2225 1.4090
12910 6455.0 2.4606 1.8337 2.4606 2.2032 1.3917
12920 6460.0 2.4625 1.9506 2.4625 2.2793 1.3084
12930 6465.0 2.4517 1.3363 2.4517 2.1766 1.4328
12940 6470.0 2.3119 3.8801 2.3119 2.2668 1.4004
12950 6475.0 2.3208 3.1370 2.3208 2.3128 1.3688
12960 6480.0 2.4654 2.1415 2.4654 2.2858 1.4128
12970 6485.0 2.4519 1.3446 2.4519 2.3126 1.4103
12980 6490.0 2.3123 3.8470 2.3123 2.3795 1.3723
12990 6495.0 2.3519 1.1544 2.3519 2.2858 1.4603
13000 6500.0 2.4298 0.4442 2.4298 2.2496 1.4456
13010 6505.0 2.3681 0.5083 2.3681 2.3850 1.2825
13020 6510.0 2.3698 0.4572 2.3698 2.2639 1.4125
13030 6515.0 2.3334 2.2153 2.3334 2.2301 1.4868
13040 6520.0 2.3225 3.0059 2.3225 2.3158 1.4194
13050 6525.0 2.4249 0.3111 2.4249 2.3368 1.3978
13060 6530.0 2.4793 3.1403 2.4793 2.3122 1.3936
13070 6535.0 2.3956 0.0095 2.3956 2.2781 1.3892
13080 6540.0 2.3269 2.6703 2.3269 2.2539 1.4056
13090 6545.0 2.3494 1.2795 2.3494 2.2561 1.3931
13100 6550.0 2.4157 0.1232 2.4157 2.3007 1.3602
13110 6555.0 2.4822 3.3767 2.4822 2.2571 1.4137
13120 6560.0 2.4001 0.0000 2.4001 2.3271 1.3500
13130 6565.0 2.3778 0.2455 2.3778 2.2677 1.4090
13140 6570.0 2.3891 0.0599 2.3891 2.2352 1.4309
13150 6575.0 2.3240 2.8861 2.3240 2.3042 1.3606
13160 6580.0 2.3663 0.5691 2.3663 2.2463 1.4663
13170 6585.0 2.4254 0.3223 2.4254 2.3053 1.4959
13180 6590.0 2.3916 0.0355 2.3916 2.5253 1.3820
13190 6595.0 2.3966 0.0057 2.3966 2.7051 1.3193
13200 6600.0 2.4598 1.7909 2.4598 2.7274 1.4282
13210 6605.0 2.3846 0.1182 2.3846 2.7838 1.4338
13220 6610.0 2.3323 2.2945 2.3323 2.8559 1.3657
13230 6615.0 2.4532 1.4168 2.4532 2.7823 1.4280
13240 6620.0 2.4369 0.6810 2.4369 2.7363 1.3960
13250 6625.0 2.3529 1.1093 2.3529 2.7006 1.3737
13260 6630.0 2.3737 0.3457 2.3737 2.5534 1.4588
13270 6635.0 2.3011 4.8860 2.3011 2.4493 1.4452
13280 6640.0 2.2818 6.9900 2.2818 2.4106 1.3420
13290 6645.0 2.4459 1.0535 2.4459 2.3914 1.3604
13300 6650.0 2.4771 2.9685 2.4771 2.4973 1.3828
13310 6655.0 2.3160 3.5276 2.3160 2.6875 1.3534
13320 6660.0 2.3321 2.3067 2.3321 2.6064 1.4119
13330 6665.0 2.4347 0.6020 2.4347 2.5614 1.4240
13340 6670.0 2.4021 0.0023 2.4021 2.5965 1.2922
13350 6675.0 2.4334 0.5578 2.4334 2.4858 1.3778
13360 6680.0 2.3798 0.2030 2.3798 2.4023 1.3864
13370 6685.0 2.2781 7.4343 2.2781 2.3974 1.3301
13380 6690.0 2.3995 0.0001 2.3995 2.2234 1.4619
13390 6695.0 2.4147 0.1076 2.4147 2.2083 1.4375
13400 6700.0 2.3272 2.6493 2.3272 2.3089 1.2996
13410 6705.0 2.3715 0.4049 2.3715 2.1558 1.4421
13420 6710.0 2.3404 1.7775 2.3404 2.1703 1.4454
13430 6715.0 2.2720 8.1870 2.2720 2.2683 1.3598
13440 6720.0 2.3655 0.5938 2.3655 2.2207 1.4301
13450 6725.0 2.4369 0.6821 2.4369 2.1692 1.5160
13460 6730.0 2.3065 4.3679 2.3065 2.3126 1.4419
13470 6735.0 2.2526 10.8619 2.2526 2.4208 1.4027
13480 6740.0 2.4041 0.0083 2.4041 2.3924 1.4500
13490 6745.0 2.4483 1.1659 2.4483 2.4215 1.4277
13500 6750.0 2.3225 3.0011 2.3225 2.5226 1.3364
13510 6755.0 2.2999 5.0093 2.2999 2.4106 1.4788
13520 6760.0 2.3719 0.3939 2.3719 2.2881 1.6169
13530 6765.0 2.3337 2.1969 2.3337 2.3895 1.5325
13540 6770.0 2.3337 2.2002 2.3337 2.5809 1.3367
13550 6775.0 2.4486 1.1826 2.4486 2.5918 1.3605
13560 6780.0 2.4723 2.6147 2.4723 2.5647 1.4179
13570 6785.0 2.3253 2.7880 2.3253 2.7015 1.3203
13580 6790.0 2.2587 9.9791 2.2587 2.6347 1.4579
13590 6795.0 2.2840 6.7334 2.2840 2.6150 1.5150
13600 6800.0 2.3740 0.3389 2.3740 2.7217 1.3998
13610 6805.0 2.4600 1.7998 2.4600 2.7301 1.3012
13620 6810.0 2.5027 5.2743 2.5027 2.7678 1.4067
13630 6815.0 2.2965 5.3533 2.2965 2.7802 1.3962
13640 6820.0 2.2674 8.7861 2.2674 2.7663 1.4548
13650 6825.0 2.4324 0.5236 2.4324 2.7737 1.4916
13660 6830.0 2.4114 0.0646 2.4114 2.9547 1.2948
13670 6835.0 2.4981 4.8106 2.4981 2.8635 1.3740
13680 6840.0 2.4686 2.3507 2.4686 2.7900 1.4328
13690 6845.0 2.2903 6.0207 2.2903 2.8627 1.3084
13700 6850.0 2.3775 0.2521 2.3775 2.7210 1.4602
13710 6855.0 2.4113 0.0643 2.4113 2.5865 1.4928
13720 6860.0 2.3134 3.7491 2.3134 2.4838 1.3030
13730 6865.0 2.4596 1.7737 2.4596 2.3983 1.3484
13740 6870.0 2.5349 9.1044 2.5349 2.4158 1.3754
13750 6875.0 2.4078 0.0304 2.4078 2.5117 1.2658
13760 6880.0 2.4154 0.1187 2.4154 2.5052 1.4774
13770 6885.0 2.3635 0.6675 2.3635 2.6061 1.4181
13780 6890.0 2.3741 0.3359 2.3741 2.6902 1.2829
13790 6895.0 2.5351 9.1269 2.5351 2.5686 1.4343
13800 6900.0 2.4085 0.0360 2.4085 2.6192 1.3206
13810 6905.0 2.3493 1.2852 2.3493 2.5258 1.3721
13820 6910.0 2.3960 0.0080 2.3960 2.3448 1.5240
13830 6915.0 2.3148 3.6282 2.3148 2.4125 1.4371
13840 6920.0 2.3043 4.5809 2.3043 2.4670 1.3773
13850 6925.0 2.4259 0.3355 2.4259 2.4269 1.4296
13860 6930.0 2.4222 0.2463 2.4222 2.4855 1.3569
13870 6935.0 2.3730 0.3639 2.3730 2.5035 1.3353
13880 6940.0 2.4084 0.0356 2.4084 2.3798 1.4644
13890 6945.0 2.3219 3.0496 2.3219 2.4693 1.3625
13900 6950.0 2.3271 2.6606 2.3271 2.4742 1.3414
13910 6955.0 2.4438 0.9609 2.4438 2.3804 1.4431
13920 6960.0 2.3999 0.0000 2.3999 2.4775 1.3337
13930 6965.0 2.3709 0.4238 2.3709 2.4495 1.3553
13940 6970.0 2.3513 1.1876 2.3513 2.3524 1.4685
13950 6975.0 2.2731 8.0544 2.2731 2.4649 1.3693
13960 6980.0 2.3308 2.3960 2.3308 2.5097 1.3514
13970 6985.0 2.4663 2.1980 2.4663 2.4586 1.4352
13980 6990.0 2.3865 0.0905 2.3865 2.5933 1.3125
13990 6995.0 2.3467 1.4209 2.3467 2.5216 1.4076
14000 7000.0 2.3553 0.9988 2.3553 2.4302 1.5202
14010 7005.0 2.3223 3.0172 2.3223 2.5266 1.4287
14020 7010.0 2.3531 1.0975 2.3531 2.5691 1.3031
14030 7015.0 2.4783 3.0665 2.4783 2.3789 1.4251
14040 7020.0 2.3728 0.3692 2.3728 2.3105 1.3803
14050 7025.0 2.2740 7.9331 2.2740 2.3504 1.3328
14060 7030.0 2.3865 0.0906 2.3865 2.3448 1.4253
14070 7035.0 2.4563 1.5862 2.4563 2.4109 1.3862
14080 7040.0 2.3957 0.0094 2.3957 2.5472 1.3255
14090 7045.0 2.4263 0.3469 2.4263 2.4981 1.4285
14100 7050.0 2.3680 0.5134 2.3680 2.5884 1.3554
14110 7055.0 2.3803 0.1936 2.3803 2.6419 1.3460
14120 7060.0 2.4472 1.1144 2.4472 2.5967 1.4307
14130 7065.0 2.3602 0.7930 2.3602 2.7219 1.3289
14140 7070.0 2.4002 0.0000 2.4002 2.6792 1.3741
14150 7075.0 2.4591 1.7438 2.4591 2.5939 1.4371
14160 7080.0 2.3217 3.0648 2.3217 2.5723 1.3019
14170 7085.0 2.3514 1.1796 2.3514 2.4646 1.4482
14180 7090.0 2.3804 0.1930 2.3804 2.3215 1.4785
14190 7095.0 2.3411 1.7324 2.3411 2.2759 1.2812
14200 7100.0 2.3597 0.8113 2.3597 2.1566 1.4036
14210 7105.0 2.3719 0.3942 2.3719 2.1429 1.4597
14220 7110.0 2.3151 3.6047 2.3151 2.2746 1.3205
14230 7115.0 2.3290 2.5232 2.3290 2.3281 1.3993
14240 7120.0 2.3807 0.1869 2.3807 2.3111 1.4318
14250 7125.0 2.3651 0.6084 2.3651 2.2909 1.2945
14260 7130.0 2.4429 0.9196 2.4429 2.2012 1.4166
14270 7135.0 2.3584 0.8648 2.3584 2.2153 1.3535
14280 7140.0 2.2777 7.4733 2.2777 2.2087 1.3628
14290 7145.0 2.3464 1.4353 2.3464 2.1480 1.4274
14300 7150.0 2.4275 0.3769 2.4275 2.2021 1.3449
14310 7155.0 2.4274 0.3751 2.4274 2.3386 1.3164
14320 7160.0 2.4072 0.0261 2.4072 2.4653 1.4040
14330 7165.0 2.3259 2.7476 2.3259 2.5786 1.3725
14340 7170.0 2.3512 1.1893 2.3512 2.5589 1.3496
14350 7175.0 2.4561 1.5731 2.4561 2.4416 1.3753
14360 7180.0 2.4480 1.1507 2.4480 2.3731 1.3223
14370 7185.0 2.3945 0.0150 2.3945 2.3730 1.3539
14380 7190.0 2.3547 1.0281 2.3547 2.3965 1.4507
14390 7195.0 2.3046 4.5528 2.3046 2.4407 1.4214
14400 7200.0 2.3717 0.4010 2.3717 2.3999 1.3930
14410 7205.0 2.4855 3.6559 2.4855 2.3529 1.3930
14420 7210.0 2.4660 2.1774 2.4660 2.4257 1.3354
14430 7215.0 2.3677 0.5219 2.3677 2.6068 1.3313
14440 7220.0 2.3767 0.2717 2.3767 2.6998 1.4685
14450 7225.0 2.3704 0.4386 2.3704 2.7381 1.4407
14460 7230.0 2.4293 0.4299 2.4293 2.6882 1.3513
14470 7235.0 2.5156 6.6848 2.5156 2.5997 1.2754
14480 7240.0 2.5149 6.5983 2.5149 2.6142 1.3205
14490 7245.0 2.3418 1.6958 2.3418 2.7578 1.3384
14500 7250.0 2.3227 2.9898 2.3227 2.8050 1.4225
14510 7255.0 2.4784 3.0727 2.4784 2.7195 1.5087
14520 7260.0 2.4125 0.0777 2.4125 2.7748 1.3395
14530 7265.0 2.4448 1.0044 2.4448 2.8111 1.3011
14540 7270.0 2.5332 8.8690 2.5332 2.8590 1.4385
14550 7275.0 2.3614 0.7433 2.3614 2.8638 1.3392
14560 7280.0 2.3288 2.5317 2.3288 2.8259 1.3122
14570 7285.0 2.5088 5.9169 2.5088 2.8100 1.4183
14580 7290.0 2.4629 1.9753 2.4629 2.8782 1.3453
14590 7295.0 2.3826 0.1519 2.3826 2.9426 1.3041
14600 7300.0 2.4550 1.5128 2.4550 2.9461 1.4760
14610 7305.0 2.3800 0.2007 2.3800 2.9355 1.3888
14620 7310.0 2.3699 0.4529 2.3699 2.8940 1.2927
14630 7315.0 2.5073 5.7553 2.5073 2.7797 1.3800
14640 7320.0 2.4539 1.4537 2.4539 2.6794 1.3576
14650 7325.0 2.3461 1.4519 2.3461 2.5685 1.3422
14660 7330.0 2.3861 0.0962 2.3861 2.3933 1.4343
14670 7335.0 2.3864 0.0927 2.3864 2.3386 1.3398
14680 7340.0 2.4256 0.3266 2.4256 2.2823 1.3352
14690 7345.0 2.4257 0.3310 2.4257 2.2340 1.3780
14700 7350.0 2.3323 2.2915 2.3323 2.3056 1.3415
14710 7355.0 2.3621 0.7198 2.3621 2.3441 1.3940
14720 7360.0 2.4199 0.1982 2.4199 2.4140 1.3706
14730 7365.0 2.4502 1.2622 2.4502 2.4959 1.3405
14740 7370.0 2.4805 3.2418 2.4805 2.5379 1.3638
14750 7375.0 2.4126 0.0797 2.4126 2.5622 1.3189
14760 7380.0 2.3905 0.0448 2.3905 2.5585 1.3665
14770 7385.0 2.4139 0.0963 2.4139 2.4956 1.4021
14780 7390.0 2.3970 0.0046 2.3970 2.4623 1.3154
14790 7395.0 2.4181 0.1643 2.4181 2.4147 1.3590
14800 7400.0 2.3919 0.0331 2.3919 2.4203 1.3829
14810 7405.0 2.3817 0.1680 2.3817 2.4985 1.3663
14820 7410.0 2.3938 0.0194 2.3938 2.5906 1.3557
14830 7415.0 2.4225 0.2531 2.4225 2.6254 1.3807
14840 7420.0 2.4038 0.0072 2.4038 2.6058 1.3308
14850 7425.0 2.3891 0.0590 2.3891 2.4979 1.3592
14860 7430.0 2.3489 1.3062 2.3489 2.3406 1.4269
14870 7435.0 2.2998 5.0177 2.2998 2.3654 1.3600
14880 7440.0 2.4006 0.0002 2.4006 2.4751 1.3473
14890 7445.0 2.4812 3.2960 2.4812 2.5727 1.3803
14900 7450.0 2.3868 0.0877 2.3868 2.6258 1.3153
14910 7455.0 2.3709 0.4245 2.3709 2.5653 1.4142
14920 7460.0 2.3642 0.6414 2.3642 2.5600 1.4177
14930 7465.0 2.3630 0.6843 2.3630 2.6272 1.3023
14940 7470.0 2.4766 2.9313 2.4766 2.5597 1.3699
14950 7475.0 2.4257 0.3305 2.4257 2.4781 1.3522
14960 7480.0 2.3561 0.9648 2.3561 2.4683 1.3247
14970 7485.0 2.4240 0.2881 2.4240 2.4609 1.4318
14980 7490.0 2.3845 0.1200 2.3845 2.6029 1.3557
14990 7495.0 2.3132 3.7649 2.3132 2.6836 1.3438
15000 7500.0 2.4013 0.0009 2.4013 2.6601 1.4533
15010 7505.0 2.4070 0.0243 2.4070 2.7256 1.3306
15020 7510.0 2.4776 3.0081 2.4776 2.6802 1.3496
15030 7515.0 2.4873 3.8125 2.4873 2.5768 1.3937
15040 7520.0 2.3325 2.2800 2.3325 2.5338 1.3194
15050 7525.0 2.3259 2.7466 2.3259 2.4145 1.4506
15060 7530.0 2.3843 0.1238 2.3843 2.4629 1.4424
15070 7535.0 2.4301 0.4533 2.4301 2.6307 1.2929
15080 7540.0 2.5006 5.0612 2.5006 2.6202 1.4035
15090 7545.0 2.3889 0.0611 2.3889 2.6065 1.4059
15100 7550.0 2.2912 5.9154 2.2912 2.5748 1.3799
15110 7555.0 2.3874 0.0790 2.3874 2.4442 1.4213
15120 7560.0 2.4161 0.1293 2.4161 2.3941 1.3500
15130 7565.0 2.4113 0.0644 2.4113 2.3137 1.3347
15140 7570.0 2.4277 0.3826 2.4277 2.2568 1.3533
15150 7575.0 2.4143 0.1024 2.4143 2.2126 1.3507
15160 7580.0 2.4178 0.1586 2.4178 2.2208 1.3109
15170 7585.0 2.4379 0.7193 2.4379 2.1696 1.3321
15180 7590.0 2.4409 0.8376 2.4409 2.1353 1.3424
15190 7595.0 2.4263 0.3462 2.4263 2.1603 1.3098
15200 7600.0 2.4449 1.0101 2.4449 2.1479 1.3588
15210 7605.0 2.4264 0.3492 2.4264 2.1849 1.3286
15220 7610.0 2.4247 0.3041 2.4247 2.2138 1.3352
15230 7615.0 2.4288 0.4158 2.4288 2.2546 1.3446
15240 7620.0 2.3918 0.0336 2.3918 2.2673 1.3381
15250 7625.0 2.3903 0.0469 2.3903 2.2721 1.3840
15260 7630.0 2.4067 0.0223 2.4067 2.3164 1.3822
15270 7635.0 2.4096 0.0465 2.4096 2.3934 1.3483
15280 7640.0 2.4108 0.0584 2.4108 2.4751 1.3549
15290 7645.0 2.3863 0.0935 2.3863 2.5287 1.3886
15300 7650.0 2.3689 0.4830 2.3689 2.5737 1.3898
15310 7655.0 2.4141 0.0990 2.4141 2.5773 1.3824
15320 7660.0 2.4250 0.3131 2.4250 2.5432 1.3608
15330 7665.0 2.3991 0.0004 2.3991 2.4707 1.3636
15340 7670.0 2.4004 0.0001 2.4004 2.4076 1.3812
15350 7675.0 2.4019 0.0019 2.4019 2.3816 1.3600
15360 7680.0 2.3940 0.0182 2.3940 2.4116 1.3633
15370 7685.0 2.3872 0.0816 2.3872 2.4564 1.3909
15380 7690.0 2.3851 0.1116 2.3851 2.5471 1.3695
15390 7695.0 2.4459 1.0552 2.4459 2.6327 1.3533
15400 7700.0 2.4507 1.2877 2.4507 2.6859 1.3002
15410 7705.0 2.4431 0.9278 2.4431 2.7699 1.3733
15420 7710.0 2.4016 0.0014 2.4016 2.8611 1.4079
15430 7715.0 2.3733 0.3564 2.3733 2.9258 1.3275
15440 7720.0 2.4859 3.6929 2.4859 2.9089 1.3088
15450 7725.0 2.5215 7.3806 2.5215 2.8634 1.2883
15460 7730.0 2.4630 1.9875 2.4630 2.9404 1.3234
15470 7735.0 2.3647 0.6248 2.3647 2.9217 1.3393
15480 7740.0 2.3770 0.2646 2.3770 2.8437 1.3758
15490 7745.0 2.4279 0.3885 2.4279 2.7470 1.3523
15500 7750.0 2.4525 1.3805 2.4525 2.6763 1.3014
15510 7755.0 2.4848 3.5921 2.4848 2.5533 1.3709
15520 7760.0 2.3456 1.4788 2.3456 2.4647 1.3404
15530 7765.0 2.3129 3.7963 2.3129 2.3402 1.4034
15540 7770.0 2.3994 0.0002 2.3994 2.2916 1.3910
15550 7775.0 2.4437 0.9569 2.4437 2.3227 1.3026
15560 7780.0 2.4604 1.8221 2.4604 2.2436 1.3650
15570 7785.0 2.3677 0.5214 2.3677 2.1631 1.3956
15580 7790.0 2.2983 5.1677 2.2983 2.2041 1.3562
15590 7795.0 2.3742 0.3337 2.3742 2.2413 1.3954
15600 7800.0 2.4253 0.3204 2.4253 2.3552 1.3599
15610 7805.0 2.4255 0.3255 2.4255 2.4787 1.3271
15620 7810.0 2.4126 0.0795 2.4126 2.4911 1.4181
15630 7815.0 2.3293 2.4973 2.3293 2.5378 1.3789
15640 7820.0 2.3648 0.6212 2.3648 2.5093 1.3647
15650 7825.0 2.4667 2.2260 2.4667 2.4425 1.3890
15660 7830.0 2.4418 0.8742 2.4418 2.4291 1.3395
15670 7835.0 2.3637 0.6594 2.3637 2.3979 1.3415
15680 7840.0 2.3558 0.9760 2.3558 2.3427 1.4268
15690 7845.0 2.3583 0.8677 2.3583 2.4084 1.3592
15700 7850.0 2.4404 0.8151 2.4404 2.4708 1.3240
15710 7855.0 2.4860 3.6977 2.4860 2.5077 1.3710
15720 7860.0 2.3471 1.4010 2.3471 2.5902 1.3216
15730 7865.0 2.3406 1.7650 2.3406 2.5862 1.4338
15740 7870.0 2.3709 0.4248 2.3709 2.5530 1.3891
15750 7875.0 2.4347 0.6032 2.4347 2.5107 1.3040
15760 7880.0 2.4367 0.6723 2.4367 2.3375 1.3902
15770 7885.0 2.3010 4.8994 2.3010 2.2700 1.3593
15780 7890.0 2.2796 7.2532 2.2796 2.2205 1.3691
15790 7895.0 2.4494 1.2214 2.4494 2.2223 1.4055
15800 7900.0 2.4689 2.3713 2.4689 2.3515 1.2740
15810 7905.0 2.4150 0.1120 2.4150 2.2747 1.3812
15820 7910.0 2.2628 9.4114 2.2628 2.2472 1.4375
15830 7915.0 2.2383 13.0783 2.2383 2.3532 1.3690
15840 7920.0 2.4756 2.8540 2.4756 2.4410 1.3845
15850 7925.0 2.5004 5.0362 2.5004 2.5584 1.3193
15860 7930.0 2.3408 1.7497 2.3408 2.5885 1.3596
15870 7935.0 2.2918 5.8522 2.2918 2.5768 1.4849
15880 7940.0 2.3400 1.8016 2.3400 2.5722 1.4053
15890 7945.0 2.4784 3.0707 2.4784 2.5255 1.3039
15900 7950.0 2.5286 8.2747 2.5286 2.3796 1.3614
15910 7955.0 2.3439 1.5755 2.3439 2.3303 1.3224
15920 7960.0 2.2361 13.4267 2.2361 2.2137 1.4189
15930 7965.0 2.2898 6.0741 2.2898 2.1375 1.4393
15940 7970.0 2.3650 0.6108 2.3650 2.2607 1.2876
15950 7975.0 2.5302 8.4815 2.5302 2.2422 1.3566
15960 7980.0 2.4526 1.3848 2.4526 2.2299 1.3042
15970 7985.0 2.3237 2.9135 2.3237 2.0978 1.3498
15980 7990.0 2.3294 2.4956 2.3294 1.9995 1.4218
15990 7995.0 2.3835 0.1367 2.3835 2.1337 1.2874
16000 8000.0 2.4931 4.3378 2.4931 2.1194 1.3503
16010 8005.0 2.4438 0.9592 2.4438 2.1383 1.3183
16020 8010.0 2.3619 0.7246 2.3619 2.1054 1.3686
16030 8015.0 2.3402 1.7900 2.3402 2.0919 1.4307
16040 8020.0 2.3181 3.3526 2.3181 2.2000 1.3195
16050 8025.0 2.4047 0.0110 2.4047 2.1506 1.3598
16060 8030.0 2.4398 0.7917 2.4398 2.1404 1.3961
16070 8035.0 2.3534 1.0867 2.3534 2.2384 1.3197
16080 8040.0 2.4054 0.0144 2.4054 2.2448 1.4176
16090 8045.0 2.4095 0.0450 2.4095 2.3719 1.3871
16100 8050.0 2.4048 0.0117 2.4048 2.5613 1.2941
16110 8055.0 2.4722 2.6051 2.4722 2.4983 1.3870
16120 8060.0 2.4094 0.0441 2.4094 2.4473 1.3853
16130 8065.0 2.3438 1.5811 2.3438 2.4277 1.3722
16140 8070.0 2.3985 0.0011 2.3985 2.4351 1.3595
16150 8075.0 2.4571 1.6279 2.4571 2.4523 1.3613
16160 8080.0 2.4535 1.4329 2.4535 2.4614 1.3730
16170 8085.0 2.3905 0.0452 2.3905 2.5037 1.3508
16180 8090.0 2.3696 0.4620 2.3696 2.4739 1.4224
16190 8095.0 2.3550 1.0127 2.3550 2.5326 1.4081
16200 8100.0 2.4129 0.0837 2.4129 2.6516 1.3477
16210 8105.0 2.4950 4.5154 2.4950 2.6945 1.3700
16220 8110.0 2.4181 0.1646 2.4181 2.7280 1.3540
16230 8115.0 2.3250 2.8095 2.3250 2.6713 1.3964
16240 8120.0 2.3707 0.4299 2.3707 2.6584 1.4715
16250 8125.0 2.3959 0.0084 2.3959 2.6877 1.3950
16260 8130.0 2.4149 0.1115 2.4149 2.7496 1.3046
16270 8135.0 2.4857 3.6718 2.4857 2.7295 1.4161
16280 8140.0 2.4090 0.0406 2.4090 2.7720 1.3533
16290 8145.0 2.3563 0.9527 2.3563 2.7504 1.3619
16300 8150.0 2.3939 0.0184 2.3939 2.6340 1.4662
16310 8155.0 2.3668 0.5505 2.3668 2.6930 1.3912
16320 8160.0 2.4010 0.0005 2.4010 2.7414 1.3091
16330 8165.0 2.4902 4.0725 2.4902 2.6963 1.3546
16340 8170.0 2.4529 1.4004 2.4529 2.6819 1.3204
16350 8175.0 2.3432 1.6105 2.3432 2.6494 1.3202
16360 8180.0 2.3740 0.3386 2.3740 2.5163 1.4555
16370 8185.0 2.3807 0.1866 2.3807 2.5196 1.4301
16380 8190.0 2.3744 0.3287 2.3744 2.6564 1.2677
16390 8195.0 2.5044 5.4530 2.5044 2.5844 1.4134
16400 8200.0 2.4197 0.1946 2.4197 2.6245 1.3632
16410 8205.0 2.3173 3.4212 2.3173 2.6494 1.3321
16420 8210.0 2.3655 0.5963 2.3655 2.5034 1.4951
16430 8215.0 2.3430 1.6266 2.3430 2.5473 1.4609
16440 8220.0 2.3575 0.9029 2.3575 2.7071 1.2942
16450 8225.0 2.5038 5.3885 2.5038 2.5922 1.4100
16460 8230.0 2.3774 0.2558 2.3774 2.5655 1.3760
16470 8235.0 2.2551 10.4925 2.2551 2.5584 1.3611
16480 8240.0 2.3821 0.1602 2.3821 2.5132 1.4642
16490 8245.0 2.4300 0.4488 2.4300 2.6257 1.3657
16500 8250.0 2.3926 0.0275 2.3926 2.7235 1.3040
16510 8255.0 2.4154 0.1182 2.4154 2.7080 1.4573
16520 8260.0 2.3276 2.6222 2.3276 2.8121 1.4226
16530 8265.0 2.2995 5.0531 2.2995 2.8590 1.3457
16540 8270.0 2.4474 1.1224 2.4474 2.7142 1.4271
16550 8275.0 2.4459 1.0531 2.4459 2.6567 1.3709
16560 8280.0 2.3367 2.0046 2.3367 2.6239 1.3309
16570 8285.0 2.3167 3.4729 2.3167 2.5800 1.4260
16580 8290.0 2.3572 0.9178 2.3572 2.6621 1.3826
16590 8295.0 2.4255 0.3246 2.4255 2.7780 1.3310
16600 8300.0 2.4385 0.7428 2.4385 2.8192 1.3873
16610 8305.0 2.3454 1.4916 2.3454 2.8243 1.3751
16620 8310.0 2.3225 3.0054 2.3225 2.8079 1.3727
16630 8315.0 2.4112 0.0628 2.4112 2.7631 1.3888
16640 8320.0 2.4085 0.0363 2.4085 2.7292 1.3544
16650 8325.0 2.3401 1.7947 2.3401 2.5924 1.3852
16660 8330.0 2.3397 1.8193 2.3397 2.4905 1.4432
16670 8335.0 2.3651 0.6076 2.3651 2.5221 1.3532
16680 8340.0 2.4355 0.6287 2.4355 2.5430 1.3426
16690 8345.0 2.4039 0.0074 2.4039 2.5419 1.4025
16700 8350.0 2.2962 5.3824 2.2962 2.6040 1.4188
16710 8355.0 2.3236 2.9156 2.3236 2.6149 1.4116
16720 8360.0 2.4317 0.5030 2.4317 2.6179 1.4027
16730 8365.0 2.4634 2.0090 2.4634 2.7096 1.3282
16740 8370.0 2.4203 0.2069 2.4203 2.7189 1.3407
16750 8375.0 2.3677 0.5229 2.3677 2.6809 1.3940
16760 8380.0 2.3710 0.4206 2.3710 2.6659 1.4005
16770 8385.0 2.4341 0.5818 2.4341 2.6953 1.3643
16780 8390.0 2.4609 1.8531 2.4609 2.7328 1.3149
16790 8395.0 2.4579 1.6779 2.4579 2.7147 1.3263
16800 8400.0 2.4202 0.2046 2.4202 2.6573 1.3577
16810 8405.0 2.3929 0.0252 2.3929 2.6128 1.3784
16820 8410.0 2.3581 0.8778 2.3581 2.6122 1.3683
16830 8415.0 2.3700 0.4501 2.3700 2.6010 1.3845
16840 8420.0 2.4195 0.1895 2.4195 2.5326 1.3960
16850 8425.0 2.4341 0.5818 2.4341 2.5141 1.3403
16860 8430.0 2.4101 0.0511 2.4101 2.4997 1.3039
16870 8435.0 2.3901 0.0493 2.3901 2.4265 1.3803
16880 8440.0 2.3284 2.5610 2.3284 2.4215 1.3732
16890 8445.0 2.3658 0.5850 2.3658 2.5042 1.3773
16900 8450.0 2.4367 0.6740 2.4367 2.6005 1.3584
16910 8455.0 2.4356 0.6331 2.4356 2.6819 1.3314
16920 8460.0 2.3974 0.0033 2.3974 2.6299 1.4037
16930 8465.0 2.3125 3.8306 2.3125 2.6181 1.3635
16940 8470.0 2.3242 2.8729 2.3242 2.5747 1.3879
16950 8475.0 2.4180 0.1622 2.4180 2.4854 1.3971
16960 8480.0 2.4209 0.2190 2.4209 2.4415 1.3215
16970 8485.0 2.3909 0.0412 2.3909 2.3828 1.3459
16980 8490.0 2.3442 1.5580 2.3442 2.3663 1.3891
16990 8495.0 2.3129 3.7919 2.3129 2.4583 1.3855
17000 8500.0 2.3694 0.4690 2.3694 2.5762 1.4187
17010 8505.0 2.3308 2.3969 2.3308 2.6028 1.3985
17020 8510.0 2.3400 1.8029 2.3400 2.6707 1.3777
17030 8515.0 2.4475 1.1290 2.4475 2.7359 1.3882
17040 8520.0 2.4457 1.0454 2.4457 2.8882 1.3266
17050 8525.0 2.4313 0.4885 2.4313 2.8660 1.3562
17060 8530.0 2.4003 0.0000 2.4003 2.7810 1.4224
17070 8535.0 2.3764 0.2778 2.3764 2.8268 1.3911
17080 8540.0 2.4704 2.4756 2.4704 2.9159 1.3653
17090 8545.0 2.4916 4.1972 2.4916 2.9693 1.3145
17100 8550.0 2.4271 0.3672 2.4271 2.8592 1.3876
17110 8555.0 2.2734 8.0113 2.2734 2.8293 1.3747
17120 8560.0 2.2817 7.0032 2.2817 2.7875 1.3751
17130 8565.0 2.3417 1.6975 2.3417 2.6695 1.3850
17140 8570.0 2.4393 0.7708 2.4393 2.6581 1.3539
17150 8575.0 2.4692 2.3931 2.4692 2.6948 1.2883
17160 8580.0 2.5084 5.8736 2.5084 2.7090 1.3271
17170 8585.0 2.4430 0.9229 2.4430 2.7765 1.3105
17180 8590.0 2.3793 0.2144 2.3793 2.7062 1.3645
17190 8595.0 2.3645 0.6307 2.3645 2.6370 1.4156
17200 8600.0 2.3447 1.5271 2.3447 2.6837 1.3530
17210 8605.0 2.4154 0.1179 2.4154 2.6994 1.3414
17220 8610.0 2.5044 5.4498 2.5044 2.7604 1.3203
17230 8615.0 2.5202 7.2215 2.5202 2.8005 1.3050
17240 8620.0 2.4783 3.0653 2.4783 2.7238 1.3463
17250 8625.0 2.3590 0.8393 2.3590 2.6746 1.3344
17260 8630.0 2.3496 1.2691 2.3496 2.5708 1.3933
17270 8635.0 2.4101 0.0505 2.4101 2.5163 1.4201
17280 8640.0 2.4046 0.0107 2.4046 2.6011 1.3166
17290 8645.0 2.5060 5.6144 2.5060 2.6253 1.3458
17300 8650.0 2.5070 5.7205 2.5070 2.6110 1.3554
17310 8655.0 2.3600 0.7984 2.3600 2.5887 1.2931
17320 8660.0 2.4133 0.0878 2.4133 2.4885 1.3959
17330 8665.0 2.4618 1.9072 2.4618 2.4439 1.4038
17340 8670.0 2.3896 0.0537 2.3896 2.4727 1.2521
17350 8675.0 2.4827 3.4189 2.4827 2.3920 1.3589
17360 8680.0 2.4085 0.0365 2.4085 2.4026 1.2871
17370 8685.0 2.4037 0.0069 2.4037 2.3450 1.3470
17380 8690.0 2.4372 0.6924 2.4372 2.3288 1.4082
17390 8695.0 2.4033 0.0054 2.4033 2.4453 1.3055
17400 8700.0 2.4689 2.3748 2.4689 2.4900 1.3177
17410 8705.0 2.4961 4.6164 2.4961 2.4944 1.3541
17420 8710.0 2.3606 0.7748 2.3606 2.4894 1.2804
17430 8715.0 2.4071 0.0249 2.4071 2.3963 1.3868
17440 8720.0 2.4451 1.0190 2.4451 2.3720 1.3891
17450 8725.0 2.3889 0.0615 2.3889 2.4532 1.2589
17460 8730.0 2.4786 3.0919 2.4786 2.3582 1.4050
17470 8735.0 2.4334 0.5565 2.4334 2.3383 1.3703
17480 8740.0 2.3389 1.8640 2.3389 2.4051 1.2677
17490 8745.0 2.4639 2.0420 2.4639 2.3636 1.4239
17500 8750.0 2.4323 0.5228 2.4323 2.4142 1.3508
17510 8755.0 2.3579 0.8881 2.3579 2.3902 1.3095
17520 8760.0 2.4112 0.0630 2.4112 2.2072 1.4689
17530 8765.0 2.3213 3.0996 2.3213 2.3488 1.2876
17540 8770.0 2.4355 0.6309 2.4355 2.2506 1.4129
17550 8775.0 2.4345 0.5946 2.4345 2.2697 1.3955
17560 8780.0 2.3359 2.0564 2.3359 2.3770 1.2893
17570 8785.0 2.4304 0.4610 2.4304 2.2237 1.4414
17580 8790.0 2.4268 0.3601 2.4268 2.2845 1.2675
17590 8795.0 2.5034 5.3504 2.5034 2.1921 1.3563
17600 8800.0 2.4356 0.6354 2.4356 2.1290 1.3559
17610 8805.0 2.3530 1.1056 2.3530 2.1614 1.2744
17620 8810.0 2.4974 4.7470 2.4974 2.1132 1.3908
17630 8815.0 2.4581 1.6868 2.4581 2.2693 1.2475
17640 8820.0 2.4917 4.2001 2.4917 2.1975 1.3669
17650 8825.0 2.3746 0.3232 2.3746 2.2224 1.3598
17660 8830.0 2.3136 3.7358 2.3136 2.3726 1.3245
17670 8835.0 2.4636 2.0249 2.4636 2.5003 1.3669
17680 8840.0 2.4766 2.9303 2.4766 2.5574 1.3422
17690 8845.0 2.3560 0.9696 2.3560 2.5770 1.3319
17700 8850.0 2.3616 0.7387 2.3616 2.4901 1.4666
17710 8855.0 2.3525 1.1258 2.3525 2.5707 1.3874
17720 8860.0 2.4076 0.0287 2.4076 2.6886 1.3095
17730 8865.0 2.5214 7.3647 2.5214 2.6638 1.4189
17740 8870.0 2.4020 0.0021 2.4020 2.6954 1.3305
17750 8875.0 2.3139 3.7060 2.3139 2.6737 1.3402
17760 8880.0 2.4007 0.0002 2.4007 2.6897 1.4425
17770 8885.0 2.3742 0.3340 2.3742 2.8682 1.3586
17780 8890.0 2.3344 2.1540 2.3344 2.9863 1.3536
17790 8895.0 2.4420 0.8833 2.4420 3.0293 1.4651
17800 8900.0 2.4264 0.3475 2.4264 2.9274 1.3666
17810 8905.0 2.4344 0.5908 2.4344 2.8129 1.2945
17820 8910.0 2.5267 8.0243 2.5267 2.7357 1.4209
17830 8915.0 2.3945 0.0153 2.3945 2.7058 1.2882
17840 8920.0 2.4035 0.0060 2.4035 2.6546 1.3689
17850 8925.0 2.4871 3.7937 2.4871 2.6240 1.4277
17860 8930.0 2.4023 0.0028 2.4023 2.5951 1.2436
17870 8935.0 2.4842 3.5432 2.4842 2.5303 1.4368
17880 8940.0 2.3862 0.0952 2.3862 2.4900 1.3873
17890 8945.0 2.3546 1.0319 2.3546 2.4509 1.2778
17900 8950.0 2.5307 8.5390 2.5307 2.3510 1.3778
17910 8955.0 2.4727 2.6459 2.4727 2.3607 1.2902
17920 8960.0 2.4023 0.0026 2.4023 2.4223 1.3548
17930 8965.0 2.3989 0.0006 2.3989 2.4739 1.4488
17940 8970.0 2.3974 0.0034 2.3974 2.4900 1.3282
17950 8975.0 2.5123 6.3047 2.5123 2.5050 1.3166
17960 8980.0 2.4960 4.6074 2.4960 2.5686 1.3690
17970 8985.0 2.3303 2.4281 2.3303 2.6037 1.3095
17980 8990.0 2.4289 0.4171 2.4289 2.5559 1.3730
17990 8995.0 2.5054 5.5540 2.5054 2.5197 1.3647
18000 9000.0 2.4649 2.1053 2.4649 2.5039 1.2815
