# step  time_fs  cv_FeH(A)  bias(kJ/mol)  d_min_FeH(A)  d_min_OH(A)  d_min_SH(A)
0 0.0 1.7182 2.3277 1.7182 2.5114 2.4126
10 5.0 1.5608 3.9752 1.5608 2.4900 2.3604
20 10.0 1.4933 12.2781 1.4933 2.4585 2.3462
30 15.0 1.6638 0.0959 1.6638 2.3776 2.4176
40 20.0 1.6685 0.1709 1.6685 2.4606 2.3895
50 25.0 1.5435 5.6749 1.5435 2.6446 2.3092
60 30.0 1.5738 2.8995 1.5738 2.6122 2.2254
70 35.0 1.6996 1.2276 1.6996 2.4764 2.2355
80 40.0 1.6507 0.0003 1.6507 2.4901 2.1865
90 45.0 1.5384 6.2308 1.5384 2.5889 2.1181
100 50.0 1.6138 0.6548 1.6138 2.6347 2.1374
110 55.0 1.6803 0.4584 1.6803 2.6306 2.2447
120 60.0 1.5742 2.8750 1.5742 2.7096 2.2956
130 65.0 1.5959 1.4649 1.5959 2.6548 2.2903
140 70.0 1.6543 0.0090 1.6543 2.5208 2.4489
150 75.0 1.5293 7.2803 1.5293 2.4989 2.4389
160 80.0 1.5736 2.9190 1.5736 2.5104 2.4873
170 85.0 1.7033 1.4219 1.7033 2.5541 2.4704
180 90.0 1.6080 0.8825 1.6080 2.7438 2.3844
190 95.0 1.5223 8.1554 1.5223 2.8811 2.3011
200 100.0 1.6686 0.1736 1.6686 2.8265 2.2305
210 105.0 1.6709 0.2189 1.6709 2.7493 2.1583
220 110.0 1.5602 4.0277 1.5602 2.7167 2.1201
230 115.0 1.5497 5.0304 1.5497 2.7178 2.0798
240 120.0 1.6373 0.0801 1.6373 2.7475 2.0691
250 125.0 1.6511 0.0006 1.6511 2.8071 2.0837
260 130.0 1.5539 4.6196 1.5539 2.8541 2.0970
270 135.0 1.6001 1.2464 1.6001 2.7795 2.1257
280 140.0 1.6841 0.5800 1.6841 2.6266 2.1830
290 145.0 1.5804 2.4225 1.5804 2.5695 2.2705
300 150.0 1.5545 4.5634 1.5545 2.5858 2.3681
310 155.0 1.5826 2.2707 1.5826 2.5764 2.4503
320 160.0 1.6073 0.9127 1.6073 2.4732 2.5359
330 165.0 1.6306 0.1881 1.6306 2.4006 2.5407
340 170.0 1.5839 2.1819 1.5839 2.4327 2.4750
350 175.0 1.5575 4.2799 1.5575 2.4247 2.3645
360 180.0 1.5668 3.4611 1.5668 2.3378 2.3049
370 185.0 1.6563 0.0200 1.6563 2.2265 2.3407
380 190.0 1.5855 2.0814 1.5855 2.2989 2.3484
390 195.0 1.5181 8.7044 1.5181 2.3305 2.3966
400 200.0 1.6331 0.1421 1.6331 2.1880 2.3676
410 205.0 1.6180 0.5115 1.6180 2.1825 2.3034
420 210.0 1.5442 5.5982 1.5442 2.2575 2.2501
430 215.0 1.6018 1.1612 1.6018 2.1880 2.3598
440 220.0 1.6417 0.0341 1.6417 2.1436 2.3343
450 225.0 1.5254 7.7645 1.5254 2.2900 2.2169
460 230.0 1.5888 1.8743 1.5888 2.2726 2.1722
470 235.0 1.6752 0.3178 1.6752 2.1944 2.2173
480 240.0 1.6015 1.1773 1.6015 2.2624 2.2111
490 245.0 1.5756 2.7688 1.5756 2.4203 2.2099
500 250.0 1.5894 1.8352 1.5894 2.4986 2.3311
510 255.0 1.6236 0.3495 1.6236 2.5031 2.3019
520 260.0 1.6657 0.1236 1.6657 2.4780 2.2941
530 265.0 1.6153 0.6015 1.6153 2.5445 2.4250
540 270.0 1.5252 7.7907 1.5252 2.5726 2.3127
550 275.0 1.5661 3.5166 1.5661 2.5058 2.2999
560 280.0 1.6653 0.1174 1.6653 2.4208 2.3759
570 285.0 1.6016 1.1716 1.6016 2.4580 2.3530
580 290.0 1.5653 3.5833 1.5653 2.4654 2.3572
590 295.0 1.6476 0.0030 1.6476 2.3837 2.3118
600 300.0 1.6488 0.0008 1.6488 2.3668 2.2290
610 305.0 1.5794 2.4910 1.5794 2.3639 2.1721
620 310.0 1.5717 3.0638 1.5717 2.3522 2.1363
630 315.0 1.6554 0.0145 1.6554 2.3150 2.1374
640 320.0 1.6427 0.0266 1.6427 2.3486 2.1461
650 325.0 1.5316 7.0129 1.5316 2.4497 2.1263
660 330.0 1.6133 0.6725 1.6133 2.3479 2.1822
670 335.0 1.6332 0.1403 1.6332 2.2216 2.2527
680 340.0 1.5400 6.0525 1.5400 2.2181 2.2984
690 345.0 1.6007 1.2158 1.6007 2.2534 2.3404
700 350.0 1.5784 2.5616 1.5784 2.3492 2.3072
710 355.0 1.5902 1.7856 1.5902 2.3441 2.2446
720 360.0 1.6500 0.0000 1.6500 2.2533 2.3797
730 365.0 1.5781 2.5882 1.5781 2.2580 2.3194
740 370.0 1.5157 9.0188 1.5157 2.3201 2.2047
750 375.0 1.6403 0.0473 1.6403 2.2509 2.2019
760 380.0 1.6798 0.4439 1.6798 2.2538 2.2358
770 385.0 1.5208 8.3429 1.5208 2.3868 2.2601
780 390.0 1.5965 1.4321 1.5965 2.2889 2.3596
790 395.0 1.6894 0.7760 1.6894 2.1560 2.4175
800 400.0 1.5668 3.4590 1.5668 2.2091 2.2782
810 405.0 1.5596 4.0840 1.5596 2.2471 2.3102
820 410.0 1.6410 0.0404 1.6410 2.2749 2.3210
830 415.0 1.6073 0.9104 1.6073 2.3702 2.2415
840 420.0 1.5767 2.6897 1.5767 2.4150 2.1717
850 425.0 1.6155 0.5965 1.6155 2.3443 2.1595
860 430.0 1.5979 1.3585 1.5979 2.2431 2.2318
870 435.0 1.5654 3.5823 1.5654 2.2040 2.3217
880 440.0 1.6142 0.6418 1.6142 2.2196 2.4242
890 445.0 1.5741 2.8780 1.5741 2.2693 2.4198
900 450.0 1.5681 3.3534 1.5681 2.2665 2.3805
910 455.0 1.6350 0.1126 1.6350 2.1870 2.4823
920 460.0 1.5711 3.1142 1.5711 2.2542 2.4006
930 465.0 1.5533 4.6773 1.5533 2.2828 2.4407
940 470.0 1.6333 0.1391 1.6333 2.2133 2.5001
950 475.0 1.6296 0.2071 1.6296 2.2939 2.3960
960 480.0 1.5651 3.6025 1.5651 2.4583 2.2271
970 485.0 1.6240 0.3369 1.6240 2.4538 2.1431
980 490.0 1.6615 0.0657 1.6615 2.3506 2.1678
990 495.0 1.6147 0.6221 1.6147 2.4288 2.2546
1000 500.0 1.5448 5.5351 1.5448 2.3858 2.4149
1010 505.0 1.6270 0.2646 1.6270 2.2327 2.4873
1020 510.0 1.6227 0.3717 1.6227 2.1917 2.3790
1030 515.0 1.5501 4.9874 1.5501 2.2705 2.2800
1040 520.0 1.5609 3.9729 1.5609 2.2989 2.3343
1050 525.0 1.6165 0.5626 1.6165 2.3149 2.4509
1060 530.0 1.6455 0.0099 1.6455 2.3824 2.3494
1070 535.0 1.5761 2.7274 1.5761 2.5044 2.2347
1080 540.0 1.5661 3.5182 1.5661 2.5149 2.2050
1090 545.0 1.6154 0.5989 1.6154 2.3878 2.2833
1100 550.0 1.6055 0.9904 1.6055 2.2750 2.4161
1110 555.0 1.6654 0.1192 1.6654 2.2614 2.4661
1120 560.0 1.5806 2.4101 1.5806 2.4247 2.3589
1130 565.0 1.5590 4.1419 1.5590 2.4784 2.3795
1140 570.0 1.6596 0.0459 1.6596 2.3913 2.3682
1150 575.0 1.6778 0.3857 1.6778 2.4165 2.3225
1160 580.0 1.5728 2.9837 1.5728 2.5393 2.2426
1170 585.0 1.5966 1.4283 1.5966 2.5351 2.2709
1180 590.0 1.7122 1.9343 1.7122 2.4154 2.3503
1190 595.0 1.6520 0.0021 1.6520 2.4595 2.3146
1200 600.0 1.5671 3.4402 1.5671 2.5381 2.2885
1210 605.0 1.5896 1.8245 1.5896 2.4782 2.3206
1220 610.0 1.6992 1.2089 1.6992 2.3534 2.4220
1230 615.0 1.6795 0.4348 1.6795 2.3732 2.4255
1240 620.0 1.5639 3.7045 1.5639 2.5102 2.2356
1250 625.0 1.6145 0.6319 1.6145 2.5463 2.1994
1260 630.0 1.6667 0.1386 1.6667 2.5319 2.2722
1270 635.0 1.6039 1.0641 1.6039 2.5988 2.2915
1280 640.0 1.6006 1.2179 1.6006 2.5910 2.2728
1290 645.0 1.6542 0.0090 1.6542 2.4904 2.2746
1300 650.0 1.6413 0.0380 1.6413 2.4518 2.2772
1310 655.0 1.6403 0.0466 1.6403 2.4054 2.3166
1320 660.0 1.6560 0.0183 1.6560 2.3862 2.3308
1330 665.0 1.6097 0.8108 1.6097 2.4518 2.3231
1340 670.0 1.5812 2.3696 1.5812 2.4989 2.3528
1350 675.0 1.6319 0.1643 1.6319 2.4577 2.3373
1360 680.0 1.6347 0.1176 1.6347 2.4336 2.2692
1370 685.0 1.6051 1.0067 1.6051 2.4351 2.2137
1380 690.0 1.6170 0.5448 1.6170 2.4015 2.2437
1390 695.0 1.6426 0.0276 1.6426 2.4041 2.3113
1400 700.0 1.6094 0.8222 1.6094 2.4678 2.4125
1410 705.0 1.5781 2.5862 1.5781 2.5151 2.3917
1420 710.0 1.6190 0.4791 1.6190 2.4914 2.4045
1430 715.0 1.6407 0.0432 1.6407 2.4675 2.4194
1440 720.0 1.5938 1.5810 1.5938 2.5040 2.3997
1450 725.0 1.5900 1.8025 1.5900 2.4901 2.2734
1460 730.0 1.6496 0.0001 1.6496 2.4239 2.2294
1470 735.0 1.6377 0.0752 1.6377 2.4430 2.2473
1480 740.0 1.5564 4.3822 1.5564 2.4984 2.3291
1490 745.0 1.6006 1.2182 1.6006 2.4003 2.2951
1500 750.0 1.6383 0.0690 1.6383 2.3067 2.3139
1510 755.0 1.6316 0.1686 1.6316 2.2672 2.3605
1520 760.0 1.6102 0.7937 1.6102 2.3056 2.3145
1530 765.0 1.5641 3.6859 1.5641 2.3710 2.2210
1540 770.0 1.6114 0.7463 1.6114 2.3045 2.2289
1550 775.0 1.6574 0.0277 1.6574 2.2205 2.2740
1560 780.0 1.5927 1.6417 1.5927 2.2382 2.3121
1570 785.0 1.5698 3.2128 1.5698 2.2319 2.3597
1580 790.0 1.6063 0.9536 1.6063 2.1539 2.3667
1590 795.0 1.6018 1.1629 1.6018 2.1653 2.3945
1600 800.0 1.5910 1.7412 1.5910 2.1691 2.4378
1610 805.0 1.6052 1.0042 1.6052 2.1665 2.3938
1620 810.0 1.6146 0.6267 1.6146 2.1726 2.3141
1630 815.0 1.5553 4.4819 1.5553 2.2615 2.2295
1640 820.0 1.5731 2.9584 1.5731 2.3180 2.2173
1650 825.0 1.6007 1.2143 1.6007 2.2916 2.3037
1660 830.0 1.6514 0.0010 1.6514 2.2121 2.4260
1670 835.0 1.5768 2.6799 1.5768 2.2836 2.4235
1680 840.0 1.5644 3.6603 1.5644 2.2992 2.4116
1690 845.0 1.6356 0.1031 1.6356 2.2374 2.4070
1700 850.0 1.5806 2.4093 1.5806 2.2507 2.3604
1710 855.0 1.5859 2.0512 1.5859 2.3114 2.2577
1720 860.0 1.6230 0.3655 1.6230 2.3267 2.1984
1730 865.0 1.6591 0.0415 1.6591 2.3314 2.2096
1740 870.0 1.5890 1.8626 1.5890 2.4189 2.2024
1750 875.0 1.5306 7.1322 1.5306 2.4898 2.2084
1760 880.0 1.6094 0.8261 1.6094 2.4397 2.2578
1770 885.0 1.6748 0.3087 1.6748 2.3907 2.2741
1780 890.0 1.6012 1.1922 1.6012 2.4807 2.2308
1790 895.0 1.5600 4.0481 1.5600 2.5251 2.2121
1800 900.0 1.5540 4.6103 1.5540 2.4910 2.2245
1810 905.0 1.6565 0.0209 1.6565 2.4633 2.2509
1820 910.0 1.6977 1.1373 1.6977 2.5039 2.2594
1830 915.0 1.6205 0.4357 1.6205 2.6121 2.2333
1840 920.0 1.5360 6.4980 1.5360 2.7009 2.2375
1850 925.0 1.5947 1.5312 1.5947 2.6021 2.3045
1860 930.0 1.6668 0.1406 1.6668 2.4455 2.3712
1870 935.0 1.6722 0.2466 1.6722 2.3667 2.3778
1880 940.0 1.6418 0.0338 1.6418 2.4150 2.3310
1890 945.0 1.6046 1.0286 1.6046 2.5428 2.2671
1900 950.0 1.5356 6.5457 1.5356 2.6343 2.2817
1910 955.0 1.6281 0.2389 1.6281 2.5012 2.4191
1920 960.0 1.7215 2.5527 1.7215 2.3709 2.5221
1930 965.0 1.6329 0.1458 1.6329 2.4634 2.4702
1940 970.0 1.5464 5.3688 1.5464 2.5694 2.4008
1950 975.0 1.5991 1.2971 1.5991 2.5030 2.3643
1960 980.0 1.6303 0.1932 1.6303 2.4210 2.3113
1970 985.0 1.6395 0.0550 1.6395 2.4424 2.2416
1980 990.0 1.6240 0.3391 1.6240 2.5560 2.1499
1990 995.0 1.5786 2.5497 1.5786 2.6570 2.1460
2000 1000.0 1.5529 4.7133 1.5529 2.6310 2.2361
2010 1005.0 1.6582 0.0338 1.6582 2.4622 2.4062
2020 1010.0 1.6825 0.5294 1.6825 2.3795 2.5040
2030 1015.0 1.5926 1.6484 1.5926 2.4566 2.3927
2040 1020.0 1.5721 3.0378 1.5721 2.4483 2.3822
2050 1025.0 1.6669 0.1436 1.6669 2.3155 2.4516
2060 1030.0 1.6641 0.0991 1.6641 2.3136 2.3365
2070 1035.0 1.5531 4.6933 1.5531 2.4506 2.1779
2080 1040.0 1.5669 3.4549 1.5669 2.3986 2.1847
2090 1045.0 1.6771 0.3683 1.6771 2.2035 2.3312
2100 1050.0 1.6270 0.2644 1.6270 2.1887 2.3991
2110 1055.0 1.4829 13.9669 1.4829 2.2938 2.3812
2120 1060.0 1.6353 0.1085 1.6353 2.0899 2.4414
2130 1065.0 1.6506 0.0002 1.6506 2.0223 2.4048
2140 1070.0 1.5251 7.7957 1.5251 2.1875 2.2833
2150 1075.0 1.5227 8.1005 1.5227 2.2157 2.3376
2160 1080.0 1.6636 0.0919 1.6636 2.0539 2.4167
2170 1085.0 1.6470 0.0046 1.6470 2.1302 2.3300
2180 1090.0 1.5037 10.7064 1.5037 2.3359 2.2090
2190 1095.0 1.5811 2.3721 1.5811 2.3057 2.2439
2200 1100.0 1.6092 0.8323 1.6092 2.1721 2.3629
2210 1105.0 1.6159 0.5823 1.6159 2.2570 2.4003
2220 1110.0 1.5572 4.3094 1.5572 2.4700 2.3423
2230 1115.0 1.5493 5.0678 1.5493 2.5221 2.3333
2240 1120.0 1.6927 0.9104 1.6927 2.3853 2.3831
2250 1125.0 1.6553 0.0139 1.6553 2.4329 2.3517
2260 1130.0 1.5431 5.7125 1.5431 2.5691 2.2616
2270 1135.0 1.5476 5.2464 1.5476 2.5432 2.2489
2280 1140.0 1.6333 0.1386 1.6333 2.3600 2.3474
2290 1145.0 1.6969 1.0988 1.6969 2.2464 2.4042
2300 1150.0 1.6222 0.3853 1.6222 2.3154 2.3311
2310 1155.0 1.5206 8.3749 1.5206 2.3941 2.2184
2320 1160.0 1.5977 1.3669 1.5977 2.2712 2.1885
2330 1165.0 1.6107 0.7736 1.6107 2.2013 2.1512
2340 1170.0 1.6086 0.8588 1.6086 2.2392 2.0879
2350 1175.0 1.5715 3.0786 1.5715 2.2660 2.0667
2360 1180.0 1.5968 1.4174 1.5968 2.2223 2.1118
2370 1185.0 1.6484 0.0013 1.6484 2.1392 2.1991
2380 1190.0 1.5844 2.1518 1.5844 2.1677 2.2372
2390 1195.0 1.5371 6.3698 1.5371 2.1916 2.3046
2400 1200.0 1.6304 0.1911 1.6304 2.0941 2.4255
2410 1205.0 1.6395 0.0547 1.6395 2.1630 2.4314
2420 1210.0 1.5264 7.6391 1.5264 2.3619 2.3792
2430 1215.0 1.6092 0.8308 1.6092 2.3296 2.3960
2440 1220.0 1.6809 0.4785 1.6809 2.3080 2.3644
2450 1225.0 1.6003 1.2332 1.6003 2.4784 2.2540
2460 1230.0 1.5210 8.3145 1.5210 2.6178 2.1686
2470 1235.0 1.6495 0.0001 1.6495 2.5149 2.1862
2480 1240.0 1.7206 2.4943 1.7206 2.4040 2.2837
2490 1245.0 1.5992 1.2919 1.5992 2.4977 2.3303
2500 1250.0 1.5089 9.9559 1.5089 2.5678 2.3046
2510 1255.0 1.5751 2.8055 1.5751 2.3648 2.3096
2520 1260.0 1.6276 0.2511 1.6276 2.1805 2.4025
2530 1265.0 1.6248 0.3169 1.6248 2.2230 2.3984
2540 1270.0 1.5558 4.4398 1.5558 2.4074 2.3770
2550 1275.0 1.5513 4.8707 1.5513 2.4599 2.2219
2560 1280.0 1.6674 0.1520 1.6674 2.3492 2.1994
2570 1285.0 1.6822 0.5190 1.6822 2.3117 2.2099
2580 1290.0 1.5731 2.9561 1.5731 2.3788 2.2499
2590 1295.0 1.5814 2.3551 1.5814 2.3012 2.3847
2600 1300.0 1.6507 0.0002 1.6507 2.1738 2.4176
2610 1305.0 1.6068 0.9317 1.6068 2.2158 2.3531
2620 1310.0 1.5498 5.0238 1.5498 2.3265 2.3338
2630 1315.0 1.6175 0.5270 1.6175 2.2921 2.3099
2640 1320.0 1.6640 0.0974 1.6640 2.2905 2.2723
2650 1325.0 1.5769 2.6713 1.5769 2.4298 2.2026
2660 1330.0 1.5939 1.5753 1.5939 2.4516 2.1791
2670 1335.0 1.6725 0.2536 1.6725 2.3461 2.2588
2680 1340.0 1.6298 0.2033 1.6298 2.3568 2.2806
2690 1345.0 1.5529 4.7126 1.5529 2.4829 2.2652
2700 1350.0 1.5868 1.9959 1.5868 2.4257 2.3374
2710 1355.0 1.6689 0.1788 1.6689 2.3193 2.4269
2720 1360.0 1.6029 1.1083 1.6029 2.3591 2.4039
2730 1365.0 1.5627 3.8113 1.5627 2.3733 2.3434
2740 1370.0 1.6273 0.2574 1.6273 2.2715 2.2935
2750 1375.0 1.6063 0.9539 1.6063 2.2635 2.2435
2760 1380.0 1.5674 3.4140 1.5674 2.2913 2.2174
2770 1385.0 1.5914 1.7142 1.5914 2.2085 2.2860
2780 1390.0 1.6160 0.5774 1.6160 2.1223 2.3532
2790 1395.0 1.5950 1.5146 1.5950 2.1231 2.3520
2800 1400.0 1.5604 4.0098 1.5604 2.1674 2.2843
2810 1405.0 1.5817 2.3352 1.5817 2.1625 2.2236
2820 1410.0 1.5924 1.6563 1.5924 2.1306 2.1910
2830 1415.0 1.5832 2.2333 1.5832 2.1596 2.1469
2840 1420.0 1.5764 2.7093 1.5764 2.1941 2.1271
2850 1425.0 1.5862 2.0349 1.5862 2.1855 2.1565
2860 1430.0 1.6296 0.2082 1.6296 2.1185 2.2512
2870 1435.0 1.5746 2.8389 1.5746 2.1957 2.2640
2880 1440.0 1.5654 3.5763 1.5654 2.2254 2.2833
2890 1445.0 1.6197 0.4588 1.6197 2.1695 2.3143
2900 1450.0 1.6307 0.1871 1.6307 2.1749 2.3387
2910 1455.0 1.5712 3.1037 1.5712 2.2806 2.2726
2920 1460.0 1.5821 2.3076 1.5821 2.2762 2.2524
2930 1465.0 1.6400 0.0502 1.6400 2.2088 2.2573
2940 1470.0 1.5994 1.2817 1.5994 2.2392 2.2174
2950 1475.0 1.5888 1.8749 1.5888 2.2431 2.2091
2960 1480.0 1.6120 0.7232 1.6120 2.2012 2.2429
2970 1485.0 1.6065 0.9468 1.6065 2.2011 2.2642
2980 1490.0 1.5832 2.2333 1.5832 2.2253 2.2567
2990 1495.0 1.5941 1.5643 1.5941 2.2188 2.2510
3000 1500.0 1.6280 0.2415 1.6280 2.1884 2.2707
3010 1505.0 1.5899 1.8056 1.5899 2.2456 2.2919
3020 1510.0 1.5925 1.6546 1.5925 2.2426 2.3177
3030 1515.0 1.6124 0.7055 1.6124 2.2250 2.2878
3040 1520.0 1.5968 1.4141 1.5968 2.2678 2.2421
3050 1525.0 1.5943 1.5487 1.5943 2.3068 2.2447
3060 1530.0 1.6244 0.3284 1.6244 2.2903 2.2974
3070 1535.0 1.6413 0.0379 1.6413 2.2824 2.3514
3080 1540.0 1.6106 0.7758 1.6106 2.3254 2.3918
3090 1545.0 1.5490 5.0955 1.5490 2.4493 2.3401
3100 1550.0 1.5995 1.2769 1.5995 2.4264 2.4091
3110 1555.0 1.6637 0.0934 1.6637 2.3740 2.4181
3120 1560.0 1.6052 1.0048 1.6052 2.4752 2.3528
3130 1565.0 1.5712 3.1015 1.5712 2.5537 2.2904
3140 1570.0 1.6010 1.1985 1.6010 2.5181 2.2921
3150 1575.0 1.6254 0.3031 1.6254 2.4427 2.3333
3160 1580.0 1.6134 0.6712 1.6134 2.3970 2.4022
3170 1585.0 1.5995 1.2761 1.5995 2.3936 2.4748
3180 1590.0 1.5738 2.9042 1.5738 2.3864 2.5404
3190 1595.0 1.5983 1.3357 1.5983 2.3048 2.6288
3200 1600.0 1.5862 2.0335 1.5862 2.2558 2.5659
3210 1605.0 1.6106 0.7758 1.6106 2.1751 2.5750
3220 1610.0 1.5898 1.8093 1.5898 2.1620 2.5198
3230 1615.0 1.5511 4.8922 1.5511 2.1848 2.4571
3240 1620.0 1.6091 0.8371 1.6091 2.0981 2.4363
3250 1625.0 1.6096 0.8153 1.6096 2.1183 2.3593
3260 1630.0 1.5331 6.8334 1.5331 2.2367 2.2342
3270 1635.0 1.6250 0.3133 1.6250 2.1932 2.1936
3280 1640.0 1.6382 0.0693 1.6382 2.2039 2.1446
3290 1645.0 1.5499 5.0122 1.5499 2.2699 2.1197
3300 1650.0 1.5749 2.8220 1.5749 2.2258 2.1657
3310 1655.0 1.6160 0.5785 1.6160 2.0876 2.2542
3320 1660.0 1.6319 0.1631 1.6319 2.1104 2.2371
3330 1665.0 1.6087 0.8525 1.6087 2.2572 2.1457
3340 1670.0 1.5689 3.2896 1.5689 2.3611 2.0716
3350 1675.0 1.6496 0.0001 1.6496 2.2917 2.1000
3360 1680.0 1.7052 1.5260 1.7052 2.2472 2.1364
3370 1685.0 1.6486 0.0010 1.6486 2.3105 2.1041
3380 1690.0 1.5730 2.9668 1.5730 2.3839 2.0945
3390 1695.0 1.5972 1.3914 1.5972 2.3185 2.1940
3400 1700.0 1.6532 0.0052 1.6532 2.1987 2.2418
3410 1705.0 1.6447 0.0138 1.6447 2.2173 2.2717
3420 1710.0 1.5736 2.9160 1.5736 2.3310 2.2336
3430 1715.0 1.5940 1.5675 1.5940 2.3161 2.1743
3440 1720.0 1.6538 0.0071 1.6538 2.2895 2.1828
3450 1725.0 1.6300 0.1995 1.6300 2.3322 2.1866
3460 1730.0 1.5820 2.3129 1.5820 2.3790 2.2257
3470 1735.0 1.5984 1.3307 1.5984 2.3050 2.3248
3480 1740.0 1.5541 4.5955 1.5541 2.2848 2.3673
3490 1745.0 1.6238 0.3437 1.6238 2.3655 2.4012
3500 1750.0 1.5895 1.8321 1.5895 2.5096 2.4242
3510 1755.0 1.6211 0.4168 1.6211 2.5590 2.4121
3520 1760.0 1.6442 0.0167 1.6442 2.5977 2.3506
3530 1765.0 1.6089 0.8431 1.6089 2.6704 2.2235
3540 1770.0 1.5767 2.6829 1.5767 2.6943 2.1511
3550 1775.0 1.5769 2.6737 1.5769 2.5642 2.2107
3560 1780.0 1.5716 3.0763 1.5716 2.4311 2.3162
3570 1785.0 1.6893 0.7706 1.6893 2.3721 2.3680
3580 1790.0 1.6429 0.0252 1.6429 2.4444 2.3857
3590 1795.0 1.4621 17.6605 1.4621 2.5807 2.3429
3600 1800.0 1.6144 0.6333 1.6144 2.3780 2.3540
3610 1805.0 1.7302 3.2150 1.7302 2.1620 2.3717
3620 1810.0 1.6074 0.9092 1.6074 2.2285 2.2387
3630 1815.0 1.5005 11.1730 1.5005 2.3130 2.1705
3640 1820.0 1.5823 2.2906 1.5823 2.1765 2.0634
3650 1825.0 1.6865 0.6645 1.6865 2.0990 2.0092
3660 1830.0 1.6085 0.8597 1.6085 2.2760 1.8327
3670 1835.0 1.5386 6.2104 1.5386 2.5046 1.5999
3680 1840.0 1.7391 3.9666 1.7391 2.5362 1.5310
3690 1845.0 1.7185 2.3471 1.7185 2.6735 1.5235
3700 1850.0 1.5580 4.2274 1.5580 2.8546 1.5600
3710 1855.0 1.6305 0.1903 1.6305 2.8800 1.6906
3720 1860.0 1.6772 0.3689 1.6772 2.8694 1.7210
3730 1865.0 1.5482 5.1782 1.5482 2.9604 1.6351
3740 1870.0 1.6128 0.6936 1.6128 2.9996 1.5361
3750 1875.0 1.7249 2.8086 1.7249 2.8619 1.4569
3760 1880.0 1.6365 0.0910 1.6365 2.8504 1.4326
3770 1885.0 1.6113 0.7496 1.6113 2.8113 1.5408
3780 1890.0 1.6735 0.2753 1.6735 2.7031 1.5978
3790 1895.0 1.6244 0.3269 1.6244 2.7079 1.5661
3800 1900.0 1.6174 0.5314 1.6174 2.7216 1.4898
3810 1905.0 1.7292 3.1380 1.7292 2.6388 1.4699
3820 1910.0 1.6611 0.0620 1.6611 2.6925 1.4796
3830 1915.0 1.5470 5.3074 1.5470 2.7184 1.5286
3840 1920.0 1.6789 0.4169 1.6789 2.6324 1.5694
3850 1925.0 1.6957 1.0449 1.6957 2.6559 1.5815
3860 1930.0 1.5588 4.1579 1.5588 2.8033 1.5326
3870 1935.0 1.6644 0.1034 1.6644 2.8284 1.5418
3880 1940.0 1.7108 1.8491 1.7108 2.8308 1.5828
3890 1945.0 1.5495 5.0524 1.5495 2.9028 1.5771
3900 1950.0 1.6238 0.3422 1.6238 2.8557 1.6116
3910 1955.0 1.6787 0.4108 1.6787 2.8052 1.6481
3920 1960.0 1.5670 3.4416 1.5670 2.8728 1.5582
3930 1965.0 1.6718 0.2377 1.6718 2.8310 1.5062
3940 1970.0 1.7264 2.9192 1.7264 2.7872 1.4596
3950 1975.0 1.5924 1.6595 1.5924 2.8086 1.4354
3960 1980.0 1.6382 0.0696 1.6382 2.6387 1.5697
3970 1985.0 1.6920 0.8816 1.6920 2.5420 1.6468
3980 1990.0 1.5822 2.3002 1.5822 2.6876 1.5353
3990 1995.0 1.6175 0.5294 1.6175 2.7407 1.4864
4000 2000.0 1.7254 2.8462 1.7254 2.7261 1.5223
4010 2005.0 1.6121 0.7200 1.6121 2.8216 1.5225
4020 2010.0 1.5803 2.4314 1.5803 2.8939 1.5620
4030 2015.0 1.6967 1.0884 1.6967 2.9215 1.6077
4040 2020.0 1.6164 0.5654 1.6164 2.9672 1.5193
4050 2025.0 1.5904 1.7785 1.5904 2.9638 1.4756
4060 2030.0 1.7193 2.4008 1.7193 2.8587 1.4994
4070 2035.0 1.6694 0.1884 1.6694 2.7838 1.4964
4080 2040.0 1.6090 0.8395 1.6090 2.6852 1.5020
4090 2045.0 1.6753 0.3188 1.6753 2.5426 1.5528
4100 2050.0 1.6336 0.1342 1.6336 2.4763 1.5817
4110 2055.0 1.5965 1.4308 1.5965 2.4515 1.6014
4120 2060.0 1.6658 0.1244 1.6658 2.3496 1.6385
4130 2065.0 1.6998 1.2400 1.6998 2.3863 1.6110
4140 2070.0 1.6145 0.6315 1.6145 2.5445 1.5620
4150 2075.0 1.6385 0.0667 1.6385 2.6613 1.5304
4160 2080.0 1.7084 1.7058 1.7084 2.7678 1.5104
4170 2085.0 1.6334 0.1373 1.6334 2.9631 1.5043
4180 2090.0 1.6402 0.0478 1.6402 3.0007 1.4968
4190 2095.0 1.7239 2.7328 1.7239 2.9347 1.4921
4200 2100.0 1.6551 0.0128 1.6551 2.9851 1.4649
4210 2105.0 1.6314 0.1726 1.6314 3.0268 1.4721
4220 2110.0 1.7331 3.4548 1.7331 2.9845 1.5140
4230 2115.0 1.6314 0.1732 1.6314 2.9420 1.4882
4240 2120.0 1.6419 0.0325 1.6419 2.8144 1.4781
4250 2125.0 1.7393 3.9908 1.7393 2.6501 1.5012
4260 2130.0 1.6298 0.2039 1.6298 2.6709 1.4842
4270 2135.0 1.6168 0.5507 1.6168 2.6068 1.5576
4280 2140.0 1.7055 1.5375 1.7055 2.4803 1.6223
4290 2145.0 1.6705 0.2098 1.6705 2.5222 1.6161
4300 2150.0 1.5877 1.9394 1.5877 2.6084 1.5798
4310 2155.0 1.7081 1.6873 1.7081 2.5049 1.6145
4320 2160.0 1.7373 3.8133 1.7373 2.5078 1.5723
4330 2165.0 1.6907 0.8282 1.6907 2.5589 1.5281
4340 2170.0 1.6601 0.0510 1.6601 2.5511 1.5627
4350 2175.0 1.6698 0.1956 1.6698 2.4858 1.6141
4360 2180.0 1.6498 0.0000 1.6498 2.4464 1.6204
4370 2185.0 1.6704 0.2086 1.6704 2.4514 1.5458
4380 2190.0 1.7095 1.7701 1.7095 2.4836 1.4502
4390 2195.0 1.7211 2.5307 1.7211 2.4347 1.4591
4400 2200.0 1.7029 1.3978 1.7029 2.3261 1.5464
4410 2205.0 1.7045 1.4833 1.7045 2.2780 1.5942
4420 2210.0 1.6633 0.0880 1.6633 2.3422 1.5691
4430 2215.0 1.5596 4.0816 1.5596 2.4367 1.5439
4440 2220.0 1.7102 1.8123 1.7102 2.3619 1.5757
4450 2225.0 1.7188 2.3646 1.7188 2.4342 1.5105
4460 2230.0 1.5799 2.4601 1.5799 2.6127 1.4100
4470 2235.0 1.6802 0.4562 1.6802 2.5392 1.5153
4480 2240.0 1.7011 1.3037 1.7011 2.5136 1.6061
4490 2245.0 1.5737 2.9087 1.5737 2.6021 1.5946
4500 2250.0 1.6223 0.3840 1.6223 2.5673 1.5550
4510 2255.0 1.7379 3.8620 1.7379 2.4978 1.4839
4520 2260.0 1.6819 0.5087 1.6819 2.5195 1.4657
4530 2265.0 1.6181 0.5103 1.6181 2.4903 1.5827
4540 2270.0 1.6516 0.0012 1.6516 2.3875 1.7273
4550 2275.0 1.6811 0.4822 1.6811 2.3368 1.7837
4560 2280.0 1.5837 2.1950 1.5837 2.4441 1.7107
4570 2285.0 1.6635 0.0914 1.6635 2.4470 1.5877
4580 2290.0 1.7375 3.8309 1.7375 2.4522 1.4832
4590 2295.0 1.6849 0.6102 1.6849 2.4631 1.4864
4600 2300.0 1.6481 0.0018 1.6481 2.3995 1.5824
4610 2305.0 1.6680 0.1623 1.6680 2.3509 1.6531
4620 2310.0 1.6397 0.0531 1.6397 2.3967 1.6278
4630 2315.0 1.6036 1.0756 1.6036 2.4658 1.5522
4640 2320.0 1.7120 1.9214 1.7120 2.4450 1.4495
4650 2325.0 1.6988 1.1916 1.6988 2.3904 1.4913
4660 2330.0 1.5738 2.9046 1.5738 2.3660 1.5849
4670 2335.0 1.6070 0.9248 1.6070 2.3044 1.5810
4680 2340.0 1.7234 2.6972 1.7234 2.2659 1.4943
4690 2345.0 1.7031 1.4083 1.7031 2.3062 1.4573
4700 2350.0 1.5969 1.4117 1.5969 2.3208 1.5336
4710 2355.0 1.6381 0.0703 1.6381 2.2211 1.6439
4720 2360.0 1.6967 1.0891 1.6967 2.1922 1.6765
4730 2365.0 1.5762 2.7211 1.5762 2.3818 1.5992
4740 2370.0 1.6216 0.4041 1.6216 2.5076 1.5084
4750 2375.0 1.7401 4.0611 1.7401 2.5452 1.4868
4760 2380.0 1.6368 0.0866 1.6368 2.6738 1.4942
4770 2385.0 1.5911 1.7329 1.5911 2.7867 1.5443
4780 2390.0 1.6984 1.1733 1.6984 2.8826 1.5507
4790 2395.0 1.6260 0.2870 1.6260 3.0526 1.4843
4800 2400.0 1.6474 0.0034 1.6474 3.1717 1.4582
4810 2405.0 1.6581 0.0325 1.6581 3.1726 1.5189
4820 2410.0 1.5746 2.8448 1.5746 3.1898 1.5095
4830 2415.0 1.6878 0.7160 1.6878 3.0217 1.5238
4840 2420.0 1.6633 0.0880 1.6633 3.0009 1.5134
4850 2425.0 1.5731 2.9537 1.5731 3.0842 1.4671
4860 2430.0 1.7020 1.3531 1.7020 2.9633 1.4938
4870 2435.0 1.6606 0.0559 1.6606 2.9921 1.5391
4880 2440.0 1.5286 7.3727 1.5286 3.1109 1.5479
4890 2445.0 1.6712 0.2255 1.6712 2.9530 1.5947
4900 2450.0 1.6799 0.4469 1.6799 2.9412 1.5527
4910 2455.0 1.5829 2.2508 1.5829 3.0519 1.4458
4920 2460.0 1.7035 1.4325 1.7035 2.9188 1.4749
4930 2465.0 1.6811 0.4848 1.6811 2.7091 1.5279
4940 2470.0 1.5625 3.8241 1.5625 2.5095 1.5298
4950 2475.0 1.6505 0.0001 1.6505 2.2728 1.5825
4960 2480.0 1.6783 0.4002 1.6783 2.2092 1.5086
4970 2485.0 1.5917 1.6978 1.5917 2.2674 1.3867
4980 2490.0 1.6945 0.9914 1.6945 2.1115 1.4929
4990 2495.0 1.6269 0.2657 1.6269 2.0974 1.5724
5000 2500.0 1.5591 4.1271 1.5591 2.2124 1.5369
5010 2505.0 1.6902 0.8070 1.6902 2.2097 1.4968
5020 2510.0 1.7081 1.6883 1.7081 2.2127 1.5054
5030 2515.0 1.6835 0.5624 1.6835 2.2499 1.5028
5040 2520.0 1.6890 0.7586 1.6890 2.3102 1.4730
5050 2525.0 1.6754 0.3224 1.6754 2.3383 1.4653
5060 2530.0 1.6804 0.4612 1.6804 2.3804 1.4802
5070 2535.0 1.6460 0.0082 1.6460 2.3318 1.5515
5080 2540.0 1.6033 1.0928 1.6033 2.2863 1.6222
5090 2545.0 1.6467 0.0053 1.6467 2.2106 1.6761
5100 2550.0 1.6075 0.9032 1.6075 2.2391 1.6770
5110 2555.0 1.6260 0.2877 1.6260 2.2729 1.6289
5120 2560.0 1.6915 0.8625 1.6915 2.3225 1.5407
5130 2565.0 1.6485 0.0011 1.6485 2.4150 1.4789
5140 2570.0 1.6408 0.0419 1.6408 2.3995 1.5054
5150 2575.0 1.6657 0.1231 1.6657 2.3038 1.5990
5160 2580.0 1.6084 0.8654 1.6084 2.3006 1.6730
5170 2585.0 1.5916 1.7045 1.5916 2.2985 1.7211
5180 2590.0 1.6368 0.0867 1.6368 2.2809 1.7269
5190 2595.0 1.6261 0.2854 1.6261 2.3191 1.7017
5200 2600.0 1.6050 1.0132 1.6050 2.3977 1.6418
5210 2605.0 1.6434 0.0216 1.6434 2.4192 1.6049
5220 2610.0 1.6575 0.0280 1.6575 2.4738 1.5613
5230 2615.0 1.5937 1.5825 1.5937 2.5487 1.5229
5240 2620.0 1.6757 0.3306 1.6757 2.4754 1.5428
5250 2625.0 1.6757 0.3296 1.6757 2.4147 1.5894
5260 2630.0 1.5905 1.7713 1.5905 2.3967 1.6517
5270 2635.0 1.6211 0.4162 1.6211 2.3447 1.6742
5280 2640.0 1.6807 0.4708 1.6807 2.3089 1.6400
5290 2645.0 1.6578 0.0308 1.6578 2.3961 1.5500
5300 2650.0 1.6488 0.0007 1.6488 2.4903 1.4566
5310 2655.0 1.7192 2.3938 1.7192 2.4310 1.4882
5320 2660.0 1.6724 0.2499 1.6724 2.3675 1.6303
5330 2665.0 1.6042 1.0503 1.6042 2.3743 1.7313
5340 2670.0 1.6154 0.5979 1.6154 2.4089 1.7088
5350 2675.0 1.6324 0.1544 1.6324 2.4813 1.6174
5360 2680.0 1.6441 0.0172 1.6441 2.6171 1.4865
5370 2685.0 1.7076 1.6588 1.7076 2.6781 1.4116
5380 2690.0 1.7402 4.0724 1.7402 2.5966 1.5365
5390 2695.0 1.7172 2.2564 1.7172 2.5290 1.6874
5400 2700.0 1.6108 0.7684 1.6108 2.6010 1.7829
5410 2705.0 1.5222 8.1672 1.5222 2.6638 1.8224
5420 2710.0 1.6681 0.1637 1.6681 2.5850 1.7575
5430 2715.0 1.6897 0.7888 1.6897 2.6888 1.5807
5440 2720.0 1.6132 0.6776 1.6132 2.7963 1.3787
5450 2725.0 1.7144 2.0734 1.7144 2.6975 1.4811
5460 2730.0 1.7341 3.5349 1.7341 2.5531 1.6870
5470 2735.0 1.6024 1.1346 1.6024 2.5754 1.7900
5480 2740.0 1.5563 4.3920 1.5563 2.5846 1.8228
5490 2745.0 1.6468 0.0052 1.6468 2.4490 1.8633
5500 2750.0 1.7029 1.3982 1.7029 2.3548 1.9018
5510 2755.0 1.6639 0.0973 1.6639 2.3917 1.9038
5520 2760.0 1.5576 4.2704 1.5576 2.5527 1.8273
5530 2765.0 1.5638 3.7184 1.5638 2.6200 1.7468
5540 2770.0 1.7044 1.4809 1.7044 2.5719 1.6766
5550 2775.0 1.7106 1.8388 1.7106 2.5266 1.6235
5560 2780.0 1.6023 1.1395 1.6023 2.5765 1.6006
5570 2785.0 1.6260 0.2873 1.6260 2.5052 1.6637
5580 2790.0 1.6670 0.1443 1.6670 2.4190 1.7602
5590 2795.0 1.6649 0.1112 1.6649 2.3673 1.8679
5600 2800.0 1.6250 0.3115 1.6250 2.3916 1.8960
5610 2805.0 1.5692 3.2663 1.5692 2.4442 1.9021
5620 2810.0 1.5832 2.2285 1.5832 2.4002 1.9026
5630 2815.0 1.6887 0.7486 1.6887 2.2789 1.9093
5640 2820.0 1.6631 0.0855 1.6631 2.2991 1.8471
5650 2825.0 1.5807 2.3991 1.5807 2.3793 1.7795
5660 2830.0 1.6116 0.7374 1.6116 2.3775 1.7156
5670 2835.0 1.6695 0.1897 1.6695 2.3282 1.6418
5680 2840.0 1.6575 0.0282 1.6575 2.2465 1.5669
5690 2845.0 1.6552 0.0134 1.6552 2.2472 1.4883
5700 2850.0 1.6832 0.5521 1.6832 2.3108 1.4195
5710 2855.0 1.6711 0.2228 1.6711 2.3456 1.4866
5720 2860.0 1.6512 0.0008 1.6512 2.4209 1.6127
5730 2865.0 1.6753 0.3199 1.6753 2.4422 1.6834
5740 2870.0 1.6008 1.2114 1.6008 2.4985 1.7078
5750 2875.0 1.6048 1.0193 1.6048 2.4920 1.7262
5760 2880.0 1.6705 0.2100 1.6705 2.4816 1.6923
5770 2885.0 1.6738 0.2840 1.6738 2.5031 1.6673
5780 2890.0 1.6199 0.4517 1.6199 2.5297 1.6704
5790 2895.0 1.6294 0.2118 1.6294 2.5554 1.6704
5800 2900.0 1.6072 0.9138 1.6072 2.5710 1.6887
5810 2905.0 1.5800 2.4527 1.5800 2.5443 1.7225
5820 2910.0 1.6510 0.0005 1.6510 2.4687 1.7287
5830 2915.0 1.6414 0.0373 1.6414 2.5132 1.6450
5840 2920.0 1.6371 0.0833 1.6371 2.5983 1.5308
5850 2925.0 1.6823 0.5228 1.6823 2.5533 1.5466
5860 2930.0 1.6857 0.6378 1.6857 2.4715 1.6460
5870 2935.0 1.6398 0.0516 1.6398 2.4626 1.7329
5880 2940.0 1.5714 3.0852 1.5714 2.4778 1.7909
5890 2945.0 1.6189 0.4831 1.6189 2.4433 1.8154
5900 2950.0 1.6751 0.3147 1.6751 2.4107 1.8119
5910 2955.0 1.6397 0.0530 1.6397 2.4877 1.7480
5920 2960.0 1.5898 1.8125 1.5898 2.6357 1.6247
5930 2965.0 1.6404 0.0463 1.6404 2.6603 1.5372
5940 2970.0 1.7463 4.6396 1.7463 2.5953 1.4982
5950 2975.0 1.7391 3.9698 1.7391 2.6541 1.4817
5960 2980.0 1.6124 0.7057 1.6124 2.6809 1.4958
5970 2985.0 1.6151 0.6091 1.6151 2.6167 1.5394
5980 2990.0 1.6946 0.9953 1.6946 2.5100 1.5809
5990 2995.0 1.6486 0.0010 1.6486 2.5793 1.4988
6000 3000.0 1.6313 0.1741 1.6313 2.6061 1.4665
6010 3005.0 1.7039 1.4528 1.7039 2.4589 1.5662
6020 3010.0 1.7252 2.8276 1.7252 2.3950 1.5905
6030 3015.0 1.6902 0.8093 1.6902 2.5041 1.4824
6040 3020.0 1.5972 1.3922 1.5972 2.6018 1.4360
6050 3025.0 1.6827 0.5334 1.6827 2.4291 1.5972
6060 3030.0 1.6930 0.9248 1.6930 2.3996 1.6622
6070 3035.0 1.5675 3.3997 1.5675 2.5798 1.5242
6080 3040.0 1.6777 0.3846 1.6777 2.6253 1.4209
6090 3045.0 1.7743 7.7195 1.7743 2.5325 1.5026
6100 3050.0 1.5851 2.1048 1.5851 2.5817 1.5574
6110 3055.0 1.5546 4.5529 1.5546 2.5644 1.5900
6120 3060.0 1.7573 5.7555 1.7573 2.4982 1.5668
6130 3065.0 1.6977 1.1372 1.6977 2.6000 1.4621
6140 3070.0 1.5749 2.8206 1.5749 2.6792 1.4166
6150 3075.0 1.7162 2.1910 1.7162 2.4783 1.5373
6160 3080.0 1.7233 2.6847 1.7233 2.3324 1.6647
6170 3085.0 1.5835 2.2095 1.5835 2.4257 1.6291
6180 3090.0 1.5783 2.5692 1.5783 2.5083 1.5471
6190 3095.0 1.7300 3.1961 1.7300 2.4987 1.4689
6200 3100.0 1.7918 10.0501 1.7918 2.4192 1.4730
6210 3105.0 1.6918 0.8742 1.6918 2.4250 1.5607
6220 3110.0 1.6120 0.7206 1.6120 2.5333 1.5668
6230 3115.0 1.6004 1.2306 1.6004 2.6418 1.4559
6240 3120.0 1.7448 4.4926 1.7448 2.5520 1.4806
6250 3125.0 1.7502 5.0156 1.7502 2.5412 1.5056
6260 3130.0 1.5492 5.0782 1.5492 2.6666 1.4913
6270 3135.0 1.6609 0.0594 1.6609 2.5578 1.5497
6280 3140.0 1.7426 4.2910 1.7426 2.5193 1.5329
6290 3145.0 1.5973 1.3909 1.5973 2.6814 1.4155
6300 3150.0 1.6628 0.0823 1.6628 2.5716 1.4907
6310 3155.0 1.7410 4.1428 1.7410 2.4341 1.6123
6320 3160.0 1.6467 0.0054 1.6467 2.5024 1.5881
6330 3165.0 1.6179 0.5149 1.6179 2.5414 1.4722
6340 3170.0 1.6668 0.1413 1.6668 2.5332 1.4196
6350 3175.0 1.7150 2.1144 1.7150 2.4683 1.5741
6360 3180.0 1.6951 1.0162 1.6951 2.4394 1.6602
6370 3185.0 1.5945 1.5398 1.5945 2.5433 1.6090
6380 3190.0 1.6151 0.6083 1.6151 2.5533 1.5617
6390 3195.0 1.7068 1.6136 1.7068 2.4578 1.5078
6400 3200.0 1.6830 0.5461 1.6830 2.4741 1.4789
6410 3205.0 1.6028 1.1124 1.6028 2.5280 1.5138
6420 3210.0 1.6393 0.0570 1.6393 2.5062 1.5811
6430 3215.0 1.7056 1.5450 1.7056 2.4186 1.6251
6440 3220.0 1.6776 0.3822 1.6776 2.4337 1.6018
6450 3225.0 1.5985 1.3238 1.5985 2.5277 1.5078
6460 3230.0 1.7049 1.5090 1.7049 2.5055 1.4801
6470 3235.0 1.7415 4.1877 1.7415 2.5179 1.4903
6480 3240.0 1.5810 2.3779 1.5810 2.6346 1.4466
6490 3245.0 1.6696 0.1915 1.6696 2.5663 1.5537
6500 3250.0 1.6972 1.1125 1.6972 2.5648 1.6044
6510 3255.0 1.5583 4.2023 1.5583 2.7113 1.5294
6520 3260.0 1.6767 0.3569 1.6767 2.7350 1.5062
6530 3265.0 1.7691 7.0890 1.7691 2.7164 1.5016
6540 3270.0 1.5816 2.3374 1.5816 2.7362 1.4667
6550 3275.0 1.6292 0.2171 1.6292 2.6087 1.5236
6560 3280.0 1.7432 4.3447 1.7432 2.3978 1.6334
6570 3285.0 1.6016 1.1720 1.6016 2.4597 1.5911
6580 3290.0 1.5886 1.8822 1.5886 2.4873 1.5536
6590 3295.0 1.7106 1.8337 1.7106 2.4597 1.5176
6600 3300.0 1.7996 11.1968 1.7996 2.4890 1.4680
6610 3305.0 1.7369 3.7794 1.7369 2.5056 1.4735
6620 3310.0 1.6381 0.0714 1.6381 2.5088 1.5626
6630 3315.0 1.5999 1.2559 1.5999 2.5298 1.6967
6640 3320.0 1.5959 1.4661 1.5959 2.5342 1.7923
6650 3325.0 1.6469 0.0049 1.6469 2.5383 1.8261
6660 3330.0 1.6370 0.0840 1.6370 2.6176 1.7729
6670 3335.0 1.6026 1.1211 1.6026 2.7679 1.6568
6680 3340.0 1.6902 0.8069 1.6902 2.8950 1.4794
6690 3345.0 1.6883 0.7353 1.6883 3.0311 1.3785
6700 3350.0 1.6543 0.0093 1.6543 2.9110 1.4884
6710 3355.0 1.6428 0.0261 1.6428 2.7462 1.6390
6720 3360.0 1.5905 1.7717 1.5905 2.7014 1.6913
6730 3365.0 1.5850 2.1103 1.5850 2.7644 1.6172
6740 3370.0 1.7136 2.0196 1.7136 2.8347 1.4922
6750 3375.0 1.6754 0.3235 1.6754 2.9075 1.3813
6760 3380.0 1.6190 0.4816 1.6190 2.7409 1.5463
6770 3385.0 1.6474 0.0033 1.6474 2.5485 1.7206
6780 3390.0 1.6103 0.7898 1.6103 2.4321 1.7845
6790 3395.0 1.6017 1.1669 1.6017 2.3502 1.7921
6800 3400.0 1.5795 2.4834 1.5795 2.2797 1.7930
6810 3405.0 1.6140 0.6491 1.6140 2.3017 1.7768
6820 3410.0 1.6009 1.2030 1.6009 2.3429 1.7848
6830 3415.0 1.6116 0.7381 1.6116 2.3581 1.7938
6840 3420.0 1.6148 0.6201 1.6148 2.4660 1.7199
6850 3425.0 1.6273 0.2579 1.6273 2.6622 1.5206
6860 3430.0 1.7341 3.5399 1.7341 2.8302 1.3764
6870 3435.0 1.7057 1.5498 1.7057 2.8158 1.4355
6880 3440.0 1.5856 2.0715 1.5856 2.7617 1.5482
6890 3445.0 1.6213 0.4125 1.6213 2.7085 1.5979
6900 3450.0 1.6593 0.0430 1.6593 2.7686 1.5555
6910 3455.0 1.6338 0.1315 1.6338 2.8194 1.4338
6920 3460.0 1.6965 1.0794 1.6965 2.6215 1.4401
6930 3465.0 1.6828 0.5365 1.6828 2.4145 1.5299
6940 3470.0 1.5598 4.0695 1.5598 2.3326 1.5803
6950 3475.0 1.6083 0.8694 1.6083 2.2432 1.6010
6960 3480.0 1.6320 0.1627 1.6320 2.2171 1.5860
6970 3485.0 1.6171 0.5425 1.6171 2.1215 1.4832
6980 3490.0 1.6753 0.3190 1.6753 2.1328 1.3872
6990 3495.0 1.6433 0.0223 1.6433 2.1614 1.4865
7000 3500.0 1.6394 0.0563 1.6394 2.2933 1.5841
7010 3505.0 1.5699 3.2092 1.5699 2.4638 1.6491
7020 3510.0 1.6164 0.5659 1.6164 2.4342 1.7192
7030 3515.0 1.6493 0.0003 1.6493 2.4836 1.7137
7040 3520.0 1.5947 1.5308 1.5947 2.6996 1.5728
7050 3525.0 1.6679 0.1599 1.6679 2.7237 1.4188
7060 3530.0 1.7670 6.8436 1.7670 2.7126 1.3861
7070 3535.0 1.6423 0.0293 1.6423 2.7990 1.5571
7080 3540.0 1.5447 5.5394 1.5447 2.8088 1.6867
7090 3545.0 1.6592 0.0420 1.6592 2.7705 1.6559
7100 3550.0 1.7160 2.1786 1.7160 2.8750 1.4411
7110 3555.0 1.6351 0.1109 1.6351 2.8950 1.3408
7120 3560.0 1.6510 0.0005 1.6510 2.6342 1.5647
7130 3565.0 1.6636 0.0920 1.6636 2.4546 1.6884
7140 3570.0 1.5462 5.3876 1.5462 2.4609 1.6368
7150 3575.0 1.6602 0.0522 1.6602 2.4490 1.4613
7160 3580.0 1.7753 7.8559 1.7753 2.3975 1.4024
7170 3585.0 1.5958 1.4713 1.5958 2.3421 1.5206
7180 3590.0 1.5706 3.1505 1.5706 2.2922 1.6075
7190 3595.0 1.7226 2.6344 1.7226 2.3442 1.4793
7200 3600.0 1.7296 3.1672 1.7296 2.4856 1.3509
7210 3605.0 1.6078 0.8892 1.6078 2.4693 1.5353
7220 3610.0 1.6288 0.2244 1.6288 2.4842 1.6426
7230 3615.0 1.6759 0.3352 1.6759 2.6288 1.5263
7240 3620.0 1.6705 0.2102 1.6705 2.7904 1.3736
7250 3625.0 1.6627 0.0810 1.6627 2.8079 1.4869
7260 3630.0 1.6374 0.0799 1.6374 2.7979 1.5858
7270 3635.0 1.6274 0.2545 1.6274 2.8135 1.5497
7280 3640.0 1.6861 0.6504 1.6861 2.8234 1.4455
7290 3645.0 1.7083 1.7015 1.7083 2.8364 1.4030
7300 3650.0 1.6406 0.0439 1.6406 2.7781 1.5021
7310 3655.0 1.6292 0.2166 1.6292 2.7081 1.6137
7320 3660.0 1.6368 0.0869 1.6368 2.6472 1.6534
7330 3665.0 1.6232 0.3595 1.6232 2.6805 1.5878
7340 3670.0 1.6528 0.0040 1.6528 2.6209 1.4752
7350 3675.0 1.6638 0.0950 1.6638 2.5222 1.4951
7360 3680.0 1.6286 0.2281 1.6286 2.4933 1.6089
7370 3685.0 1.5847 2.1311 1.5847 2.5061 1.7733
7380 3690.0 1.6149 0.6145 1.6149 2.3443 1.9588
7390 3695.0 1.6337 0.1335 1.6337 2.2503 2.1506
7400 3700.0 1.6103 0.7864 1.6103 2.2392 2.3928
7410 3705.0 1.5685 3.3203 1.5685 2.3380 2.2803
7420 3710.0 1.6139 0.6523 1.6139 2.3471 2.2080
7430 3715.0 1.6287 0.2264 1.6287 2.3260 2.2200
7440 3720.0 1.5786 2.5518 1.5786 2.2848 2.2580
7450 3725.0 1.5879 1.9281 1.5879 2.1962 2.3240
7460 3730.0 1.6255 0.3007 1.6255 2.1267 2.1472
7470 3735.0 1.6695 0.1899 1.6695 2.2213 2.0123
7480 3740.0 1.5925 1.6558 1.5925 2.4110 1.8621
7490 3745.0 1.5958 1.4676 1.5958 2.5221 1.7586
7500 3750.0 1.6864 0.6613 1.6864 2.5449 1.6745
7510 3755.0 1.6262 0.2835 1.6262 2.6992 1.4949
7520 3760.0 1.6695 0.1902 1.6695 2.7338 1.3730
7530 3765.0 1.6980 1.1517 1.6980 2.6181 1.4836
7540 3770.0 1.6347 0.1166 1.6347 2.5522 1.6109
7550 3775.0 1.6037 1.0707 1.6037 2.5371 1.6379
7560 3780.0 1.6674 0.1506 1.6674 2.4529 1.6073
7570 3785.0 1.6744 0.2966 1.6744 2.4167 1.5178
7580 3790.0 1.6432 0.0231 1.6432 2.3906 1.4924
7590 3795.0 1.6639 0.0961 1.6639 2.3111 1.5614
7600 3800.0 1.7108 1.8495 1.7108 2.2641 1.6489
7610 3805.0 1.5797 2.4693 1.5797 2.3860 1.6398
7620 3810.0 1.5804 2.4194 1.5804 2.4676 1.5651
7630 3815.0 1.7088 1.7302 1.7088 2.5083 1.5144
7640 3820.0 1.6587 0.0378 1.6587 2.6275 1.4579
7650 3825.0 1.6129 0.6866 1.6129 2.6979 1.4993
7660 3830.0 1.6724 0.2502 1.6724 2.6748 1.6217
7670 3835.0 1.6302 0.1958 1.6302 2.7092 1.6569
7680 3840.0 1.5648 3.6319 1.5648 2.7674 1.5649
7690 3845.0 1.6848 0.6045 1.6848 2.6688 1.5585
7700 3850.0 1.6912 0.8481 1.6912 2.5824 1.5271
7710 3855.0 1.5985 1.3276 1.5985 2.5674 1.4946
7720 3860.0 1.6594 0.0443 1.6594 2.4116 1.5824
7730 3865.0 1.6895 0.7784 1.6895 2.3142 1.6436
7740 3870.0 1.5803 2.4316 1.5803 2.3564 1.6777
7750 3875.0 1.5399 6.0638 1.5399 2.3393 1.7478
7760 3880.0 1.6378 0.0745 1.6378 2.1680 1.8370
7770 3885.0 1.6954 1.0328 1.6954 2.1144 1.8955
7780 3890.0 1.5256 7.7335 1.5256 2.2573 1.8893
7790 3895.0 1.5231 8.0538 1.5231 2.2684 1.8681
7800 3900.0 1.7165 2.2115 1.7165 2.1617 1.7911
7810 3905.0 1.6505 0.0001 1.6505 2.3465 1.5673
7820 3910.0 1.6018 1.1630 1.6018 2.5337 1.3698
7830 3915.0 1.7113 1.8815 1.7113 2.3539 1.4880
7840 3920.0 1.7205 2.4861 1.7205 2.1059 1.6979
7850 3925.0 1.6104 0.7861 1.6104 2.0948 1.7577
7860 3930.0 1.5645 3.6549 1.5645 2.2286 1.7081
7870 3935.0 1.4782 14.7587 1.4782 2.3230 1.6494
7880 3940.0 1.6681 0.1641 1.6681 2.1614 1.6631
7890 3945.0 1.7712 7.3466 1.7712 2.1807 1.5858
7900 3950.0 1.6321 0.1599 1.6321 2.4148 1.4237
7910 3955.0 1.5662 3.5083 1.5662 2.4215 1.5142
7920 3960.0 1.6851 0.6159 1.6851 2.1739 1.7188
7930 3965.0 1.6207 0.4283 1.6207 2.0837 1.8474
7940 3970.0 1.5976 1.3742 1.5976 2.2208 1.8020
7950 3975.0 1.5549 4.5233 1.5549 2.4858 1.6367
7960 3980.0 1.6299 0.2021 1.6299 2.5536 1.5107
7970 3985.0 1.8046 11.9517 1.8046 2.5054 1.4863
7980 3990.0 1.6400 0.0504 1.6400 2.6050 1.5035
7990 3995.0 1.5311 7.0636 1.5311 2.6191 1.6139
8000 4000.0 1.7082 1.6939 1.7082 2.4439 1.6946
8010 4005.0 1.6404 0.0465 1.6404 2.4896 1.6499
8020 4010.0 1.5431 5.7103 1.5431 2.6116 1.5128
8030 4015.0 1.7263 2.9097 1.7263 2.4482 1.4916
8040 4020.0 1.6987 1.1861 1.6987 2.3099 1.5774
8050 4025.0 1.5855 2.0832 1.5855 2.3199 1.6294
8060 4030.0 1.6214 0.4076 1.6214 2.4181 1.5899
8070 4035.0 1.5985 1.3277 1.5985 2.4655 1.5313
8080 4040.0 1.6725 0.2523 1.6725 2.3937 1.5698
8090 4045.0 1.6996 1.2311 1.6996 2.4079 1.5896
8100 4050.0 1.5935 1.5949 1.5935 2.5903 1.5014
8110 4055.0 1.6917 0.8685 1.6917 2.6983 1.4265
8120 4060.0 1.7534 5.3472 1.7534 2.7492 1.4443
8130 4065.0 1.5686 3.3126 1.5686 2.8006 1.4691
8140 4070.0 1.6124 0.7078 1.6124 2.7740 1.5970
8150 4075.0 1.7034 1.4273 1.7034 2.7359 1.6314
8160 4080.0 1.5659 3.5355 1.5659 2.8204 1.4889
8170 4085.0 1.6283 0.2365 1.6283 2.7849 1.4467
8180 4090.0 1.7711 7.3353 1.7711 2.6984 1.4733
8190 4095.0 1.5901 1.7945 1.5901 2.6578 1.4296
8200 4100.0 1.6096 0.8149 1.6096 2.4894 1.5332
8210 4105.0 1.7388 3.9453 1.7388 2.3353 1.6039
8220 4110.0 1.5811 2.3760 1.5811 2.4460 1.4558
8230 4115.0 1.6374 0.0796 1.6374 2.3781 1.4455
8240 4120.0 1.7681 6.9790 1.7681 2.2093 1.5388
8250 4125.0 1.6260 0.2873 1.6260 2.2878 1.5480
8260 4130.0 1.5641 3.6897 1.5641 2.3482 1.5682
8270 4135.0 1.6546 0.0106 1.6546 2.2535 1.5698
8280 4140.0 1.6941 0.9738 1.6941 2.2676 1.5012
8290 4145.0 1.6798 0.4447 1.6798 2.2918 1.4937
8300 4150.0 1.6792 0.4272 1.6792 2.3339 1.5013
8310 4155.0 1.6335 0.1354 1.6335 2.3745 1.5361
8320 4160.0 1.6004 1.2283 1.6004 2.3866 1.5843
8330 4165.0 1.6717 0.2365 1.6717 2.3645 1.6251
8340 4170.0 1.6182 0.5070 1.6182 2.4531 1.6227
8350 4175.0 1.6043 1.0420 1.6043 2.5593 1.5471
8360 4180.0 1.7027 1.3910 1.7027 2.5892 1.4874
8370 4185.0 1.6663 0.1325 1.6663 2.6380 1.4403
8380 4190.0 1.6010 1.1989 1.6010 2.6060 1.5028
8390 4195.0 1.6850 0.6114 1.6850 2.4446 1.6123
8400 4200.0 1.6287 0.2268 1.6287 2.4450 1.5735
8410 4205.0 1.5864 2.0203 1.5864 2.4771 1.4733
8420 4210.0 1.7474 4.7429 1.7474 2.3134 1.4763
8430 4215.0 1.7101 1.8070 1.7101 2.2470 1.4859
8440 4220.0 1.5738 2.9017 1.5738 2.2988 1.5221
8450 4225.0 1.5873 1.9670 1.5873 2.2374 1.5880
8460 4230.0 1.7058 1.5561 1.7058 2.1965 1.5716
8470 4235.0 1.6262 0.2826 1.6262 2.4110 1.4334
8480 4240.0 1.6427 0.0264 1.6427 2.5033 1.4634
8490 4245.0 1.7198 2.4345 1.7198 2.5604 1.5935
8500 4250.0 1.6006 1.2218 1.6006 2.7856 1.5546
8510 4255.0 1.6275 0.2522 1.6275 2.8447 1.4781
8520 4260.0 1.7416 4.1944 1.7416 2.7775 1.4262
8530 4265.0 1.6275 0.2534 1.6275 2.8555 1.3790
8540 4270.0 1.6474 0.0033 1.6474 2.7446 1.5045
8550 4275.0 1.6525 0.0030 1.6525 2.6666 1.6381
8560 4280.0 1.5544 4.5678 1.5544 2.7244 1.6596
8570 4285.0 1.6602 0.0519 1.6602 2.7103 1.5714
8580 4290.0 1.7227 2.6417 1.7227 2.6807 1.4013
8590 4295.0 1.6890 0.7613 1.6890 2.6523 1.3784
8600 4300.0 1.6616 0.0673 1.6616 2.4756 1.6170
8610 4305.0 1.5988 1.3109 1.5988 2.4010 1.7764
8620 4310.0 1.5910 1.7384 1.5910 2.3632 1.8558
8630 4315.0 1.5841 2.1686 1.5841 2.3625 1.8570
8640 4320.0 1.5799 2.4597 1.5799 2.4393 1.7686
8650 4325.0 1.5993 1.2864 1.5993 2.5177 1.6300
8660 4330.0 1.6923 0.8952 1.6923 2.6063 1.4435
8670 4335.0 1.7376 3.8337 1.7376 2.6544 1.4446
8680 4340.0 1.6400 0.0496 1.6400 2.7893 1.5248
8690 4345.0 1.6395 0.0548 1.6395 2.9522 1.5676
8700 4350.0 1.6920 0.8829 1.6920 2.9309 1.5524
8710 4355.0 1.6337 0.1331 1.6337 2.9635 1.4637
8720 4360.0 1.6696 0.1928 1.6696 2.9012 1.4444
8730 4365.0 1.6822 0.5168 1.6822 2.7985 1.5023
8740 4370.0 1.5965 1.4308 1.5965 2.8346 1.5340
8750 4375.0 1.5981 1.3450 1.5981 2.8256 1.5525
8760 4380.0 1.6711 0.2235 1.6711 2.8027 1.5236
8770 4385.0 1.6310 0.1802 1.6310 2.8838 1.4647
8780 4390.0 1.6219 0.3947 1.6219 2.9188 1.4580
8790 4395.0 1.6540 0.0080 1.6540 2.8888 1.5075
8800 4400.0 1.6448 0.0133 1.6448 2.8485 1.5413
8810 4405.0 1.5849 2.1219 1.5849 2.8463 1.5418
8820 4410.0 1.6289 0.2218 1.6289 2.8111 1.5546
8830 4415.0 1.6474 0.0034 1.6474 2.8360 1.4985
8840 4420.0 1.6167 0.5529 1.6167 2.8599 1.4796
8850 4425.0 1.6587 0.0377 1.6587 2.8658 1.4881
8860 4430.0 1.6623 0.0757 1.6623 2.9140 1.4735
8870 4435.0 1.6447 0.0141 1.6447 2.9644 1.4753
8880 4440.0 1.6412 0.0384 1.6412 2.9901 1.5329
8890 4445.0 1.6564 0.0203 1.6564 3.0193 1.5379
8900 4450.0 1.6526 0.0034 1.6526 2.9943 1.4653
8910 4455.0 1.6793 0.4281 1.6793 2.9722 1.4143
8920 4460.0 1.6911 0.8434 1.6911 2.9691 1.4377
8930 4465.0 1.6276 0.2509 1.6276 2.9021 1.4691
8940 4470.0 1.6299 0.2012 1.6299 2.8463 1.4722
8950 4475.0 1.6619 0.0705 1.6619 2.8007 1.4501
8960 4480.0 1.6481 0.0019 1.6481 2.7898 1.4432
8970 4485.0 1.6586 0.0370 1.6586 2.7755 1.4964
8980 4490.0 1.6364 0.0926 1.6364 2.8683 1.5108
8990 4495.0 1.6240 0.3379 1.6240 2.7188 1.4992
9000 4500.0 1.6732 0.2680 1.6732 2.5686 1.5259
9010 4505.0 1.6858 0.6400 1.6858 2.5177 1.4714
9020 4510.0 1.6464 0.0067 1.6464 2.5367 1.4847
9030 4515.0 1.6319 0.1647 1.6319 2.4864 1.6083
9040 4520.0 1.6638 0.0957 1.6638 2.4573 1.6727
9050 4525.0 1.6405 0.0452 1.6405 2.4878 1.6996
9060 4530.0 1.5986 1.3235 1.5986 2.5771 1.6882
9070 4535.0 1.6499 0.0000 1.6499 2.5866 1.6641
9080 4540.0 1.6788 0.4142 1.6788 2.5646 1.6879
9090 4545.0 1.6076 0.8973 1.6076 2.5535 1.7590
9100 4550.0 1.6009 1.2058 1.6009 2.4723 1.8616
9110 4555.0 1.6508 0.0003 1.6508 2.3488 1.9337
9120 4560.0 1.6214 0.4084 1.6214 2.3535 1.9245
9130 4565.0 1.6078 0.8906 1.6078 2.4159 1.8394
9140 4570.0 1.6474 0.0034 1.6474 2.4783 1.7125
9150 4575.0 1.6898 0.7907 1.6898 2.5402 1.5960
9160 4580.0 1.6560 0.0177 1.6560 2.6065 1.5239
9170 4585.0 1.6268 0.2682 1.6268 2.6597 1.4782
9180 4590.0 1.6583 0.0347 1.6583 2.6358 1.4680
9190 4595.0 1.6880 0.7218 1.6880 2.5612 1.4904
9200 4600.0 1.6618 0.0698 1.6618 2.5536 1.5352
9210 4605.0 1.6339 0.1292 1.6339 2.5174 1.6144
9220 4610.0 1.6375 0.0777 1.6375 2.4475 1.7001
9230 4615.0 1.6319 0.1631 1.6319 2.4064 1.7670
9240 4620.0 1.6209 0.4222 1.6209 2.3742 1.8232
9250 4625.0 1.6031 1.0992 1.6031 2.3697 1.8439
9260 4630.0 1.5805 2.4156 1.5805 2.3913 1.8353
9270 4635.0 1.6448 0.0135 1.6448 2.3659 1.8180
9280 4640.0 1.6221 0.3894 1.6221 2.4035 1.7695
9290 4645.0 1.5746 2.8397 1.5746 2.4724 1.7091
9300 4650.0 1.6279 0.2447 1.6279 2.4589 1.6858
9310 4655.0 1.6814 0.4943 1.6814 2.4477 1.6249
9320 4660.0 1.6307 0.1865 1.6307 2.4610 1.5705
9330 4665.0 1.6302 0.1951 1.6302 2.4526 1.6039
9340 4670.0 1.6485 0.0012 1.6485 2.4046 1.6800
9350 4675.0 1.6080 0.8802 1.6080 2.4166 1.6973
9360 4680.0 1.6370 0.0847 1.6370 2.4644 1.6301
9370 4685.0 1.7004 1.2705 1.7004 2.5253 1.5495
9380 4690.0 1.6565 0.0208 1.6565 2.6539 1.4958
9390 4695.0 1.6313 0.1744 1.6313 2.6070 1.5693
9400 4700.0 1.6791 0.4224 1.6791 2.5449 1.6119
9410 4705.0 1.6421 0.0316 1.6421 2.5740 1.5519
9420 4710.0 1.6527 0.0037 1.6527 2.6094 1.4724
9430 4715.0 1.6713 0.2264 1.6713 2.5220 1.5214
9440 4720.0 1.6746 0.3030 1.6746 2.4316 1.5912
9450 4725.0 1.6356 0.1035 1.6356 2.3909 1.6272
9460 4730.0 1.6364 0.0924 1.6364 2.3816 1.6204
9470 4735.0 1.6585 0.0360 1.6585 2.4263 1.5652
9480 4740.0 1.7042 1.4669 1.7042 2.5260 1.4821
9490 4745.0 1.6720 0.2420 1.6720 2.5870 1.5012
9500 4750.0 1.6229 0.3679 1.6229 2.6264 1.5881
9510 4755.0 1.6884 0.7356 1.6884 2.7163 1.5941
9520 4760.0 1.6429 0.0253 1.6429 2.7148 1.5090
9530 4765.0 1.6362 0.0950 1.6362 2.7252 1.4413
9540 4770.0 1.6993 1.2172 1.6993 2.6181 1.4855
9550 4775.0 1.6299 0.2022 1.6299 2.5625 1.5482
9560 4780.0 1.6010 1.2023 1.6010 2.5538 1.5549
9570 4785.0 1.6735 0.2758 1.6735 2.5593 1.5063
9580 4790.0 1.6514 0.0010 1.6514 2.6446 1.4365
9590 4795.0 1.6661 0.1292 1.6661 2.6267 1.4963
9600 4800.0 1.6262 0.2826 1.6262 2.6704 1.5667
9610 4805.0 1.6131 0.6792 1.6131 2.6355 1.5627
9620 4810.0 1.6937 0.9570 1.6937 2.4799 1.5130
9630 4815.0 1.6578 0.0306 1.6578 2.4116 1.4384
9640 4820.0 1.6302 0.1954 1.6302 2.3265 1.4649
9650 4825.0 1.6886 0.7446 1.6886 2.1888 1.5678
9660 4830.0 1.6052 1.0039 1.6052 2.2722 1.4967
9670 4835.0 1.6605 0.0546 1.6605 2.2135 1.5179
9680 4840.0 1.7035 1.4325 1.7035 2.1652 1.5594
9690 4845.0 1.6236 0.3475 1.6236 2.2807 1.4927
9700 4850.0 1.6371 0.0830 1.6371 2.2618 1.5432
9710 4855.0 1.6798 0.4442 1.6798 2.2383 1.5849
9720 4860.0 1.6193 0.4725 1.6193 2.3603 1.4881
9730 4865.0 1.6620 0.0724 1.6620 2.3829 1.4614
9740 4870.0 1.7068 1.6135 1.7068 2.3342 1.5251
9750 4875.0 1.6395 0.0556 1.6395 2.3794 1.5751
9760 4880.0 1.6105 0.7820 1.6105 2.4000 1.6270
9770 4885.0 1.6866 0.6696 1.6866 2.3881 1.6308
9780 4890.0 1.6347 0.1178 1.6347 2.4957 1.5988
9790 4895.0 1.6003 1.2341 1.6003 2.5840 1.5893
9800 4900.0 1.6747 0.3042 1.6747 2.5290 1.6444
9810 4905.0 1.6782 0.3981 1.6782 2.5444 1.6792
9820 4910.0 1.5695 3.2380 1.5695 2.6569 1.6645
9830 4915.0 1.6149 0.6159 1.6149 2.6362 1.6809
9840 4920.0 1.6831 0.5472 1.6831 2.5668 1.6620
9850 4925.0 1.6310 0.1807 1.6310 2.5669 1.6331
9860 4930.0 1.6110 0.7586 1.6110 2.5620 1.6179
9870 4935.0 1.6806 0.4680 1.6806 2.5164 1.6104
9880 4940.0 1.6293 0.2132 1.6293 2.5935 1.5734
9890 4945.0 1.5945 1.5409 1.5945 2.6496 1.5481
9900 4950.0 1.7147 2.0931 1.7147 2.5731 1.5323
9910 4955.0 1.6491 0.0004 1.6491 2.6247 1.4757
9920 4960.0 1.6059 0.9713 1.6059 2.6451 1.4921
9930 4965.0 1.7180 2.3126 1.7180 2.5725 1.5424
9940 4970.0 1.6247 0.3209 1.6247 2.6409 1.5374
9950 4975.0 1.5730 2.9679 1.5730 2.6997 1.5335
9960 4980.0 1.7051 1.5172 1.7051 2.7221 1.5109
9970 4985.0 1.6772 0.3695 1.6772 2.7780 1.4359
9980 4990.0 1.6185 0.4966 1.6185 2.7560 1.4862
9990 4995.0 1.6262 0.2839 1.6262 2.6578 1.6103
10000 5000.0 1.5870 1.9859 1.5870 2.5881 1.6573
10010 5005.0 1.6108 0.7688 1.6108 2.4931 1.6220
10020 5010.0 1.6572 0.0259 1.6572 2.4370 1.5244
10030 5015.0 1.7018 1.3423 1.7018 2.4288 1.4395
10040 5020.0 1.6727 0.2584 1.6727 2.4154 1.4795
10050 5025.0 1.6295 0.2107 1.6295 2.3521 1.6187
10060 5030.0 1.6129 0.6883 1.6129 2.3487 1.7249
10070 5035.0 1.6252 0.3083 1.6252 2.3374 1.8134
10080 5040.0 1.6229 0.3684 1.6229 2.3624 1.8411
10090 5045.0 1.6192 0.4754 1.6192 2.3981 1.8288
10100 5050.0 1.6279 0.2444 1.6279 2.4294 1.7928
10110 5055.0 1.6248 0.3186 1.6248 2.4897 1.7022
10120 5060.0 1.6229 0.3682 1.6229 2.5623 1.6215
10130 5065.0 1.6829 0.5402 1.6829 2.5614 1.5879
10140 5070.0 1.7009 1.2972 1.7009 2.5843 1.5734
10150 5075.0 1.6151 0.6082 1.6151 2.6411 1.5925
10160 5080.0 1.6056 0.9872 1.6056 2.6143 1.6478
10170 5085.0 1.7189 2.3752 1.7189 2.5684 1.6472
10180 5090.0 1.6194 0.4693 1.6194 2.6960 1.5564
10190 5095.0 1.6535 0.0061 1.6535 2.7687 1.4565
10200 5100.0 1.7514 5.1418 1.7514 2.6752 1.4824
10210 5105.0 1.6959 1.0531 1.6959 2.6154 1.5597
10220 5110.0 1.6664 0.1343 1.6664 2.6833 1.5113
10230 5115.0 1.6583 0.0346 1.6583 2.7498 1.4572
10240 5120.0 1.6927 0.9096 1.6927 2.6933 1.4985
10250 5125.0 1.7020 1.3545 1.7020 2.6486 1.5852
10260 5130.0 1.6384 0.0671 1.6384 2.7836 1.4975
10270 5135.0 1.6985 1.1755 1.6985 2.8254 1.4476
10280 5140.0 1.7206 2.4933 1.7206 2.7457 1.5578
10290 5145.0 1.5826 2.2689 1.5826 2.7982 1.5733
10300 5150.0 1.6529 0.0041 1.6529 2.8185 1.4552
10310 5155.0 1.7916 10.0301 1.7916 2.7247 1.4531
10320 5160.0 1.5987 1.3173 1.5987 2.7739 1.4611
10330 5165.0 1.6034 1.0877 1.6034 2.6826 1.5695
10340 5170.0 1.7428 4.3088 1.7428 2.5557 1.6687
10350 5175.0 1.6253 0.3062 1.6253 2.6476 1.5482
10360 5180.0 1.6411 0.0395 1.6411 2.6906 1.4215
10370 5185.0 1.7903 9.8486 1.7903 2.5990 1.4666
10380 5190.0 1.6522 0.0023 1.6522 2.6499 1.4658
10390 5195.0 1.6007 1.2134 1.6007 2.6969 1.4842
10400 5200.0 1.7472 4.7215 1.7472 2.6263 1.5662
10410 5205.0 1.6123 0.7103 1.6123 2.7144 1.5300
10420 5210.0 1.6085 0.8599 1.6085 2.7209 1.4750
10430 5215.0 1.7572 5.7500 1.7572 2.6395 1.4648
10440 5220.0 1.6323 0.1568 1.6323 2.7049 1.4449
10450 5225.0 1.6184 0.4991 1.6184 2.6274 1.5394
10460 5230.0 1.6792 0.4253 1.6792 2.5357 1.5422
10470 5235.0 1.6194 0.4696 1.6194 2.5624 1.4296
10480 5240.0 1.6944 0.9870 1.6944 2.4545 1.4760
10490 5245.0 1.6605 0.0551 1.6605 2.4040 1.5578
10500 5250.0 1.5754 2.7809 1.5754 2.4606 1.5084
10510 5255.0 1.6782 0.3971 1.6782 2.4253 1.4578
10520 5260.0 1.6997 1.2336 1.6997 2.4318 1.4535
10530 5265.0 1.5873 1.9645 1.5873 2.5163 1.4563
10540 5270.0 1.6550 0.0124 1.6550 2.4624 1.5483
10550 5275.0 1.6325 0.1531 1.6325 2.4718 1.6031
10560 5280.0 1.5810 2.3838 1.5810 2.5734 1.5504
10570 5285.0 1.6850 0.6118 1.6850 2.6204 1.4662
10580 5290.0 1.6861 0.6500 1.6861 2.6640 1.4283
10590 5295.0 1.6067 0.9357 1.6067 2.7070 1.4534
10600 5300.0 1.6544 0.0096 1.6544 2.6318 1.5560
10610 5305.0 1.6429 0.0249 1.6429 2.5880 1.5481
10620 5310.0 1.6325 0.1531 1.6325 2.5968 1.4310
10630 5315.0 1.7160 2.1810 1.7160 2.5265 1.4809
10640 5320.0 1.6462 0.0071 1.6462 2.4964 1.5859
10650 5325.0 1.5798 2.4608 1.5798 2.5546 1.5484
10660 5330.0 1.7499 4.9889 1.7499 2.5353 1.4582
10670 5335.0 1.7027 1.3902 1.7027 2.5867 1.4641
10680 5340.0 1.5748 2.8262 1.5748 2.6577 1.5580
10690 5345.0 1.6721 0.2451 1.6721 2.6643 1.5680
10700 5350.0 1.6829 0.5405 1.6829 2.7322 1.5320
10710 5355.0 1.5796 2.4769 1.5796 2.8569 1.4600
10720 5360.0 1.7000 1.2517 1.7000 2.8227 1.4829
10730 5365.0 1.7172 2.2573 1.7172 2.8338 1.5012
10740 5370.0 1.5436 5.6612 1.5436 2.9027 1.4813
10750 5375.0 1.6670 0.1442 1.6670 2.8029 1.5618
10760 5380.0 1.7076 1.6585 1.7076 2.7543 1.5942
10770 5385.0 1.5369 6.3929 1.5369 2.8259 1.5153
10780 5390.0 1.7074 1.6491 1.7074 2.7331 1.4799
10790 5395.0 1.7393 3.9914 1.7393 2.6967 1.4357
10800 5400.0 1.5855 2.0813 1.5855 2.6931 1.4721
10810 5405.0 1.6759 0.3344 1.6759 2.6006 1.6190
10820 5410.0 1.6279 0.2432 1.6279 2.6684 1.6178
10830 5415.0 1.6008 1.2121 1.6008 2.7694 1.5005
10840 5420.0 1.7184 2.3424 1.7184 2.7995 1.4565
10850 5425.0 1.6715 0.2302 1.6715 2.8268 1.4249
10860 5430.0 1.6315 0.1719 1.6315 2.7677 1.5011
10870 5435.0 1.6506 0.0002 1.6506 2.6521 1.6190
10880 5440.0 1.6386 0.0646 1.6386 2.6274 1.6114
10890 5445.0 1.6196 0.4621 1.6196 2.6528 1.5178
10900 5450.0 1.7032 1.4128 1.7032 2.6632 1.4275
10910 5455.0 1.7112 1.8726 1.7112 2.6370 1.4383
10920 5460.0 1.5815 2.3455 1.5815 2.6195 1.5317
10930 5465.0 1.6284 0.2333 1.6284 2.5479 1.6216
10940 5470.0 1.7039 1.4501 1.7039 2.5681 1.5508
10950 5475.0 1.6219 0.3946 1.6219 2.7147 1.3903
10960 5480.0 1.6702 0.2034 1.6702 2.5624 1.5187
10970 5485.0 1.6689 0.1779 1.6689 2.4565 1.6487
10980 5490.0 1.5749 2.8187 1.5749 2.5646 1.5784
10990 5495.0 1.7075 1.6540 1.7075 2.5935 1.4303
11000 5500.0 1.7564 5.6553 1.7564 2.5309 1.4628
11010 5505.0 1.5940 1.5669 1.5940 2.4911 1.6530
11020 5510.0 1.5679 3.3701 1.5679 2.3987 1.8179
11030 5515.0 1.6519 0.0019 1.6519 2.2909 1.8831
11040 5520.0 1.6907 0.8294 1.6907 2.3567 1.8256
11050 5525.0 1.5945 1.5419 1.5945 2.5925 1.6640
11060 5530.0 1.6124 0.7062 1.6124 2.7325 1.5064
11070 5535.0 1.7844 9.0331 1.7844 2.7139 1.4542
11080 5540.0 1.7256 2.8609 1.7256 2.7736 1.4492
11090 5545.0 1.5703 3.1752 1.5703 2.8005 1.5277
11100 5550.0 1.6592 0.0419 1.6592 2.6133 1.6611
11110 5555.0 1.6856 0.6329 1.6856 2.4800 1.7507
11120 5560.0 1.6250 0.3126 1.6250 2.4919 1.7550
11130 5565.0 1.5833 2.2223 1.5833 2.5904 1.6944
11140 5570.0 1.6781 0.3935 1.6781 2.5952 1.6288
11150 5575.0 1.7021 1.3557 1.7021 2.6994 1.4885
11160 5580.0 1.6429 0.0250 1.6429 2.8316 1.4050
11170 5585.0 1.6882 0.7304 1.6882 2.8397 1.5368
11180 5590.0 1.6327 0.1501 1.6327 2.8738 1.6215
11190 5595.0 1.5862 2.0331 1.5862 2.8252 1.6113
11200 5600.0 1.6994 1.2223 1.6994 2.7476 1.5612
11210 5605.0 1.6549 0.0118 1.6549 2.8697 1.3930
11220 5610.0 1.6798 0.4438 1.6798 2.8594 1.4063
11230 5615.0 1.7246 2.7804 1.7246 2.7783 1.5354
11240 5620.0 1.5623 3.8428 1.5623 2.8223 1.5484
11250 5625.0 1.6197 0.4594 1.6197 2.6808 1.5366
11260 5630.0 1.7416 4.1944 1.7416 2.5355 1.5067
11270 5635.0 1.6513 0.0008 1.6513 2.5548 1.3860
11280 5640.0 1.6729 0.2628 1.6729 2.4127 1.4864
11290 5645.0 1.6780 0.3913 1.6780 2.3113 1.6357
11300 5650.0 1.5660 3.5267 1.5660 2.4357 1.5593
11310 5655.0 1.6562 0.0195 1.6562 2.4942 1.4671
11320 5660.0 1.7457 4.5788 1.7457 2.5385 1.4764
11330 5665.0 1.5748 2.8282 1.5748 2.7104 1.4644
11340 5670.0 1.6624 0.0767 1.6624 2.7665 1.5588
11350 5675.0 1.7076 1.6611 1.7076 2.7372 1.5909
11360 5680.0 1.5807 2.3987 1.5807 2.8390 1.4785
11370 5685.0 1.6534 0.0059 1.6534 2.8768 1.4223
11380 5690.0 1.7132 1.9956 1.7132 2.8022 1.5093
11390 5695.0 1.6022 1.1408 1.6022 2.8514 1.5567
11400 5700.0 1.6043 1.0447 1.6043 2.9417 1.5287
11410 5705.0 1.7558 5.6002 1.7558 3.0152 1.4400
11420 5710.0 1.6707 0.2139 1.6707 2.9150 1.4967
11430 5715.0 1.5659 3.5350 1.5659 2.8030 1.5999
11440 5720.0 1.7067 1.6050 1.7067 2.6746 1.6215
11450 5725.0 1.6875 0.7030 1.6875 2.7214 1.5350
11460 5730.0 1.5711 3.1139 1.5711 2.8068 1.4761
11470 5735.0 1.6779 0.3894 1.6779 2.7737 1.4874
11480 5740.0 1.7217 2.5700 1.7217 2.7989 1.5494
11490 5745.0 1.5865 2.0134 1.5865 2.9312 1.5912
11500 5750.0 1.6152 0.6059 1.6152 2.8740 1.5580
11510 5755.0 1.7444 4.4585 1.7444 2.7756 1.5143
11520 5760.0 1.6162 0.5722 1.6162 2.8116 1.4898
11530 5765.0 1.6235 0.3514 1.6235 2.7828 1.4765
11540 5770.0 1.7192 2.3920 1.7192 2.7035 1.4677
11550 5775.0 1.6375 0.0784 1.6375 2.6865 1.4930
11560 5780.0 1.6188 0.4881 1.6188 2.6358 1.5157
11570 5785.0 1.6865 0.6661 1.6865 2.5927 1.4991
11580 5790.0 1.6401 0.0491 1.6401 2.6519 1.4427
11590 5795.0 1.6465 0.0060 1.6465 2.5885 1.5019
11600 5800.0 1.6486 0.0009 1.6486 2.5857 1.5112
11610 5805.0 1.6209 0.4234 1.6209 2.7038 1.4784
11620 5810.0 1.7017 1.3368 1.7017 2.6529 1.4488
11630 5815.0 1.6822 0.5200 1.6822 2.4917 1.4612
11640 5820.0 1.6381 0.0714 1.6381 2.4358 1.4827
11650 5825.0 1.6725 0.2528 1.6725 2.4005 1.4984
11660 5830.0 1.6343 0.1230 1.6343 2.4389 1.5070
11670 5835.0 1.6364 0.0920 1.6364 2.4759 1.5037
11680 5840.0 1.6716 0.2332 1.6716 2.5432 1.4902
11690 5845.0 1.6594 0.0445 1.6594 2.6158 1.4826
11700 5850.0 1.6661 0.1293 1.6661 2.7271 1.4937
11710 5855.0 1.6374 0.0794 1.6374 2.8301 1.4984
11720 5860.0 1.6366 0.0892 1.6366 2.9062 1.5144
11730 5865.0 1.6216 0.4035 1.6216 2.8959 1.5536
11740 5870.0 1.6287 0.2262 1.6287 2.8782 1.6082
11750 5875.0 1.6427 0.0264 1.6427 2.9284 1.5903
11760 5880.0 1.6383 0.0687 1.6383 3.0068 1.5152
11770 5885.0 1.6840 0.5791 1.6840 3.0413 1.4179
11780 5890.0 1.6846 0.5981 1.6846 3.0245 1.4688
11790 5895.0 1.6071 0.9198 1.6071 2.9569 1.6035
11800 5900.0 1.5983 1.3352 1.5983 2.9327 1.6258
11810 5905.0 1.6924 0.8981 1.6924 2.9585 1.4896
11820 5910.0 1.7288 3.1070 1.7288 2.9277 1.3693
11830 5915.0 1.6475 0.0031 1.6475 2.9731 1.4772
11840 5920.0 1.6700 0.2007 1.6700 2.9126 1.5728
11850 5925.0 1.6711 0.2221 1.6711 2.8825 1.5775
11860 5930.0 1.6239 0.3413 1.6239 2.9145 1.4758
11870 5935.0 1.6964 1.0761 1.6964 2.8587 1.3767
11880 5940.0 1.7141 2.0545 1.7141 2.7877 1.4914
11890 5945.0 1.6358 0.1004 1.6358 2.6701 1.6129
11900 5950.0 1.5888 1.8730 1.5888 2.5927 1.6441
11910 5955.0 1.6515 0.0011 1.6515 2.5356 1.5755
11920 5960.0 1.7032 1.4143 1.7032 2.6043 1.4114
11930 5965.0 1.6743 0.2944 1.6743 2.6260 1.3903
11940 5970.0 1.6329 0.1470 1.6329 2.5275 1.5552
11950 5975.0 1.6503 0.0001 1.6503 2.4621 1.6352
11960 5980.0 1.6131 0.6818 1.6131 2.5260 1.5535
11970 5985.0 1.6524 0.0028 1.6524 2.6043 1.4383
11980 5990.0 1.7140 2.0462 1.7140 2.6084 1.4360
11990 5995.0 1.6372 0.0817 1.6372 2.6408 1.4931
12000 6000.0 1.6237 0.3468 1.6237 2.6391 1.5422
12010 6005.0 1.6552 0.0138 1.6552 2.6594 1.5010
12020 6010.0 1.6524 0.0030 1.6524 2.7153 1.4313
12030 6015.0 1.6587 0.0379 1.6587 2.7221 1.4845
12040 6020.0 1.6278 0.2454 1.6278 2.7665 1.5304
12050 6025.0 1.6467 0.0054 1.6467 2.8086 1.5006
12060 6030.0 1.6691 0.1822 1.6691 2.8452 1.4365
12070 6035.0 1.6521 0.0023 1.6521 2.8774 1.4385
12080 6040.0 1.6300 0.2004 1.6300 2.8794 1.4990
12090 6045.0 1.6755 0.3245 1.6755 2.8440 1.5361
12100 6050.0 1.6482 0.0016 1.6482 2.8295 1.4702
12110 6055.0 1.6252 0.3069 1.6252 2.8088 1.4371
12120 6060.0 1.6839 0.5761 1.6839 2.7272 1.5072
12130 6065.0 1.6223 0.3844 1.6223 2.6766 1.4895
12140 6070.0 1.6275 0.2542 1.6275 2.6303 1.4583
12150 6075.0 1.6990 1.1992 1.6990 2.5463 1.4887
12160 6080.0 1.6298 0.2049 1.6298 2.5503 1.4796
12170 6085.0 1.6578 0.0303 1.6578 2.4889 1.5010
12180 6090.0 1.6893 0.7734 1.6893 2.4224 1.5578
12190 6095.0 1.6077 0.8962 1.6077 2.4462 1.5618
12200 6100.0 1.6006 1.2226 1.6006 2.4777 1.5012
12210 6105.0 1.7386 3.9224 1.7386 2.4023 1.4854
12220 6110.0 1.6786 0.4085 1.6786 2.4489 1.4775
12230 6115.0 1.5647 3.6397 1.5647 2.4559 1.5592
12240 6120.0 1.6453 0.0108 1.6453 2.3118 1.7026
12250 6125.0 1.6709 0.2186 1.6709 2.2538 1.7156
12260 6130.0 1.5956 1.4821 1.5956 2.3337 1.6179
12270 6135.0 1.6238 0.3435 1.6238 2.3533 1.5510
12280 6140.0 1.7220 2.5888 1.7220 2.3445 1.5235
12290 6145.0 1.6677 0.1575 1.6677 2.4871 1.4689
12300 6150.0 1.6032 1.0970 1.6032 2.6439 1.4932
12310 6155.0 1.6966 1.0836 1.6966 2.6597 1.6126
12320 6160.0 1.6320 0.1615 1.6320 2.8068 1.5630
12330 6165.0 1.6199 0.4522 1.6199 2.9413 1.4730
12340 6170.0 1.7179 2.3025 1.7179 2.9868 1.4178
12350 6175.0 1.6500 0.0000 1.6500 2.9858 1.4894
12360 6180.0 1.5736 2.9152 1.5736 2.9669 1.5740
12370 6185.0 1.6891 0.7659 1.6891 2.8491 1.5831
12380 6190.0 1.6433 0.0224 1.6433 2.8537 1.4349
12390 6195.0 1.6564 0.0205 1.6564 2.8136 1.4076
12400 6200.0 1.6730 0.2641 1.6730 2.7224 1.5831
12410 6205.0 1.5630 3.7814 1.5630 2.7488 1.6253
12420 6210.0 1.6307 0.1856 1.6307 2.7001 1.5584
12430 6215.0 1.7250 2.8115 1.7250 2.6494 1.4282
12440 6220.0 1.6247 0.3188 1.6247 2.6236 1.3905
12450 6225.0 1.6581 0.0331 1.6581 2.4215 1.5538
12460 6230.0 1.6557 0.0165 1.6557 2.2794 1.6417
12470 6235.0 1.5697 3.2278 1.5697 2.3030 1.5151
12480 6240.0 1.7062 1.5773 1.7062 2.2170 1.4314
12490 6245.0 1.6946 0.9958 1.6946 2.2337 1.4312
12500 6250.0 1.5697 3.2263 1.5697 2.3092 1.5235
12510 6255.0 1.6437 0.0200 1.6437 2.2909 1.6013
12520 6260.0 1.6689 0.1777 1.6689 2.4030 1.5071
12530 6265.0 1.6057 0.9797 1.6057 2.5976 1.4052
12540 6270.0 1.6983 1.1680 1.6983 2.6489 1.5140
12550 6275.0 1.6665 0.1355 1.6665 2.7427 1.5929
12560 6280.0 1.5546 4.5546 1.5546 2.8736 1.5586
12570 6285.0 1.6860 0.6497 1.6860 2.9292 1.4401
12580 6290.0 1.7532 5.3301 1.7532 2.9369 1.4335
12590 6295.0 1.5999 1.2567 1.5999 2.9647 1.5030
12600 6300.0 1.6174 0.5318 1.6174 2.9443 1.5364
12610 6305.0 1.7119 1.9165 1.7119 2.9733 1.4738
12620 6310.0 1.6563 0.0199 1.6563 2.9947 1.4070
12630 6315.0 1.6246 0.3216 1.6246 2.8792 1.4998
12640 6320.0 1.6907 0.8294 1.6907 2.7440 1.6117
12650 6325.0 1.6511 0.0006 1.6511 2.6946 1.5941
12660 6330.0 1.6009 1.2050 1.6009 2.6773 1.4878
12670 6335.0 1.7128 1.9728 1.7128 2.5344 1.4584
12680 6340.0 1.7117 1.9040 1.7117 2.4480 1.5209
12690 6345.0 1.5914 1.7170 1.5914 2.5163 1.5669
12700 6350.0 1.6152 0.6064 1.6152 2.4964 1.6093
12710 6355.0 1.7036 1.4374 1.7036 2.4804 1.5674
12720 6360.0 1.6510 0.0005 1.6510 2.6345 1.4338
12730 6365.0 1.6513 0.0009 1.6513 2.7265 1.4342
12740 6370.0 1.7251 2.8198 1.7251 2.7522 1.5839
12750 6375.0 1.5983 1.3365 1.5983 2.8806 1.6350
12760 6380.0 1.5425 5.7814 1.5425 2.9732 1.5746
12770 6385.0 1.7513 5.1273 1.7513 2.9306 1.4714
12780 6390.0 1.7266 2.9320 1.7266 2.9641 1.3930
12790 6395.0 1.5470 5.3041 1.5470 2.9603 1.5305
12800 6400.0 1.6515 0.0012 1.6515 2.8418 1.6611
12810 6405.0 1.6993 1.2136 1.6993 2.8149 1.6150
12820 6410.0 1.5932 1.6113 1.5932 2.9308 1.4386
12830 6415.0 1.6890 0.7620 1.6890 2.9078 1.4103
12840 6420.0 1.7321 3.3684 1.7321 2.7802 1.5587
12850 6425.0 1.5417 5.8615 1.5417 2.7754 1.6253
12860 6430.0 1.5821 2.3040 1.5821 2.7128 1.6008
12870 6435.0 1.7793 8.3543 1.7793 2.6593 1.4543
12880 6440.0 1.6662 0.1314 1.6662 2.7484 1.4116
12890 6445.0 1.5465 5.3571 1.5465 2.6689 1.6100
12900 6450.0 1.6836 0.5661 1.6836 2.4829 1.7675
12910 6455.0 1.6680 0.1624 1.6680 2.4619 1.7726
12920 6460.0 1.5412 5.9213 1.5412 2.6103 1.6518
12930 6465.0 1.6385 0.0656 1.6385 2.4762 1.5231
12940 6470.0 1.6859 0.6445 1.6859 2.2638 1.4411
12950 6475.0 1.7140 2.0462 1.7140 2.1348 1.4822
12960 6480.0 1.6721 0.2434 1.6721 2.1062 1.5419
12970 6485.0 1.5951 1.5076 1.5951 2.2231 1.5254
12980 6490.0 1.7178 2.2986 1.7178 2.4917 1.4205
12990 6495.0 1.6346 0.1190 1.6346 2.7367 1.4512
13000 6500.0 1.6154 0.5994 1.6154 2.5922 1.6225
13010 6505.0 1.6810 0.4802 1.6810 2.4492 1.7190
13020 6510.0 1.5892 1.8470 1.5892 2.4619 1.7197
13030 6515.0 1.5735 2.9250 1.5735 2.4453 1.6952
13040 6520.0 1.6315 0.1720 1.6315 2.3562 1.7002
13050 6525.0 1.6290 0.2207 1.6290 2.2886 1.6673
13060 6530.0 1.6918 0.8726 1.6918 2.3521 1.5121
13070 6535.0 1.7045 1.4849 1.7045 2.3292 1.3836
13080 6540.0 1.6156 0.5921 1.6156 2.2525 1.4947
13090 6545.0 1.6193 0.4728 1.6193 2.2850 1.6085
13100 6550.0 1.6401 0.0489 1.6401 2.2813 1.6221
13110 6555.0 1.5873 1.9648 1.5873 2.3335 1.5813
13120 6560.0 1.6795 0.4357 1.6795 2.4310 1.4579
13130 6565.0 1.7331 3.4507 1.7331 2.5091 1.4208
13140 6570.0 1.6334 0.1372 1.6334 2.5974 1.5277
13150 6575.0 1.6269 0.2679 1.6269 2.6711 1.6224
13160 6580.0 1.6539 0.0076 1.6539 2.7676 1.5401
13170 6585.0 1.6718 0.2371 1.6718 2.8522 1.3655
13180 6590.0 1.6982 1.1605 1.6982 2.7746 1.5048
13190 6595.0 1.6317 0.1667 1.6317 2.7204 1.6343
13200 6600.0 1.6255 0.2990 1.6255 2.7071 1.5340
13210 6605.0 1.7488 4.8798 1.7488 2.6531 1.3990
13220 6610.0 1.6803 0.4604 1.6803 2.4882 1.5200
13230 6615.0 1.6037 1.0700 1.6037 2.3564 1.6158
13240 6620.0 1.6751 0.3160 1.6751 2.3042 1.5717
13250 6625.0 1.6956 1.0398 1.6956 2.3831 1.4796
13260 6630.0 1.6215 0.4063 1.6215 2.4201 1.5412
13270 6635.0 1.5581 4.2247 1.5581 2.4472 1.5979
13280 6640.0 1.6591 0.0414 1.6591 2.5235 1.4957
13290 6645.0 1.6961 1.0634 1.6961 2.5642 1.4222
13300 6650.0 1.6518 0.0017 1.6518 2.4560 1.5618
13310 6655.0 1.6552 0.0133 1.6552 2.3374 1.7358
13320 6660.0 1.6019 1.1549 1.6019 2.3644 1.8037
13330 6665.0 1.5766 2.6955 1.5766 2.4326 1.7858
13340 6670.0 1.6573 0.0269 1.6573 2.4174 1.7429
13350 6675.0 1.6212 0.4146 1.6212 2.4851 1.6630
13360 6680.0 1.6462 0.0074 1.6462 2.6448 1.4883
13370 6685.0 1.7167 2.2273 1.7167 2.6203 1.3621
13380 6690.0 1.6884 0.7380 1.6884 2.5588 1.5301
13390 6695.0 1.6811 0.4832 1.6811 2.4567 1.7262
13400 6700.0 1.6567 0.0227 1.6567 2.4364 1.8512
13410 6705.0 1.5864 2.0245 1.5864 2.5131 1.9467
13420 6710.0 1.5752 2.7991 1.5752 2.5393 2.0196
13430 6715.0 1.6525 0.0031 1.6525 2.4900 2.1014
13440 6720.0 1.6518 0.0015 1.6518 2.4785 2.1471
13450 6725.0 1.5834 2.2172 1.5834 2.4953 2.1743
13460 6730.0 1.6306 0.1879 1.6306 2.3935 2.2548
13470 6735.0 1.6643 0.1019 1.6643 2.2766 2.3318
13480 6740.0 1.6173 0.5344 1.6173 2.2628 2.3505
13490 6745.0 1.5379 6.2850 1.5379 2.3155 2.3643
13500 6750.0 1.6107 0.7710 1.6107 2.1905 2.4550
13510 6755.0 1.6163 0.5662 1.6163 2.1510 2.4655
13520 6760.0 1.4986 11.4573 1.4986 2.2324 2.4321
13530 6765.0 1.5908 1.7502 1.5908 2.1020 2.4451
13540 6770.0 1.6341 0.1271 1.6341 2.0642 2.4027
13550 6775.0 1.5098 9.8222 1.5098 2.2060 2.2789
13560 6780.0 1.5832 2.2335 1.5832 2.1333 2.2745
13570 6785.0 1.6463 0.0067 1.6463 2.0498 2.3393
13580 6790.0 1.5269 7.5811 1.5269 2.1745 2.3003
13590 6795.0 1.5473 5.2743 1.5473 2.1683 2.3150
13600 6800.0 1.6521 0.0023 1.6521 2.0957 2.3334
13610 6805.0 1.6099 0.8051 1.6099 2.1883 2.2581
13620 6810.0 1.5678 3.3787 1.5678 2.2684 2.2114
13630 6815.0 1.6150 0.6110 1.6150 2.2190 2.2548
13640 6820.0 1.5996 1.2700 1.5996 2.2007 2.3135
13650 6825.0 1.5561 4.4043 1.5561 2.2251 2.3192
13660 6830.0 1.5955 1.4876 1.5955 2.1532 2.3794
13670 6835.0 1.5866 2.0103 1.5866 2.1419 2.3716
13680 6840.0 1.5741 2.8768 1.5741 2.2097 2.3005
13690 6845.0 1.5889 1.8687 1.5889 2.2402 2.2512
13700 6850.0 1.6092 0.8305 1.6092 2.2569 2.2250
13710 6855.0 1.6031 1.0991 1.6031 2.2685 2.2397
13720 6860.0 1.5752 2.7979 1.5752 2.3084 2.1977
13730 6865.0 1.6064 0.9513 1.6064 2.2719 2.2137
13740 6870.0 1.6083 0.8705 1.6083 2.2029 2.2750
13750 6875.0 1.6097 0.8119 1.6097 2.1943 2.2730
13760 6880.0 1.5958 1.4689 1.5958 2.2517 2.2502
13770 6885.0 1.5762 2.7218 1.5762 2.2953 2.1700
13780 6890.0 1.6227 0.3733 1.6227 2.2695 2.1251
13790 6895.0 1.6342 0.1254 1.6342 2.2750 2.0993
13800 6900.0 1.5887 1.8771 1.5887 2.2777 2.1423
13810 6905.0 1.6099 0.8025 1.6099 2.2105 2.2387
13820 6910.0 1.6100 0.8015 1.6100 2.1761 2.2851
13830 6915.0 1.5811 2.3721 1.5811 2.1888 2.2460
13840 6920.0 1.5768 2.6766 1.5768 2.1876 2.2604
13850 6925.0 1.5959 1.4652 1.5959 2.2167 2.2285
13860 6930.0 1.5927 1.6431 1.5927 2.2868 2.1730
13870 6935.0 1.6103 0.7874 1.6103 2.3170 2.1780
13880 6940.0 1.6207 0.4304 1.6207 2.3346 2.2531
13890 6945.0 1.6050 1.0113 1.6050 2.3725 2.3292
13900 6950.0 1.5753 2.7932 1.5753 2.4212 2.3851
13910 6955.0 1.5801 2.4430 1.5801 2.4324 2.4292
13920 6960.0 1.5953 1.4958 1.5953 2.4589 2.4588
13930 6965.0 1.5905 1.7713 1.5905 2.4614 2.4896
13940 6970.0 1.6251 0.3106 1.6251 2.4153 2.5408
13950 6975.0 1.5979 1.3555 1.5979 2.4178 2.5334
13960 6980.0 1.5821 2.3040 1.5821 2.3822 2.5180
13970 6985.0 1.5871 1.9785 1.5871 2.3088 2.5299
13980 6990.0 1.5870 1.9874 1.5870 2.2459 2.5640
13990 6995.0 1.6081 0.8798 1.6081 2.2388 2.5906
14000 7000.0 1.5929 1.6320 1.5929 2.2870 2.5692
14010 7005.0 1.5631 3.7723 1.5631 2.3535 2.5607
14020 7010.0 1.6284 0.2335 1.6284 2.3640 2.5993
14030 7015.0 1.5927 1.6430 1.5927 2.4300 2.5903
14040 7020.0 1.5630 3.7860 1.5630 2.4564 2.5817
14050 7025.0 1.6435 0.0211 1.6435 2.3942 2.6394
14060 7030.0 1.6324 0.1545 1.6324 2.3363 2.6076
14070 7035.0 1.5771 2.6591 1.5771 2.3552 2.5193
14080 7040.0 1.5351 6.5988 1.5351 2.4244 2.4587
14090 7045.0 1.6099 0.8039 1.6099 2.4100 2.5100
14100 7050.0 1.6433 0.0224 1.6433 2.4445 2.4951
14110 7055.0 1.5500 5.0016 1.5500 2.5315 2.3691
14120 7060.0 1.5894 1.8389 1.5894 2.4791 2.3642
14130 7065.0 1.6732 0.2693 1.6732 2.3259 2.3122
14140 7070.0 1.5769 2.6743 1.5769 2.2779 2.2433
14150 7075.0 1.5195 8.5199 1.5195 2.3037 2.2132
14160 7080.0 1.5856 2.0760 1.5856 2.3614 2.2571
14170 7085.0 1.6753 0.3194 1.6753 2.4078 2.3935
14180 7090.0 1.6052 1.0043 1.6052 2.4211 2.4060
14190 7095.0 1.5791 2.5143 1.5791 2.4181 2.4428
14200 7100.0 1.5868 2.0002 1.5868 2.3766 2.4364
14210 7105.0 1.6301 0.1978 1.6301 2.3322 2.5524
14220 7110.0 1.6402 0.0478 1.6402 2.3979 2.5433
14230 7115.0 1.5613 3.9336 1.5613 2.4017 2.3649
14240 7120.0 1.5651 3.6057 1.5651 2.3459 2.2431
14250 7125.0 1.6792 0.4258 1.6792 2.2080 2.2724
14260 7130.0 1.6095 0.8196 1.6095 2.2869 2.3493
14270 7135.0 1.5292 7.2999 1.5292 2.4424 2.4866
14280 7140.0 1.6143 0.6388 1.6143 2.4321 2.4789
14290 7145.0 1.6489 0.0006 1.6489 2.3707 2.4276
14300 7150.0 1.5519 4.8132 1.5519 2.4797 2.3939
14310 7155.0 1.5840 2.1768 1.5840 2.4559 2.4692
14320 7160.0 1.6196 0.4627 1.6196 2.4185 2.5570
14330 7165.0 1.6236 0.3472 1.6236 2.3962 2.4246
14340 7170.0 1.5835 2.2092 1.5835 2.4337 2.2296
14350 7175.0 1.5694 3.2451 1.5694 2.4890 2.1189
14360 7180.0 1.6291 0.2174 1.6291 2.5189 2.1619
14370 7185.0 1.6233 0.3573 1.6233 2.5750 2.2433
14380 7190.0 1.5965 1.4328 1.5965 2.5653 2.3777
14390 7195.0 1.6069 0.9284 1.6069 2.5133 2.4419
14400 7200.0 1.6176 0.5262 1.6176 2.4887 2.4670
14410 7205.0 1.5937 1.5837 1.5937 2.5095 2.3720
14420 7210.0 1.5785 2.5565 1.5785 2.5136 2.3592
14430 7215.0 1.6161 0.5732 1.6161 2.4878 2.4629
14440 7220.0 1.6164 0.5653 1.6164 2.5004 2.3783
14450 7225.0 1.5950 1.5127 1.5950 2.5302 2.3297
14460 7230.0 1.6193 0.4709 1.6193 2.4973 2.3327
14470 7235.0 1.6252 0.3072 1.6252 2.4670 2.3720
14480 7240.0 1.5742 2.8693 1.5742 2.4991 2.3967
14490 7245.0 1.5724 3.0095 1.5724 2.4942 2.3536
14500 7250.0 1.6289 0.2232 1.6289 2.4097 2.4341
14510 7255.0 1.6173 0.5347 1.6173 2.4244 2.4575
14520 7260.0 1.5910 1.7412 1.5910 2.4759 2.3885
14530 7265.0 1.6041 1.0519 1.6041 2.5046 2.3731
14540 7270.0 1.6203 0.4416 1.6203 2.5066 2.3718
14550 7275.0 1.6063 0.9537 1.6063 2.5160 2.4214
14560 7280.0 1.5821 2.3071 1.5821 2.5145 2.4371
14570 7285.0 1.6083 0.8702 1.6083 2.4770 2.4121
14580 7290.0 1.6253 0.3056 1.6253 2.4761 2.4258
14590 7295.0 1.5848 2.1288 1.5848 2.5449 2.4528
14600 7300.0 1.5782 2.5754 1.5782 2.5537 2.4336
14610 7305.0 1.6434 0.0220 1.6434 2.4236 2.3523
14620 7310.0 1.6278 0.2462 1.6278 2.3846 2.3030
14630 7315.0 1.5372 6.3593 1.5372 2.4180 2.2624
14640 7320.0 1.6076 0.9002 1.6076 2.3487 2.3371
14650 7325.0 1.6613 0.0643 1.6613 2.3088 2.4416
14660 7330.0 1.5629 3.7971 1.5629 2.4485 2.4929
14670 7335.0 1.5316 7.0080 1.5316 2.5494 2.5448
14680 7340.0 1.7051 1.5203 1.7051 2.3905 2.6304
14690 7345.0 1.6340 0.1284 1.6340 2.4665 2.6188
14700 7350.0 1.4834 13.8857 1.4834 2.5440 2.4094
14710 7355.0 1.6076 0.8975 1.6076 2.4082 2.3922
14720 7360.0 1.7069 1.6179 1.7069 2.3313 2.3819
14730 7365.0 1.6273 0.2576 1.6273 2.3850 2.2601
14740 7370.0 1.5112 9.6301 1.5112 2.4962 2.1929
14750 7375.0 1.5990 1.2986 1.5990 2.4743 2.3148
14760 7380.0 1.7277 3.0197 1.7277 2.4464 2.4540
14770 7385.0 1.6296 0.2089 1.6296 2.5670 2.4494
14780 7390.0 1.4986 11.4581 1.4986 2.6644 2.2870
14790 7395.0 1.6207 0.4303 1.6207 2.5071 2.3048
14800 7400.0 1.6491 0.0004 1.6491 2.3446 2.4105
14810 7405.0 1.6472 0.0039 1.6472 2.3292 2.3610
14820 7410.0 1.5717 3.0632 1.5717 2.4897 2.2304
14830 7415.0 1.5087 9.9804 1.5087 2.5656 2.2245
14840 7420.0 1.6760 0.3377 1.6760 2.4489 2.3774
14850 7425.0 1.6685 0.1707 1.6685 2.3830 2.3400
14860 7430.0 1.5553 4.4849 1.5553 2.4224 2.2173
14870 7435.0 1.5421 5.8209 1.5421 2.5301 2.2127
14880 7440.0 1.6144 0.6323 1.6144 2.4800 2.3320
14890 7445.0 1.6834 0.5587 1.6834 2.4413 2.3344
14900 7450.0 1.5690 3.2776 1.5690 2.5205 2.2314
14910 7455.0 1.5306 7.1254 1.5306 2.4989 2.1487
14920 7460.0 1.6443 0.0160 1.6443 2.3805 2.2374
14930 7465.0 1.6222 0.3851 1.6222 2.3835 2.3595
14940 7470.0 1.5762 2.7221 1.5762 2.4848 2.2844
14950 7475.0 1.5847 2.1295 1.5847 2.4801 2.2392
14960 7480.0 1.6463 0.0070 1.6463 2.3954 2.3381
14970 7485.0 1.6244 0.3265 1.6244 2.4343 2.4230
14980 7490.0 1.5697 3.2264 1.5697 2.5437 2.3196
14990 7495.0 1.6473 0.0036 1.6473 2.5174 2.2189
15000 7500.0 1.6553 0.0139 1.6553 2.4319 2.1231
15010 7505.0 1.5848 2.1287 1.5848 2.4561 2.0886
15020 7510.0 1.5624 3.8401 1.5624 2.5192 2.1552
15030 7515.0 1.6580 0.0322 1.6580 2.5330 2.3156
15040 7520.0 1.7149 2.1035 1.7149 2.4721 2.4881
15050 7525.0 1.5260 7.6841 1.5260 2.6289 2.3911
15060 7530.0 1.5351 6.5961 1.5351 2.6037 2.3494
15070 7535.0 1.6818 0.5049 1.6818 2.4160 2.4582
15080 7540.0 1.5964 1.4348 1.5964 2.4252 2.4142
15090 7545.0 1.5357 6.5314 1.5357 2.4393 2.3036
15100 7550.0 1.5620 3.8749 1.5620 2.5133 2.3320
15110 7555.0 1.6417 0.0347 1.6417 2.3657 2.4605
15120 7560.0 1.5747 2.8384 1.5747 2.4054 2.4760
15130 7565.0 1.5334 6.7932 1.5334 2.4342 2.4649
15140 7570.0 1.6582 0.0332 1.6582 2.3392 2.4810
15150 7575.0 1.6051 1.0102 1.6051 2.4188 2.3721
15160 7580.0 1.5304 7.1536 1.5304 2.4275 2.2707
15170 7585.0 1.5907 1.7601 1.5907 2.4928 2.3326
15180 7590.0 1.6218 0.3973 1.6218 2.4316 2.4708
15190 7595.0 1.5901 1.7936 1.5901 2.4338 2.4511
15200 7600.0 1.5801 2.4400 1.5801 2.4419 2.4359
15210 7605.0 1.6309 0.1826 1.6309 2.4026 2.5296
15220 7610.0 1.5583 4.2042 1.5583 2.4733 2.4394
15230 7615.0 1.4994 11.3358 1.4994 2.5107 2.3825
15240 7620.0 1.6287 0.2260 1.6287 2.4336 2.3855
15250 7625.0 1.5894 1.8354 1.5894 2.4486 2.3245
15260 7630.0 1.5609 3.9736 1.5609 2.4803 2.2347
15270 7635.0 1.6502 0.0000 1.6502 2.4080 2.1964
15280 7640.0 1.6234 0.3528 1.6234 2.4319 2.1521
15290 7645.0 1.4982 11.5158 1.4982 2.4781 2.1938
15300 7650.0 1.5925 1.6541 1.5925 2.3858 2.3174
15310 7655.0 1.6420 0.0317 1.6420 2.3594 2.3404
15320 7660.0 1.5364 6.4554 1.5364 2.4678 2.3006
15330 7665.0 1.6108 0.7702 1.6108 2.4280 2.2885
15340 7670.0 1.6718 0.2379 1.6718 2.4005 2.3763
15350 7675.0 1.5897 1.8165 1.5897 2.5347 2.2520
15360 7680.0 1.5308 7.1018 1.5308 2.4151 2.1971
15370 7685.0 1.5016 11.0148 1.5016 2.2427 2.2614
15380 7690.0 1.6750 0.3122 1.6750 2.2795 2.3517
15390 7695.0 1.6739 0.2850 1.6739 2.4225 2.3946
15400 7700.0 1.4889 12.9774 1.4889 2.6101 2.4326
15410 7705.0 1.6008 1.2108 1.6008 2.4817 2.4463
15420 7710.0 1.6890 0.7612 1.6890 2.3291 2.4889
15430 7715.0 1.5444 5.5787 1.5444 2.3867 2.4496
15440 7720.0 1.5349 6.6292 1.5349 2.3985 2.4797
15450 7725.0 1.5764 2.7086 1.5764 2.5068 2.5055
15460 7730.0 1.6090 0.8385 1.6090 2.5620 2.4589
15470 7735.0 1.5844 2.1534 1.5844 2.5767 2.4093
15480 7740.0 1.5904 1.7760 1.5904 2.5013 2.4073
15490 7745.0 1.5454 5.4706 1.5454 2.3654 2.4413
15500 7750.0 1.6296 0.2077 1.6296 2.3915 2.4430
15510 7755.0 1.6508 0.0003 1.6508 2.5654 2.3769
15520 7760.0 1.4974 11.6426 1.4974 2.7278 2.2978
15530 7765.0 1.6358 0.1004 1.6358 2.6172 2.3359
15540 7770.0 1.7220 2.5945 1.7220 2.4868 2.4035
15550 7775.0 1.5536 4.6422 1.5536 2.5360 2.3871
15560 7780.0 1.4838 13.8063 1.4838 2.5405 2.4144
15570 7785.0 1.6446 0.0147 1.6446 2.3481 2.3974
15580 7790.0 1.7401 4.0624 1.7401 2.2623 2.3493
15590 7795.0 1.5637 3.7248 1.5637 2.4332 2.3583
15600 7800.0 1.5014 11.0339 1.5014 2.5206 2.2188
15610 7805.0 1.6258 0.2927 1.6258 2.3805 2.1803
15620 7810.0 1.7055 1.5382 1.7055 2.3598 2.1359
15630 7815.0 1.6245 0.3249 1.6245 2.4516 2.0622
15640 7820.0 1.5390 6.1575 1.5390 2.5528 2.0908
15650 7825.0 1.5342 6.7005 1.5342 2.5158 2.2550
15660 7830.0 1.7119 1.9182 1.7119 2.3151 2.3768
15670 7835.0 1.6708 0.2173 1.6708 2.3440 2.3986
15680 7840.0 1.5198 8.4718 1.5198 2.5276 2.4353
15690 7845.0 1.5192 8.5479 1.5192 2.4913 2.4178
15700 7850.0 1.6407 0.0430 1.6407 2.3613 2.4960
15710 7855.0 1.7156 2.1549 1.7156 2.3620 2.4883
15720 7860.0 1.5866 2.0124 1.5866 2.5984 2.3071
15730 7865.0 1.5196 8.5070 1.5196 2.7357 2.1691
15740 7870.0 1.6405 0.0453 1.6405 2.6221 2.1710
15750 7875.0 1.7180 2.3113 1.7180 2.5355 2.1934
15760 7880.0 1.6294 0.2112 1.6294 2.5652 2.1641
15770 7885.0 1.5316 7.0139 1.5316 2.6365 2.2014
15780 7890.0 1.6265 0.2771 1.6265 2.4383 2.3734
15790 7895.0 1.6569 0.0240 1.6569 2.3264 2.3491
15800 7900.0 1.5509 4.9125 1.5509 2.4039 2.2175
15810 7905.0 1.5634 3.7490 1.5634 2.3492 2.2483
15820 7910.0 1.6587 0.0379 1.6587 2.2260 2.3964
15830 7915.0 1.6129 0.6882 1.6129 2.2993 2.3078
15840 7920.0 1.5697 3.2254 1.5697 2.3757 2.1049
15850 7925.0 1.6487 0.0008 1.6487 2.3714 2.0609
15860 7930.0 1.6543 0.0094 1.6543 2.4523 2.0847
15870 7935.0 1.5577 4.2622 1.5577 2.5230 2.0846
15880 7940.0 1.6055 0.9887 1.6055 2.4359 2.1825
15890 7945.0 1.6801 0.4525 1.6801 2.3146 2.3053
15900 7950.0 1.6314 0.1722 1.6314 2.3136 2.2611
15910 7955.0 1.5732 2.9507 1.5732 2.3734 2.0908
15920 7960.0 1.6184 0.4997 1.6184 2.3508 2.1210
15930 7965.0 1.6819 0.5100 1.6819 2.3510 2.2599
15940 7970.0 1.6458 0.0087 1.6458 2.5038 2.2900
15950 7975.0 1.5813 2.3592 1.5813 2.6762 2.0996
15960 7980.0 1.6464 0.0063 1.6464 2.5789 2.0256
15970 7985.0 1.6804 0.4618 1.6804 2.4705 1.9496
15980 7990.0 1.6047 1.0275 1.6047 2.4377 1.8251
15990 7995.0 1.5696 3.2301 1.5696 2.4571 1.7343
16000 8000.0 1.6082 0.8733 1.6082 2.4818 1.6807
16010 8005.0 1.6587 0.0375 1.6587 2.5016 1.6406
16020 8010.0 1.6560 0.0183 1.6560 2.5665 1.5641
16030 8015.0 1.6303 0.1932 1.6303 2.6312 1.5318
16040 8020.0 1.6461 0.0076 1.6461 2.6366 1.5755
16050 8025.0 1.6535 0.0062 1.6535 2.6416 1.5714
16060 8030.0 1.6362 0.0959 1.6362 2.6772 1.4882
16070 8035.0 1.6649 0.1113 1.6649 2.6977 1.4782
16080 8040.0 1.6436 0.0208 1.6436 2.7687 1.5441
16090 8045.0 1.6301 0.1975 1.6301 2.7866 1.5612
16100 8050.0 1.6776 0.3814 1.6776 2.7740 1.4762
16110 8055.0 1.6610 0.0607 1.6610 2.7871 1.4660
16120 8060.0 1.6397 0.0526 1.6397 2.7916 1.5315
16130 8065.0 1.6514 0.0010 1.6514 2.7583 1.5597
16140 8070.0 1.6739 0.2856 1.6739 2.6919 1.5246
16150 8075.0 1.6678 0.1583 1.6678 2.6481 1.4935
16160 8080.0 1.6806 0.4678 1.6806 2.5992 1.5528
16170 8085.0 1.6701 0.2017 1.6701 2.6131 1.5972
16180 8090.0 1.6622 0.0746 1.6622 2.6455 1.6121
16190 8095.0 1.6488 0.0007 1.6488 2.6743 1.6342
16200 8100.0 1.6361 0.0962 1.6361 2.7199 1.6406
16210 8105.0 1.6612 0.0624 1.6612 2.7289 1.5776
16220 8110.0 1.6627 0.0810 1.6627 2.7452 1.5091
16230 8115.0 1.6704 0.2087 1.6704 2.7831 1.5150
16240 8120.0 1.6867 0.6740 1.6867 2.8009 1.5385
16250 8125.0 1.6551 0.0129 1.6551 2.8417 1.4877
16260 8130.0 1.6477 0.0025 1.6477 2.8750 1.4841
16270 8135.0 1.6951 1.0185 1.6951 2.8976 1.5436
16280 8140.0 1.6523 0.0026 1.6523 2.9584 1.5342
16290 8145.0 1.5933 1.6075 1.5933 3.0298 1.4983
16300 8150.0 1.7006 1.2824 1.7006 2.9807 1.5092
16310 8155.0 1.6743 0.2944 1.6743 2.9607 1.4836
16320 8160.0 1.6121 0.7176 1.6121 2.8900 1.4769
16330 8165.0 1.6954 1.0309 1.6954 2.7637 1.5485
16340 8170.0 1.6788 0.4138 1.6788 2.7173 1.5775
16350 8175.0 1.5967 1.4208 1.5967 2.7350 1.5650
16360 8180.0 1.6803 0.4597 1.6803 2.5912 1.6167
16370 8185.0 1.6655 0.1206 1.6655 2.5404 1.6786
16380 8190.0 1.5985 1.3264 1.5985 2.5799 1.7244
16390 8195.0 1.6253 0.3057 1.6253 2.5324 1.8346
16400 8200.0 1.6567 0.0222 1.6567 2.4775 1.9360
16410 8205.0 1.6655 0.1203 1.6655 2.4599 1.9983
16420 8210.0 1.6134 0.6715 1.6134 2.4940 2.0317
16430 8215.0 1.5950 1.5151 1.5950 2.5109 2.1156
16440 8220.0 1.6483 0.0015 1.6483 2.5260 2.3027
16450 8225.0 1.6677 0.1561 1.6677 2.5868 2.3273
16460 8230.0 1.6075 0.9025 1.6075 2.6185 2.2827
16470 8235.0 1.5923 1.6642 1.5923 2.5661 2.3122
16480 8240.0 1.5996 1.2697 1.5996 2.5132 2.4163
16490 8245.0 1.6202 0.4451 1.6202 2.4982 2.3394
16500 8250.0 1.6321 0.1598 1.6321 2.5091 2.1801
16510 8255.0 1.6248 0.3184 1.6248 2.4614 2.0847
16520 8260.0 1.5940 1.5681 1.5940 2.4998 2.0816
16530 8265.0 1.5981 1.3475 1.5981 2.5734 2.1688
16540 8270.0 1.6360 0.0986 1.6360 2.4657 2.3553
16550 8275.0 1.6160 0.5788 1.6160 2.4124 2.4351
16560 8280.0 1.5713 3.0929 1.5713 2.4337 2.2839
16570 8285.0 1.6240 0.3382 1.6240 2.3812 2.2151
16580 8290.0 1.6484 0.0012 1.6484 2.3605 2.2339
16590 8295.0 1.6071 0.9202 1.6071 2.4199 2.3207
16600 8300.0 1.6084 0.8673 1.6084 2.4719 2.2187
16610 8305.0 1.6375 0.0785 1.6375 2.4225 2.0469
16620 8310.0 1.6420 0.0321 1.6420 2.4159 1.8768
16630 8315.0 1.6160 0.5778 1.6160 2.4152 1.6975
16640 8320.0 1.6298 0.2031 1.6298 2.3845 1.6010
16650 8325.0 1.6515 0.0011 1.6515 2.3729 1.5524
16660 8330.0 1.6260 0.2874 1.6260 2.4357 1.5427
16670 8335.0 1.6650 0.1131 1.6650 2.4324 1.6052
16680 8340.0 1.6765 0.3510 1.6765 2.4568 1.6741
16690 8345.0 1.6085 0.8599 1.6085 2.5357 1.6913
16700 8350.0 1.6502 0.0000 1.6502 2.4702 1.6870
16710 8355.0 1.6702 0.2042 1.6702 2.4270 1.6296
16720 8360.0 1.6648 0.1095 1.6648 2.3922 1.5494
16730 8365.0 1.6643 0.1029 1.6643 2.3682 1.4922
16740 8370.0 1.7045 1.4866 1.7045 2.3385 1.4761
16750 8375.0 1.7080 1.6845 1.7080 2.3129 1.5405
16760 8380.0 1.6586 0.0373 1.6586 2.3119 1.5961
16770 8385.0 1.6477 0.0027 1.6477 2.3471 1.5672
16780 8390.0 1.6594 0.0442 1.6594 2.4792 1.4684
16790 8395.0 1.6168 0.5524 1.6168 2.5673 1.4687
16800 8400.0 1.6855 0.6298 1.6855 2.6075 1.5785
16810 8405.0 1.6583 0.0342 1.6583 2.6922 1.5412
16820 8410.0 1.6354 0.1059 1.6354 2.7544 1.4101
16830 8415.0 1.7270 2.9663 1.7270 2.7077 1.4914
16840 8420.0 1.6236 0.3488 1.6236 2.7184 1.5538
16850 8425.0 1.5695 3.2405 1.5695 2.7418 1.6116
16860 8430.0 1.7097 1.7809 1.7097 2.6760 1.6955
16870 8435.0 1.6610 0.0600 1.6610 2.7794 1.6473
16880 8440.0 1.5923 1.6665 1.5923 2.7837 1.5858
16890 8445.0 1.6333 0.1393 1.6333 2.7199 1.5862
16900 8450.0 1.6912 0.8502 1.6912 2.6802 1.6676
16910 8455.0 1.7398 4.0339 1.7398 2.6911 1.6888
16920 8460.0 1.6692 0.1843 1.6692 2.7622 1.6368
16930 8465.0 1.6147 0.6218 1.6147 2.8658 1.6233
16940 8470.0 1.6247 0.3211 1.6247 2.9537 1.7053
16950 8475.0 1.6796 0.4373 1.6796 2.8755 1.7762
16960 8480.0 1.6351 0.1114 1.6351 2.8667 1.7841
16970 8485.0 1.5535 4.6595 1.5535 2.9558 1.7378
16980 8490.0 1.6743 0.2954 1.6743 2.9571 1.6274
16990 8495.0 1.7489 4.8909 1.7489 2.8411 1.4708
17000 8500.0 1.6566 0.0219 1.6566 2.8492 1.4664
17010 8505.0 1.5917 1.7008 1.5917 2.8103 1.5995
17020 8510.0 1.6760 0.3382 1.6760 2.6991 1.7116
17030 8515.0 1.6927 0.9095 1.6927 2.6895 1.7877
17040 8520.0 1.5507 4.9262 1.5507 2.8041 1.8484
17050 8525.0 1.6024 1.1333 1.6024 2.7308 1.8944
17060 8530.0 1.7101 1.8040 1.7101 2.5602 1.9923
17070 8535.0 1.6482 0.0016 1.6482 2.5479 2.1585
17080 8540.0 1.5976 1.3744 1.5976 2.6192 2.1740
17090 8545.0 1.6282 0.2386 1.6282 2.6820 2.0921
17100 8550.0 1.6753 0.3206 1.6753 2.6639 2.1782
17110 8555.0 1.6198 0.4556 1.6198 2.6559 2.3057
17120 8560.0 1.6049 1.0168 1.6049 2.5949 2.2979
17130 8565.0 1.6889 0.7549 1.6889 2.4846 2.1771
17140 8570.0 1.6097 0.8118 1.6097 2.5008 2.0789
17150 8575.0 1.5653 3.5836 1.5653 2.4958 2.0540
17160 8580.0 1.5862 2.0362 1.5862 2.4045 2.0950
17170 8585.0 1.6834 0.5574 1.6834 2.3952 2.2096
17180 8590.0 1.7138 2.0337 1.7138 2.5041 2.3462
17190 8595.0 1.6260 0.2884 1.6260 2.6234 2.4179
17200 8600.0 1.5501 4.9900 1.5501 2.6818 2.2583
17210 8605.0 1.6237 0.3461 1.6237 2.5831 2.3432
17220 8610.0 1.6897 0.7875 1.6897 2.5301 2.4903
17230 8615.0 1.5918 1.6960 1.5918 2.6899 2.3704
17240 8620.0 1.5764 2.7121 1.5764 2.6338 2.2081
17250 8625.0 1.6262 0.2843 1.6262 2.4844 2.1757
17260 8630.0 1.6494 0.0002 1.6494 2.4356 2.2364
17270 8635.0 1.6451 0.0118 1.6451 2.4734 2.3705
17280 8640.0 1.6310 0.1804 1.6310 2.5671 2.4252
17290 8645.0 1.6344 0.1223 1.6344 2.6904 2.2837
17300 8650.0 1.6472 0.0040 1.6472 2.7620 2.2487
17310 8655.0 1.6221 0.3902 1.6221 2.7864 2.2861
17320 8660.0 1.5831 2.2392 1.5831 2.7330 2.3890
17330 8665.0 1.6416 0.0353 1.6416 2.5892 2.5476
17340 8670.0 1.6399 0.0510 1.6399 2.4611 2.5031
17350 8675.0 1.6042 1.0481 1.6042 2.3867 2.4143
17360 8680.0 1.6148 0.6186 1.6148 2.3569 2.4072
17370 8685.0 1.6402 0.0482 1.6402 2.3651 2.4636
17380 8690.0 1.6203 0.4424 1.6203 2.4319 2.5264
17390 8695.0 1.6284 0.2332 1.6284 2.5206 2.6295
17400 8700.0 1.6366 0.0894 1.6366 2.6374 2.5326
17410 8705.0 1.6100 0.8005 1.6100 2.7382 2.4406
17420 8710.0 1.5978 1.3618 1.5978 2.7838 2.3807
17430 8715.0 1.6845 0.5964 1.6845 2.7029 2.4125
17440 8720.0 1.6987 1.1854 1.6987 2.5757 2.4466
17450 8725.0 1.5670 3.4472 1.5670 2.4596 2.4110
17460 8730.0 1.6076 0.9002 1.6076 2.4982 2.4382
17470 8735.0 1.6914 0.8575 1.6914 2.6102 2.5364
17480 8740.0 1.5939 1.5734 1.5939 2.7452 2.4670
17490 8745.0 1.5577 4.2567 1.5577 2.7833 2.4010
17500 8750.0 1.6896 0.7823 1.6896 2.6387 2.3336
17510 8755.0 1.6742 0.2931 1.6742 2.5934 2.2855
17520 8760.0 1.5750 2.8090 1.5750 2.6622 2.3005
17530 8765.0 1.5739 2.8941 1.5739 2.7418 2.3590
17540 8770.0 1.6679 0.1601 1.6679 2.8024 2.3776
17550 8775.0 1.7101 1.8035 1.7101 2.8139 2.3874
17560 8780.0 1.6392 0.0589 1.6392 2.7629 2.3975
17570 8785.0 1.5868 1.9989 1.5868 2.6796 2.2547
17580 8790.0 1.6517 0.0014 1.6517 2.5772 2.1782
17590 8795.0 1.7437 4.3896 1.7437 2.5636 2.2013
17600 8800.0 1.6451 0.0121 1.6451 2.6422 2.1443
17610 8805.0 1.5413 5.9032 1.5413 2.6991 2.1221
17620 8810.0 1.6543 0.0091 1.6543 2.6561 2.2637
17630 8815.0 1.7139 2.0423 1.7139 2.6520 2.4143
17640 8820.0 1.6300 0.1997 1.6300 2.7308 2.4416
17650 8825.0 1.5621 3.8601 1.5621 2.7748 2.3367
17660 8830.0 1.6238 0.3441 1.6238 2.7833 2.3809
17670 8835.0 1.7000 1.2493 1.7000 2.6783 2.5118
17680 8840.0 1.6527 0.0036 1.6527 2.6956 2.4555
17690 8845.0 1.5830 2.2469 1.5830 2.6444 2.2559
17700 8850.0 1.6181 0.5086 1.6181 2.6177 2.1905
17710 8855.0 1.6705 0.2091 1.6705 2.6585 2.2667
17720 8860.0 1.6047 1.0251 1.6047 2.6689 2.3808
17730 8865.0 1.5904 1.7776 1.5904 2.7346 2.4848
17740 8870.0 1.6279 0.2439 1.6279 2.5774 2.5493
17750 8875.0 1.5754 2.7795 1.5754 2.4446 2.5778
17760 8880.0 1.6212 0.4160 1.6212 2.4421 2.5874
17770 8885.0 1.6484 0.0013 1.6484 2.5465 2.5435
17780 8890.0 1.5440 5.6160 1.5440 2.6851 2.4876
17790 8895.0 1.6288 0.2256 1.6288 2.6317 2.4646
17800 8900.0 1.7065 1.5933 1.7065 2.5068 2.4122
17810 8905.0 1.5934 1.6038 1.5934 2.5285 2.3458
17820 8910.0 1.5321 6.9478 1.5321 2.5789 2.3785
17830 8915.0 1.6481 0.0019 1.6481 2.6162 2.5390
17840 8920.0 1.7267 2.9423 1.7267 2.6136 2.6180
17850 8925.0 1.6221 0.3893 1.6221 2.7350 2.5413
17860 8930.0 1.5529 4.7174 1.5529 2.8256 2.4449
17870 8935.0 1.6274 0.2560 1.6274 2.7963 2.4908
17880 8940.0 1.6772 0.3700 1.6772 2.7587 2.5025
17890 8945.0 1.6255 0.3008 1.6255 2.7605 2.3584
17900 8950.0 1.5731 2.9575 1.5731 2.7720 2.2327
17910 8955.0 1.6389 0.0621 1.6389 2.7438 2.2347
17920 8960.0 1.7288 3.1050 1.7288 2.6486 2.2971
17930 8965.0 1.7069 1.6199 1.7069 2.6681 2.3428
17940 8970.0 1.5741 2.8780 1.5741 2.8096 2.3518
17950 8975.0 1.6120 0.7233 1.6120 2.7809 2.3107
17960 8980.0 1.7255 2.8513 1.7255 2.6533 2.4260
17970 8985.0 1.6435 0.0213 1.6435 2.5184 2.4583
17980 8990.0 1.5582 4.2146 1.5582 2.4062 2.4952
17990 8995.0 1.6378 0.0740 1.6378 2.4453 2.5000
18000 9000.0 1.6715 0.2310 1.6715 2.5526 2.4137
