# step  time_fs  cv_FeH(A)  bias(kJ/mol)  d_min_FeH(A)  d_min_OH(A)  d_min_SH(A)
0 0.0 1.7182 640.4504 1.7182 2.5114 2.4126
10 5.0 2.2449 183.0772 2.2449 2.0672 2.3506
20 10.0 3.1411 42.3657 3.1411 1.4509 2.3929
30 15.0 2.9927 10.1771 2.9927 1.1985 1.9955
40 20.0 2.6779 14.8151 2.6779 1.4983 1.8453
50 25.0 2.5902 33.7387 2.5902 1.4351 1.9352
60 30.0 3.1429 42.8999 3.1429 1.0505 2.5177
70 35.0 3.2200 68.4607 3.2200 0.9874 2.6796
80 40.0 2.5763 37.4573 2.5763 1.3060 2.1877
90 45.0 2.7163 8.9361 2.7163 1.0393 2.4396
100 50.0 3.2858 94.9542 3.2858 1.0854 2.4940
110 55.0 2.9114 1.8858 2.9114 0.9694 2.7596
120 60.0 2.5925 33.1528 2.5925 1.0696 2.6810
130 65.0 3.1097 33.7254 3.1097 1.0015 2.6300
140 70.0 3.1062 32.8081 3.1062 0.9683 2.6478
150 75.0 2.7307 7.1113 2.7307 1.1100 2.4583
160 80.0 2.8661 0.1301 2.8661 0.9234 2.6388
170 85.0 2.9925 10.1551 2.9925 1.1083 2.6039
180 90.0 2.7679 3.3677 2.7679 0.9458 2.3980
190 95.0 2.7148 9.1460 2.7148 1.0797 2.1941
200 100.0 2.9630 6.3798 2.9630 0.9712 2.4248
210 105.0 2.9263 2.9107 2.9263 1.0566 2.4233
220 110.0 2.7863 2.0287 2.7863 1.0428 2.4427
230 115.0 2.7578 4.2483 2.7578 0.9656 2.4373
240 120.0 2.8403 0.0473 2.8403 1.0380 2.4020
250 125.0 3.0103 12.8490 3.0103 0.9857 2.5359
260 130.0 2.8917 0.8687 2.8917 1.0263 2.4754
270 135.0 2.7385 6.2159 2.7385 1.0051 2.5132
280 140.0 2.8384 0.0668 2.8384 1.0008 2.6314
290 145.0 2.8669 0.1432 2.8669 1.0123 2.5874
300 150.0 2.7984 1.3311 2.7984 0.9993 2.4982
310 155.0 2.8224 0.3800 2.8224 1.0014 2.4724
320 160.0 2.8803 0.4602 2.8803 0.9921 2.4947
330 165.0 2.8934 0.9421 2.8934 1.0148 2.4568
340 170.0 2.8776 0.3817 2.8776 0.9964 2.4389
350 175.0 2.8584 0.0354 2.8584 1.0100 2.4387
360 180.0 2.8789 0.4172 2.8789 1.0302 2.4408
370 185.0 2.9226 2.6348 2.9226 0.9844 2.4482
380 190.0 2.8916 0.8636 2.8916 1.0525 2.3587
390 195.0 2.8476 0.0029 2.8476 0.9476 2.3884
400 200.0 2.8380 0.0722 2.8380 1.0282 2.3619
410 205.0 2.8199 0.4534 2.8199 0.9618 2.4372
420 210.0 2.7848 2.1275 2.7848 1.0079 2.4526
430 215.0 2.9249 2.8017 2.9249 1.0091 2.6101
440 220.0 2.9710 7.3174 2.9710 1.1412 2.6022
450 225.0 2.9743 7.7278 2.9743 0.9878 2.6216
460 230.0 2.8543 0.0092 2.8543 1.0397 2.4874
470 235.0 2.9177 2.2915 2.9177 0.9741 2.5230
480 240.0 2.8721 0.2447 2.8721 1.0540 2.4193
490 245.0 2.8549 0.0121 2.8549 1.0384 2.3547
500 250.0 2.9159 2.1721 2.9159 0.9921 2.3088
510 255.0 2.8012 1.1923 2.8012 1.0189 2.1765
520 260.0 2.7383 6.2427 2.7383 0.9696 2.2059
530 265.0 2.8555 0.0152 2.8555 1.0222 2.2928
540 270.0 2.9350 3.6155 2.9350 1.0403 2.3298
550 275.0 2.8440 0.0182 2.8440 1.0388 2.2111
560 280.0 2.7595 4.0979 2.7595 0.9740 2.2044
570 285.0 2.8122 0.7135 2.8122 1.0080 2.2173
580 290.0 2.9239 2.7341 2.9239 1.0164 2.2783
590 295.0 2.8761 0.3416 2.8761 1.0358 2.2456
600 300.0 2.7979 1.3585 2.7979 0.9939 2.2208
610 305.0 2.8193 0.4717 2.8193 1.0066 2.1847
620 310.0 2.9299 3.1927 2.9299 1.0110 2.1742
630 315.0 2.9539 5.3964 2.9539 1.0062 2.1439
640 320.0 2.8208 0.4265 2.8208 0.9935 2.0876
650 325.0 2.8440 0.0179 2.8440 0.9916 2.1385
660 330.0 2.9358 3.6823 2.9358 1.0087 2.2559
670 335.0 2.8687 0.1754 2.8687 0.9999 2.3002
680 340.0 2.7771 2.6550 2.7771 0.9963 2.2687
690 345.0 2.8413 0.0375 2.8413 1.0155 2.2720
700 350.0 2.9513 5.1293 2.9513 0.9963 2.3549
710 355.0 2.8388 0.0623 2.8388 1.0190 2.3069
720 360.0 2.6964 11.8038 2.6964 0.9736 2.3040
730 365.0 2.8099 0.8033 2.8099 1.0196 2.3731
740 370.0 2.9565 5.6671 2.9565 0.9765 2.4729
750 375.0 2.8716 0.2333 2.8716 1.0132 2.3423
760 380.0 2.8184 0.5003 2.8184 0.9942 2.2537
770 385.0 2.9667 6.8075 2.9667 1.0108 2.3130
780 390.0 2.9453 4.5401 2.9453 1.0612 2.2859
790 395.0 2.8015 1.1765 2.8015 0.9582 2.2875
800 400.0 2.8332 0.1413 2.8332 1.0406 2.2975
810 405.0 2.9367 3.7563 2.9367 0.9688 2.3846
820 410.0 2.9256 2.8559 2.9256 1.0299 2.2994
830 415.0 2.8815 0.4949 2.8815 0.9648 2.2575
840 420.0 2.9032 1.4166 2.9032 1.0391 2.2236
850 425.0 2.8644 0.1035 2.8644 0.9703 2.2543
860 430.0 2.7635 3.7447 2.7635 1.0211 2.2124
870 435.0 2.8143 0.6369 2.8143 0.9595 2.2981
880 440.0 2.9569 5.7159 2.9569 1.0343 2.3242
890 445.0 2.9272 2.9816 2.9272 0.9571 2.2900
900 450.0 2.8335 0.1363 2.8335 1.0372 2.1533
910 455.0 2.8140 0.6464 2.8140 0.9473 2.1885
920 460.0 2.8323 0.1566 2.8323 1.0443 2.0957
930 465.0 2.8657 0.1240 2.8657 0.9518 2.1523
940 470.0 2.8208 0.4260 2.8208 1.0572 2.0631
950 475.0 2.9105 1.8294 2.9105 0.9484 2.2002
960 480.0 2.8882 0.7309 2.8882 1.0405 2.1685
970 485.0 2.7685 3.3248 2.7685 0.9595 2.1764
980 490.0 2.7371 6.3701 2.7371 1.0071 2.1123
990 495.0 2.9001 1.2536 2.9001 1.0013 2.1829
1000 500.0 2.9399 4.0429 2.9399 1.0219 2.2026
1010 505.0 2.8611 0.0620 2.8611 1.0040 2.1916
1020 510.0 2.8566 0.0220 2.8566 1.0052 2.1624
1030 515.0 2.9127 1.9668 2.9127 1.0075 2.1170
1040 520.0 2.8832 0.5507 2.8832 1.0083 2.0124
1050 525.0 2.8219 0.3946 2.8219 0.9877 1.9267
1060 530.0 2.8769 0.3605 2.8769 0.9928 1.9201
1070 535.0 2.9006 1.2792 2.9006 1.0031 1.9244
1080 540.0 2.8389 0.0618 2.8389 0.9924 1.9396
1090 545.0 2.8538 0.0074 2.8538 0.9872 2.0205
1100 550.0 2.8730 0.2651 2.8730 1.0307 2.0104
1110 555.0 2.8911 0.8433 2.8911 0.9897 2.0058
1120 560.0 2.8852 0.6188 2.8852 1.0170 1.9703
1130 565.0 2.8697 0.1950 2.8697 0.9932 1.9857
1140 570.0 2.8218 0.3990 2.8218 1.0281 1.9590
1150 575.0 2.8820 0.5132 2.8820 1.0019 1.9701
1160 580.0 2.8796 0.4389 2.8796 1.0601 1.9089
1170 585.0 2.8217 0.3993 2.8217 0.9938 1.9353
1180 590.0 2.8131 0.6814 2.8131 1.0260 1.9160
1190 595.0 2.8688 0.1772 2.8688 1.0043 1.9871
1200 600.0 2.8640 0.0978 2.8640 1.0221 1.9895
1210 605.0 2.8761 0.3417 2.8761 0.9871 2.0317
1220 610.0 2.9000 1.2490 2.9000 1.0394 2.0270
1230 615.0 2.8683 0.1672 2.8683 1.0079 2.0392
1240 620.0 2.8433 0.0224 2.8433 0.9942 2.0525
1250 625.0 2.8567 0.0224 2.8567 1.0321 2.0316
1260 630.0 2.8839 0.5751 2.8839 0.9766 2.0512
1270 635.0 2.8453 0.0109 2.8453 1.0417 1.9932
1280 640.0 2.8628 0.0818 2.8628 0.9654 2.0869
1290 645.0 2.8713 0.2262 2.8713 1.0291 2.1464
1300 650.0 2.9425 4.2807 2.9425 0.9584 2.2842
1310 655.0 2.8725 0.2529 2.8725 1.0544 2.2072
1320 660.0 2.8563 0.0197 2.8563 0.9584 2.2109
1330 665.0 2.8286 0.2291 2.8286 1.0609 2.1542
1340 670.0 2.8880 0.7215 2.8880 0.9392 2.2768
1350 675.0 2.8591 0.0414 2.8591 1.0649 2.1845
1360 680.0 2.9115 1.8903 2.9115 0.9460 2.2512
1370 685.0 2.8382 0.0697 2.8382 1.0658 2.1743
1380 690.0 2.9078 1.6686 2.9078 0.9407 2.3576
1390 695.0 2.8374 0.0790 2.8374 1.0730 2.3266
1400 700.0 2.9308 3.2682 2.9308 0.9576 2.2698
1410 705.0 2.8482 0.0016 2.8482 1.0985 2.0311
1420 710.0 2.8782 0.3986 2.8782 0.9397 2.0732
1430 715.0 2.7432 5.7027 2.7432 1.0516 2.0229
1440 720.0 2.8769 0.3605 2.8769 0.9360 2.2228
1450 725.0 2.8896 0.7845 2.8896 1.1472 2.2728
1460 730.0 3.0196 14.3812 3.0196 1.1302 2.4780
1470 735.0 2.9562 5.6418 2.9562 1.0758 2.5701
1480 740.0 2.8491 0.0004 2.8491 0.9738 2.5267
1490 745.0 2.7544 4.5726 2.7544 1.0004 2.3911
1500 750.0 2.8553 0.0143 2.8553 0.9801 2.3942
1510 755.0 2.9417 4.2042 2.9417 1.0362 2.4553
1520 760.0 2.9412 4.1564 2.9412 0.9866 2.5014
1530 765.0 2.8236 0.3474 2.8236 1.0051 2.4327
1540 770.0 2.8103 0.7866 2.8103 0.9727 2.4403
1550 775.0 2.8273 0.2569 2.8273 0.9854 2.5097
1560 780.0 2.8982 1.1606 2.8982 0.9902 2.5793
1570 785.0 2.9155 2.1430 2.9155 0.9858 2.5319
1580 790.0 2.8697 0.1942 2.8697 1.0260 2.4600
1590 795.0 2.8976 1.1339 2.8976 0.9791 2.5540
1600 800.0 2.9046 1.4882 2.9046 1.0102 2.6476
1610 805.0 2.8838 0.5726 2.8838 0.9847 2.5745
1620 810.0 2.8824 0.5245 2.8824 1.0194 2.4360
1630 815.0 2.9346 3.5810 2.9346 1.0116 2.4437
1640 820.0 2.8797 0.4407 2.8797 1.0329 2.5018
1650 825.0 2.8404 0.0465 2.8404 0.9650 2.5164
1660 830.0 2.8516 0.0012 2.8516 1.0400 2.4730
1670 835.0 2.9679 6.9542 2.9679 1.0126 2.5538
1680 840.0 2.8784 0.4036 2.8784 1.0390 2.5397
1690 845.0 2.8227 0.3721 2.8227 0.9804 2.4550
1700 850.0 2.8994 1.2197 2.8994 1.0383 2.3961
1710 855.0 2.9783 8.2241 2.9783 1.0209 2.4470
1720 860.0 2.8893 0.7731 2.8893 0.9989 2.4513
1730 865.0 2.8496 0.0001 2.8496 0.9933 2.4184
1740 870.0 2.9178 2.2962 2.9178 1.0359 2.4074
1750 875.0 2.9599 6.0340 2.9599 1.1032 2.4297
1760 880.0 2.9738 7.6627 2.9738 1.0062 2.4294
1770 885.0 2.8595 0.0452 2.8595 1.0120 2.2788
1780 890.0 2.8376 0.0764 2.8376 0.9997 2.2655
1790 895.0 2.9374 3.8232 2.9374 0.9982 2.3987
1800 900.0 2.9667 6.8043 2.9667 1.0206 2.4431
1810 905.0 2.8686 0.1732 2.8686 0.9893 2.3500
1820 910.0 2.8499 0.0000 2.8499 1.0089 2.3152
1830 915.0 2.9425 4.2795 2.9425 1.0012 2.4474
1840 920.0 2.9220 2.5947 2.9220 1.0655 2.4942
1850 925.0 2.8725 0.2536 2.8725 0.9646 2.4974
1860 930.0 2.8593 0.0432 2.8593 1.0527 2.3841
1870 935.0 2.9288 3.1013 2.9288 0.9836 2.4145
1880 940.0 2.8994 1.2216 2.8994 1.0400 2.3632
1890 945.0 2.9045 1.4865 2.9045 1.0171 2.4077
1900 950.0 2.9043 1.4730 2.9043 1.0100 2.4559
1910 955.0 2.8644 0.1039 2.8644 1.0497 2.4184
1920 960.0 2.9089 1.7317 2.9089 0.9868 2.4192
1930 965.0 2.8860 0.6496 2.8860 1.0797 2.3810
1940 970.0 2.9906 9.8831 2.9906 0.9827 2.4542
1950 975.0 2.8699 0.1985 2.8699 1.0851 2.3148
1960 980.0 2.8844 0.5930 2.8844 0.9543 2.2726
1970 985.0 2.7709 3.1283 2.7709 1.0580 2.1619
1980 990.0 2.8903 0.8122 2.8903 0.9683 2.2158
1990 995.0 2.8959 1.0514 2.8959 1.0832 2.1656
2000 1000.0 2.9443 4.4477 2.9443 1.0258 2.2075
2010 1005.0 2.8637 0.0941 2.8637 1.0134 2.1759
2020 1010.0 2.8359 0.0988 2.8359 1.0064 2.1783
2030 1015.0 2.8854 0.6263 2.8854 1.0059 2.2116
2040 1020.0 2.9164 2.2037 2.9164 1.0204 2.2007
2050 1025.0 2.8812 0.4860 2.8812 0.9957 2.1353
2060 1030.0 2.7806 2.4084 2.7806 1.0232 2.0359
2070 1035.0 2.8558 0.0170 2.8558 0.9951 2.1020
2080 1040.0 2.9109 1.8549 2.9109 1.0158 2.1361
2090 1045.0 2.8322 0.1586 2.8322 0.9918 2.1238
2100 1050.0 2.7980 1.3528 2.7980 0.9990 2.0996
2110 1055.0 2.9253 2.8322 2.9253 0.9987 2.1576
2120 1060.0 2.9736 7.6372 2.9736 0.9843 2.1822
2130 1065.0 2.8535 0.0060 2.8535 1.0218 2.0893
2140 1070.0 2.8181 0.5093 2.8181 0.9702 2.1509
2150 1075.0 2.8346 0.1184 2.8346 1.0250 2.2183
2160 1080.0 2.8705 0.2102 2.8705 0.9698 2.2549
2170 1085.0 2.8550 0.0125 2.8550 1.0272 2.1603
2180 1090.0 2.9256 2.8557 2.9256 1.0012 2.1935
2190 1095.0 2.9435 4.3707 2.9435 1.0212 2.2210
2200 1100.0 2.8421 0.0313 2.8421 1.0249 2.1622
2210 1105.0 2.7999 1.2560 2.7999 0.9713 2.1363
2220 1110.0 2.8654 0.1188 2.8654 1.0162 2.1329
2230 1115.0 3.0038 11.8223 3.0038 0.9897 2.2667
2240 1120.0 2.9538 5.3852 2.9538 1.0583 2.2661
2250 1125.0 2.8678 0.1590 2.8678 0.9715 2.2817
2260 1130.0 2.7682 3.3453 2.7682 1.0170 2.1552
2270 1135.0 2.8873 0.6973 2.8873 0.9880 2.1561
2280 1140.0 2.9534 5.3408 2.9534 1.0330 2.1455
2290 1145.0 2.8649 0.1112 2.8649 0.9872 2.1387
2300 1150.0 2.8113 0.7488 2.8113 1.0306 2.1203
2310 1155.0 2.8735 0.2753 2.8735 0.9778 2.2207
2320 1160.0 2.8817 0.5039 2.8817 1.0198 2.1985
2330 1165.0 2.8850 0.6110 2.8850 0.9914 2.2116
2340 1170.0 2.8874 0.7006 2.8874 1.0197 2.2331
2350 1175.0 2.8611 0.0620 2.8611 0.9810 2.2870
2360 1180.0 2.8489 0.0006 2.8489 1.0283 2.2673
2370 1185.0 2.8818 0.5067 2.8818 0.9879 2.2864
2380 1190.0 2.8880 0.7207 2.8880 1.0378 2.2127
2390 1195.0 2.8609 0.0596 2.8609 0.9954 2.2226
2400 1200.0 2.8165 0.5612 2.8165 1.0126 2.1993
2410 1205.0 2.8513 0.0009 2.8513 1.0280 2.2439
2420 1210.0 2.9389 3.9559 2.9389 0.9969 2.3214
2430 1215.0 2.9196 2.4198 2.9196 1.0312 2.2576
2440 1220.0 2.8389 0.0618 2.8389 0.9657 2.2223
2450 1225.0 2.8600 0.0501 2.8600 1.0433 2.1688
2460 1230.0 2.9423 4.2583 2.9423 0.9664 2.3157
2470 1235.0 2.8944 0.9871 2.8944 1.1387 2.2512
2480 1240.0 2.8273 0.2587 2.8273 0.9793 2.3393
2490 1245.0 2.8378 0.0738 2.8378 1.0455 2.3110
2500 1250.0 2.9129 1.9760 2.9129 1.0030 2.3704
2510 1255.0 2.9369 3.7748 2.9369 1.0187 2.3542
2520 1260.0 2.8830 0.5434 2.8830 1.0597 2.2780
2530 1265.0 2.8426 0.0270 2.8426 0.9507 2.3021
2540 1270.0 2.8279 0.2443 2.8279 1.0837 2.2045
2550 1275.0 2.9123 1.9424 2.9123 0.9427 2.3644
2560 1280.0 2.9217 2.5729 2.9217 1.1073 2.3160
2570 1285.0 2.8986 1.1801 2.8986 0.9355 2.4446
2580 1290.0 2.8255 0.3009 2.8255 1.0749 2.3319
2590 1295.0 2.9580 5.8319 2.9580 0.9610 2.4067
2600 1300.0 2.9207 2.5015 2.9207 1.0597 2.2808
2610 1305.0 2.8335 0.1363 2.8335 0.9699 2.2737
2620 1310.0 2.8121 0.7179 2.8121 1.0396 2.2255
2630 1315.0 2.9301 3.2084 2.9301 0.9873 2.2768
2640 1320.0 2.9542 5.4308 2.9542 1.0429 2.2611
2650 1325.0 2.9520 5.1988 2.9520 1.0078 2.3637
2660 1330.0 2.9483 4.8303 2.9483 1.0113 2.4877
2670 1335.0 2.8623 0.0762 2.8623 1.0288 2.4596
2680 1340.0 2.8631 0.0858 2.8631 0.9874 2.4089
2690 1345.0 2.9514 5.1407 2.9514 1.0850 2.4382
2700 1350.0 2.9910 9.9461 2.9910 0.9934 2.5409
2710 1355.0 2.8681 0.1639 2.8681 1.0616 2.4621
2720 1360.0 2.8741 0.2913 2.8741 1.0390 2.4674
2730 1365.0 2.9839 8.9608 2.9839 0.9858 2.6103
2740 1370.0 2.9029 1.4000 2.9029 1.1173 2.6023
2750 1375.0 2.9402 4.0707 2.9402 1.0247 2.6260
2760 1380.0 2.9201 2.4541 2.9201 1.0481 2.5867
2770 1385.0 2.9112 1.8717 2.9112 1.1524 2.5909
2780 1390.0 3.0157 13.7237 3.0157 1.0569 2.6732
2790 1395.0 2.8934 0.9422 2.8934 1.0852 2.5640
2800 1400.0 2.8429 0.0251 2.8429 1.1273 2.4979
2810 1405.0 3.0183 14.1695 3.0183 1.0307 2.6503
2820 1410.0 2.9236 2.7084 2.9236 1.1705 2.6340
2830 1415.0 2.8478 0.0025 2.8478 1.1929 2.5997
2840 1420.0 3.0373 17.5355 3.0373 1.0826 2.7242
2850 1425.0 2.9606 6.1120 2.9606 1.1380 2.7134
2860 1430.0 2.8199 0.4521 2.8199 1.1734 2.6548
2870 1435.0 2.9728 7.5437 2.9728 1.0207 2.7585
2880 1440.0 2.9197 2.4316 2.9197 1.0488 2.7492
2890 1445.0 2.8614 0.0645 2.8614 1.1069 2.6749
2900 1450.0 2.9798 8.4266 2.9798 1.0335 2.6754
2910 1455.0 2.8946 0.9935 2.8946 1.1271 2.5889
2920 1460.0 2.8799 0.4460 2.8799 1.1199 2.5749
2930 1465.0 2.9395 4.0088 2.9395 1.0513 2.6465
2940 1470.0 2.9104 1.8228 2.9104 1.0894 2.6919
2950 1475.0 2.8580 0.0317 2.8580 1.1403 2.6576
2960 1480.0 2.9505 5.0547 2.9505 1.1307 2.6462
2970 1485.0 2.9661 6.7343 2.9661 1.1382 2.6121
2980 1490.0 2.8774 0.3753 2.8774 1.1715 2.5685
2990 1495.0 2.8903 0.8127 2.8903 1.1672 2.5536
3000 1500.0 2.9705 7.2656 2.9705 1.1273 2.5491
3010 1505.0 2.9060 1.5654 2.9060 1.0029 2.5047
3020 1510.0 2.8098 0.8089 2.8098 1.0200 2.4965
3030 1515.0 2.8825 0.5282 2.8825 1.0148 2.5190
3040 1520.0 2.9296 3.1718 2.9296 1.0368 2.4622
3050 1525.0 2.9263 2.9123 2.9263 1.0239 2.4580
3060 1530.0 2.8530 0.0045 2.8530 1.0037 2.5130
3070 1535.0 2.8500 0.0000 2.8500 0.9950 2.6136
3080 1540.0 2.9315 3.3236 2.9315 1.0260 2.5173
3090 1545.0 2.9479 4.7931 2.9479 1.0007 2.5262
3100 1550.0 2.8729 0.2619 2.8729 1.0257 2.6445
3110 1555.0 2.9074 1.6456 2.9074 0.9957 2.5957
3120 1560.0 2.9151 2.1198 2.9151 1.0227 2.5144
3130 1565.0 2.9052 1.5225 2.9052 1.0076 2.4044
3140 1570.0 2.8651 0.1147 2.8651 1.0111 2.3124
3150 1575.0 2.8522 0.0023 2.8522 0.9914 2.2988
3160 1580.0 2.8476 0.0028 2.8476 0.9989 2.2862
3170 1585.0 2.8961 1.0619 2.8961 0.9961 2.3279
3180 1590.0 2.8966 1.0875 2.8966 1.0201 2.3672
3190 1595.0 2.8934 0.9400 2.8934 0.9769 2.4068
3200 1600.0 2.8437 0.0200 2.8437 1.0165 2.4027
3210 1605.0 2.8983 1.1652 2.8983 0.9641 2.4374
3220 1610.0 2.8661 0.1302 2.8661 1.0293 2.4386
3230 1615.0 2.9174 2.2696 2.9174 0.9554 2.4702
3240 1620.0 2.8820 0.5123 2.8820 1.0386 2.4702
3250 1625.0 2.8894 0.7775 2.8894 0.9549 2.4896
3260 1630.0 2.8551 0.0130 2.8551 1.0155 2.5318
3270 1635.0 2.9177 2.2887 2.9177 0.9800 2.5983
3280 1640.0 2.8605 0.0548 2.8605 1.0093 2.5613
3290 1645.0 2.8509 0.0004 2.8509 0.9802 2.5599
3300 1650.0 2.8503 0.0000 2.8503 0.9925 2.5904
3310 1655.0 2.8763 0.3447 2.8763 0.9974 2.6402
3320 1660.0 2.8798 0.4454 2.8798 0.9731 2.6143
3330 1665.0 2.8736 0.2780 2.8736 1.0122 2.5530
3340 1670.0 2.9428 4.3097 2.9428 0.9794 2.5433
3350 1675.0 2.8982 1.1601 2.8982 1.0215 2.4684
3360 1680.0 2.8195 0.4643 2.8195 0.9696 2.3712
3370 1685.0 2.8343 0.1230 2.8343 1.0141 2.3249
3380 1690.0 2.9186 2.3562 2.9186 1.0046 2.3781
3390 1695.0 2.8845 0.5937 2.8845 0.9836 2.4468
3400 1700.0 2.8008 1.2094 2.8008 1.0180 2.4809
3410 1705.0 2.8361 0.0969 2.8361 0.9639 2.5682
3420 1710.0 2.9073 1.6394 2.9073 1.0213 2.6778
3430 1715.0 2.9070 1.6231 2.9070 0.9718 2.6036
3440 1720.0 2.8160 0.5777 2.8160 1.0083 2.4431
3450 1725.0 2.8055 0.9880 2.8055 0.9775 2.3818
3460 1730.0 2.8393 0.0569 2.8393 0.9921 2.3911
3470 1735.0 2.8715 0.2310 2.8715 1.0006 2.4706
3480 1740.0 2.8935 0.9476 2.8935 0.9975 2.5476
3490 1745.0 2.8455 0.0100 2.8455 1.0026 2.5332
3500 1750.0 2.8361 0.0973 2.8361 0.9859 2.5059
3510 1755.0 2.8469 0.0049 2.8469 0.9854 2.4780
3520 1760.0 2.8640 0.0979 2.8640 0.9755 2.4531
3530 1765.0 2.8567 0.0223 2.8567 0.9972 2.4094
3540 1770.0 2.8249 0.3162 2.8249 0.9675 2.3782
3550 1775.0 2.8146 0.6282 2.8146 0.9831 2.3594
3560 1780.0 2.8640 0.0984 2.8640 0.9638 2.4159
3570 1785.0 2.8318 0.1660 2.8318 1.0087 2.4571
3580 1790.0 2.8646 0.1070 2.8646 0.9657 2.5815
3590 1795.0 2.8922 0.8917 2.8922 1.0104 2.6459
3600 1800.0 2.8604 0.0539 2.8604 0.9665 2.6688
3610 1805.0 2.8261 0.2855 2.8261 0.9953 2.7139
3620 1810.0 2.8775 0.3776 2.8775 0.9950 2.7200
3630 1815.0 2.8545 0.0103 2.8545 1.0102 2.7103
3640 1820.0 2.8324 0.1557 2.8324 0.9827 2.5538
3650 1825.0 2.8990 1.1996 2.8990 1.0014 2.5106
3660 1830.0 2.8967 1.0896 2.8967 0.9909 2.4712
3670 1835.0 2.8106 0.7748 2.8106 0.9917 2.3611
3680 1840.0 2.8004 1.2314 2.8004 1.0058 2.2427
3690 1845.0 2.9015 1.3266 2.9015 0.9539 2.2755
3700 1850.0 2.8738 0.2828 2.8738 1.0284 2.1848
3710 1855.0 2.8469 0.0047 2.8469 0.9544 2.1943
3720 1860.0 2.7676 3.3952 2.7676 1.0270 2.0997
3730 1865.0 2.8427 0.0268 2.8427 0.9217 2.2198
3740 1870.0 2.8369 0.0852 2.8369 1.0579 2.1225
3750 1875.0 2.8813 0.4898 2.8813 0.9455 2.2275
3760 1880.0 2.7788 2.5314 2.7788 1.0307 2.1639
3770 1885.0 2.8448 0.0133 2.8448 0.9296 2.3548
3780 1890.0 2.8768 0.3580 2.8768 1.0416 2.4535
3790 1895.0 2.9342 3.5440 2.9342 0.9409 2.5889
3800 1900.0 2.8237 0.3463 2.8237 1.0241 2.4688
3810 1905.0 2.8483 0.0014 2.8483 0.9419 2.4857
3820 1910.0 2.8971 1.1107 2.8971 1.0332 2.5283
3830 1915.0 2.9024 1.3720 2.9024 0.9402 2.5575
3840 1920.0 2.8044 1.0416 2.8044 1.0152 2.5308
3850 1925.0 2.8471 0.0043 2.8471 0.9519 2.5462
3860 1930.0 2.8837 0.5673 2.8837 1.0160 2.5703
3870 1935.0 2.8594 0.0442 2.8594 0.9748 2.5299
3880 1940.0 2.8308 0.1846 2.8308 1.0119 2.4820
3890 1945.0 2.8743 0.2956 2.8743 0.9796 2.4675
3900 1950.0 2.8811 0.4848 2.8811 1.0126 2.4636
3910 1955.0 2.8645 0.1047 2.8645 0.9765 2.4740
3920 1960.0 2.8326 0.1510 2.8326 0.9994 2.5217
3930 1965.0 2.8970 1.1056 2.8970 0.9931 2.6185
3940 1970.0 2.8886 0.7432 2.8886 0.9923 2.6260
3950 1975.0 2.8340 0.1283 2.8340 0.9689 2.5779
3960 1980.0 2.7881 1.9165 2.7881 0.9897 2.5431
3970 1985.0 2.8510 0.0005 2.8510 0.9713 2.5582
3980 1990.0 2.9251 2.8227 2.9251 0.9815 2.5891
3990 1995.0 2.9052 1.5246 2.9052 1.0026 2.5794
4000 2000.0 2.8083 0.8704 2.8083 0.9620 2.5889
4010 2005.0 2.7486 5.1412 2.7486 0.9880 2.5524
4020 2010.0 2.8478 0.0024 2.8478 0.9632 2.6343
4030 2015.0 2.8988 1.1895 2.8988 1.0030 2.6238
4040 2020.0 2.9048 1.5003 2.9048 0.9742 2.6323
4050 2025.0 2.8208 0.4270 2.8208 0.9843 2.5910
4060 2030.0 2.7974 1.3817 2.7974 0.9682 2.5775
4070 2035.0 2.7958 1.4705 2.7958 0.9640 2.5512
4080 2040.0 2.8587 0.0379 2.8587 0.9852 2.5048
4090 2045.0 2.9468 4.6840 2.9468 0.9866 2.5002
4100 2050.0 2.8966 1.0881 2.8966 0.9995 2.4593
4110 2055.0 2.8102 0.7927 2.8102 0.9665 2.4393
4120 2060.0 2.7454 5.4686 2.7454 0.9754 2.4281
4130 2065.0 2.8101 0.7977 2.8101 0.9548 2.4799
4140 2070.0 2.8894 0.7752 2.8894 1.0136 2.5430
4150 2075.0 2.9546 5.4740 2.9546 0.9684 2.5945
4160 2080.0 2.8548 0.0116 2.8548 1.0107 2.5288
4170 2085.0 2.7978 1.3606 2.7978 0.9615 2.4664
4180 2090.0 2.7835 2.2091 2.7835 0.9592 2.4420
4190 2095.0 2.7677 3.3847 2.7677 0.9912 2.4058
4200 2100.0 2.8669 0.1429 2.8669 0.9886 2.4030
4210 2105.0 2.9402 4.0703 2.9402 1.0070 2.3693
4220 2110.0 2.8319 0.1641 2.8319 0.9723 2.3325
4230 2115.0 2.7262 7.6584 2.7262 0.9623 2.3078
4240 2120.0 2.7505 4.9493 2.7505 0.9649 2.3330
4250 2125.0 2.9056 1.5451 2.9056 1.0081 2.4082
4260 2130.0 2.9608 6.1399 2.9608 0.9699 2.4931
4270 2135.0 2.7581 4.2182 2.7581 0.9960 2.4261
4280 2140.0 2.7685 3.3207 2.7685 0.9482 2.5236
4290 2145.0 2.9210 2.5197 2.9210 1.0269 2.6329
4300 2150.0 2.9849 9.1029 2.9849 0.9630 2.6536
4310 2155.0 2.8027 1.1201 2.8027 1.0008 2.4820
4320 2160.0 2.7484 5.1594 2.7484 0.9398 2.4565
4330 2165.0 2.7961 1.4528 2.7961 0.9967 2.4089
4340 2170.0 2.9017 1.3344 2.9017 0.9583 2.4300
4350 2175.0 2.8619 0.0710 2.8619 0.9896 2.3380
4360 2180.0 2.7603 4.0189 2.7603 0.9573 2.3176
4370 2185.0 2.7227 8.0994 2.7227 0.9632 2.3194
4380 2190.0 2.8120 0.7202 2.8120 0.9834 2.3133
4390 2195.0 2.9488 4.8791 2.9488 0.9867 2.3662
4400 2200.0 2.9463 4.6324 2.9463 0.9948 2.3812
4410 2205.0 2.8366 0.0898 2.8366 0.9933 2.3846
4420 2210.0 2.7834 2.2207 2.7834 0.9811 2.4448
4430 2215.0 2.7954 1.4897 2.7954 0.9487 2.5000
4440 2220.0 2.7631 3.7725 2.7631 0.9903 2.5160
4450 2225.0 2.8364 0.0919 2.8364 0.9517 2.5954
4460 2230.0 2.8225 0.3792 2.8225 1.0068 2.4852
4470 2235.0 2.8559 0.0171 2.8559 0.9685 2.5888
4480 2240.0 2.8203 0.4406 2.8203 0.9899 2.6733
4490 2245.0 2.8011 1.1964 2.8011 0.9851 2.6547
4500 2250.0 2.7917 1.7019 2.7917 0.9492 2.6425
4510 2255.0 2.6965 11.7845 2.6965 1.0129 2.6726
4520 2260.0 2.7148 9.1335 2.7148 0.9213 2.5989
4530 2265.0 2.7155 9.0429 2.7155 0.9709 2.4540
4540 2270.0 2.8616 0.0668 2.8616 1.0037 2.3993
4550 2275.0 2.9877 9.4834 2.9877 0.9923 2.4463
4560 2280.0 2.8899 0.7942 2.8899 1.0151 2.3822
4570 2285.0 2.7886 1.8855 2.7886 0.9386 2.4290
4580 2290.0 2.6455 20.9201 2.6455 1.0248 2.3895
4590 2295.0 2.7285 7.3779 2.7285 0.9153 2.5119
4600 2300.0 2.7150 9.1120 2.7150 0.9760 2.4718
4610 2305.0 2.7730 2.9615 2.7730 0.9956 2.4742
4620 2310.0 2.8868 0.6768 2.8868 0.9621 2.5337
4630 2315.0 2.8886 0.7432 2.8886 1.0366 2.4923
4640 2320.0 2.9048 1.4996 2.9048 0.9371 2.6128
4650 2325.0 2.7498 5.0175 2.7498 1.0337 2.6027
4660 2330.0 2.7761 2.7329 2.7761 0.9249 2.5720
4670 2335.0 2.7156 9.0305 2.7156 0.9903 2.5111
4680 2340.0 2.7583 4.2002 2.7583 0.9821 2.5478
4690 2345.0 2.8425 0.0281 2.8425 0.9461 2.5852
4700 2350.0 2.8389 0.0620 2.8389 1.0211 2.5710
4710 2355.0 2.9359 3.6866 2.9359 0.9659 2.5906
4720 2360.0 2.8927 0.9105 2.8927 1.0096 2.4779
4730 2365.0 2.8688 0.1772 2.8688 0.9887 2.3950
4740 2370.0 2.8078 0.8892 2.8078 0.9830 2.3706
4750 2375.0 2.7497 5.0324 2.7497 0.9698 2.3725
4760 2380.0 2.7357 6.5280 2.7357 0.9614 2.3785
4770 2385.0 2.7913 1.7253 2.7913 0.9712 2.4375
4780 2390.0 2.8578 0.0304 2.8578 0.9929 2.5997
4790 2395.0 2.9414 4.1750 2.9414 0.9817 2.7042
4800 2400.0 2.8882 0.7287 2.8882 0.9902 2.5770
4810 2405.0 2.8240 0.3391 2.8240 0.9810 2.3958
4820 2410.0 2.8432 0.0231 2.8432 0.9656 2.3836
4830 2415.0 2.8503 0.0000 2.8503 0.9938 2.4287
4840 2420.0 2.8804 0.4608 2.8804 0.9644 2.3870
4850 2425.0 2.8394 0.0567 2.8394 1.0235 2.2224
4860 2430.0 2.8549 0.0122 2.8549 0.9753 2.1706
4870 2435.0 2.7558 4.4360 2.7558 0.9843 2.1715
4880 2440.0 2.7469 5.3178 2.7469 0.9637 2.2636
4890 2445.0 2.7671 3.4389 2.7671 0.9630 2.3329
4900 2450.0 2.7827 2.2652 2.7827 0.9828 2.4275
4910 2455.0 2.8553 0.0143 2.8553 0.9650 2.6012
4920 2460.0 2.8802 0.4572 2.8802 0.9907 2.6927
4930 2465.0 2.8881 0.7245 2.8881 0.9797 2.6817
4940 2470.0 2.8547 0.0108 2.8547 0.9758 2.6208
4950 2475.0 2.8310 0.1805 2.8310 0.9864 2.5822
4960 2480.0 2.8360 0.0981 2.8360 0.9634 2.5720
4970 2485.0 2.8336 0.1353 2.8336 1.0084 2.5450
4980 2490.0 2.9224 2.6244 2.9224 0.9836 2.6090
4990 2495.0 2.8740 0.2872 2.8740 0.9916 2.6452
5000 2500.0 2.8233 0.3567 2.8233 0.9723 2.6360
5010 2505.0 2.8707 0.2143 2.8707 0.9795 2.6591
5020 2510.0 2.9289 3.1090 2.9289 1.0009 2.6922
5030 2515.0 2.8899 0.7948 2.8899 0.9767 2.6684
5040 2520.0 2.7973 1.3885 2.7973 0.9857 2.6348
5050 2525.0 2.8357 0.1025 2.8357 0.9565 2.6206
5060 2530.0 2.9017 1.3340 2.9017 1.0059 2.5906
5070 2535.0 2.8806 0.4672 2.8806 0.9812 2.5374
5080 2540.0 2.8115 0.7393 2.8115 0.9984 2.5020
5090 2545.0 2.8676 0.1551 2.8676 0.9691 2.5080
5100 2550.0 2.8929 0.9191 2.8929 1.0006 2.5259
5110 2555.0 2.8682 0.1657 2.8682 0.9680 2.4450
5120 2560.0 2.8113 0.7507 2.8113 0.9877 2.2841
5130 2565.0 2.8053 0.9992 2.8053 0.9760 2.2189
5140 2570.0 2.8251 0.3103 2.8251 0.9724 2.2090
5150 2575.0 2.8435 0.0208 2.8435 0.9850 2.2115
5160 2580.0 2.8733 0.2726 2.8733 0.9793 2.2398
5170 2585.0 2.8636 0.0926 2.8636 0.9977 2.2429
5180 2590.0 2.8440 0.0181 2.8440 0.9711 2.2798
5190 2595.0 2.7803 2.4312 2.7803 0.9846 2.2955
5200 2600.0 2.7661 3.5190 2.7661 0.9627 2.3702
5210 2605.0 2.7679 3.3716 2.7679 0.9707 2.4025
5220 2610.0 2.7876 1.9480 2.7876 0.9725 2.4112
5230 2615.0 2.8015 1.1773 2.8015 0.9789 2.4283
5240 2620.0 2.8183 0.5013 2.8183 0.9790 2.4627
5250 2625.0 2.8215 0.4074 2.8215 0.9818 2.4671
5260 2630.0 2.8110 0.7598 2.8110 0.9725 2.4211
5270 2635.0 2.7744 2.8571 2.7744 0.9803 2.3905
5280 2640.0 2.7511 4.8895 2.7511 0.9766 2.3857
5290 2645.0 2.7754 2.7846 2.7754 0.9657 2.3802
5300 2650.0 2.7990 1.3019 2.7990 0.9837 2.3335
5310 2655.0 2.8366 0.0902 2.8366 0.9820 2.3147
5320 2660.0 2.8617 0.0690 2.8617 0.9867 2.3319
5330 2665.0 2.8724 0.2510 2.8724 0.9979 2.3559
5340 2670.0 2.8549 0.0118 2.8549 0.9825 2.4024
5350 2675.0 2.7916 1.7031 2.7916 0.9910 2.4224
5360 2680.0 2.7906 1.7627 2.7906 0.9557 2.4725
5370 2685.0 2.7878 1.9363 2.7878 0.9812 2.4575
5380 2690.0 2.8030 1.1060 2.8030 0.9821 2.4686
5390 2695.0 2.8179 0.5162 2.8179 0.9693 2.4948
5400 2700.0 2.8021 1.1479 2.8021 0.9850 2.4739
5410 2705.0 2.7968 1.4150 2.7968 0.9651 2.5042
5420 2710.0 2.7618 3.8922 2.7618 0.9707 2.5324
5430 2715.0 2.7639 3.7029 2.7639 0.9624 2.5255
5440 2720.0 2.7779 2.5977 2.7779 0.9699 2.4687
5450 2725.0 2.7939 1.5726 2.7939 0.9801 2.4349
5460 2730.0 2.8350 0.1122 2.8350 0.9456 2.4652
5470 2735.0 2.8111 0.7584 2.8111 1.0016 2.4090
5480 2740.0 2.8393 0.0569 2.8393 0.9531 2.4515
5490 2745.0 2.8354 0.1069 2.8354 0.9846 2.4326
5500 2750.0 2.8563 0.0197 2.8563 0.9813 2.5077
5510 2755.0 2.8822 0.5199 2.8822 0.9872 2.6584
5520 2760.0 2.9091 1.7488 2.9091 1.0108 2.6702
5530 2765.0 2.8597 0.0475 2.8597 0.9755 2.6087
5540 2770.0 2.8218 0.3987 2.8218 0.9854 2.5598
5550 2775.0 2.8573 0.0264 2.8573 0.9845 2.5984
5560 2780.0 2.8606 0.0561 2.8606 0.9821 2.6893
5570 2785.0 2.8390 0.0606 2.8390 0.9696 2.7202
5580 2790.0 2.8331 0.1426 2.8331 0.9832 2.6662
5590 2795.0 2.8632 0.0866 2.8632 0.9642 2.6766
5600 2800.0 2.8492 0.0003 2.8492 1.0072 2.6263
5610 2805.0 2.8708 0.2165 2.8708 0.9567 2.5852
5620 2810.0 2.8390 0.0603 2.8390 1.0079 2.4673
5630 2815.0 2.8490 0.0005 2.8490 0.9621 2.4913
5640 2820.0 2.8623 0.0755 2.8623 1.0112 2.4799
5650 2825.0 2.8834 0.5592 2.8834 0.9697 2.4629
5660 2830.0 2.8373 0.0813 2.8373 0.9918 2.3822
5670 2835.0 2.8015 1.1774 2.8015 0.9691 2.3868
5680 2840.0 2.8242 0.3316 2.8242 0.9751 2.4475
5690 2845.0 2.8835 0.5616 2.8835 1.0065 2.5454
5700 2850.0 2.8953 1.0274 2.8953 0.9817 2.5914
5710 2855.0 2.8308 0.1850 2.8308 0.9904 2.5548
5720 2860.0 2.8586 0.0372 2.8586 0.9708 2.6274
5730 2865.0 2.8944 0.9875 2.8944 1.0235 2.6917
5740 2870.0 2.8595 0.0453 2.8595 0.9746 2.6806
5750 2875.0 2.8165 0.5616 2.8165 1.0042 2.6260
5760 2880.0 2.8754 0.3233 2.8754 0.9611 2.6260
5770 2885.0 2.9022 1.3645 2.9022 1.0348 2.4968
5780 2890.0 2.9023 1.3679 2.9023 0.9613 2.4126
5790 2895.0 2.7913 1.7246 2.7913 1.0243 2.4063
5800 2900.0 2.8629 0.0833 2.8629 0.9423 2.5555
5810 2905.0 2.9015 1.3277 2.9015 1.0342 2.5913
5820 2910.0 2.9195 2.4154 2.9195 0.9555 2.5620
5830 2915.0 2.7854 2.0887 2.7854 1.0188 2.4701
5840 2920.0 2.8109 0.7654 2.8109 0.9552 2.5586
5850 2925.0 2.8320 0.1612 2.8320 0.9807 2.6309
5860 2930.0 2.8814 0.4945 2.8814 0.9928 2.6280
5870 2935.0 2.8933 0.9369 2.8933 0.9738 2.6527
5880 2940.0 2.8258 0.2920 2.8258 1.0061 2.6143
5890 2945.0 2.8345 0.1209 2.8345 0.9414 2.6545
5900 2950.0 2.7755 2.7714 2.7755 1.0053 2.5794
5910 2955.0 2.8698 0.1967 2.8698 0.9559 2.6128
5920 2960.0 2.8913 0.8526 2.8913 1.0148 2.5738
5930 2965.0 2.9169 2.2410 2.9169 0.9739 2.6225
5940 2970.0 2.8334 0.1380 2.8334 0.9874 2.5917
5950 2975.0 2.7477 5.2356 2.7477 0.9855 2.5994
5960 2980.0 2.7408 5.9677 2.7408 0.9517 2.6740
5970 2985.0 2.7063 10.3211 2.7063 1.0014 2.7202
5980 2990.0 2.7738 2.9033 2.7738 0.9389 2.7373
5990 2995.0 2.7630 3.7813 2.7630 0.9872 2.6599
6000 3000.0 2.8056 0.9847 2.8056 0.9727 2.6331
6010 3005.0 2.8316 0.1687 2.8316 0.9693 2.6190
6020 3010.0 2.8115 0.7431 2.8115 0.9912 2.5663
6030 3015.0 2.8438 0.0194 2.8438 0.9519 2.5553
6040 3020.0 2.8042 1.0486 2.8042 1.0025 2.4718
6050 3025.0 2.8004 1.2293 2.8004 0.9472 2.4877
6060 3030.0 2.7505 4.9510 2.7505 0.9720 2.4428
6070 3035.0 2.7686 3.3136 2.7686 0.9806 2.3933
6080 3040.0 2.8361 0.0968 2.8361 0.9593 2.3599
6090 3045.0 2.8729 0.2629 2.8729 1.0041 2.3201
6100 3050.0 2.9006 1.2785 2.9006 0.9441 2.3556
6110 3055.0 2.8330 0.1443 2.8330 1.0177 2.2470
6120 3060.0 2.8394 0.0560 2.8394 0.9501 2.2623
6130 3065.0 2.7981 1.3447 2.7981 1.0134 2.2280
6140 3070.0 2.8592 0.0424 2.8592 0.9635 2.3456
6150 3075.0 2.9002 1.2613 2.9002 0.9922 2.3686
6160 3080.0 2.8631 0.0858 2.8631 0.9812 2.3091
6170 3085.0 2.8034 1.0853 2.8034 0.9870 2.2343
6180 3090.0 2.8664 0.1341 2.8664 0.9853 2.2713
6190 3095.0 2.9025 1.3787 2.9025 0.9926 2.2729
6200 3100.0 2.8540 0.0081 2.8540 0.9775 2.2417
6210 3105.0 2.8269 0.2676 2.8269 0.9882 2.2224
6220 3110.0 2.8671 0.1469 2.8671 0.9728 2.2928
6230 3115.0 2.8522 0.0025 2.8522 0.9975 2.3347
6240 3120.0 2.8335 0.1356 2.8335 0.9607 2.4009
6250 3125.0 2.7907 1.7578 2.7907 0.9992 2.3901
6260 3130.0 2.8141 0.6456 2.8141 0.9602 2.4397
6270 3135.0 2.8286 0.2290 2.8286 0.9896 2.4323
6280 3140.0 2.8209 0.4235 2.8209 0.9784 2.4363
6290 3145.0 2.8371 0.0830 2.8371 0.9713 2.4611
6300 3150.0 2.8356 0.1036 2.8356 0.9856 2.4594
6310 3155.0 2.8424 0.0287 2.8424 0.9631 2.4767
6320 3160.0 2.7955 1.4856 2.7955 0.9915 2.4517
6330 3165.0 2.8122 0.7134 2.8122 0.9570 2.4978
6340 3170.0 2.8434 0.0218 2.8434 0.9913 2.4859
6350 3175.0 2.8812 0.4866 2.8812 0.9681 2.5049
6360 3180.0 2.8407 0.0430 2.8407 0.9889 2.4711
6370 3185.0 2.8001 1.2460 2.8001 0.9616 2.5064
6380 3190.0 2.7858 2.0604 2.7858 0.9839 2.5503
6390 3195.0 2.8940 0.9660 2.8940 0.9659 2.6163
6400 3200.0 2.9176 2.2880 2.9176 0.9987 2.6099
6410 3205.0 2.8621 0.0730 2.8621 0.9721 2.6177
6420 3210.0 2.7579 4.2394 2.7579 0.9794 2.6349
6430 3215.0 2.7291 7.3136 2.7291 0.9622 2.6805
6440 3220.0 2.7741 2.8796 2.7741 0.9499 2.7154
6450 3225.0 2.8617 0.0681 2.8617 1.0114 2.6758
6460 3230.0 2.9716 7.3950 2.9716 0.9572 2.7544
6470 3235.0 2.8687 0.1756 2.8687 1.0150 2.7019
6480 3240.0 2.8337 0.1329 2.8337 0.9495 2.7962
6490 3245.0 2.7596 4.0869 2.7596 0.9876 2.7873
6500 3250.0 2.7631 3.7758 2.7631 0.9523 2.8137
6510 3255.0 2.7829 2.2540 2.7829 0.9596 2.7955
6520 3260.0 2.8210 0.4210 2.8210 0.9977 2.7376
6530 3265.0 2.8997 1.2334 2.8997 0.9718 2.7502
6540 3270.0 2.9286 3.0873 2.9286 0.9961 2.6978
6550 3275.0 2.8917 0.8711 2.8917 0.9767 2.7243
6560 3280.0 2.7845 2.1471 2.7845 0.9850 2.6780
6570 3285.0 2.7946 1.5365 2.7946 0.9483 2.6942
6580 3290.0 2.8010 1.2008 2.8010 0.9859 2.6205
6590 3295.0 2.8933 0.9358 2.8933 0.9760 2.6127
6600 3300.0 2.9100 1.8001 2.9100 0.9975 2.5961
6610 3305.0 2.9042 1.4663 2.9042 0.9953 2.6221
6620 3310.0 2.8580 0.0321 2.8580 0.9742 2.5744
6630 3315.0 2.8122 0.7161 2.8122 0.9695 2.5587
6640 3320.0 2.7836 2.2026 2.7836 0.9611 2.5277
6650 3325.0 2.7609 3.9729 2.7609 0.9679 2.5236
6660 3330.0 2.7711 3.1115 2.7711 0.9753 2.6080
6670 3335.0 2.8303 0.1942 2.8303 0.9749 2.5948
6680 3340.0 2.9052 1.5249 2.9052 0.9847 2.5994
6690 3345.0 2.9105 1.8328 2.9105 0.9898 2.6076
6700 3350.0 2.8329 0.1460 2.8329 0.9830 2.6006
6710 3355.0 2.7822 2.3006 2.7822 0.9659 2.6075
6720 3360.0 2.8326 0.1507 2.8326 0.9614 2.6042
6730 3365.0 2.8810 0.4811 2.8810 1.0071 2.5602
6740 3370.0 2.8815 0.4956 2.8815 0.9598 2.5688
6750 3375.0 2.8090 0.8406 2.8090 0.9914 2.5048
6760 3380.0 2.8280 0.2412 2.8280 0.9730 2.5099
6770 3385.0 2.8261 0.2845 2.8261 0.9966 2.5080
6780 3390.0 2.8347 0.1165 2.8347 0.9864 2.5095
6790 3395.0 2.8426 0.0277 2.8426 0.9593 2.4909
6800 3400.0 2.7930 1.6242 2.7930 0.9951 2.4599
6810 3405.0 2.7997 1.2628 2.7997 0.9616 2.5339
6820 3410.0 2.8151 0.6103 2.8151 1.0041 2.4673
6830 3415.0 2.8961 1.0625 2.8961 0.9804 2.4363
6840 3420.0 2.8344 0.1220 2.8344 0.9827 2.3922
6850 3425.0 2.7377 6.3076 2.7377 0.9645 2.4007
6860 3430.0 2.7256 7.7365 2.7256 0.9800 2.4039
6870 3435.0 2.8478 0.0024 2.8478 0.9875 2.4817
6880 3440.0 2.9372 3.8054 2.9372 0.9971 2.5771
6890 3445.0 2.9274 2.9977 2.9274 0.9614 2.5904
6900 3450.0 2.8278 0.2472 2.8278 0.9939 2.6188
6910 3455.0 2.8032 1.0929 2.8032 0.9620 2.6083
6920 3460.0 2.7897 1.8171 2.7897 0.9870 2.6324
6930 3465.0 2.9157 2.1579 2.9157 0.9720 2.6184
6940 3470.0 2.9365 3.7401 2.9365 0.9820 2.6026
6950 3475.0 2.8580 0.0320 2.8580 0.9773 2.6643
6960 3480.0 2.8254 0.3020 2.8254 0.9842 2.5567
6970 3485.0 2.8593 0.0433 2.8593 0.9759 2.5368
6980 3490.0 2.8827 0.5342 2.8827 0.9840 2.5550
6990 3495.0 2.8513 0.0009 2.8513 0.9677 2.5942
7000 3500.0 2.8138 0.6565 2.8138 0.9933 2.6038
7010 3505.0 2.8536 0.0065 2.8536 0.9753 2.5995
7020 3510.0 2.8943 0.9825 2.8943 0.9808 2.5600
7030 3515.0 2.9061 1.5730 2.9061 0.9937 2.5305
7040 3520.0 2.8548 0.0116 2.8548 0.9757 2.5190
7050 3525.0 2.7502 4.9792 2.7502 0.9868 2.4928
7060 3530.0 2.7919 1.6879 2.7919 0.9397 2.5513
7070 3535.0 2.8876 0.7086 2.8876 1.0195 2.5137
7080 3540.0 2.9656 6.6774 2.9656 0.9744 2.5821
7090 3545.0 2.8205 0.4337 2.8205 1.0094 2.5225
7100 3550.0 2.7300 7.1941 2.7300 0.9608 2.5754
7110 3555.0 2.7098 9.8290 2.7098 0.9527 2.6239
7120 3560.0 2.7528 4.7198 2.7528 0.9960 2.6130
7130 3565.0 2.8828 0.5373 2.8828 0.9530 2.6778
7140 3570.0 2.8683 0.1680 2.8683 1.0325 2.6228
7150 3575.0 2.9072 1.6355 2.9072 0.9518 2.6927
7160 3580.0 2.8134 0.6682 2.8134 1.0143 2.6538
7170 3585.0 2.8005 1.2240 2.8005 0.9557 2.7449
7180 3590.0 2.7694 3.2463 2.7694 0.9714 2.6981
7190 3595.0 2.7866 2.0128 2.7866 0.9948 2.6300
7200 3600.0 2.8581 0.0328 2.8581 0.9374 2.6383
7210 3605.0 2.7917 1.6989 2.7917 1.0106 2.5686
7220 3610.0 2.8140 0.6498 2.8140 0.9624 2.6424
7230 3615.0 2.8065 0.9443 2.8065 0.9860 2.5770
7240 3620.0 2.8323 0.1566 2.8323 0.9717 2.5162
7250 3625.0 2.8658 0.1252 2.8658 0.9747 2.4777
7260 3630.0 2.8496 0.0001 2.8496 1.0081 2.4858
7270 3635.0 2.8649 0.1110 2.8649 0.9582 2.5466
7280 3640.0 2.7929 1.6282 2.7929 1.0048 2.4597
7290 3645.0 2.8445 0.0152 2.8445 0.9498 2.4795
7300 3650.0 2.8373 0.0800 2.8373 0.9926 2.4427
7310 3655.0 2.8628 0.0817 2.8628 0.9770 2.4224
7320 3660.0 2.8383 0.0689 2.8383 0.9766 2.3500
7330 3665.0 2.8097 0.8124 2.8097 0.9905 2.2899
7340 3670.0 2.8784 0.4042 2.8784 0.9491 2.3450
7350 3675.0 2.8939 0.9617 2.8939 1.0308 2.3220
7360 3680.0 2.9097 1.7810 2.9097 0.9446 2.3643
7370 3685.0 2.8198 0.4570 2.8198 1.0164 2.2445
7380 3690.0 2.8067 0.9380 2.8067 0.9578 2.2620
7390 3695.0 2.7921 1.6751 2.7921 0.9907 2.2355
7400 3700.0 2.8488 0.0008 2.8488 1.0111 2.2147
7410 3705.0 2.8961 1.0620 2.8961 0.9937 2.1867
7420 3710.0 2.8189 0.4845 2.8189 1.0077 2.1385
7430 3715.0 2.7935 1.5988 2.7935 0.9663 2.1820
7440 3720.0 2.7456 5.4499 2.7456 1.0364 2.1325
7450 3725.0 2.8800 0.4502 2.8800 0.9282 2.2570
7460 3730.0 2.8681 0.1634 2.8681 1.0531 2.2001
7470 3735.0 2.9224 2.6208 2.9224 0.9299 2.3604
7480 3740.0 2.7883 1.9026 2.7883 1.0379 2.2925
7490 3745.0 2.8463 0.0069 2.8463 0.9325 2.4342
7500 3750.0 2.8193 0.4704 2.8193 1.0012 2.4145
7510 3755.0 2.8449 0.0129 2.8449 0.9891 2.4293
7520 3760.0 2.8201 0.4472 2.8201 0.9646 2.4513
7530 3765.0 2.7417 5.8600 2.7417 1.0018 2.4511
7540 3770.0 2.8342 0.1255 2.8342 0.9287 2.5265
7550 3775.0 2.8200 0.4491 2.8200 1.0177 2.4458
7560 3780.0 2.9007 1.2830 2.9007 0.9499 2.5315
7570 3785.0 2.8215 0.4074 2.8215 1.0013 2.5072
7580 3790.0 2.8219 0.3954 2.8219 0.9786 2.5418
7590 3795.0 2.8497 0.0000 2.8497 0.9600 2.5523
7600 3800.0 2.8156 0.5914 2.8156 1.0126 2.4991
7610 3805.0 2.8772 0.3694 2.8772 0.9338 2.6064
7620 3810.0 2.8272 0.2605 2.8272 1.0196 2.5780
7630 3815.0 2.9287 3.0988 2.9287 0.9492 2.6151
7640 3820.0 2.8638 0.0958 2.8638 1.0217 2.6000
7650 3825.0 2.8364 0.0927 2.8364 0.9414 2.5428
7660 3830.0 2.7816 2.3423 2.7816 1.0159 2.5294
7670 3835.0 2.8556 0.0159 2.8556 0.9702 2.5395
7680 3840.0 2.9215 2.5566 2.9215 1.0062 2.5101
7690 3845.0 2.9256 2.8543 2.9256 0.9948 2.5558
7700 3850.0 2.8529 0.0042 2.8529 1.0075 2.5358
7710 3855.0 2.8555 0.0149 2.8555 0.9963 2.4832
7720 3860.0 2.8817 0.5027 2.8817 0.9998 2.5000
7730 3865.0 2.8826 0.5328 2.8826 1.0023 2.4403
7740 3870.0 2.8670 0.1449 2.8670 1.0016 2.3671
7750 3875.0 2.8251 0.3101 2.8251 1.0097 2.3205
7760 3880.0 2.8477 0.0026 2.8477 0.9697 2.3669
7770 3885.0 2.8540 0.0079 2.8540 1.0299 2.4437
7780 3890.0 2.9014 1.3210 2.9014 0.9374 2.5006
7790 3895.0 2.8181 0.5101 2.8181 1.0352 2.4708
7800 3900.0 2.8729 0.2623 2.8729 0.9303 2.4988
7810 3905.0 2.8316 0.1691 2.8316 1.0455 2.5061
7820 3910.0 2.9018 1.3421 2.9018 0.9405 2.5575
7830 3915.0 2.8387 0.0640 2.8387 1.0352 2.5372
7840 3920.0 2.8966 1.0855 2.8966 0.9599 2.5507
7850 3925.0 2.8919 0.8758 2.8919 1.0262 2.5595
7860 3930.0 2.9297 3.1792 2.9297 0.9817 2.5672
7870 3935.0 2.8794 0.4333 2.8794 1.0105 2.5293
7880 3940.0 2.8534 0.0059 2.8534 0.9692 2.4727
7890 3945.0 2.8322 0.1592 2.8322 0.9857 2.4364
7900 3950.0 2.8377 0.0762 2.8377 0.9955 2.4282
7910 3955.0 2.8814 0.4944 2.8814 0.9621 2.4918
7920 3960.0 2.8673 0.1488 2.8673 1.0147 2.4981
7930 3965.0 2.9117 1.9018 2.9117 0.9581 2.4975
7940 3970.0 2.8306 0.1881 2.8306 1.0166 2.4252
7950 3975.0 2.8321 0.1606 2.8321 0.9634 2.3958
7960 3980.0 2.8065 0.9463 2.8065 0.9805 2.3655
7970 3985.0 2.8078 0.8910 2.8078 0.9915 2.3608
7980 3990.0 2.8554 0.0145 2.8554 0.9559 2.3666
7990 3995.0 2.8241 0.3341 2.8241 1.0151 2.3300
8000 4000.0 2.9097 1.7832 2.9097 0.9552 2.3722
8010 4005.0 2.8695 0.1907 2.8695 1.0200 2.3399
8020 4010.0 2.8881 0.7273 2.8881 0.9676 2.3144
8030 4015.0 2.8177 0.5201 2.8177 0.9862 2.2318
8040 4020.0 2.7660 3.5295 2.7660 0.9985 2.2758
8050 4025.0 2.8289 0.2236 2.8289 0.9468 2.4588
8060 4030.0 2.8150 0.6113 2.8150 1.0209 2.5845
8070 4035.0 2.8627 0.0801 2.8627 0.9482 2.7303
8080 4040.0 2.7834 2.2202 2.7834 1.0053 2.8053
8090 4045.0 2.7689 3.2890 2.7689 0.9568 2.7201
8100 4050.0 2.7635 3.7403 2.7635 0.9374 2.6562
8110 4055.0 2.7173 8.7998 2.7173 0.9843 2.6280
8120 4060.0 2.7734 2.9337 2.7734 0.9398 2.6643
8130 4065.0 2.7474 5.2622 2.7474 0.9935 2.5686
8140 4070.0 2.8125 0.7022 2.8125 0.9820 2.5000
8150 4075.0 2.9142 2.0615 2.9142 0.9757 2.4612
8160 4080.0 2.9210 2.5210 2.9210 1.0043 2.4090
8170 4085.0 2.8364 0.0922 2.8364 0.9549 2.3847
8180 4090.0 2.7338 6.7551 2.7338 0.9941 2.2912
8190 4095.0 2.7752 2.7997 2.7752 0.9513 2.3285
8200 4100.0 2.7835 2.2135 2.7835 1.0051 2.3412
8210 4105.0 2.8932 0.9339 2.8932 0.9661 2.4386
8220 4110.0 2.8815 0.4958 2.8815 1.0042 2.4263
8230 4115.0 2.8302 0.1966 2.8302 0.9787 2.4483
8240 4120.0 2.8046 1.0291 2.8046 0.9987 2.4397
8250 4125.0 2.8454 0.0106 2.8454 0.9784 2.4443
8260 4130.0 2.8519 0.0018 2.8519 0.9888 2.4323
8270 4135.0 2.8489 0.0006 2.8489 0.9822 2.4601
8280 4140.0 2.8326 0.1516 2.8326 0.9631 2.5140
8290 4145.0 2.8014 1.1804 2.8014 1.0062 2.5229
8300 4150.0 2.8629 0.0831 2.8629 0.9496 2.6143
8310 4155.0 2.8636 0.0930 2.8636 1.0122 2.6128
8320 4160.0 2.9112 1.8715 2.9112 0.9440 2.7222
8330 4165.0 2.8427 0.0263 2.8427 1.0249 2.6722
8340 4170.0 2.8556 0.0159 2.8556 0.9577 2.7560
8350 4175.0 2.8083 0.8679 2.8083 0.9945 2.7354
8360 4180.0 2.8317 0.1667 2.8317 0.9750 2.7744
8370 4185.0 2.8681 0.1644 2.8681 0.9714 2.7767
8380 4190.0 2.8719 0.2400 2.8719 1.0089 2.7489
8390 4195.0 2.9038 1.4496 2.9038 0.9654 2.7607
8400 4200.0 2.8495 0.0001 2.8495 1.0052 2.7115
8410 4205.0 2.8606 0.0557 2.8606 0.9521 2.7931
8420 4210.0 2.7933 1.6063 2.7933 1.0051 2.7772
8430 4215.0 2.8224 0.3814 2.8224 0.9547 2.7875
8440 4220.0 2.8148 0.6191 2.8148 0.9766 2.8203
8450 4225.0 2.8209 0.4233 2.8209 0.9846 2.8184
8460 4230.0 2.8570 0.0248 2.8570 0.9562 2.7745
8470 4235.0 2.8476 0.0029 2.8476 1.0085 2.7483
8480 4240.0 2.9089 1.7375 2.9089 0.9683 2.8117
8490 4245.0 2.8789 0.4186 2.8789 0.9986 2.8268
8500 4250.0 2.8672 0.1482 2.8672 0.9701 2.8358
8510 4255.0 2.8418 0.0339 2.8418 0.9815 2.8498
8520 4260.0 2.8719 0.2403 2.8719 0.9889 2.7777
8530 4265.0 2.8968 1.0969 2.8968 0.9825 2.7266
8540 4270.0 2.8794 0.4319 2.8794 0.9792 2.6713
8550 4275.0 2.8609 0.0594 2.8609 0.9578 2.6317
8560 4280.0 2.8448 0.0135 2.8448 0.9890 2.5671
8570 4285.0 2.8823 0.5226 2.8823 0.9740 2.5748
8580 4290.0 2.8760 0.3386 2.8760 0.9800 2.5696
8590 4295.0 2.8549 0.0120 2.8549 0.9896 2.5864
8600 4300.0 2.8618 0.0701 2.8618 0.9664 2.6619
8610 4305.0 2.8912 0.8477 2.8912 1.0086 2.7123
8620 4310.0 2.8851 0.6158 2.8851 0.9598 2.7351
8630 4315.0 2.8504 0.0001 2.8504 0.9914 2.6787
8640 4320.0 2.8584 0.0356 2.8584 0.9562 2.7107
8650 4325.0 2.8662 0.1319 2.8662 0.9925 2.7380
8660 4330.0 2.8742 0.2936 2.8742 0.9658 2.7715
8670 4335.0 2.8553 0.0143 2.8553 0.9861 2.7311
8680 4340.0 2.8514 0.0010 2.8514 0.9786 2.6989
8690 4345.0 2.8739 0.2861 2.8739 0.9587 2.6932
8700 4350.0 2.8335 0.1360 2.8335 1.0154 2.5984
8710 4355.0 2.8511 0.0006 2.8511 0.9455 2.5815
8720 4360.0 2.8515 0.0011 2.8515 1.0214 2.4657
8730 4365.0 2.8980 1.1523 2.8980 0.9434 2.4910
8740 4370.0 2.8421 0.0311 2.8421 1.0190 2.3835
8750 4375.0 2.8319 0.1630 2.8319 0.9525 2.4140
8760 4380.0 2.7910 1.7430 2.7910 1.0108 2.4033
8770 4385.0 2.8464 0.0065 2.8464 0.9671 2.5437
8780 4390.0 2.8674 0.1508 2.8674 1.0019 2.6375
8790 4395.0 2.8595 0.0455 2.8595 0.9715 2.6127
8800 4400.0 2.7822 2.3013 2.7822 0.9834 2.5823
8810 4405.0 2.8038 1.0649 2.8038 0.9683 2.6243
8820 4410.0 2.8432 0.0233 2.8432 0.9983 2.6416
8830 4415.0 2.8773 0.3735 2.8773 0.9818 2.5924
8840 4420.0 2.8512 0.0007 2.8512 0.9672 2.5658
8850 4425.0 2.7967 1.4181 2.7967 0.9833 2.5904
8860 4430.0 2.8336 0.1342 2.8336 0.9758 2.5690
8870 4435.0 2.8813 0.4909 2.8813 0.9928 2.5962
8880 4440.0 2.8669 0.1431 2.8669 0.9842 2.5811
8890 4445.0 2.8222 0.3856 2.8222 0.9743 2.5487
8900 4450.0 2.8189 0.4836 2.8189 0.9590 2.5849
8910 4455.0 2.8184 0.4981 2.8184 1.0034 2.6111
8920 4460.0 2.8766 0.3534 2.8766 0.9563 2.6196
8930 4465.0 2.8374 0.0795 2.8374 1.0216 2.5686
8940 4470.0 2.8125 0.7016 2.8125 0.9308 2.5814
8950 4475.0 2.7906 1.7638 2.7906 1.0029 2.5423
8960 4480.0 2.8903 0.8131 2.8903 0.9805 2.5615
8970 4485.0 2.8540 0.0079 2.8540 0.9967 2.4745
8980 4490.0 2.7732 2.9515 2.7732 0.9691 2.4186
8990 4495.0 2.7884 1.8974 2.7884 0.9741 2.4635
9000 4500.0 2.8952 1.0201 2.8952 0.9929 2.5686
9010 4505.0 2.9070 1.6252 2.9070 0.9954 2.5646
9020 4510.0 2.8217 0.4000 2.8217 0.9692 2.4334
9030 4515.0 2.7983 1.3347 2.7983 0.9857 2.3658
9040 4520.0 2.8964 1.0743 2.8964 0.9955 2.4322
9050 4525.0 2.9052 1.5216 2.9052 0.9810 2.5051
9060 4530.0 2.8150 0.6125 2.8150 0.9916 2.4961
9070 4535.0 2.8299 0.2018 2.8299 0.9688 2.5053
9080 4540.0 2.9018 1.3400 2.9018 0.9866 2.5780
9090 4545.0 2.9240 2.7406 2.9240 0.9768 2.6409
9100 4550.0 2.8530 0.0046 2.8530 1.0110 2.5615
9110 4555.0 2.8477 0.0025 2.8477 0.9528 2.6117
9120 4560.0 2.8019 1.1562 2.8019 0.9990 2.6208
9130 4565.0 2.8384 0.0674 2.8384 0.9662 2.6487
9140 4570.0 2.8577 0.0300 2.8577 0.9802 2.7060
9150 4575.0 2.8344 0.1224 2.8344 0.9847 2.7062
9160 4580.0 2.8251 0.3106 2.8251 0.9586 2.6687
9170 4585.0 2.7928 1.6352 2.7928 0.9876 2.6641
9180 4590.0 2.8300 0.1992 2.8300 0.9678 2.7761
9190 4595.0 2.8501 0.0000 2.8501 0.9795 2.7932
9200 4600.0 2.8327 0.1501 2.8327 0.9946 2.7074
9210 4605.0 2.8498 0.0000 2.8498 0.9569 2.6963
9220 4610.0 2.8042 1.0490 2.8042 0.9876 2.6121
9230 4615.0 2.7950 1.5103 2.7950 0.9610 2.5213
9240 4620.0 2.7868 1.9946 2.7868 0.9792 2.5206
9250 4625.0 2.8266 0.2736 2.8266 0.9804 2.6280
9260 4630.0 2.8666 0.1386 2.8666 0.9704 2.6879
9270 4635.0 2.8540 0.0081 2.8540 0.9833 2.6535
9280 4640.0 2.8406 0.0441 2.8406 0.9833 2.6216
9290 4645.0 2.8513 0.0009 2.8513 0.9741 2.6345
9300 4650.0 2.8384 0.0671 2.8384 0.9935 2.6361
9310 4655.0 2.8299 0.2027 2.8299 0.9719 2.6047
9320 4660.0 2.7980 1.3513 2.7980 0.9841 2.5980
9330 4665.0 2.7928 1.6387 2.7928 0.9952 2.6121
9340 4670.0 2.8436 0.0202 2.8436 0.9509 2.6735
9350 4675.0 2.8230 0.3637 2.8230 1.0200 2.7795
9360 4680.0 2.8985 1.1761 2.8985 0.9453 2.7822
9370 4685.0 2.8610 0.0608 2.8610 1.0259 2.7775
9380 4690.0 2.9176 2.2882 2.9176 0.9655 2.8208
9390 4695.0 2.8729 0.2622 2.8729 0.9894 2.7410
9400 4700.0 2.8409 0.0418 2.8409 0.9895 2.6664
9410 4705.0 2.8507 0.0003 2.8507 0.9780 2.6628
9420 4710.0 2.8702 0.2047 2.8702 0.9876 2.5955
9430 4715.0 2.8892 0.7672 2.8892 0.9700 2.5562
9440 4720.0 2.8378 0.0740 2.8378 0.9845 2.4979
9450 4725.0 2.8045 1.0366 2.8045 0.9717 2.4057
9460 4730.0 2.7942 1.5565 2.7942 0.9815 2.3189
9470 4735.0 2.8714 0.2283 2.8714 0.9969 2.3244
9480 4740.0 2.9084 1.7068 2.9084 0.9832 2.3611
9490 4745.0 2.8294 0.2127 2.8294 0.9941 2.3318
9500 4750.0 2.8190 0.4805 2.8190 0.9678 2.3481
9510 4755.0 2.8558 0.0170 2.8558 0.9924 2.3762
9520 4760.0 2.8646 0.1068 2.8646 0.9705 2.4288
9530 4765.0 2.8016 1.1733 2.8016 0.9812 2.4054
9540 4770.0 2.7908 1.7510 2.7908 0.9668 2.3977
9550 4775.0 2.8304 0.1919 2.8304 1.0077 2.4003
9560 4780.0 2.8641 0.0989 2.8641 0.9671 2.4457
9570 4785.0 2.8379 0.0728 2.8379 0.9959 2.4164
9580 4790.0 2.8119 0.7256 2.8119 0.9705 2.3858
9590 4795.0 2.7976 1.3745 2.7976 0.9859 2.3314
9600 4800.0 2.8269 0.2668 2.8269 0.9921 2.3179
9610 4805.0 2.8739 0.2855 2.8739 0.9801 2.3468
9620 4810.0 2.8941 0.9714 2.8941 0.9969 2.3694
9630 4815.0 2.8738 0.2836 2.8738 0.9605 2.4008
9640 4820.0 2.8019 1.1565 2.8019 1.0052 2.3631
9650 4825.0 2.8313 0.1747 2.8313 0.9582 2.4152
9660 4830.0 2.8211 0.4175 2.8211 1.0020 2.4218
9670 4835.0 2.8743 0.2943 2.8743 0.9736 2.5260
9680 4840.0 2.8797 0.4399 2.8797 0.9871 2.5599
9690 4845.0 2.8432 0.0228 2.8432 0.9800 2.5603
9700 4850.0 2.7996 1.2723 2.7996 0.9734 2.5319
9710 4855.0 2.7624 3.8362 2.7624 0.9836 2.4764
9720 4860.0 2.7804 2.4253 2.7804 0.9685 2.4681
9730 4865.0 2.8524 0.0028 2.8524 0.9959 2.4549
9740 4870.0 2.8782 0.3966 2.8782 0.9782 2.4194
9750 4875.0 2.7977 1.3677 2.7977 1.0001 2.3082
9760 4880.0 2.7730 2.9614 2.7730 0.9631 2.2891
9770 4885.0 2.7961 1.4545 2.7961 1.0099 2.2356
9780 4890.0 2.8791 0.4243 2.8791 0.9653 2.2899
9790 4895.0 2.8263 0.2820 2.8263 0.9982 2.2589
9800 4900.0 2.8142 0.6410 2.8142 0.9569 2.2867
9810 4905.0 2.8201 0.4462 2.8201 1.0040 2.2939
9820 4910.0 2.8709 0.2189 2.8709 0.9731 2.4335
9830 4915.0 2.8104 0.7830 2.8104 0.9910 2.5349
9840 4920.0 2.8316 0.1693 2.8316 0.9672 2.6367
9850 4925.0 2.8473 0.0036 2.8473 1.0044 2.6856
9860 4930.0 2.8135 0.6661 2.8135 0.9593 2.6976
9870 4935.0 2.8110 0.7619 2.8110 0.9779 2.7017
9880 4940.0 2.8342 0.1242 2.8342 1.0046 2.7015
9890 4945.0 2.8439 0.0184 2.8439 0.9689 2.6755
9900 4950.0 2.8088 0.8483 2.8088 1.0005 2.5467
9910 4955.0 2.8320 0.1621 2.8320 0.9529 2.5257
9920 4960.0 2.7799 2.4542 2.7799 1.0110 2.4535
9930 4965.0 2.8126 0.6988 2.8126 0.9425 2.5002
9940 4970.0 2.7648 3.6289 2.7648 0.9949 2.4723
9950 4975.0 2.8235 0.3502 2.8235 0.9672 2.5635
9960 4980.0 2.8898 0.7932 2.8898 0.9932 2.6671
9970 4985.0 2.8976 1.1316 2.8976 0.9929 2.6002
9980 4990.0 2.7736 2.9216 2.7736 0.9736 2.5346
9990 4995.0 2.7209 8.3319 2.7209 0.9744 2.4970
10000 5000.0 2.8199 0.4530 2.8199 0.9663 2.5056
10010 5005.0 2.8656 0.1221 2.8656 1.0086 2.5018
10020 5010.0 2.8420 0.0324 2.8420 0.9640 2.5759
10030 5015.0 2.8012 1.1906 2.8012 0.9915 2.5972
10040 5020.0 2.8977 1.1372 2.8977 0.9752 2.6510
10050 5025.0 2.8754 0.3222 2.8754 1.0063 2.6475
10060 5030.0 2.8329 0.1467 2.8329 0.9761 2.5782
10070 5035.0 2.7955 1.4837 2.7955 0.9666 2.5468
10080 5040.0 2.7705 3.1602 2.7705 0.9916 2.5684
10090 5045.0 2.8100 0.7983 2.8100 0.9543 2.6489
10100 5050.0 2.7980 1.3502 2.7980 1.0130 2.6474
10110 5055.0 2.8795 0.4350 2.8795 0.9524 2.7070
10120 5060.0 2.8450 0.0127 2.8450 1.0037 2.6596
10130 5065.0 2.8343 0.1233 2.8343 0.9525 2.6949
10140 5070.0 2.7495 5.0538 2.7495 0.9862 2.6665
10150 5075.0 2.7347 6.6422 2.7347 0.9611 2.6806
10160 5080.0 2.7273 7.5292 2.7273 0.9492 2.7016
10170 5085.0 2.7221 8.1760 2.7221 0.9736 2.7215
10180 5090.0 2.7725 3.0030 2.7725 0.9531 2.7375
10190 5095.0 2.7866 2.0096 2.7866 0.9896 2.6592
10200 5100.0 2.8722 0.2458 2.8722 0.9756 2.6741
10210 5105.0 2.8777 0.3841 2.8777 1.0214 2.6609
10220 5110.0 2.8959 1.0515 2.8959 0.9506 2.7344
10230 5115.0 2.8169 0.5480 2.8169 0.9998 2.6545
10240 5120.0 2.7917 1.6995 2.7917 0.9670 2.6647
10250 5125.0 2.7612 3.9458 2.7612 0.9694 2.7017
10260 5130.0 2.7515 4.8514 2.7515 0.9822 2.5733
10270 5135.0 2.8556 0.0154 2.8556 0.9473 2.5873
10280 5140.0 2.8810 0.4818 2.8810 1.0550 2.5391
10290 5145.0 2.9564 5.6631 2.9564 0.9471 2.5727
10300 5150.0 2.7722 3.0293 2.7722 1.0345 2.4565
10310 5155.0 2.7799 2.4560 2.7799 0.9218 2.5794
10320 5160.0 2.6974 11.6479 2.6974 0.9962 2.5911
10330 5165.0 2.7196 8.4978 2.7196 0.9936 2.6048
10340 5170.0 2.8348 0.1162 2.8348 0.9248 2.6499
10350 5175.0 2.8488 0.0007 2.8488 1.0533 2.6734
10360 5180.0 2.9272 2.9790 2.9272 0.9434 2.6790
10370 5185.0 2.7650 3.6135 2.7650 1.0289 2.6851
10380 5190.0 2.7452 5.4966 2.7452 0.9553 2.6818
10390 5195.0 2.7686 3.3138 2.7686 0.9414 2.6890
10400 5200.0 2.7849 2.1158 2.7849 1.0224 2.7076
10410 5205.0 2.8682 0.1656 2.8682 0.9517 2.6342
10420 5210.0 2.8007 1.2148 2.8007 1.0199 2.5216
10430 5215.0 2.8576 0.0286 2.8576 0.9386 2.5254
10440 5220.0 2.7761 2.7302 2.7761 1.0320 2.4775
10450 5225.0 2.8310 0.1804 2.8310 0.9517 2.5828
10460 5230.0 2.8454 0.0107 2.8454 1.0152 2.5168
10470 5235.0 2.8507 0.0002 2.8507 0.9708 2.5213
10480 5240.0 2.7905 1.7681 2.7905 0.9770 2.5444
10490 5245.0 2.8013 1.1850 2.8013 1.0082 2.6432
10500 5250.0 2.8744 0.2973 2.8744 0.9549 2.6684
10510 5255.0 2.8127 0.6950 2.8127 1.0168 2.6496
10520 5260.0 2.8556 0.0156 2.8556 0.9365 2.6290
10530 5265.0 2.7936 1.5925 2.7936 1.0273 2.4889
10540 5270.0 2.7989 1.3076 2.7989 0.9356 2.5047
10550 5275.0 2.7648 3.6308 2.7648 1.0043 2.4499
10560 5280.0 2.8467 0.0054 2.8467 0.9569 2.4658
10570 5285.0 2.8444 0.0156 2.8444 1.0048 2.4204
10580 5290.0 2.8340 0.1276 2.8340 0.9685 2.4304
10590 5295.0 2.8055 0.9883 2.8055 0.9808 2.4296
10600 5300.0 2.8347 0.1178 2.8347 0.9886 2.4758
10610 5305.0 2.8737 0.2818 2.8737 0.9779 2.5142
10620 5310.0 2.7980 1.3533 2.7980 1.0132 2.5152
10630 5315.0 2.8226 0.3759 2.8226 0.9345 2.5667
10640 5320.0 2.7765 2.6999 2.7765 1.0284 2.4620
10650 5325.0 2.8704 0.2075 2.8704 0.9434 2.5210
10660 5330.0 2.7976 1.3715 2.7976 1.0353 2.4705
10670 5335.0 2.8513 0.0009 2.8513 0.9482 2.5319
10680 5340.0 2.7995 1.2754 2.7995 1.0071 2.4693
10690 5345.0 2.8259 0.2908 2.8259 0.9633 2.4895
10700 5350.0 2.8062 0.9612 2.8062 0.9850 2.5215
10710 5355.0 2.8010 1.1986 2.8010 1.0079 2.5787
10720 5360.0 2.8627 0.0807 2.8627 0.9537 2.5903
10730 5365.0 2.8146 0.6251 2.8146 1.0265 2.4999
10740 5370.0 2.8765 0.3500 2.8765 0.9351 2.4677
10750 5375.0 2.8434 0.0220 2.8434 1.0542 2.2812
10760 5380.0 2.8593 0.0429 2.8593 0.9442 2.3013
10770 5385.0 2.7228 8.0912 2.7228 1.0133 2.2112
10780 5390.0 2.8061 0.9636 2.8061 0.9470 2.3079
10790 5395.0 2.8816 0.4978 2.8816 1.0069 2.3281
10800 5400.0 2.9340 3.5267 2.9340 0.9816 2.4075
10810 5405.0 2.8721 0.2434 2.8721 0.9851 2.4180
10820 5410.0 2.8058 0.9769 2.8058 0.9761 2.4596
10830 5415.0 2.7835 2.2104 2.7835 0.9716 2.5049
10840 5420.0 2.7791 2.5101 2.7791 0.9836 2.5019
10850 5425.0 2.8674 0.1509 2.8674 0.9599 2.5346
10860 5430.0 2.9284 3.0708 2.9284 1.0120 2.5151
10870 5435.0 2.9432 4.3409 2.9432 0.9997 2.5472
10880 5440.0 2.8496 0.0001 2.8496 0.9893 2.5410
10890 5445.0 2.7710 3.1213 2.7710 0.9749 2.5657
10900 5450.0 2.7980 1.3535 2.7980 0.9451 2.6143
10910 5455.0 2.7937 1.5865 2.7937 1.0038 2.5928
10920 5460.0 2.8295 0.2092 2.8295 0.9613 2.5797
10930 5465.0 2.7852 2.1026 2.7852 1.0003 2.6589
10940 5470.0 2.7914 1.7153 2.7914 0.9640 2.5570
10950 5475.0 2.7670 3.4457 2.7670 0.9891 2.5026
10960 5480.0 2.7935 1.5968 2.7935 0.9976 2.6012
10970 5485.0 2.8488 0.0008 2.8488 0.9661 2.6609
10980 5490.0 2.8098 0.8088 2.8098 1.0032 2.6377
10990 5495.0 2.8397 0.0526 2.8397 0.9601 2.5687
11000 5500.0 2.8666 0.1371 2.8666 1.0180 2.6356
11010 5505.0 2.9684 7.0063 2.9684 0.9789 2.7859
11020 5510.0 2.9272 2.9783 2.9272 0.9890 2.7435
11030 5515.0 2.8236 0.3490 2.8236 0.9796 2.5226
11040 5520.0 2.8258 0.2927 2.8258 0.9714 2.3621
11050 5525.0 2.8494 0.0002 2.8494 1.0109 2.3443
11060 5530.0 2.8948 1.0021 2.8948 0.9525 2.4341
11070 5535.0 2.8146 0.6248 2.8146 1.0046 2.4424
11080 5540.0 2.8474 0.0033 2.8474 0.9526 2.5289
11090 5545.0 2.8607 0.0574 2.8607 1.0192 2.5203
11100 5550.0 2.9103 1.8188 2.9103 0.9567 2.5596
11110 5555.0 2.8708 0.2168 2.8708 1.0083 2.5140
11120 5560.0 2.8375 0.0783 2.8375 0.9587 2.5558
11130 5565.0 2.7829 2.2515 2.7829 0.9706 2.5681
11140 5570.0 2.7653 3.5911 2.7653 0.9900 2.5560
11150 5575.0 2.8366 0.0893 2.8366 0.9456 2.5702
11160 5580.0 2.8153 0.6033 2.8153 1.0116 2.5272
11170 5585.0 2.8584 0.0352 2.8584 0.9423 2.6125
11180 5590.0 2.8273 0.2567 2.8273 0.9979 2.5777
11190 5595.0 2.8347 0.1170 2.8347 0.9707 2.5537
11200 5600.0 2.8493 0.0002 2.8493 0.9865 2.5493
11210 5605.0 2.8831 0.5485 2.8831 0.9850 2.5872
11220 5610.0 2.8212 0.4141 2.8212 0.9668 2.5609
11230 5615.0 2.7981 1.3479 2.7981 0.9897 2.4748
11240 5620.0 2.8627 0.0812 2.8627 0.9590 2.4747
11250 5625.0 2.8737 0.2801 2.8737 0.9978 2.4729
11260 5630.0 2.9022 1.3637 2.9022 0.9615 2.5039
11270 5635.0 2.8478 0.0024 2.8478 1.0056 2.4489
11280 5640.0 2.8222 0.3868 2.8222 0.9583 2.4949
11290 5645.0 2.8086 0.8569 2.8086 0.9911 2.5607
11300 5650.0 2.8797 0.4396 2.8797 0.9867 2.6402
11310 5655.0 2.9150 2.1133 2.9150 0.9980 2.5850
11320 5660.0 2.8247 0.3204 2.8247 0.9846 2.4677
11330 5665.0 2.7754 2.7826 2.7754 0.9564 2.4224
11340 5670.0 2.7479 5.2164 2.7479 0.9889 2.3942
11350 5675.0 2.8410 0.0401 2.8410 0.9582 2.4661
11360 5680.0 2.8893 0.7707 2.8893 1.0096 2.5062
11370 5685.0 2.8753 0.3198 2.8753 0.9614 2.5672
11380 5690.0 2.7794 2.4887 2.7794 0.9766 2.6066
11390 5695.0 2.7569 4.3384 2.7569 0.9665 2.6923
11400 5700.0 2.7873 1.9644 2.7873 0.9691 2.6877
11410 5705.0 2.8392 0.0580 2.8392 0.9771 2.7116
11420 5710.0 2.8947 0.9978 2.8947 0.9764 2.7417
11430 5715.0 2.8735 0.2750 2.8735 1.0059 2.7338
11440 5720.0 2.8453 0.0112 2.8453 0.9568 2.8031
11450 5725.0 2.7613 3.9320 2.7613 1.0069 2.8006
11460 5730.0 2.8175 0.5293 2.8175 0.9331 2.7987
11470 5735.0 2.7938 1.5787 2.7938 1.0098 2.8281
11480 5740.0 2.8898 0.7927 2.8898 0.9663 2.7891
11490 5745.0 2.8680 0.1621 2.8680 1.0101 2.6607
11500 5750.0 2.8522 0.0024 2.8522 0.9666 2.6114
11510 5755.0 2.7912 1.7291 2.7912 0.9779 2.5461
11520 5760.0 2.7585 4.1900 2.7585 0.9773 2.5086
11530 5765.0 2.7676 3.3925 2.7676 0.9584 2.4830
11540 5770.0 2.7720 3.0427 2.7720 0.9801 2.3990
11550 5775.0 2.8366 0.0903 2.8366 0.9943 2.3617
11560 5780.0 2.9026 1.3830 2.9026 0.9845 2.4036
11570 5785.0 2.7974 1.3818 2.7974 0.9997 2.4335
11580 5790.0 2.7722 3.0246 2.7722 0.9518 2.5381
11590 5795.0 2.7966 1.4241 2.7966 0.9990 2.5687
11600 5800.0 2.9332 3.4652 2.9332 0.9600 2.6401
11610 5805.0 2.8974 1.1242 2.8974 1.0077 2.6659
11620 5810.0 2.8219 0.3944 2.8219 0.9746 2.5842
11630 5815.0 2.7961 1.4521 2.7961 0.9653 2.5771
11640 5820.0 2.8836 0.5646 2.8836 1.0064 2.5170
11650 5825.0 2.9347 3.5883 2.9347 0.9558 2.5166
11660 5830.0 2.7966 1.4266 2.7966 1.0037 2.4725
11670 5835.0 2.7471 5.2929 2.7471 0.9443 2.4648
11680 5840.0 2.8312 0.1769 2.8312 1.0291 2.4909
11690 5845.0 2.9733 7.5961 2.9733 0.9368 2.5142
11700 5850.0 2.8940 0.9694 2.8940 1.0181 2.4104
11710 5855.0 2.7338 6.7470 2.7338 0.9674 2.2276
11720 5860.0 2.7580 4.2324 2.7580 1.0155 2.2074
11730 5865.0 2.9221 2.5966 2.9221 0.9691 2.3900
11740 5870.0 2.9627 6.3545 2.9627 0.9830 2.4735
11750 5875.0 2.8398 0.0524 2.8398 0.9800 2.4082
11760 5880.0 2.7695 3.2371 2.7695 0.9784 2.3701
11770 5885.0 2.8624 0.0770 2.8624 1.0048 2.4732
11780 5890.0 2.9113 1.8789 2.9113 0.9744 2.6592
11790 5895.0 2.8466 0.0057 2.8466 0.9853 2.6832
11800 5900.0 2.8101 0.7972 2.8101 0.9663 2.6781
11810 5905.0 2.8392 0.0581 2.8392 0.9939 2.6870
11820 5910.0 2.9247 2.7888 2.9247 0.9738 2.6632
11830 5915.0 2.8642 0.1002 2.8642 0.9954 2.5255
11840 5920.0 2.7682 3.3461 2.7682 0.9507 2.4714
11850 5925.0 2.7623 3.8418 2.7623 0.9781 2.5339
11860 5930.0 2.8868 0.6787 2.8868 0.9850 2.6305
11870 5935.0 2.9533 5.3352 2.9533 0.9874 2.5851
11880 5940.0 2.8420 0.0317 2.8420 0.9983 2.7127
11890 5945.0 2.7864 2.0195 2.7864 0.9571 2.7011
11900 5950.0 2.7507 4.9256 2.7507 0.9922 2.6537
11910 5955.0 2.8232 0.3584 2.8232 0.9544 2.6973
11920 5960.0 2.8580 0.0322 2.8580 0.9918 2.6724
11930 5965.0 2.8898 0.7903 2.8898 0.9892 2.6982
11940 5970.0 2.8681 0.1636 2.8681 0.9802 2.5733
11950 5975.0 2.7958 1.4687 2.7958 1.0058 2.4351
11960 5980.0 2.8034 1.0858 2.8034 0.9590 2.4547
11970 5985.0 2.8508 0.0003 2.8508 1.0024 2.5619
11980 5990.0 2.9291 3.1257 2.9291 0.9804 2.6946
11990 5995.0 2.8875 0.7018 2.8875 1.0021 2.7270
12000 6000.0 2.8114 0.7459 2.8114 0.9741 2.7664
12010 6005.0 2.7952 1.5013 2.7952 0.9836 2.7598
12020 6010.0 2.8642 0.1011 2.8642 0.9881 2.8128
12030 6015.0 2.8984 1.1695 2.8984 0.9866 2.7978
12040 6020.0 2.8592 0.0419 2.8592 0.9870 2.7700
12050 6025.0 2.8244 0.3274 2.8244 0.9732 2.8299
12060 6030.0 2.8261 0.2852 2.8261 0.9888 2.8660
12070 6035.0 2.9010 1.3011 2.9010 0.9936 2.8316
12080 6040.0 2.8810 0.4809 2.8810 0.9753 2.8334
12090 6045.0 2.8192 0.4732 2.8192 0.9966 2.7332
12100 6050.0 2.8483 0.0015 2.8483 0.9685 2.6676
12110 6055.0 2.9125 1.9512 2.9125 1.0109 2.6462
12120 6060.0 2.9365 3.7447 2.9365 0.9626 2.6327
12130 6065.0 2.8385 0.0665 2.8385 1.0148 2.5195
12140 6070.0 2.7918 1.6923 2.7918 0.9421 2.4989
12150 6075.0 2.8046 1.0327 2.8046 1.0052 2.5065
12160 6080.0 2.9031 1.4124 2.9031 0.9664 2.5834
12170 6085.0 2.8875 0.7016 2.8875 1.0092 2.5464
12180 6090.0 2.8513 0.0009 2.8513 0.9709 2.5519
12190 6095.0 2.8135 0.6651 2.8135 0.9843 2.6461
12200 6100.0 2.8243 0.3291 2.8243 0.9712 2.7157
12210 6105.0 2.8372 0.0821 2.8372 0.9773 2.6465
12220 6110.0 2.8601 0.0509 2.8601 0.9902 2.5874
12230 6115.0 2.9067 1.6076 2.9067 0.9729 2.6072
12240 6120.0 2.8729 0.2633 2.8729 0.9943 2.5652
12250 6125.0 2.8287 0.2263 2.8287 0.9500 2.5066
12260 6130.0 2.8345 0.1195 2.8345 1.0133 2.4386
12270 6135.0 2.9221 2.6026 2.9221 0.9628 2.5121
12280 6140.0 2.9073 1.6420 2.9073 1.0181 2.5488
12290 6145.0 2.8910 0.8413 2.8910 0.9584 2.5689
12300 6150.0 2.8195 0.4648 2.8195 0.9939 2.5205
12310 6155.0 2.8350 0.1130 2.8350 0.9651 2.5908
12320 6160.0 2.8474 0.0034 2.8474 1.0012 2.6683
12330 6165.0 2.8833 0.5558 2.8833 0.9725 2.7042
12340 6170.0 2.8906 0.8256 2.8906 0.9831 2.6487
12350 6175.0 2.8530 0.0045 2.8530 1.0122 2.5258
12360 6180.0 2.8870 0.6852 2.8870 0.9423 2.5400
12370 6185.0 2.8123 0.7112 2.8123 1.0332 2.4925
12380 6190.0 2.8416 0.0352 2.8416 0.9383 2.5140
12390 6195.0 2.7668 3.4573 2.7668 1.0069 2.4259
12400 6200.0 2.8162 0.5711 2.8162 0.9797 2.5150
12410 6205.0 2.8313 0.1757 2.8313 0.9733 2.6139
12420 6210.0 2.7990 1.3025 2.7990 0.9996 2.5991
12430 6215.0 2.8286 0.2292 2.8286 0.9422 2.5950
12440 6220.0 2.7646 3.6490 2.7646 1.0276 2.6225
12450 6225.0 2.8470 0.0044 2.8470 0.9307 2.7089
12460 6230.0 2.8327 0.1498 2.8327 1.0060 2.6221
12470 6235.0 2.9058 1.5545 2.9058 0.9881 2.5270
12480 6240.0 2.9121 1.9301 2.9121 0.9962 2.5058
12490 6245.0 2.8542 0.0089 2.8542 0.9983 2.5309
12500 6250.0 2.8449 0.0128 2.8449 0.9398 2.5958
12510 6255.0 2.7734 2.9311 2.7734 1.0167 2.5614
12520 6260.0 2.8432 0.0229 2.8432 0.9408 2.6547
12530 6265.0 2.8229 0.3661 2.8229 1.0171 2.7169
12540 6270.0 2.8762 0.3442 2.8762 0.9713 2.6999
12550 6275.0 2.8666 0.1384 2.8666 0.9794 2.7497
12560 6280.0 2.8134 0.6694 2.8134 1.0137 2.6896
12570 6285.0 2.8553 0.0140 2.8553 0.9274 2.6522
12580 6290.0 2.7835 2.2086 2.7835 1.0276 2.6456
12590 6295.0 2.8693 0.1864 2.8693 0.9412 2.6144
12600 6300.0 2.8462 0.0074 2.8462 1.0055 2.5044
12610 6305.0 2.9031 1.4075 2.9031 1.0047 2.4826
12620 6310.0 2.9344 3.5638 2.9344 0.9954 2.5187
12630 6315.0 2.8632 0.0874 2.8632 1.0061 2.4406
12640 6320.0 2.8273 0.2581 2.8273 0.9401 2.2495
12650 6325.0 2.7618 3.8923 2.7618 1.0323 1.9928
12660 6330.0 2.8951 1.0164 2.8951 0.9586 2.0151
12670 6335.0 2.8975 1.1299 2.8975 1.0461 2.0553
12680 6340.0 2.9605 6.1035 2.9605 0.9699 2.1927
12690 6345.0 2.8965 1.0824 2.8965 1.0269 2.1674
12700 6350.0 2.8723 0.2497 2.8723 0.9765 2.2100
12710 6355.0 2.8599 0.0488 2.8599 1.0002 2.3579
12720 6360.0 2.9298 3.1820 2.9298 1.0003 2.5452
12730 6365.0 2.9160 2.1807 2.9160 0.9665 2.5075
12740 6370.0 2.7778 2.6089 2.7778 1.0103 2.2971
12750 6375.0 2.8100 0.7988 2.8100 0.9453 2.2944
12760 6380.0 2.7986 1.3203 2.7986 0.9985 2.3989
12770 6385.0 2.8859 0.6454 2.8859 0.9606 2.4986
12780 6390.0 2.8572 0.0256 2.8572 0.9975 2.4466
12790 6395.0 2.8578 0.0308 2.8578 0.9867 2.3897
12800 6400.0 2.8756 0.3280 2.8756 0.9976 2.4602
12810 6405.0 2.8993 1.2176 2.8993 1.0078 2.5617
12820 6410.0 2.8820 0.5119 2.8820 0.9771 2.5430
12830 6415.0 2.8192 0.4729 2.8192 0.9942 2.4288
12840 6420.0 2.8222 0.3865 2.8222 0.9911 2.3857
12850 6425.0 2.8455 0.0100 2.8455 0.9917 2.3979
12860 6430.0 2.8300 0.2006 2.8300 0.9766 2.3799
12870 6435.0 2.7955 1.4871 2.7955 0.9853 2.2908
12880 6440.0 2.8670 0.1451 2.8670 0.9870 2.2967
12890 6445.0 2.9192 2.3975 2.9192 1.0090 2.3774
12900 6450.0 2.8939 0.9640 2.8939 0.9904 2.4323
12910 6455.0 2.8602 0.0518 2.8602 0.9928 2.5367
12920 6460.0 2.8637 0.0935 2.8637 0.9822 2.5772
12930 6465.0 2.8437 0.0197 2.8437 0.9885 2.5400
12940 6470.0 2.8937 0.9532 2.8937 0.9851 2.5439
12950 6475.0 2.8818 0.5057 2.8818 0.9735 2.5335
12960 6480.0 2.8151 0.6094 2.8151 0.9769 2.5012
12970 6485.0 2.8150 0.6120 2.8150 0.9638 2.4982
12980 6490.0 2.8916 0.8654 2.8916 0.9971 2.5061
12990 6495.0 2.9433 4.3552 2.9433 0.9677 2.5425
13000 6500.0 2.8758 0.3330 2.8758 1.0221 2.4509
13010 6505.0 2.8145 0.6309 2.8145 0.9516 2.4319
13020 6510.0 2.7735 2.9276 2.7735 1.0056 2.3542
13030 6515.0 2.8661 0.1295 2.8661 0.9625 2.4255
13040 6520.0 2.8897 0.7891 2.8897 1.0011 2.4137
13050 6525.0 2.8540 0.0079 2.8540 0.9699 2.4000
13060 6530.0 2.7790 2.5198 2.7790 0.9876 2.3395
13070 6535.0 2.8089 0.8446 2.8089 0.9718 2.3657
13080 6540.0 2.8810 0.4805 2.8810 0.9821 2.3978
13090 6545.0 2.8946 0.9938 2.8946 1.0018 2.3871
13100 6550.0 2.8523 0.0026 2.8523 0.9648 2.4047
13110 6555.0 2.7815 2.3453 2.7815 0.9918 2.4119
13120 6560.0 2.8077 0.8956 2.8077 0.9621 2.5149
13130 6565.0 2.8452 0.0117 2.8452 0.9861 2.5309
13140 6570.0 2.8929 0.9222 2.8929 0.9833 2.5016
13150 6575.0 2.8953 1.0241 2.8953 0.9950 2.4793
13160 6580.0 2.8768 0.3585 2.8768 0.9852 2.4924
13170 6585.0 2.8687 0.1749 2.8687 0.9818 2.5466
13180 6590.0 2.8523 0.0026 2.8523 0.9804 2.5511
13190 6595.0 2.8312 0.1758 2.8312 0.9702 2.5248
13200 6600.0 2.8289 0.2231 2.8289 0.9905 2.5316
13210 6605.0 2.8587 0.0379 2.8587 0.9507 2.5247
13220 6610.0 2.8242 0.3324 2.8242 1.0090 2.4722
13230 6615.0 2.8678 0.1576 2.8678 0.9565 2.4522
13240 6620.0 2.8533 0.0055 2.8533 0.9978 2.4355
13250 6625.0 2.8947 0.9969 2.8947 0.9814 2.4571
13260 6630.0 2.9031 1.4092 2.9031 0.9913 2.4466
13270 6635.0 2.8938 0.9594 2.8938 0.9819 2.4194
13280 6640.0 2.8540 0.0080 2.8540 0.9896 2.4091
13290 6645.0 2.8619 0.0707 2.8619 0.9851 2.4517
13300 6650.0 2.9013 1.3173 2.9013 0.9858 2.5276
13310 6655.0 2.8752 0.3175 2.8752 0.9768 2.5654
13320 6660.0 2.8296 0.2079 2.8296 0.9755 2.6026
13330 6665.0 2.8689 0.1778 2.8689 0.9728 2.6786
13340 6670.0 2.9140 2.0498 2.9140 0.9829 2.7129
13350 6675.0 2.8851 0.6175 2.8851 0.9944 2.6777
13360 6680.0 2.8707 0.2144 2.8707 0.9727 2.6464
13370 6685.0 2.8242 0.3322 2.8242 0.9985 2.6015
13380 6690.0 2.8628 0.0825 2.8628 0.9589 2.6081
13390 6695.0 2.8690 0.1813 2.8690 1.0056 2.5844
13400 6700.0 2.8747 0.3052 2.8747 0.9682 2.5319
13410 6705.0 2.8504 0.0001 2.8504 1.0166 2.4958
13420 6710.0 2.8901 0.8056 2.8901 0.9741 2.5418
13430 6715.0 2.8796 0.4374 2.8796 1.0128 2.5859
13440 6720.0 2.8667 0.1403 2.8667 0.9684 2.6463
13450 6725.0 2.8688 0.1772 2.8688 1.0084 2.6353
13460 6730.0 2.8979 1.1458 2.8979 0.9638 2.6261
13470 6735.0 2.8375 0.0786 2.8375 1.0227 2.5114
13480 6740.0 2.8369 0.0861 2.8369 0.9442 2.4987
13490 6745.0 2.8372 0.0817 2.8372 1.0127 2.4493
13500 6750.0 2.8838 0.5728 2.8838 0.9566 2.5216
13510 6755.0 2.8520 0.0020 2.8520 0.9954 2.4906
13520 6760.0 2.8477 0.0027 2.8477 0.9704 2.4999
13530 6765.0 2.8435 0.0211 2.8435 0.9876 2.5116
13540 6770.0 2.8672 0.1480 2.8672 0.9898 2.5571
13550 6775.0 2.8618 0.0695 2.8618 0.9783 2.5905
13560 6780.0 2.8511 0.0006 2.8511 0.9907 2.5841
13570 6785.0 2.8529 0.0041 2.8529 0.9692 2.5812
13580 6790.0 2.8459 0.0084 2.8459 0.9854 2.5357
13590 6795.0 2.8811 0.4848 2.8811 0.9674 2.5505
13600 6800.0 2.8920 0.8810 2.8920 0.9968 2.5512
13610 6805.0 2.9028 1.3928 2.9028 0.9696 2.5656
13620 6810.0 2.8686 0.1735 2.8686 0.9978 2.5118
13630 6815.0 2.8559 0.0173 2.8559 0.9543 2.5372
13640 6820.0 2.8131 0.6810 2.8131 0.9974 2.4956
13650 6825.0 2.8433 0.0227 2.8433 0.9682 2.5196
13660 6830.0 2.8821 0.5148 2.8821 0.9882 2.5147
13670 6835.0 2.8790 0.4198 2.8790 0.9669 2.5348
13680 6840.0 2.8417 0.0345 2.8417 0.9737 2.5041
13690 6845.0 2.7861 2.0444 2.7861 0.9795 2.4736
13700 6850.0 2.8015 1.1752 2.8015 0.9691 2.4983
13710 6855.0 2.8829 0.5400 2.8829 0.9865 2.5584
13720 6860.0 2.8891 0.7662 2.8891 0.9749 2.5899
13730 6865.0 2.8170 0.5460 2.8170 0.9637 2.5760
13740 6870.0 2.8056 0.9872 2.8056 0.9810 2.5903
13750 6875.0 2.8957 1.0460 2.8957 0.9649 2.7063
13760 6880.0 2.8983 1.1652 2.8983 1.0023 2.7637
13770 6885.0 2.8878 0.7162 2.8878 0.9663 2.8328
13780 6890.0 2.8561 0.0187 2.8561 1.0164 2.7838
13790 6895.0 2.9190 2.3786 2.9190 0.9569 2.7514
13800 6900.0 2.8496 0.0001 2.8496 1.0449 2.6479
13810 6905.0 2.8741 0.2901 2.8741 0.9483 2.6637
13820 6910.0 2.8188 0.4866 2.8188 1.0344 2.6813
13830 6915.0 2.9308 3.2610 2.9308 0.9531 2.7732
13840 6920.0 2.8717 0.2365 2.8717 1.0357 2.7113
13850 6925.0 2.8321 0.1593 2.8321 0.9563 2.6242
13860 6930.0 2.8066 0.9422 2.8066 1.0078 2.6307
13870 6935.0 2.9016 1.3335 2.9016 0.9712 2.7282
13880 6940.0 2.9007 1.2852 2.9007 0.9838 2.7241
13890 6945.0 2.8585 0.0362 2.8585 0.9922 2.6486
13900 6950.0 2.8170 0.5432 2.8170 0.9753 2.6149
13910 6955.0 2.8480 0.0021 2.8480 0.9911 2.7273
13920 6960.0 2.9306 3.2456 2.9306 0.9808 2.8415
13930 6965.0 2.9005 1.2759 2.9005 0.9906 2.7623
13940 6970.0 2.8529 0.0042 2.8529 1.0081 2.5736
13950 6975.0 2.8586 0.0374 2.8586 0.9950 2.5287
13960 6980.0 2.9061 1.5722 2.9061 0.9846 2.5816
13970 6985.0 2.9359 3.6875 2.9359 0.9922 2.5571
13980 6990.0 2.8862 0.6569 2.8862 1.0081 2.4505
13990 6995.0 2.8604 0.0542 2.8604 0.9798 2.4267
14000 7000.0 2.8368 0.0867 2.8368 1.0088 2.4511
14010 7005.0 2.8864 0.6635 2.8864 0.9531 2.4725
14020 7010.0 2.8588 0.0387 2.8588 1.0315 2.3517
14030 7015.0 2.9190 2.3805 2.9190 0.9644 2.3260
14040 7020.0 2.8433 0.0222 2.8433 1.0302 2.2401
14050 7025.0 2.8769 0.3609 2.8769 0.9495 2.2582
14060 7030.0 2.8605 0.0556 2.8605 1.0273 2.1834
14070 7035.0 2.8778 0.3865 2.8778 0.9525 2.2125
14080 7040.0 2.7930 1.6260 2.7930 1.0156 2.1730
14090 7045.0 2.8697 0.1943 2.8697 0.9646 2.2957
14100 7050.0 2.9029 1.3968 2.9029 1.0099 2.3454
14110 7055.0 2.9119 1.9168 2.9119 0.9885 2.3521
14120 7060.0 2.8688 0.1762 2.8688 0.9864 2.3153
14130 7065.0 2.8515 0.0012 2.8515 0.9960 2.3214
14140 7070.0 2.9061 1.5718 2.9061 0.9734 2.3580
14150 7075.0 2.9069 1.6187 2.9069 1.0159 2.3691
14160 7080.0 2.8396 0.0539 2.8396 0.9901 2.3153
14170 7085.0 2.8128 0.6904 2.8128 0.9837 2.2849
14180 7090.0 2.8525 0.0032 2.8525 0.9893 2.3226
14190 7095.0 2.9059 1.5638 2.9059 0.9967 2.3269
14200 7100.0 2.8786 0.4086 2.8786 1.0016 2.2070
14210 7105.0 2.8623 0.0757 2.8623 0.9965 2.1479
14220 7110.0 2.8803 0.4597 2.8803 0.9931 2.1465
14230 7115.0 2.9424 4.2668 2.9424 1.0097 2.1605
14240 7120.0 2.9492 4.9200 2.9492 1.0124 2.1418
14250 7125.0 2.8915 0.8624 2.8915 0.9957 2.1511
14260 7130.0 2.8999 1.2428 2.8999 1.0184 2.2706
14270 7135.0 2.9723 7.4842 2.9723 0.9827 2.3998
14280 7140.0 2.9347 3.5836 2.9347 1.0143 2.3567
14290 7145.0 2.8370 0.0842 2.8370 1.0003 2.2232
14300 7150.0 2.8242 0.3328 2.8242 0.9798 2.2018
14310 7155.0 2.8477 0.0027 2.8477 1.0090 2.2842
14320 7160.0 2.9146 2.0849 2.9146 0.9729 2.4123
14330 7165.0 2.8393 0.0576 2.8393 1.0143 2.3919
14340 7170.0 2.8227 0.3733 2.8227 0.9450 2.3516
14350 7175.0 2.8002 1.2377 2.8002 0.9965 2.4098
14360 7180.0 2.8878 0.7158 2.8878 0.9838 2.4082
14370 7185.0 2.8356 0.1039 2.8356 0.9766 2.3618
14380 7190.0 2.7594 4.1039 2.7594 0.9917 2.3348
14390 7195.0 2.8504 0.0001 2.8504 0.9496 2.3557
14400 7200.0 2.8697 0.1940 2.8697 1.0182 2.3106
14410 7205.0 2.8959 1.0521 2.8959 0.9675 2.3454
14420 7210.0 2.8187 0.4904 2.8187 0.9901 2.3330
14430 7215.0 2.8212 0.4141 2.8212 0.9635 2.3569
14440 7220.0 2.8334 0.1377 2.8334 0.9743 2.3459
14450 7225.0 2.8383 0.0686 2.8383 0.9678 2.3574
14460 7230.0 2.8356 0.1039 2.8356 0.9610 2.3951
14470 7235.0 2.8395 0.0547 2.8395 1.0010 2.3747
14480 7240.0 2.9103 1.8194 2.9103 0.9532 2.4149
14490 7245.0 2.8533 0.0055 2.8533 1.0084 2.3419
14500 7250.0 2.8253 0.3048 2.8253 0.9415 2.4109
14510 7255.0 2.7705 3.1628 2.7705 0.9781 2.3827
14520 7260.0 2.8354 0.1069 2.8354 0.9791 2.3838
14530 7265.0 2.9091 1.7436 2.9091 0.9721 2.4056
14540 7270.0 2.8375 0.0783 2.8375 1.0035 2.3641
14550 7275.0 2.8086 0.8590 2.8086 0.9290 2.4495
14560 7280.0 2.7643 3.6716 2.7643 1.0173 2.3980
14570 7285.0 2.9227 2.6462 2.9227 0.9491 2.5354
14580 7290.0 2.9476 4.7673 2.9476 1.0224 2.6034
14590 7295.0 2.8838 0.5697 2.8838 0.9772 2.4863
14600 7300.0 2.7968 1.4148 2.7968 0.9770 2.4148
14610 7305.0 2.8216 0.4036 2.8216 0.9891 2.5060
14620 7310.0 2.9374 3.8208 2.9374 0.9775 2.5883
14630 7315.0 2.9576 5.7873 2.9576 1.0259 2.5617
14640 7320.0 2.8779 0.3883 2.8779 0.9873 2.4524
14650 7325.0 2.7805 2.4161 2.7805 0.9856 2.3820
14660 7330.0 2.8369 0.0857 2.8369 0.9378 2.3964
14670 7335.0 2.8742 0.2919 2.8742 1.0202 2.3402
14680 7340.0 2.9556 5.5788 2.9556 0.9875 2.2223
14690 7345.0 2.8656 0.1212 2.8656 1.0286 2.0592
14700 7350.0 2.8241 0.3344 2.8241 0.9601 2.0496
14710 7355.0 2.7862 2.0321 2.7862 0.9868 2.0314
14720 7360.0 2.8326 0.1520 2.8326 0.9863 2.0874
14730 7365.0 2.8977 1.1391 2.8977 1.0136 2.2357
14740 7370.0 2.9818 8.6895 2.9818 0.9943 2.4068
14750 7375.0 2.9261 2.8984 2.9261 0.9950 2.3598
14760 7380.0 2.8381 0.0707 2.8381 0.9868 2.2651
14770 7385.0 2.8206 0.4309 2.8206 0.9565 2.2792
14780 7390.0 2.8254 0.3020 2.8254 0.9945 2.3939
14790 7395.0 2.9157 2.1577 2.9157 0.9581 2.5521
14800 7400.0 2.8793 0.4286 2.8793 1.0140 2.6032
14810 7405.0 2.8874 0.6990 2.8874 0.9632 2.6238
14820 7410.0 2.8373 0.0810 2.8373 1.0024 2.6392
14830 7415.0 2.8391 0.0591 2.8391 0.9704 2.6759
14840 7420.0 2.7913 1.7217 2.7913 0.9692 2.6504
14850 7425.0 2.7429 5.7375 2.7429 0.9848 2.6229
14860 7430.0 2.8046 1.0306 2.8046 0.9620 2.7348
14870 7435.0 2.8337 0.1333 2.8337 0.9992 2.7196
14880 7440.0 2.8317 0.1671 2.8317 0.9689 2.7629
14890 7445.0 2.7738 2.9040 2.7738 0.9729 2.7832
14900 7450.0 2.7530 4.7006 2.7530 0.9651 2.7564
14910 7455.0 2.7771 2.6542 2.7771 0.9698 2.7816
14920 7460.0 2.8054 0.9929 2.8054 0.9673 2.8060
14930 7465.0 2.8002 1.2420 2.8002 0.9835 2.7629
14940 7470.0 2.8064 0.9493 2.8064 0.9771 2.7136
14950 7475.0 2.8453 0.0111 2.8453 0.9780 2.6946
14960 7480.0 2.8841 0.5802 2.8841 0.9953 2.6518
14970 7485.0 2.9190 2.3792 2.9190 0.9839 2.5944
14980 7490.0 2.8733 0.2720 2.8733 1.0191 2.5062
14990 7495.0 2.8767 0.3561 2.8767 0.9635 2.5163
15000 7500.0 2.8089 0.8440 2.8089 1.0079 2.4645
15010 7505.0 2.8343 0.1234 2.8343 0.9572 2.5018
15020 7510.0 2.7869 1.9881 2.7869 0.9889 2.5285
15030 7515.0 2.7835 2.2097 2.7835 0.9748 2.6015
15040 7520.0 2.7865 2.0156 2.7865 0.9545 2.6538
15050 7525.0 2.7408 5.9627 2.7408 1.0042 2.6549
15060 7530.0 2.7924 1.6613 2.7924 0.9401 2.6721
15070 7535.0 2.7717 3.0687 2.7717 1.0015 2.7091
15080 7540.0 2.8540 0.0079 2.8540 0.9691 2.7244
15090 7545.0 2.8941 0.9717 2.8941 1.0025 2.6760
15100 7550.0 2.9413 4.1658 2.9413 0.9891 2.6875
15110 7555.0 2.8860 0.6493 2.8860 0.9892 2.6944
15120 7560.0 2.8086 0.8565 2.8086 0.9862 2.7319
15130 7565.0 2.8016 1.1717 2.8016 0.9567 2.6947
15140 7570.0 2.7771 2.6580 2.7771 0.9677 2.6352
15150 7575.0 2.7618 3.8935 2.7618 0.9687 2.5790
15160 7580.0 2.7588 4.1585 2.7588 0.9588 2.5405
15170 7585.0 2.7443 5.5907 2.7443 0.9792 2.5044
15180 7590.0 2.7653 3.5870 2.7653 0.9675 2.4948
15190 7595.0 2.7801 2.4421 2.7801 0.9618 2.5339
15200 7600.0 2.7541 4.5974 2.7541 0.9979 2.5696
15210 7605.0 2.7796 2.4785 2.7796 0.9462 2.6233
15220 7610.0 2.7318 6.9860 2.7318 0.9873 2.6093
15230 7615.0 2.7489 5.1092 2.7489 0.9763 2.5972
15240 7620.0 2.7752 2.7991 2.7752 0.9508 2.6167
15250 7625.0 2.7532 4.6890 2.7532 0.9849 2.5679
15260 7630.0 2.8000 1.2478 2.8000 0.9652 2.6060
15270 7635.0 2.8672 0.1474 2.8672 0.9961 2.6386
15280 7640.0 2.9345 3.5720 2.9345 0.9889 2.7128
15290 7645.0 2.9302 3.2194 2.9302 0.9858 2.7562
15300 7650.0 2.8668 0.1416 2.8668 1.0025 2.6633
15310 7655.0 2.8619 0.0713 2.8619 0.9588 2.6623
15320 7660.0 2.8017 1.1659 2.8017 0.9978 2.6689
15330 7665.0 2.7707 3.1464 2.7707 0.9426 2.6075
15340 7670.0 2.7234 8.0120 2.7234 0.9902 2.5580
15350 7675.0 2.7654 3.5791 2.7654 0.9615 2.5976
15360 7680.0 2.8081 0.8762 2.8081 0.9682 2.7161
15370 7685.0 2.8168 0.5526 2.8168 0.9900 2.7026
15380 7690.0 2.8333 0.1398 2.8333 0.9558 2.7165
15390 7695.0 2.7839 2.1825 2.7839 0.9926 2.7234
15400 7700.0 2.7776 2.6189 2.7776 0.9497 2.7026
15410 7705.0 2.7453 5.4763 2.7453 0.9749 2.7019
15420 7710.0 2.7456 5.4502 2.7456 0.9635 2.6092
15430 7715.0 2.7482 5.1806 2.7482 0.9575 2.5098
15440 7720.0 2.7843 2.1550 2.7843 0.9899 2.5083
15450 7725.0 2.8576 0.0291 2.8576 0.9781 2.5301
15460 7730.0 2.8507 0.0003 2.8507 0.9864 2.5126
15470 7735.0 2.8196 0.4616 2.8196 0.9868 2.5567
15480 7740.0 2.8346 0.1184 2.8346 0.9705 2.6237
15490 7745.0 2.8830 0.5451 2.8830 1.0115 2.6681
15500 7750.0 2.9466 4.6687 2.9466 0.9869 2.6062
15510 7755.0 2.8268 0.2698 2.8268 0.9938 2.5196
15520 7760.0 2.7721 3.0364 2.7721 0.9606 2.4933
15530 7765.0 2.7679 3.3740 2.7679 0.9693 2.5119
15540 7770.0 2.7604 4.0155 2.7604 0.9603 2.5502
15550 7775.0 2.7281 7.4249 2.7281 0.9791 2.5909
15560 7780.0 2.7779 2.6014 2.7779 0.9512 2.6986
15570 7785.0 2.8203 0.4399 2.8203 0.9900 2.6457
15580 7790.0 2.9044 1.4791 2.9044 0.9893 2.5997
15590 7795.0 2.8867 0.6747 2.8867 0.9987 2.5526
15600 7800.0 2.8227 0.3713 2.8227 0.9864 2.5306
15610 7805.0 2.7756 2.7695 2.7756 0.9593 2.5621
15620 7810.0 2.7578 4.2538 2.7578 0.9700 2.5757
15630 7815.0 2.7955 1.4866 2.7955 0.9663 2.5977
15640 7820.0 2.8412 0.0390 2.8412 0.9779 2.5872
15650 7825.0 2.8330 0.1442 2.8330 0.9792 2.6064
15660 7830.0 2.8204 0.4374 2.8204 0.9694 2.5894
15670 7835.0 2.8287 0.2276 2.8287 0.9901 2.5441
15680 7840.0 2.8477 0.0027 2.8477 0.9652 2.5279
15690 7845.0 2.7601 4.0383 2.7601 0.9819 2.4792
15700 7850.0 2.7955 1.4851 2.7955 0.9701 2.5256
15710 7855.0 2.8370 0.0842 2.8370 0.9730 2.5938
15720 7860.0 2.8474 0.0033 2.8474 1.0100 2.5354
15730 7865.0 2.8716 0.2340 2.8716 0.9612 2.5027
15740 7870.0 2.8491 0.0004 2.8491 1.0186 2.4311
15750 7875.0 2.8683 0.1676 2.8683 0.9612 2.4498
15760 7880.0 2.7831 2.2362 2.7831 1.0135 2.3984
15770 7885.0 2.7891 1.8515 2.7891 0.9338 2.4445
15780 7890.0 2.7626 3.8166 2.7626 1.0152 2.4088
15790 7895.0 2.8051 1.0086 2.8051 0.9508 2.4658
15800 7900.0 2.8093 0.8270 2.8093 0.9991 2.4562
15810 7905.0 2.8714 0.2285 2.8714 0.9776 2.4920
15820 7910.0 2.8506 0.0002 2.8506 1.0005 2.4522
15830 7915.0 2.8156 0.5916 2.8156 0.9835 2.4151
15840 7920.0 2.8190 0.4805 2.8190 0.9626 2.3884
15850 7925.0 2.8061 0.9640 2.8061 1.0206 2.3297
15860 7930.0 2.8306 0.1891 2.8306 0.9399 2.3911
15870 7935.0 2.7842 2.1636 2.7842 1.0305 2.3031
15880 7940.0 2.8637 0.0941 2.8637 0.9397 2.3891
15890 7945.0 2.8525 0.0031 2.8525 1.0367 2.2962
15900 7950.0 2.8742 0.2923 2.8742 0.9332 2.3652
15910 7955.0 2.8117 0.7338 2.8117 1.0535 2.2435
15920 7960.0 2.8750 0.3120 2.8750 0.9335 2.3426
15930 7965.0 2.8487 0.0008 2.8487 1.0385 2.2636
15940 7970.0 2.8277 0.2484 2.8277 0.9423 2.3306
15950 7975.0 2.7581 4.2198 2.7581 0.9963 2.2851
15960 7980.0 2.7998 1.2613 2.7998 0.9693 2.3420
15970 7985.0 2.7914 1.7192 2.7914 0.9792 2.3335
15980 7990.0 2.7925 1.6545 2.7925 0.9963 2.2953
15990 7995.0 2.8696 0.1913 2.8696 0.9856 2.3312
16000 8000.0 2.8805 0.4657 2.8805 1.0092 2.3426
16010 8005.0 2.8318 0.1653 2.8318 0.9581 2.4010
16020 8010.0 2.7377 6.3046 2.7377 0.9924 2.3941
16030 8015.0 2.7571 4.3166 2.7571 0.9457 2.4533
16040 8020.0 2.7828 2.2591 2.7828 0.9953 2.4230
16050 8025.0 2.8459 0.0082 2.8459 0.9713 2.4570
16060 8030.0 2.8156 0.5911 2.8156 0.9816 2.4675
16070 8035.0 2.7691 3.2684 2.7691 0.9800 2.5181
16080 8040.0 2.7890 1.8596 2.7890 0.9510 2.5981
16090 8045.0 2.7688 3.2955 2.7688 0.9950 2.6158
16100 8050.0 2.8307 0.1853 2.8307 0.9423 2.7323
16110 8055.0 2.7908 1.7548 2.7908 1.0095 2.7469
16120 8060.0 2.8275 0.2520 2.8275 0.9615 2.6312
16130 8065.0 2.7863 2.0264 2.7863 0.9991 2.5716
16140 8070.0 2.8179 0.5138 2.8179 0.9715 2.5869
16150 8075.0 2.8023 1.1370 2.8023 0.9780 2.5344
16160 8080.0 2.7552 4.4913 2.7552 1.0016 2.4801
16170 8085.0 2.8258 0.2924 2.8258 0.9507 2.5698
16180 8090.0 2.8772 0.3700 2.8772 1.0347 2.7275
16190 8095.0 2.9024 1.3737 2.9024 0.9422 2.7010
16200 8100.0 2.7274 7.5207 2.7274 1.0237 2.5280
16210 8105.0 2.7660 3.5306 2.7660 0.9219 2.4984
16220 8110.0 2.7905 1.7718 2.7905 1.0235 2.6047
16230 8115.0 2.9122 1.9359 2.9122 0.9741 2.7339
16240 8120.0 2.9081 1.6876 2.9081 1.0214 2.7338
16250 8125.0 2.8931 0.9274 2.8931 0.9887 2.6479
16260 8130.0 2.8421 0.0312 2.8421 0.9935 2.5450
16270 8135.0 2.7940 1.5653 2.7940 0.9997 2.4366
16280 8140.0 2.8258 0.2938 2.8258 0.9345 2.3927
16290 8145.0 2.7224 8.1380 2.7224 1.0257 2.2825
16300 8150.0 2.7888 1.8738 2.7888 0.9448 2.3518
16310 8155.0 2.8155 0.5953 2.8155 0.9715 2.4197
16320 8160.0 2.8499 0.0000 2.8499 1.0143 2.4729
16330 8165.0 2.8966 1.0866 2.8966 0.9668 2.4911
16340 8170.0 2.8317 0.1668 2.8317 1.0226 2.5004
16350 8175.0 2.8762 0.3439 2.8762 0.9362 2.5220
16360 8180.0 2.7751 2.8067 2.7751 1.0275 2.4790
16370 8185.0 2.8472 0.0038 2.8472 0.9508 2.5256
16380 8190.0 2.8672 0.1474 2.8672 1.0263 2.6406
16390 8195.0 2.9400 4.0521 2.9400 0.9787 2.6844
16400 8200.0 2.8498 0.0000 2.8498 1.0166 2.5944
16410 8205.0 2.7700 3.1962 2.7700 0.9995 2.5004
16420 8210.0 2.8590 0.0409 2.8590 0.9509 2.5530
16430 8215.0 2.8389 0.0614 2.8389 1.0332 2.6408
16440 8220.0 2.8266 0.2728 2.8266 0.9276 2.7217
16450 8225.0 2.7678 3.3773 2.7678 1.0118 2.6998
16460 8230.0 2.8541 0.0084 2.8541 0.9826 2.6617
16470 8235.0 2.9309 3.2753 2.9309 0.9910 2.6563
16480 8240.0 2.8949 1.0081 2.8949 1.0132 2.5971
16490 8245.0 2.8527 0.0038 2.8527 0.9604 2.6125
16500 8250.0 2.7908 1.7495 2.7908 1.0280 2.6149
16510 8255.0 2.9148 2.1003 2.9148 0.9410 2.6474
16520 8260.0 2.8620 0.0721 2.8620 1.0471 2.4986
16530 8265.0 2.9036 1.4352 2.9036 0.9568 2.5362
16540 8270.0 2.7920 1.6827 2.7920 1.0307 2.4649
16550 8275.0 2.7881 1.9178 2.7881 0.9635 2.4926
16560 8280.0 2.7523 4.7681 2.7523 0.9778 2.4365
16570 8285.0 2.7326 6.8894 2.7326 0.9811 2.3907
16580 8290.0 2.7828 2.2548 2.7828 0.9472 2.4018
16590 8295.0 2.8035 1.0792 2.8035 1.0032 2.3404
16600 8300.0 2.8649 0.1113 2.8649 0.9694 2.3443
16610 8305.0 2.8403 0.0474 2.8403 1.0039 2.2667
16620 8310.0 2.8377 0.0763 2.8377 0.9686 2.2442
16630 8315.0 2.8044 1.0403 2.8044 0.9933 2.1752
16640 8320.0 2.8265 0.2754 2.8265 0.9733 2.1710
16650 8325.0 2.8208 0.4267 2.8208 0.9922 2.1446
16660 8330.0 2.8221 0.3879 2.8221 0.9713 2.1659
16670 8335.0 2.8366 0.0896 2.8366 0.9927 2.1658
16680 8340.0 2.8481 0.0019 2.8481 0.9837 2.2057
16690 8345.0 2.8167 0.5539 2.8167 0.9743 2.2213
16700 8350.0 2.7611 3.9473 2.7611 0.9816 2.2049
16710 8355.0 2.8032 1.0973 2.8032 0.9632 2.2256
16720 8360.0 2.8612 0.0632 2.8612 0.9932 2.2225
16730 8365.0 2.8816 0.4995 2.8816 0.9811 2.2246
16740 8370.0 2.8289 0.2234 2.8289 0.9993 2.1945
16750 8375.0 2.8541 0.0083 2.8541 0.9756 2.2190
16760 8380.0 2.8170 0.5446 2.8170 0.9939 2.1887
16770 8385.0 2.7945 1.5399 2.7945 0.9727 2.1931
16780 8390.0 2.7929 1.6298 2.7929 0.9960 2.1744
16790 8395.0 2.8581 0.0329 2.8581 0.9945 2.2052
16800 8400.0 2.8731 0.2663 2.8731 0.9996 2.2271
16810 8405.0 2.8275 0.2535 2.8275 0.9906 2.2468
16820 8410.0 2.7799 2.4547 2.7799 0.9902 2.2732
16830 8415.0 2.7878 1.9351 2.7878 0.9456 2.3271
16840 8420.0 2.7954 1.4901 2.7954 1.0222 2.2714
16850 8425.0 2.9051 1.5191 2.9051 0.9490 2.3639
16860 8430.0 2.8522 0.0025 2.8522 1.0211 2.3079
16870 8435.0 2.7952 1.4998 2.7952 0.9504 2.3561
16880 8440.0 2.7612 3.9451 2.7612 0.9835 2.3223
16890 8445.0 2.7972 1.3965 2.7972 0.9886 2.3193
16900 8450.0 2.8764 0.3486 2.8764 0.9721 2.3284
16910 8455.0 2.8448 0.0136 2.8448 1.0132 2.2688
16920 8460.0 2.7751 2.8046 2.7751 0.9455 2.3009
16930 8465.0 2.7116 9.5746 2.7116 1.0105 2.2430
16940 8470.0 2.8468 0.0050 2.8468 0.9605 2.3291
16950 8475.0 2.9020 1.3495 2.9020 1.0209 2.3248
16960 8480.0 2.8569 0.0239 2.8569 0.9672 2.3785
16970 8485.0 2.8174 0.5303 2.8174 1.0121 2.3673
16980 8490.0 2.8722 0.2456 2.8722 0.9644 2.4497
16990 8495.0 2.7973 1.3870 2.7973 0.9958 2.4165
17000 8500.0 2.7583 4.2089 2.7583 0.9685 2.4466
17010 8505.0 2.8035 1.0833 2.8035 0.9730 2.4765
17020 8510.0 2.8731 0.2677 2.8731 0.9870 2.5078
17030 8515.0 2.8282 0.2378 2.8282 0.9877 2.5307
17040 8520.0 2.7731 2.9592 2.7731 0.9777 2.5939
17050 8525.0 2.8162 0.5711 2.8162 0.9660 2.6689
17060 8530.0 2.8690 0.1811 2.8690 0.9886 2.7088
17070 8535.0 2.8688 0.1773 2.8688 0.9772 2.6618
17080 8540.0 2.8457 0.0091 2.8457 0.9724 2.6070
17090 8545.0 2.7998 1.2601 2.7998 1.0007 2.5414
17100 8550.0 2.8936 0.9513 2.8936 0.9505 2.5940
17110 8555.0 2.8519 0.0017 2.8519 1.0220 2.5650
17120 8560.0 2.8283 0.2353 2.8283 0.9520 2.5327
17130 8565.0 2.7884 1.8997 2.7884 0.9762 2.4722
17140 8570.0 2.8422 0.0301 2.8422 1.0036 2.4612
17150 8575.0 2.8621 0.0729 2.8621 0.9559 2.5058
17160 8580.0 2.7763 2.7137 2.7763 1.0140 2.5023
17170 8585.0 2.8776 0.3816 2.8776 0.9598 2.5921
17180 8590.0 2.8950 1.0137 2.8950 1.0241 2.6075
17190 8595.0 2.8703 0.2057 2.8703 0.9751 2.5955
17200 8600.0 2.8004 1.2288 2.8004 0.9894 2.5693
17210 8605.0 2.8079 0.8856 2.8079 0.9942 2.6239
17220 8610.0 2.8802 0.4573 2.8802 0.9652 2.7279
17230 8615.0 2.8576 0.0292 2.8576 1.0128 2.6733
17240 8620.0 2.8528 0.0039 2.8528 0.9597 2.7024
17250 8625.0 2.7866 2.0105 2.7866 1.0159 2.6440
17260 8630.0 2.8621 0.0735 2.8621 0.9695 2.7032
17270 8635.0 2.8557 0.0161 2.8557 1.0104 2.6871
17280 8640.0 2.8276 0.2519 2.8276 0.9785 2.6093
17290 8645.0 2.7932 1.6104 2.7932 0.9719 2.5587
17300 8650.0 2.7604 4.0154 2.7604 1.0109 2.5267
17310 8655.0 2.8699 0.1989 2.8699 0.9484 2.6196
17320 8660.0 2.8451 0.0119 2.8451 1.0294 2.6734
17330 8665.0 2.8959 1.0541 2.8959 0.9543 2.7269
17340 8670.0 2.8349 0.1141 2.8349 1.0282 2.6252
17350 8675.0 2.8693 0.1857 2.8693 0.9638 2.6701
17360 8680.0 2.8120 0.7236 2.8120 0.9955 2.6403
17370 8685.0 2.7819 2.3163 2.7819 0.9762 2.6572
17380 8690.0 2.7784 2.5622 2.7784 0.9548 2.6692
17390 8695.0 2.7522 4.7873 2.7522 1.0193 2.5674
17400 8700.0 2.8893 0.7716 2.8893 0.9374 2.5952
17410 8705.0 2.8553 0.0143 2.8553 1.0605 2.4551
17420 8710.0 2.9110 1.8600 2.9110 0.9437 2.5626
17430 8715.0 2.7776 2.6223 2.7776 1.0258 2.5263
17440 8720.0 2.7764 2.7096 2.7764 0.9709 2.6353
17450 8725.0 2.7825 2.2771 2.7825 0.9563 2.6730
17460 8730.0 2.7541 4.5978 2.7541 1.0022 2.6745
17470 8735.0 2.7887 1.8818 2.7887 0.9402 2.6367
17480 8740.0 2.7383 6.2332 2.7383 0.9922 2.6132
17490 8745.0 2.7824 2.2836 2.7824 0.9792 2.7074
17500 8750.0 2.8127 0.6966 2.8127 0.9508 2.7451
17510 8755.0 2.7573 4.2937 2.7573 0.9934 2.7098
17520 8760.0 2.7670 3.4436 2.7670 0.9431 2.7327
17530 8765.0 2.7572 4.3085 2.7572 0.9942 2.7099
17540 8770.0 2.8099 0.8039 2.8099 0.9567 2.7085
17550 8775.0 2.8255 0.2995 2.8255 0.9867 2.6814
17560 8780.0 2.8451 0.0121 2.8451 0.9893 2.6782
17570 8785.0 2.8675 0.1535 2.8675 0.9699 2.6836
17580 8790.0 2.8317 0.1678 2.8317 1.0016 2.6422
17590 8795.0 2.8251 0.3106 2.8251 0.9635 2.6542
17600 8800.0 2.7829 2.2492 2.7829 0.9780 2.5437
17610 8805.0 2.7851 2.1089 2.7851 0.9887 2.5141
17620 8810.0 2.8721 0.2447 2.8721 0.9673 2.6040
17630 8815.0 2.8547 0.0111 2.8547 1.0186 2.5660
17640 8820.0 2.8765 0.3514 2.8765 0.9542 2.6540
17650 8825.0 2.8008 1.2091 2.8008 1.0139 2.6340
17660 8830.0 2.8727 0.2581 2.8727 0.9548 2.6930
17670 8835.0 2.8325 0.1525 2.8325 0.9991 2.6611
17680 8840.0 2.8204 0.4367 2.8204 0.9828 2.6746
17690 8845.0 2.8178 0.5173 2.8178 0.9624 2.6857
17700 8850.0 2.7733 2.9399 2.7733 0.9858 2.6763
17710 8855.0 2.8039 1.0611 2.8039 0.9577 2.7284
17720 8860.0 2.8104 0.7844 2.8104 0.9887 2.6936
17730 8865.0 2.8332 0.1410 2.8332 0.9756 2.6887
17740 8870.0 2.8128 0.6934 2.8128 1.0025 2.6867
17750 8875.0 2.8304 0.1926 2.8304 0.9590 2.7253
17760 8880.0 2.8325 0.1527 2.8325 1.0040 2.6979
17770 8885.0 2.8733 0.2712 2.8733 0.9620 2.7214
17780 8890.0 2.8160 0.5775 2.8160 0.9990 2.6933
17790 8895.0 2.7818 2.3259 2.7818 0.9618 2.7257
17800 8900.0 2.7455 5.4646 2.7455 0.9820 2.7033
17810 8905.0 2.7762 2.7241 2.7762 0.9638 2.6896
17820 8910.0 2.7763 2.7123 2.7763 0.9656 2.6945
17830 8915.0 2.7796 2.4793 2.7796 0.9743 2.7097
17840 8920.0 2.7992 1.2925 2.7992 0.9661 2.7805
17850 8925.0 2.7902 1.7891 2.7902 1.0041 2.8063
17860 8930.0 2.8496 0.0001 2.8496 0.9483 2.8233
17870 8935.0 2.8124 0.7052 2.8124 1.0127 2.7298
17880 8940.0 2.8139 0.6499 2.8139 0.9665 2.6078
17890 8945.0 2.8005 1.2237 2.8005 0.9851 2.5285
17900 8950.0 2.8566 0.0216 2.8566 1.0031 2.5710
17910 8955.0 2.8964 1.0780 2.8964 0.9740 2.6345
17920 8960.0 2.7611 3.9560 2.7611 1.0023 2.5627
17930 8965.0 2.7403 6.0195 2.7403 0.9461 2.5822
17940 8970.0 2.8006 1.2189 2.8006 1.0059 2.6602
17950 8975.0 2.9142 2.0603 2.9142 0.9571 2.7964
17960 8980.0 2.8631 0.0852 2.8631 1.0223 2.8256
17970 8985.0 2.8294 0.2132 2.8294 0.9596 2.8209
17980 8990.0 2.7567 4.3530 2.7567 1.0069 2.6965
17990 8995.0 2.8060 0.9668 2.8060 0.9502 2.6789
18000 9000.0 2.8028 1.1133 2.8028 0.9916 2.7002
