#! FIELDS time smin restraint.bias
 1.000000 1.547354 0.034551
 2.000000 1.551768 0.045746
 3.000000 1.556065 0.059786
 4.000000 1.560070 0.079340
 5.000000 1.563722 0.106741
 6.000000 1.567083 0.143096
 7.000000 1.570307 0.187406
 8.000000 1.573592 0.236349
 9.000000 1.577106 0.285470
 10.000000 1.580906 0.331816
 11.000000 1.584871 0.377103
 12.000000 1.588669 0.430139
 13.000000 1.591799 0.507779
 14.000000 1.593723 0.634051
 15.000000 1.594129 0.835231
 16.000000 1.593222 1.125506
 17.000000 1.591887 1.482220
 18.000000 1.591533 1.828138
 19.000000 1.593629 2.050401
 20.000000 1.599151 2.059708
 21.000000 1.608211 1.847662
 22.000000 1.620008 1.493761
 23.000000 1.633050 1.117853
 24.000000 1.645520 0.819310
 25.000000 1.655662 0.648180
 26.000000 1.662083 0.621282
 27.000000 1.663971 0.761628
 28.000000 1.661223 1.125441
 29.000000 1.654518 1.788953
 30.000000 1.645285 2.791135
 31.000000 1.635534 4.061964
 32.000000 1.627497 5.390965
 33.000000 1.623164 6.479271
 34.000000 1.623806 7.063915
 35.000000 1.629640 7.044052
 36.000000 1.639737 6.528042
 37.000000 1.652221 5.772242
 38.000000 1.664755 5.057986
 39.000000 1.675185 4.590240
 40.000000 1.682137 4.467921
 41.000000 1.685306 4.707112
 42.000000 1.685365 5.266953
 43.000000 1.683607 6.056544
 44.000000 1.681529 6.938965
 45.000000 1.680476 7.753133
 46.000000 1.681400 8.354981
 47.000000 1.684711 8.662178
 48.000000 1.690224 8.682504
 49.000000 1.697177 8.513757
 50.000000 1.704365 8.316364
 51.000000 1.710381 8.271377
 52.000000 1.713992 8.537950
 53.000000 1.714575 9.215199
 54.000000 1.712441 10.304557
 55.000000 1.708831 11.679417
 56.000000 1.705517 13.092301
 57.000000 1.704198 14.246985
 58.000000 1.705931 14.918806
 59.000000 1.710771 15.061976
 60.000000 1.717711 14.841757
 61.000000 1.724959 14.570498
 62.000000 1.730579 14.578449
 63.000000 1.733333 15.080192
 64.000000 1.733274 16.090857
 65.000000 1.731688 17.418251
 66.000000 1.730454 18.730060
 67.000000 1.731324 19.669972
 68.000000 1.735450 19.976602
 69.000000 1.743213 19.559812
 70.000000 1.754251 18.511932
 71.000000 1.767611 17.061227
 72.000000 1.781951 15.496603
 73.000000 1.795757 14.096845
 74.000000 1.807547 13.087357
 75.000000 1.816075 12.628516
 76.000000 1.820515 12.824228
 77.000000 1.820620 13.730433
 78.000000 1.816807 15.346233
 79.000000 1.810126 17.585678
 80.000000 1.802084 20.250670
 81.000000 1.794344 23.038597
 82.000000 1.788370 25.604984
 83.000000 1.785108 27.665505
 84.000000 1.784818 29.084409
 85.000000 1.787174 29.888359
 86.000000 1.791632 30.184587
 87.000000 1.797902 30.036622
 88.000000 1.806192 29.397048
 89.000000 1.817053 28.150929
 90.000000 1.830979 26.225311
 91.000000 1.848051 23.678300
 92.000000 1.867761 20.720755
 93.000000 1.888986 17.674592
 94.000000 1.910098 14.890041
 95.000000 1.929238 12.655636
 96.000000 1.944674 11.149066
 97.000000 1.955085 10.451960
 98.000000 1.959719 10.601835
 99.000000 1.958447 11.636174
 100.000000 1.951744 13.599737
 101.000000 1.940611 16.511443
 102.000000 1.926464 20.308454
 103.000000 1.910969 24.797125
 104.000000 1.895856 29.640511
 105.000000 1.882723 34.394742
 106.000000 1.872888 38.580360
 107.000000 1.867335 41.760023
 108.000000 1.866700 43.600995
 109.000000 1.871304 43.915291
 110.000000 1.881164 42.681375
 111.000000 1.895967 40.053723
 112.000000 1.915007 36.358078
 113.000000 1.937138 32.053858
 114.000000 1.960838 27.650696
 115.000000 1.984381 23.606461
 116.000000 2.006054 20.256659
 117.000000 2.024329 17.798448
 118.000000 2.038011 16.318316
 119.000000 2.046350 15.839092
 120.000000 2.049103 16.361933
 121.000000 2.046540 17.884531
 122.000000 2.039398 20.388864
 123.000000 2.028798 23.805976
 124.000000 2.016124 27.976284
 125.000000 2.002880 32.628204
 126.000000 1.990525 37.394346
 127.000000 1.980289 41.869818
 128.000000 1.973029 45.694045
 129.000000 1.969182 48.615104
 130.000000 1.968883 50.493363
 131.000000 1.972204 51.241543
 132.000000 1.979359 50.766141
 133.000000 1.990653 48.988733
 134.000000 2.006203 45.943901
 135.000000 2.025646 41.862952
 136.000000 2.048034 37.164362
 137.000000 2.071958 32.353365
 138.000000 2.095803 27.894460
 139.000000 2.118022 24.121892
 140.000000 2.137346 21.215378
 141.000000 2.152891 19.229324
 142.000000 2.164168 18.144936
 143.000000 2.171032 17.917551
 144.000000 2.173626 18.503932
 145.000000 2.172334 19.866795
 146.000000 2.167756 21.961365
 147.000000 2.160679 24.713237
 148.000000 2.152016 28.001703
 149.000000 2.142686 31.663278
 150.000000 2.133465 35.520328
 151.000000 2.124829 37.859599
 152.000000 2.116723 40.122913
 153.000000 2.109034 42.330743
 154.000000 2.101939 44.420132
 155.000000 2.096111 46.174206
 156.000000 2.092625 47.239817
 157.000000 2.092612 47.243567
 158.000000 2.096872 45.943185
 159.000000 2.105605 43.334216
 160.000000 2.118337 39.667012
 161.000000 2.134005 35.376626
 162.000000 2.151151 30.962877
 163.000000 2.168179 26.870395
 164.000000 2.183610 23.412306
 165.000000 2.196263 20.754373
 166.000000 2.205346 18.945043
 167.000000 2.210468 17.961133
 168.000000 2.211605 17.746342
 169.000000 2.209035 18.233811
 170.000000 2.203259 19.353537
 171.000000 2.194908 21.031333
 172.000000 2.184651 23.187508
 173.000000 2.173101 25.741547
 174.000000 2.160735 28.623826
 175.000000 2.147859 31.787517
 176.000000 2.134648 35.205970
 177.000000 2.121295 38.838269
 178.000000 2.108254 42.557936
 179.000000 2.096445 46.072692
 180.000000 2.087256 48.904378
 181.000000 2.082227 50.489883
 182.000000 2.082567 50.381854
 183.000000 2.088734 48.443414
 184.000000 2.100251 44.924754
 185.000000 2.115823 40.378178
 186.000000 2.133686 35.461597
 187.000000 2.152050 30.739666
 188.000000 2.169456 26.575276
 189.000000 2.184919 23.129996
 190.000000 2.197873 20.427730
 191.000000 2.208034 18.425561
 192.000000 2.215263 17.063908
 193.000000 2.219485 16.292767
 194.000000 2.220663 16.080827
 195.000000 2.218813 16.414305
 196.000000 2.214031 17.292264
 197.000000 2.206486 18.723801
 198.000000 2.196388 20.729012
 199.000000 2.183942 23.340622
 200.000000 2.169359 26.597708
 201.000000 2.152958 30.514761
 202.000000 2.135389 35.009413
 203.000000 2.117848 39.804853
 204.000000 2.102081 44.377737
 205.000000 2.090062 48.030755
 206.000000 2.083480 50.092312
 207.000000 2.083289 50.152959
 208.000000 2.089447 48.221584
 209.000000 2.100907 44.728458
 210.000000 2.115832 40.375754
 211.000000 2.132017 35.907457
 212.000000 2.147390 31.905912
 213.000000 2.160415 28.700410
 214.000000 2.170232 26.396695
 215.000000 2.176542 24.966693
 216.000000 2.179401 24.331970
 217.000000 2.179031 24.413552
 218.000000 2.175712 25.152635
 219.000000 2.169716 26.515336
 220.000000 2.161282 28.493105
 221.000000 2.150580 31.105086
 222.000000 2.137701 34.400262
 223.000000 2.122713 38.444074
 224.000000 2.105846 43.263254
 225.000000 2.087796 48.735583
 226.000000 2.069953 54.465539
 227.000000 2.054310 59.750811
 228.000000 2.042988 63.728743
 229.000000 2.037597 65.667908
 230.000000 2.038734 65.256446
 231.000000 2.045797 62.729982
 232.000000 2.057169 58.766660
 233.000000 2.070753 54.201642
 234.000000 2.084658 49.720438
 235.000000 2.097678 45.699445
 236.000000 2.109339 42.241785
 237.000000 2.119587 39.315661
 238.000000 2.128425 36.876440
 239.000000 2.135714 34.923646
 240.000000 2.141132 33.506336
 241.000000 2.144234 32.708007
 242.000000 2.144533 32.631662
 243.000000 2.141577 33.391324
 244.000000 2.135038 35.102367
 245.000000 2.124862 37.850497
 246.000000 2.111490 41.618948
 247.000000 2.096079 46.183944
 248.000000 2.080499 51.040427
 249.000000 2.067008 55.441870
 250.000000 2.057708 58.581924
 251.000000 2.054027 59.848729
 252.000000 2.056398 59.031213
 253.000000 2.064211 56.376993
 254.000000 2.076048 52.472324
 255.000000 2.090155 48.001909
 256.000000 2.104992 43.514997
 257.000000 2.119577 39.318431
 258.000000 2.133479 35.516720
 259.000000 2.146548 32.119069
 260.000000 2.158642 29.126739
 261.000000 2.169480 26.569777
 262.000000 2.178614 24.505826
 263.000000 2.185497 23.005700
 264.000000 2.189563 22.141889
 265.000000 2.190320 21.982837
 266.000000 2.187461 22.586330
 267.000000 2.180986 23.983475
 268.000000 2.171316 26.148107
 269.000000 2.159351 28.956067
 270.000000 2.146416 32.152523
 271.000000 2.134096 35.352558
 272.000000 2.123989 38.091079
 273.000000 2.117452 39.916681
 274.000000 2.115381 40.504097
 275.000000 2.118056 39.746097
 276.000000 2.125090 37.787689
 277.000000 2.135470 34.987975
 278.000000 2.147740 31.817455
 279.000000 2.160323 28.722624
 280.000000 2.171895 26.015981
 281.000000 2.181642 23.840192
 282.000000 2.189268 22.204078
 283.000000 2.194839 21.045429
 284.000000 2.198603 20.280357
 285.000000 2.200859 19.828535
 286.000000 2.201889 19.624032
 287.000000 2.201886 19.624633
 288.000000 2.200889 19.822639
 289.000000 2.198744 20.252023
 290.000000 2.195126 20.986664
 291.000000 2.189638 22.126141
 292.000000 2.181983 23.765643
 293.000000 2.172182 25.950422
 294.000000 2.160735 28.623976
 295.000000 2.148653 31.587625
 296.000000 2.137321 34.500080
 297.000000 2.128177 36.943811
 298.000000 2.122342 38.546872
 299.000000 2.120336 39.106037
 300.000000 2.121959 38.653492
 301.000000 2.126359 37.439677
 302.000000 2.132252 35.844428
 303.000000 2.138250 34.256639
 304.000000 2.143220 32.967961
 305.000000 2.146573 32.112640
 306.000000 2.148336 31.667330
 307.000000 2.148997 31.501212
 308.000000 2.149216 31.446320
 309.000000 2.149566 31.358560
 310.000000 2.150384 31.154142
 311.000000 2.151731 30.818693
 312.000000 2.153439 30.396191
 313.000000 2.155168 29.971279
 314.000000 2.156462 29.655356
 315.000000 2.156787 29.576288
 316.000000 2.155590 29.868037
 317.000000 2.152376 30.658935
 318.000000 2.146797 32.055772
 319.000000 2.138779 34.118199
 320.000000 2.128623 36.822763
 321.000000 2.117063 40.026779
 322.000000 2.105191 43.456203
 323.000000 2.094245 46.743145
 324.000000 2.085304 49.516892
 325.000000 2.079008 51.517951
 326.000000 2.075400 52.682684
 327.000000 2.073955 53.152649
 328.000000 2.073835 53.191807
 329.000000 2.074285 53.045012
 330.000000 2.074986 52.817211
 331.000000 2.076135 52.444295
 332.000000 2.078258 51.759032
 333.000000 2.081894 50.595700
 334.000000 2.087354 48.873640
 335.000000 2.094608 46.632057
 336.000000 2.103276 44.022510
 337.000000 2.112670 41.279309
 338.000000 2.121861 38.680550
 339.000000 2.129803 36.503128
 340.000000 2.135519 34.975109
 341.000000 2.138340 34.232945
 342.000000 2.138107 34.293907
 343.000000 2.135238 35.049590
 344.000000 2.130634 36.279128
 345.000000 2.125468 37.684045
 346.000000 2.120888 38.951671
 347.000000 2.117732 39.837509
 348.000000 2.116340 40.231487
 349.000000 2.116541 40.174399
 350.000000 2.117799 39.818577
 351.000000 2.119439 39.357257
 352.000000 2.120877 38.954763
 353.000000 2.121803 38.696801
 354.000000 2.122262 38.569168
 355.000000 2.122608 38.473034
 356.000000 2.123324 38.274875
 357.000000 2.124788 37.870746
 358.000000 2.127105 37.235866
 359.000000 2.130041 36.438940
 360.000000 2.133096 35.618955
 361.000000 2.135651 34.940142
 362.000000 2.137152 34.544432
 363.000000 2.137264 34.515223
 364.000000 2.135951 34.860807
 365.000000 2.133463 35.520938
 366.000000 2.130217 36.391349
 367.000000 2.126666 37.355720
 368.000000 2.123185 38.313244
 369.000000 2.120025 39.193120
 370.000000 2.117323 39.953266
 371.000000 2.115159 40.567173
 372.000000 2.113616 41.007763
 373.000000 2.112809 41.239210
 374.000000 2.112863 41.223822
 375.000000 2.113849 40.941196
 376.000000 2.115726 40.405771
 377.000000 2.118337 39.666962
 378.000000 2.121478 38.787313
 379.000000 2.125006 37.810785
 380.000000 2.128924 36.740997
 381.000000 2.133382 35.542528
 382.000000 2.138609 34.162609
 383.000000 2.144808 32.561595
 384.000000 2.152045 30.740838
 385.000000 2.160164 28.760675
 386.000000 2.168732 26.742553
 387.000000 2.177046 24.854132
 388.000000 2.184208 23.282999
 389.000000 2.189241 22.209744
 390.000000 2.191248 21.788760
 391.000000 2.189588 22.136617
 392.000000 2.184035 23.320512
 393.000000 2.174876 25.340432
 394.000000 2.162900 28.108087
 395.000000 2.149260 31.435322
 396.000000 2.135248 35.046845
 397.000000 2.122066 38.623649
 398.000000 2.110625 41.868920
 399.000000 2.101416 44.576285
 400.000000 2.094466 46.675527
 401.000000 2.089411 48.232863
 402.000000 2.085692 49.394690
 403.000000 2.082849 50.292419
 404.000000 2.080761 50.956693
 405.000000 2.079717 51.290607
 406.000000 2.080279 51.110883
 407.000000 2.083067 50.223296
 408.000000 2.088563 48.496554
 409.000000 2.096957 45.917394
 410.000000 2.108062 42.613770
 411.000000 2.121311 38.833647
 412.000000 2.135861 34.884731
 413.000000 2.150748 31.063198
 414.000000 2.165043 27.602364
 415.000000 2.177938 24.655845
 416.000000 2.188765 22.310023
 417.000000 2.196982 20.608059
 418.000000 2.202170 19.568351
 419.000000 2.204089 19.190465
 420.000000 2.202767 19.450470
 421.000000 2.198542 20.292688
 422.000000 2.192024 21.627038
 423.000000 2.183952 23.338406
 424.000000 2.175031 25.305563
 425.000000 2.165823 27.419341
 426.000000 2.156737 29.588367
 427.000000 2.148098 31.727431
 428.000000 2.140249 33.735166
 429.000000 2.133632 35.475835
 430.000000 2.128782 36.779531
 431.000000 2.126258 37.467383
 432.000000 2.126513 37.397444
 433.000000 2.129763 36.514072
 434.000000 2.135886 34.878055
 435.000000 2.144413 32.662250
 436.000000 2.154586 30.114101
 437.000000 2.165475 27.500963
 438.000000 2.176130 25.058785
 439.000000 2.185717 22.958499
 440.000000 2.193625 21.295281
 441.000000 2.199504 20.099282
 442.000000 2.203218 19.361522
 443.000000 2.204734 19.064431
 444.000000 2.204011 19.205882
 445.000000 2.200959 19.808728
 446.000000 2.195483 20.913678
 447.000000 2.187594 22.558207
 448.000000 2.177531 24.746269
 449.000000 2.165839 27.415700
 450.000000 2.153364 30.414612
 451.000000 2.141153 33.500949
 452.000000 2.130284 36.373493
 453.000000 2.121691 38.728042
 454.000000 2.116031 40.319285
 455.000000 2.113621 41.006395
 456.000000 2.114451 40.769152
 457.000000 2.118237 39.695184
 458.000000 2.124507 37.948164
 459.000000 2.132679 35.730343
 460.000000 2.142124 33.250032
 461.000000 2.152208 30.700341
 462.000000 2.162307 28.248907
 463.000000 2.171807 26.036093
 464.000000 2.180097 24.178667
 465.000000 2.186576 22.774811
 466.000000 2.190686 21.906125
 467.000000 2.191991 21.633869
 468.000000 2.190291 21.988952
 469.000000 2.185719 22.958090
 470.000000 2.178770 24.471457
 471.000000 2.170224 26.398450
 472.000000 2.161018 28.556232
 473.000000 2.152076 30.733123
 474.000000 2.144181 32.721633
 475.000000 2.137889 34.350979
 476.000000 2.133511 35.508187
 477.000000 2.131140 36.142733
 478.000000 2.130716 36.256832
 479.000000 2.132084 35.889359
 480.000000 2.135040 35.101805
 481.000000 2.139345 33.970562
 482.000000 2.144716 32.584877
 483.000000 2.150809 31.047979
 484.000000 2.157192 29.477924
 485.000000 2.163343 28.003162
 486.000000 2.168698 26.750399
 487.000000 2.172724 25.827202
 488.000000 2.175032 25.305370
 489.000000 2.175451 25.211044
 490.000000 2.174064 25.523640
 491.000000 2.171167 26.182337
 492.000000 2.167196 27.098761
 493.000000 2.162623 28.173984
 494.000000 2.157857 29.316570
 495.000000 2.153202 30.454742
 496.000000 2.148853 31.537349
 497.000000 2.144954 32.524118
 498.000000 2.141650 33.372320
 499.000000 2.139122 34.028584
 500.000000 2.137585 34.430763
 501.000000 2.137252 34.518349
 502.000000 2.138284 34.247559
 503.000000 2.140745 33.606640
 504.000000 2.144550 32.627282
 505.000000 2.149451 31.387284
 506.000000 2.155044 30.001700
 507.000000 2.160816 28.604488
 508.000000 2.166217 27.327292
 509.000000 2.170731 26.282124
 510.000000 2.173944 25.550719
 511.000000 2.175589 25.180236
 512.000000 2.175574 25.183437
 513.000000 2.173977 25.543137
 514.000000 2.170998 26.220850
 515.000000 2.166899 27.168013
 516.000000 2.161941 28.335929
 517.000000 2.156356 29.681192
 518.000000 2.150338 31.165477
 519.000000 2.144068 32.750670
 520.000000 2.137734 34.391821
 521.000000 2.131561 36.029720
 522.000000 2.125824 37.586158
 523.000000 2.120842 38.964721
 524.000000 2.116948 40.059182
 525.000000 2.114455 40.768090
 526.000000 2.113601 41.012239
 527.000000 2.114515 40.750781
 528.000000 2.117189 39.990989
 529.000000 2.121477 38.787656
 530.000000 2.127119 37.232054
 531.000000 2.133787 35.434606
 532.000000 2.141125 33.508115
 533.000000 2.148774 31.557340
 534.000000 2.156375 29.676503
 535.000000 2.163559 27.952158
 536.000000 2.169929 26.466388
 537.000000 2.175074 25.295762
 538.000000 2.178620 24.504489
 539.000000 2.180300 24.134120
 540.000000 2.180023 24.194863
 541.000000 2.177906 24.662896
 542.000000 2.174233 25.485333
 543.000000 2.169384 26.591960
 544.000000 2.163738 27.909955
 545.000000 2.157613 29.375742
 546.000000 2.151251 30.938021
 547.000000 2.144854 32.549635
 548.000000 2.138651 34.151691
 549.000000 2.132945 35.659242
 550.000000 2.128123 36.958515
 551.000000 2.124603 37.921838
 552.000000 2.122738 38.437023
 553.000000 2.122725 38.440795
 554.000000 2.124527 37.942700
 555.000000 2.127862 37.029648
 556.000000 2.132236 35.848739
 557.000000 2.137037 34.574876
 558.000000 2.141642 33.374418
 559.000000 2.145535 32.376261
 560.000000 2.148379 31.656502
 561.000000 2.150054 31.236457
 562.000000 2.150641 31.089861
 563.000000 2.150381 31.154884
 564.000000 2.149602 31.349629
 565.000000 2.148642 31.590355
 566.000000 2.147773 31.809313
 567.000000 2.147149 31.966769
 568.000000 2.146804 32.054006
 569.000000 2.146669 32.088223
 570.000000 2.146609 32.103510
 571.000000 2.146457 32.142079
 572.000000 2.146045 32.246540
 573.000000 2.145238 32.451737
 574.000000 2.143969 32.775905
 575.000000 2.142267 33.213178
 576.000000 2.140271 33.729680
 577.000000 2.138215 34.265795
 578.000000 2.136387 34.745929
 579.000000 2.135069 35.094109
 580.000000 2.134479 35.250642
 581.000000 2.134725 35.185347
 582.000000 2.135790 34.903526
 583.000000 2.137539 34.442974
 584.000000 2.139756 33.863371
 585.000000 2.142195 33.231815
 586.000000 2.144621 32.609221
 587.000000 2.146853 32.041643
 588.000000 2.148773 31.557513
 589.000000 2.150323 31.169241
 590.000000 2.151497 30.876784
 591.000000 2.152326 30.671178
 592.000000 2.152866 30.537527
 593.000000 2.153190 30.457673
 594.000000 2.153369 30.413461
 595.000000 2.153460 30.391086
 596.000000 2.153480 30.386010
 597.000000 2.153398 30.406236
 598.000000 2.153136 30.471015
 599.000000 2.152600 30.603492
 600.000000 2.151727 30.819705
 601.000000 2.150528 31.118178
 602.000000 2.149102 31.474844
 603.000000 2.147628 31.845799
 604.000000 2.146315 32.178086
 605.000000 2.145338 32.426316
 606.000000 2.144774 32.570044
 607.000000 2.144561 32.624657
 608.000000 2.144500 32.640057
 609.000000 2.144319 32.686451
 610.000000 2.143751 32.831820
 611.000000 2.142636 33.118098
 612.000000 2.140990 33.543182
 613.000000 2.139025 34.053967
 614.000000 2.137116 34.553970
 615.000000 2.135707 34.925344
 616.000000 2.135202 35.059036
 617.000000 2.135869 34.882598
 618.000000 2.137791 34.376759
 619.000000 2.140859 33.577098
 620.000000 2.144804 32.562550
 621.000000 2.149256 31.436186
 622.000000 2.153812 30.304308
 623.000000 2.158090 29.260104
 624.000000 2.161774 28.375723
 625.000000 2.164618 27.702401
 626.000000 2.166443 27.274453
 627.000000 2.167135 27.113021
 628.000000 2.166644 27.227561
 629.000000 2.164989 27.615070
 630.000000 2.162269 28.257995
 631.000000 2.158664 29.121543
 632.000000 2.154431 30.152052
 633.000000 2.149884 31.278998
 634.000000 2.145356 32.421880
 635.000000 2.141156 33.500094
 636.000000 2.137545 34.441244
 637.000000 2.134728 35.184508
 638.000000 2.132870 35.679097
 639.000000 2.132118 35.880445
 640.000000 2.132612 35.748217
 641.000000 2.134482 35.249940
 642.000000 2.137813 34.370977
 643.000000 2.142600 33.127334
 644.000000 2.148704 31.574734
 645.000000 2.155837 29.807732
 646.000000 2.163579 27.947342
 647.000000 2.171434 26.121104
 648.000000 2.178900 24.442501
 649.000000 2.185541 22.996422
 650.000000 2.191029 21.834350
