# step  time_fs  cv_FeH(A)  bias(kJ/mol)  d_min_FeH(A)  d_min_OH(A)  d_min_SH(A)
0 0.0 1.7182 141.3891 1.7182 2.5114 2.4126
10 5.0 1.9507 44.7892 1.9507 2.3462 2.3818
20 10.0 2.3283 3.0653 2.3283 2.0628 2.4082
30 15.0 2.2640 0.0987 2.2640 2.2269 2.2948
40 20.0 1.9162 55.7169 1.9162 2.5974 2.1836
50 25.0 2.0352 23.0598 2.0352 2.5251 2.4096
60 30.0 2.1949 1.5185 2.1949 2.2237 2.5897
70 35.0 2.1530 4.7065 2.1530 2.1219 2.6320
80 40.0 2.1096 9.8579 2.1096 2.1979 2.5926
90 45.0 2.1806 2.4076 2.1806 2.4188 2.5528
100 50.0 2.0342 23.2807 2.0342 2.6592 2.1520
110 55.0 2.1399 6.0560 2.1399 2.4761 1.9805
120 60.0 2.2717 0.2361 2.2717 2.3487 1.8714
130 65.0 2.1537 4.6394 2.1537 2.4097 1.6065
140 70.0 2.0552 18.9732 2.0552 2.4482 1.2821
150 75.0 2.2861 0.6527 2.2861 2.1936 1.4421
160 80.0 2.3292 3.1332 2.3292 2.1848 1.4834
170 85.0 2.0950 12.0094 2.0950 2.5038 1.2734
180 90.0 2.1527 4.7303 2.1527 2.4923 1.4610
190 95.0 2.2687 0.1755 2.2687 2.3901 1.6401
200 100.0 2.1207 8.3529 2.1207 2.4704 1.5087
210 105.0 2.0976 11.6116 2.0976 2.4771 1.2968
220 110.0 2.3610 6.1647 2.3610 2.2005 1.3930
230 115.0 2.3015 1.3277 2.3015 2.2529 1.3084
240 120.0 2.0718 15.8709 2.0718 2.4043 1.3850
250 125.0 2.1771 2.6538 2.1771 2.2539 1.6236
260 130.0 2.2354 0.1068 2.2354 2.2205 1.5467
270 135.0 2.1067 10.2692 2.1067 2.3710 1.2590
280 140.0 2.2200 0.4499 2.2200 2.1618 1.4742
290 145.0 2.2517 0.0014 2.2517 2.1190 1.5448
300 150.0 2.1063 10.3200 2.1063 2.3598 1.3012
310 155.0 2.2272 0.2601 2.2272 2.2839 1.4021
320 160.0 2.3066 1.6025 2.3066 2.2248 1.5084
330 165.0 2.1224 8.1359 2.1224 2.4494 1.3291
340 170.0 2.1651 3.6035 2.1651 2.4124 1.3831
350 175.0 2.3324 3.3941 2.3324 2.2273 1.5028
360 180.0 2.2429 0.0250 2.2429 2.3521 1.3271
370 185.0 2.2157 0.5877 2.2157 2.3606 1.3616
380 190.0 2.2536 0.0066 2.2536 2.2646 1.5096
390 195.0 2.1886 1.8864 2.1886 2.3042 1.3830
400 200.0 2.2267 0.2708 2.2267 2.2764 1.3046
410 205.0 2.3181 2.3210 2.3181 2.1575 1.4355
420 210.0 2.1633 3.7544 2.1633 2.3347 1.3361
430 215.0 2.1194 8.5272 2.1194 2.3919 1.3571
440 220.0 2.2804 0.4613 2.2804 2.2232 1.4530
450 225.0 2.2441 0.0172 2.2441 2.3322 1.2874
460 230.0 2.2272 0.2603 2.2272 2.3189 1.4084
470 235.0 2.1726 2.9930 2.1726 2.3610 1.4954
480 240.0 2.0885 13.0353 2.0885 2.4459 1.3647
490 245.0 2.2009 1.2040 2.2009 2.3279 1.3504
500 250.0 2.3075 1.6539 2.3075 2.2231 1.4066
510 255.0 2.1532 4.6877 2.1532 2.4046 1.3073
520 260.0 2.0880 13.1288 2.0880 2.4589 1.4528
530 265.0 2.1417 5.8642 2.1417 2.3767 1.6212
540 270.0 2.1644 3.6609 2.1644 2.3406 1.6030
550 275.0 2.1151 9.0948 2.1151 2.3976 1.3925
560 280.0 2.2022 1.1420 2.2022 2.3209 1.3187
570 285.0 2.3353 3.6358 2.3353 2.1409 1.5121
580 290.0 2.1261 7.6694 2.1261 2.3934 1.3972
590 295.0 1.9900 33.8045 1.9900 2.5773 1.3297
600 300.0 2.1344 6.6864 2.1344 2.3604 1.4880
610 305.0 2.3207 2.5017 2.3207 2.1174 1.5108
620 310.0 2.2294 0.2114 2.2294 2.2556 1.2359
630 315.0 2.2265 0.2767 2.2265 2.1865 1.4488
640 320.0 2.1633 3.7606 2.1633 2.2511 1.6150
650 325.0 2.0141 27.8293 2.0141 2.4308 1.4715
660 330.0 2.1149 9.1272 2.1149 2.3601 1.3447
670 335.0 2.3284 3.0702 2.3284 2.1461 1.4132
680 340.0 2.2532 0.0050 2.2532 2.2544 1.3181
690 345.0 2.1182 8.6854 2.1182 2.3967 1.3602
700 350.0 2.1982 1.3416 2.1982 2.3264 1.5621
710 355.0 2.2058 0.9763 2.2058 2.3282 1.5249
720 360.0 2.1247 7.8556 2.1247 2.4194 1.2983
730 365.0 2.3022 1.3634 2.3022 2.2099 1.3956
740 370.0 2.3108 1.8495 2.3108 2.1787 1.4215
750 375.0 2.1002 11.2126 2.1002 2.4067 1.2937
760 380.0 2.1322 6.9388 2.1322 2.3565 1.5049
770 385.0 2.1929 1.6315 2.1929 2.2704 1.6033
780 390.0 2.1203 8.4167 2.1203 2.3116 1.4572
790 395.0 2.1737 2.9115 2.1737 2.2407 1.2794
800 400.0 2.3146 2.0881 2.3146 2.0699 1.3917
810 405.0 2.1785 2.5590 2.1785 2.2364 1.3516
820 410.0 2.0530 19.3957 2.0530 2.3854 1.3893
830 415.0 2.1412 5.9158 2.1412 2.2995 1.4927
840 420.0 2.2078 0.8902 2.2078 2.1931 1.4957
850 425.0 2.1816 2.3369 2.1816 2.2150 1.3180
860 430.0 2.2596 0.0459 2.2596 2.1390 1.3560
870 435.0 2.2494 0.0002 2.2494 2.1758 1.4209
880 440.0 2.1322 6.9442 2.1322 2.3533 1.3437
890 445.0 2.1989 1.3074 2.1989 2.3395 1.4120
900 450.0 2.3073 1.6443 2.3073 2.2880 1.4204
910 455.0 2.2553 0.0140 2.2553 2.3885 1.3145
920 460.0 2.1939 1.5728 2.1939 2.4395 1.3630
930 465.0 2.2010 1.2022 2.2010 2.3850 1.5203
940 470.0 2.1854 2.0875 2.1854 2.3741 1.4748
950 475.0 2.1581 4.2203 2.1581 2.3830 1.3177
960 480.0 2.2352 0.1097 2.2352 2.2288 1.3666
970 485.0 2.2177 0.5228 2.2177 2.1579 1.4469
980 490.0 2.1134 9.3245 2.1134 2.2247 1.3957
990 495.0 2.2034 1.0860 2.2034 2.1565 1.3535
1000 500.0 2.3090 1.7429 2.3090 2.0927 1.3519
1010 505.0 2.2362 0.0946 2.2362 2.2271 1.3019
1020 510.0 2.2164 0.5629 2.2164 2.2901 1.4359
1030 515.0 2.1440 5.6162 2.1440 2.4291 1.3836
1040 520.0 2.1503 4.9735 2.1503 2.4084 1.3591
1050 525.0 2.2560 0.0180 2.2560 2.2663 1.4271
1060 530.0 2.2443 0.0165 2.2443 2.2939 1.3111
1070 535.0 2.2285 0.2310 2.2285 2.2881 1.3521
1080 540.0 2.2122 0.7155 2.2122 2.2988 1.4484
1090 545.0 2.1252 7.7829 2.1252 2.4300 1.3400
1100 550.0 2.2188 0.4876 2.2188 2.3878 1.4073
1110 555.0 2.2652 0.1158 2.2652 2.3505 1.4294
1120 560.0 2.1999 1.2568 2.1999 2.4308 1.2922
1130 565.0 2.2766 0.3538 2.2766 2.3286 1.4414
1140 570.0 2.2260 0.2873 2.2260 2.3678 1.4053
1150 575.0 2.1471 5.2944 2.1471 2.4202 1.3080
1160 580.0 2.2451 0.0122 2.2451 2.2695 1.4525
1170 585.0 2.2397 0.0526 2.2397 2.2304 1.4175
1180 590.0 2.1542 4.5873 2.1542 2.2931 1.2829
1190 595.0 2.2226 0.3752 2.2226 2.2190 1.4861
1200 600.0 2.2063 0.9555 2.2063 2.2297 1.5195
1210 605.0 2.1337 6.7644 2.1337 2.3082 1.3462
1220 610.0 2.2151 0.6087 2.2151 2.2612 1.3448
1230 615.0 2.2951 1.0192 2.2951 2.2304 1.4573
1240 620.0 2.1705 3.1613 2.1705 2.3874 1.3371
1250 625.0 2.1624 3.8407 2.1624 2.4628 1.3833
1260 630.0 2.2533 0.0055 2.2533 2.4398 1.5044
1270 635.0 2.2195 0.4653 2.2195 2.5097 1.4203
1280 640.0 2.2024 1.1341 2.2024 2.5275 1.3021
1290 645.0 2.2962 1.0689 2.2962 2.4204 1.4238
1300 650.0 2.2289 0.2223 2.2289 2.4603 1.4139
1310 655.0 2.1451 5.4984 2.1451 2.5280 1.3374
1320 660.0 2.2077 0.8926 2.2077 2.4068 1.4207
1330 665.0 2.2372 0.0825 2.2372 2.2822 1.4683
1340 670.0 2.1715 3.0830 2.1715 2.2662 1.3168
1350 675.0 2.2127 0.6950 2.2127 2.1753 1.3560
1360 680.0 2.2519 0.0018 2.2519 2.1228 1.4252
1370 685.0 2.1692 3.2631 2.1692 2.2312 1.3349
1380 690.0 2.1896 1.8267 2.1896 2.2482 1.3530
1390 695.0 2.2525 0.0032 2.2525 2.2249 1.4824
1400 700.0 2.1393 6.1297 2.1393 2.4017 1.3897
1410 705.0 2.1453 5.4859 2.1453 2.4906 1.3568
1420 710.0 2.2413 0.0382 2.2413 2.4351 1.4203
1430 715.0 2.1824 2.2849 2.1824 2.4864 1.3716
1440 720.0 2.1777 2.6110 2.1777 2.5093 1.3464
1450 725.0 2.2549 0.0121 2.2549 2.4492 1.3741
1460 730.0 2.2535 0.0062 2.2535 2.4823 1.3851
1470 735.0 2.1531 4.6977 2.1531 2.5679 1.3732
1480 740.0 2.1006 11.1664 2.1006 2.5688 1.4012
1490 745.0 2.2012 1.1923 2.2012 2.4495 1.4527
1500 750.0 2.2614 0.0648 2.2614 2.4229 1.3236
1510 755.0 2.2765 0.3505 2.2765 2.3627 1.3467
1520 760.0 2.2187 0.4895 2.2187 2.3495 1.4005
1530 765.0 2.1371 6.3751 2.1371 2.4030 1.3574
1540 770.0 2.2199 0.4532 2.2199 2.3054 1.3716
1550 775.0 2.3011 1.3050 2.3011 2.2367 1.3483
1560 780.0 2.2162 0.5725 2.2162 2.3101 1.3116
1570 785.0 2.1600 4.0518 2.1600 2.3096 1.4400
1580 790.0 2.1855 2.0779 2.1855 2.3280 1.4604
1590 795.0 2.1766 2.6959 2.1766 2.4328 1.3509
1600 800.0 2.1459 5.4191 2.1459 2.4371 1.3918
1610 805.0 2.1645 3.6592 2.1645 2.3497 1.4748
1620 810.0 2.1949 1.5162 2.1949 2.3199 1.3927
1630 815.0 2.2586 0.0371 2.2586 2.2821 1.3161
1640 820.0 2.2895 0.7787 2.2895 2.2356 1.3133
1650 825.0 2.2326 0.1506 2.2326 2.2639 1.3507
1660 830.0 2.1592 4.1181 2.1592 2.3270 1.3765
1670 835.0 2.1918 1.6933 2.1918 2.3051 1.4280
1680 840.0 2.1847 2.1307 2.1847 2.3140 1.3440
1690 845.0 2.2014 1.1827 2.2014 2.2556 1.3491
1700 850.0 2.2444 0.0158 2.2444 2.1927 1.4086
1710 855.0 2.2070 0.9231 2.2070 2.2481 1.2989
1720 860.0 2.2596 0.0456 2.2596 2.2331 1.3977
1730 865.0 2.2159 0.5802 2.2159 2.3239 1.3964
1740 870.0 2.1715 3.0791 2.1715 2.3955 1.3363
1750 875.0 2.2359 0.0998 2.2359 2.3461 1.4165
1760 880.0 2.2373 0.0810 2.2373 2.3617 1.4112
1770 885.0 2.1830 2.2429 2.1830 2.4110 1.3706
1780 890.0 2.1986 1.3217 2.1986 2.3246 1.4508
1790 895.0 2.2248 0.3187 2.2248 2.3421 1.4219
1800 900.0 2.2255 0.3009 2.2255 2.4221 1.3091
1810 905.0 2.2844 0.5910 2.2844 2.3219 1.3916
1820 910.0 2.2278 0.2471 2.2278 2.3431 1.4027
1830 915.0 2.1340 6.7304 2.1340 2.4536 1.3607
1840 920.0 2.2079 0.8875 2.2079 2.4260 1.4195
1850 925.0 2.2463 0.0067 2.2463 2.4700 1.3960
1860 930.0 2.1948 1.5262 2.1948 2.5299 1.3248
1870 935.0 2.1983 1.3383 2.1983 2.5112 1.3777
1880 940.0 2.2443 0.0165 2.2443 2.4435 1.4211
1890 945.0 2.2285 0.2317 2.2285 2.4603 1.3427
1900 950.0 2.2647 0.1078 2.2647 2.4353 1.3476
1910 955.0 2.2967 1.0913 2.2967 2.4128 1.4169
1920 960.0 2.2046 1.0311 2.2046 2.5132 1.3699
1930 965.0 2.1488 5.1201 2.1488 2.5414 1.4110
1940 970.0 2.2252 0.3069 2.2252 2.4317 1.4988
1950 975.0 2.2477 0.0025 2.2477 2.3394 1.4055
1960 980.0 2.2496 0.0001 2.2496 2.3164 1.2980
1970 985.0 2.2700 0.1993 2.2700 2.2931 1.4131
1980 990.0 2.2026 1.1245 2.2026 2.3689 1.4313
1990 995.0 2.1259 7.6948 2.1259 2.4329 1.3445
2000 1000.0 2.2191 0.4776 2.2191 2.3331 1.3897
2010 1005.0 2.3105 1.8309 2.3105 2.2397 1.3790
2020 1010.0 2.2874 0.6976 2.2874 2.2831 1.2898
2030 1015.0 2.2574 0.0274 2.2574 2.3319 1.3717
2040 1020.0 2.1930 1.6256 2.1930 2.4075 1.4402
2050 1025.0 2.1377 6.3030 2.1377 2.4781 1.3968
2060 1030.0 2.2196 0.4630 2.2196 2.3999 1.3770
2070 1035.0 2.3089 1.7329 2.3089 2.3302 1.3691
2080 1040.0 2.2551 0.0131 2.2551 2.4216 1.3184
2090 1045.0 2.2074 0.9054 2.2074 2.4484 1.4281
2100 1050.0 2.1639 3.7108 2.1639 2.4738 1.4374
2110 1055.0 2.1644 3.6601 2.1644 2.4710 1.3082
2120 1060.0 2.3159 2.1721 2.3159 2.2604 1.3767
2130 1065.0 2.2884 0.7366 2.2884 2.2423 1.3583
2140 1070.0 2.1287 7.3510 2.1287 2.3361 1.3325
2150 1075.0 2.1739 2.8992 2.1739 2.1861 1.4777
2160 1080.0 2.1973 1.3868 2.1973 2.1370 1.4133
2170 1085.0 2.1711 3.1148 2.1711 2.1896 1.3014
2180 1090.0 2.2659 0.1262 2.2659 2.0626 1.4420
2190 1095.0 2.1737 2.9143 2.1737 2.1912 1.3617
2200 1100.0 2.1366 6.4353 2.1366 2.2564 1.3171
2210 1105.0 2.2774 0.3745 2.2774 2.0922 1.4870
2220 1110.0 2.1929 1.6288 2.1929 2.2088 1.3449
2230 1115.0 2.2304 0.1930 2.2304 2.2193 1.3346
2240 1120.0 2.2870 0.6854 2.2870 2.1751 1.4316
2250 1125.0 2.1386 6.1995 2.1386 2.3930 1.2990
2260 1130.0 2.2135 0.6644 2.2135 2.3657 1.4232
2270 1135.0 2.2491 0.0004 2.2491 2.3372 1.4896
2280 1140.0 2.1349 6.6192 2.1349 2.4194 1.3483
2290 1145.0 2.2089 0.8462 2.2089 2.3072 1.3381
2300 1150.0 2.3259 2.8818 2.3259 2.1710 1.4127
2310 1155.0 2.1595 4.0932 2.1595 2.3480 1.3137
2320 1160.0 2.1389 6.1717 2.1389 2.3811 1.3792
2330 1165.0 2.2729 0.2625 2.2729 2.2875 1.5096
2340 1170.0 2.2159 0.5801 2.2159 2.3654 1.3615
2350 1175.0 2.1928 1.6336 2.1928 2.3881 1.3430
2360 1180.0 2.2854 0.6266 2.2854 2.2879 1.5183
2370 1185.0 2.1989 1.3032 2.1989 2.3419 1.3634
2380 1190.0 2.2744 0.2976 2.2744 2.2500 1.3349
2390 1195.0 2.3412 4.1556 2.3412 2.1892 1.4395
2400 1200.0 2.1502 4.9759 2.1502 2.4069 1.2807
2410 1205.0 2.1612 3.9462 2.1612 2.4052 1.4331
2420 1210.0 2.2129 0.6886 2.2129 2.3398 1.4927
2430 1215.0 2.1868 1.9985 2.1868 2.3421 1.3004
2440 1220.0 2.3046 1.4908 2.3046 2.2147 1.3682
2450 1225.0 2.2185 0.4966 2.2185 2.2949 1.3839
2460 1230.0 2.1373 6.3470 2.1373 2.3760 1.3531
2470 1235.0 2.2774 0.3742 2.2774 2.2452 1.3973
2480 1240.0 2.2691 0.1824 2.2691 2.2730 1.3123
2490 1245.0 2.1655 3.5669 2.1655 2.4005 1.3644
2500 1250.0 2.1471 5.2901 2.1471 2.4510 1.4992
2510 1255.0 2.1504 4.9552 2.1504 2.4367 1.4833
2520 1260.0 2.1476 5.2452 2.1476 2.4123 1.3157
2530 1265.0 2.2967 1.0904 2.2967 2.2358 1.3660
2540 1270.0 2.3024 1.3725 2.3024 2.2330 1.3981
2550 1275.0 2.0947 12.0647 2.0947 2.4604 1.2967
2560 1280.0 2.0960 11.8541 2.0960 2.4478 1.4562
2570 1285.0 2.2268 0.2698 2.2268 2.3126 1.5409
2580 1290.0 2.2239 0.3400 2.2239 2.3280 1.3874
2590 1295.0 2.2283 0.2348 2.2283 2.3345 1.2936
2600 1300.0 2.2626 0.0794 2.2626 2.2587 1.4592
2610 1305.0 2.1046 10.5686 2.1046 2.3989 1.3527
2620 1310.0 2.1534 4.6678 2.1534 2.3332 1.3370
2630 1315.0 2.3343 3.5492 2.3343 2.1311 1.4294
2640 1320.0 2.2084 0.8651 2.2084 2.2683 1.2740
2650 1325.0 2.1577 4.2635 2.1577 2.3099 1.4092
2660 1330.0 2.1965 1.4316 2.1965 2.1789 1.4865
2670 1335.0 2.1873 1.9629 2.1873 2.3299 1.2599
2680 1340.0 2.3504 5.0435 2.3504 2.1451 1.4147
2690 1345.0 2.2334 0.1380 2.2334 2.1917 1.3708
2700 1350.0 2.0466 20.6795 2.0466 2.3150 1.3464
2710 1355.0 2.1568 4.3413 2.1568 2.1193 1.5079
2720 1360.0 2.2756 0.3272 2.2756 2.1609 1.3598
2730 1365.0 2.3715 7.3791 2.3715 2.1956 1.3141
2740 1370.0 2.2948 1.0030 2.2948 2.1495 1.4493
2750 1375.0 2.0000 31.2385 2.0000 2.3847 1.3599
2760 1380.0 2.2023 1.1392 2.2023 2.3275 1.3238
2770 1385.0 2.4231 14.9738 2.4231 2.1417 1.4024
2780 1390.0 2.1701 3.1917 2.1701 2.4545 1.2959
2790 1395.0 2.0180 26.9160 2.0180 2.4222 1.4441
2800 1400.0 2.2212 0.4144 2.2212 2.2558 1.5497
2810 1405.0 2.1819 2.3194 2.1819 2.4155 1.3670
2820 1410.0 2.1827 2.2659 2.1827 2.4273 1.3238
2830 1415.0 2.3222 2.6079 2.3222 2.2817 1.5056
2840 1420.0 2.1589 4.1474 2.1589 2.4432 1.3148
2850 1425.0 2.1781 2.5876 2.1781 2.3905 1.3687
2860 1430.0 2.2874 0.6984 2.2874 2.3525 1.5477
2870 1435.0 2.1505 4.9503 2.1505 2.4886 1.4179
2880 1440.0 2.1155 9.0458 2.1155 2.5363 1.2922
2890 1445.0 2.3254 2.8424 2.3254 2.2865 1.5136
2900 1450.0 2.1904 1.7746 2.1904 2.4404 1.3524
2910 1455.0 2.1074 10.1696 2.1074 2.5211 1.3516
2920 1460.0 2.2659 0.1264 2.2659 2.3297 1.5968
2930 1465.0 2.1877 1.9410 2.1877 2.3955 1.5232
2940 1470.0 2.0439 21.2435 2.0439 2.5432 1.2753
2950 1475.0 2.2385 0.0660 2.2385 2.2626 1.4357
2960 1480.0 2.3424 4.2726 2.3424 2.1130 1.4976
2970 1485.0 2.1641 3.6892 2.1641 2.3133 1.2471
2980 1490.0 2.2101 0.7953 2.2101 2.2196 1.4638
2990 1495.0 2.2503 0.0001 2.2503 2.1805 1.5109
3000 1500.0 2.1597 4.0777 2.1597 2.3040 1.3167
3010 1505.0 2.2660 0.1281 2.2660 2.2371 1.3624
3020 1510.0 2.3340 3.5285 2.3340 2.2164 1.4313
3030 1515.0 2.1832 2.2290 2.1832 2.4287 1.2822
3040 1520.0 2.1759 2.7475 2.1759 2.4839 1.4562
3050 1525.0 2.2237 0.3461 2.2237 2.4513 1.5525
3060 1530.0 2.1834 2.2194 2.1834 2.5067 1.3774
3070 1535.0 2.2499 0.0000 2.2499 2.4651 1.3233
3080 1540.0 2.3416 4.1977 2.3416 2.3803 1.4508
3090 1545.0 2.1725 3.0014 2.1725 2.5757 1.3881
3100 1550.0 2.1077 10.1213 2.1077 2.6122 1.3845
3110 1555.0 2.2779 0.3879 2.2779 2.4494 1.4850
3120 1560.0 2.3095 1.7710 2.3095 2.4912 1.3712
3130 1565.0 2.1846 2.1397 2.1846 2.5519 1.3175
3140 1570.0 2.1622 3.8585 2.1622 2.4053 1.4821
3150 1575.0 2.2359 0.0989 2.2359 2.4472 1.4228
3160 1580.0 2.2379 0.0734 2.2379 2.4661 1.2729
3170 1585.0 2.2346 0.1185 2.2346 2.3947 1.4262
3180 1590.0 2.1962 1.4449 2.1962 2.3761 1.5052
3190 1595.0 2.1327 6.8782 2.1327 2.4102 1.3751
3200 1600.0 2.2207 0.4290 2.2207 2.2862 1.3320
3210 1605.0 2.2905 0.8208 2.2905 2.1387 1.4190
3220 1610.0 2.1670 3.4463 2.1670 2.2194 1.3037
3230 1615.0 2.1875 1.9561 2.1875 2.1547 1.4113
3240 1620.0 2.2540 0.0079 2.2540 2.1071 1.4322
3250 1625.0 2.2142 0.6393 2.2142 2.2136 1.2770
3260 1630.0 2.2417 0.0342 2.2417 2.2269 1.4598
3270 1635.0 2.1369 6.3930 2.1369 2.3776 1.4927
3280 1640.0 2.1012 11.0678 2.1012 2.4558 1.3647
3290 1645.0 2.2426 0.0274 2.2426 2.3101 1.3499
3300 1650.0 2.3463 4.6380 2.3463 2.2120 1.4292
3310 1655.0 2.1897 1.8184 2.1897 2.3831 1.2827
3320 1660.0 2.2063 0.9538 2.2063 2.3465 1.4490
3330 1665.0 2.2331 0.1427 2.2331 2.3336 1.4860
3340 1670.0 2.2228 0.3693 2.2228 2.3920 1.3060
3350 1675.0 2.3262 2.9039 2.3262 2.3107 1.3920
3360 1680.0 2.2418 0.0340 2.2418 2.3721 1.4370
3370 1685.0 2.0792 14.5781 2.0792 2.5144 1.3388
3380 1690.0 2.2098 0.8092 2.2098 2.3491 1.3596
3390 1695.0 2.3665 6.7816 2.3665 2.1648 1.3967
3400 1700.0 2.2287 0.2268 2.2287 2.2930 1.2904
3410 1705.0 2.1108 9.6871 2.1108 2.3212 1.4248
3420 1710.0 2.2065 0.9467 2.2065 2.1984 1.4379
3430 1715.0 2.3124 1.9478 2.3124 2.1295 1.2711
3440 1720.0 2.2752 0.3176 2.2752 2.1332 1.3843
3450 1725.0 2.1127 9.4287 2.1127 2.2787 1.4889
3460 1730.0 2.1456 5.4534 2.1456 2.2730 1.3850
3470 1735.0 2.2959 1.0519 2.2959 2.1828 1.2858
3480 1740.0 2.2914 0.8587 2.2914 2.2144 1.3768
3490 1745.0 2.1142 9.2229 2.1142 2.4205 1.4180
3500 1750.0 2.1670 3.4484 2.1670 2.4224 1.4094
3510 1755.0 2.2923 0.8948 2.2923 2.3733 1.3665
3520 1760.0 2.2800 0.4494 2.2800 2.4404 1.3538
3530 1765.0 2.1509 4.9107 2.1509 2.6134 1.3498
3540 1770.0 2.1938 1.5819 2.1938 2.5896 1.4308
3550 1775.0 2.2450 0.0125 2.2450 2.5550 1.4246
3560 1780.0 2.2096 0.8169 2.2096 2.5689 1.3351
3570 1785.0 2.2896 0.7851 2.2896 2.4650 1.4213
3580 1790.0 2.2569 0.0238 2.2569 2.4594 1.3745
3590 1795.0 2.1968 1.4128 2.1968 2.5120 1.3365
3600 1800.0 2.2540 0.0081 2.2540 2.4045 1.4559
3610 1805.0 2.2198 0.4548 2.2198 2.4449 1.4031
3620 1810.0 2.1957 1.4729 2.1957 2.5105 1.3276
3630 1815.0 2.2957 1.0463 2.2957 2.4107 1.3964
3640 1820.0 2.2980 1.1526 2.2980 2.3631 1.3837
3650 1825.0 2.1918 1.6931 2.1918 2.4147 1.3183
3660 1830.0 2.1932 1.6119 2.1932 2.3991 1.4104
3670 1835.0 2.2449 0.0131 2.2449 2.3455 1.4289
3680 1840.0 2.2544 0.0095 2.2544 2.3280 1.3567
3690 1845.0 2.2445 0.0154 2.2445 2.3287 1.3413
3700 1850.0 2.2166 0.5590 2.2166 2.3447 1.4091
3710 1855.0 2.1797 2.4743 2.1797 2.3671 1.4031
3720 1860.0 2.2491 0.0004 2.2491 2.2835 1.3761
3730 1865.0 2.2796 0.4367 2.2796 2.2589 1.3703
3740 1870.0 2.1952 1.5033 2.1952 2.3622 1.3512
3750 1875.0 2.1931 1.6172 2.1931 2.3467 1.4367
3760 1880.0 2.2073 0.9121 2.2073 2.3666 1.4122
3770 1885.0 2.2296 0.2073 2.2296 2.3808 1.3169
3780 1890.0 2.3043 1.4739 2.3043 2.3169 1.3804
3790 1895.0 2.2252 0.3072 2.2252 2.3570 1.3873
3800 1900.0 2.1311 7.0713 2.1311 2.4038 1.3546
3810 1905.0 2.2675 0.1535 2.2675 2.3175 1.4130
3820 1910.0 2.3219 2.5871 2.3219 2.3277 1.2975
3830 1915.0 2.3013 1.3182 2.3013 2.3010 1.3542
3840 1920.0 2.1662 3.5099 2.1662 2.2475 1.4140
3850 1925.0 2.1087 9.9857 2.1087 2.2952 1.3416
3860 1930.0 2.2949 1.0089 2.2949 2.1799 1.4027
3870 1935.0 2.2878 0.7136 2.2878 2.2748 1.3018
3880 1940.0 2.2237 0.3464 2.2237 2.2519 1.3814
3890 1945.0 2.1626 3.8190 2.1626 2.2343 1.5026
3900 1950.0 2.1210 8.3236 2.1210 2.3792 1.4040
3910 1955.0 2.2528 0.0038 2.2528 2.3927 1.3376
3920 1960.0 2.3467 4.6786 2.3467 2.3552 1.3516
3930 1965.0 2.2466 0.0059 2.2466 2.4089 1.3455
3940 1970.0 2.1309 7.0907 2.1309 2.4166 1.4371
3950 1975.0 2.1445 5.5682 2.1445 2.4104 1.4721
3960 1980.0 2.2379 0.0731 2.2379 2.4774 1.3628
3970 1985.0 2.2913 0.8510 2.2913 2.4828 1.3500
3980 1990.0 2.2134 0.6690 2.2134 2.4502 1.4328
3990 1995.0 2.0960 11.8569 2.0960 2.5266 1.3799
4000 2000.0 2.2560 0.0181 2.2560 2.3407 1.3576
4010 2005.0 2.3162 2.1943 2.3162 2.2584 1.3294
4020 2010.0 2.1530 4.7001 2.1530 2.3531 1.3323
4030 2015.0 2.1070 10.2209 2.1070 2.3396 1.4547
4040 2020.0 2.1906 1.7630 2.1906 2.2486 1.4667
4050 2025.0 2.2469 0.0047 2.2469 2.2277 1.3297
4060 2030.0 2.2678 0.1578 2.2678 2.2271 1.2933
4070 2035.0 2.2295 0.2095 2.2295 2.2654 1.3978
4080 2040.0 2.1629 3.7892 2.1629 2.3912 1.4343
4090 2045.0 2.1766 2.6937 2.1766 2.4669 1.4061
4100 2050.0 2.1788 2.5341 2.1788 2.4440 1.4171
4110 2055.0 2.2076 0.8997 2.2076 2.3427 1.4220
4120 2060.0 2.2293 0.2144 2.2293 2.2557 1.3506
4130 2065.0 2.2490 0.0005 2.2490 2.2040 1.3234
4140 2070.0 2.2312 0.1773 2.2312 2.2145 1.3784
4150 2075.0 2.1984 1.3327 2.1984 2.2802 1.3763
4160 2080.0 2.2298 0.2047 2.2298 2.3215 1.3164
4170 2085.0 2.2974 1.1230 2.2974 2.3411 1.4136
4180 2090.0 2.2015 1.1759 2.2015 2.5050 1.3965
4190 2095.0 2.0989 11.4106 2.0989 2.6534 1.3546
4200 2100.0 2.1754 2.7832 2.1754 2.5482 1.4452
4210 2105.0 2.2692 0.1850 2.2692 2.4002 1.4366
4220 2110.0 2.2621 0.0729 2.2621 2.3794 1.2779
4230 2115.0 2.2612 0.0624 2.2612 2.3224 1.3882
4240 2120.0 2.1675 3.4060 2.1675 2.3621 1.4864
4250 2125.0 2.1186 8.6389 2.1186 2.3606 1.3874
4260 2130.0 2.2271 0.2624 2.2271 2.2098 1.3205
4270 2135.0 2.2714 0.2294 2.2714 2.1469 1.3974
4280 2140.0 2.1759 2.7475 2.1759 2.2689 1.3821
4290 2145.0 2.1180 8.7074 2.1180 2.3641 1.4262
4300 2150.0 2.1874 1.9580 2.1874 2.3117 1.4862
4310 2155.0 2.2046 1.0316 2.2046 2.2632 1.3597
4320 2160.0 2.2365 0.0907 2.2365 2.2600 1.3204
4330 2165.0 2.3026 1.3850 2.3026 2.2703 1.4299
4340 2170.0 2.2211 0.4187 2.2211 2.4078 1.3761
4350 2175.0 2.1754 2.7829 2.1754 2.4900 1.3393
4360 2180.0 2.2404 0.0464 2.2404 2.4255 1.4167
4370 2185.0 2.2929 0.9209 2.2929 2.3467 1.4002
4380 2190.0 2.2164 0.5660 2.2164 2.3983 1.3263
4390 2195.0 2.1977 1.3652 2.1977 2.3930 1.3540
4400 2200.0 2.2406 0.0441 2.2406 2.3263 1.4283
4410 2205.0 2.2099 0.8031 2.2099 2.3229 1.4029
4420 2210.0 2.1845 2.1432 2.1845 2.3119 1.3318
4430 2215.0 2.2255 0.3003 2.2255 2.2625 1.3781
4440 2220.0 2.2453 0.0111 2.2453 2.2586 1.4358
4450 2225.0 2.1776 2.6205 2.1776 2.3254 1.3810
4460 2230.0 2.1291 7.3039 2.1291 2.3374 1.3351
4470 2235.0 2.2252 0.3067 2.2252 2.2320 1.4111
4480 2240.0 2.2380 0.0719 2.2380 2.2453 1.3962
4490 2245.0 2.1598 4.0660 2.1598 2.3505 1.3092
4500 2250.0 2.2230 0.3635 2.2230 2.3178 1.3816
4510 2255.0 2.2275 0.2532 2.2275 2.3515 1.3745
4520 2260.0 2.1803 2.4307 2.1803 2.4448 1.2992
4530 2265.0 2.2651 0.1134 2.2651 2.3014 1.4464
4540 2270.0 2.2090 0.8403 2.2090 2.3092 1.4127
4550 2275.0 2.1448 5.5382 2.1448 2.3975 1.2802
4560 2280.0 2.2956 1.0382 2.2956 2.2136 1.4404
4570 2285.0 2.2144 0.6342 2.2144 2.2663 1.3253
4580 2290.0 2.1564 4.3842 2.1564 2.1939 1.3554
4590 2295.0 2.2176 0.5262 2.2176 2.0187 1.4954
4600 2300.0 2.1719 3.0515 2.1719 2.2074 1.2870
4610 2305.0 2.2608 0.0579 2.2608 2.1124 1.3901
4620 2310.0 2.2184 0.5008 2.2184 2.1184 1.4161
4630 2315.0 2.1154 9.0612 2.1154 2.2505 1.2915
4640 2320.0 2.2069 0.9280 2.2069 2.1347 1.4037
4650 2325.0 2.2607 0.0578 2.2607 2.1252 1.3692
4660 2330.0 2.2241 0.3367 2.2241 2.1965 1.2982
4670 2335.0 2.2287 0.2277 2.2287 2.1143 1.4169
4680 2340.0 2.2259 0.2902 2.2259 2.1999 1.3378
4690 2345.0 2.2595 0.0447 2.2595 2.2110 1.3294
4700 2350.0 2.2651 0.1142 2.2651 2.1864 1.3943
4710 2355.0 2.1988 1.3114 2.1988 2.3182 1.3303
4720 2360.0 2.1870 1.9859 2.1870 2.3645 1.3505
4730 2365.0 2.2535 0.0063 2.2535 2.3342 1.4125
4740 2370.0 2.2283 0.2354 2.2283 2.3374 1.3649
4750 2375.0 2.1341 6.7124 2.1341 2.3983 1.3372
4760 2380.0 2.1901 1.7939 2.1901 2.2935 1.4177
4770 2385.0 2.2257 0.2949 2.2257 2.2565 1.4006
4780 2390.0 2.1823 2.2921 2.1823 2.3234 1.3286
4790 2395.0 2.1917 1.6978 2.1917 2.3184 1.3421
4800 2400.0 2.2402 0.0481 2.2402 2.2536 1.3961
4810 2405.0 2.1982 1.3412 2.1982 2.2516 1.3450
4820 2410.0 2.1823 2.2898 2.1823 2.2045 1.3701
4830 2415.0 2.2298 0.2043 2.2298 2.1712 1.3793
4840 2420.0 2.2635 0.0907 2.2635 2.2162 1.3350
4850 2425.0 2.2783 0.4003 2.2783 2.2155 1.3399
4860 2430.0 2.2394 0.0564 2.2394 2.2458 1.3339
4870 2435.0 2.2074 0.9078 2.2074 2.2260 1.3804
4880 2440.0 2.2203 0.4397 2.2203 2.2529 1.3756
4890 2445.0 2.2672 0.1471 2.2672 2.3211 1.3130
4900 2450.0 2.3172 2.2584 2.3172 2.2980 1.3509
4910 2455.0 2.2502 0.0000 2.2502 2.3316 1.3293
4920 2460.0 2.2002 1.2417 2.2002 2.2950 1.3985
4930 2465.0 2.1726 2.9982 2.1726 2.2832 1.4465
4940 2470.0 2.1746 2.8444 2.1746 2.3482 1.3807
4950 2475.0 2.2724 0.2517 2.2724 2.3416 1.3655
4960 2480.0 2.3197 2.4274 2.3197 2.3221 1.3502
4970 2485.0 2.2476 0.0029 2.2476 2.3862 1.3201
4980 2490.0 2.1647 3.6392 2.1647 2.3894 1.4017
4990 2495.0 2.1657 3.5539 2.1657 2.3912 1.4232
5000 2500.0 2.2761 0.3396 2.2761 2.3201 1.3181
5010 2505.0 2.3371 3.7908 2.3371 2.2424 1.3474
5020 2510.0 2.2482 0.0016 2.2482 2.3415 1.4063
5030 2515.0 2.1071 10.2132 2.1071 2.4673 1.3519
5040 2520.0 2.1705 3.1569 2.1705 2.4750 1.4032
5050 2525.0 2.2659 0.1272 2.2659 2.3478 1.4272
5060 2530.0 2.2262 0.2825 2.2262 2.3062 1.3187
5070 2535.0 2.2188 0.4858 2.2188 2.2629 1.3606
5080 2540.0 2.2372 0.0822 2.2372 2.2431 1.4393
5090 2545.0 2.1762 2.7229 2.1762 2.3291 1.3580
5100 2550.0 2.1850 2.1137 2.1850 2.3589 1.3300
5110 2555.0 2.2501 0.0000 2.2501 2.3203 1.4663
5120 2560.0 2.1961 1.4512 2.1961 2.3520 1.4004
5130 2565.0 2.1696 3.2304 2.1696 2.3645 1.3169
5140 2570.0 2.2597 0.0470 2.2597 2.3027 1.3969
5150 2575.0 2.2211 0.4179 2.2211 2.3599 1.4101
5160 2580.0 2.1385 6.2143 2.1385 2.4127 1.3640
5170 2585.0 2.1761 2.7317 2.1761 2.3652 1.3829
5180 2590.0 2.2829 0.5417 2.2829 2.3018 1.3993
5190 2595.0 2.2881 0.7244 2.2881 2.3040 1.2971
5200 2600.0 2.2252 0.3086 2.2252 2.3660 1.3578
5210 2605.0 2.1456 5.4454 2.1456 2.3218 1.4788
5220 2610.0 2.1281 7.4264 2.1281 2.3650 1.4333
5230 2615.0 2.2177 0.5217 2.2177 2.3972 1.3410
5240 2620.0 2.2047 1.0267 2.2047 2.3333 1.3769
5250 2625.0 2.1647 3.6415 2.1647 2.2857 1.4475
5260 2630.0 2.1196 8.4977 2.1196 2.2853 1.3850
5270 2635.0 2.2607 0.0573 2.2607 2.1418 1.3504
5280 2640.0 2.2756 0.3271 2.2756 2.1365 1.3058
5290 2645.0 2.1285 7.3809 2.1285 2.2838 1.3453
5300 2650.0 2.1587 4.1718 2.1587 2.2627 1.4280
5310 2655.0 2.2353 0.1088 2.2353 2.2255 1.3993
5320 2660.0 2.2245 0.3240 2.2245 2.2874 1.2937
5330 2665.0 2.1895 1.8283 2.1895 2.3342 1.3484
5340 2670.0 2.1519 4.8124 2.1519 2.3816 1.4395
5350 2675.0 2.1714 3.0905 2.1714 2.4012 1.3755
5360 2680.0 2.2661 0.1303 2.2661 2.3844 1.3005
5370 2685.0 2.2921 0.8861 2.2921 2.3892 1.3655
5380 2690.0 2.1670 3.4419 2.1670 2.5192 1.3764
5390 2695.0 2.1137 9.2916 2.1137 2.5480 1.3866
5400 2700.0 2.2065 0.9466 2.2065 2.4193 1.4119
5410 2705.0 2.2616 0.0669 2.2616 2.3289 1.3628
5420 2710.0 2.2519 0.0018 2.2519 2.3062 1.3364
5430 2715.0 2.2674 0.1515 2.2674 2.2574 1.4003
5440 2720.0 2.2223 0.3825 2.2223 2.3018 1.3651
5450 2725.0 2.2104 0.7837 2.2104 2.3375 1.3785
5460 2730.0 2.2762 0.3435 2.2762 2.2960 1.4108
5470 2735.0 2.2300 0.2007 2.2300 2.3584 1.3054
5480 2740.0 2.2491 0.0004 2.2491 2.3357 1.3976
5490 2745.0 2.2270 0.2650 2.2270 2.3474 1.3900
5500 2750.0 2.1955 1.4827 2.1955 2.3568 1.3302
5510 2755.0 2.2597 0.0474 2.2597 2.2564 1.3739
5520 2760.0 2.2441 0.0175 2.2441 2.2494 1.3579
5530 2765.0 2.1904 1.7767 2.1904 2.2951 1.3289
5540 2770.0 2.2183 0.5023 2.2183 2.2554 1.4231
5550 2775.0 2.1930 1.6270 2.1930 2.2792 1.3669
5560 2780.0 2.2119 0.7255 2.2119 2.2197 1.3708
5570 2785.0 2.2632 0.0877 2.2632 2.1434 1.4180
5580 2790.0 2.1922 1.6717 2.1922 2.2191 1.2863
5590 2795.0 2.2559 0.0177 2.2559 2.1665 1.4029
5600 2800.0 2.2401 0.0488 2.2401 2.2251 1.4137
5610 2805.0 2.1701 3.1881 2.1701 2.3518 1.2913
5620 2810.0 2.2714 0.2290 2.2714 2.2992 1.4126
5630 2815.0 2.2547 0.0111 2.2547 2.3689 1.3927
5640 2820.0 2.1709 3.1299 2.1709 2.5037 1.3104
5650 2825.0 2.2381 0.0709 2.2381 2.4706 1.4448
5660 2830.0 2.2446 0.0147 2.2446 2.4889 1.4237
5670 2835.0 2.2050 1.0134 2.2050 2.5623 1.2999
5680 2840.0 2.2431 0.0239 2.2431 2.5381 1.3938
5690 2845.0 2.2378 0.0740 2.2378 2.5599 1.4107
5700 2850.0 2.1437 5.6545 2.1437 2.6626 1.3356
5710 2855.0 2.1910 1.7387 2.1910 2.5689 1.4064
5720 2860.0 2.2842 0.5841 2.2842 2.4228 1.4610
5730 2865.0 2.2358 0.1002 2.2358 2.4235 1.2931
5740 2870.0 2.2977 1.1371 2.2977 2.3131 1.3811
5750 2875.0 2.2361 0.0972 2.2361 2.3267 1.4268
5760 2880.0 2.1128 9.4154 2.1128 2.4166 1.3134
5770 2885.0 2.2220 0.3909 2.2220 2.3041 1.4177
5780 2890.0 2.2432 0.0231 2.2432 2.2773 1.3876
5790 2895.0 2.1971 1.3996 2.1971 2.3325 1.2970
5800 2900.0 2.2682 0.1653 2.2682 2.2713 1.4571
5810 2905.0 2.2014 1.1806 2.2014 2.3623 1.4222
5820 2910.0 2.1343 6.6880 2.1343 2.4592 1.3630
5830 2915.0 2.1672 3.4304 2.1672 2.4227 1.4106
5840 2920.0 2.2461 0.0078 2.2461 2.3492 1.4077
5850 2925.0 2.2350 0.1122 2.2350 2.3974 1.3191
5860 2930.0 2.2398 0.0518 2.2398 2.4478 1.3745
5870 2935.0 2.2160 0.5790 2.2160 2.3948 1.4172
5880 2940.0 2.1784 2.5630 2.1784 2.4090 1.3885
5890 2945.0 2.2187 0.4885 2.2187 2.3741 1.3815
5900 2950.0 2.3006 1.2796 2.3006 2.2805 1.4036
5910 2955.0 2.2675 0.1524 2.2675 2.2985 1.3545
5920 2960.0 2.2208 0.4256 2.2208 2.3353 1.3280
5930 2965.0 2.2255 0.2999 2.2255 2.2848 1.4090
5940 2970.0 2.2301 0.1989 2.2301 2.2882 1.3981
5950 2975.0 2.2398 0.0517 2.2398 2.3517 1.3322
5960 2980.0 2.2883 0.7346 2.2883 2.3345 1.3737
5970 2985.0 2.2572 0.0263 2.2572 2.3838 1.3944
5980 2990.0 2.1739 2.8944 2.1739 2.4695 1.3884
5990 2995.0 2.1991 1.2961 2.1991 2.4788 1.4187
6000 3000.0 2.2764 0.3487 2.2764 2.4436 1.3649
6010 3005.0 2.2811 0.4851 2.2811 2.4458 1.3212
6020 3010.0 2.2628 0.0823 2.2628 2.4916 1.3819
6030 3015.0 2.2283 0.2363 2.2283 2.5196 1.4223
6040 3020.0 2.1985 1.3250 2.1985 2.5949 1.3559
6050 3025.0 2.2578 0.0304 2.2578 2.5542 1.3867
6060 3030.0 2.2767 0.3559 2.2767 2.5423 1.4025
6070 3035.0 2.2401 0.0486 2.2401 2.5891 1.3613
6080 3040.0 2.2438 0.0190 2.2438 2.5695 1.3813
6090 3045.0 2.2593 0.0433 2.2593 2.5156 1.4358
6100 3050.0 2.2084 0.8657 2.2084 2.4959 1.4102
6110 3055.0 2.1792 2.5054 2.1792 2.4743 1.3796
6120 3060.0 2.2613 0.0643 2.2613 2.3772 1.4098
6130 3065.0 2.2812 0.4880 2.2812 2.3353 1.3714
6140 3070.0 2.2172 0.5390 2.2172 2.3693 1.3315
6150 3075.0 2.2122 0.7140 2.2122 2.3485 1.4390
6160 3080.0 2.2210 0.4205 2.2210 2.3295 1.4221
6170 3085.0 2.2552 0.0134 2.2552 2.3119 1.2922
6180 3090.0 2.2688 0.1772 2.2688 2.2919 1.3583
6190 3095.0 2.2153 0.6025 2.2153 2.3402 1.4490
6200 3100.0 2.1877 1.9381 2.1877 2.3805 1.4019
6210 3105.0 2.2602 0.0520 2.2602 2.3341 1.3431
6220 3110.0 2.2902 0.8067 2.2902 2.3354 1.3454
6230 3115.0 2.2207 0.4291 2.2207 2.4478 1.3565
6240 3120.0 2.2205 0.4344 2.2205 2.4729 1.4351
6250 3125.0 2.2232 0.3585 2.2232 2.4119 1.4504
6260 3130.0 2.2130 0.6858 2.2130 2.4609 1.3380
6270 3135.0 2.2892 0.7697 2.2892 2.3975 1.3681
6280 3140.0 2.2920 0.8813 2.2920 2.3735 1.4098
6290 3145.0 2.1810 2.3785 2.1810 2.4748 1.3450
6300 3150.0 2.1876 1.9482 2.1876 2.4240 1.4218
6310 3155.0 2.2499 0.0000 2.2499 2.3783 1.4499
6320 3160.0 2.2593 0.0432 2.2593 2.4828 1.3064
6330 3165.0 2.2728 0.2610 2.2728 2.4364 1.3659
6340 3170.0 2.2181 0.5099 2.2181 2.4131 1.4299
6350 3175.0 2.1673 3.4237 2.1673 2.4751 1.3881
6360 3180.0 2.2067 0.9355 2.2067 2.4564 1.3798
6370 3185.0 2.3174 2.2698 2.3174 2.3727 1.4080
6380 3190.0 2.2571 0.0253 2.2571 2.4294 1.3336
6390 3195.0 2.1655 3.5684 2.1655 2.4144 1.3677
6400 3200.0 2.1931 1.6165 2.1931 2.3002 1.4784
6410 3205.0 2.2425 0.0280 2.2425 2.3393 1.3826
6420 3210.0 2.2644 0.1042 2.2644 2.3826 1.3045
6430 3215.0 2.2846 0.5991 2.2846 2.2545 1.4404
6440 3220.0 2.1594 4.1006 2.1594 2.3524 1.3913
6450 3225.0 2.1747 2.8338 2.1747 2.3999 1.3525
6460 3230.0 2.2824 0.5260 2.2824 2.3112 1.4568
6470 3235.0 2.2397 0.0530 2.2397 2.4080 1.3987
6480 3240.0 2.1908 1.7505 2.1908 2.5353 1.3051
6490 3245.0 2.2820 0.5136 2.2820 2.4095 1.4590
6500 3250.0 2.2377 0.0752 2.2377 2.4179 1.4137
6510 3255.0 2.1737 2.9125 2.1737 2.4384 1.3027
6520 3260.0 2.2341 0.1258 2.2341 2.3331 1.4629
6530 3265.0 2.2140 0.6486 2.2140 2.3380 1.3933
6540 3270.0 2.2238 0.3439 2.2238 2.3495 1.3166
6550 3275.0 2.2511 0.0006 2.2511 2.3639 1.4094
6560 3280.0 2.2208 0.4265 2.2208 2.4264 1.4084
6570 3285.0 2.1704 3.1701 2.1704 2.5110 1.3561
6580 3290.0 2.2451 0.0121 2.2451 2.4391 1.4246
6590 3295.0 2.2640 0.0982 2.2640 2.3962 1.3869
6600 3300.0 2.2193 0.4717 2.2193 2.4165 1.3273
6610 3305.0 2.2085 0.8601 2.2085 2.4042 1.4283
6620 3310.0 2.2171 0.5407 2.2171 2.3563 1.4174
6630 3315.0 2.2181 0.5080 2.2181 2.3049 1.3494
6640 3320.0 2.2328 0.1474 2.2328 2.2417 1.3884
6650 3325.0 2.2004 1.2315 2.2004 2.2296 1.4182
6660 3330.0 2.1388 6.1838 2.1388 2.2741 1.3667
6670 3335.0 2.2097 0.8113 2.2097 2.2196 1.3446
6680 3340.0 2.2714 0.2295 2.2714 2.1763 1.3276
6690 3345.0 2.2677 0.1560 2.2677 2.1938 1.3356
6700 3350.0 2.2021 1.1476 2.2021 2.2768 1.3392
6710 3355.0 2.1690 3.2817 2.1690 2.3071 1.4108
6720 3360.0 2.2060 0.9659 2.2060 2.2704 1.3865
6730 3365.0 2.2701 0.2018 2.2701 2.1992 1.3248
6740 3370.0 2.2513 0.0009 2.2513 2.1847 1.3406
6750 3375.0 2.1984 1.3314 2.1984 2.2217 1.3895
6760 3380.0 2.1772 2.6470 2.1772 2.2701 1.3926
6770 3385.0 2.1949 1.5180 2.1949 2.3049 1.3584
6780 3390.0 2.2526 0.0034 2.2526 2.3187 1.3571
6790 3395.0 2.2517 0.0014 2.2517 2.3881 1.3680
6800 3400.0 2.1772 2.6476 2.1772 2.4895 1.3903
6810 3405.0 2.1840 2.1770 2.1840 2.4722 1.4186
6820 3410.0 2.2558 0.0167 2.2558 2.3751 1.3849
6830 3415.0 2.2575 0.0280 2.2575 2.3342 1.3806
6840 3420.0 2.1935 1.5988 2.1935 2.3723 1.4011
6850 3425.0 2.1554 4.4755 2.1554 2.4107 1.4109
6860 3430.0 2.2366 0.0900 2.2366 2.3484 1.4058
6870 3435.0 2.2439 0.0184 2.2439 2.3608 1.3890
6880 3440.0 2.1857 2.0646 2.1857 2.4104 1.3818
6890 3445.0 2.1917 1.7018 2.1917 2.3866 1.4332
6900 3450.0 2.1975 1.3798 2.1975 2.3806 1.4310
6910 3455.0 2.2019 1.1586 2.2019 2.3851 1.3669
6920 3460.0 2.2102 0.7928 2.2102 2.3578 1.3457
6930 3465.0 2.2348 0.1158 2.2348 2.3261 1.4681
6940 3470.0 2.1495 5.0470 2.1495 2.3794 1.4224
6950 3475.0 2.1238 7.9605 2.1238 2.3789 1.3369
6960 3480.0 2.2822 0.5180 2.2822 2.2509 1.4319
6970 3485.0 2.2609 0.0590 2.2609 2.2934 1.3611
6980 3490.0 2.2001 1.2428 2.2001 2.4017 1.3440
6990 3495.0 2.2319 0.1643 2.2319 2.4211 1.4612
7000 3500.0 2.1856 2.0707 2.1856 2.4688 1.3943
7010 3505.0 2.1800 2.4528 2.1800 2.4666 1.3547
7020 3510.0 2.2827 0.5337 2.2827 2.3821 1.4192
7030 3515.0 2.2710 0.2209 2.2710 2.3804 1.3656
7040 3520.0 2.2273 0.2582 2.2273 2.4344 1.3349
7050 3525.0 2.2778 0.3851 2.2778 2.4497 1.4401
7060 3530.0 2.2244 0.3268 2.2244 2.5163 1.3932
7070 3535.0 2.2058 0.9760 2.2058 2.5472 1.3890
7080 3540.0 2.2016 1.1735 2.2016 2.4984 1.4368
7090 3545.0 2.1830 2.2456 2.1830 2.4729 1.4451
7100 3550.0 2.2039 1.0648 2.2039 2.4675 1.4093
7110 3555.0 2.2229 0.3670 2.2229 2.4085 1.3554
7120 3560.0 2.1916 1.7066 2.1916 2.4175 1.3492
7130 3565.0 2.1747 2.8357 2.1747 2.3954 1.3694
7140 3570.0 2.2091 0.8357 2.2091 2.2966 1.3869
7150 3575.0 2.2079 0.8846 2.2079 2.2632 1.3786
7160 3580.0 2.2254 0.3033 2.2254 2.2484 1.3258
7170 3585.0 2.2713 0.2274 2.2713 2.2331 1.3399
7180 3590.0 2.2472 0.0039 2.2472 2.3266 1.3928
7190 3595.0 2.1715 3.0845 2.1715 2.4918 1.4241
7200 3600.0 2.1855 2.0781 2.1855 2.5708 1.3818
7210 3605.0 2.2576 0.0290 2.2576 2.5676 1.4071
7220 3610.0 2.2203 0.4418 2.2203 2.5979 1.4211
7230 3615.0 2.1913 1.7226 2.1913 2.5952 1.3686
7240 3620.0 2.2038 1.0654 2.2038 2.5386 1.3915
7250 3625.0 2.2139 0.6510 2.2139 2.4726 1.4404
7260 3630.0 2.2037 1.0722 2.2037 2.4431 1.4075
7270 3635.0 2.1867 2.0007 2.1867 2.4261 1.3505
7280 3640.0 2.2411 0.0399 2.2411 2.3255 1.3722
7290 3645.0 2.2618 0.0691 2.2618 2.2710 1.3564
7300 3650.0 2.2182 0.5060 2.2182 2.2969 1.3010
7310 3655.0 2.2430 0.0242 2.2430 2.2259 1.4168
7320 3660.0 2.1327 6.8755 2.1327 2.2674 1.4244
7330 3665.0 2.1079 10.0974 2.1079 2.2893 1.3420
7340 3670.0 2.3215 2.5532 2.3215 2.1194 1.3485
7350 3675.0 2.3098 1.7906 2.3098 2.1696 1.2780
7360 3680.0 2.2124 0.7077 2.2124 2.1848 1.3956
7370 3685.0 2.1243 7.9063 2.1243 2.2826 1.3978
7380 3690.0 2.2129 0.6899 2.2129 2.2714 1.3425
7390 3695.0 2.3161 2.1848 2.3161 2.2754 1.3073
7400 3700.0 2.2521 0.0023 2.2521 2.3211 1.3442
7410 3705.0 2.1505 4.9467 2.1505 2.4122 1.3830
7420 3710.0 2.1434 5.6856 2.1434 2.4596 1.3924
7430 3715.0 2.1938 1.5774 2.1938 2.4799 1.3545
7440 3720.0 2.2144 0.6337 2.2144 2.4781 1.3448
7450 3725.0 2.1567 4.3552 2.1567 2.4924 1.3609
7460 3730.0 2.1650 3.6143 2.1650 2.4244 1.4118
7470 3735.0 2.1967 1.4184 2.1967 2.3753 1.3681
7480 3740.0 2.2468 0.0051 2.2468 2.3096 1.3231
7490 3745.0 2.2589 0.0394 2.2589 2.2280 1.3648
7500 3750.0 2.1876 1.9463 2.1876 2.2615 1.3101
7510 3755.0 2.2079 0.8846 2.2079 2.1942 1.3775
7520 3760.0 2.2290 0.2213 2.2290 2.1887 1.3906
7530 3765.0 2.2013 1.1879 2.2013 2.3253 1.3010
7540 3770.0 2.2370 0.0847 2.2370 2.3289 1.4346
7550 3775.0 2.1813 2.3618 2.1813 2.4122 1.4139
7560 3780.0 2.1853 2.0898 2.1853 2.4479 1.3046
7570 3785.0 2.3206 2.4891 2.3206 2.3323 1.3903
7580 3790.0 2.2855 0.6287 2.2855 2.4117 1.3455
7590 3795.0 2.2039 1.0645 2.2039 2.5047 1.3359
7600 3800.0 2.2216 0.4032 2.2216 2.4141 1.4317
7610 3805.0 2.2573 0.0264 2.2573 2.4390 1.3796
7620 3810.0 2.2682 0.1650 2.2682 2.4086 1.3062
7630 3815.0 2.3022 1.3650 2.3022 2.3406 1.4225
7640 3820.0 2.1920 1.6837 2.1920 2.4278 1.3242
7650 3825.0 2.1994 1.2794 2.1994 2.3808 1.3774
7660 3830.0 2.2524 0.0030 2.2524 2.3112 1.4163
7670 3835.0 2.2218 0.3971 2.2218 2.3460 1.2911
7680 3840.0 2.3078 1.6692 2.3078 2.2337 1.3934
7690 3845.0 2.2713 0.2264 2.2713 2.2686 1.3441
7700 3850.0 2.1947 1.5315 2.1947 2.3427 1.3398
7710 3855.0 2.2011 1.1970 2.2011 2.3096 1.4265
7720 3860.0 2.1883 1.9052 2.1883 2.3198 1.3725
7730 3865.0 2.2174 0.5329 2.2174 2.3158 1.3244
7740 3870.0 2.2558 0.0168 2.2558 2.1973 1.4056
7750 3875.0 2.1935 1.5941 2.1935 2.1954 1.3774
7760 3880.0 2.1708 3.1345 2.1708 2.2310 1.3464
7770 3885.0 2.2595 0.0449 2.2595 2.2140 1.4346
7780 3890.0 2.2469 0.0047 2.2469 2.3858 1.3335
7790 3895.0 2.1992 1.2905 2.1992 2.5054 1.3534
7800 3900.0 2.1696 3.2301 2.1696 2.4878 1.4988
7810 3905.0 2.1962 1.4451 2.1962 2.4557 1.4083
7820 3910.0 2.2490 0.0005 2.2490 2.4377 1.2831
7830 3915.0 2.2140 0.6492 2.2140 2.4125 1.4642
7840 3920.0 2.1822 2.2981 2.1822 2.4511 1.4638
7850 3925.0 2.2326 0.1516 2.2326 2.4793 1.2861
7860 3930.0 2.2515 0.0011 2.2515 2.4580 1.4168
7870 3935.0 2.1720 3.0409 2.1720 2.5686 1.4466
7880 3940.0 2.1487 5.1334 2.1487 2.6671 1.3070
7890 3945.0 2.2023 1.1364 2.2023 2.6085 1.3750
7900 3950.0 2.2471 0.0042 2.2471 2.5385 1.4606
7910 3955.0 2.2171 0.5428 2.2171 2.5856 1.3681
7920 3960.0 2.1940 1.5706 2.1940 2.5994 1.3436
7930 3965.0 2.1852 2.0994 2.1852 2.5519 1.4398
7940 3970.0 2.1698 3.2195 2.1698 2.5375 1.4212
7950 3975.0 2.2050 1.0113 2.2050 2.4682 1.3548
7960 3980.0 2.2356 0.1044 2.2356 2.3936 1.3324
7970 3985.0 2.2486 0.0010 2.2486 2.3196 1.3977
7980 3990.0 2.1871 1.9765 2.1871 2.3378 1.4024
7990 3995.0 2.1583 4.2056 2.1583 2.3428 1.3370
8000 4000.0 2.2467 0.0053 2.2467 2.2188 1.3884
8010 4005.0 2.2329 0.1458 2.2329 2.2110 1.3910
8020 4010.0 2.1170 8.8422 2.1170 2.3143 1.3534
8030 4015.0 2.2243 0.3312 2.2243 2.2039 1.3754
8040 4020.0 2.3055 1.5377 2.3055 2.1380 1.3871
8050 4025.0 2.1945 1.5399 2.1945 2.2937 1.3239
8060 4030.0 2.1723 3.0149 2.1723 2.3719 1.3873
8070 4035.0 2.2241 0.3358 2.2241 2.3472 1.4698
8080 4040.0 2.1532 4.6897 2.1532 2.3689 1.4017
8090 4045.0 2.1736 2.9160 2.1736 2.2972 1.3669
8100 4050.0 2.3153 2.1307 2.3153 2.1531 1.3827
8110 4055.0 2.2688 0.1761 2.2688 2.2111 1.2973
8120 4060.0 2.2186 0.4920 2.2186 2.2949 1.3933
8130 4065.0 2.1717 3.0672 2.1717 2.4029 1.4645
8140 4070.0 2.0903 12.7525 2.0903 2.4742 1.3873
8150 4075.0 2.2111 0.7556 2.2111 2.3362 1.3840
8160 4080.0 2.3528 5.2849 2.3528 2.1957 1.3868
8170 4085.0 2.2874 0.6993 2.2874 2.3085 1.2632
8180 4090.0 2.2449 0.0131 2.2449 2.3897 1.4312
8190 4095.0 2.1518 4.8222 2.1518 2.5135 1.4558
8200 4100.0 2.1578 4.2500 2.1578 2.5162 1.3718
8210 4105.0 2.3141 2.0565 2.3141 2.3492 1.3447
8220 4110.0 2.3460 4.6071 2.3460 2.3078 1.3446
8230 4115.0 2.2021 1.1454 2.2021 2.4551 1.3486
8240 4120.0 2.1306 7.1302 2.1306 2.5091 1.4722
8250 4125.0 2.1556 4.4579 2.1556 2.4591 1.4680
8260 4130.0 2.1564 4.3833 2.1564 2.3615 1.3585
8270 4135.0 2.2540 0.0079 2.2540 2.1821 1.3484
8280 4140.0 2.2330 0.1443 2.2330 2.1232 1.3650
8290 4145.0 2.1394 6.1171 2.1394 2.1637 1.3400
8300 4150.0 2.1721 3.0370 2.1721 2.1370 1.3895
8310 4155.0 2.2077 0.8926 2.2077 2.1531 1.3979
8320 4160.0 2.2063 0.9531 2.2063 2.2374 1.3608
8330 4165.0 2.1959 1.4636 2.1959 2.3263 1.3751
8340 4170.0 2.1531 4.6946 2.1531 2.4239 1.4264
8350 4175.0 2.1361 6.4821 2.1361 2.4664 1.4263
8360 4180.0 2.1855 2.0776 2.1855 2.4145 1.3411
8370 4185.0 2.2593 0.0434 2.2593 2.2891 1.3746
8380 4190.0 2.2204 0.4381 2.2204 2.2702 1.3479
8390 4195.0 2.1622 3.8575 2.1622 2.2626 1.3577
8400 4200.0 2.1762 2.7239 2.1762 2.2004 1.4141
8410 4205.0 2.1516 4.8451 2.1516 2.2335 1.3687
8420 4210.0 2.1932 1.6156 2.1932 2.2398 1.3555
8430 4215.0 2.2190 0.4800 2.2190 2.2287 1.3620
8440 4220.0 2.2101 0.7943 2.2101 2.2160 1.3334
8450 4225.0 2.2316 0.1694 2.2316 2.1729 1.3391
8460 4230.0 2.2370 0.0850 2.2370 2.1576 1.3733
8470 4235.0 2.1628 3.8056 2.1628 2.2099 1.3464
8480 4240.0 2.1505 4.9464 2.1505 2.2009 1.4145
8490 4245.0 2.2081 0.8784 2.2081 2.1847 1.4043
8500 4250.0 2.1737 2.9138 2.1737 2.3148 1.3054
8510 4255.0 2.2094 0.8224 2.2094 2.2912 1.4013
8520 4260.0 2.2006 1.2224 2.2006 2.2735 1.3932
8530 4265.0 2.1831 2.2383 2.1831 2.3249 1.3291
8540 4270.0 2.2342 0.1248 2.2342 2.2695 1.3953
8550 4275.0 2.2110 0.7608 2.2110 2.2807 1.3883
8560 4280.0 2.1648 3.6272 2.1648 2.3533 1.3313
8570 4285.0 2.2129 0.6878 2.2129 2.2731 1.4080
8580 4290.0 2.2197 0.4604 2.2197 2.2892 1.3810
8590 4295.0 2.2018 1.1605 2.2018 2.3159 1.3494
8600 4300.0 2.2053 0.9990 2.2053 2.2878 1.3936
8610 4305.0 2.1981 1.3473 2.1981 2.3248 1.3687
8620 4310.0 2.1757 2.7632 2.1757 2.3680 1.3557
8630 4315.0 2.1769 2.6718 2.1769 2.3360 1.4287
8640 4320.0 2.2072 0.9168 2.2072 2.3058 1.3953
8650 4325.0 2.2079 0.8876 2.2079 2.3405 1.3158
8660 4330.0 2.2030 1.1059 2.2030 2.3005 1.3904
8670 4335.0 2.1811 2.3769 2.1811 2.2783 1.4279
8680 4340.0 2.1766 2.6922 2.1766 2.3412 1.3758
8690 4345.0 2.2223 0.3836 2.2223 2.3316 1.4048
8700 4350.0 2.2150 0.6121 2.2150 2.3480 1.4324
8710 4355.0 2.1821 2.3083 2.1821 2.4467 1.3917
8720 4360.0 2.1919 1.6879 2.1919 2.4904 1.3783
8730 4365.0 2.2620 0.0722 2.2620 2.4549 1.4277
8740 4370.0 2.2245 0.3259 2.2245 2.5382 1.3708
8750 4375.0 2.1990 1.3003 2.1990 2.5659 1.3592
8760 4380.0 2.1969 1.4124 2.1969 2.5610 1.4158
8770 4385.0 2.2070 0.9255 2.2070 2.5506 1.3950
8780 4390.0 2.2073 0.9130 2.2073 2.5334 1.3700
8790 4395.0 2.2095 0.8208 2.2095 2.4988 1.3984
8800 4400.0 2.2215 0.4048 2.2215 2.4512 1.4125
8810 4405.0 2.1996 1.2699 2.1996 2.4390 1.3374
8820 4410.0 2.2324 0.1546 2.2324 2.3674 1.3622
8830 4415.0 2.2406 0.0443 2.2406 2.3288 1.3552
8840 4420.0 2.2323 0.1564 2.2323 2.3088 1.3125
8850 4425.0 2.2258 0.2929 2.2258 2.3015 1.3824
8860 4430.0 2.1640 3.7011 2.1640 2.3779 1.4163
8870 4435.0 2.1732 2.9465 2.1732 2.3977 1.4014
8880 4440.0 2.2429 0.0250 2.2429 2.3411 1.3730
8890 4445.0 2.2801 0.4518 2.2801 2.3112 1.3535
8900 4450.0 2.2608 0.0581 2.2608 2.3659 1.3373
8910 4455.0 2.2383 0.0683 2.2383 2.4411 1.3978
8920 4460.0 2.1817 2.3295 2.1817 2.4878 1.4111
8930 4465.0 2.1906 1.7615 2.1906 2.4963 1.4273
8940 4470.0 2.2381 0.0704 2.2381 2.5128 1.4061
8950 4475.0 2.2760 0.3376 2.2760 2.5193 1.3320
8960 4480.0 2.3012 1.3106 2.3012 2.5284 1.3452
8970 4485.0 2.2535 0.0062 2.2535 2.5696 1.3898
8980 4490.0 2.1827 2.2646 2.1827 2.6236 1.3811
8990 4495.0 2.2058 0.9778 2.2058 2.6288 1.4054
9000 4500.0 2.2342 0.1253 2.2342 2.6509 1.4060
9010 4505.0 2.2270 0.2639 2.2270 2.6058 1.3575
9020 4510.0 2.2412 0.0386 2.2412 2.5081 1.3939
9030 4515.0 2.2217 0.4017 2.2217 2.4530 1.3960
9040 4520.0 2.1800 2.4503 2.1800 2.4621 1.3286
9050 4525.0 2.2177 0.5231 2.2177 2.3990 1.3987
9060 4530.0 2.2193 0.4705 2.2193 2.4051 1.4266
9070 4535.0 2.1544 4.5729 2.1544 2.4795 1.3278
9080 4540.0 2.1881 1.9149 2.1881 2.4143 1.4191
9090 4545.0 2.2039 1.0618 2.2039 2.3597 1.4276
9100 4550.0 2.1889 1.8645 2.1889 2.3723 1.3029
9110 4555.0 2.2816 0.4999 2.2816 2.2698 1.3974
9120 4560.0 2.2181 0.5088 2.2181 2.3643 1.3573
9130 4565.0 2.1601 4.0439 2.1601 2.4739 1.3664
9140 4570.0 2.1890 1.8625 2.1890 2.4868 1.4614
9150 4575.0 2.1658 3.5482 2.1658 2.5209 1.4085
9160 4580.0 2.2098 0.8096 2.2098 2.4752 1.3601
9170 4585.0 2.2924 0.8981 2.2924 2.3684 1.3837
9180 4590.0 2.2625 0.0782 2.2625 2.3982 1.3529
9190 4595.0 2.1954 1.4904 2.1954 2.4716 1.3560
9200 4600.0 2.1901 1.7945 2.1901 2.4810 1.4592
9210 4605.0 2.1837 2.1976 2.1837 2.4863 1.4178
9220 4610.0 2.2143 0.6381 2.2143 2.4273 1.3837
9230 4615.0 2.3042 1.4709 2.3042 2.3006 1.3987
9240 4620.0 2.2822 0.5177 2.2822 2.3056 1.3326
9250 4625.0 2.1963 1.4392 2.1963 2.3604 1.3386
9260 4630.0 2.2044 1.0385 2.2044 2.3456 1.4572
9270 4635.0 2.2011 1.1947 2.2011 2.3463 1.3881
9280 4640.0 2.2187 0.4893 2.2187 2.3278 1.3078
9290 4645.0 2.3194 2.4114 2.3194 2.2556 1.4250
9300 4650.0 2.2377 0.0755 2.2377 2.3722 1.3514
9310 4655.0 2.1983 1.3360 2.1983 2.4670 1.3703
9320 4660.0 2.2453 0.0110 2.2453 2.4795 1.4628
9330 4665.0 2.1939 1.5730 2.1939 2.5550 1.3691
9340 4670.0 2.2124 0.7082 2.2124 2.5505 1.3446
9350 4675.0 2.2980 1.1541 2.2980 2.4859 1.4621
9360 4680.0 2.1974 1.3841 2.1974 2.5830 1.3613
9370 4685.0 2.1833 2.2256 2.1833 2.5885 1.3551
9380 4690.0 2.2795 0.4345 2.2795 2.4852 1.4580
9390 4695.0 2.2431 0.0236 2.2431 2.5384 1.3725
9400 4700.0 2.1928 1.6358 2.1928 2.5963 1.3549
9410 4705.0 2.2148 0.6197 2.2148 2.4876 1.4858
9420 4710.0 2.1999 1.2559 2.1999 2.5201 1.4397
9430 4715.0 2.2242 0.3324 2.2242 2.4869 1.3540
9440 4720.0 2.3071 1.6280 2.3071 2.3745 1.4181
9450 4725.0 2.2403 0.0466 2.2403 2.4408 1.3939
9460 4730.0 2.1373 6.3515 2.1373 2.5439 1.3744
9470 4735.0 2.1618 3.8897 2.1618 2.4493 1.4500
9480 4740.0 2.2335 0.1364 2.2335 2.4370 1.3941
9490 4745.0 2.3024 1.3713 2.3024 2.3736 1.3037
9500 4750.0 2.2857 0.6363 2.2857 2.3768 1.3834
9510 4755.0 2.1536 4.6452 2.1536 2.3812 1.3994
9520 4760.0 2.1341 6.7210 2.1341 2.4040 1.3529
9530 4765.0 2.2755 0.3243 2.2755 2.2813 1.4001
9540 4770.0 2.2720 0.2410 2.2720 2.2680 1.3813
9550 4775.0 2.1731 2.9561 2.1731 2.3120 1.3242
9560 4780.0 2.2230 0.3649 2.2230 2.2104 1.4240
9570 4785.0 2.2201 0.4468 2.2201 2.2938 1.3317
9580 4790.0 2.2757 0.3306 2.2757 2.2842 1.3591
9590 4795.0 2.2694 0.1882 2.2694 2.2568 1.4013
9600 4800.0 2.1867 2.0042 2.1867 2.3201 1.3691
9610 4805.0 2.1833 2.2248 2.1833 2.3151 1.3842
9620 4810.0 2.1879 1.9261 2.1879 2.2988 1.4218
9630 4815.0 2.1756 2.7710 2.1756 2.3797 1.3399
9640 4820.0 2.2515 0.0011 2.2515 2.3451 1.3431
9650 4825.0 2.2717 0.2355 2.2717 2.2829 1.3828
9660 4830.0 2.1343 6.6902 2.1343 2.3607 1.3723
9670 4835.0 2.1512 4.8808 2.1512 2.3067 1.4162
9680 4840.0 2.3135 2.0156 2.3135 2.2319 1.3974
9690 4845.0 2.2429 0.0255 2.2429 2.3099 1.2893
9700 4850.0 2.1460 5.4075 2.1460 2.3406 1.3939
9710 4855.0 2.2276 0.2512 2.2276 2.2474 1.5006
9720 4860.0 2.2290 0.2215 2.2290 2.2742 1.3295
9730 4865.0 2.2361 0.0971 2.2361 2.2341 1.3471
9740 4870.0 2.2308 0.1842 2.2308 2.1977 1.4844
9750 4875.0 2.1457 5.4350 2.1457 2.2722 1.3201
9760 4880.0 2.2675 0.1534 2.2675 2.1387 1.3436
9770 4885.0 2.2894 0.7748 2.2894 2.0911 1.4230
9780 4890.0 2.1336 6.7724 2.1336 2.2678 1.3297
9790 4895.0 2.1508 4.9163 2.1508 2.2699 1.3835
9800 4900.0 2.2234 0.3543 2.2234 2.1492 1.4433
9810 4905.0 2.1977 1.3666 2.1977 2.1932 1.3115
9820 4910.0 2.2791 0.4248 2.2791 2.1150 1.3428
9830 4915.0 2.2501 0.0000 2.2501 2.1652 1.3154
9840 4920.0 2.1914 1.7197 2.1914 2.2101 1.3382
9850 4925.0 2.1964 1.4373 2.1964 2.2024 1.4097
9860 4930.0 2.1668 3.4598 2.1668 2.2957 1.3285
9870 4935.0 2.2078 0.8906 2.2078 2.2968 1.3543
9880 4940.0 2.2301 0.1985 2.2301 2.2954 1.4457
9890 4945.0 2.1462 5.3855 2.1462 2.4288 1.3628
9900 4950.0 2.1402 6.0281 2.1402 2.4283 1.3879
9910 4955.0 2.2771 0.3670 2.2771 2.2708 1.4470
9920 4960.0 2.2747 0.3044 2.2747 2.3172 1.3439
9930 4965.0 2.1611 3.9476 2.1611 2.4283 1.3385
9940 4970.0 2.1798 2.4615 2.1798 2.3826 1.4776
9950 4975.0 2.2461 0.0078 2.2461 2.3597 1.4674
9960 4980.0 2.2242 0.3322 2.2242 2.4783 1.2851
9970 4985.0 2.2259 0.2905 2.2259 2.4473 1.4016
9980 4990.0 2.2338 0.1310 2.2338 2.4431 1.4686
9990 4995.0 2.1835 2.2116 2.1835 2.5577 1.3227
10000 5000.0 2.1937 1.5840 2.1937 2.5057 1.3745
10010 5005.0 2.2297 0.2054 2.2297 2.4098 1.4651
10020 5010.0 2.1722 3.0285 2.1722 2.4764 1.3268
10030 5015.0 2.2156 0.5910 2.2156 2.3895 1.3469
10040 5020.0 2.2953 1.0265 2.2953 2.2411 1.4675
10050 5025.0 2.1887 1.8779 2.1887 2.3517 1.3407
10060 5030.0 2.1391 6.1504 2.1391 2.3813 1.3437
10070 5035.0 2.2080 0.8799 2.2080 2.2730 1.4663
10080 5040.0 2.2131 0.6812 2.2131 2.2493 1.4114
10090 5045.0 2.1833 2.2213 2.1833 2.2692 1.2901
10100 5050.0 2.2761 0.3397 2.2761 2.1601 1.4374
10110 5055.0 2.2362 0.0956 2.2362 2.2316 1.3567
10120 5060.0 2.2074 0.9086 2.2074 2.2695 1.3136
10130 5065.0 2.2492 0.0003 2.2492 2.1833 1.4493
10140 5070.0 2.1703 3.1771 2.1703 2.2959 1.3383
10150 5075.0 2.2243 0.3302 2.2243 2.2691 1.3473
10160 5080.0 2.2972 1.1156 2.2972 2.2137 1.4105
10170 5085.0 2.1814 2.3522 2.1814 2.3637 1.3304
10180 5090.0 2.1664 3.4925 2.1664 2.3668 1.4073
10190 5095.0 2.2153 0.6037 2.2153 2.2818 1.4314
10200 5100.0 2.2030 1.1022 2.2030 2.2623 1.3198
10210 5105.0 2.2477 0.0026 2.2477 2.1536 1.3665
10220 5110.0 2.2410 0.0406 2.2410 2.1308 1.3701
10230 5115.0 2.2066 0.9435 2.2066 2.1730 1.3285
10240 5120.0 2.2264 0.2779 2.2264 2.1475 1.4040
10250 5125.0 2.1800 2.4499 2.1800 2.2177 1.3576
10260 5130.0 2.2082 0.8757 2.2082 2.2036 1.3433
10270 5135.0 2.2479 0.0023 2.2479 2.1653 1.3858
10280 5140.0 2.2315 0.1719 2.2315 2.2221 1.3187
10290 5145.0 2.2347 0.1178 2.2347 2.2418 1.3601
10300 5150.0 2.2626 0.0795 2.2626 2.2297 1.4063
10310 5155.0 2.1943 1.5504 2.1943 2.3409 1.3252
10320 5160.0 2.2164 0.5637 2.2164 2.3240 1.3638
10330 5165.0 2.2581 0.0330 2.2581 2.2780 1.4482
10340 5170.0 2.1810 2.3838 2.1810 2.3890 1.3153
10350 5175.0 2.2299 0.2012 2.2299 2.3160 1.3689
10360 5180.0 2.2741 0.2899 2.2741 2.2375 1.4199
10370 5185.0 2.1785 2.5568 2.1785 2.3337 1.3176
10380 5190.0 2.1653 3.5908 2.1653 2.3149 1.4062
10390 5195.0 2.2145 0.6297 2.2145 2.2573 1.4570
10400 5200.0 2.1937 1.5861 2.1937 2.3131 1.3202
10410 5205.0 2.2129 0.6869 2.2129 2.2754 1.3585
10420 5210.0 2.2280 0.2422 2.2280 2.2387 1.4371
10430 5215.0 2.1495 5.0482 2.1495 2.3293 1.3664
10440 5220.0 2.1510 4.9035 2.1510 2.3520 1.3222
10450 5225.0 2.2532 0.0052 2.2532 2.2067 1.4716
10460 5230.0 2.1574 4.2856 2.1574 2.2808 1.3758
10470 5235.0 2.1481 5.1938 2.1481 2.2879 1.3120
10480 5240.0 2.2894 0.7770 2.2894 2.1133 1.4701
10490 5245.0 2.1655 3.5719 2.1655 2.2733 1.3402
10500 5250.0 2.1279 7.4490 2.1279 2.3271 1.3582
10510 5255.0 2.2492 0.0003 2.2492 2.2130 1.4926
10520 5260.0 2.1874 1.9563 2.1874 2.3469 1.3500
10530 5265.0 2.1919 1.6850 2.1919 2.3507 1.3247
10540 5270.0 2.2618 0.0700 2.2618 2.2252 1.4451
10550 5275.0 2.1937 1.5874 2.1937 2.3095 1.3387
10560 5280.0 2.2061 0.9631 2.2061 2.2974 1.3370
10570 5285.0 2.2039 1.0625 2.2039 2.2789 1.3836
10580 5290.0 2.1679 3.3682 2.1679 2.2882 1.3743
10590 5295.0 2.1698 3.2185 2.1698 2.2518 1.4072
10600 5300.0 2.1994 1.2801 2.1994 2.2037 1.4059
10610 5305.0 2.2175 0.5283 2.2175 2.2221 1.3131
10620 5310.0 2.2791 0.4233 2.2791 2.1787 1.3584
10630 5315.0 2.2457 0.0092 2.2457 2.2712 1.3487
10640 5320.0 2.1912 1.7285 2.1912 2.3739 1.3534
10650 5325.0 2.2262 0.2836 2.2262 2.3733 1.4236
10660 5330.0 2.2598 0.0480 2.2598 2.3923 1.3977
10670 5335.0 2.2364 0.0930 2.2364 2.4789 1.3367
10680 5340.0 2.1961 1.4553 2.1961 2.5367 1.3862
10690 5345.0 2.1777 2.6151 2.1777 2.5501 1.4489
10700 5350.0 2.2138 0.6567 2.2138 2.5314 1.3806
10710 5355.0 2.2659 0.1267 2.2659 2.4776 1.3471
10720 5360.0 2.2520 0.0021 2.2520 2.4443 1.4114
10730 5365.0 2.1441 5.6068 2.1441 2.5082 1.4235
10740 5370.0 2.1411 5.9284 2.1411 2.4887 1.3593
10750 5375.0 2.2673 0.1489 2.2673 2.3460 1.3585
10760 5380.0 2.2913 0.8519 2.2913 2.3069 1.3753
10770 5385.0 2.1939 1.5758 2.1939 2.3959 1.3952
10780 5390.0 2.1439 5.6280 2.1439 2.4350 1.4299
10790 5395.0 2.1765 2.7033 2.1765 2.4018 1.4179
10800 5400.0 2.2529 0.0043 2.2529 2.3303 1.3733
10810 5405.0 2.2508 0.0003 2.2508 2.3607 1.3407
10820 5410.0 2.1982 1.3438 2.1982 2.4452 1.3999
10830 5415.0 2.1743 2.8672 2.1743 2.4930 1.4355
10840 5420.0 2.2066 0.9418 2.2066 2.4982 1.4021
10850 5425.0 2.2529 0.0042 2.2529 2.4752 1.3789
10860 5430.0 2.2300 0.2002 2.2300 2.5057 1.3567
10870 5435.0 2.2006 1.2188 2.2006 2.5216 1.3924
10880 5440.0 2.2034 1.0873 2.2034 2.4964 1.4069
10890 5445.0 2.2547 0.0111 2.2547 2.4091 1.3760
10900 5450.0 2.2474 0.0035 2.2474 2.3601 1.3534
10910 5455.0 2.2199 0.4531 2.2199 2.3206 1.3494
10920 5460.0 2.2006 1.2199 2.2006 2.2488 1.3967
10930 5465.0 2.1710 3.1205 2.1710 2.1958 1.4076
10940 5470.0 2.1831 2.2404 2.1831 2.1194 1.3661
10950 5475.0 2.1886 1.8831 2.1886 2.0681 1.3407
10960 5480.0 2.1986 1.3223 2.1986 2.0186 1.3583
10970 5485.0 2.2054 0.9955 2.2054 2.0059 1.3452
10980 5490.0 2.1871 1.9809 2.1871 2.0459 1.3275
10990 5495.0 2.2281 0.2404 2.2281 2.0370 1.3550
11000 5500.0 2.1928 1.6380 2.1928 2.1296 1.3362
11010 5505.0 2.1763 2.7180 2.1763 2.1899 1.3812
11020 5510.0 2.2186 0.4920 2.2186 2.2073 1.4210
11030 5515.0 2.2147 0.6229 2.2147 2.3205 1.3304
11040 5520.0 2.2249 0.3160 2.2249 2.3900 1.3452
11050 5525.0 2.2402 0.0479 2.2402 2.4347 1.4269
11060 5530.0 2.1830 2.2437 2.1830 2.5488 1.3733
11070 5535.0 2.2388 0.0623 2.2388 2.5281 1.3900
11080 5540.0 2.2639 0.0961 2.2639 2.4985 1.4326
11090 5545.0 2.1632 3.7630 2.1632 2.5876 1.3656
11100 5550.0 2.1531 4.6954 2.1531 2.5584 1.3770
11110 5555.0 2.2416 0.0350 2.2416 2.4236 1.4344
11120 5560.0 2.2117 0.7319 2.2117 2.4413 1.3484
11130 5565.0 2.2140 0.6495 2.2140 2.4418 1.3406
11140 5570.0 2.2630 0.0843 2.2630 2.3853 1.4288
11150 5575.0 2.2007 1.2176 2.2007 2.4373 1.3801
11160 5580.0 2.1598 4.0654 2.1598 2.4102 1.3593
11170 5585.0 2.2311 0.1783 2.2311 2.2385 1.4651
11180 5590.0 2.2042 1.0491 2.2042 2.3111 1.3554
11190 5595.0 2.1717 3.0691 2.1717 2.3230 1.3165
11200 5600.0 2.2593 0.0434 2.2593 2.1851 1.4715
11210 5605.0 2.1969 1.4121 2.1969 2.2980 1.3579
11220 5610.0 2.1756 2.7648 2.1756 2.3333 1.3107
11230 5615.0 2.2743 0.2943 2.2743 2.2716 1.4993
11240 5620.0 2.2017 1.1681 2.2017 2.3625 1.4112
11250 5625.0 2.1889 1.8643 2.1889 2.3905 1.2922
11260 5630.0 2.2902 0.8096 2.2902 2.3035 1.4109
11270 5635.0 2.2381 0.0712 2.2381 2.3626 1.3780
11280 5640.0 2.1714 3.0869 2.1714 2.4418 1.3229
11290 5645.0 2.2220 0.3909 2.2220 2.3906 1.4184
11300 5650.0 2.2387 0.0638 2.2387 2.3269 1.3983
11310 5655.0 2.2143 0.6364 2.2143 2.2385 1.3043
11320 5660.0 2.2873 0.6956 2.2873 2.1124 1.3782
11330 5665.0 2.2537 0.0067 2.2537 2.1864 1.3205
11340 5670.0 2.2052 1.0013 2.2052 2.3072 1.3629
11350 5675.0 2.1869 1.9882 2.1869 2.3375 1.4691
11360 5680.0 2.1802 2.4339 2.1802 2.3453 1.3390
11370 5685.0 2.3021 1.3581 2.3021 2.2530 1.3227
11380 5690.0 2.2895 0.7805 2.2895 2.2931 1.4010
11390 5695.0 2.1151 9.0935 2.1151 2.3644 1.4002
11400 5700.0 2.1680 3.3593 2.1680 2.3396 1.4136
11410 5705.0 2.2052 1.0020 2.2052 2.2943 1.4327
11420 5710.0 2.1659 3.5375 2.1659 2.3897 1.3849
11430 5715.0 2.2145 0.6295 2.2145 2.3362 1.3800
11440 5720.0 2.2396 0.0537 2.2396 2.3410 1.3271
11450 5725.0 2.2392 0.0578 2.2392 2.3705 1.3493
11460 5730.0 2.2152 0.6050 2.2152 2.4093 1.3773
11470 5735.0 2.2040 1.0575 2.2040 2.4334 1.3741
11480 5740.0 2.2475 0.0030 2.2475 2.4053 1.3788
11490 5745.0 2.2456 0.0097 2.2456 2.4121 1.3206
11500 5750.0 2.2306 0.1891 2.2306 2.3997 1.3680
11510 5755.0 2.1932 1.6116 2.1932 2.3975 1.4414
11520 5760.0 2.1571 4.3139 2.1571 2.4407 1.3686
11530 5765.0 2.2310 0.1797 2.2310 2.3814 1.3721
11540 5770.0 2.2493 0.0002 2.2493 2.2838 1.4439
11550 5775.0 2.1526 4.7439 2.1526 2.3423 1.3952
11560 5780.0 2.1354 6.5715 2.1354 2.3314 1.4088
11570 5785.0 2.2171 0.5404 2.2171 2.2649 1.4294
11580 5790.0 2.2466 0.0059 2.2466 2.3410 1.3286
11590 5795.0 2.2395 0.0548 2.2395 2.3204 1.3661
11600 5800.0 2.1919 1.6869 2.1919 2.2710 1.4414
11610 5805.0 2.1280 7.4374 2.1280 2.3697 1.3643
11620 5810.0 2.2630 0.0849 2.2630 2.3184 1.3803
11630 5815.0 2.3124 1.9447 2.3124 2.3106 1.4078
11640 5820.0 2.1990 1.3013 2.1990 2.3485 1.4298
11650 5825.0 2.0932 12.3001 2.0932 2.4186 1.4566
11660 5830.0 2.1137 9.2946 2.1137 2.4233 1.4596
11670 5835.0 2.2339 0.1301 2.2339 2.4604 1.3952
11680 5840.0 2.3339 3.5215 2.3339 2.5376 1.3271
11690 5845.0 2.3112 1.8724 2.3112 2.5585 1.3411
11700 5850.0 2.1818 2.3238 2.1818 2.5663 1.3887
11710 5855.0 2.1353 6.5834 2.1353 2.5821 1.4318
11720 5860.0 2.1654 3.5800 2.1654 2.6247 1.4082
11730 5865.0 2.2126 0.7009 2.2126 2.6001 1.3721
11740 5870.0 2.2851 0.6158 2.2851 2.4457 1.3784
11750 5875.0 2.2464 0.0064 2.2464 2.4338 1.3655
11760 5880.0 2.1767 2.6873 2.1767 2.4883 1.4177
11770 5885.0 2.1458 5.4295 2.1458 2.5182 1.4541
11780 5890.0 2.1951 1.5077 2.1951 2.4468 1.4268
11790 5895.0 2.2499 0.0000 2.2499 2.3862 1.3523
11800 5900.0 2.2745 0.3000 2.2745 2.3835 1.3276
11810 5905.0 2.2569 0.0241 2.2569 2.4280 1.3762
11820 5910.0 2.1988 1.3093 2.1988 2.5125 1.4234
11830 5915.0 2.1544 4.5660 2.1544 2.5613 1.3771
11840 5920.0 2.2287 0.2270 2.2287 2.5001 1.3661
11850 5925.0 2.2920 0.8832 2.2920 2.4443 1.3690
11860 5930.0 2.2089 0.8462 2.2089 2.5198 1.3384
11870 5935.0 2.2199 0.4535 2.2199 2.5186 1.3877
11880 5940.0 2.2799 0.4470 2.2799 2.4644 1.3731
11890 5945.0 2.2520 0.0019 2.2520 2.5155 1.3355
11900 5950.0 2.2643 0.1020 2.2643 2.5525 1.3906
11910 5955.0 2.1995 1.2733 2.1995 2.6583 1.3341
11920 5960.0 2.2021 1.1452 2.2021 2.6363 1.4107
11930 5965.0 2.1931 1.6168 2.1931 2.5956 1.4702
11940 5970.0 2.1880 1.9233 2.1880 2.6266 1.4151
11950 5975.0 2.2476 0.0030 2.2476 2.6252 1.3570
11960 5980.0 2.3135 2.0139 2.3135 2.5110 1.3731
11970 5985.0 2.2583 0.0348 2.2583 2.5094 1.3652
11980 5990.0 2.1424 5.7934 2.1424 2.5646 1.3892
11990 5995.0 2.1888 1.8752 2.1888 2.4619 1.4228
12000 6000.0 2.2745 0.2990 2.2745 2.4233 1.3692
12010 6005.0 2.3154 2.1377 2.3154 2.4058 1.2995
12020 6010.0 2.2765 0.3518 2.2765 2.3143 1.3579
12030 6015.0 2.1596 4.0847 2.1596 2.3104 1.4039
12040 6020.0 2.1459 5.4144 2.1459 2.2994 1.4320
12050 6025.0 2.2182 0.5042 2.2182 2.2584 1.3721
12060 6030.0 2.3389 3.9543 2.3389 2.2047 1.3294
12070 6035.0 2.2879 0.7185 2.2879 2.2574 1.3345
12080 6040.0 2.1936 1.5892 2.1936 2.3305 1.4038
12090 6045.0 2.2034 1.0875 2.2034 2.3547 1.4398
12100 6050.0 2.2662 0.1319 2.2662 2.4243 1.3321
12110 6055.0 2.3458 4.5883 2.3458 2.4347 1.3256
12120 6060.0 2.2516 0.0012 2.2516 2.4507 1.3568
12130 6065.0 2.1799 2.4541 2.1799 2.4307 1.4429
12140 6070.0 2.1981 1.3459 2.1981 2.4439 1.4326
12150 6075.0 2.2591 0.0416 2.2591 2.5354 1.3248
12160 6080.0 2.2829 0.5422 2.2829 2.4901 1.3566
12170 6085.0 2.2056 0.9876 2.2056 2.4932 1.3873
12180 6090.0 2.1364 6.4568 2.1364 2.4809 1.3616
12190 6095.0 2.2465 0.0060 2.2465 2.3274 1.3688
12200 6100.0 2.3054 1.5338 2.3054 2.2333 1.3118
12210 6105.0 2.2086 0.8555 2.2086 2.2908 1.3234
12220 6110.0 2.1669 3.4540 2.1669 2.3404 1.4336
12230 6115.0 2.1900 1.8020 2.1900 2.3516 1.4463
12240 6120.0 2.2320 0.1625 2.2320 2.3540 1.3567
12250 6125.0 2.2539 0.0076 2.2539 2.3647 1.3478
12260 6130.0 2.2602 0.0519 2.2602 2.3955 1.4270
12270 6135.0 2.1664 3.4929 2.1664 2.5010 1.3730
12280 6140.0 2.1634 3.7475 2.1634 2.5183 1.3484
12290 6145.0 2.2291 0.2185 2.2291 2.4207 1.4649
12300 6150.0 2.1492 5.0827 2.1492 2.4174 1.4160
12310 6155.0 2.1870 1.9870 2.1870 2.3392 1.3438
12320 6160.0 2.2743 0.2954 2.2743 2.2296 1.3727
12330 6165.0 2.2209 0.4229 2.2209 2.2733 1.3841
12340 6170.0 2.0953 11.9590 2.0953 2.3847 1.4323
12350 6175.0 2.0594 18.1733 2.0594 2.3745 1.4729
12360 6180.0 2.2171 0.5422 2.2171 2.1877 1.5104
12370 6185.0 2.2357 0.1018 2.2357 2.1778 1.3600
12380 6190.0 2.2244 0.3274 2.2244 2.2022 1.2934
12390 6195.0 2.2632 0.0870 2.2632 2.1125 1.4502
12400 6200.0 2.1253 7.7767 2.1253 2.2619 1.3769
12410 6205.0 2.1951 1.5071 2.1951 2.2560 1.3063
12420 6210.0 2.3558 5.5985 2.3558 2.1258 1.4001
12430 6215.0 2.2044 1.0418 2.2044 2.2949 1.3560
12440 6220.0 2.1018 10.9793 2.1018 2.4259 1.3341
12450 6225.0 2.2942 0.9764 2.2942 2.2618 1.4367
12460 6230.0 2.2893 0.7711 2.2893 2.3190 1.3553
12470 6235.0 2.1674 3.4090 2.1674 2.4413 1.3042
12480 6240.0 2.2137 0.6587 2.2137 2.3295 1.4868
12490 6245.0 2.2574 0.0275 2.2574 2.2531 1.4366
12500 6250.0 2.2197 0.4601 2.2197 2.2849 1.2788
12510 6255.0 2.2583 0.0341 2.2583 2.1449 1.4389
12520 6260.0 2.1731 2.9565 2.1731 2.1638 1.4290
12530 6265.0 2.1523 4.7762 2.1523 2.1842 1.3096
12540 6270.0 2.3306 3.2520 2.3306 2.0162 1.4073
12550 6275.0 2.2659 0.1257 2.2659 2.1115 1.3229
12560 6280.0 2.1260 7.6832 2.1260 2.2372 1.3664
12570 6285.0 2.1624 3.8401 2.1624 2.1812 1.4976
12580 6290.0 2.2458 0.0089 2.2458 2.1531 1.3545
12590 6295.0 2.3000 1.2505 2.3000 2.1392 1.3132
12600 6300.0 2.2479 0.0023 2.2479 2.1657 1.4795
12610 6305.0 2.0882 13.0818 2.0882 2.3829 1.3509
12620 6310.0 2.2016 1.1712 2.2016 2.3020 1.3296
12630 6315.0 2.3592 5.9591 2.3592 2.1257 1.4644
12640 6320.0 2.2141 0.6439 2.2141 2.3545 1.2824
12650 6325.0 2.1214 8.2673 2.1214 2.4245 1.4125
12660 6330.0 2.2375 0.0782 2.2375 2.2922 1.5360
12670 6335.0 2.2469 0.0048 2.2469 2.3621 1.3198
12680 6340.0 2.2744 0.2965 2.2744 2.3249 1.3599
12690 6345.0 2.2230 0.3651 2.2230 2.2984 1.5375
12700 6350.0 2.1074 10.1634 2.1074 2.4377 1.3969
12710 6355.0 2.2494 0.0002 2.2494 2.3696 1.2967
12720 6360.0 2.3747 7.7756 2.3747 2.2386 1.4422
12730 6365.0 2.1415 5.8808 2.1415 2.4617 1.3717
12740 6370.0 2.0620 17.6691 2.0620 2.5621 1.3906
12750 6375.0 2.3158 2.1657 2.3158 2.3974 1.4634
12760 6380.0 2.3305 3.2429 2.3305 2.4234 1.2922
12770 6385.0 2.3153 2.1290 2.3153 2.4454 1.4005
12780 6390.0 2.2425 0.0282 2.2425 2.5165 1.4871
12790 6395.0 2.1635 3.7447 2.1635 2.5459 1.3446
12800 6400.0 2.3298 3.1850 2.3298 2.3448 1.3439
12810 6405.0 2.3540 5.4072 2.3540 2.2951 1.3344
12820 6410.0 2.1912 1.7293 2.1912 2.4712 1.3439
12830 6415.0 2.1936 1.5879 2.1936 2.4377 1.5100
12840 6420.0 2.2042 1.0487 2.2042 2.3913 1.5452
12850 6425.0 2.1673 3.4235 2.1673 2.4517 1.3824
12860 6430.0 2.2699 0.1988 2.2699 2.2748 1.3089
12870 6435.0 2.3501 5.0071 2.3501 2.1536 1.3890
12880 6440.0 2.1687 3.3077 2.1687 2.3080 1.3227
12890 6445.0 2.1219 8.2012 2.1219 2.3433 1.3762
12900 6450.0 2.2487 0.0008 2.2487 2.2256 1.4666
12910 6455.0 2.2297 0.2062 2.2297 2.3076 1.3194
12920 6460.0 2.2294 0.2131 2.2294 2.3500 1.3441
12930 6465.0 2.2618 0.0692 2.2618 2.3818 1.4795
12940 6470.0 2.1679 3.3717 2.1679 2.4613 1.3693
12950 6475.0 2.1930 1.6223 2.1930 2.4986 1.3233
12960 6480.0 2.2791 0.4233 2.2791 2.3586 1.4743
12970 6485.0 2.1663 3.5041 2.1663 2.4548 1.4302
12980 6490.0 2.1809 2.3907 2.1809 2.5542 1.3245
12990 6495.0 2.3259 2.8777 2.3259 2.4871 1.3777
13000 6500.0 2.3061 1.5751 2.3061 2.4620 1.3592
13010 6505.0 2.1632 3.7640 2.1632 2.5461 1.3297
13020 6510.0 2.1899 1.8088 2.1899 2.4598 1.4378
13030 6515.0 2.2571 0.0251 2.2571 2.3237 1.3640
13040 6520.0 2.2874 0.6982 2.2874 2.2350 1.2949
13050 6525.0 2.2590 0.0408 2.2590 2.2327 1.3985
13060 6530.0 2.1247 7.8487 2.1247 2.3725 1.4008
13070 6535.0 2.1620 3.8688 2.1620 2.3456 1.3867
13080 6540.0 2.2440 0.0182 2.2440 2.2677 1.3841
13090 6545.0 2.2528 0.0039 2.2528 2.2793 1.3510
13100 6550.0 2.2063 0.9549 2.2063 2.3746 1.3427
13110 6555.0 2.2149 0.6150 2.2149 2.4430 1.4355
13120 6560.0 2.1998 1.2591 2.1998 2.5005 1.4014
13130 6565.0 2.2592 0.0426 2.2592 2.4549 1.3754
13140 6570.0 2.3137 2.0270 2.3137 2.4181 1.3907
13150 6575.0 2.2810 0.4813 2.2810 2.4739 1.3686
13160 6580.0 2.2355 0.1054 2.2355 2.5656 1.3762
13170 6585.0 2.2495 0.0001 2.2495 2.5897 1.3993
13180 6590.0 2.2696 0.1927 2.2696 2.5598 1.3842
13190 6595.0 2.2641 0.0991 2.2641 2.5368 1.3723
13200 6600.0 2.2468 0.0051 2.2468 2.5117 1.3511
13210 6605.0 2.2474 0.0034 2.2474 2.4413 1.3763
13220 6610.0 2.2448 0.0134 2.2448 2.3910 1.3725
13230 6615.0 2.2332 0.1416 2.2332 2.3885 1.3085
13240 6620.0 2.2782 0.3962 2.2782 2.3175 1.3715
13250 6625.0 2.2409 0.0412 2.2409 2.3521 1.3333
13260 6630.0 2.2129 0.6879 2.2129 2.3912 1.3382
13270 6635.0 2.2596 0.0464 2.2596 2.3710 1.4337
13280 6640.0 2.2183 0.5035 2.2183 2.4480 1.3584
13290 6645.0 2.2011 1.1960 2.2011 2.4728 1.3769
13300 6650.0 2.2455 0.0101 2.2455 2.4426 1.4525
13310 6655.0 2.1936 1.5884 2.1936 2.4968 1.3415
13320 6660.0 2.2562 0.0193 2.2562 2.4810 1.3784
13330 6665.0 2.3216 2.5598 2.3216 2.4562 1.4024
13340 6670.0 2.2245 0.3243 2.2245 2.5585 1.3167
13350 6675.0 2.2400 0.0501 2.2400 2.5815 1.4152
13360 6680.0 2.2341 0.1269 2.2341 2.5593 1.3613
13370 6685.0 2.2433 0.0225 2.2433 2.5058 1.3504
13380 6690.0 2.2460 0.0079 2.2460 2.4281 1.3892
13390 6695.0 2.1867 2.0025 2.1867 2.4250 1.3878
13400 6700.0 2.1672 3.4274 2.1672 2.4099 1.3613
13410 6705.0 2.2121 0.7170 2.2121 2.3697 1.3557
13420 6710.0 2.2444 0.0155 2.2444 2.3409 1.3367
13430 6715.0 2.2039 1.0616 2.2039 2.3914 1.3725
13440 6720.0 2.1893 1.8438 2.1893 2.4447 1.4512
13450 6725.0 2.1846 2.1355 2.1846 2.4422 1.3951
13460 6730.0 2.2421 0.0316 2.2421 2.3678 1.3276
13470 6735.0 2.2621 0.0737 2.2621 2.3647 1.4016
13480 6740.0 2.1642 3.6775 2.1642 2.4882 1.3717
13490 6745.0 2.1818 2.3290 2.1818 2.5059 1.3706
13500 6750.0 2.2670 0.1440 2.2670 2.4599 1.3997
13510 6755.0 2.2509 0.0004 2.2509 2.5079 1.3110
13520 6760.0 2.1869 1.9926 2.1869 2.5819 1.3751
13530 6765.0 2.1579 4.2414 2.1579 2.6026 1.4441
13540 6770.0 2.2110 0.7595 2.2110 2.5721 1.3938
13550 6775.0 2.2430 0.0247 2.2430 2.5759 1.3572
13560 6780.0 2.2176 0.5256 2.2176 2.5892 1.3838
13570 6785.0 2.1837 2.1989 2.1837 2.6059 1.4214
13580 6790.0 2.2303 0.1936 2.2303 2.5443 1.3998
13590 6795.0 2.2893 0.7715 2.2893 2.4687 1.3378
13600 6800.0 2.2735 0.2752 2.2735 2.4533 1.3216
13610 6805.0 2.2602 0.0518 2.2602 2.4688 1.4226
13620 6810.0 2.1807 2.4011 2.1807 2.5203 1.4105
13630 6815.0 2.2009 1.2049 2.2009 2.4775 1.3320
13640 6820.0 2.3373 3.8073 2.3373 2.3335 1.4042
13650 6825.0 2.2405 0.0450 2.2405 2.4557 1.3711
13660 6830.0 2.0820 14.1071 2.0820 2.6071 1.3628
13670 6835.0 2.1300 7.2049 2.1300 2.5132 1.4536
13680 6840.0 2.3294 3.1509 2.3294 2.2849 1.4058
13690 6845.0 2.3762 7.9578 2.3762 2.2189 1.2639
13700 6850.0 2.2584 0.0350 2.2584 2.2313 1.3942
13710 6855.0 2.0750 15.3129 2.0750 2.3757 1.4123
13720 6860.0 2.1561 4.4116 2.1561 2.3064 1.3686
13730 6865.0 2.3493 4.9287 2.3493 2.1662 1.3290
13740 6870.0 2.3264 2.9203 2.3264 2.2222 1.2776
13750 6875.0 2.1856 2.0720 2.1856 2.3315 1.3995
13760 6880.0 2.1393 6.1239 2.1393 2.4114 1.4657
13770 6885.0 2.2148 0.6204 2.2148 2.4078 1.4143
13780 6890.0 2.2136 0.6639 2.2136 2.4116 1.3689
13790 6895.0 2.1868 1.9944 2.1868 2.3500 1.4277
13800 6900.0 2.1809 2.3885 2.1809 2.2967 1.4127
13810 6905.0 2.2153 0.6029 2.2153 2.2279 1.3377
13820 6910.0 2.3098 1.7884 2.3098 2.1173 1.3808
13830 6915.0 2.2228 0.3692 2.2228 2.2020 1.3569
13840 6920.0 2.1731 2.9598 2.1731 2.2767 1.3483
13850 6925.0 2.2516 0.0013 2.2516 2.2713 1.3873
13860 6930.0 2.3082 1.6949 2.3082 2.3177 1.3445
13870 6935.0 2.2277 0.2494 2.2277 2.4647 1.3327
13880 6940.0 2.1570 4.3238 2.1570 2.5364 1.4731
13890 6945.0 2.2193 0.4703 2.2193 2.5054 1.4224
13900 6950.0 2.2578 0.0306 2.2578 2.4820 1.2984
13910 6955.0 2.2370 0.0843 2.2370 2.4469 1.4429
13920 6960.0 2.1347 6.6453 2.1347 2.5296 1.4667
13930 6965.0 2.1586 4.1794 2.1586 2.5302 1.3426
13940 6970.0 2.3729 7.5548 2.3729 2.3600 1.3377
13950 6975.0 2.3223 2.6102 2.3223 2.4547 1.2778
13960 6980.0 2.2510 0.0005 2.2510 2.4412 1.4038
13970 6985.0 2.1912 1.7303 2.1912 2.4459 1.4426
13980 6990.0 2.2191 0.4781 2.2191 2.3314 1.3455
13990 6995.0 2.3460 4.6048 2.3460 2.1764 1.3014
14000 7000.0 2.3672 6.8689 2.3672 2.1479 1.3117
14010 7005.0 2.2255 0.3002 2.2255 2.2868 1.3244
14020 7010.0 2.1978 1.3650 2.1978 2.3398 1.4236
14030 7015.0 2.2281 0.2389 2.2281 2.3398 1.4096
14040 7020.0 2.3018 1.3423 2.3018 2.3160 1.2768
14050 7025.0 2.3943 10.4074 2.3943 2.2528 1.3535
14060 7030.0 2.2185 0.4964 2.2185 2.4132 1.3115
14070 7035.0 2.1515 4.8549 2.1515 2.4808 1.3564
14080 7040.0 2.2964 1.0763 2.2964 2.3561 1.4131
14090 7045.0 2.2957 1.0460 2.2957 2.3268 1.2711
14100 7050.0 2.3420 4.2277 2.3420 2.2585 1.3702
14110 7055.0 2.2016 1.1704 2.2016 2.3540 1.3426
14120 7060.0 2.1609 3.9726 2.1609 2.3922 1.3217
14130 7065.0 2.3029 1.3996 2.3029 2.2863 1.3919
14140 7070.0 2.2940 0.9698 2.2940 2.3327 1.2775
14150 7075.0 2.2758 0.3333 2.2758 2.3549 1.3631
14160 7080.0 2.1995 1.2730 2.1995 2.4027 1.3703
14170 7085.0 2.2383 0.0681 2.2383 2.3664 1.2886
14180 7090.0 2.3615 6.2189 2.3615 2.2319 1.3518
14190 7095.0 2.2573 0.0267 2.2573 2.2933 1.2931
14200 7100.0 2.1845 2.1456 2.1845 2.3412 1.3381
14210 7105.0 2.2685 0.1709 2.2685 2.2481 1.4091
14220 7110.0 2.2804 0.4635 2.2804 2.2229 1.3035
14230 7115.0 2.3131 1.9939 2.3131 2.2091 1.3376
14240 7120.0 2.2672 0.1473 2.2672 2.2655 1.3811
14250 7125.0 2.2101 0.7950 2.2101 2.3315 1.2980
14260 7130.0 2.3078 1.6678 2.3078 2.3039 1.3496
14270 7135.0 2.2901 0.8046 2.2901 2.3506 1.3156
14280 7140.0 2.2441 0.0176 2.2441 2.4081 1.3268
14290 7145.0 2.2403 0.0470 2.2403 2.4356 1.3967
14300 7150.0 2.1998 1.2619 2.1998 2.4772 1.3599
14310 7155.0 2.2619 0.0706 2.2619 2.4410 1.3079
14320 7160.0 2.3284 3.0703 2.3284 2.4162 1.3150
14330 7165.0 2.2509 0.0004 2.2509 2.5007 1.3324
14340 7170.0 2.2267 0.2723 2.2267 2.5045 1.3683
14350 7175.0 2.2747 0.3056 2.2747 2.4313 1.3525
14360 7180.0 2.2739 0.2848 2.2739 2.4277 1.3178
14370 7185.0 2.2515 0.0012 2.2515 2.4380 1.3759
14380 7190.0 2.1965 1.4333 2.1965 2.4949 1.3628
14390 7195.0 2.1738 2.9029 2.1738 2.5286 1.3923
14400 7200.0 2.1770 2.6634 2.1770 2.5403 1.4049
14410 7205.0 2.1852 2.0964 2.1852 2.5320 1.3629
14420 7210.0 2.2164 0.5638 2.2164 2.5099 1.3768
14430 7215.0 2.2310 0.1812 2.2310 2.5049 1.4128
14440 7220.0 2.1850 2.1153 2.1850 2.5573 1.4036
14450 7225.0 2.1909 1.7484 2.1909 2.5501 1.4137
14460 7230.0 2.2683 0.1675 2.2683 2.4687 1.3708
14470 7235.0 2.2863 0.6603 2.2863 2.4527 1.3198
14480 7240.0 2.2501 0.0000 2.2501 2.4974 1.3839
14490 7245.0 2.2285 0.2313 2.2285 2.5358 1.3992
14500 7250.0 2.2476 0.0028 2.2476 2.5178 1.3761
14510 7255.0 2.2777 0.3846 2.2777 2.4815 1.3647
14520 7260.0 2.2491 0.0004 2.2491 2.4964 1.3267
14530 7265.0 2.2396 0.0539 2.2396 2.4799 1.3653
14540 7270.0 2.2535 0.0062 2.2535 2.4447 1.3870
14550 7275.0 2.2505 0.0001 2.2505 2.4561 1.3329
14560 7280.0 2.2804 0.4628 2.2804 2.4369 1.3835
14570 7285.0 2.2613 0.0638 2.2613 2.4688 1.4059
14580 7290.0 2.1955 1.4864 2.1955 2.5362 1.3493
14590 7295.0 2.2170 0.5452 2.2170 2.4929 1.3826
14600 7300.0 2.2610 0.0602 2.2610 2.4045 1.4382
14610 7305.0 2.2059 0.9735 2.2059 2.4279 1.3347
14620 7310.0 2.2059 0.9743 2.2059 2.3970 1.3482
14630 7315.0 2.2433 0.0221 2.2433 2.3133 1.4770
14640 7320.0 2.1755 2.7766 2.1755 2.3727 1.4112
14650 7325.0 2.1927 1.6432 2.1927 2.3647 1.2913
14660 7330.0 2.2723 0.2480 2.2723 2.2472 1.4410
14670 7335.0 2.2327 0.1500 2.2327 2.2812 1.4203
14680 7340.0 2.1761 2.7286 2.1761 2.3642 1.2961
14690 7345.0 2.2303 0.1938 2.2303 2.2829 1.4304
14700 7350.0 2.2259 0.2900 2.2259 2.2820 1.4760
14710 7355.0 2.1752 2.8008 2.1752 2.3630 1.3338
14720 7360.0 2.2395 0.0547 2.2395 2.2966 1.3605
14730 7365.0 2.2968 1.0970 2.2968 2.2267 1.4684
14740 7370.0 2.2001 1.2425 2.2001 2.3357 1.3471
14750 7375.0 2.1763 2.7137 2.1763 2.3824 1.3456
14760 7380.0 2.2812 0.4860 2.2812 2.3213 1.4949
14770 7385.0 2.2307 0.1853 2.2307 2.4131 1.3888
14780 7390.0 2.1565 4.3670 2.1565 2.5219 1.3149
14790 7395.0 2.2613 0.0644 2.2613 2.3410 1.4854
14800 7400.0 2.2689 0.1786 2.2689 2.4208 1.4060
14810 7405.0 2.2202 0.4427 2.2202 2.4677 1.2953
14820 7410.0 2.2677 0.1558 2.2677 2.3846 1.4565
14830 7415.0 2.2054 0.9952 2.2054 2.4725 1.3642
14840 7420.0 2.2109 0.7640 2.2109 2.4858 1.3248
14850 7425.0 2.2747 0.3040 2.2747 2.3869 1.4265
14860 7430.0 2.2038 1.0686 2.2038 2.4198 1.3681
14870 7435.0 2.1777 2.6117 2.1777 2.4168 1.3451
14880 7440.0 2.2398 0.0525 2.2398 2.3846 1.3776
14890 7445.0 2.2395 0.0554 2.2395 2.4328 1.3329
14900 7450.0 2.2546 0.0105 2.2546 2.4396 1.3443
14910 7455.0 2.2598 0.0480 2.2598 2.4436 1.3612
14920 7460.0 2.2425 0.0281 2.2425 2.4522 1.3778
14930 7465.0 2.2799 0.4483 2.2799 2.4592 1.3999
14940 7470.0 2.2675 0.1524 2.2675 2.4823 1.3647
14950 7475.0 2.2299 0.2016 2.2299 2.5284 1.3932
14960 7480.0 2.2026 1.1231 2.2026 2.5516 1.4386
14970 7485.0 2.2074 0.9068 2.2074 2.5408 1.3759
14980 7490.0 2.2987 1.1867 2.2987 2.4158 1.3425
14990 7495.0 2.3412 4.1624 2.3412 2.3424 1.3553
15000 7500.0 2.1865 2.0162 2.1865 2.4665 1.3493
15010 7505.0 2.1115 9.5859 2.1115 2.5095 1.4168
15020 7510.0 2.2411 0.0392 2.2411 2.4084 1.4175
15030 7515.0 2.2739 0.2852 2.2739 2.4224 1.3126
15040 7520.0 2.2326 0.1518 2.2326 2.4841 1.3393
15050 7525.0 2.1880 1.9200 2.1880 2.5241 1.4397
15060 7530.0 2.1658 3.5456 2.1658 2.5588 1.4088
15070 7535.0 2.2285 0.2320 2.2285 2.5567 1.3005
15080 7540.0 2.3042 1.4703 2.3042 2.4934 1.3925
15090 7545.0 2.2335 0.1358 2.2335 2.5403 1.3794
15100 7550.0 2.1557 4.4460 2.1557 2.5809 1.3574
15110 7555.0 2.2430 0.0245 2.2430 2.4376 1.4142
15120 7560.0 2.2924 0.8981 2.2924 2.3027 1.3500
15130 7565.0 2.2430 0.0246 2.2430 2.2742 1.3241
15140 7570.0 2.1976 1.3753 2.1976 2.2145 1.4388
15150 7575.0 2.1284 7.3917 2.1284 2.2143 1.3858
15160 7580.0 2.2200 0.4496 2.2200 2.1046 1.3105
15170 7585.0 2.3046 1.4899 2.3046 1.9858 1.3683
15180 7590.0 2.1490 5.0980 2.1490 2.1312 1.3318
15190 7595.0 2.0847 13.6677 2.0847 2.1884 1.3626
15200 7600.0 2.2520 0.0020 2.2520 2.0263 1.4315
15210 7605.0 2.2123 0.7113 2.2123 2.1175 1.2926
15220 7610.0 2.1517 4.8300 2.1517 2.1660 1.3758
15230 7615.0 2.1905 1.7707 2.1905 2.1376 1.4594
15240 7620.0 2.2324 0.1550 2.2324 2.1745 1.3266
15250 7625.0 2.2407 0.0432 2.2407 2.2209 1.3299
15260 7630.0 2.2121 0.7183 2.2121 2.2899 1.4542
15270 7635.0 2.1658 3.5472 2.1658 2.4135 1.4049
15280 7640.0 2.2234 0.3546 2.2234 2.4249 1.3363
15290 7645.0 2.2994 1.2222 2.2994 2.3670 1.3565
15300 7650.0 2.2388 0.0622 2.2388 2.4472 1.3293
15310 7655.0 2.1717 3.0645 2.1717 2.5471 1.3706
15320 7660.0 2.1792 2.5093 2.1792 2.5393 1.4349
15330 7665.0 2.1876 1.9450 2.1876 2.5174 1.4152
15340 7670.0 2.2459 0.0084 2.2459 2.4453 1.3700
15350 7675.0 2.2867 0.6724 2.2867 2.3711 1.3145
15360 7680.0 2.2603 0.0529 2.2603 2.4152 1.3617
15370 7685.0 2.1630 3.7808 2.1630 2.4197 1.4274
15380 7690.0 2.1269 7.5711 2.1269 2.3799 1.4692
15390 7695.0 2.1478 5.2239 2.1478 2.3582 1.4430
15400 7700.0 2.2322 0.1578 2.2322 2.3533 1.3689
15410 7705.0 2.2846 0.5984 2.2846 2.3419 1.3194
15420 7710.0 2.2217 0.4015 2.2217 2.4010 1.3593
15430 7715.0 2.1238 7.9587 2.1238 2.4881 1.4193
15440 7720.0 2.2024 1.1343 2.2024 2.4103 1.4437
15450 7725.0 2.3074 1.6465 2.3074 2.2970 1.3514
15460 7730.0 2.2514 0.0010 2.2514 2.3696 1.3236
15470 7735.0 2.1573 4.2998 2.1573 2.4728 1.4875
15480 7740.0 2.1932 1.6129 2.1932 2.4205 1.4736
15490 7745.0 2.2742 0.2925 2.2742 2.3276 1.2987
15500 7750.0 2.2671 0.1463 2.2671 2.3171 1.3550
15510 7755.0 2.1794 2.4925 2.1794 2.3726 1.5054
15520 7760.0 2.1534 4.6653 2.1534 2.3616 1.4110
15530 7765.0 2.2590 0.0409 2.2590 2.2356 1.3008
15540 7770.0 2.2927 0.9132 2.2927 2.1687 1.4084
15550 7775.0 2.1519 4.8090 2.1519 2.3112 1.4046
15560 7780.0 2.0940 12.1658 2.0940 2.3621 1.3463
15570 7785.0 2.1919 1.6897 2.1919 2.1827 1.4164
15580 7790.0 2.2170 0.5438 2.2170 2.1060 1.4152
15590 7795.0 2.1520 4.8026 2.1520 2.2399 1.3270
15600 7800.0 2.1654 3.5824 2.1654 2.3156 1.4131
15610 7805.0 2.1195 8.5184 2.1195 2.3840 1.4593
15620 7810.0 2.1729 2.9729 2.1729 2.3741 1.3402
15630 7815.0 2.2961 1.0614 2.2961 2.2877 1.3390
15640 7820.0 2.2635 0.0913 2.2635 2.3258 1.4490
15650 7825.0 2.1378 6.2964 2.1378 2.4887 1.4151
15660 7830.0 2.1407 5.9782 2.1407 2.5044 1.3582
15670 7835.0 2.2932 0.9333 2.2932 2.3373 1.4335
15680 7840.0 2.2821 0.5156 2.2821 2.3375 1.3799
15690 7845.0 2.2070 0.9245 2.2070 2.4065 1.3116
15700 7850.0 2.2220 0.3930 2.2220 2.3555 1.4514
15710 7855.0 2.1994 1.2783 2.1994 2.3333 1.4865
15720 7860.0 2.1816 2.3392 2.1816 2.3228 1.3540
15730 7865.0 2.3114 1.8843 2.3114 2.1740 1.3213
15740 7870.0 2.3725 7.5082 2.3725 2.1041 1.3460
15750 7875.0 2.2235 0.3522 2.2235 2.2768 1.3234
15760 7880.0 2.1529 4.7188 2.1529 2.3749 1.5035
15770 7885.0 2.1636 3.7331 2.1636 2.3746 1.5422
15780 7890.0 2.1984 1.3293 2.1984 2.3462 1.4578
15790 7895.0 2.2316 0.1700 2.2316 2.3318 1.3210
15800 7900.0 2.2902 0.8100 2.2902 2.2909 1.3511
15810 7905.0 2.2539 0.0078 2.2539 2.3670 1.4100
15820 7910.0 2.1864 2.0195 2.1864 2.4675 1.3969
15830 7915.0 2.2370 0.0839 2.2370 2.4145 1.4018
15840 7920.0 2.2827 0.5360 2.2827 2.3490 1.3941
15850 7925.0 2.2310 0.1803 2.2310 2.3825 1.3374
15860 7930.0 2.2181 0.5089 2.2181 2.3520 1.3889
15870 7935.0 2.2257 0.2945 2.2257 2.2957 1.4326
15880 7940.0 2.2082 0.8741 2.2082 2.2727 1.3764
15890 7945.0 2.2135 0.6666 2.2135 2.2210 1.3789
15900 7950.0 2.1887 1.8811 2.1887 2.2119 1.4115
15910 7955.0 2.1738 2.9016 2.1738 2.2039 1.4087
15920 7960.0 2.1890 1.8578 2.1890 2.1883 1.3545
15930 7965.0 2.2104 0.7834 2.2104 2.1709 1.3884
15940 7970.0 2.2012 1.1918 2.2012 2.1964 1.4051
15950 7975.0 2.2500 0.0000 2.2500 2.1857 1.3654
15960 7980.0 2.2539 0.0078 2.2539 2.2188 1.3577
15970 7985.0 2.2011 1.1970 2.2011 2.2905 1.4144
15980 7990.0 2.1994 1.2818 2.1994 2.3349 1.4359
15990 7995.0 2.2380 0.0722 2.2380 2.3571 1.3738
16000 8000.0 2.2623 0.0761 2.2623 2.3557 1.3415
16010 8005.0 2.2521 0.0022 2.2521 2.3400 1.3915
16020 8010.0 2.2145 0.6314 2.2145 2.3528 1.4178
16030 8015.0 2.1745 2.8490 2.1745 2.3678 1.4311
16040 8020.0 2.2296 0.2087 2.2296 2.2879 1.4124
16050 8025.0 2.2720 0.2422 2.2720 2.2489 1.3406
16060 8030.0 2.2366 0.0897 2.2366 2.2669 1.3396
16070 8035.0 2.1938 1.5784 2.1938 2.2766 1.4183
16080 8040.0 2.2091 0.8366 2.2091 2.2430 1.4390
16090 8045.0 2.2349 0.1143 2.2349 2.2146 1.3378
16100 8050.0 2.2501 0.0000 2.2501 2.1634 1.3409
16110 8055.0 2.2381 0.0708 2.2381 2.1401 1.4173
16120 8060.0 2.1751 2.8018 2.1751 2.2002 1.4069
16130 8065.0 2.1625 3.8286 2.1625 2.2234 1.3495
16140 8070.0 2.2639 0.0962 2.2639 2.1246 1.3554
16150 8075.0 2.2829 0.5416 2.2829 2.1042 1.3568
16160 8080.0 2.1613 3.9343 2.1613 2.2203 1.3477
16170 8085.0 2.1294 7.2750 2.1294 2.2506 1.4032
16180 8090.0 2.2538 0.0074 2.2538 2.1605 1.4424
16190 8095.0 2.2417 0.0342 2.2417 2.2319 1.3403
16200 8100.0 2.1989 1.3058 2.1989 2.2988 1.3346
16210 8105.0 2.2119 0.7274 2.2119 2.2884 1.4784
16220 8110.0 2.1903 1.7835 2.1903 2.3261 1.4652
16230 8115.0 2.2125 0.7043 2.2125 2.3273 1.3332
16240 8120.0 2.2784 0.4044 2.2784 2.2760 1.3150
16250 8125.0 2.2567 0.0226 2.2567 2.2732 1.3735
16260 8130.0 2.1736 2.9179 2.1736 2.3440 1.3806
16270 8135.0 2.2000 1.2483 2.2000 2.3198 1.3752
16280 8140.0 2.2767 0.3577 2.2767 2.2731 1.3796
16290 8145.0 2.2497 0.0000 2.2497 2.3347 1.3173
16300 8150.0 2.1973 1.3861 2.1973 2.3701 1.3667
16310 8155.0 2.2401 0.0488 2.2401 2.3127 1.4196
16320 8160.0 2.2341 0.1263 2.2341 2.3325 1.3044
16330 8165.0 2.2890 0.7615 2.2890 2.2684 1.3661
16340 8170.0 2.2393 0.0568 2.2393 2.3334 1.4073
16350 8175.0 2.1416 5.8719 2.1416 2.4409 1.3764
16360 8180.0 2.1917 1.7021 2.1917 2.4001 1.4326
16370 8185.0 2.2552 0.0136 2.2552 2.3756 1.3968
16380 8190.0 2.2339 0.1301 2.2339 2.4241 1.2937
16390 8195.0 2.2778 0.3866 2.2778 2.4004 1.4370
16400 8200.0 2.2042 1.0492 2.2042 2.4237 1.3877
16410 8205.0 2.1756 2.7669 2.1756 2.4535 1.3181
16420 8210.0 2.2968 1.0945 2.2968 2.3153 1.4430
16430 8215.0 2.2569 0.0240 2.2569 2.4234 1.3246
16440 8220.0 2.2141 0.6446 2.2141 2.4285 1.3644
16450 8225.0 2.2516 0.0012 2.2516 2.3832 1.4277
16460 8230.0 2.2400 0.0504 2.2400 2.4820 1.3123
16470 8235.0 2.2387 0.0643 2.2387 2.5045 1.3838
16480 8240.0 2.2515 0.0011 2.2515 2.4588 1.4348
16490 8245.0 2.2221 0.3885 2.2221 2.4843 1.3309
16500 8250.0 2.2391 0.0597 2.2391 2.4492 1.3462
16510 8255.0 2.2414 0.0370 2.2414 2.4061 1.3891
16520 8260.0 2.2297 0.2065 2.2297 2.4144 1.3957
16530 8265.0 2.2231 0.3611 2.2231 2.4815 1.3201
16540 8270.0 2.2641 0.0991 2.2641 2.4486 1.3423
16550 8275.0 2.2349 0.1147 2.2349 2.4757 1.4149
16560 8280.0 2.1993 1.2831 2.1993 2.5004 1.4351
16570 8285.0 2.2167 0.5534 2.2167 2.4568 1.3966
16580 8290.0 2.2460 0.0080 2.2460 2.4118 1.3317
16590 8295.0 2.2633 0.0882 2.2633 2.3971 1.3547
16600 8300.0 2.2135 0.6662 2.2135 2.4733 1.3884
16610 8305.0 2.1439 5.6304 2.1439 2.5454 1.3835
16620 8310.0 2.1909 1.7455 2.1909 2.4563 1.4102
16630 8315.0 2.2781 0.3950 2.2781 2.3293 1.3689
16640 8320.0 2.3025 1.3784 2.3025 2.3071 1.2971
16650 8325.0 2.2498 0.0000 2.2498 2.3980 1.4286
16660 8330.0 2.1342 6.7009 2.1342 2.5111 1.4201
16670 8335.0 2.1688 3.2936 2.1688 2.4471 1.3537
16680 8340.0 2.2819 0.5080 2.2819 2.3123 1.3611
16690 8345.0 2.2987 1.1872 2.2987 2.3175 1.3909
16700 8350.0 2.1600 4.0540 2.1600 2.4951 1.3678
16710 8355.0 2.1041 10.6493 2.1041 2.5714 1.3946
16720 8360.0 2.2613 0.0643 2.2613 2.4434 1.4679
16730 8365.0 2.2974 1.1257 2.2974 2.4283 1.3512
16740 8370.0 2.2112 0.7529 2.2112 2.5348 1.3215
16750 8375.0 2.1898 1.8141 2.1898 2.5504 1.4626
16760 8380.0 2.1554 4.4738 2.1554 2.5701 1.4251
16770 8385.0 2.2166 0.5591 2.2166 2.4797 1.3458
16780 8390.0 2.3183 2.3350 2.3183 2.3349 1.3442
16790 8395.0 2.2647 0.1082 2.2647 2.3515 1.3352
16800 8400.0 2.1320 6.9656 2.1320 2.4252 1.3988
16810 8405.0 2.1089 9.9607 2.1089 2.3364 1.4796
16820 8410.0 2.1745 2.8503 2.1745 2.3559 1.4340
16830 8415.0 2.2310 0.1798 2.2310 2.3920 1.3316
16840 8420.0 2.2781 0.3958 2.2781 2.3331 1.3887
16850 8425.0 2.2026 1.1241 2.2026 2.3924 1.3893
16860 8430.0 2.1489 5.1143 2.1489 2.4423 1.3724
16870 8435.0 2.2597 0.0474 2.2597 2.3253 1.4096
16880 8440.0 2.2533 0.0055 2.2533 2.3270 1.3988
16890 8445.0 2.1302 7.1741 2.1302 2.4542 1.3632
16900 8450.0 2.2029 1.1071 2.2029 2.3797 1.4186
16910 8455.0 2.2708 0.2161 2.2708 2.2992 1.4435
16920 8460.0 2.1700 3.2021 2.1700 2.3982 1.3919
16930 8465.0 2.1544 4.5658 2.1544 2.4093 1.3748
16940 8470.0 2.2741 0.2893 2.2741 2.2839 1.4250
16950 8475.0 2.2473 0.0036 2.2473 2.3102 1.3954
16960 8480.0 2.1531 4.6980 2.1531 2.4112 1.3846
16970 8485.0 2.1769 2.6734 2.1769 2.3761 1.4573
16980 8490.0 2.2018 1.1636 2.2018 2.3377 1.4136
16990 8495.0 2.1922 1.6700 2.1922 2.3540 1.3303
17000 8500.0 2.2359 0.0994 2.2359 2.3138 1.3935
17010 8505.0 2.2061 0.9629 2.2061 2.3569 1.3784
17020 8510.0 2.1614 3.9217 2.1614 2.4154 1.3443
17030 8515.0 2.2113 0.7498 2.2113 2.3803 1.3969
17040 8520.0 2.2291 0.2177 2.2291 2.3854 1.3903
17050 8525.0 2.1572 4.3053 2.1572 2.4878 1.3429
17060 8530.0 2.1800 2.4514 2.1800 2.5183 1.4195
17070 8535.0 2.1981 1.3485 2.1981 2.5196 1.3934
17080 8540.0 2.1726 2.9936 2.1726 2.5545 1.3757
17090 8545.0 2.2080 0.8829 2.2080 2.5570 1.4413
17100 8550.0 2.2103 0.7878 2.2103 2.5780 1.3922
17110 8555.0 2.2037 1.0706 2.2037 2.6344 1.4014
17120 8560.0 2.1998 1.2623 2.1998 2.6895 1.4691
17130 8565.0 2.2042 1.0502 2.2042 2.6729 1.4085
17140 8570.0 2.2367 0.0884 2.2367 2.6356 1.3881
17150 8575.0 2.2537 0.0069 2.2537 2.6147 1.4159
17160 8580.0 2.2199 0.4541 2.2199 2.5206 1.4157
17170 8585.0 2.1621 3.8627 2.1621 2.4700 1.3780
17180 8590.0 2.2341 0.1270 2.2341 2.3727 1.4045
17190 8595.0 2.2422 0.0302 2.2422 2.3225 1.3794
17200 8600.0 2.2199 0.4518 2.2199 2.3098 1.3607
17210 8605.0 2.2182 0.5045 2.2182 2.2968 1.3895
17220 8610.0 2.2210 0.4200 2.2210 2.3149 1.3807
17230 8615.0 2.2087 0.8526 2.2087 2.3901 1.3200
17240 8620.0 2.2600 0.0505 2.2600 2.3926 1.3851
17250 8625.0 2.2541 0.0084 2.2541 2.3809 1.3941
17260 8630.0 2.2036 1.0783 2.2036 2.3849 1.3288
17270 8635.0 2.2210 0.4199 2.2210 2.2901 1.3870
17280 8640.0 2.2141 0.6443 2.2141 2.2466 1.4066
17290 8645.0 2.1551 4.5072 2.1551 2.2786 1.3793
17300 8650.0 2.1663 3.5051 2.1663 2.2591 1.4029
17310 8655.0 2.2450 0.0124 2.2450 2.2528 1.3892
17320 8660.0 2.2692 0.1843 2.2692 2.3262 1.3105
17330 8665.0 2.2714 0.2294 2.2714 2.2700 1.3865
17340 8670.0 2.1830 2.2465 2.1830 2.2898 1.4180
17350 8675.0 2.1349 6.6269 2.1349 2.3588 1.3703
17360 8680.0 2.2505 0.0001 2.2505 2.3146 1.3687
17370 8685.0 2.2890 0.7598 2.2890 2.3013 1.3553
17380 8690.0 2.2035 1.0805 2.2035 2.3553 1.3161
17390 8695.0 2.1531 4.6931 2.1531 2.2906 1.4129
17400 8700.0 2.1370 6.3819 2.1370 2.2769 1.4367
17410 8705.0 2.2155 0.5934 2.2155 2.3146 1.3423
17420 8710.0 2.3096 1.7779 2.3096 2.3227 1.3315
17430 8715.0 2.2240 0.3389 2.2240 2.3740 1.3663
17440 8720.0 2.1147 9.1463 2.1147 2.4411 1.4024
17450 8725.0 2.2163 0.5682 2.2163 2.4064 1.3535
17460 8730.0 2.3060 1.5687 2.3060 2.3594 1.3404
17470 8735.0 2.2056 0.9857 2.2056 2.3668 1.3639
17480 8740.0 2.1617 3.9013 2.1617 2.3160 1.4213
17490 8745.0 2.2192 0.4746 2.2192 2.2650 1.3858
17500 8750.0 2.2327 0.1501 2.2327 2.2562 1.3302
17510 8755.0 2.2452 0.0117 2.2452 2.2065 1.3730
17520 8760.0 2.2131 0.6792 2.2131 2.2261 1.3976
17530 8765.0 2.1667 3.4657 2.1667 2.2846 1.3900
17540 8770.0 2.2120 0.7205 2.2120 2.3273 1.3686
17550 8775.0 2.2871 0.6884 2.2871 2.3353 1.3818
17560 8780.0 2.2425 0.0284 2.2425 2.4081 1.3791
17570 8785.0 2.1492 5.0793 2.1492 2.4139 1.3852
17580 8790.0 2.2046 1.0302 2.2046 2.3578 1.4084
17590 8795.0 2.3110 1.8580 2.3110 2.3606 1.3576
17600 8800.0 2.2578 0.0305 2.2578 2.3951 1.3182
17610 8805.0 2.1496 5.0447 2.1496 2.3375 1.4466
17620 8810.0 2.1643 3.6725 2.1643 2.3604 1.4411
17630 8815.0 2.2766 0.3531 2.2766 2.4431 1.2875
17640 8820.0 2.3699 7.1893 2.3699 2.4003 1.3620
17650 8825.0 2.2091 0.8361 2.2091 2.4174 1.4313
17660 8830.0 2.0560 18.8118 2.0560 2.5487 1.4273
17670 8835.0 2.1774 2.6369 2.1774 2.5072 1.4354
17680 8840.0 2.2494 0.0002 2.2494 2.5192 1.4142
17690 8845.0 2.2466 0.0057 2.2466 2.4482 1.3506
17700 8850.0 2.2090 0.8417 2.2090 2.4008 1.3768
17710 8855.0 2.1816 2.3371 2.1816 2.4115 1.4517
17720 8860.0 2.1595 4.0945 2.1595 2.4176 1.3771
17730 8865.0 2.2102 0.7925 2.2102 2.3871 1.3396
17740 8870.0 2.2665 0.1357 2.2665 2.3903 1.3983
17750 8875.0 2.1973 1.3901 2.1973 2.5569 1.3923
17760 8880.0 2.1424 5.7934 2.1424 2.5607 1.3980
17770 8885.0 2.1350 6.6128 2.1350 2.4538 1.4393
17780 8890.0 2.1600 4.0539 2.1600 2.2950 1.3822
17790 8895.0 2.2985 1.1784 2.2985 2.1362 1.3285
17800 8900.0 2.3069 1.6202 2.3069 2.0743 1.3288
17810 8905.0 2.1555 4.4610 2.1555 2.0746 1.3760
17820 8910.0 2.1334 6.7989 2.1334 2.1218 1.4099
17830 8915.0 2.2737 0.2812 2.2737 2.1937 1.3738
17840 8920.0 2.3036 1.4348 2.3036 2.3101 1.3011
17850 8925.0 2.2142 0.6417 2.2142 2.4092 1.3960
17860 8930.0 2.1673 3.4209 2.1673 2.4657 1.4947
17870 8935.0 2.1753 2.7879 2.1753 2.4971 1.4190
17880 8940.0 2.2320 0.1613 2.2320 2.4998 1.3510
17890 8945.0 2.2929 0.9220 2.2929 2.4930 1.3842
17900 8950.0 2.2723 0.2484 2.2723 2.5466 1.4074
17910 8955.0 2.1774 2.6340 2.1774 2.6016 1.4002
17920 8960.0 2.1756 2.7669 2.1756 2.5960 1.4233
17930 8965.0 2.2326 0.1515 2.2326 2.5263 1.3915
17940 8970.0 2.2443 0.0161 2.2443 2.5021 1.3658
17950 8975.0 2.2244 0.3286 2.2244 2.4467 1.4106
17960 8980.0 2.1555 4.4667 2.1555 2.3950 1.4170
17970 8985.0 2.1603 4.0212 2.1603 2.3637 1.3637
17980 8990.0 2.2435 0.0209 2.2435 2.2944 1.3478
17990 8995.0 2.2739 0.2858 2.2739 2.2145 1.3992
18000 9000.0 2.2284 0.2343 2.2284 2.2088 1.3948
