# step  time_fs  cv_FeH(A)  bias(kJ/mol)  d_min_FeH(A)  d_min_OH(A)  d_min_SH(A)
0 0.0 1.7182 1250.9963 1.7182 2.5114 2.4126
10 5.0 2.6666 200.6069 2.6666 1.7237 2.4435
20 10.0 2.8224 114.0656 2.8224 1.4767 2.5100
30 15.0 3.2384 1.8979 3.2384 1.3478 2.4128
40 20.0 3.1854 6.5681 3.1854 1.4508 2.0002
50 25.0 2.7264 164.5159 2.7264 1.5679 1.8126
60 30.0 3.1405 12.7274 3.1405 1.7160 1.6396
70 35.0 3.2462 1.4448 3.2462 1.6482 1.8392
80 40.0 3.1835 6.7912 3.1835 1.5130 2.1416
90 45.0 3.4016 5.1642 3.4016 1.2249 2.3985
100 50.0 3.2084 4.1950 3.2084 0.9119 2.1884
110 55.0 3.3574 1.6453 3.3574 1.2381 2.2002
120 60.0 3.4059 5.6048 3.4059 0.9287 2.2848
130 65.0 3.2164 3.4925 3.2164 1.1893 1.9676
140 70.0 3.2143 3.6723 3.2143 1.1733 1.9280
150 75.0 3.2856 0.1043 3.2856 0.9267 2.0619
160 80.0 3.2506 1.2204 3.2506 1.1450 1.9375
170 85.0 3.3632 1.9957 3.3632 0.8924 2.1463
180 90.0 3.3248 0.3073 3.3248 1.1268 2.0893
190 95.0 3.3864 3.7307 3.3864 0.9001 2.2173
200 100.0 3.3000 0.0000 3.3000 1.0885 2.1225
210 105.0 3.3523 1.3655 3.3523 0.9557 2.2285
220 110.0 3.2889 0.0618 3.2889 1.0489 2.1837
230 115.0 3.3794 3.1551 3.3794 0.9967 2.3109
240 120.0 3.3381 0.7267 3.3381 1.0250 2.2991
250 125.0 3.2217 3.0686 3.2217 1.0231 2.3017
260 130.0 3.3152 0.1154 3.3152 0.9746 2.4513
270 135.0 3.3106 0.0560 3.3106 1.0536 2.4056
280 140.0 3.1578 10.1116 3.1578 0.9772 2.3291
290 145.0 3.3027 0.0038 3.3027 1.0434 2.4823
300 150.0 3.3619 1.9141 3.3619 0.9221 2.4890
310 155.0 3.3685 2.3463 3.3685 1.0459 2.4854
320 160.0 3.2280 2.5903 3.2280 0.9417 2.6206
330 165.0 3.2788 0.2248 3.2788 1.0614 2.5927
340 170.0 3.3376 0.7062 3.3376 0.9270 2.6031
350 175.0 3.2797 0.2052 3.2797 1.0486 2.5648
360 180.0 3.1951 5.5011 3.1951 0.9328 2.5279
370 185.0 3.2723 0.3826 3.2723 1.0475 2.6333
380 190.0 3.2290 2.5213 3.2290 0.9487 2.5767
390 195.0 3.2642 0.6417 3.2642 1.0311 2.5658
400 200.0 3.1895 6.1044 3.1895 0.9472 2.6101
410 205.0 3.2640 0.6487 3.2640 1.0219 2.4756
420 210.0 3.2287 2.5405 3.2287 0.9548 2.4462
430 215.0 3.2758 0.2929 3.2758 1.0469 2.4351
440 220.0 3.2886 0.0647 3.2886 0.9512 2.4172
450 225.0 3.3001 0.0000 3.3001 1.0357 2.3672
460 230.0 3.2872 0.0826 3.2872 0.9427 2.4400
470 235.0 3.2925 0.0281 3.2925 1.0333 2.4384
480 240.0 3.3422 0.8892 3.3422 0.9571 2.5274
490 245.0 3.2570 0.9252 3.2570 1.0618 2.5332
500 250.0 3.1767 7.6050 3.1767 0.9251 2.6235
510 255.0 3.3060 0.0178 3.3060 1.0642 2.4946
520 260.0 3.3176 0.1541 3.3176 0.9294 2.5256
530 265.0 3.2509 1.2035 3.2509 1.0617 2.5713
540 270.0 3.1985 5.1508 3.1985 0.9239 2.6377
550 275.0 3.2834 0.1385 3.2834 1.0731 2.4956
560 280.0 3.1404 12.7298 3.1404 0.9210 2.5671
570 285.0 3.2220 3.0397 3.2220 1.0797 2.4506
580 290.0 3.1397 12.8553 3.1397 0.9089 2.4533
590 295.0 3.1504 11.1931 3.1504 1.0733 2.5340
600 300.0 3.1880 6.2694 3.1880 0.9270 2.5629
610 305.0 3.1625 9.4505 3.1625 1.0792 2.3482
620 310.0 3.2496 1.2719 3.2496 0.9087 2.6011
630 315.0 3.2179 3.3691 3.2179 1.1033 2.5232
640 320.0 3.3068 0.0234 3.3068 0.9082 2.6503
650 325.0 3.2189 3.2871 3.2189 1.1005 2.5665
660 330.0 3.3625 1.9532 3.3625 0.9083 2.5726
670 335.0 3.2921 0.0312 3.2921 1.0789 2.4903
680 340.0 3.1798 7.2234 3.1798 0.9184 2.5727
690 345.0 3.2782 0.2366 3.2782 1.0639 2.4785
700 350.0 3.1449 12.0241 3.1449 0.9237 2.4346
710 355.0 3.2889 0.0614 3.2889 1.0715 2.4133
720 360.0 3.1344 13.7131 3.1344 0.9217 2.5850
730 365.0 3.2748 0.3172 3.2748 1.0762 2.3667
740 370.0 3.1800 7.1987 3.1800 0.9199 2.3791
750 375.0 3.2347 2.1303 3.2347 1.0754 2.4057
760 380.0 3.1418 12.5118 3.1418 0.9127 2.5645
770 385.0 3.2582 0.8743 3.2582 1.0736 2.3561
780 390.0 3.1774 7.5125 3.1774 0.9268 2.4287
790 395.0 3.2505 1.2253 3.2505 1.0572 2.5896
800 400.0 3.1899 6.0612 3.1899 0.9135 2.6355
810 405.0 3.3489 1.1947 3.3489 1.0785 2.6325
820 410.0 3.2061 4.4112 3.2061 0.9237 2.6363
830 415.0 3.3137 0.0936 3.3137 1.0528 2.5368
840 420.0 3.3077 0.0297 3.3077 0.9428 2.5642
850 425.0 3.3053 0.0142 3.3053 1.0305 2.5641
860 430.0 3.2938 0.0190 3.2938 0.9644 2.5860
870 435.0 3.3109 0.0592 3.3109 1.0029 2.5812
880 440.0 3.3004 0.0001 3.3004 0.9949 2.5216
890 445.0 3.2653 0.6016 3.2653 0.9828 2.5227
900 450.0 3.2891 0.0597 3.2891 1.0161 2.4444
910 455.0 3.2297 2.4680 3.2297 0.9763 2.4248
920 460.0 3.3109 0.0589 3.3109 1.0284 2.4819
930 465.0 3.3028 0.0040 3.3028 0.9739 2.5520
940 470.0 3.3098 0.0481 3.3098 1.0252 2.4163
950 475.0 3.3124 0.0771 3.3124 0.9730 2.3269
960 480.0 3.2885 0.0666 3.2885 1.0149 2.2479
970 485.0 3.2691 0.4780 3.2691 0.9595 2.2915
980 490.0 3.3136 0.0925 3.3136 1.0283 2.3666
990 495.0 3.3321 0.5162 3.3321 0.9471 2.4739
1000 500.0 3.3064 0.0206 3.3064 1.0343 2.5205
1010 505.0 3.2922 0.0304 3.2922 0.9441 2.5932
1020 510.0 3.2803 0.1938 3.2803 1.0184 2.5464
1030 515.0 3.3425 0.9039 3.3425 0.9445 2.4910
1040 520.0 3.2577 0.8938 3.2577 1.0394 2.3313
1050 525.0 3.2334 2.2185 3.2334 0.9303 2.2972
1060 530.0 3.2739 0.3399 3.2739 1.0414 2.2033
1070 535.0 3.3630 1.9866 3.3630 0.9333 2.2878
1080 540.0 3.2962 0.0074 3.2962 1.0440 2.1692
1090 545.0 3.2833 0.1399 3.2833 0.9354 2.2088
1100 550.0 3.3332 0.5495 3.3332 1.0542 2.1964
1110 555.0 3.3861 3.7040 3.3861 0.9253 2.2745
1120 560.0 3.2859 0.0999 3.2859 1.0477 2.3725
1130 565.0 3.2242 2.8692 3.2242 0.9325 2.4230
1140 570.0 3.3197 0.1944 3.3197 1.0447 2.3261
1150 575.0 3.3177 0.1570 3.3177 0.9311 2.3203
1160 580.0 3.3226 0.2543 3.3226 1.0649 2.3165
1170 585.0 3.2285 2.5533 3.2285 0.9336 2.4095
1180 590.0 3.3044 0.0098 3.3044 1.0464 2.3467
1190 595.0 3.3404 0.8147 3.3404 0.9459 2.3388
1200 600.0 3.3270 0.3645 3.3270 1.0085 2.3772
1210 605.0 3.2526 1.1243 3.2526 0.9730 2.4767
1220 610.0 3.2856 0.1031 3.2856 0.9814 2.4600
1230 615.0 3.3180 0.1619 3.3180 0.9972 2.4415
1240 620.0 3.3005 0.0001 3.3005 0.9729 2.4659
1250 625.0 3.3090 0.0409 3.3090 1.0095 2.4531
1260 630.0 3.3143 0.1024 3.3143 0.9516 2.4484
1270 635.0 3.3338 0.5709 3.3338 1.0110 2.4180
1280 640.0 3.3117 0.0682 3.3117 0.9592 2.4483
1290 645.0 3.3343 0.5886 3.3343 1.0009 2.4089
1300 650.0 3.3185 0.1710 3.3185 0.9465 2.4233
1310 655.0 3.2866 0.0893 3.2866 1.0080 2.4477
1320 660.0 3.3017 0.0014 3.3017 0.9529 2.4572
1330 665.0 3.3196 0.1925 3.3196 1.0047 2.4379
1340 670.0 3.3145 0.1056 3.3145 0.9536 2.4437
1350 675.0 3.2999 0.0000 3.2999 0.9979 2.4402
1360 680.0 3.2893 0.0567 3.2893 0.9628 2.5044
1370 685.0 3.3006 0.0002 3.3006 0.9977 2.4962
1380 690.0 3.2892 0.0580 3.2892 0.9703 2.4864
1390 695.0 3.3065 0.0210 3.3065 0.9947 2.4972
1400 700.0 3.3074 0.0277 3.3074 0.9657 2.5028
1410 705.0 3.2963 0.0067 3.2963 1.0062 2.4627
1420 710.0 3.2920 0.0322 3.2920 0.9567 2.4621
1430 715.0 3.2627 0.6964 3.2627 0.9936 2.4129
1440 720.0 3.2792 0.2169 3.2792 0.9738 2.4364
1450 725.0 3.3019 0.0019 3.3019 0.9847 2.4816
1460 730.0 3.2800 0.1995 3.2800 0.9879 2.5714
1470 735.0 3.2652 0.6040 3.2652 0.9780 2.6208
1480 740.0 3.2901 0.0489 3.2901 0.9939 2.6067
1490 745.0 3.3188 0.1766 3.3188 0.9540 2.5908
1500 750.0 3.3222 0.2470 3.3222 1.0067 2.5975
1510 755.0 3.3231 0.2669 3.3231 0.9391 2.6737
1520 760.0 3.2837 0.1322 3.2837 1.0118 2.7191
1530 765.0 3.3146 0.1065 3.3146 0.9506 2.7144
1540 770.0 3.3243 0.2953 3.3243 0.9974 2.6464
1550 775.0 3.3263 0.3458 3.3263 0.9648 2.5839
1560 780.0 3.2441 1.5649 3.2441 1.0052 2.4363
1570 785.0 3.2048 4.5275 3.2048 0.9547 2.4300
1580 790.0 3.3022 0.0025 3.3022 0.9987 2.4987
1590 795.0 3.3000 0.0000 3.3000 0.9579 2.6204
1600 800.0 3.2468 1.4164 3.2468 1.0008 2.7010
1610 805.0 3.3156 0.1222 3.3156 0.9473 2.6758
1620 810.0 3.3181 0.1629 3.3181 1.0023 2.5904
1630 815.0 3.2986 0.0010 3.2986 0.9578 2.5376
1640 820.0 3.2481 1.3490 3.2481 1.0055 2.4440
1650 825.0 3.2310 2.3791 3.2310 0.9659 2.4629
1660 830.0 3.3062 0.0190 3.3062 0.9786 2.5887
1670 835.0 3.2626 0.7012 3.2626 0.9894 2.7393
1680 840.0 3.2630 0.6861 3.2630 0.9441 2.7700
1690 845.0 3.3246 0.3024 3.3246 1.0147 2.6937
1700 850.0 3.2602 0.7925 3.2602 0.9507 2.6015
1710 855.0 3.2568 0.9327 3.2568 0.9919 2.5495
1720 860.0 3.3071 0.0252 3.3071 0.9975 2.5387
1730 865.0 3.3056 0.0154 3.3056 0.9615 2.5246
1740 870.0 3.3156 0.1224 3.3156 1.0193 2.4979
1750 875.0 3.3091 0.0417 3.3091 0.9530 2.4861
1760 880.0 3.2960 0.0078 3.2960 1.0251 2.4521
1770 885.0 3.2982 0.0017 3.2982 0.9483 2.4359
1780 890.0 3.2859 0.0988 3.2859 1.0279 2.3943
1790 895.0 3.2804 0.1911 3.2804 0.9274 2.4339
1800 900.0 3.2868 0.0868 3.2868 1.0530 2.3604
1810 905.0 3.2821 0.1601 3.2821 0.9204 2.4291
1820 910.0 3.2865 0.0911 3.2865 1.0465 2.4270
1830 915.0 3.2721 0.3889 3.2721 0.9322 2.5198
1840 920.0 3.2420 1.6818 3.2420 1.0328 2.4928
1850 925.0 3.2675 0.5285 3.2675 0.9450 2.3998
1860 930.0 3.1685 8.6457 3.1685 1.0199 2.2575
1870 935.0 3.2514 1.1806 3.2514 0.9660 2.3324
1880 940.0 3.2369 1.9912 3.2369 1.0250 2.4463
1890 945.0 3.2011 4.8875 3.2011 0.9638 2.5050
1900 950.0 3.3169 0.1436 3.3169 0.9910 2.3512
1910 955.0 3.1928 5.7413 3.1928 1.0033 2.1716
1920 960.0 3.2184 3.3257 3.2184 0.9639 2.2501
1930 965.0 3.2697 0.4592 3.2697 1.0396 2.4499
1940 970.0 3.2302 2.4367 3.2302 0.9388 2.5539
1950 975.0 3.2850 0.1119 3.2850 1.0426 2.4694
1960 980.0 3.3227 0.2576 3.3227 0.9287 2.4523
1970 985.0 3.2451 1.5080 3.2451 1.0632 2.3668
1980 990.0 3.2065 4.3684 3.2065 0.9316 2.4749
1990 995.0 3.3102 0.0520 3.3102 1.0522 2.6160
2000 1000.0 3.3568 1.6117 3.3568 0.9236 2.6732
2010 1005.0 3.2565 0.9473 3.2565 1.0543 2.6777
2020 1010.0 3.3151 0.1141 3.3151 0.9209 2.6189
2030 1015.0 3.3453 1.0276 3.3453 1.0560 2.5127
2040 1020.0 3.3018 0.0016 3.3018 0.9266 2.5751
2050 1025.0 3.2735 0.3502 3.2735 1.0382 2.5556
2060 1030.0 3.3227 0.2572 3.3227 0.9393 2.5495
2070 1035.0 3.2930 0.0243 3.2930 1.0283 2.5673
2080 1040.0 3.2865 0.0910 3.2865 0.9580 2.6127
2090 1045.0 3.2818 0.1655 3.2818 1.0015 2.6216
2100 1050.0 3.3099 0.0486 3.3099 1.0007 2.6175
2110 1055.0 3.3205 0.2102 3.3205 1.0011 2.6221
2120 1060.0 3.3226 0.2546 3.3226 1.0087 2.6263
2130 1065.0 3.3212 0.2243 3.3212 0.9906 2.6306
2140 1070.0 3.3134 0.0892 3.3134 1.0118 2.6432
2150 1075.0 3.3320 0.5118 3.3320 0.9661 2.6606
2160 1080.0 3.2928 0.0260 3.2928 1.0351 2.7039
2170 1085.0 3.2986 0.0010 3.2986 0.9427 2.7365
2180 1090.0 3.3109 0.0589 3.3109 1.0502 2.6970
2190 1095.0 3.3774 2.9927 3.3774 0.9487 2.6676
2200 1100.0 3.2842 0.1254 3.2842 1.0481 2.7427
2210 1105.0 3.3071 0.0249 3.3071 0.9287 2.7545
2220 1110.0 3.3572 1.6368 3.3572 1.0554 2.6376
2230 1115.0 3.3773 2.9901 3.3773 0.9223 2.6437
2240 1120.0 3.2132 3.7703 3.2132 1.0466 2.7395
2250 1125.0 3.3072 0.0261 3.3072 0.9187 2.6652
2260 1130.0 3.3403 0.8132 3.3403 1.0609 2.5419
2270 1135.0 3.3562 1.5793 3.3562 0.9439 2.5477
2280 1140.0 3.2320 2.3123 3.2320 1.0360 2.6231
2290 1145.0 3.2825 0.1536 3.2825 0.9492 2.5842
2300 1150.0 3.3528 1.3952 3.3528 1.0223 2.4475
2310 1155.0 3.2931 0.0239 3.2931 0.9661 2.3042
2320 1160.0 3.2415 1.7120 3.2415 1.0161 2.1893
2330 1165.0 3.2779 0.2449 3.2779 0.9629 2.2391
2340 1170.0 3.3436 0.9491 3.3436 1.0211 2.3097
2350 1175.0 3.3344 0.5908 3.3344 0.9610 2.3574
2360 1180.0 3.2620 0.7214 3.2620 1.0160 2.2771
2370 1185.0 3.2994 0.0002 3.2994 0.9717 2.3695
2380 1190.0 3.3281 0.3952 3.3281 1.0191 2.5118
2390 1195.0 3.2705 0.4350 3.2705 0.9666 2.6106
2400 1200.0 3.3468 1.0957 3.3468 1.0511 2.5104
2410 1205.0 3.2483 1.3345 3.2483 0.9654 2.4234
2420 1210.0 3.2853 0.1074 3.2853 1.0706 2.4742
2430 1215.0 3.3186 0.1727 3.3186 0.9611 2.5775
2440 1220.0 3.2636 0.6634 3.2636 1.0389 2.6042
2450 1225.0 3.3599 1.7931 3.3599 0.9788 2.4965
2460 1230.0 3.3331 0.5468 3.3331 1.0344 2.4938
2470 1235.0 3.2572 0.9157 3.2572 0.9746 2.5722
2480 1240.0 3.2962 0.0071 3.2962 1.0121 2.4988
2490 1245.0 3.3758 2.8762 3.3758 0.9813 2.3885
2500 1250.0 3.2859 0.0991 3.2859 1.0194 2.4641
2510 1255.0 3.2537 1.0720 3.2537 0.9682 2.5480
2520 1260.0 3.3555 1.5417 3.3555 1.0148 2.4686
2530 1265.0 3.3015 0.0012 3.3015 0.9809 2.3921
2540 1270.0 3.2288 2.5363 3.2288 1.0008 2.3846
2550 1275.0 3.3315 0.4959 3.3315 0.9788 2.5976
2560 1280.0 3.2605 0.7802 3.2605 0.9829 2.6935
2570 1285.0 3.3017 0.0014 3.3017 0.9826 2.6437
2580 1290.0 3.2317 2.3329 3.2317 1.0049 2.5497
2590 1295.0 3.2899 0.0509 3.2899 0.9828 2.6711
2600 1300.0 3.2420 1.6845 3.2420 0.9961 2.6781
2610 1305.0 3.2620 0.7215 3.2620 0.9869 2.5217
2620 1310.0 3.2472 1.3935 3.2472 0.9986 2.4244
2630 1315.0 3.2573 0.9130 3.2573 0.9708 2.4908
2640 1320.0 3.2553 0.9990 3.2553 0.9976 2.5225
2650 1325.0 3.2439 1.5735 3.2439 0.9611 2.4901
2660 1330.0 3.2367 2.0060 3.2367 1.0016 2.4578
2670 1335.0 3.2399 1.8089 3.2399 0.9716 2.5488
2680 1340.0 3.2285 2.5590 3.2285 0.9976 2.5807
2690 1345.0 3.2361 2.0439 3.2361 0.9860 2.5616
2700 1350.0 3.2366 2.0124 3.2366 1.0040 2.6413
2710 1355.0 3.2663 0.5668 3.2663 0.9921 2.7677
2720 1360.0 3.2760 0.2882 3.2760 1.0095 2.7564
2730 1365.0 3.2269 2.6747 3.2269 0.9809 2.7090
2740 1370.0 3.2485 1.3276 3.2485 1.0236 2.7425
2750 1375.0 3.2333 2.2223 3.2333 0.9884 2.6370
2760 1380.0 3.2491 1.2944 3.2491 1.0184 2.5293
2770 1385.0 3.2949 0.0132 3.2949 0.9714 2.4503
2780 1390.0 3.3280 0.3920 3.3280 0.9981 2.3379
2790 1395.0 3.2168 3.4620 3.2168 0.9803 2.2571
2800 1400.0 3.2341 2.1683 3.2341 0.9883 2.2841
2810 1405.0 3.3275 0.3778 3.3275 0.9972 2.4148
2820 1410.0 3.3078 0.0304 3.3078 0.9723 2.4846
2830 1415.0 3.2695 0.4638 3.2695 0.9996 2.4837
2840 1420.0 3.2770 0.2634 3.2770 0.9801 2.5945
2850 1425.0 3.2192 3.2672 3.2192 0.9928 2.5363
2860 1430.0 3.2465 1.4293 3.2465 0.9826 2.5060
2870 1435.0 3.2869 0.0856 3.2869 1.0053 2.6502
2880 1440.0 3.2894 0.0559 3.2894 0.9814 2.6354
2890 1445.0 3.3057 0.0164 3.3057 0.9810 2.5277
2900 1450.0 3.3042 0.0090 3.3042 1.0036 2.5527
2910 1455.0 3.3229 0.2632 3.3229 0.9696 2.5743
2920 1460.0 3.2900 0.0496 3.2900 1.0113 2.4860
2930 1465.0 3.2819 0.1639 3.2819 0.9624 2.5056
2940 1470.0 3.2585 0.8626 3.2585 1.0166 2.4528
2950 1475.0 3.2335 2.2078 3.2335 0.9537 2.4752
2960 1480.0 3.2220 3.0457 3.2220 1.0167 2.4736
2970 1485.0 3.3479 1.1448 3.3479 0.9443 2.6066
2980 1490.0 3.2781 0.2390 3.2781 1.0242 2.6035
2990 1495.0 3.3099 0.0490 3.3099 0.9510 2.5540
3000 1500.0 3.2074 4.2831 3.2074 1.0280 2.3757
3010 1505.0 3.2288 2.5350 3.2288 0.9547 2.4172
3020 1510.0 3.2532 1.0947 3.2532 1.0359 2.4692
3030 1515.0 3.2454 1.4885 3.2454 0.9502 2.5400
3040 1520.0 3.2382 1.9070 3.2382 1.0326 2.4965
3050 1525.0 3.2144 3.6623 3.2144 0.9652 2.5789
3060 1530.0 3.2309 2.3843 3.2309 0.9885 2.5854
3070 1535.0 3.1957 5.4401 3.1957 1.0028 2.4256
3080 1540.0 3.2228 2.9784 3.2228 0.9587 2.3916
3090 1545.0 3.2847 0.1171 3.2847 1.0118 2.4247
3100 1550.0 3.2985 0.0012 3.2985 0.9461 2.4089
3110 1555.0 3.2972 0.0040 3.2972 1.0358 2.3628
3120 1560.0 3.3113 0.0642 3.3113 0.9502 2.4859
3130 1565.0 3.2549 1.0152 3.2549 1.0215 2.5719
3140 1570.0 3.3135 0.0909 3.3135 0.9450 2.5724
3150 1575.0 3.3310 0.4792 3.3310 1.0190 2.5149
3160 1580.0 3.3178 0.1588 3.3178 0.9575 2.5397
3170 1585.0 3.2981 0.0017 3.2981 0.9972 2.5200
3180 1590.0 3.2839 0.1302 3.2839 0.9826 2.5192
3190 1595.0 3.2938 0.0191 3.2938 0.9829 2.5387
3200 1600.0 3.3066 0.0219 3.3066 1.0035 2.5401
3210 1605.0 3.3142 0.1008 3.3142 0.9705 2.5430
3220 1610.0 3.3108 0.0583 3.3108 1.0116 2.5409
3230 1615.0 3.3019 0.0019 3.3019 0.9746 2.5393
3240 1620.0 3.2825 0.1539 3.2825 1.0001 2.5403
3250 1625.0 3.2321 2.3047 3.2321 0.9604 2.5856
3260 1630.0 3.2495 1.2744 3.2495 1.0008 2.5211
3270 1635.0 3.2670 0.5436 3.2670 0.9687 2.3968
3280 1640.0 3.2543 1.0422 3.2543 1.0018 2.3694
3290 1645.0 3.2571 0.9182 3.2571 0.9614 2.4135
3300 1650.0 3.2416 1.7073 3.2416 0.9996 2.3743
3310 1655.0 3.2024 4.7677 3.2024 0.9684 2.3676
3320 1660.0 3.2294 2.4943 3.2294 1.0111 2.4426
3330 1665.0 3.1583 10.0455 3.1583 0.9659 2.5300
3340 1670.0 3.2368 1.9940 3.2368 1.0169 2.3799
3350 1675.0 3.2366 2.0110 3.2366 0.9628 2.3010
3360 1680.0 3.2258 2.7509 3.2258 1.0180 2.2315
3370 1685.0 3.2835 0.1360 3.2835 0.9519 2.3321
3380 1690.0 3.2512 1.1895 3.2512 1.0299 2.3866
3390 1695.0 3.2449 1.5193 3.2449 0.9250 2.4447
3400 1700.0 3.2985 0.0012 3.2985 1.0569 2.3612
3410 1705.0 3.2298 2.4621 3.2298 0.9276 2.3771
3420 1710.0 3.2793 0.2137 3.2793 1.0417 2.4099
3430 1715.0 3.1947 5.5486 3.1947 0.9370 2.5559
3440 1720.0 3.2520 1.1503 3.2520 1.0367 2.4723
3450 1725.0 3.3303 0.4604 3.3303 0.9689 2.3887
3460 1730.0 3.3018 0.0016 3.3018 1.0056 2.3451
3470 1735.0 3.2828 0.1481 3.2828 0.9892 2.3142
3480 1740.0 3.2986 0.0010 3.2986 1.0045 2.3331
3490 1745.0 3.3508 1.2889 3.3508 0.9880 2.4293
3500 1750.0 3.3668 2.2340 3.3668 0.9872 2.4413
3510 1755.0 3.2928 0.0258 3.2928 1.0059 2.3645
3520 1760.0 3.2504 1.2284 3.2504 0.9741 2.3608
3530 1765.0 3.3364 0.6629 3.3364 1.0072 2.4522
3540 1770.0 3.3762 2.9008 3.3762 0.9630 2.5270
3550 1775.0 3.3286 0.4080 3.3286 1.0039 2.4474
3560 1780.0 3.2514 1.1788 3.2514 0.9698 2.4016
3570 1785.0 3.2831 0.1424 3.2831 1.0048 2.4148
3580 1790.0 3.3655 2.1455 3.3655 0.9641 2.5310
3590 1795.0 3.3624 1.9441 3.3624 1.0064 2.5377
3600 1800.0 3.2734 0.3548 3.2734 0.9656 2.5101
3610 1805.0 3.2620 0.7207 3.2620 0.9903 2.4898
3620 1810.0 3.3680 2.3118 3.3680 0.9922 2.5572
3630 1815.0 3.4174 6.8912 3.4174 0.9586 2.5871
3640 1820.0 3.3813 3.3064 3.3813 1.0013 2.4975
3650 1825.0 3.2363 2.0296 3.2363 0.9600 2.3820
3660 1830.0 3.2418 1.6960 3.2418 1.0048 2.3459
3670 1835.0 3.3148 0.1094 3.3148 0.9699 2.4120
3680 1840.0 3.3516 1.3325 3.3516 0.9780 2.4506
3690 1845.0 3.3035 0.0061 3.3035 0.9777 2.4440
3700 1850.0 3.2745 0.3240 3.2745 0.9837 2.4469
3710 1855.0 3.3015 0.0012 3.3015 0.9866 2.4937
3720 1860.0 3.3290 0.4201 3.3290 0.9661 2.5409
3730 1865.0 3.3123 0.0756 3.3123 1.0038 2.5213
3740 1870.0 3.2724 0.3797 3.2724 0.9499 2.5222
3750 1875.0 3.2635 0.6658 3.2635 1.0044 2.4913
3760 1880.0 3.3162 0.1308 3.3162 0.9620 2.5029
3770 1885.0 3.3265 0.3499 3.3265 0.9986 2.4821
3780 1890.0 3.2912 0.0386 3.2912 0.9939 2.4090
3790 1895.0 3.2891 0.0591 3.2891 0.9702 2.4051
3800 1900.0 3.3025 0.0031 3.3025 1.0033 2.3972
3810 1905.0 3.3135 0.0916 3.3135 0.9467 2.4127
3820 1910.0 3.3297 0.4412 3.3297 1.0305 2.3723
3830 1915.0 3.2328 2.2577 3.2328 0.9583 2.3489
3840 1920.0 3.2646 0.6256 3.2646 1.0151 2.4209
3850 1925.0 3.2445 1.5395 3.2445 0.9521 2.5231
3860 1930.0 3.2046 4.5477 3.2046 0.9974 2.5214
3870 1935.0 3.2908 0.0424 3.2908 0.9613 2.4649
3880 1940.0 3.2133 3.7575 3.2133 0.9871 2.3677
3890 1945.0 3.3107 0.0568 3.3107 0.9791 2.4539
3900 1950.0 3.2333 2.2264 3.2333 0.9825 2.5260
3910 1955.0 3.2912 0.0384 3.2912 0.9768 2.4715
3920 1960.0 3.2337 2.1982 3.2337 0.9919 2.3663
3930 1965.0 3.2979 0.0023 3.2979 0.9721 2.4189
3940 1970.0 3.2692 0.4742 3.2692 0.9816 2.4921
3950 1975.0 3.2666 0.5593 3.2666 0.9715 2.4989
3960 1980.0 3.3422 0.8907 3.3422 0.9791 2.4334
3970 1985.0 3.3450 1.0141 3.3450 0.9771 2.4723
3980 1990.0 3.2975 0.0031 3.2975 0.9869 2.5903
3990 1995.0 3.2715 0.4066 3.2715 0.9825 2.6942
4000 2000.0 3.3251 0.3156 3.3251 0.9928 2.7111
4010 2005.0 3.3341 0.5820 3.3341 0.9890 2.7097
4020 2010.0 3.3206 0.2115 3.3206 0.9804 2.7154
4030 2015.0 3.3054 0.0145 3.3054 0.9779 2.7242
4040 2020.0 3.3210 0.2211 3.3210 0.9856 2.7578
4050 2025.0 3.2660 0.5788 3.2660 0.9913 2.7772
4060 2030.0 3.2857 0.1022 3.2857 0.9727 2.7506
4070 2035.0 3.2949 0.0132 3.2949 0.9830 2.7637
4080 2040.0 3.2718 0.3986 3.2718 0.9736 2.7526
4090 2045.0 3.2788 0.2254 3.2788 0.9852 2.7226
4100 2050.0 3.2974 0.0035 3.2974 0.9828 2.6533
4110 2055.0 3.3179 0.1596 3.3179 0.9888 2.5498
4120 2060.0 3.3184 0.1694 3.3184 0.9823 2.4206
4130 2065.0 3.3118 0.0694 3.3118 0.9897 2.3198
4140 2070.0 3.3041 0.0086 3.3041 0.9941 2.2556
4150 2075.0 3.3235 0.2757 3.3235 0.9831 2.2431
4160 2080.0 3.3176 0.1543 3.3176 0.9975 2.2195
4170 2085.0 3.3197 0.1936 3.3197 0.9768 2.2407
4180 2090.0 3.2863 0.0935 3.2863 1.0048 2.1938
4190 2095.0 3.2849 0.1133 3.2849 0.9564 2.2080
4200 2100.0 3.3238 0.2827 3.3238 1.0205 2.2066
4210 2105.0 3.3088 0.0389 3.3088 0.9520 2.2118
4220 2110.0 3.2882 0.0691 3.2882 1.0362 2.1432
4230 2115.0 3.3118 0.0693 3.3118 0.9546 2.1844
4240 2120.0 3.3955 4.5627 3.3955 1.0256 2.2220
4250 2125.0 3.3140 0.0986 3.3140 0.9628 2.1757
4260 2130.0 3.2638 0.6537 3.2638 1.0074 2.1290
4270 2135.0 3.3157 0.1227 3.3157 0.9608 2.2359
4280 2140.0 3.3656 2.1543 3.3656 0.9964 2.3084
4290 2145.0 3.3264 0.3472 3.3264 0.9588 2.3288
4300 2150.0 3.2478 1.3638 3.2478 1.0185 2.2628
4310 2155.0 3.2898 0.0518 3.2898 0.9535 2.3626
4320 2160.0 3.3146 0.1067 3.3146 1.0109 2.4544
4330 2165.0 3.2348 2.1281 3.2348 0.9590 2.5531
4340 2170.0 3.2625 0.7033 3.2625 1.0187 2.5267
4350 2175.0 3.3154 0.1191 3.3154 0.9591 2.4636
4360 2180.0 3.3275 0.3773 3.3275 0.9958 2.4051
4370 2185.0 3.3188 0.1773 3.3188 0.9775 2.3999
4380 2190.0 3.3106 0.0559 3.3106 0.9895 2.4277
4390 2195.0 3.2470 1.4066 3.2470 0.9893 2.5239
4400 2200.0 3.2180 3.3649 3.2180 0.9728 2.5647
4410 2205.0 3.3020 0.0020 3.3020 1.0153 2.4576
4420 2210.0 3.2196 3.2352 3.2196 0.9651 2.4094
4430 2215.0 3.2451 1.5089 3.2451 1.0214 2.4409
4440 2220.0 3.3179 0.1594 3.3179 0.9935 2.6003
4450 2225.0 3.3070 0.0246 3.3070 1.0065 2.6753
4460 2230.0 3.3253 0.3190 3.3253 0.9853 2.6840
4470 2235.0 3.3422 0.8886 3.3422 1.0127 2.7552
4480 2240.0 3.2475 1.3785 3.2475 0.9914 2.6499
4490 2245.0 3.2416 1.7032 3.2416 1.0021 2.6436
4500 2250.0 3.3394 0.7772 3.3394 0.9860 2.7202
4510 2255.0 3.2522 1.1428 3.2522 0.9908 2.7575
4520 2260.0 3.2630 0.6862 3.2630 0.9506 2.7193
4530 2265.0 3.3240 0.2885 3.3240 1.0235 2.5408
4540 2270.0 3.2285 2.5563 3.2285 0.9425 2.4066
4550 2275.0 3.1697 8.4903 3.1697 1.0329 2.3021
4560 2280.0 3.3373 0.6945 3.3373 0.9422 2.5034
4570 2285.0 3.2702 0.4454 3.2702 1.0412 2.5934
4580 2290.0 3.2714 0.4100 3.2714 0.9329 2.6717
4590 2295.0 3.2861 0.0964 3.2861 1.0296 2.5955
4600 2300.0 3.3517 1.3342 3.3517 0.9666 2.4879
4610 2305.0 3.2538 1.0681 3.2538 1.0147 2.3752
4620 2310.0 3.2439 1.5748 3.2439 0.9724 2.4019
4630 2315.0 3.3351 0.6157 3.3351 1.0044 2.4718
4640 2320.0 3.3228 0.2590 3.3228 0.9846 2.4885
4650 2325.0 3.2788 0.2252 3.2788 0.9919 2.4583
4660 2330.0 3.2624 0.7077 3.2624 0.9990 2.4537
4670 2335.0 3.2912 0.0387 3.2912 0.9815 2.5005
4680 2340.0 3.3152 0.1151 3.3152 1.0163 2.5260
4690 2345.0 3.2965 0.0061 3.2965 0.9451 2.6102
4700 2350.0 3.2281 2.5838 3.2281 1.0287 2.6177
4710 2355.0 3.3030 0.0045 3.3030 0.9317 2.5466
4720 2360.0 3.2441 1.5651 3.2441 1.0415 2.3998
4730 2365.0 3.2528 1.1137 3.2528 0.9356 2.4536
4740 2370.0 3.2855 0.1046 3.2855 1.0185 2.5200
4750 2375.0 3.2810 0.1810 3.2810 0.9456 2.5469
4760 2380.0 3.3024 0.0028 3.3024 0.9924 2.4873
4770 2385.0 3.3168 0.1403 3.3168 0.9791 2.4622
4780 2390.0 3.2928 0.0259 3.2928 0.9682 2.4916
4790 2395.0 3.2646 0.6262 3.2646 0.9953 2.5126
4800 2400.0 3.3193 0.1855 3.3193 0.9520 2.4750
4810 2405.0 3.3419 0.8778 3.3419 1.0097 2.4481
4820 2410.0 3.3038 0.0074 3.3038 0.9469 2.5267
4830 2415.0 3.2607 0.7717 3.2607 1.0266 2.5354
4840 2420.0 3.3203 0.2059 3.3203 0.9323 2.5475
4850 2425.0 3.3216 0.2340 3.3216 1.0290 2.5310
4860 2430.0 3.2720 0.3923 3.2720 0.9547 2.6128
4870 2435.0 3.2357 2.0656 3.2357 1.0002 2.6162
4880 2440.0 3.3132 0.0865 3.3132 0.9767 2.5665
4890 2445.0 3.3366 0.6710 3.3366 0.9776 2.5384
4900 2450.0 3.2590 0.8404 3.2590 0.9985 2.5990
4910 2455.0 3.2615 0.7393 3.2615 0.9753 2.5728
4920 2460.0 3.3227 0.2579 3.3227 0.9873 2.4708
4930 2465.0 3.3388 0.7531 3.3388 0.9720 2.4317
4940 2470.0 3.2610 0.7587 3.2610 1.0059 2.4781
4950 2475.0 3.2647 0.6213 3.2647 0.9744 2.4617
4960 2480.0 3.3124 0.0772 3.3124 1.0113 2.3929
4970 2485.0 3.2391 1.8553 3.2391 0.9546 2.4070
4980 2490.0 3.2561 0.9634 3.2561 1.0159 2.4884
4990 2495.0 3.2483 1.3379 3.2483 0.9398 2.5090
5000 2500.0 3.2154 3.5824 3.2154 1.0301 2.3968
5010 2505.0 3.2754 0.3015 3.2754 0.9341 2.4707
5020 2510.0 3.1854 6.5653 3.1854 1.0181 2.5196
5030 2515.0 3.2981 0.0017 3.2981 0.9598 2.3962
5040 2520.0 3.2461 1.4510 3.2461 1.0013 2.2918
5050 2525.0 3.3021 0.0021 3.3021 0.9769 2.3198
5060 2530.0 3.2619 0.7272 3.2619 0.9787 2.3592
5070 2535.0 3.2664 0.5659 3.2664 1.0007 2.3336
5080 2540.0 3.2739 0.3419 3.2739 0.9576 2.2885
5090 2545.0 3.2592 0.8333 3.2592 1.0252 2.2339
5100 2550.0 3.2511 1.1953 3.2511 0.9566 2.3058
5110 2555.0 3.2504 1.2324 3.2504 1.0197 2.2633
5120 2560.0 3.2694 0.4694 3.2694 0.9449 2.2422
5130 2565.0 3.2332 2.2297 3.2332 1.0252 2.1439
5140 2570.0 3.2328 2.2579 3.2328 0.9493 2.2554
5150 2575.0 3.2486 1.3217 3.2486 1.0178 2.2170
5160 2580.0 3.2558 0.9750 3.2558 0.9516 2.1752
5170 2585.0 3.2731 0.3625 3.2731 1.0199 2.1442
5180 2590.0 3.2673 0.5351 3.2673 0.9553 2.2570
5190 2595.0 3.2669 0.5488 3.2669 1.0177 2.2834
5200 2600.0 3.2867 0.0881 3.2867 0.9459 2.3271
5210 2605.0 3.2685 0.4953 3.2685 1.0063 2.2579
5220 2610.0 3.2561 0.9631 3.2561 0.9688 2.2976
5230 2615.0 3.3143 0.1017 3.3143 1.0022 2.3586
5240 2620.0 3.2830 0.1449 3.2830 0.9585 2.4950
5250 2625.0 3.2383 1.9040 3.2383 0.9943 2.5591
5260 2630.0 3.2541 1.0550 3.2541 0.9732 2.5509
5270 2635.0 3.2895 0.0547 3.2895 1.0015 2.4661
5280 2640.0 3.2830 0.1441 3.2830 0.9763 2.3733
5290 2645.0 3.2644 0.6330 3.2644 0.9851 2.3464
5300 2650.0 3.2791 0.2183 3.2791 1.0079 2.4038
5310 2655.0 3.2386 1.8827 3.2386 0.9668 2.4913
5320 2660.0 3.2567 0.9367 3.2567 1.0064 2.4720
5330 2665.0 3.2890 0.0605 3.2890 0.9672 2.4108
5340 2670.0 3.2679 0.5166 3.2679 0.9993 2.3581
5350 2675.0 3.3033 0.0055 3.3033 0.9706 2.3817
5360 2680.0 3.3100 0.0499 3.3100 0.9915 2.4833
5370 2685.0 3.2402 1.7870 3.2402 0.9801 2.6208
5380 2690.0 3.2638 0.6564 3.2638 0.9906 2.6474
5390 2695.0 3.3192 0.1842 3.3192 0.9896 2.6026
5400 2700.0 3.2903 0.0474 3.2903 0.9732 2.6589
5410 2705.0 3.2879 0.0732 3.2879 0.9855 2.7089
5420 2710.0 3.2887 0.0634 3.2887 0.9782 2.7389
5430 2715.0 3.2634 0.6685 3.2634 0.9769 2.7673
5440 2720.0 3.2572 0.9164 3.2572 0.9909 2.7713
5450 2725.0 3.3221 0.2449 3.3221 0.9782 2.7233
5460 2730.0 3.3127 0.0801 3.3127 0.9897 2.7366
5470 2735.0 3.2670 0.5434 3.2670 0.9678 2.7711
5480 2740.0 3.2675 0.5278 3.2675 0.9959 2.7391
5490 2745.0 3.2971 0.0042 3.2971 0.9667 2.7074
5500 2750.0 3.3039 0.0076 3.3039 1.0144 2.7245
5510 2755.0 3.2969 0.0049 3.2969 0.9711 2.7056
5520 2760.0 3.2688 0.4873 3.2688 1.0043 2.6363
5530 2765.0 3.2435 1.5940 3.2435 0.9725 2.5728
5540 2770.0 3.2565 0.9480 3.2565 1.0038 2.5312
5550 2775.0 3.2554 0.9965 3.2554 0.9802 2.4550
5560 2780.0 3.2573 0.9116 3.2573 1.0081 2.3736
5570 2785.0 3.2260 2.7345 3.2260 0.9668 2.3870
5580 2790.0 3.2433 1.6048 3.2433 0.9997 2.3343
5590 2795.0 3.2599 0.8056 3.2599 0.9771 2.2769
5600 2800.0 3.2578 0.8918 3.2578 0.9887 2.2130
5610 2805.0 3.2598 0.8061 3.2598 0.9699 2.2297
5620 2810.0 3.2575 0.9034 3.2575 0.9948 2.2349
5630 2815.0 3.2556 0.9846 3.2556 0.9695 2.2756
5640 2820.0 3.2544 1.0418 3.2544 1.0018 2.2676
5650 2825.0 3.2487 1.3163 3.2487 0.9796 2.2693
5660 2830.0 3.2523 1.1369 3.2523 0.9983 2.2346
5670 2835.0 3.2444 1.5470 3.2444 0.9630 2.2151
5680 2840.0 3.2554 0.9926 3.2554 1.0125 2.2164
5690 2845.0 3.2786 0.2279 3.2786 0.9778 2.3703
5700 2850.0 3.2594 0.8252 3.2594 1.0020 2.5060
5710 2855.0 3.2773 0.2566 3.2773 0.9772 2.5362
5720 2860.0 3.3446 0.9934 3.3446 1.0054 2.4904
5730 2865.0 3.2898 0.0525 3.2898 0.9687 2.5589
5740 2870.0 3.2179 3.3722 3.2179 1.0178 2.6372
5750 2875.0 3.2886 0.0653 3.2886 0.9645 2.5667
5760 2880.0 3.3475 1.1302 3.3475 1.0040 2.5092
5770 2885.0 3.2298 2.4667 3.2298 0.9844 2.6330
5780 2890.0 3.2240 2.8875 3.2240 1.0020 2.6359
5790 2895.0 3.3519 1.3463 3.3519 0.9982 2.4836
5800 2900.0 3.3416 0.8641 3.3416 0.9839 2.4643
5810 2905.0 3.2606 0.7774 3.2606 1.0052 2.5037
5820 2910.0 3.2691 0.4785 3.2691 0.9638 2.4486
5830 2915.0 3.3326 0.5302 3.3326 0.9964 2.3826
5840 2920.0 3.3156 0.1217 3.3156 0.9599 2.4157
5850 2925.0 3.2725 0.3773 3.2725 1.0075 2.4686
5860 2930.0 3.2942 0.0171 3.2942 0.9629 2.4584
5870 2935.0 3.2843 0.1230 3.2843 0.9991 2.3490
5880 2940.0 3.2492 1.2905 3.2492 0.9841 2.2594
5890 2945.0 3.2906 0.0440 3.2906 0.9924 2.2455
5900 2950.0 3.2909 0.0413 3.2909 0.9783 2.2817
5910 2955.0 3.2812 0.1763 3.2812 0.9939 2.2601
5920 2960.0 3.2840 0.1286 3.2840 0.9721 2.2044
5930 2965.0 3.3120 0.0720 3.3120 0.9929 2.1349
5940 2970.0 3.3234 0.2746 3.3234 0.9590 2.0901
5950 2975.0 3.3362 0.6564 3.3362 1.0006 2.0468
5960 2980.0 3.3326 0.5324 3.3326 0.9613 2.0799
5970 2985.0 3.3028 0.0041 3.3028 0.9984 2.1768
5980 2990.0 3.2439 1.5725 3.2439 0.9644 2.2923
5990 2995.0 3.3144 0.1033 3.3144 0.9981 2.2723
6000 3000.0 3.2687 0.4897 3.2687 0.9754 2.3170
6010 3005.0 3.2547 1.0238 3.2547 0.9611 2.4462
6020 3010.0 3.2604 0.7843 3.2604 0.9960 2.5040
6030 3015.0 3.2470 1.4056 3.2470 0.9665 2.5226
6040 3020.0 3.2214 3.0922 3.2214 0.9901 2.4400
6050 3025.0 3.2098 4.0651 3.2098 0.9487 2.4480
6060 3030.0 3.2274 2.6330 3.2274 0.9852 2.4751
6070 3035.0 3.2564 0.9486 3.2564 0.9788 2.5161
6080 3040.0 3.2692 0.4754 3.2692 0.9910 2.4346
6090 3045.0 3.2267 2.6863 3.2267 0.9867 2.4791
6100 3050.0 3.2673 0.5354 3.2673 0.9768 2.4584
6110 3055.0 3.2135 3.7371 3.2135 0.9675 2.3547
6120 3060.0 3.2480 1.3503 3.2480 0.9739 2.3378
6130 3065.0 3.2699 0.4541 3.2699 0.9794 2.4467
6140 3070.0 3.2451 1.5072 3.2451 0.9766 2.5199
6150 3075.0 3.2494 1.2783 3.2494 0.9756 2.5171
6160 3080.0 3.2581 0.8759 3.2581 0.9754 2.5283
6170 3085.0 3.2565 0.9481 3.2565 0.9806 2.5091
6180 3090.0 3.2469 1.4098 3.2469 0.9771 2.4614
6190 3095.0 3.2525 1.1272 3.2525 0.9715 2.4584
6200 3100.0 3.2569 0.9306 3.2569 1.0001 2.5066
6210 3105.0 3.2913 0.0382 3.2913 0.9643 2.4515
6220 3110.0 3.2696 0.4612 3.2696 1.0146 2.4572
6230 3115.0 3.2578 0.8888 3.2578 0.9452 2.4585
6240 3120.0 3.2810 0.1805 3.2810 1.0288 2.3764
6250 3125.0 3.3013 0.0009 3.3013 0.9411 2.3217
6260 3130.0 3.2791 0.2188 3.2791 1.0304 2.3024
6270 3135.0 3.2577 0.8928 3.2577 0.9562 2.3696
6280 3140.0 3.2558 0.9775 3.2558 0.9988 2.3932
6290 3145.0 3.2564 0.9505 3.2564 0.9556 2.3642
6300 3150.0 3.2511 1.1964 3.2511 1.0028 2.3415
6310 3155.0 3.2584 0.8640 3.2584 0.9716 2.3378
6320 3160.0 3.2350 2.1125 3.2350 0.9887 2.4240
6330 3165.0 3.2498 1.2608 3.2498 0.9787 2.4126
6340 3170.0 3.2587 0.8539 3.2587 0.9595 2.4346
6350 3175.0 3.2429 1.6280 3.2429 1.0167 2.4547
6360 3180.0 3.2551 1.0090 3.2551 0.9567 2.5663
6370 3185.0 3.2357 2.0686 3.2357 0.9807 2.5201
6380 3190.0 3.2003 4.9748 3.2003 0.9881 2.5598
6390 3195.0 3.2292 2.5048 3.2292 0.9717 2.4869
6400 3200.0 3.2503 1.2356 3.2503 1.0102 2.4889
6410 3205.0 3.2450 1.5152 3.2450 0.9432 2.4652
6420 3210.0 3.2455 1.4868 3.2455 1.0118 2.3835
6430 3215.0 3.2403 1.7834 3.2403 0.9583 2.4663
6440 3220.0 3.2385 1.8912 3.2385 1.0173 2.4708
6450 3225.0 3.2413 1.7228 3.2413 0.9592 2.4700
6460 3230.0 3.2566 0.9412 3.2566 1.0021 2.4027
6470 3235.0 3.2505 1.2264 3.2505 0.9667 2.4595
6480 3240.0 3.2494 1.2803 3.2494 0.9912 2.4976
6490 3245.0 3.2718 0.3977 3.2718 0.9958 2.4475
6500 3250.0 3.2533 1.0895 3.2533 0.9675 2.4643
6510 3255.0 3.2166 3.4764 3.2166 0.9904 2.5102
6520 3260.0 3.2829 0.1454 3.2829 0.9816 2.4031
6530 3265.0 3.2416 1.7036 3.2416 0.9787 2.2855
6540 3270.0 3.2932 0.0233 3.2932 0.9803 2.3003
6550 3275.0 3.2595 0.8215 3.2595 0.9874 2.3521
6560 3280.0 3.2538 1.0693 3.2538 0.9790 2.3419
6570 3285.0 3.2947 0.0138 3.2947 0.9774 2.2817
6580 3290.0 3.3058 0.0171 3.3058 0.9890 2.2675
6590 3295.0 3.2929 0.0253 3.2929 0.9758 2.2813
6600 3300.0 3.3076 0.0290 3.3076 0.9919 2.2704
6610 3305.0 3.2850 0.1129 3.2850 0.9863 2.3359
6620 3310.0 3.2358 2.0616 3.2358 0.9840 2.4400
6630 3315.0 3.2781 0.2397 3.2781 0.9989 2.4403
6640 3320.0 3.3051 0.0128 3.3051 0.9759 2.4281
6650 3325.0 3.2707 0.4288 3.2707 0.9893 2.4557
6660 3330.0 3.2876 0.0770 3.2876 0.9772 2.4203
6670 3335.0 3.3139 0.0973 3.3139 0.9852 2.3983
6680 3340.0 3.3004 0.0001 3.3004 0.9851 2.4275
6690 3345.0 3.2455 1.4838 3.2455 0.9850 2.4716
6700 3350.0 3.2448 1.5223 3.2448 0.9810 2.4612
6710 3355.0 3.2737 0.3461 3.2737 0.9865 2.4528
6720 3360.0 3.3174 0.1514 3.3174 0.9905 2.4545
6730 3365.0 3.3067 0.0225 3.3067 0.9846 2.4699
6740 3370.0 3.2505 1.2240 3.2505 0.9814 2.4606
6750 3375.0 3.2899 0.0512 3.2899 0.9871 2.5155
6760 3380.0 3.2787 0.2266 3.2787 0.9965 2.6212
6770 3385.0 3.2126 3.8200 3.2126 0.9895 2.6673
6780 3390.0 3.3047 0.0108 3.3047 0.9876 2.5416
6790 3395.0 3.3529 1.3973 3.3529 0.9807 2.4558
6800 3400.0 3.3158 0.1243 3.3158 0.9893 2.5125
6810 3405.0 3.1844 6.6854 3.1844 1.0063 2.6660
6820 3410.0 3.2384 1.8991 3.2384 0.9649 2.6183
6830 3415.0 3.4137 6.4660 3.4137 0.9976 2.4470
6840 3420.0 3.3506 1.2779 3.3506 0.9594 2.5523
6850 3425.0 3.1882 6.2511 3.1882 1.0284 2.7369
6860 3430.0 3.2916 0.0352 3.2916 0.9549 2.6339
6870 3435.0 3.3890 3.9561 3.3890 1.0074 2.5114
6880 3440.0 3.2467 1.4210 3.2467 0.9676 2.6410
6890 3445.0 3.1932 5.7041 3.1932 1.0154 2.6895
6900 3450.0 3.3238 0.2826 3.3238 0.9836 2.5488
6910 3455.0 3.3827 3.4224 3.3827 0.9957 2.4444
6920 3460.0 3.3171 0.1468 3.3171 0.9812 2.5036
6930 3465.0 3.2295 2.4852 3.2295 0.9698 2.5935
6940 3470.0 3.2940 0.0178 3.2940 1.0126 2.5090
6950 3475.0 3.2385 1.8897 3.2385 0.9659 2.3779
6960 3480.0 3.2106 3.9970 3.2106 0.9891 2.3226
6970 3485.0 3.3453 1.0278 3.3453 0.9768 2.4070
6980 3490.0 3.2300 2.4526 3.2300 0.9931 2.5263
6990 3495.0 3.2571 0.9222 3.2571 0.9447 2.5205
7000 3500.0 3.3110 0.0601 3.3110 1.0186 2.4183
7010 3505.0 3.2403 1.7848 3.2403 0.9460 2.3590
7020 3510.0 3.2168 3.4606 3.2168 1.0193 2.3477
7030 3515.0 3.2774 0.2560 3.2774 0.9568 2.4942
7040 3520.0 3.2379 1.9261 3.2379 1.0001 2.5507
7050 3525.0 3.2520 1.1500 3.2520 0.9668 2.5480
7060 3530.0 3.2579 0.8879 3.2579 0.9987 2.5033
7070 3535.0 3.2522 1.1401 3.2522 0.9695 2.5396
7080 3540.0 3.2527 1.1168 3.2527 0.9975 2.5747
7090 3545.0 3.2381 1.9176 3.2381 0.9774 2.5684
7100 3550.0 3.2708 0.4264 3.2708 0.9782 2.5076
7110 3555.0 3.2721 0.3881 3.2721 0.9952 2.4529
7120 3560.0 3.2543 1.0443 3.2543 0.9710 2.4149
7130 3565.0 3.2777 0.2480 3.2777 1.0043 2.3746
7140 3570.0 3.2927 0.0268 3.2927 0.9483 2.4150
7150 3575.0 3.2612 0.7515 3.2612 1.0273 2.4485
7160 3580.0 3.2407 1.7576 3.2407 0.9216 2.5196
7170 3585.0 3.3100 0.0503 3.3100 1.0338 2.4115
7180 3590.0 3.2833 0.1402 3.2833 0.9362 2.3761
7190 3595.0 3.2162 3.5116 3.2162 1.0018 2.3206
7200 3600.0 3.3172 0.1475 3.3172 0.9888 2.4628
7210 3605.0 3.2830 0.1448 3.2830 0.9843 2.5712
7220 3610.0 3.2221 3.0348 3.2221 0.9877 2.6273
7230 3615.0 3.2711 0.4163 3.2711 0.9624 2.5855
7240 3620.0 3.2739 0.3398 3.2739 1.0244 2.5341
7250 3625.0 3.2344 2.1510 3.2344 0.9777 2.5024
7260 3630.0 3.2639 0.6505 3.2639 1.0032 2.4531
7270 3635.0 3.2649 0.6166 3.2649 0.9491 2.5093
7280 3640.0 3.2627 0.6954 3.2627 1.0124 2.5335
7290 3645.0 3.2691 0.4784 3.2691 0.9651 2.5875
7300 3650.0 3.2727 0.3714 3.2727 0.9911 2.5464
7310 3655.0 3.2776 0.2502 3.2776 0.9823 2.5112
7320 3660.0 3.2639 0.6510 3.2639 0.9675 2.5598
7330 3665.0 3.2181 3.3534 3.2181 0.9926 2.6528
7340 3670.0 3.3068 0.0229 3.3068 0.9845 2.5416
7350 3675.0 3.1706 8.3782 3.1706 0.9940 2.4160
7360 3680.0 3.2229 2.9748 3.2229 0.9652 2.5521
7370 3685.0 3.1884 6.2243 3.1884 0.9960 2.7780
7380 3690.0 3.2134 3.7469 3.2134 0.9557 2.7713
7390 3695.0 3.2764 0.2788 3.2764 1.0109 2.5318
7400 3700.0 3.1545 10.5818 3.1545 0.9556 2.4026
7410 3705.0 3.2783 0.2356 3.2783 1.0177 2.4376
7420 3710.0 3.3234 0.2736 3.3234 0.9584 2.6071
7430 3715.0 3.2030 4.7087 3.2030 0.9971 2.6715
7440 3720.0 3.2659 0.5816 3.2659 0.9708 2.5615
7450 3725.0 3.3434 0.9398 3.3434 0.9819 2.4502
7460 3730.0 3.3111 0.0620 3.3111 0.9956 2.4612
7470 3735.0 3.2407 1.7602 3.2407 0.9769 2.5173
7480 3740.0 3.2523 1.1365 3.2523 1.0089 2.5008
7490 3745.0 3.3519 1.3453 3.3519 0.9537 2.4463
7500 3750.0 3.3723 2.6135 3.3723 1.0324 2.4238
7510 3755.0 3.2964 0.0064 3.2964 0.9577 2.5524
7520 3760.0 3.2660 0.5783 3.2660 1.0282 2.5780
7530 3765.0 3.3074 0.0276 3.3074 0.9443 2.5680
7540 3770.0 3.3051 0.0131 3.3051 1.0414 2.5790
7550 3775.0 3.2990 0.0005 3.2990 0.9341 2.6331
7560 3780.0 3.2734 0.3531 3.2734 1.0462 2.6286
7570 3785.0 3.3181 0.1637 3.3181 0.9352 2.5736
7580 3790.0 3.3541 1.4632 3.3541 1.0286 2.4968
7590 3795.0 3.3399 0.7959 3.3399 0.9484 2.5217
7600 3800.0 3.2889 0.0615 3.2889 1.0215 2.5943
7610 3805.0 3.2708 0.4263 3.2708 0.9661 2.6477
7620 3810.0 3.2732 0.3602 3.2732 0.9942 2.6111
7630 3815.0 3.3111 0.0614 3.3111 0.9874 2.5240
7640 3820.0 3.3468 1.0972 3.3468 0.9792 2.4740
7650 3825.0 3.3123 0.0755 3.3123 1.0167 2.5122
7660 3830.0 3.1650 9.1179 3.1650 0.9639 2.6478
7670 3835.0 3.2503 1.2341 3.2503 1.0260 2.5402
7680 3840.0 3.3626 1.9610 3.3626 0.9627 2.4375
7690 3845.0 3.3241 0.2913 3.3241 1.0205 2.4207
7700 3850.0 3.2804 0.1927 3.2804 0.9454 2.4538
7710 3855.0 3.3086 0.0369 3.3086 1.0368 2.4716
7720 3860.0 3.2758 0.2930 3.2758 0.9304 2.5786
7730 3865.0 3.2436 1.5911 3.2436 1.0427 2.5659
7740 3870.0 3.2732 0.3578 3.2732 0.9288 2.5583
7750 3875.0 3.2708 0.4252 3.2708 1.0480 2.5094
7760 3880.0 3.3230 0.2656 3.3230 0.9331 2.4370
7770 3885.0 3.3942 4.4376 3.3942 1.0094 2.3331
7780 3890.0 3.3014 0.0010 3.3014 0.9699 2.4308
7790 3895.0 3.2096 4.0895 3.2096 0.9904 2.5401
7800 3900.0 3.2354 2.0882 3.2354 0.9994 2.5687
7810 3905.0 3.2456 1.4808 3.2456 0.9969 2.6381
7820 3910.0 3.2534 1.0880 3.2534 1.0011 2.7043
7830 3915.0 3.3501 1.2550 3.3501 0.9613 2.6709
7840 3920.0 3.3356 0.6351 3.3356 1.0146 2.6679
7850 3925.0 3.3280 0.3922 3.3280 0.9634 2.7440
7860 3930.0 3.2932 0.0232 3.2932 1.0211 2.7655
7870 3935.0 3.3380 0.7206 3.3380 0.9496 2.6608
7880 3940.0 3.2595 0.8218 3.2595 1.0257 2.6984
7890 3945.0 3.2725 0.3790 3.2725 0.9320 2.6616
7900 3950.0 3.2396 1.8267 3.2396 1.0416 2.6397
7910 3955.0 3.3310 0.4810 3.3310 0.9451 2.5384
7920 3960.0 3.2715 0.4064 3.2715 1.0639 2.4639
7930 3965.0 3.3170 0.1440 3.3170 0.9241 2.5146
7940 3970.0 3.2519 1.1561 3.2519 1.0641 2.5787
7950 3975.0 3.2721 0.3878 3.2721 0.9329 2.6396
7960 3980.0 3.2786 0.2288 3.2786 1.0435 2.6341
7970 3985.0 3.2812 0.1765 3.2812 0.9510 2.6484
7980 3990.0 3.2749 0.3150 3.2749 1.0249 2.5905
7990 3995.0 3.2903 0.0467 3.2903 0.9598 2.5411
8000 4000.0 3.2609 0.7659 3.2609 1.0093 2.4976
8010 4005.0 3.2980 0.0019 3.2980 0.9862 2.5541
8020 4010.0 3.2703 0.4414 3.2703 0.9968 2.6287
8030 4015.0 3.2526 1.1225 3.2526 0.9834 2.6576
8040 4020.0 3.3091 0.0415 3.3091 0.9800 2.6109
8050 4025.0 3.3051 0.0130 3.3051 1.0090 2.6171
8060 4030.0 3.2633 0.6752 3.2633 0.9561 2.6320
8070 4035.0 3.3032 0.0053 3.3032 1.0042 2.5886
8080 4040.0 3.3245 0.3004 3.3245 0.9622 2.4977
8090 4045.0 3.2519 1.1550 3.2519 0.9967 2.4033
8100 4050.0 3.3074 0.0270 3.3074 0.9612 2.4184
8110 4055.0 3.3307 0.4702 3.3307 0.9977 2.4593
8120 4060.0 3.3195 0.1900 3.3195 0.9767 2.5952
8130 4065.0 3.2387 1.8801 3.2387 0.9978 2.6321
8140 4070.0 3.2728 0.3697 3.2728 0.9876 2.6550
8150 4075.0 3.3341 0.5819 3.3341 0.9716 2.6132
8160 4080.0 3.2723 0.3835 3.2723 0.9896 2.7011
8170 4085.0 3.2763 0.2798 3.2763 0.9735 2.7401
8180 4090.0 3.3553 1.5301 3.3553 0.9876 2.6816
8190 4095.0 3.3064 0.0204 3.3064 0.9755 2.6187
8200 4100.0 3.2848 0.1162 3.2848 0.9721 2.6239
8210 4105.0 3.3256 0.3289 3.3256 0.9849 2.6944
8220 4110.0 3.3539 1.4530 3.3539 0.9731 2.7066
8230 4115.0 3.3022 0.0023 3.3022 0.9902 2.6149
8240 4120.0 3.2352 2.0970 3.2352 0.9697 2.5101
8250 4125.0 3.2507 1.2161 3.2507 0.9854 2.5047
8260 4130.0 3.3024 0.0030 3.3024 1.0019 2.5602
8270 4135.0 3.2189 3.2922 3.2189 0.9573 2.5699
8280 4140.0 3.2718 0.3985 3.2718 1.0222 2.4927
8290 4145.0 3.2972 0.0040 3.2972 0.9672 2.3946
8300 4150.0 3.2506 1.2197 3.2506 1.0369 2.2948
8310 4155.0 3.2831 0.1435 3.2831 0.9420 2.3399
8320 4160.0 3.2781 0.2408 3.2781 1.0444 2.4547
8330 4165.0 3.2735 0.3515 3.2735 0.9495 2.6282
8340 4170.0 3.2119 3.8826 3.2119 1.0250 2.7287
8350 4175.0 3.3051 0.0129 3.3051 0.9727 2.6041
8360 4180.0 3.2343 2.1550 3.2343 1.0247 2.4732
8370 4185.0 3.2561 0.9650 3.2561 0.9566 2.4631
8380 4190.0 3.2643 0.6363 3.2643 1.0433 2.5915
8390 4195.0 3.2307 2.4011 3.2307 0.9519 2.6403
8400 4200.0 3.2695 0.4656 3.2695 1.0540 2.5388
8410 4205.0 3.2760 0.2878 3.2760 0.9529 2.3679
8420 4210.0 3.2617 0.7345 3.2617 1.0139 2.3057
8430 4215.0 3.2993 0.0002 3.2993 0.9748 2.3712
8440 4220.0 3.2730 0.3653 3.2730 1.0094 2.5089
8450 4225.0 3.2117 3.8951 3.2117 0.9641 2.5758
8460 4230.0 3.2642 0.6392 3.2642 1.0163 2.4986
8470 4235.0 3.3312 0.4870 3.3312 0.9610 2.4109
8480 4240.0 3.3460 1.0591 3.3460 1.0155 2.3671
8490 4245.0 3.3391 0.7628 3.3391 0.9756 2.3923
8500 4250.0 3.2223 3.0215 3.2223 1.0211 2.5137
8510 4255.0 3.1950 5.5116 3.1950 0.9521 2.5268
8520 4260.0 3.3273 0.3728 3.3273 1.0324 2.3708
8530 4265.0 3.3478 1.1419 3.3478 0.9483 2.3364
8540 4270.0 3.2894 0.0566 3.2894 1.0357 2.4083
8550 4275.0 3.2078 4.2519 3.2078 0.9481 2.5011
8560 4280.0 3.2554 0.9954 3.2554 1.0230 2.4450
8570 4285.0 3.3655 2.1460 3.3655 0.9663 2.2912
8580 4290.0 3.3230 0.2653 3.3230 1.0065 2.2996
8590 4295.0 3.2173 3.4204 3.2173 0.9688 2.4031
8600 4300.0 3.2479 1.3594 3.2479 0.9920 2.3644
8610 4305.0 3.3386 0.7458 3.3386 0.9819 2.2665
8620 4310.0 3.3466 1.0868 3.3466 0.9830 2.2713
8630 4315.0 3.2890 0.0605 3.2890 1.0004 2.4001
8640 4320.0 3.1928 5.7487 3.1928 0.9782 2.5694
8650 4325.0 3.2676 0.5246 3.2676 0.9952 2.5351
8660 4330.0 3.3508 1.2898 3.3508 0.9798 2.4043
8670 4335.0 3.2711 0.4180 3.2711 1.0115 2.2740
8680 4340.0 3.2831 0.1432 3.2831 0.9541 2.2734
8690 4345.0 3.2917 0.0344 3.2917 1.0363 2.3094
8700 4350.0 3.3129 0.0833 3.3129 0.9633 2.4310
8710 4355.0 3.1846 6.6628 3.1846 1.0153 2.5409
8720 4360.0 3.3019 0.0018 3.3019 0.9600 2.4577
8730 4365.0 3.3430 0.9244 3.3430 1.0079 2.3528
8740 4370.0 3.2607 0.7713 3.2607 0.9950 2.2689
8750 4375.0 3.2683 0.5019 3.2683 0.9603 2.3181
8760 4380.0 3.3155 0.1203 3.3155 1.0385 2.5034
8770 4385.0 3.2319 2.3216 3.2319 0.9666 2.6914
8780 4390.0 3.2270 2.6644 3.2270 1.0175 2.7165
8790 4395.0 3.2754 0.3036 3.2754 0.9667 2.5199
8800 4400.0 3.1774 7.5130 3.1774 0.9990 2.4181
8810 4405.0 3.3334 0.5563 3.3334 0.9591 2.5418
8820 4410.0 3.3285 0.4071 3.3285 1.0010 2.6490
8830 4415.0 3.2299 2.4591 3.2299 0.9788 2.7863
8840 4420.0 3.2697 0.4581 3.2697 0.9825 2.7515
8850 4425.0 3.3527 1.3866 3.3527 0.9892 2.6270
8860 4430.0 3.3884 3.9056 3.3884 0.9549 2.5634
8870 4435.0 3.3200 0.2001 3.3200 0.9945 2.6276
8880 4440.0 3.2060 4.4215 3.2060 0.9759 2.7384
8890 4445.0 3.2800 0.2001 3.2800 0.9866 2.6137
8900 4450.0 3.3994 4.9390 3.3994 0.9819 2.4460
8910 4455.0 3.3282 0.3968 3.3282 0.9929 2.4839
8920 4460.0 3.1817 6.9966 3.1817 0.9788 2.6019
8930 4465.0 3.2964 0.0066 3.2964 1.0163 2.4587
8940 4470.0 3.3670 2.2457 3.3670 0.9599 2.3702
8950 4475.0 3.2793 0.2144 3.2793 1.0110 2.4517
8960 4480.0 3.2168 3.4580 3.2168 0.9827 2.5034
8970 4485.0 3.3019 0.0017 3.3019 1.0095 2.4217
8980 4490.0 3.2997 0.0000 3.2997 0.9728 2.4451
8990 4495.0 3.2666 0.5570 3.2666 0.9994 2.5117
9000 4500.0 3.2578 0.8890 3.2578 0.9758 2.5356
9010 4505.0 3.2710 0.4195 3.2710 1.0043 2.5420
9020 4510.0 3.2785 0.2306 3.2785 0.9753 2.5553
9030 4515.0 3.2833 0.1391 3.2833 0.9994 2.5660
9040 4520.0 3.2805 0.1902 3.2805 0.9717 2.5654
9050 4525.0 3.2819 0.1645 3.2819 1.0055 2.5671
9060 4530.0 3.2764 0.2779 3.2764 0.9811 2.5626
9070 4535.0 3.3022 0.0024 3.3022 1.0066 2.5281
9080 4540.0 3.2871 0.0826 3.2871 0.9809 2.5234
9090 4545.0 3.3032 0.0051 3.3032 1.0107 2.4792
9100 4550.0 3.3154 0.1184 3.3154 0.9831 2.4559
9110 4555.0 3.2851 0.1115 3.2851 1.0005 2.4910
9120 4560.0 3.2854 0.1067 3.2854 0.9907 2.4959
9130 4565.0 3.3216 0.2343 3.3216 1.0053 2.4692
9140 4570.0 3.3527 1.3910 3.3527 0.9847 2.4464
9150 4575.0 3.3067 0.0226 3.3067 1.0057 2.5150
9160 4580.0 3.2493 1.2828 3.2493 0.9709 2.5631
9170 4585.0 3.3141 0.0994 3.3141 0.9894 2.4868
9180 4590.0 3.3902 4.0697 3.3902 0.9900 2.4354
9190 4595.0 3.2929 0.0255 3.2929 0.9824 2.5598
9200 4600.0 3.2141 3.6937 3.2141 1.0026 2.5741
9210 4605.0 3.3023 0.0027 3.3023 0.9768 2.5676
9220 4610.0 3.3757 2.8654 3.3757 1.0147 2.4877
9230 4615.0 3.2701 0.4475 3.2701 0.9673 2.5716
9240 4620.0 3.2628 0.6936 3.2628 1.0083 2.5691
9250 4625.0 3.3373 0.6963 3.3373 0.9801 2.4541
9260 4630.0 3.2813 0.1744 3.2813 0.9799 2.4009
9270 4635.0 3.3129 0.0827 3.3129 1.0059 2.4350
9280 4640.0 3.3364 0.6613 3.3364 0.9869 2.4582
9290 4645.0 3.2883 0.0684 3.2883 0.9885 2.5149
9300 4650.0 3.2596 0.8179 3.2596 0.9984 2.5630
9310 4655.0 3.3050 0.0127 3.3050 0.9834 2.4909
9320 4660.0 3.2292 2.5073 3.2292 0.9849 2.4706
9330 4665.0 3.2912 0.0388 3.2912 0.9896 2.5771
9340 4670.0 3.2703 0.4399 3.2703 0.9923 2.6410
9350 4675.0 3.3150 0.1121 3.3150 0.9868 2.5992
9360 4680.0 3.2388 1.8703 3.2388 0.9990 2.5272
9370 4685.0 3.2536 1.0759 3.2536 0.9698 2.5268
9380 4690.0 3.3048 0.0115 3.3048 1.0108 2.5942
9390 4695.0 3.2978 0.0023 3.2978 0.9618 2.6420
9400 4700.0 3.3093 0.0437 3.3093 1.0218 2.6422
9410 4705.0 3.3520 1.3511 3.3520 0.9548 2.5691
9420 4710.0 3.3032 0.0050 3.3032 1.0411 2.4754
9430 4715.0 3.3068 0.0232 3.3068 0.9471 2.3962
9440 4720.0 3.2324 2.2850 3.2324 1.0173 2.3496
9450 4725.0 3.3027 0.0037 3.3027 0.9753 2.4323
9460 4730.0 3.3350 0.6124 3.3350 1.0165 2.4860
9470 4735.0 3.3265 0.3498 3.3265 0.9753 2.4385
9480 4740.0 3.2766 0.2737 3.2766 0.9874 2.3891
9490 4745.0 3.2571 0.9185 3.2571 0.9974 2.4131
9500 4750.0 3.3079 0.0310 3.3079 0.9613 2.5041
9510 4755.0 3.3276 0.3814 3.3276 1.0226 2.5760
9520 4760.0 3.3321 0.5142 3.3321 0.9632 2.6425
9530 4765.0 3.2581 0.8761 3.2581 0.9984 2.7235
9540 4770.0 3.2920 0.0321 3.2920 0.9636 2.6783
9550 4775.0 3.3381 0.7240 3.3381 0.9957 2.6151
9560 4780.0 3.3012 0.0007 3.3012 0.9836 2.6282
9570 4785.0 3.2733 0.3568 3.2733 0.9739 2.6336
9580 4790.0 3.3178 0.1576 3.3178 0.9872 2.5772
9590 4795.0 3.3041 0.0085 3.3041 0.9570 2.5846
9600 4800.0 3.2520 1.1544 3.2520 0.9988 2.6458
9610 4805.0 3.2583 0.8708 3.2583 0.9561 2.6436
9620 4810.0 3.2958 0.0088 3.2958 1.0097 2.6413
9630 4815.0 3.2999 0.0000 3.2999 0.9642 2.6668
9640 4820.0 3.2595 0.8185 3.2595 1.0005 2.7406
9650 4825.0 3.2904 0.0458 3.2904 0.9815 2.7510
9660 4830.0 3.3096 0.0458 3.3096 0.9875 2.7332
9670 4835.0 3.2955 0.0100 3.2955 0.9923 2.6397
9680 4840.0 3.2617 0.7325 3.2617 0.9856 2.6084
9690 4845.0 3.2669 0.5486 3.2669 0.9650 2.6185
9700 4850.0 3.3119 0.0713 3.3119 0.9908 2.6038
9710 4855.0 3.3196 0.1927 3.3196 0.9768 2.6245
9720 4860.0 3.2803 0.1940 3.2803 0.9923 2.7017
9730 4865.0 3.2619 0.7253 3.2619 0.9533 2.7199
9740 4870.0 3.2899 0.0514 3.2899 0.9963 2.7349
9750 4875.0 3.3316 0.4991 3.3316 0.9711 2.6514
9760 4880.0 3.3035 0.0062 3.3035 1.0116 2.6934
9770 4885.0 3.2692 0.4739 3.2692 0.9729 2.7227
9780 4890.0 3.3111 0.0611 3.3111 0.9805 2.7332
9790 4895.0 3.3637 2.0295 3.3637 0.9703 2.7886
9800 4900.0 3.3119 0.0712 3.3119 0.9899 2.7828
9810 4905.0 3.2231 2.9550 3.2231 0.9727 2.6914
9820 4910.0 3.2612 0.7527 3.2612 0.9892 2.7396
9830 4915.0 3.3265 0.3504 3.3265 0.9652 2.7889
9840 4920.0 3.2368 2.0000 3.2368 0.9927 2.6856
9850 4925.0 3.2779 0.2443 3.2779 0.9366 2.6945
9860 4930.0 3.3516 1.3287 3.3516 1.0186 2.7611
9870 4935.0 3.2440 1.5707 3.2440 0.9342 2.8424
9880 4940.0 3.1977 5.2299 3.1977 0.9872 2.8538
9890 4945.0 3.3393 0.7703 3.3393 0.9851 2.7020
9900 4950.0 3.3477 1.1398 3.3477 0.9726 2.6849
9910 4955.0 3.2371 1.9810 3.2371 0.9973 2.6486
9920 4960.0 3.2446 1.5343 3.2446 0.9293 2.6726
9930 4965.0 3.2283 2.5691 3.2283 1.0174 2.7539
9940 4970.0 3.3365 0.6678 3.3365 0.9538 2.7011
9950 4975.0 3.3199 0.1972 3.3199 1.0111 2.5693
9960 4980.0 3.3188 0.1764 3.3188 0.9502 2.4728
9970 4985.0 3.3053 0.0142 3.3053 0.9972 2.4066
9980 4990.0 3.2874 0.0788 3.2874 0.9658 2.4123
9990 4995.0 3.2405 1.7686 3.2405 0.9797 2.4695
10000 5000.0 3.2556 0.9872 3.2556 0.9849 2.4811
10010 5005.0 3.2862 0.0955 3.2862 0.9741 2.4798
10020 5010.0 3.2951 0.0121 3.2951 1.0103 2.4534
10030 5015.0 3.2855 0.1045 3.2855 0.9683 2.4551
10040 5020.0 3.2842 0.1240 3.2842 1.0156 2.5049
10050 5025.0 3.3210 0.2202 3.3210 0.9460 2.5987
10060 5030.0 3.3120 0.0716 3.3120 1.0188 2.6697
10070 5035.0 3.2397 1.8202 3.2397 0.9393 2.7606
10080 5040.0 3.2237 2.9111 3.2237 1.0006 2.7569
10090 5045.0 3.3110 0.0600 3.3110 0.9749 2.6176
10100 5050.0 3.2593 0.8270 3.2593 0.9913 2.5083
10110 5055.0 3.2708 0.4262 3.2708 0.9815 2.5239
10120 5060.0 3.3126 0.0794 3.3126 0.9856 2.5963
10130 5065.0 3.1946 5.5542 3.1946 1.0038 2.6549
10140 5070.0 3.2771 0.2625 3.2771 0.9466 2.6050
10150 5075.0 3.2494 1.2789 3.2494 1.0266 2.5023
10160 5080.0 3.2468 1.4155 3.2468 0.9430 2.4909
10170 5085.0 3.2791 0.2177 3.2791 1.0179 2.5400
10180 5090.0 3.2931 0.0239 3.2931 0.9536 2.5616
10190 5095.0 3.2540 1.0562 3.2540 1.0058 2.5680
10200 5100.0 3.3083 0.0346 3.3083 0.9647 2.4960
10210 5105.0 3.3376 0.7056 3.3376 0.9862 2.4451
10220 5110.0 3.3362 0.6566 3.3362 0.9905 2.4231
10230 5115.0 3.2733 0.3566 3.2733 0.9838 2.4807
10240 5120.0 3.2413 1.7245 3.2413 0.9800 2.5439
10250 5125.0 3.2927 0.0267 3.2927 0.9987 2.5193
10260 5130.0 3.3141 0.0996 3.3141 0.9825 2.4963
10270 5135.0 3.2879 0.0732 3.2879 0.9641 2.5287
10280 5140.0 3.3124 0.0775 3.3124 1.0012 2.5401
10290 5145.0 3.3268 0.3585 3.3268 0.9438 2.5658
10300 5150.0 3.2938 0.0194 3.2938 1.0218 2.6366
10310 5155.0 3.2798 0.2039 3.2798 0.9359 2.6509
10320 5160.0 3.3059 0.0174 3.3059 1.0244 2.6363
10330 5165.0 3.2930 0.0245 3.2930 0.9403 2.6528
10340 5170.0 3.2827 0.1493 3.2827 1.0391 2.6838
10350 5175.0 3.2750 0.3137 3.2750 0.9455 2.6737
10360 5180.0 3.2468 1.4127 3.2468 1.0091 2.6954
10370 5185.0 3.2361 2.0438 3.2361 0.9726 2.7252
10380 5190.0 3.2611 0.7563 3.2611 0.9849 2.6771
10390 5195.0 3.1968 5.3288 3.1968 1.0085 2.5640
10400 5200.0 3.2729 0.3677 3.2729 0.9595 2.6187
10410 5205.0 3.1626 9.4388 3.1626 0.9960 2.7651
10420 5210.0 3.2580 0.8804 3.2580 0.9501 2.6571
10430 5215.0 3.2306 2.4056 3.2306 1.0134 2.4735
10440 5220.0 3.2805 0.1911 3.2805 0.9602 2.5058
10450 5225.0 3.2669 0.5468 3.2669 1.0012 2.6796
10460 5230.0 3.1913 5.9038 3.1913 0.9662 2.7600
10470 5235.0 3.2738 0.3429 3.2738 0.9675 2.6441
10480 5240.0 3.2979 0.0021 3.2979 0.9852 2.6134
10490 5245.0 3.2384 1.8988 3.2384 0.9773 2.7143
10500 5250.0 3.2399 1.8057 3.2399 0.9842 2.6655
10510 5255.0 3.2733 0.3559 3.2733 0.9747 2.4562
10520 5260.0 3.2436 1.5908 3.2436 0.9825 2.3359
10530 5265.0 3.2632 0.6758 3.2632 0.9820 2.3693
10540 5270.0 3.2597 0.8134 3.2597 0.9891 2.4713
10550 5275.0 3.1738 7.9669 3.1738 0.9763 2.4762
10560 5280.0 3.3019 0.0018 3.3019 0.9780 2.3119
10570 5285.0 3.2933 0.0225 3.2933 0.9892 2.1855
10580 5290.0 3.3299 0.4459 3.3299 0.9845 2.2115
10590 5295.0 3.3568 1.6125 3.3568 0.9847 2.3294
10600 5300.0 3.2282 2.5793 3.2282 0.9848 2.5568
10610 5305.0 3.2150 3.6123 3.2150 0.9872 2.6526
10620 5310.0 3.3593 1.7603 3.3593 0.9914 2.5277
10630 5315.0 3.2822 0.1590 3.2822 0.9814 2.3847
10640 5320.0 3.2162 3.5136 3.2162 0.9671 2.3386
10650 5325.0 3.2878 0.0743 3.2878 0.9925 2.5269
10660 5330.0 3.2513 1.1883 3.2513 0.9870 2.6763
10670 5335.0 3.2084 4.1970 3.2084 0.9665 2.6707
10680 5340.0 3.3344 0.5912 3.3344 0.9756 2.5990
10690 5345.0 3.3008 0.0003 3.3008 0.9859 2.4690
10700 5350.0 3.2264 2.7112 3.2264 0.9673 2.4593
10710 5355.0 3.3655 2.1441 3.3655 1.0112 2.6376
10720 5360.0 3.2139 3.7088 3.2139 0.9406 2.8016
10730 5365.0 3.1766 7.6083 3.1766 0.9821 2.7742
10740 5370.0 3.3130 0.0846 3.3130 0.9702 2.7660
10750 5375.0 3.3384 0.7356 3.3384 0.9970 2.7134
10760 5380.0 3.2733 0.3576 3.2733 0.9734 2.7366
10770 5385.0 3.2641 0.6459 3.2641 0.9544 2.7473
10780 5390.0 3.2900 0.0500 3.2900 1.0073 2.7215
10790 5395.0 3.3170 0.1445 3.3170 0.9597 2.6197
10800 5400.0 3.2885 0.0662 3.2885 1.0009 2.5325
10810 5405.0 3.2455 1.4856 3.2455 0.9678 2.5248
10820 5410.0 3.2750 0.3137 3.2750 0.9870 2.4449
10830 5415.0 3.2777 0.2495 3.2777 0.9816 2.3652
10840 5420.0 3.2666 0.5579 3.2666 0.9706 2.3474
10850 5425.0 3.2016 4.8460 3.2016 0.9858 2.3915
10860 5430.0 3.1930 5.7246 3.1930 0.9701 2.3816
10870 5435.0 3.2611 0.7558 3.2611 0.9862 2.2802
10880 5440.0 3.2593 0.8281 3.2593 0.9831 2.2542
10890 5445.0 3.2192 3.2605 3.2192 0.9870 2.3381
10900 5450.0 3.2337 2.1952 3.2337 0.9926 2.3471
10910 5455.0 3.2553 0.9981 3.2553 0.9907 2.3046
10920 5460.0 3.2605 0.7788 3.2605 0.9897 2.3816
10930 5465.0 3.2084 4.1974 3.2084 0.9850 2.5069
10940 5470.0 3.2395 1.8306 3.2395 0.9709 2.5633
10950 5475.0 3.2504 1.2283 3.2504 0.9988 2.5394
10960 5480.0 3.2356 2.0712 3.2356 0.9559 2.5456
10970 5485.0 3.2673 0.5355 3.2673 0.9952 2.6594
10980 5490.0 3.2033 4.6784 3.2033 0.9719 2.5333
10990 5495.0 3.2301 2.4429 3.2301 0.9919 2.5587
11000 5500.0 3.2472 1.3925 3.2472 0.9683 2.5872
11010 5505.0 3.1980 5.2020 3.1980 0.9695 2.4342
11020 5510.0 3.2380 1.9232 3.2380 0.9691 2.4723
11030 5515.0 3.1708 8.3495 3.1708 0.9971 2.5458
11040 5520.0 3.2336 2.2073 3.2336 0.9749 2.4366
11050 5525.0 3.2277 2.6137 3.2277 0.9842 2.3097
11060 5530.0 3.2287 2.5425 3.2287 0.9892 2.2667
11070 5535.0 3.2485 1.3243 3.2485 0.9799 2.3812
11080 5540.0 3.2227 2.9853 3.2227 0.9985 2.4729
11090 5545.0 3.2811 0.1792 3.2811 0.9716 2.4461
11100 5550.0 3.2801 0.1985 3.2801 0.9938 2.4153
11110 5555.0 3.2858 0.1003 3.2858 0.9665 2.4385
11120 5560.0 3.2606 0.7755 3.2606 0.9891 2.5518
11130 5565.0 3.2076 4.2686 3.2076 0.9769 2.5955
11140 5570.0 3.2550 1.0126 3.2550 0.9605 2.5127
11150 5575.0 3.2774 0.2547 3.2774 0.9991 2.3641
11160 5580.0 3.2880 0.0722 3.2880 0.9416 2.3471
11170 5585.0 3.2833 0.1390 3.2833 1.0297 2.4225
11180 5590.0 3.1798 7.2256 3.1798 0.9510 2.5129
11190 5595.0 3.2853 0.1084 3.2853 1.0275 2.3902
11200 5600.0 3.3054 0.0146 3.3054 0.9568 2.2762
11210 5605.0 3.2853 0.1084 3.2853 1.0176 2.2281
11220 5610.0 3.3502 1.2580 3.3502 0.9618 2.3054
11230 5615.0 3.2885 0.0659 3.2885 1.0188 2.4290
11240 5620.0 3.1947 5.5417 3.1947 0.9683 2.5578
11250 5625.0 3.2626 0.6976 3.2626 1.0234 2.4880
11260 5630.0 3.3376 0.7050 3.3376 0.9548 2.3704
11270 5635.0 3.3544 1.4801 3.3544 1.0116 2.2831
11280 5640.0 3.3290 0.4213 3.3290 0.9680 2.2346
11290 5645.0 3.2793 0.2151 3.2793 0.9865 2.2029
11300 5650.0 3.3228 0.2602 3.3228 1.0002 2.2798
11310 5655.0 3.3373 0.6962 3.3373 0.9733 2.3684
11320 5660.0 3.2916 0.0350 3.2916 1.0094 2.4143
11330 5665.0 3.3263 0.3463 3.3263 0.9578 2.4687
11340 5670.0 3.3048 0.0118 3.3048 1.0106 2.4704
11350 5675.0 3.2970 0.0046 3.2970 0.9451 2.4813
11360 5680.0 3.2889 0.0615 3.2889 1.0330 2.5573
11370 5685.0 3.3020 0.0020 3.3020 0.9533 2.6295
11380 5690.0 3.2487 1.3163 3.2487 1.0248 2.6695
11390 5695.0 3.3000 0.0000 3.3000 0.9588 2.6005
11400 5700.0 3.2813 0.1753 3.2813 1.0008 2.6337
11410 5705.0 3.2735 0.3523 3.2735 0.9719 2.6793
11420 5710.0 3.3615 1.8935 3.3615 0.9994 2.5929
11430 5715.0 3.3434 0.9410 3.3434 0.9719 2.6352
11440 5720.0 3.2272 2.6508 3.2272 0.9930 2.7863
11450 5725.0 3.2263 2.7168 3.2263 0.9574 2.8125
11460 5730.0 3.3481 1.1570 3.3481 1.0074 2.6950
11470 5735.0 3.3201 0.2020 3.3201 0.9832 2.5864
11480 5740.0 3.2296 2.4814 3.2296 0.9984 2.4793
11490 5745.0 3.3143 0.1028 3.3143 0.9628 2.5262
11500 5750.0 3.3434 0.9400 3.3434 0.9930 2.5910
11510 5755.0 3.2758 0.2920 3.2758 0.9710 2.5971
11520 5760.0 3.2722 0.3876 3.2722 0.9805 2.6447
11530 5765.0 3.3281 0.3947 3.3281 0.9863 2.6935
11540 5770.0 3.3115 0.0665 3.3115 0.9582 2.6594
11550 5775.0 3.2554 0.9965 3.2554 1.0017 2.6050
11560 5780.0 3.2751 0.3112 3.2751 0.9443 2.6017
11570 5785.0 3.3276 0.3804 3.3276 1.0281 2.6468
11580 5790.0 3.3416 0.8661 3.3416 0.9525 2.5540
11590 5795.0 3.2912 0.0389 3.2912 1.0264 2.4369
11600 5800.0 3.3371 0.6890 3.3371 0.9515 2.4661
11610 5805.0 3.2954 0.0106 3.2954 1.0435 2.4620
11620 5810.0 3.3276 0.3804 3.3276 0.9453 2.4044
11630 5815.0 3.2981 0.0018 3.2981 1.0464 2.3255
11640 5820.0 3.3955 4.5642 3.3955 0.9474 2.4068
11650 5825.0 3.2496 1.2718 3.2496 1.0461 2.5599
11660 5830.0 3.2329 2.2545 3.2329 0.9452 2.5510
11670 5835.0 3.3230 0.2646 3.3230 1.0429 2.4266
11680 5840.0 3.3445 0.9893 3.3445 0.9431 2.4023
11690 5845.0 3.3056 0.0158 3.3056 1.0615 2.4715
11700 5850.0 3.2795 0.2111 3.2795 0.9378 2.4963
11710 5855.0 3.2712 0.4153 3.2712 1.0727 2.5118
11720 5860.0 3.3280 0.3909 3.3280 0.9196 2.4408
11730 5865.0 3.3302 0.4572 3.3302 1.0725 2.3572
11740 5870.0 3.3282 0.3985 3.3282 0.9306 2.3519
11750 5875.0 3.2994 0.0002 3.2994 1.0828 2.3805
11760 5880.0 3.3567 1.6070 3.3567 0.9312 2.4924
11770 5885.0 3.2659 0.5809 3.2659 1.0941 2.5496
11780 5890.0 3.3137 0.0939 3.3137 0.9670 2.6327
11790 5895.0 3.3049 0.0120 3.3049 1.0520 2.6706
11800 5900.0 3.2909 0.0411 3.2909 0.9870 2.6543
11810 5905.0 3.2840 0.1283 3.2840 1.0351 2.6772
11820 5910.0 3.2853 0.1077 3.2853 1.0011 2.6633
11830 5915.0 3.3398 0.7925 3.3398 1.0356 2.5935
11840 5920.0 3.3480 1.1500 3.3480 0.9835 2.4880
11850 5925.0 3.2910 0.0404 3.2910 1.0368 2.3397
11860 5930.0 3.3630 1.9871 3.3630 0.9463 2.3114
11870 5935.0 3.3422 0.8902 3.3422 1.0667 2.2385
11880 5940.0 3.3593 1.7577 3.3593 0.9383 2.2059
11890 5945.0 3.3413 0.8549 3.3413 1.0526 2.1008
11900 5950.0 3.2914 0.0372 3.2914 0.9205 2.1328
11910 5955.0 3.2802 0.1969 3.2802 1.0598 2.0674
11920 5960.0 3.3102 0.0522 3.3102 0.9280 2.1966
11930 5965.0 3.3360 0.6484 3.3360 1.0566 2.1826
11940 5970.0 3.3627 1.9665 3.3627 0.9302 2.3268
11950 5975.0 3.3752 2.8260 3.3752 1.0492 2.3415
11960 5980.0 3.3567 1.6076 3.3567 0.9271 2.3855
11970 5985.0 3.2856 0.1037 3.2856 1.0324 2.2969
11980 5990.0 3.2021 4.7902 3.2021 0.9571 2.2292
11990 5995.0 3.2898 0.0522 3.2898 1.0227 2.2198
12000 6000.0 3.3443 0.9807 3.3443 0.9616 2.3075
12010 6005.0 3.3007 0.0003 3.3007 1.0014 2.3464
12020 6010.0 3.1945 5.5701 3.1945 0.9850 2.4455
12030 6015.0 3.1846 6.6609 3.1846 0.9801 2.4518
12040 6020.0 3.3227 0.2566 3.3227 0.9999 2.3061
12050 6025.0 3.3542 1.4663 3.3542 0.9567 2.2775
12060 6030.0 3.3224 0.2499 3.3224 1.0295 2.3585
12070 6035.0 3.3129 0.0837 3.3129 0.9369 2.5180
12080 6040.0 3.2742 0.3327 3.2742 1.0565 2.6781
12090 6045.0 3.2691 0.4781 3.2691 0.9201 2.7342
12100 6050.0 3.2557 0.9797 3.2557 1.0308 2.7166
12110 6055.0 3.3330 0.5450 3.3330 0.9463 2.6306
12120 6060.0 3.3466 1.0848 3.3466 1.0235 2.6099
12130 6065.0 3.3100 0.0498 3.3100 0.9679 2.5960
12140 6070.0 3.2613 0.7484 3.2613 1.0149 2.5720
12150 6075.0 3.3073 0.0265 3.3073 0.9770 2.5025
12160 6080.0 3.3334 0.5590 3.3334 1.0225 2.4537
12170 6085.0 3.3363 0.6579 3.3363 0.9881 2.4336
12180 6090.0 3.3256 0.3264 3.3256 1.0094 2.4059
12190 6095.0 3.3110 0.0600 3.3110 0.9979 2.4321
12200 6100.0 3.2759 0.2899 3.2759 1.0123 2.5082
12210 6105.0 3.2434 1.6028 3.2434 0.9907 2.5787
12220 6110.0 3.2723 0.3825 3.2723 0.9998 2.5240
12230 6115.0 3.3561 1.5763 3.3561 0.9965 2.3791
12240 6120.0 3.3528 1.3934 3.3528 1.0094 2.3605
12250 6125.0 3.3007 0.0002 3.3007 0.9874 2.4730
12260 6130.0 3.2051 4.5007 3.2051 1.0006 2.5949
12270 6135.0 3.2403 1.7812 3.2403 0.9952 2.5767
12280 6140.0 3.3084 0.0349 3.3084 0.9763 2.5085
12290 6145.0 3.3046 0.0105 3.3046 1.0112 2.4788
12300 6150.0 3.2991 0.0004 3.2991 0.9738 2.5223
12310 6155.0 3.3340 0.5796 3.3340 1.0201 2.5798
12320 6160.0 3.2811 0.1780 3.2811 0.9617 2.6588
12330 6165.0 3.2163 3.5056 3.2163 1.0058 2.7123
12340 6170.0 3.2637 0.6596 3.2637 0.9599 2.6693
12350 6175.0 3.3197 0.1944 3.3197 1.0209 2.5841
12360 6180.0 3.3007 0.0003 3.3007 0.9657 2.5850
12370 6185.0 3.2514 1.1826 3.2514 0.9958 2.5813
12380 6190.0 3.3018 0.0016 3.3018 0.9727 2.5542
12390 6195.0 3.3260 0.3387 3.3260 1.0002 2.5560
12400 6200.0 3.2861 0.0965 3.2861 0.9790 2.5690
12410 6205.0 3.2544 1.0384 3.2544 0.9800 2.5799
12420 6210.0 3.3123 0.0762 3.3123 0.9721 2.5607
12430 6215.0 3.3458 1.0483 3.3458 0.9928 2.5785
12440 6220.0 3.3047 0.0109 3.3047 0.9753 2.6788
12450 6225.0 3.2782 0.2368 3.2782 0.9808 2.7645
12460 6230.0 3.3138 0.0957 3.3138 0.9876 2.7835
12470 6235.0 3.3369 0.6793 3.3369 0.9860 2.7862
12480 6240.0 3.3023 0.0026 3.3023 0.9726 2.8060
12490 6245.0 3.2916 0.0354 3.2916 0.9726 2.8061
12500 6250.0 3.3227 0.2579 3.3227 0.9780 2.7828
12510 6255.0 3.2870 0.0850 3.2870 0.9919 2.7944
12520 6260.0 3.2645 0.6313 3.2645 0.9675 2.7794
12530 6265.0 3.2715 0.4054 3.2715 0.9938 2.6935
12540 6270.0 3.3527 1.3894 3.3527 0.9671 2.5769
12550 6275.0 3.3119 0.0709 3.3119 1.0071 2.5689
12560 6280.0 3.2349 2.1167 3.2349 0.9474 2.6358
12570 6285.0 3.1822 6.9331 3.1822 0.9760 2.6457
12580 6290.0 3.2588 0.8490 3.2588 0.9766 2.5168
12590 6295.0 3.3317 0.5029 3.3317 0.9806 2.4062
12600 6300.0 3.2478 1.3618 3.2478 0.9882 2.4824
12610 6305.0 3.1914 5.8982 3.1914 0.9534 2.5530
12620 6310.0 3.2080 4.2356 3.2080 0.9893 2.5288
12630 6315.0 3.3073 0.0263 3.3073 0.9716 2.4174
12640 6320.0 3.3380 0.7207 3.3380 1.0020 2.3667
12650 6325.0 3.2784 0.2333 3.2784 0.9528 2.4645
12660 6330.0 3.2009 4.9062 3.2009 0.9998 2.5869
12670 6335.0 3.2405 1.7674 3.2405 0.9651 2.5648
12680 6340.0 3.3091 0.0415 3.3091 0.9986 2.4783
12690 6345.0 3.2970 0.0044 3.2970 0.9748 2.5006
12700 6350.0 3.1960 5.4107 3.1960 0.9940 2.6058
12710 6355.0 3.2582 0.8754 3.2582 0.9779 2.5502
12720 6360.0 3.3697 2.4278 3.3697 0.9802 2.4313
12730 6365.0 3.3345 0.5940 3.3345 0.9920 2.4727
12740 6370.0 3.2216 3.0697 3.2216 0.9684 2.6158
12750 6375.0 3.1998 5.0182 3.1998 0.9885 2.6509
12760 6380.0 3.3309 0.4762 3.3309 0.9734 2.5128
12770 6385.0 3.3529 1.3994 3.3529 0.9951 2.4855
12780 6390.0 3.2409 1.7447 3.2409 0.9685 2.6346
12790 6395.0 3.1905 5.9905 3.1905 0.9683 2.7201
12800 6400.0 3.2826 0.1511 3.2826 0.9978 2.6175
12810 6405.0 3.3436 0.9502 3.3436 0.9810 2.5457
12820 6410.0 3.2981 0.0018 3.2981 0.9919 2.6147
12830 6415.0 3.2549 1.0171 3.2549 0.9500 2.7254
12840 6420.0 3.2141 3.6923 3.2141 0.9993 2.7896
12850 6425.0 3.2940 0.0179 3.2940 0.9610 2.7225
12860 6430.0 3.3363 0.6578 3.3363 1.0015 2.6739
12870 6435.0 3.3005 0.0001 3.3005 0.9589 2.7421
12880 6440.0 3.2159 3.5358 3.2159 0.9970 2.8207
12890 6445.0 3.2247 2.8382 3.2247 0.9688 2.8000
12900 6450.0 3.3264 0.3490 3.3264 0.9861 2.7152
12910 6455.0 3.3674 2.2740 3.3674 0.9983 2.6789
12920 6460.0 3.2735 0.3499 3.2735 0.9750 2.7379
12930 6465.0 3.2065 4.3701 3.2065 0.9845 2.6040
12940 6470.0 3.3069 0.0237 3.3069 0.9616 2.6522
12950 6475.0 3.3329 0.5428 3.3329 1.0017 2.7166
12960 6480.0 3.2323 2.2948 3.2323 0.9663 2.7394
12970 6485.0 3.2502 1.2402 3.2502 1.0011 2.7195
12980 6490.0 3.3485 1.1776 3.3485 0.9850 2.6196
12990 6495.0 3.3254 0.3225 3.3254 0.9785 2.6488
13000 6500.0 3.3424 0.8972 3.3424 1.0008 2.6390
13010 6505.0 3.4084 5.8701 3.4084 0.9827 2.6021
13020 6510.0 3.3142 0.1009 3.3142 1.0029 2.7233
13030 6515.0 3.2496 1.2686 3.2496 0.9559 2.8196
13040 6520.0 3.2837 0.1335 3.2837 1.0226 2.7794
13050 6525.0 3.3432 0.9333 3.3432 0.9636 2.7291
13060 6530.0 3.2610 0.7595 3.2610 1.0232 2.8067
13070 6535.0 3.3375 0.7017 3.3375 0.9638 2.7454
13080 6540.0 3.3750 2.8088 3.3750 1.0193 2.6956
13090 6545.0 3.2639 0.6527 3.2639 0.9711 2.8067
13100 6550.0 3.2699 0.4523 3.2699 1.0015 2.7696
13110 6555.0 3.3379 0.7165 3.3379 0.9860 2.6873
13120 6560.0 3.2478 1.3601 3.2478 0.9952 2.7597
13130 6565.0 3.2837 0.1334 3.2837 0.9726 2.7176
13140 6570.0 3.4184 7.0104 3.4184 0.9996 2.5626
13150 6575.0 3.3379 0.7174 3.3379 0.9783 2.6330
13160 6580.0 3.2726 0.3752 3.2726 0.9753 2.6909
13170 6585.0 3.3021 0.0023 3.3021 1.0058 2.6516
13180 6590.0 3.2770 0.2636 3.2770 0.9679 2.6968
13190 6595.0 3.2519 1.1590 3.2519 1.0126 2.7104
13200 6600.0 3.3603 1.8163 3.3603 0.9400 2.6224
13210 6605.0 3.4032 5.3295 3.4032 1.0254 2.5478
13220 6610.0 3.3116 0.0674 3.3116 0.9427 2.6712
13230 6615.0 3.2013 4.8697 3.2013 1.0169 2.7319
13240 6620.0 3.2967 0.0055 3.2967 0.9565 2.6852
13250 6625.0 3.2927 0.0264 3.2927 1.0340 2.6524
13260 6630.0 3.3098 0.0478 3.3098 0.9585 2.6537
13270 6635.0 3.3695 2.4158 3.3695 1.0111 2.5752
13280 6640.0 3.3765 2.9267 3.3765 0.9814 2.6012
13290 6645.0 3.2726 0.3745 3.2726 0.9822 2.6846
13300 6650.0 3.2095 4.0977 3.2095 0.9959 2.6205
13310 6655.0 3.3096 0.0460 3.3096 0.9576 2.6659
13320 6660.0 3.3520 1.3500 3.3520 1.0202 2.5299
13330 6665.0 3.3034 0.0059 3.3034 0.9546 2.5235
13340 6670.0 3.3113 0.0634 3.3113 1.0133 2.4772
13350 6675.0 3.2912 0.0391 3.2912 0.9661 2.4879
13360 6680.0 3.2726 0.3741 3.2726 1.0053 2.4928
13370 6685.0 3.2858 0.1002 3.2858 0.9634 2.4417
13380 6690.0 3.2329 2.2508 3.2329 1.0052 2.3479
13390 6695.0 3.3216 0.2331 3.3216 0.9649 2.4108
13400 6700.0 3.2226 2.9964 3.2226 1.0045 2.4778
13410 6705.0 3.2751 0.3091 3.2751 0.9573 2.4196
13420 6710.0 3.3345 0.5937 3.3345 1.0056 2.3001
13430 6715.0 3.2725 0.3784 3.2725 0.9776 2.2353
13440 6720.0 3.2925 0.0278 3.2925 0.9971 2.2415
13450 6725.0 3.3580 1.6841 3.3580 0.9833 2.3183
13460 6730.0 3.3429 0.9184 3.3429 0.9765 2.3269
13470 6735.0 3.2644 0.6325 3.2644 1.0129 2.2762
13480 6740.0 3.2856 0.1034 3.2856 0.9677 2.3540
13490 6745.0 3.3638 2.0366 3.3638 0.9944 2.4364
13500 6750.0 3.3320 0.5108 3.3320 0.9704 2.4527
13510 6755.0 3.2719 0.3946 3.2719 1.0171 2.4182
13520 6760.0 3.3382 0.7289 3.3382 0.9572 2.5001
13530 6765.0 3.3812 3.2952 3.3812 1.0098 2.5166
13540 6770.0 3.2777 0.2494 3.2777 0.9600 2.4845
13550 6775.0 3.2074 4.2854 3.2074 1.0082 2.4634
13560 6780.0 3.3573 1.6409 3.3573 0.9639 2.6472
13570 6785.0 3.3637 2.0285 3.3637 0.9886 2.7105
13580 6790.0 3.2164 3.4915 3.2164 0.9704 2.5693
13590 6795.0 3.2722 0.3862 3.2722 0.9766 2.6550
13600 6800.0 3.3959 4.5941 3.3959 0.9994 2.6700
13610 6805.0 3.3832 3.4632 3.3832 0.9775 2.6467
13620 6810.0 3.3174 0.1516 3.3174 0.9927 2.6778
13630 6815.0 3.2663 0.5691 3.2663 0.9753 2.7251
13640 6820.0 3.2819 0.1638 3.2819 0.9818 2.7067
13650 6825.0 3.2821 0.1604 3.2821 1.0037 2.6506
13660 6830.0 3.3016 0.0012 3.3016 0.9585 2.5965
13670 6835.0 3.3465 1.0791 3.3465 1.0029 2.4507
13680 6840.0 3.2335 2.2119 3.2335 0.9743 2.3349
13690 6845.0 3.2282 2.5740 3.2282 0.9909 2.2995
13700 6850.0 3.3346 0.5998 3.3346 0.9785 2.4174
13710 6855.0 3.2092 4.1194 3.2092 0.9810 2.5650
13720 6860.0 3.2454 1.4924 3.2454 0.9732 2.5345
13730 6865.0 3.2132 3.7666 3.2132 1.0170 2.3688
13740 6870.0 3.1812 7.0578 3.1812 0.9485 2.3957
13750 6875.0 3.2414 1.7176 3.2414 1.0226 2.4423
13760 6880.0 3.1940 5.6169 3.1940 0.9359 2.4479
13770 6885.0 3.2795 0.2096 3.2795 1.0197 2.4517
13780 6890.0 3.1921 5.8252 3.1921 0.9589 2.3865
13790 6895.0 3.2882 0.0698 3.2882 1.0018 2.4691
13800 6900.0 3.2545 1.0338 3.2545 0.9636 2.5370
13810 6905.0 3.2649 0.6154 3.2649 0.9842 2.5713
13820 6910.0 3.3480 1.1512 3.3480 0.9824 2.5454
13830 6915.0 3.2775 0.2529 3.2775 0.9717 2.5013
13840 6920.0 3.2527 1.1209 3.2527 0.9995 2.4815
13850 6925.0 3.3339 0.5749 3.3339 0.9514 2.5730
13860 6930.0 3.2874 0.0797 3.2874 1.0225 2.6100
13870 6935.0 3.3083 0.0347 3.3083 0.9397 2.6479
13880 6940.0 3.2999 0.0000 3.2999 1.0062 2.6233
13890 6945.0 3.3253 0.3194 3.3253 0.9581 2.5943
13900 6950.0 3.3075 0.0284 3.3075 1.0134 2.5834
13910 6955.0 3.3223 0.2494 3.3223 0.9584 2.5698
13920 6960.0 3.3084 0.0352 3.3084 0.9947 2.5654
13930 6965.0 3.3223 0.2493 3.3223 0.9767 2.5568
13940 6970.0 3.2966 0.0058 3.2966 0.9791 2.5880
13950 6975.0 3.2599 0.8022 3.2599 0.9858 2.6189
13960 6980.0 3.3218 0.2372 3.3218 0.9702 2.5555
13970 6985.0 3.3723 2.6143 3.3723 0.9868 2.4627
13980 6990.0 3.3719 2.5839 3.3719 0.9653 2.4234
13990 6995.0 3.3169 0.1421 3.3169 1.0009 2.3278
14000 7000.0 3.2048 4.5323 3.2048 0.9637 2.2319
14010 7005.0 3.2760 0.2884 3.2760 1.0068 2.2746
14020 7010.0 3.3359 0.6442 3.3359 0.9621 2.4511
14030 7015.0 3.1601 9.7921 3.1601 0.9991 2.6065
14040 7020.0 3.2554 0.9956 3.2554 0.9560 2.5585
14050 7025.0 3.3512 1.3131 3.3512 1.0263 2.3513
14060 7030.0 3.1661 8.9710 3.1661 0.9557 2.2328
14070 7035.0 3.1916 5.8769 3.1916 1.0082 2.2378
14080 7040.0 3.3180 0.1616 3.3180 0.9786 2.4804
14090 7045.0 3.1782 7.4147 3.1782 0.9670 2.6300
14100 7050.0 3.2724 0.3809 3.2724 0.9956 2.5090
14110 7055.0 3.2412 1.7275 3.2412 0.9771 2.3297
14120 7060.0 3.1864 6.4539 3.1864 0.9898 2.2589
14130 7065.0 3.3057 0.0165 3.3057 0.9924 2.4133
14140 7070.0 3.1824 6.9172 3.1824 0.9634 2.5803
14150 7075.0 3.2581 0.8795 3.2581 0.9801 2.5020
14160 7080.0 3.2416 1.7065 3.2416 0.9937 2.2975
14170 7085.0 3.1285 14.7131 3.1285 0.9834 2.2280
14180 7090.0 3.3264 0.3477 3.3264 0.9971 2.4389
14190 7095.0 3.1672 8.8133 3.1672 0.9658 2.5474
14200 7100.0 3.2477 1.3673 3.2477 0.9779 2.5738
14210 7105.0 3.1566 10.2879 3.1566 0.9927 2.3500
14220 7110.0 3.1906 5.9833 3.1906 0.9881 2.3369
14230 7115.0 3.2039 4.6217 3.2039 0.9993 2.5928
14240 7120.0 3.1218 15.8770 3.1218 0.9395 2.5861
14250 7125.0 3.2872 0.0820 3.2872 1.0244 2.4706
14260 7130.0 3.1255 15.2240 3.1255 0.9629 2.2603
14270 7135.0 3.2097 4.0762 3.2097 0.9943 2.3207
14280 7140.0 3.3143 0.1024 3.3143 0.9564 2.5006
14290 7145.0 3.2997 0.0000 3.2997 1.0071 2.5887
14300 7150.0 3.3195 0.1909 3.3195 0.9742 2.5924
14310 7155.0 3.3667 2.2240 3.3667 0.9999 2.5664
14320 7160.0 3.3542 1.4715 3.3542 0.9669 2.5786
14330 7165.0 3.3643 2.0681 3.3643 1.0121 2.6183
14340 7170.0 3.3131 0.0853 3.3131 0.9689 2.5685
14350 7175.0 3.2314 2.3544 3.2314 1.0067 2.5787
14360 7180.0 3.2705 0.4344 3.2705 0.9854 2.5930
14370 7185.0 3.3772 2.9822 3.3772 0.9788 2.4611
14380 7190.0 3.3023 0.0027 3.3023 0.9943 2.4025
14390 7195.0 3.2537 1.0714 3.2537 0.9670 2.4192
14400 7200.0 3.3168 0.1417 3.3168 1.0010 2.4680
14410 7205.0 3.3471 1.1082 3.3471 0.9552 2.4946
14420 7210.0 3.3549 1.5088 3.3549 1.0208 2.4507
14430 7215.0 3.2711 0.4182 3.2711 0.9579 2.3936
14440 7220.0 3.3064 0.0202 3.3064 1.0238 2.3640
14450 7225.0 3.3452 1.0229 3.3452 0.9535 2.4179
14460 7230.0 3.3395 0.7792 3.3395 1.0255 2.3652
14470 7235.0 3.2475 1.3803 3.2475 0.9709 2.2638
14480 7240.0 3.2920 0.0317 3.2920 1.0065 2.2519
14490 7245.0 3.3494 1.2178 3.3494 0.9630 2.3031
14500 7250.0 3.3281 0.3945 3.3281 1.0107 2.2464
14510 7255.0 3.3295 0.4359 3.3295 0.9789 2.2659
14520 7260.0 3.3748 2.7955 3.3748 0.9917 2.3342
14530 7265.0 3.3330 0.5452 3.3330 0.9923 2.4230
14540 7270.0 3.3316 0.4987 3.3316 0.9769 2.4915
14550 7275.0 3.3265 0.3502 3.3265 1.0133 2.5393
14560 7280.0 3.2133 3.7607 3.2133 0.9728 2.5771
14570 7285.0 3.2584 0.8655 3.2584 1.0219 2.6184
14580 7290.0 3.3611 1.8686 3.3611 0.9621 2.5066
14590 7295.0 3.3782 3.0574 3.3782 1.0218 2.4114
14600 7300.0 3.3161 0.1302 3.3161 0.9526 2.3674
14610 7305.0 3.2449 1.5182 3.2449 1.0284 2.2733
14620 7310.0 3.3379 0.7185 3.3379 0.9521 2.3558
14630 7315.0 3.3725 2.6317 3.3725 1.0253 2.4062
14640 7320.0 3.3432 0.9311 3.3432 0.9486 2.4671
14650 7325.0 3.2872 0.0823 3.2872 1.0162 2.5360
14660 7330.0 3.2458 1.4713 3.2458 0.9625 2.5930
14670 7335.0 3.2457 1.4720 3.2457 1.0003 2.5836
14680 7340.0 3.3329 0.5407 3.3329 0.9855 2.4606
14690 7345.0 3.3540 1.4580 3.3540 0.9760 2.4197
14700 7350.0 3.3518 1.3438 3.3518 1.0151 2.4433
14710 7355.0 3.3334 0.5593 3.3334 0.9710 2.5312
14720 7360.0 3.3176 0.1551 3.3176 1.0179 2.5627
14730 7365.0 3.3160 0.1284 3.3160 0.9648 2.5584
14740 7370.0 3.3162 0.1310 3.3162 1.0230 2.5659
14750 7375.0 3.3334 0.5593 3.3334 0.9616 2.5876
14760 7380.0 3.3390 0.7600 3.3390 1.0078 2.5983
14770 7385.0 3.3171 0.1458 3.3171 0.9718 2.5719
14780 7390.0 3.3172 0.1476 3.3172 0.9945 2.5187
14790 7395.0 3.2968 0.0052 3.2968 0.9710 2.4619
14800 7400.0 3.2452 1.5026 3.2452 1.0028 2.4366
14810 7405.0 3.2792 0.2157 3.2792 0.9650 2.5368
14820 7410.0 3.2808 0.1841 3.2808 1.0000 2.5561
14830 7415.0 3.2018 4.8226 3.2018 0.9543 2.5099
14840 7420.0 3.2671 0.5426 3.2671 1.0019 2.5138
14850 7425.0 3.3323 0.5231 3.3323 0.9764 2.5765
14860 7430.0 3.3126 0.0794 3.3126 0.9854 2.5846
14870 7435.0 3.2961 0.0077 3.2961 0.9781 2.5973
14880 7440.0 3.3012 0.0007 3.3012 0.9897 2.5812
14890 7445.0 3.3353 0.6237 3.3353 0.9722 2.5377
14900 7450.0 3.3511 1.3072 3.3511 0.9988 2.4946
14910 7455.0 3.3487 1.1861 3.3487 0.9622 2.4984
14920 7460.0 3.3275 0.3774 3.3275 0.9979 2.5067
14930 7465.0 3.3339 0.5760 3.3339 0.9657 2.5043
14940 7470.0 3.3298 0.4437 3.3298 1.0066 2.4865
14950 7475.0 3.3069 0.0235 3.3069 0.9476 2.5291
14960 7480.0 3.3306 0.4693 3.3306 1.0101 2.4812
14970 7485.0 3.3209 0.2183 3.3209 0.9585 2.4428
14980 7490.0 3.2777 0.2478 3.2777 1.0050 2.4212
14990 7495.0 3.2960 0.0080 3.2960 0.9684 2.5028
15000 7500.0 3.2961 0.0077 3.2961 0.9857 2.5543
15010 7505.0 3.2684 0.4988 3.2684 0.9831 2.6163
15020 7510.0 3.2838 0.1314 3.2838 0.9934 2.6135
15030 7515.0 3.2794 0.2126 3.2794 0.9887 2.5232
15040 7520.0 3.2911 0.0392 3.2911 0.9634 2.5404
15050 7525.0 3.2594 0.8258 3.2594 1.0049 2.6616
15060 7530.0 3.2400 1.8004 3.2400 0.9674 2.5778
15070 7535.0 3.2847 0.1166 3.2847 1.0274 2.5537
15080 7540.0 3.2597 0.8132 3.2597 0.9486 2.5630
15090 7545.0 3.2527 1.1188 3.2527 1.0026 2.5215
15100 7550.0 3.2736 0.3492 3.2736 0.9838 2.4193
15110 7555.0 3.2787 0.2269 3.2787 0.9945 2.3268
15120 7560.0 3.2704 0.4391 3.2704 0.9776 2.2696
15130 7565.0 3.2806 0.1891 3.2806 0.9876 2.2886
15140 7570.0 3.3100 0.0498 3.3100 0.9892 2.3725
15150 7575.0 3.2743 0.3315 3.2743 0.9695 2.4821
15160 7580.0 3.2288 2.5338 3.2288 0.9912 2.5685
15170 7585.0 3.3103 0.0533 3.3103 0.9623 2.5116
15180 7590.0 3.2466 1.4279 3.2466 1.0087 2.4320
15190 7595.0 3.2658 0.5836 3.2658 0.9706 2.4415
15200 7600.0 3.2866 0.0904 3.2866 1.0010 2.5070
15210 7605.0 3.2447 1.5288 3.2447 0.9695 2.5601
15220 7610.0 3.2883 0.0684 3.2883 0.9827 2.5331
15230 7615.0 3.2837 0.1327 3.2837 0.9937 2.4952
15240 7620.0 3.2444 1.5452 3.2444 0.9667 2.5231
15250 7625.0 3.2659 0.5802 3.2659 0.9878 2.5655
15260 7630.0 3.2811 0.1791 3.2811 0.9605 2.5622
15270 7635.0 3.2934 0.0219 3.2934 1.0066 2.5308
15280 7640.0 3.3284 0.4020 3.3284 0.9573 2.4720
15290 7645.0 3.3098 0.0481 3.3098 1.0101 2.4725
15300 7650.0 3.3210 0.2196 3.3210 0.9574 2.5208
15310 7655.0 3.3306 0.4693 3.3306 0.9974 2.5846
15320 7660.0 3.2009 4.9062 3.2009 0.9834 2.5322
15330 7665.0 3.2412 1.7274 3.2412 0.9729 2.5693
15340 7670.0 3.3087 0.0376 3.3087 1.0016 2.5677
15350 7675.0 3.2667 0.5540 3.2667 0.9429 2.4841
15360 7680.0 3.2963 0.0068 3.2963 1.0379 2.5498
15370 7685.0 3.3446 0.9959 3.3446 0.9431 2.6398
15380 7690.0 3.2564 0.9508 3.2564 1.0282 2.5128
15390 7695.0 3.1906 5.9874 3.1906 0.9348 2.4858
15400 7700.0 3.3091 0.0415 3.3091 1.0359 2.5460
15410 7705.0 3.2295 2.4882 3.2295 0.9411 2.6288
15420 7710.0 3.2136 3.7301 3.2136 1.0084 2.6564
15430 7715.0 3.2993 0.0002 3.2993 0.9651 2.5472
15440 7720.0 3.2156 3.5591 3.2156 0.9949 2.4178
15450 7725.0 3.2212 3.1030 3.2212 0.9889 2.4202
15460 7730.0 3.2902 0.0485 3.2902 0.9767 2.5512
15470 7735.0 3.2571 0.9192 3.2571 0.9917 2.6274
15480 7740.0 3.2685 0.4973 3.2685 0.9533 2.6133
15490 7745.0 3.2757 0.2962 3.2757 1.0109 2.5397
15500 7750.0 3.2361 2.0396 3.2361 0.9636 2.5668
15510 7755.0 3.2720 0.3921 3.2720 0.9949 2.6083
15520 7760.0 3.2769 0.2663 3.2769 0.9641 2.6751
15530 7765.0 3.2813 0.1753 3.2813 0.9920 2.6703
15540 7770.0 3.2799 0.2020 3.2799 0.9788 2.6583
15550 7775.0 3.2871 0.0831 3.2871 0.9820 2.6327
15560 7780.0 3.2886 0.0648 3.2886 0.9884 2.5784
15570 7785.0 3.2371 1.9779 3.2371 0.9580 2.5523
15580 7790.0 3.2693 0.4711 3.2693 1.0192 2.5672
15590 7795.0 3.2941 0.0173 3.2941 0.9472 2.6368
15600 7800.0 3.2818 0.1652 3.2818 1.0130 2.6681
15610 7805.0 3.2625 0.7031 3.2625 0.9304 2.7087
15620 7810.0 3.2380 1.9221 3.2380 1.0034 2.6596
15630 7815.0 3.3179 0.1603 3.3179 0.9823 2.5411
15640 7820.0 3.2091 4.1277 3.2091 0.9728 2.4429
15650 7825.0 3.2421 1.6734 3.2421 1.0088 2.4842
15660 7830.0 3.3344 0.5928 3.3344 0.9465 2.5785
15670 7835.0 3.2030 4.7037 3.2030 1.0232 2.3936
15680 7840.0 3.2432 1.6133 3.2432 0.9346 2.3986
15690 7845.0 3.2876 0.0770 3.2876 1.0192 2.5463
15700 7850.0 3.2271 2.6593 3.2271 0.9621 2.5958
15710 7855.0 3.1960 5.4045 3.1960 1.0035 2.5465
15720 7860.0 3.2677 0.5217 3.2677 0.9815 2.5728
15730 7865.0 3.1862 6.4699 3.1862 0.9666 2.4760
15740 7870.0 3.2642 0.6404 3.2642 1.0057 2.5227
15750 7875.0 3.2068 4.3462 3.2068 0.9499 2.5018
15760 7880.0 3.2156 3.5616 3.2156 1.0373 2.5039
15770 7885.0 3.1758 7.7146 3.1758 0.9492 2.5223
15780 7890.0 3.2464 1.4361 3.2464 1.0277 2.3302
15790 7895.0 3.2062 4.3958 3.2062 0.9339 2.3085
15800 7900.0 3.2433 1.6057 3.2433 1.0316 2.3134
15810 7905.0 3.2186 3.3139 3.2186 0.9335 2.4121
15820 7910.0 3.2582 0.8742 3.2582 1.0228 2.3343
15830 7915.0 3.2697 0.4601 3.2697 0.9552 2.3484
15840 7920.0 3.2751 0.3108 3.2751 1.0171 2.3573
15850 7925.0 3.2742 0.3320 3.2742 0.9510 2.3841
15860 7930.0 3.3033 0.0055 3.3033 1.0198 2.3016
15870 7935.0 3.2450 1.5115 3.2450 0.9648 2.2965
15880 7940.0 3.2883 0.0689 3.2883 1.0030 2.3674
15890 7945.0 3.2244 2.8539 3.2244 0.9628 2.4587
15900 7950.0 3.2635 0.6665 3.2635 1.0052 2.4688
15910 7955.0 3.2372 1.9732 3.2372 0.9673 2.5060
15920 7960.0 3.2124 3.8408 3.2124 0.9952 2.4078
15930 7965.0 3.2305 2.4158 3.2305 0.9496 2.4932
15940 7970.0 3.2484 1.3317 3.2484 1.0048 2.4692
15950 7975.0 3.2194 3.2459 3.2194 0.9638 2.4986
15960 7980.0 3.2288 2.5347 3.2288 0.9987 2.4657
15970 7985.0 3.2478 1.3628 3.2478 0.9667 2.4411
15980 7990.0 3.2215 3.0831 3.2215 0.9737 2.4762
15990 7995.0 3.2509 1.2050 3.2509 0.9894 2.4638
16000 8000.0 3.2531 1.1000 3.2531 0.9769 2.4911
16010 8005.0 3.2632 0.6767 3.2632 0.9848 2.5369
16020 8010.0 3.2690 0.4818 3.2690 0.9859 2.5614
16030 8015.0 3.2586 0.8590 3.2586 0.9745 2.6410
16040 8020.0 3.2666 0.5583 3.2666 0.9866 2.6164
16050 8025.0 3.2431 1.6185 3.2431 0.9815 2.6075
16060 8030.0 3.2541 1.0547 3.2541 0.9835 2.6794
16070 8035.0 3.2528 1.1160 3.2528 0.9718 2.6700
16080 8040.0 3.2207 3.1450 3.2207 0.9784 2.5906
16090 8045.0 3.2211 3.1155 3.2211 0.9811 2.6113
16100 8050.0 3.2007 4.9339 3.2007 0.9805 2.6119
16110 8055.0 3.1627 9.4227 3.1627 0.9820 2.5892
16120 8060.0 3.1751 7.7961 3.1751 0.9576 2.5093
16130 8065.0 3.1849 6.6250 3.1849 0.9831 2.4791
16140 8070.0 3.2076 4.2676 3.2076 0.9616 2.5718
16150 8075.0 3.2071 4.3153 3.2071 1.0048 2.4831
16160 8080.0 3.2421 1.6773 3.2421 0.9638 2.5336
16170 8085.0 3.2505 1.2234 3.2505 0.9751 2.5123
16180 8090.0 3.2589 0.8440 3.2589 0.9976 2.4635
16190 8095.0 3.2446 1.5338 3.2446 0.9637 2.4642
16200 8100.0 3.2707 0.4302 3.2707 0.9975 2.4732
16210 8105.0 3.2708 0.4251 3.2708 0.9437 2.4759
16220 8110.0 3.2504 1.2289 3.2504 1.0221 2.3642
16230 8115.0 3.2392 1.8503 3.2392 0.9447 2.3352
16240 8120.0 3.2490 1.2985 3.2490 1.0251 2.2541
16250 8125.0 3.2320 2.3130 3.2320 0.9466 2.3233
16260 8130.0 3.2180 3.3634 3.2180 1.0093 2.2651
16270 8135.0 3.2145 3.6532 3.2145 0.9592 2.3877
16280 8140.0 3.2399 1.8041 3.2399 0.9958 2.3492
16290 8145.0 3.2498 1.2579 3.2498 0.9738 2.4068
16300 8150.0 3.2604 0.7829 3.2604 0.9817 2.4058
16310 8155.0 3.2191 3.2716 3.2191 0.9881 2.3904
16320 8160.0 3.2086 4.1784 3.2086 0.9847 2.4824
16330 8165.0 3.2470 1.4037 3.2470 0.9858 2.4618
16340 8170.0 3.2372 1.9701 3.2372 0.9459 2.5186
16350 8175.0 3.2532 1.0950 3.2532 1.0177 2.5242
16360 8180.0 3.2713 0.4118 3.2713 0.9443 2.6116
16370 8185.0 3.2688 0.4871 3.2688 1.0290 2.5884
16380 8190.0 3.2643 0.6390 3.2643 0.9424 2.6704
16390 8195.0 3.2577 0.8967 3.2577 0.9991 2.6523
16400 8200.0 3.2814 0.1737 3.2814 0.9806 2.5335
16410 8205.0 3.2848 0.1149 3.2848 1.0012 2.4722
16420 8210.0 3.2893 0.0571 3.2893 0.9914 2.4967
16430 8215.0 3.2875 0.0779 3.2875 0.9541 2.5118
16440 8220.0 3.2708 0.4252 3.2708 1.0199 2.4616
16450 8225.0 3.2993 0.0003 3.2993 0.9418 2.4672
16460 8230.0 3.2629 0.6864 3.2629 1.0393 2.4842
16470 8235.0 3.2828 0.1471 3.2828 0.9294 2.5144
16480 8240.0 3.2832 0.1403 3.2832 1.0201 2.5074
16490 8245.0 3.2820 0.1628 3.2820 0.9506 2.4992
16500 8250.0 3.2820 0.1618 3.2820 1.0276 2.4668
16510 8255.0 3.2854 0.1073 3.2854 0.9541 2.5257
16520 8260.0 3.2783 0.2348 3.2783 0.9986 2.5695
16530 8265.0 3.2728 0.3708 3.2728 0.9536 2.5719
16540 8270.0 3.2811 0.1795 3.2811 0.9851 2.5783
16550 8275.0 3.2643 0.6361 3.2643 0.9808 2.5737
16560 8280.0 3.2637 0.6583 3.2637 0.9614 2.5605
16570 8285.0 3.2317 2.3322 3.2317 0.9822 2.5440
16580 8290.0 3.2610 0.7602 3.2610 0.9768 2.5944
16590 8295.0 3.2526 1.1230 3.2526 0.9868 2.5958
16600 8300.0 3.2404 1.7738 3.2404 0.9713 2.5502
16610 8305.0 3.2396 1.8255 3.2396 0.9724 2.5402
16620 8310.0 3.2700 0.4514 3.2700 0.9935 2.5838
16630 8315.0 3.2783 0.2360 3.2783 0.9548 2.6010
16640 8320.0 3.2555 0.9881 3.2555 0.9995 2.5320
16650 8325.0 3.2757 0.2946 3.2757 0.9625 2.4962
16660 8330.0 3.2188 3.2953 3.2188 0.9958 2.4009
16670 8335.0 3.2616 0.7356 3.2616 0.9624 2.4561
16680 8340.0 3.2659 0.5824 3.2659 0.9794 2.4448
16690 8345.0 3.2706 0.4329 3.2706 0.9802 2.4644
16700 8350.0 3.2660 0.5786 3.2660 0.9669 2.4912
16710 8355.0 3.2722 0.3857 3.2722 1.0159 2.4642
16720 8360.0 3.2648 0.6179 3.2648 0.9555 2.5419
16730 8365.0 3.2666 0.5571 3.2666 1.0032 2.5244
16740 8370.0 3.2468 1.4166 3.2468 0.9532 2.5878
16750 8375.0 3.2635 0.6668 3.2635 0.9875 2.5419
16760 8380.0 3.2409 1.7466 3.2409 0.9697 2.5021
16770 8385.0 3.2666 0.5584 3.2666 0.9969 2.4915
16780 8390.0 3.2495 1.2731 3.2495 0.9592 2.5096
16790 8395.0 3.2616 0.7356 3.2616 0.9988 2.4235
16800 8400.0 3.2508 1.2097 3.2508 0.9640 2.4121
16810 8405.0 3.2729 0.3675 3.2729 0.9934 2.4077
16820 8410.0 3.2543 1.0460 3.2543 0.9650 2.4461
16830 8415.0 3.2621 0.7192 3.2621 0.9849 2.4175
16840 8420.0 3.2485 1.3240 3.2485 0.9776 2.4485
16850 8425.0 3.2636 0.6638 3.2636 0.9713 2.4852
16860 8430.0 3.2717 0.3998 3.2717 0.9875 2.4801
16870 8435.0 3.2613 0.7500 3.2613 0.9832 2.4467
16880 8440.0 3.2824 0.1541 3.2824 1.0006 2.4607
16890 8445.0 3.2759 0.2905 3.2759 0.9572 2.4788
16900 8450.0 3.2614 0.7469 3.2614 1.0090 2.4526
16910 8455.0 3.2365 2.0172 3.2365 0.9535 2.4840
16920 8460.0 3.2303 2.4287 3.2303 1.0132 2.5788
16930 8465.0 3.2143 3.6756 3.2143 0.9266 2.6961
16940 8470.0 3.2228 2.9828 3.2228 1.0203 2.6252
16950 8475.0 3.2287 2.5408 3.2287 0.9530 2.6700
16960 8480.0 3.2053 4.4850 3.2053 1.0038 2.6514
16970 8485.0 3.2554 0.9943 3.2554 0.9819 2.6191
16980 8490.0 3.2472 1.3929 3.2472 0.9673 2.6148
16990 8495.0 3.2536 1.0781 3.2536 1.0173 2.6387
17000 8500.0 3.2394 1.8365 3.2394 0.9372 2.7141
17010 8505.0 3.2633 0.6724 3.2633 1.0562 2.6461
17020 8510.0 3.2908 0.0426 3.2908 0.9037 2.6978
17030 8515.0 3.2822 0.1585 3.2822 1.0579 2.7022
17040 8520.0 3.2785 0.2310 3.2785 0.9081 2.6257
17050 8525.0 3.2904 0.0458 3.2904 1.0562 2.5972
17060 8530.0 3.2848 0.1160 3.2848 0.9383 2.6246
17070 8535.0 3.2813 0.1753 3.2813 1.0133 2.5950
17080 8540.0 3.2863 0.0932 3.2863 0.9921 2.5407
17090 8545.0 3.2822 0.1588 3.2822 0.9906 2.5010
17100 8550.0 3.2767 0.2719 3.2767 1.0083 2.4878
17110 8555.0 3.2738 0.3437 3.2738 0.9606 2.5216
17120 8560.0 3.2361 2.0448 3.2361 1.0235 2.5348
17130 8565.0 3.2596 0.8149 3.2596 0.9383 2.4183
17140 8570.0 3.2898 0.0522 3.2898 1.0635 2.3682
17150 8575.0 3.2725 0.3778 3.2725 0.9310 2.4614
17160 8580.0 3.2297 2.4684 3.2297 1.0395 2.5032
17170 8585.0 3.2942 0.0169 3.2942 0.9211 2.4868
17180 8590.0 3.3075 0.0284 3.3075 1.0557 2.4328
17190 8595.0 3.2458 1.4697 3.2458 0.9400 2.4395
17200 8600.0 3.2716 0.4034 3.2716 1.0304 2.4717
17210 8605.0 3.2245 2.8508 3.2245 0.9449 2.4833
17220 8610.0 3.2405 1.7676 3.2405 0.9982 2.5020
17230 8615.0 3.2479 1.3587 3.2479 0.9875 2.5069
17240 8620.0 3.2217 3.0657 3.2217 0.9792 2.5041
17250 8625.0 3.1938 5.6371 3.1938 0.9961 2.5399
17260 8630.0 3.2680 0.5106 3.2680 0.9494 2.5626
17270 8635.0 3.2383 1.9042 3.2383 1.0164 2.5306
17280 8640.0 3.2579 0.8851 3.2579 0.9490 2.6153
17290 8645.0 3.2649 0.6148 3.2649 1.0177 2.6404
17300 8650.0 3.2692 0.4751 3.2692 0.9389 2.6443
17310 8655.0 3.3064 0.0208 3.3064 0.9940 2.6552
17320 8660.0 3.2484 1.3303 3.2484 0.9871 2.4869
17330 8665.0 3.3135 0.0909 3.3135 0.9910 2.4784
17340 8670.0 3.3863 3.7233 3.3863 0.9739 2.5233
17350 8675.0 3.3435 0.9448 3.3435 0.9770 2.4188
17360 8680.0 3.2745 0.3257 3.2745 1.0017 2.2879
17370 8685.0 3.3165 0.1369 3.3165 0.9940 2.3373
17380 8690.0 3.3815 3.3240 3.3815 0.9597 2.4195
17390 8695.0 3.3062 0.0190 3.3062 1.0046 2.3355
17400 8700.0 3.1981 5.1931 3.1981 0.9685 2.2937
17410 8705.0 3.2638 0.6535 3.2638 1.0091 2.3795
17420 8710.0 3.4348 9.0873 3.4348 0.9613 2.5248
17430 8715.0 3.2992 0.0003 3.2992 1.0102 2.6718
17440 8720.0 3.1940 5.6185 3.1940 0.9571 2.6609
17450 8725.0 3.2485 1.3242 3.2485 1.0184 2.7475
17460 8730.0 3.3733 2.6888 3.3733 0.9677 2.6303
17470 8735.0 3.3165 0.1366 3.3165 1.0102 2.6655
17480 8740.0 3.2558 0.9784 3.2558 0.9513 2.7470
17490 8745.0 3.2659 0.5797 3.2659 1.0215 2.7255
17500 8750.0 3.3698 2.4349 3.3698 0.9694 2.6129
17510 8755.0 3.3221 0.2433 3.3221 1.0012 2.6265
17520 8760.0 3.2528 1.1127 3.2528 0.9568 2.5743
17530 8765.0 3.3013 0.0009 3.3013 1.0049 2.6838
17540 8770.0 3.3045 0.0103 3.3045 0.9817 2.6933
17550 8775.0 3.2113 3.9353 3.2113 1.0083 2.5710
17560 8780.0 3.3221 0.2436 3.3221 0.9585 2.5989
17570 8785.0 3.3728 2.6529 3.3728 0.9938 2.4543
17580 8790.0 3.2397 1.8200 3.2397 0.9884 2.3329
17590 8795.0 3.3512 1.3097 3.3512 0.9839 2.4233
17600 8800.0 3.3452 1.0197 3.3452 0.9650 2.4197
17610 8805.0 3.1720 8.1928 3.1720 1.0041 2.2445
17620 8810.0 3.2616 0.7384 3.2616 0.9714 2.3282
17630 8815.0 3.4091 5.9464 3.4091 1.0061 2.4432
17640 8820.0 3.2871 0.0829 3.2871 0.9830 2.3595
17650 8825.0 3.2464 1.4348 3.2464 1.0036 2.3713
17660 8830.0 3.3135 0.0915 3.3135 0.9902 2.5689
17670 8835.0 3.2436 1.5916 3.2436 0.9988 2.6321
17680 8840.0 3.3027 0.0037 3.3027 0.9885 2.5069
17690 8845.0 3.2751 0.3093 3.2751 1.0146 2.4639
17700 8850.0 3.2758 0.2927 3.2758 0.9921 2.5739
17710 8855.0 3.2610 0.7619 3.2610 1.0026 2.5720
17720 8860.0 3.2734 0.3542 3.2734 1.0014 2.4039
17730 8865.0 3.2506 1.2191 3.2506 0.9936 2.3365
17740 8870.0 3.3484 1.1692 3.3484 1.0029 2.4334
17750 8875.0 3.2335 2.2132 3.2335 0.9825 2.5487
17760 8880.0 3.2896 0.0540 3.2896 0.9969 2.4790
17770 8885.0 3.2969 0.0049 3.2969 0.9977 2.3766
17780 8890.0 3.2142 3.6794 3.2142 1.0054 2.3817
17790 8895.0 3.2923 0.0296 3.2923 0.9860 2.5231
17800 8900.0 3.2264 2.7070 3.2264 1.0067 2.5585
17810 8905.0 3.3055 0.0154 3.3055 0.9939 2.4739
17820 8910.0 3.2121 3.8617 3.2121 1.0001 2.4705
17830 8915.0 3.2775 0.2542 3.2775 0.9824 2.5950
17840 8920.0 3.2389 1.8651 3.2389 0.9842 2.6440
17850 8925.0 3.3219 0.2389 3.3219 1.0062 2.5803
17860 8930.0 3.3550 1.5150 3.3550 0.9905 2.5826
17870 8935.0 3.2865 0.0907 3.2865 0.9946 2.6911
17880 8940.0 3.2844 0.1212 3.2844 0.9708 2.6542
17890 8945.0 3.1801 7.1880 3.1801 1.0338 2.5160
17900 8950.0 3.3547 1.4961 3.3547 0.9823 2.6876
17910 8955.0 3.1775 7.5004 3.1775 0.9981 2.6747
17920 8960.0 3.3332 0.5497 3.3332 0.9941 2.7669
17930 8965.0 3.2099 4.0632 3.2099 1.0311 2.5771
17940 8970.0 3.3249 0.3092 3.3249 0.9813 2.6378
17950 8975.0 3.3413 0.8511 3.3413 1.0004 2.6748
17960 8980.0 3.3235 0.2765 3.3235 0.9906 2.6186
17970 8985.0 3.3061 0.0185 3.3061 1.0132 2.5183
17980 8990.0 3.2652 0.6054 3.2652 0.9906 2.4865
17990 8995.0 3.3059 0.0173 3.3059 0.9953 2.4398
18000 9000.0 3.3942 4.4332 3.3942 1.0009 2.3464
