# step  time_fs  cv_FeH(A)  bias(kJ/mol)  d_min_FeH(A)  d_min_OH(A)  d_min_SH(A)
0 0.0 1.7182 345.9197 1.7182 2.5114 2.4126
10 5.0 2.2021 60.5114 2.2021 2.1198 2.3522
20 10.0 2.9038 62.5829 2.9038 1.7296 2.4857
30 15.0 2.6219 2.5828 2.6219 1.7433 1.9985
40 20.0 2.0321 134.1319 2.0321 2.1598 1.2259
50 25.0 2.4579 4.2402 2.4579 2.2137 1.6806
60 30.0 2.8437 43.1316 2.8437 1.7178 2.0944
70 35.0 2.3874 13.2129 2.3874 2.1134 1.4835
80 40.0 2.3641 17.2773 2.3641 2.1976 1.3622
90 45.0 2.8563 46.9083 2.8563 1.8167 1.9395
100 50.0 2.4120 9.5185 2.4120 2.3570 1.9047
110 55.0 2.1979 61.9762 2.1979 2.4838 1.3975
120 60.0 2.5513 0.0009 2.5513 2.0792 1.3656
130 65.0 2.6899 9.7910 2.6899 1.6607 1.5698
140 70.0 2.4321 6.9519 2.4321 1.8928 1.3352
150 75.0 2.3078 29.3232 2.3078 1.7814 1.3692
160 80.0 2.5029 1.1116 2.5029 1.4343 1.7120
170 85.0 2.5989 1.1979 2.5989 1.0955 1.9981
180 90.0 2.3948 12.0458 2.3948 1.0235 2.0134
190 95.0 2.4985 1.3250 2.4985 1.1901 1.9053
200 100.0 2.6997 11.2087 2.6997 0.9497 2.1614
210 105.0 2.4165 8.9136 2.4165 1.1163 2.0341
220 110.0 2.6362 3.7179 2.6362 0.9857 2.2267
230 115.0 2.7033 11.7508 2.7033 1.0824 2.1665
240 120.0 2.4379 6.2811 2.4379 1.0774 2.0796
250 125.0 2.4267 7.6056 2.4267 0.9486 2.1240
260 130.0 2.5563 0.0197 2.5563 1.1572 1.9155
270 135.0 2.7356 17.2159 2.7356 1.0200 2.0360
280 140.0 2.4102 9.7775 2.4102 1.0538 1.8802
290 145.0 2.4828 2.2598 2.4828 0.9848 1.9503
300 150.0 2.6147 2.0934 2.6147 1.0657 1.9162
310 155.0 2.5109 0.7643 2.5109 1.0932 1.8582
320 160.0 2.5348 0.1149 2.5348 0.9689 1.9851
330 165.0 2.5297 0.2062 2.5297 1.1241 1.9011
340 170.0 2.7161 13.7999 2.7161 0.9520 2.1274
350 175.0 2.5247 0.3212 2.5247 1.1112 1.9629
360 180.0 2.5282 0.2382 2.5282 0.9272 2.0954
370 185.0 2.4508 4.9230 2.4508 1.0862 1.9984
380 190.0 2.5945 0.9902 2.5945 0.9394 2.1409
390 195.0 2.4860 2.0460 2.4860 1.0816 2.0492
400 200.0 2.5874 0.6978 2.5874 0.9195 2.1729
410 205.0 2.4959 1.4641 2.4959 1.0647 2.1047
420 210.0 2.6686 7.0322 2.6686 0.9480 2.2376
430 215.0 2.5736 0.2774 2.5736 1.0540 2.1891
440 220.0 2.6180 2.3095 2.6180 0.9507 2.2470
450 225.0 2.5970 1.1053 2.5970 1.0279 2.2496
460 230.0 2.6664 6.7778 2.6664 1.0028 2.2741
470 235.0 2.5457 0.0092 2.5457 1.0103 2.1525
480 240.0 2.4776 2.6193 2.4776 0.9835 2.0941
490 245.0 2.5739 0.2867 2.5739 0.9611 2.1686
500 250.0 2.6147 2.0915 2.6147 1.0486 2.2313
510 255.0 2.5853 0.6239 2.5853 0.9535 2.1874
520 260.0 2.4865 2.0149 2.4865 1.0214 2.0729
530 265.0 2.6031 1.4116 2.6031 0.9587 2.0746
540 270.0 2.5300 0.2003 2.5300 1.0529 2.0303
550 275.0 2.5932 0.9333 2.5932 0.9413 2.1682
560 280.0 2.5075 0.9026 2.5075 1.0421 2.1188
570 285.0 2.5658 0.1253 2.5658 0.9581 2.1216
580 290.0 2.5152 0.6041 2.5152 1.0468 2.0372
590 295.0 2.5881 0.7257 2.5881 0.9597 2.1156
600 300.0 2.5392 0.0588 2.5392 1.0580 1.9990
610 305.0 2.6382 3.8889 2.6382 0.9446 2.0847
620 310.0 2.5460 0.0079 2.5460 1.0705 2.0419
630 315.0 2.5795 0.4358 2.5795 0.9310 2.1847
640 320.0 2.4093 9.9005 2.4093 1.0213 2.0938
650 325.0 2.5038 1.0658 2.5038 0.9554 2.1132
660 330.0 2.5245 0.3257 2.5245 1.0200 2.0389
670 335.0 2.5244 0.3281 2.5244 0.9985 1.9796
680 340.0 2.5471 0.0043 2.5471 0.9702 1.9357
690 345.0 2.6625 6.3309 2.6625 1.0498 1.8898
700 350.0 2.6045 1.4847 2.6045 0.9903 1.8788
710 355.0 2.4831 2.2345 2.4831 1.0123 1.8188
720 360.0 2.5732 0.2696 2.5732 0.9587 1.8976
730 365.0 2.5793 0.4301 2.5793 1.0684 1.8490
740 370.0 2.5834 0.5575 2.5834 0.9691 1.9801
750 375.0 2.5895 0.7800 2.5895 1.0292 1.9827
760 380.0 2.6172 2.2565 2.6172 0.9685 2.0540
770 385.0 2.5237 0.3461 2.5237 1.0232 2.0301
780 390.0 2.5013 1.1843 2.5013 0.9650 2.1218
790 395.0 2.5544 0.0097 2.5544 1.0017 2.1716
800 400.0 2.6522 5.2188 2.6522 0.9814 2.2408
810 405.0 2.5638 0.0948 2.5638 1.0074 2.1947
820 410.0 2.4561 4.4091 2.4561 0.9696 2.1717
830 415.0 2.4926 1.6447 2.4926 1.0032 2.1286
840 420.0 2.5934 0.9398 2.5934 1.0018 2.1549
850 425.0 2.5082 0.8740 2.5082 0.9885 2.1265
860 430.0 2.5252 0.3087 2.5252 0.9840 2.1231
870 435.0 2.5714 0.2282 2.5714 1.0025 2.1128
880 440.0 2.5073 0.9097 2.5073 0.9860 2.0895
890 445.0 2.4820 2.3115 2.4820 1.0033 2.0638
900 450.0 2.6086 1.7156 2.6086 0.9728 2.1298
910 455.0 2.6195 2.4180 2.6195 1.0190 2.1226
920 460.0 2.5741 0.2896 2.5741 0.9672 2.1473
930 465.0 2.5152 0.6067 2.5152 1.0081 2.0799
940 470.0 2.5472 0.0038 2.5472 0.9731 2.0580
950 475.0 2.4722 3.0235 2.4722 1.0168 1.9996
960 480.0 2.4747 2.8358 2.4747 0.9475 2.0598
970 485.0 2.4639 3.7044 2.4639 1.0168 1.9911
980 490.0 2.6020 1.3520 2.6020 0.9771 2.0240
990 495.0 2.6029 1.3977 2.6029 1.0522 1.9797
1000 500.0 2.5504 0.0001 2.5504 0.9705 2.0661
1010 505.0 2.4540 4.6061 2.4540 0.9899 2.0983
1020 510.0 2.5076 0.9004 2.5076 0.9786 2.1444
1030 515.0 2.5906 0.8225 2.5906 0.9996 2.1459
1040 520.0 2.6019 1.3492 2.6019 1.0131 2.1087
1050 525.0 2.5471 0.0041 2.5471 0.9835 2.1344
1060 530.0 2.4904 1.7790 2.4904 0.9897 2.1313
1070 535.0 2.4993 1.2867 2.4993 0.9691 2.1375
1080 540.0 2.4614 3.9287 2.4614 1.0058 2.1085
1090 545.0 2.5107 0.7727 2.5107 0.9543 2.1579
1100 550.0 2.5331 0.1424 2.5331 1.0110 2.1673
1110 555.0 2.6247 2.7905 2.6247 1.0051 2.2325
1120 560.0 2.6192 2.3955 2.6192 1.0118 2.2578
1130 565.0 2.5553 0.0139 2.5553 0.9871 2.2439
1140 570.0 2.5396 0.0536 2.5396 0.9893 2.1916
1150 575.0 2.5410 0.0401 2.5410 1.0135 2.1781
1160 580.0 2.5536 0.0067 2.5536 0.9767 2.2628
1170 585.0 2.4932 1.6116 2.4932 1.0024 2.1450
1180 590.0 2.5242 0.3328 2.5242 0.9586 2.0573
1190 595.0 2.5602 0.0517 2.5602 1.0275 1.9347
1200 600.0 2.6657 6.6989 2.6657 0.9961 1.9181
1210 605.0 2.5703 0.2059 2.5703 1.0065 1.8678
1220 610.0 2.5252 0.3066 2.5252 0.9720 1.9144
1230 615.0 2.5171 0.5416 2.5171 0.9726 1.9288
1240 620.0 2.5215 0.4067 2.5215 1.0048 1.9175
1250 625.0 2.5698 0.1959 2.5698 0.9729 2.0006
1260 630.0 2.5733 0.2717 2.5733 1.0234 2.0291
1270 635.0 2.6399 4.0418 2.6399 0.9706 2.0054
1280 640.0 2.5947 0.9972 2.5947 1.0519 1.8880
1290 645.0 2.6012 1.3089 2.6012 0.9674 2.0020
1300 650.0 2.4676 3.3965 2.4676 1.0292 2.0376
1310 655.0 2.5440 0.0177 2.5440 0.9503 2.2081
1320 660.0 2.5466 0.0059 2.5466 1.0237 2.2541
1330 665.0 2.5364 0.0930 2.5364 0.9539 2.3124
1340 670.0 2.4719 3.0490 2.4719 0.9719 2.3014
1350 675.0 2.4825 2.2810 2.4825 0.9949 2.2981
1360 680.0 2.5549 0.0121 2.5549 0.9634 2.3061
1370 685.0 2.5314 0.1734 2.5314 1.0129 2.2122
1380 690.0 2.5963 1.0730 2.5963 0.9555 2.2229
1390 695.0 2.5754 0.3225 2.5754 1.0271 2.1737
1400 700.0 2.5876 0.7054 2.5876 0.9798 2.1953
1410 705.0 2.5262 0.2833 2.5262 1.0116 2.1379
1420 710.0 2.5908 0.8310 2.5908 0.9846 2.1774
1430 715.0 2.6091 1.7469 2.6091 1.0091 2.1647
1440 720.0 2.6049 1.5051 2.6049 1.0144 2.1366
1450 725.0 2.5927 0.9113 2.5927 0.9968 2.1153
1460 730.0 2.5797 0.4413 2.5797 1.0056 2.0417
1470 735.0 2.5752 0.3177 2.5752 0.9961 1.9668
1480 740.0 2.5588 0.0389 2.5588 1.0227 1.9119
1490 745.0 2.6051 1.5189 2.6051 1.0069 1.9341
1500 750.0 2.5713 0.2275 2.5713 0.9864 1.9116
1510 755.0 2.5125 0.7042 2.5125 0.9877 1.8964
1520 760.0 2.5317 0.1668 2.5317 0.9865 1.9417
1530 765.0 2.5513 0.0009 2.5513 1.0109 1.9773
1540 770.0 2.5063 0.9569 2.5063 1.0022 1.9716
1550 775.0 2.5429 0.0255 2.5429 0.9813 1.9934
1560 780.0 2.5664 0.1351 2.5664 1.0122 2.0186
1570 785.0 2.5537 0.0067 2.5537 0.9911 2.0966
1580 790.0 2.5378 0.0750 2.5378 0.9947 2.1527
1590 795.0 2.5664 0.1337 2.5664 0.9859 2.2357
1600 800.0 2.5388 0.0626 2.5388 0.9871 2.2571
1610 805.0 2.5064 0.9495 2.5064 1.0020 2.1984
1620 810.0 2.6174 2.2688 2.6174 1.0005 2.2319
1630 815.0 2.6196 2.4195 2.6196 1.0116 2.2732
1640 820.0 2.5333 0.1392 2.5333 0.9641 2.3816
1650 825.0 2.4809 2.3876 2.4809 0.9937 2.4324
1660 830.0 2.5164 0.5629 2.5164 0.9903 2.3485
1670 835.0 2.5160 0.5780 2.5160 0.9698 2.3792
1680 840.0 2.5350 0.1131 2.5350 1.0042 2.4266
1690 845.0 2.6448 4.4910 2.6448 0.9821 2.5218
1700 850.0 2.5494 0.0002 2.5494 1.0289 2.4209
1710 855.0 2.5002 1.2384 2.5002 0.9405 2.3435
1720 860.0 2.4133 9.3475 2.4133 0.9992 2.2537
1730 865.0 2.5013 1.1836 2.5013 0.9592 2.2547
1740 870.0 2.5291 0.2179 2.5291 1.0131 2.1851
1750 875.0 2.6304 3.2349 2.6304 1.0003 2.1671
1760 880.0 2.6764 7.9870 2.6764 1.0358 2.1516
1770 885.0 2.6868 9.3627 2.6868 1.0370 2.2176
1780 890.0 2.6573 5.7588 2.6573 1.0542 2.2915
1790 895.0 2.6491 4.9124 2.6491 1.0073 2.1906
1800 900.0 2.5751 0.3154 2.5751 1.0146 2.1445
1810 905.0 2.5447 0.0141 2.5447 1.0144 2.1096
1820 910.0 2.5452 0.0114 2.5452 0.9933 2.1104
1830 915.0 2.5181 0.5101 2.5181 1.0096 2.1557
1840 920.0 2.5930 0.9239 2.5930 0.9641 2.2659
1850 925.0 2.5849 0.6075 2.5849 1.0441 2.1403
1860 930.0 2.6556 5.5717 2.6556 0.9805 2.1831
1870 935.0 2.5712 0.2242 2.5712 1.0490 2.1362
1880 940.0 2.6249 2.8031 2.6249 0.9621 2.2043
1890 945.0 2.5164 0.5634 2.5164 1.0450 2.1169
1900 950.0 2.6085 1.7138 2.6085 0.9531 2.1982
1910 955.0 2.5469 0.0047 2.5469 1.0560 2.1639
1920 960.0 2.6054 1.5357 2.6054 0.9654 2.2326
1930 965.0 2.5280 0.2426 2.5280 1.0210 2.1232
1940 970.0 2.5632 0.0872 2.5632 0.9736 2.0961
1950 975.0 2.5197 0.4585 2.5197 1.0287 2.0039
1960 980.0 2.6005 1.2753 2.6005 0.9914 1.9581
1970 985.0 2.6462 4.6227 2.6462 1.1125 1.7637
1980 990.0 2.6546 5.4744 2.6546 1.1399 1.6774
1990 995.0 2.5557 0.0165 2.5557 1.0856 1.6980
2000 1000.0 2.5054 0.9946 2.5054 0.9935 1.8090
2010 1005.0 2.4458 5.4330 2.4458 1.0143 1.8562
2020 1010.0 2.5138 0.6540 2.5138 0.9990 1.8780
2030 1015.0 2.5774 0.3757 2.5774 1.0628 1.8618
2040 1020.0 2.6794 8.3748 2.6794 1.0292 1.8844
2050 1025.0 2.6556 5.5747 2.6556 1.0509 1.8263
2060 1030.0 2.5912 0.8468 2.5912 1.0890 1.7901
2070 1035.0 2.6043 1.4753 2.6043 1.0507 1.8416
2080 1040.0 2.6064 1.5882 2.6064 1.0197 1.8994
2090 1045.0 2.5700 0.2001 2.5700 1.0312 1.8946
2100 1050.0 2.5857 0.6381 2.5857 1.0253 1.8620
2110 1055.0 2.5895 0.7802 2.5895 1.0647 1.8200
2120 1060.0 2.5858 0.6415 2.5858 1.0394 1.9083
2130 1065.0 2.5926 0.9092 2.5926 0.9910 2.0099
2140 1070.0 2.5425 0.0281 2.5425 1.0022 2.0426
2150 1075.0 2.5276 0.2509 2.5276 0.9897 2.1016
2160 1080.0 2.5123 0.7092 2.5123 1.0034 2.1537
2170 1085.0 2.5411 0.0395 2.5411 0.9850 2.2010
2180 1090.0 2.5566 0.0216 2.5566 1.0250 2.1364
2190 1095.0 2.6531 5.3170 2.6531 1.0117 2.1447
2200 1100.0 2.5827 0.5357 2.5827 1.0267 2.1428
2210 1105.0 2.5174 0.5320 2.5174 0.9879 2.2503
2220 1110.0 2.4852 2.0964 2.4852 0.9866 2.3745
2230 1115.0 2.5030 1.1039 2.5030 0.9876 2.4592
2240 1120.0 2.5625 0.0779 2.5625 0.9986 2.4992
2250 1125.0 2.6058 1.5550 2.6058 1.0081 2.4746
2260 1130.0 2.5573 0.0265 2.5573 0.9875 2.3744
2270 1135.0 2.5108 0.7688 2.5108 0.9917 2.2540
2280 1140.0 2.5381 0.0709 2.5381 1.0029 2.1642
2290 1145.0 2.6196 2.4200 2.6196 1.0060 2.1186
2300 1150.0 2.5983 1.1676 2.5983 1.0241 2.0976
2310 1155.0 2.5582 0.0333 2.5582 1.0247 2.0910
2320 1160.0 2.5291 0.2194 2.5291 0.9813 2.1304
2330 1165.0 2.5093 0.8276 2.5093 1.0004 2.1667
2340 1170.0 2.5660 0.1276 2.5660 0.9926 2.2346
2350 1175.0 2.6077 1.6665 2.6077 0.9973 2.2521
2360 1180.0 2.5666 0.1375 2.5666 1.0120 2.2207
2370 1185.0 2.5241 0.3355 2.5241 0.9929 2.2099
2380 1190.0 2.5115 0.7416 2.5115 1.0066 2.1758
2390 1195.0 2.5781 0.3946 2.5781 0.9859 2.1084
2400 1200.0 2.6088 1.7273 2.6088 1.0485 1.9286
2410 1205.0 2.6708 7.2933 2.6708 1.0359 1.8894
2420 1210.0 2.6457 4.5818 2.6457 1.0217 1.8925
2430 1215.0 2.5582 0.0335 2.5582 0.9991 1.9377
2440 1220.0 2.4648 3.6312 2.4648 1.0067 1.9802
2450 1225.0 2.4827 2.2614 2.4827 0.9689 2.0266
2460 1230.0 2.5208 0.4251 2.5208 1.0049 1.9914
2470 1235.0 2.6067 1.6059 2.6067 1.0198 1.9884
2480 1240.0 2.6424 4.2734 2.6424 1.0174 2.0398
2490 1245.0 2.6167 2.2251 2.6167 1.0162 2.0767
2500 1250.0 2.5703 0.2065 2.5703 0.9987 2.1550
2510 1255.0 2.5573 0.0263 2.5573 1.0071 2.2401
2520 1260.0 2.5540 0.0080 2.5540 0.9949 2.2642
2530 1265.0 2.5125 0.7045 2.5125 0.9865 2.2213
2540 1270.0 2.5109 0.7656 2.5109 0.9980 2.1915
2550 1275.0 2.5754 0.3234 2.5754 0.9991 2.1856
2560 1280.0 2.5948 1.0044 2.5948 1.0071 2.1582
2570 1285.0 2.6134 2.0119 2.6134 0.9857 2.1409
2580 1290.0 2.5813 0.4891 2.5813 1.0270 2.0569
2590 1295.0 2.6177 2.2890 2.6177 0.9923 2.0323
2600 1300.0 2.5743 0.2950 2.5743 1.0240 2.0224
2610 1305.0 2.5757 0.3306 2.5757 0.9789 2.1065
2620 1310.0 2.5122 0.7139 2.5122 1.0038 2.1247
2630 1315.0 2.5220 0.3934 2.5220 0.9610 2.1071
2640 1320.0 2.4825 2.2814 2.4825 1.0257 1.9826
2650 1325.0 2.5494 0.0002 2.5494 0.9558 2.0097
2660 1330.0 2.5112 0.7520 2.5112 1.0225 1.9768
2670 1335.0 2.5857 0.6361 2.5857 0.9657 2.0367
2680 1340.0 2.5353 0.1085 2.5353 1.0607 1.9793
2690 1345.0 2.6338 3.5125 2.6338 0.9731 2.0801
2700 1350.0 2.5733 0.2712 2.5733 1.0680 2.0155
2710 1355.0 2.6415 4.1898 2.6415 0.9726 2.1003
2720 1360.0 2.5225 0.3775 2.5225 1.0661 2.0371
2730 1365.0 2.5714 0.2299 2.5714 0.9391 2.1643
2740 1370.0 2.4432 5.7039 2.4432 1.0403 2.1263
2750 1375.0 2.4892 1.8473 2.4892 0.9386 2.1343
2760 1380.0 2.4636 3.7315 2.4636 1.0308 1.9887
2770 1385.0 2.6259 2.8774 2.6259 0.9850 1.9933
2780 1390.0 2.6104 1.8235 2.6104 1.1007 1.8590
2790 1395.0 2.5945 0.9881 2.5945 0.9870 1.9386
2800 1400.0 2.4854 2.0856 2.4854 1.0336 1.8763
2810 1405.0 2.5199 0.4537 2.5199 1.0379 1.8752
2820 1410.0 2.6402 4.0659 2.6402 1.0108 1.8984
2830 1415.0 2.6324 3.3974 2.6324 1.0780 1.8304
2840 1420.0 2.6022 1.3624 2.6022 0.9924 1.8988
2850 1425.0 2.4850 2.1126 2.4850 1.0292 1.8987
2860 1430.0 2.5274 0.2552 2.5274 0.9655 1.9749
2870 1435.0 2.5400 0.0504 2.5400 1.0335 1.8954
2880 1440.0 2.6205 2.4827 2.6205 1.0111 1.8886
2890 1445.0 2.6085 1.7140 2.6085 1.0525 1.8453
2900 1450.0 2.5697 0.1938 2.5697 1.0185 1.8839
2910 1455.0 2.5018 1.1620 2.5018 1.0041 1.9277
2920 1460.0 2.5125 0.7020 2.5125 0.9849 1.9426
2930 1465.0 2.5266 0.2749 2.5266 1.0202 1.9189
2940 1470.0 2.5735 0.2755 2.5735 1.0038 1.9537
2950 1475.0 2.6157 2.1603 2.6157 1.0085 1.9999
2960 1480.0 2.5985 1.1764 2.5985 1.0121 2.0191
2970 1485.0 2.5422 0.0304 2.5422 0.9998 1.9805
2980 1490.0 2.4860 2.0493 2.4860 1.0192 1.9407
2990 1495.0 2.5149 0.6174 2.5149 0.9804 1.9739
3000 1500.0 2.5037 1.0711 2.5037 1.0758 1.9184
3010 1505.0 2.6636 6.4508 2.6636 0.9773 1.9786
3020 1510.0 2.6253 2.8315 2.6253 1.1014 1.8769
3030 1515.0 2.6174 2.2730 2.6174 1.0984 1.8716
3040 1520.0 2.6462 4.6262 2.6462 0.9911 1.9933
3050 1525.0 2.5483 0.0015 2.5483 1.0666 2.0868
3060 1530.0 2.6191 2.3906 2.6191 0.9773 2.3518
3070 1535.0 2.5405 0.0452 2.5405 1.0138 2.4160
3080 1540.0 2.5390 0.0603 2.5390 0.9679 2.5095
3090 1545.0 2.5758 0.3331 2.5758 1.0354 2.5436
3100 1550.0 2.6829 8.8293 2.6829 1.0063 2.5569
3110 1555.0 2.6159 2.1745 2.6159 1.0307 2.4540
3120 1560.0 2.5578 0.0306 2.5578 0.9914 2.3718
3130 1565.0 2.5433 0.0222 2.5433 1.0070 2.3299
3140 1570.0 2.5616 0.0678 2.5616 1.0035 2.3702
3150 1575.0 2.5310 0.1803 2.5310 1.0041 2.3691
3160 1580.0 2.5075 0.9042 2.5075 0.9906 2.3506
3170 1585.0 2.4836 2.2056 2.4836 0.9752 2.4181
3180 1590.0 2.4628 3.8060 2.4628 0.9836 2.3464
3190 1595.0 2.5053 0.9993 2.5053 0.9580 2.3821
3200 1600.0 2.4812 2.3675 2.4812 0.9983 2.4501
3210 1605.0 2.5194 0.4678 2.5194 0.9909 2.3993
3220 1610.0 2.5265 0.2772 2.5265 1.0143 2.4179
3230 1615.0 2.5429 0.0250 2.5429 0.9957 2.5076
3240 1620.0 2.5316 0.1700 2.5316 1.0123 2.5066
3250 1625.0 2.5420 0.0324 2.5420 0.9922 2.5470
3260 1630.0 2.5528 0.0041 2.5528 0.9963 2.5174
3270 1635.0 2.5534 0.0057 2.5534 1.0224 2.4105
3280 1640.0 2.5790 0.4201 2.5790 1.0056 2.4000
3290 1645.0 2.5939 0.9655 2.5939 1.0012 2.4477
3300 1650.0 2.5978 1.1414 2.5978 1.0033 2.4297
3310 1655.0 2.5865 0.6673 2.5865 1.0054 2.3331
3320 1660.0 2.5777 0.3831 2.5777 1.0036 2.2438
3330 1665.0 2.5470 0.0045 2.5470 1.0232 2.2016
3340 1670.0 2.5468 0.0050 2.5468 1.0085 2.1751
3350 1675.0 2.5510 0.0005 2.5510 1.0085 2.1331
3360 1680.0 2.5470 0.0045 2.5470 1.0296 2.0974
3370 1685.0 2.5518 0.0017 2.5518 1.0073 2.1389
3380 1690.0 2.5339 0.1301 2.5339 0.9948 2.2369
3390 1695.0 2.5104 0.7842 2.5104 1.0130 2.2817
3400 1700.0 2.5396 0.0543 2.5396 0.9847 2.3235
3410 1705.0 2.5394 0.0563 2.5394 1.0236 2.4031
3420 1710.0 2.6263 2.9107 2.6263 0.9739 2.5786
3430 1715.0 2.5968 1.0938 2.5968 1.0366 2.6436
3440 1720.0 2.6556 5.5764 2.6556 0.9485 2.6827
3450 1725.0 2.5607 0.0576 2.5607 1.0516 2.6248
3460 1730.0 2.5811 0.4841 2.5811 0.9515 2.5762
3470 1735.0 2.4825 2.2758 2.4825 1.0450 2.4955
3480 1740.0 2.5542 0.0089 2.5542 0.9489 2.5353
3490 1745.0 2.5221 0.3878 2.5221 1.0312 2.5247
3500 1750.0 2.5524 0.0028 2.5524 0.9790 2.5202
3510 1755.0 2.5123 0.7098 2.5123 1.0108 2.4702
3520 1760.0 2.5316 0.1685 2.5316 1.0060 2.4723
3530 1765.0 2.5925 0.9014 2.5925 1.0179 2.4192
3540 1770.0 2.6427 4.2926 2.6427 1.0215 2.4528
3550 1775.0 2.6163 2.2004 2.6163 1.0243 2.4663
3560 1780.0 2.5613 0.0634 2.5613 1.0198 2.2948
3570 1785.0 2.5368 0.0869 2.5368 1.0010 2.1888
3580 1790.0 2.5282 0.2380 2.5282 1.0127 1.9969
3590 1795.0 2.5737 0.2814 2.5737 1.0653 1.7769
3600 1800.0 2.6227 2.6424 2.6227 1.0756 1.7117
3610 1805.0 2.5879 0.7176 2.5879 1.0983 1.7240
3620 1810.0 2.6603 6.0814 2.6603 1.0265 1.8635
3630 1815.0 2.6521 5.2149 2.6521 1.0666 1.8735
3640 1820.0 2.6996 11.1862 2.6996 1.0493 1.9080
3650 1825.0 2.7068 12.3002 2.7068 1.0784 1.9274
3660 1830.0 2.7187 14.2335 2.7187 1.0843 1.9623
3670 1835.0 2.7472 19.4342 2.7472 1.0325 2.0314
3680 1840.0 2.6144 2.0705 2.6144 1.1240 1.9889
3690 1845.0 2.6749 7.7958 2.6749 0.9786 2.1437
3700 1850.0 2.5251 0.3092 2.5251 1.0740 2.2458
3710 1855.0 2.6134 2.0086 2.6134 0.9629 2.1859
3720 1860.0 2.5580 0.0322 2.5580 1.0684 1.9964
3730 1865.0 2.6526 5.2648 2.6526 0.9832 2.0347
3740 1870.0 2.5943 0.9810 2.5943 1.0550 1.9748
3750 1875.0 2.6057 1.5538 2.6057 0.9893 2.0449
3760 1880.0 2.5496 0.0001 2.5496 1.0184 2.0369
3770 1885.0 2.5576 0.0287 2.5576 0.9928 2.0461
3780 1890.0 2.5535 0.0060 2.5535 1.0222 1.9938
3790 1895.0 2.5809 0.4764 2.5809 1.0149 1.9925
3800 1900.0 2.6107 1.8423 2.6107 1.0105 2.0212
3810 1905.0 2.6034 1.4279 2.6034 1.0260 2.0328
3820 1910.0 2.5806 0.4687 2.5806 0.9806 2.1032
3830 1915.0 2.4975 1.3772 2.4975 1.0287 2.1055
3840 1920.0 2.5393 0.0571 2.5393 0.9706 2.2333
3850 1925.0 2.5283 0.2365 2.5283 1.0181 2.2552
3860 1930.0 2.5502 0.0000 2.5502 0.9967 2.2994
3870 1935.0 2.5344 0.1218 2.5344 0.9928 2.3116
3880 1940.0 2.5124 0.7053 2.5124 1.0175 2.3108
3890 1945.0 2.5540 0.0079 2.5540 0.9856 2.3206
3900 1950.0 2.5221 0.3878 2.5221 1.0357 2.2263
3910 1955.0 2.5455 0.0102 2.5455 0.9675 2.1843
3920 1960.0 2.4806 2.4097 2.4806 1.0148 2.0944
3930 1965.0 2.5639 0.0970 2.5639 0.9663 2.1139
3940 1970.0 2.5463 0.0067 2.5463 1.0212 2.0975
3950 1975.0 2.5355 0.1045 2.5355 0.9713 2.1289
3960 1980.0 2.4688 3.3001 2.4688 1.0003 2.0969
3970 1985.0 2.5414 0.0366 2.5414 0.9564 2.1072
3980 1990.0 2.5866 0.6709 2.5866 1.0196 2.0353
3990 1995.0 2.6679 6.9506 2.6679 0.9889 2.0425
4000 2000.0 2.6259 2.8780 2.6259 1.0190 2.0407
4010 2005.0 2.5848 0.6042 2.5848 1.0059 2.0975
4020 2010.0 2.5595 0.0447 2.5595 0.9976 2.1147
4030 2015.0 2.5753 0.3194 2.5753 0.9824 2.1021
4040 2020.0 2.5820 0.5131 2.5820 0.9918 2.1069
4050 2025.0 2.5840 0.5793 2.5840 0.9982 2.1351
4060 2030.0 2.5702 0.2039 2.5702 0.9810 2.1162
4070 2035.0 2.5408 0.0422 2.5408 1.0027 2.0634
4080 2040.0 2.5766 0.3546 2.5766 0.9606 2.0902
4090 2045.0 2.5340 0.1277 2.5340 1.0271 2.1111
4100 2050.0 2.5736 0.2774 2.5736 0.9730 2.1651
4110 2055.0 2.5185 0.4971 2.5185 1.0149 2.1172
4120 2060.0 2.5444 0.0155 2.5444 0.9648 2.2314
4130 2065.0 2.5537 0.0069 2.5537 0.9898 2.4281
4140 2070.0 2.5819 0.5078 2.5819 1.0022 2.5363
4150 2075.0 2.5765 0.3520 2.5765 0.9656 2.4921
4160 2080.0 2.5305 0.1895 2.5305 0.9940 2.4654
4170 2085.0 2.5674 0.1508 2.5674 0.9768 2.5621
4180 2090.0 2.6008 1.2921 2.6008 1.0009 2.5845
4190 2095.0 2.5833 0.5532 2.5833 0.9885 2.4010
4200 2100.0 2.5635 0.0907 2.5635 1.0131 2.1784
4210 2105.0 2.6283 3.0642 2.6283 0.9959 2.1282
4220 2110.0 2.5892 0.7682 2.5892 1.0254 2.1479
4230 2115.0 2.5866 0.6702 2.5866 0.9638 2.2859
4240 2120.0 2.5337 0.1332 2.5337 1.0066 2.3553
4250 2125.0 2.5521 0.0022 2.5521 0.9791 2.3327
4260 2130.0 2.5184 0.4985 2.5184 0.9901 2.2975
4270 2135.0 2.4772 2.6517 2.4772 0.9897 2.3350
4280 2140.0 2.4921 1.6759 2.4921 0.9420 2.4715
4290 2145.0 2.4720 3.0449 2.4720 0.9990 2.5653
4300 2150.0 2.5770 0.3640 2.5770 0.9553 2.6489
4310 2155.0 2.6103 1.8184 2.6103 1.0027 2.6374
4320 2160.0 2.6692 7.1023 2.6692 0.9957 2.5838
4330 2165.0 2.6787 8.2799 2.6787 1.0077 2.5121
4340 2170.0 2.6444 4.4522 2.6444 1.0047 2.4441
4350 2175.0 2.6304 3.2299 2.6304 0.9735 2.3453
4360 2180.0 2.5765 0.3508 2.5765 1.0252 2.1815
4370 2185.0 2.5899 0.7960 2.5899 0.9625 2.1209
4380 2190.0 2.5002 1.2380 2.5002 1.0139 1.9908
4390 2195.0 2.5480 0.0020 2.5480 0.9549 1.9806
4400 2200.0 2.5223 0.3829 2.5223 1.0309 1.8805
4410 2205.0 2.5539 0.0075 2.5539 0.9607 1.9370
4420 2210.0 2.5060 0.9668 2.5060 0.9974 1.9280
4430 2215.0 2.6123 1.9437 2.6123 0.9924 1.9838
4440 2220.0 2.6176 2.2855 2.6176 1.0229 2.0072
4450 2225.0 2.5744 0.2965 2.5744 0.9884 2.0733
4460 2230.0 2.5318 0.1659 2.5318 0.9851 2.1775
4470 2235.0 2.5406 0.0438 2.5406 0.9830 2.3218
4480 2240.0 2.5522 0.0025 2.5522 0.9815 2.4137
4490 2245.0 2.5550 0.0123 2.5550 0.9925 2.4736
4500 2250.0 2.6054 1.5333 2.6054 0.9694 2.5097
4510 2255.0 2.5642 0.1004 2.5642 1.0189 2.4537
4520 2260.0 2.5506 0.0002 2.5506 0.9609 2.4006
4530 2265.0 2.4845 2.1464 2.4845 1.0055 2.3312
4540 2270.0 2.5466 0.0059 2.5466 0.9637 2.3365
4550 2275.0 2.5872 0.6929 2.5872 0.9855 2.3376
4560 2280.0 2.6176 2.2819 2.6176 1.0177 2.4056
4570 2285.0 2.6648 6.5927 2.6648 0.9690 2.4697
4580 2290.0 2.6046 1.4894 2.6046 1.0267 2.4692
4590 2295.0 2.6400 4.0516 2.6400 0.9492 2.5022
4600 2300.0 2.5183 0.5028 2.5183 1.0241 2.4027
4610 2305.0 2.5094 0.8222 2.5094 0.9381 2.3601
4620 2310.0 2.4224 8.1415 2.4224 0.9885 2.3046
4630 2315.0 2.4957 1.4719 2.4957 0.9823 2.3536
4640 2320.0 2.5563 0.0199 2.5563 0.9840 2.4469
4650 2325.0 2.5460 0.0079 2.5460 1.0346 2.4934
4660 2330.0 2.6343 3.5556 2.6343 0.9452 2.5209
4670 2335.0 2.5657 0.1225 2.5657 1.0440 2.4072
4680 2340.0 2.6375 3.8263 2.6375 0.9586 2.4844
4690 2345.0 2.5803 0.4600 2.5803 1.0203 2.5483
4700 2350.0 2.5647 0.1078 2.5647 0.9861 2.6130
4710 2355.0 2.5184 0.4978 2.5184 0.9575 2.5474
4720 2360.0 2.4334 6.8006 2.4334 0.9982 2.4792
4730 2365.0 2.4830 2.2465 2.4830 0.9466 2.5283
4740 2370.0 2.4828 2.2608 2.4828 0.9998 2.5810
4750 2375.0 2.5650 0.1131 2.5650 0.9773 2.7021
4760 2380.0 2.5838 0.5717 2.5838 1.0017 2.7031
4770 2385.0 2.6064 1.5900 2.6064 0.9960 2.6237
4780 2390.0 2.6132 1.9976 2.6132 0.9925 2.5799
4790 2395.0 2.5666 0.1370 2.5666 0.9960 2.5807
4800 2400.0 2.5524 0.0029 2.5524 0.9552 2.6424
4810 2405.0 2.5361 0.0972 2.5361 1.0035 2.6612
4820 2410.0 2.5970 1.1060 2.5970 0.9713 2.7251
4830 2415.0 2.5650 0.1130 2.5650 0.9907 2.6729
4840 2420.0 2.5391 0.0592 2.5391 0.9767 2.5905
4850 2425.0 2.5677 0.1559 2.5677 0.9726 2.5270
4860 2430.0 2.6159 2.1685 2.6159 1.0095 2.4493
4870 2435.0 2.5935 0.9477 2.5935 0.9609 2.3620
4880 2440.0 2.4901 1.7947 2.4901 1.0091 2.2156
4890 2445.0 2.5800 0.4506 2.5800 0.9631 2.2112
4900 2450.0 2.5862 0.6550 2.5862 1.0225 2.1486
4910 2455.0 2.5330 0.1448 2.5330 0.9742 2.1478
4920 2460.0 2.5179 0.5145 2.5179 0.9672 2.1547
4930 2465.0 2.5300 0.2004 2.5300 1.0180 2.1363
4940 2470.0 2.5990 1.2023 2.5990 0.9614 2.2559
4950 2475.0 2.4985 1.3246 2.4985 1.0342 2.3741
4960 2480.0 2.4436 5.6632 2.4436 0.9360 2.6456
4970 2485.0 2.4336 6.7801 2.4336 0.9853 2.7248
4980 2490.0 2.5664 0.1341 2.5664 0.9977 2.6371
4990 2495.0 2.6293 3.1417 2.6293 0.9859 2.5451
5000 2500.0 2.6094 1.7656 2.6094 1.0217 2.4984
5010 2505.0 2.6304 3.2316 2.6304 0.9708 2.5437
5020 2510.0 2.4988 1.3127 2.4988 1.0387 2.4933
5030 2515.0 2.5271 0.2629 2.5271 0.9240 2.3532
5040 2520.0 2.4458 5.4329 2.4458 1.0209 2.1766
5050 2525.0 2.5032 1.0936 2.5032 0.9632 2.1997
5060 2530.0 2.4739 2.8951 2.4739 0.9962 2.1978
5070 2535.0 2.4858 2.0588 2.4858 0.9949 2.2084
5080 2540.0 2.5349 0.1137 2.5349 0.9731 2.2030
5090 2545.0 2.5051 1.0096 2.5051 1.0143 2.1979
5100 2550.0 2.5491 0.0004 2.5491 0.9589 2.3204
5110 2555.0 2.5273 0.2577 2.5273 1.0182 2.3942
5120 2560.0 2.6146 2.0894 2.6146 0.9647 2.5362
5130 2565.0 2.5964 1.0779 2.5964 1.0100 2.5773
5140 2570.0 2.5995 1.2272 2.5995 0.9722 2.5922
5150 2575.0 2.5108 0.7679 2.5108 0.9753 2.5078
5160 2580.0 2.4755 2.7784 2.4755 0.9805 2.4617
5170 2585.0 2.5218 0.3980 2.5218 0.9602 2.4867
5180 2590.0 2.5004 1.2299 2.5004 0.9954 2.4306
5190 2595.0 2.5134 0.6712 2.5134 0.9730 2.3651
5200 2600.0 2.5283 0.2364 2.5283 0.9847 2.2932
5210 2605.0 2.5598 0.0479 2.5598 0.9905 2.2283
5220 2610.0 2.5414 0.0371 2.5414 0.9794 2.0790
5230 2615.0 2.5104 0.7825 2.5104 1.0039 1.9283
5240 2620.0 2.5514 0.0010 2.5514 0.9800 1.8809
5250 2625.0 2.5357 0.1021 2.5357 1.0195 1.8330
5260 2630.0 2.5338 0.1308 2.5338 0.9812 1.8947
5270 2635.0 2.5169 0.5489 2.5169 1.0040 1.9517
5280 2640.0 2.5448 0.0135 2.5448 0.9891 1.9997
5290 2645.0 2.5572 0.0259 2.5572 0.9818 2.0161
5300 2650.0 2.5662 0.1310 2.5662 0.9957 2.0762
5310 2655.0 2.6095 1.7704 2.6095 0.9857 2.2036
5320 2660.0 2.5571 0.0252 2.5571 1.0025 2.2083
5330 2665.0 2.5284 0.2323 2.5284 0.9675 2.1956
5340 2670.0 2.5149 0.6148 2.5149 0.9788 2.2186
5350 2675.0 2.5262 0.2831 2.5262 0.9981 2.2593
5360 2680.0 2.5541 0.0085 2.5541 0.9736 2.2450
5370 2685.0 2.5370 0.0844 2.5370 1.0015 2.2195
5380 2690.0 2.6077 1.6646 2.6077 0.9842 2.2760
5390 2695.0 2.6445 4.4635 2.6445 1.0147 2.3157
5400 2700.0 2.6203 2.4687 2.6203 0.9996 2.2840
5410 2705.0 2.5539 0.0078 2.5539 0.9796 2.2006
5420 2710.0 2.5123 0.7118 2.5123 0.9855 2.1143
5430 2715.0 2.5399 0.0514 2.5399 0.9719 2.1033
5440 2720.0 2.5410 0.0409 2.5410 1.0055 2.1428
5450 2725.0 2.5807 0.4721 2.5807 0.9706 2.2029
5460 2730.0 2.5355 0.1057 2.5355 1.0033 2.2421
5470 2735.0 2.5888 0.7536 2.5888 0.9765 2.3461
5480 2740.0 2.5771 0.3660 2.5771 1.0019 2.2368
5490 2745.0 2.5318 0.1655 2.5318 0.9844 2.1058
5500 2750.0 2.5283 0.2354 2.5283 0.9907 2.0117
5510 2755.0 2.5939 0.9621 2.5939 1.0014 2.0067
5520 2760.0 2.6076 1.6599 2.6076 1.0282 2.0610
5530 2765.0 2.5708 0.2157 2.5708 0.9894 2.1686
5540 2770.0 2.5177 0.5211 2.5177 0.9799 2.2552
5550 2775.0 2.4893 1.8441 2.4893 1.0128 2.3455
5560 2780.0 2.5586 0.0371 2.5586 0.9408 2.3701
5570 2785.0 2.4937 1.5834 2.4937 1.0234 2.3306
5580 2790.0 2.6066 1.6019 2.6066 0.9357 2.4025
5590 2795.0 2.5618 0.0698 2.5618 1.0585 2.4161
5600 2800.0 2.6395 4.0027 2.6395 0.9476 2.4271
5610 2805.0 2.5181 0.5082 2.5181 1.0253 2.2929
5620 2810.0 2.5187 0.4896 2.5187 0.9813 2.1617
5630 2815.0 2.5364 0.0924 2.5364 0.9786 2.0566
5640 2820.0 2.5769 0.3618 2.5769 1.0294 1.9689
5650 2825.0 2.6474 4.7446 2.6474 0.9836 1.9886
5660 2830.0 2.6015 1.3285 2.6015 1.0281 2.0015
5670 2835.0 2.5725 0.2527 2.5725 0.9651 2.1068
5680 2840.0 2.4750 2.8093 2.4750 1.0184 2.2244
5690 2845.0 2.5883 0.7343 2.5883 0.9500 2.4901
5700 2850.0 2.5999 1.2471 2.5999 1.0497 2.3713
5710 2855.0 2.6541 5.4134 2.6541 0.9671 2.2720
5720 2860.0 2.5915 0.8592 2.5915 1.0397 2.1152
5730 2865.0 2.6017 1.3371 2.6017 0.9704 2.1388
5740 2870.0 2.5246 0.3227 2.5246 1.0365 2.1005
5750 2875.0 2.5359 0.0992 2.5359 0.9635 2.1910
5760 2880.0 2.4665 3.4877 2.4665 1.0001 2.1820
5770 2885.0 2.5415 0.0359 2.5415 0.9880 2.2082
5780 2890.0 2.6303 3.2204 2.6303 0.9907 2.2006
5790 2895.0 2.6275 3.0031 2.6275 1.0216 2.1305
5800 2900.0 2.5609 0.0589 2.5609 0.9668 2.1189
5810 2905.0 2.5056 0.9867 2.5056 1.0227 2.1144
5820 2910.0 2.5374 0.0788 2.5374 0.9684 2.2157
5830 2915.0 2.4393 6.1235 2.4393 0.9967 2.1912
5840 2920.0 2.4984 1.3289 2.4984 0.9466 2.2026
5850 2925.0 2.6174 2.2704 2.6174 1.0371 2.1395
5860 2930.0 2.6912 9.9694 2.6912 0.9857 2.1922
5870 2935.0 2.5172 0.5382 2.5172 1.0197 2.1692
5880 2940.0 2.5008 1.2086 2.5008 0.9694 2.2425
5890 2945.0 2.5546 0.0105 2.5546 0.9798 2.2474
5900 2950.0 2.4980 1.3541 2.4980 1.0414 2.1878
5910 2955.0 2.5550 0.0126 2.5550 0.9264 2.2636
5920 2960.0 2.4747 2.8368 2.4747 1.0600 2.1132
5930 2965.0 2.6774 8.1113 2.6774 0.9432 2.2136
5940 2970.0 2.6113 1.8800 2.6113 1.1048 2.0630
5950 2975.0 2.5593 0.0434 2.5593 0.9241 2.1815
5960 2980.0 2.4023 10.9035 2.4023 1.0122 2.0922
5970 2985.0 2.5388 0.0629 2.5388 0.9686 2.1498
5980 2990.0 2.5440 0.0177 2.5440 1.0318 2.1245
5990 2995.0 2.5344 0.1214 2.5344 0.9787 2.1540
6000 3000.0 2.5861 0.6500 2.5861 0.9811 2.1637
6010 3005.0 2.6808 8.5557 2.6808 1.0275 2.1774
6020 3010.0 2.5829 0.5420 2.5829 0.9721 2.1469
6030 3015.0 2.4224 8.1377 2.4224 1.0007 2.0244
6040 3020.0 2.5213 0.4123 2.5213 0.9521 2.0111
6050 3025.0 2.6096 1.7763 2.6096 1.0548 1.9095
6060 3030.0 2.6125 1.9534 2.6125 0.9653 1.9368
6070 3035.0 2.4601 4.0384 2.4601 1.0302 1.8359
6080 3040.0 2.5473 0.0036 2.5473 0.9652 1.9464
6090 3045.0 2.5933 0.9364 2.5933 1.0564 1.9287
6100 3050.0 2.5899 0.7943 2.5899 0.9591 1.9709
6110 3055.0 2.5561 0.0185 2.5561 1.0297 1.9607
6120 3060.0 2.6326 3.4137 2.6326 0.9707 2.0738
6130 3065.0 2.5695 0.1895 2.5695 1.0409 2.0811
6140 3070.0 2.5298 0.2036 2.5298 0.9626 2.1809
6150 3075.0 2.5123 0.7119 2.5123 0.9776 2.2482
6160 3080.0 2.5108 0.7700 2.5108 1.0077 2.3163
6170 3085.0 2.5829 0.5413 2.5829 0.9532 2.3430
6180 3090.0 2.5111 0.7562 2.5111 1.0389 2.2831
6190 3095.0 2.6151 2.1199 2.6151 0.9415 2.3368
6200 3100.0 2.5324 0.1543 2.5324 1.0504 2.2428
6210 3105.0 2.6443 4.4460 2.6443 0.9610 2.2979
6220 3110.0 2.6077 1.6622 2.6077 1.0381 2.2758
6230 3115.0 2.6757 7.8975 2.6757 0.9957 2.3172
6240 3120.0 2.6188 2.3652 2.6188 1.0436 2.2662
6250 3125.0 2.6202 2.4629 2.6202 0.9845 2.2810
6260 3130.0 2.5457 0.0093 2.5457 1.0114 2.2297
6270 3135.0 2.5426 0.0277 2.5426 0.9801 2.2146
6280 3140.0 2.5318 0.1659 2.5318 0.9675 2.1979
6290 3145.0 2.5301 0.1985 2.5301 1.0152 2.1953
6300 3150.0 2.6273 2.9852 2.6273 0.9655 2.2600
6310 3155.0 2.5296 0.2072 2.5296 1.0268 2.1967
6320 3160.0 2.5160 0.5766 2.5160 0.9478 2.1680
6330 3165.0 2.4556 4.4523 2.4556 1.0220 2.0740
6340 3170.0 2.5676 0.1550 2.5676 0.9721 2.0377
6350 3175.0 2.5737 0.2817 2.5737 1.0480 1.9260
6360 3180.0 2.6969 10.7862 2.6969 0.9966 1.9806
6370 3185.0 2.6224 2.6181 2.6224 1.0635 1.9657
6380 3190.0 2.6224 2.6204 2.6224 0.9713 2.1134
6390 3195.0 2.5007 1.2150 2.5007 1.0210 2.1682
6400 3200.0 2.5264 0.2786 2.5264 0.9527 2.3077
6410 3205.0 2.5091 0.8365 2.5091 0.9855 2.2793
6420 3210.0 2.5609 0.0592 2.5609 1.0175 2.1702
6430 3215.0 2.6384 3.9030 2.6384 0.9922 2.1694
6440 3220.0 2.5748 0.3066 2.5748 1.0210 2.1637
6450 3225.0 2.5506 0.0002 2.5506 0.9784 2.2434
6460 3230.0 2.4700 3.2007 2.4700 1.0066 2.2872
6470 3235.0 2.5383 0.0685 2.5383 0.9392 2.2169
6480 3240.0 2.5027 1.1174 2.5027 1.0232 2.0802
6490 3245.0 2.6153 2.1332 2.6153 0.9723 2.0573
6500 3250.0 2.6001 1.2575 2.6001 1.0526 1.9642
6510 3255.0 2.6598 6.0310 2.6598 0.9750 1.9796
6520 3260.0 2.5553 0.0142 2.5553 1.0645 1.8821
6530 3265.0 2.6042 1.4668 2.6042 0.9656 1.9582
6540 3270.0 2.4985 1.3241 2.4985 1.0206 1.9541
6550 3275.0 2.4803 2.4296 2.4803 0.9877 2.0178
6560 3280.0 2.4955 1.4839 2.4955 0.9438 2.0706
6570 3285.0 2.4286 7.3677 2.4286 1.0267 1.9946
6580 3290.0 2.5659 0.1269 2.5659 0.9377 2.0453
6590 3295.0 2.5616 0.0677 2.5616 1.0644 1.9298
6600 3300.0 2.6516 5.1607 2.6516 0.9729 2.0133
6610 3305.0 2.4892 1.8497 2.4892 1.0393 1.9887
6620 3310.0 2.5421 0.0310 2.5421 0.9399 2.1695
6630 3315.0 2.5094 0.8247 2.5094 1.0254 2.2105
6640 3320.0 2.5814 0.4942 2.5814 0.9864 2.2960
6650 3325.0 2.5837 0.5675 2.5837 0.9725 2.3323
6660 3330.0 2.5257 0.2949 2.5257 1.0472 2.2453
6670 3335.0 2.6316 3.3320 2.6316 0.9289 2.1968
6680 3340.0 2.4840 2.1806 2.4840 1.0782 2.0020
6690 3345.0 2.5953 1.0248 2.5953 0.8969 2.0125
6700 3350.0 2.4840 2.1781 2.4840 1.1025 1.8511
6710 3355.0 2.6480 4.8043 2.6480 0.9148 1.9714
6720 3360.0 2.4802 2.4390 2.4802 1.1268 1.8226
6730 3365.0 2.6217 2.5716 2.6217 0.8987 1.9617
6740 3370.0 2.4713 3.0974 2.4713 1.1152 1.8466
6750 3375.0 2.6453 4.5400 2.6453 0.9100 2.0510
6760 3380.0 2.4443 5.5884 2.4443 1.0976 2.0061
6770 3385.0 2.6068 1.6133 2.6068 0.9356 2.2038
6780 3390.0 2.5399 0.0505 2.5399 1.0649 2.2303
6790 3395.0 2.6419 4.2228 2.6419 0.9989 2.2696
6800 3400.0 2.6002 1.2613 2.6002 1.0373 2.2377
6810 3405.0 2.5798 0.4433 2.5798 1.0187 2.2636
6820 3410.0 2.5759 0.3362 2.5759 0.9763 2.1819
6830 3415.0 2.4747 2.8335 2.4747 1.0459 2.0375
6840 3420.0 2.5788 0.4151 2.5788 0.9312 1.9988
6850 3425.0 2.4832 2.2278 2.4832 1.0761 1.7884
6860 3430.0 2.6671 6.8513 2.6671 0.9514 1.8465
6870 3435.0 2.6089 1.7327 2.6089 1.0941 1.7266
6880 3440.0 2.6090 1.7401 2.6090 1.0018 1.8453
6890 3445.0 2.4849 2.1212 2.4849 1.0080 1.9110
6900 3450.0 2.5061 0.9618 2.5061 0.9384 2.0530
6910 3455.0 2.4298 7.2262 2.4298 1.0452 2.0213
6920 3460.0 2.5930 0.9254 2.5930 0.9338 2.0919
6930 3465.0 2.5175 0.5273 2.5175 1.0855 1.9710
6940 3470.0 2.6846 9.0623 2.6846 0.9462 2.0970
6950 3475.0 2.5758 0.3321 2.5758 1.0762 2.0441
6960 3480.0 2.6863 9.2915 2.6863 0.9578 2.2322
6970 3485.0 2.5993 1.2135 2.5993 1.0905 2.2800
6980 3490.0 2.6848 9.0896 2.6848 0.9535 2.2595
6990 3495.0 2.5558 0.0170 2.5558 1.0483 2.1562
7000 3500.0 2.6182 2.3254 2.6182 0.9694 2.2423
7010 3505.0 2.5912 0.8474 2.5912 1.0289 2.2783
7020 3510.0 2.5739 0.2858 2.5739 1.0033 2.1765
7030 3515.0 2.5511 0.0006 2.5511 0.9645 2.0740
7040 3520.0 2.5233 0.3554 2.5233 1.0014 2.0107
7050 3525.0 2.5714 0.2291 2.5714 0.9704 2.0254
7060 3530.0 2.5095 0.8221 2.5095 1.0294 1.9915
7070 3535.0 2.5589 0.0399 2.5589 0.9521 2.0194
7080 3540.0 2.5087 0.8544 2.5087 1.0234 1.9632
7090 3545.0 2.6020 1.3522 2.6020 0.9680 2.0020
7100 3550.0 2.5421 0.0315 2.5421 1.0431 1.9773
7110 3555.0 2.6053 1.5293 2.6053 0.9556 2.0764
7120 3560.0 2.5369 0.0852 2.5369 1.0347 2.0853
7130 3565.0 2.6088 1.7294 2.6088 0.9707 2.2209
7140 3570.0 2.5521 0.0021 2.5521 1.0355 2.2391
7150 3575.0 2.5858 0.6392 2.5858 0.9775 2.2423
7160 3580.0 2.5557 0.0160 2.5557 0.9926 2.1593
7170 3585.0 2.5576 0.0288 2.5576 1.0223 2.0657
7180 3590.0 2.6209 2.5149 2.6209 1.0018 2.0310
7190 3595.0 2.5652 0.1149 2.5652 1.0119 2.0255
7200 3600.0 2.5564 0.0206 2.5564 0.9539 2.1447
7210 3605.0 2.4741 2.8806 2.4741 1.0281 2.1750
7220 3610.0 2.5551 0.0132 2.5551 0.9511 2.2829
7230 3615.0 2.4919 1.6875 2.4919 1.0187 2.2672
7240 3620.0 2.5314 0.1732 2.5314 0.9795 2.2874
7250 3625.0 2.5578 0.0307 2.5578 0.9762 2.2629
7260 3630.0 2.5343 0.1237 2.5343 1.0481 2.1527
7270 3635.0 2.6341 3.5365 2.6341 0.9603 2.1954
7280 3640.0 2.5017 1.1661 2.5017 1.0634 2.0949
7290 3645.0 2.5952 1.0198 2.5952 0.9322 2.1579
7300 3650.0 2.4491 5.0890 2.4491 1.0627 2.0313
7310 3655.0 2.5813 0.4893 2.5813 0.9293 2.1190
7320 3660.0 2.4248 7.8322 2.4248 1.0744 1.9870
7330 3665.0 2.5489 0.0006 2.5489 0.9243 2.0627
7340 3670.0 2.4872 1.9724 2.4872 1.0717 1.8937
7350 3675.0 2.6174 2.2705 2.6174 0.9558 1.9847
7360 3680.0 2.4793 2.4996 2.4793 1.0602 1.8676
7370 3685.0 2.5121 0.7189 2.5121 0.9352 1.9852
7380 3690.0 2.4570 4.3239 2.4570 1.0256 1.9197
7390 3695.0 2.5801 0.4540 2.5801 0.9678 1.9680
7400 3700.0 2.5815 0.4965 2.5815 1.0511 1.8993
7410 3705.0 2.6334 3.4757 2.6334 0.9779 1.9817
7420 3710.0 2.5669 0.1435 2.5669 1.0454 1.9380
7430 3715.0 2.6131 1.9936 2.6131 0.9674 2.0388
7440 3720.0 2.5451 0.0122 2.5451 1.0324 2.0804
7450 3725.0 2.5932 0.9327 2.5932 0.9857 2.2252
7460 3730.0 2.5908 0.8321 2.5908 1.0090 2.2675
7470 3735.0 2.6004 1.2694 2.6004 1.0133 2.2539
7480 3740.0 2.6195 2.4171 2.6195 0.9953 2.1761
7490 3745.0 2.5609 0.0590 2.5609 1.0372 2.0205
7500 3750.0 2.5632 0.0873 2.5632 0.9720 1.9783
7510 3755.0 2.4776 2.6207 2.4776 1.0278 1.9316
7520 3760.0 2.5474 0.0033 2.5474 0.9325 2.0087
7530 3765.0 2.4544 4.5721 2.4544 1.0574 1.9515
7540 3770.0 2.5829 0.5420 2.5829 0.9283 2.1259
7550 3775.0 2.5181 0.5093 2.5181 1.0553 2.1906
7560 3780.0 2.6306 3.2456 2.6306 0.9475 2.3200
7570 3785.0 2.5406 0.0441 2.5406 1.0438 2.2785
7580 3790.0 2.5988 1.1883 2.5988 0.9749 2.3016
7590 3795.0 2.5554 0.0148 2.5554 1.0151 2.2333
7600 3800.0 2.6244 2.7678 2.6244 1.0004 2.2291
7610 3805.0 2.6877 9.4762 2.6877 1.0102 2.2732
7620 3810.0 2.6280 3.0431 2.6280 1.0284 2.2814
7630 3815.0 2.5629 0.0829 2.5629 0.9649 2.3450
7640 3820.0 2.4468 5.3216 2.4468 1.0068 2.2944
7650 3825.0 2.4818 2.3268 2.4818 0.9409 2.2988
7660 3830.0 2.4067 10.2685 2.4067 0.9780 2.2525
7670 3835.0 2.4174 8.7970 2.4174 0.9732 2.2694
7680 3840.0 2.5138 0.6556 2.5138 0.9615 2.3454
7690 3845.0 2.5821 0.5166 2.5821 1.0141 2.3773
7700 3850.0 2.6077 1.6666 2.6077 0.9580 2.3958
7710 3855.0 2.5805 0.4659 2.5805 1.0121 2.4209
7720 3860.0 2.5940 0.9666 2.5940 0.9695 2.4884
7730 3865.0 2.5183 0.5014 2.5183 0.9919 2.3881
7740 3870.0 2.4765 2.7045 2.4765 0.9808 2.3357
7750 3875.0 2.5398 0.0525 2.5398 0.9798 2.3590
7760 3880.0 2.5103 0.7888 2.5103 1.0155 2.3557
7770 3885.0 2.5509 0.0004 2.5509 0.9526 2.3112
7780 3890.0 2.5412 0.0390 2.5412 1.0249 2.2427
7790 3895.0 2.5952 1.0205 2.5952 0.9684 2.2641
7800 3900.0 2.5256 0.2980 2.5256 0.9981 2.2191
7810 3905.0 2.5310 0.1806 2.5310 0.9801 2.2290
7820 3910.0 2.5539 0.0077 2.5539 0.9626 2.2725
7830 3915.0 2.5390 0.0603 2.5390 0.9988 2.3258
7840 3920.0 2.5579 0.0315 2.5579 0.9720 2.3054
7850 3925.0 2.5861 0.6516 2.5861 0.9820 2.3242
7860 3930.0 2.5700 0.1991 2.5700 0.9928 2.3269
7870 3935.0 2.5575 0.0282 2.5575 0.9551 2.3161
7880 3940.0 2.5103 0.7880 2.5103 1.0002 2.2617
7890 3945.0 2.5636 0.0927 2.5636 0.9626 2.2557
7900 3950.0 2.5688 0.1765 2.5688 0.9874 2.2315
7910 3955.0 2.5490 0.0005 2.5490 0.9945 2.2003
7920 3960.0 2.5872 0.6917 2.5872 0.9580 2.2294
7930 3965.0 2.5462 0.0071 2.5462 1.0100 2.1737
7940 3970.0 2.5686 0.1737 2.5686 0.9539 2.1714
7950 3975.0 2.5410 0.0407 2.5410 0.9945 2.1628
7960 3980.0 2.5796 0.4378 2.5796 0.9743 2.2595
7970 3985.0 2.5687 0.1748 2.5687 0.9898 2.3225
7980 3990.0 2.5361 0.0965 2.5361 0.9730 2.3356
7990 3995.0 2.5250 0.3123 2.5250 0.9715 2.3028
8000 4000.0 2.5684 0.1697 2.5684 1.0034 2.3040
8010 4005.0 2.5812 0.4853 2.5812 0.9710 2.3231
8020 4010.0 2.4955 1.4830 2.4955 0.9993 2.2975
8030 4015.0 2.5410 0.0409 2.5410 0.9517 2.2900
8040 4020.0 2.5200 0.4493 2.5200 1.0113 2.2743
8050 4025.0 2.5122 0.7139 2.5122 0.9609 2.2797
8060 4030.0 2.4776 2.6174 2.4776 0.9803 2.2531
8070 4035.0 2.5537 0.0068 2.5537 0.9852 2.2703
8080 4040.0 2.5732 0.2701 2.5732 0.9964 2.2882
8090 4045.0 2.5309 0.1816 2.5309 0.9867 2.2847
8100 4050.0 2.5135 0.6645 2.5135 0.9762 2.2767
8110 4055.0 2.5155 0.5963 2.5155 0.9818 2.2762
8120 4060.0 2.5101 0.7945 2.5101 0.9860 2.2379
8130 4065.0 2.5545 0.0102 2.5545 0.9891 2.1987
8140 4070.0 2.6119 1.9144 2.6119 1.0028 2.1761
8150 4075.0 2.5970 1.1031 2.5970 1.0114 2.1502
8160 4080.0 2.5557 0.0165 2.5557 0.9843 2.1677
8170 4085.0 2.5516 0.0013 2.5516 0.9774 2.1890
8180 4090.0 2.5706 0.2120 2.5706 0.9976 2.1261
8190 4095.0 2.6192 2.3975 2.6192 0.9941 2.1108
8200 4100.0 2.5321 0.1598 2.5321 1.0048 2.1066
8210 4105.0 2.4876 1.9494 2.4876 0.9548 2.1832
8220 4110.0 2.5314 0.1726 2.5314 0.9888 2.1681
8230 4115.0 2.6575 5.7789 2.6575 1.0087 2.1981
8240 4120.0 2.5777 0.3843 2.5777 0.9965 2.2051
8250 4125.0 2.4839 2.1820 2.4839 0.9717 2.2406
8260 4130.0 2.5393 0.0569 2.5393 0.9702 2.2450
8270 4135.0 2.5637 0.0942 2.5637 1.0202 2.1863
8280 4140.0 2.5793 0.4293 2.5793 0.9590 2.2257
8290 4145.0 2.5652 0.1148 2.5652 1.0209 2.1687
8300 4150.0 2.5810 0.4796 2.5810 0.9471 2.1526
8310 4155.0 2.5139 0.6505 2.5139 1.0361 2.0265
8320 4160.0 2.6054 1.5334 2.6054 0.9559 2.1090
8330 4165.0 2.5955 1.0336 2.5955 1.0083 2.0604
8340 4170.0 2.5278 0.2473 2.5278 0.9757 1.9874
8350 4175.0 2.5062 0.9611 2.5062 0.9831 1.9016
8360 4180.0 2.5992 1.2099 2.5992 1.0068 1.8783
8370 4185.0 2.6410 4.1415 2.6410 0.9896 1.9182
8380 4190.0 2.5246 0.3234 2.5246 1.0153 1.8869
8390 4195.0 2.4814 2.3535 2.4814 0.9532 1.9812
8400 4200.0 2.4884 1.8960 2.4884 1.0188 2.0857
8410 4205.0 2.6254 2.8389 2.6254 0.9737 2.2593
8420 4210.0 2.5775 0.3785 2.5775 1.0157 2.2366
8430 4215.0 2.5517 0.0015 2.5517 0.9664 2.2216
8440 4220.0 2.5216 0.4028 2.5216 1.0052 2.1795
8450 4225.0 2.5562 0.0190 2.5562 0.9712 2.1774
8460 4230.0 2.5266 0.2746 2.5266 0.9854 2.1069
8470 4235.0 2.5594 0.0438 2.5594 1.0170 2.0665
8480 4240.0 2.6298 3.1804 2.6298 0.9756 2.1126
8490 4245.0 2.5501 0.0000 2.5501 1.0149 2.0731
8500 4250.0 2.6000 1.2495 2.6000 0.9633 2.1097
8510 4255.0 2.5917 0.8680 2.5917 1.0356 2.0322
8520 4260.0 2.5446 0.0147 2.5446 0.9772 2.0729
8530 4265.0 2.4402 6.0314 2.4402 0.9695 2.1114
8540 4270.0 2.3901 12.7881 2.3901 0.9799 2.1717
8550 4275.0 2.4690 3.2821 2.4690 0.9342 2.2690
8560 4280.0 2.5033 1.0882 2.5033 1.0067 2.3478
8570 4285.0 2.6233 2.6842 2.6233 0.9860 2.4938
8580 4290.0 2.6042 1.4704 2.6042 1.0158 2.5113
8590 4295.0 2.5781 0.3945 2.5781 0.9996 2.4931
8600 4300.0 2.5801 0.4531 2.5801 0.9903 2.4149
8610 4305.0 2.5731 0.2675 2.5731 1.0026 2.3687
8620 4310.0 2.5478 0.0024 2.5478 0.9873 2.3944
8630 4315.0 2.5130 0.6828 2.5130 0.9751 2.3817
8640 4320.0 2.4757 2.7604 2.4757 0.9871 2.3266
8650 4325.0 2.5055 0.9886 2.5055 0.9611 2.3541
8660 4330.0 2.5292 0.2164 2.5292 0.9959 2.3302
8670 4335.0 2.6126 1.9614 2.6126 0.9962 2.3513
8680 4340.0 2.6134 2.0080 2.6134 0.9990 2.3322
8690 4345.0 2.5897 0.7890 2.5897 0.9896 2.2723
8700 4350.0 2.5544 0.0096 2.5544 1.0055 2.1726
8710 4355.0 2.5662 0.1305 2.5662 0.9813 2.1067
8720 4360.0 2.5568 0.0234 2.5568 0.9903 2.0251
8730 4365.0 2.5867 0.6739 2.5867 0.9920 1.9654
8740 4370.0 2.5849 0.6089 2.5849 0.9999 1.9236
8750 4375.0 2.5766 0.3539 2.5766 0.9987 1.9054
8760 4380.0 2.5679 0.1596 2.5679 1.0068 1.8987
8770 4385.0 2.5518 0.0017 2.5518 0.9773 1.9737
8780 4390.0 2.4796 2.4751 2.4796 1.0087 2.0126
8790 4395.0 2.5197 0.4581 2.5197 0.9417 2.0809
8800 4400.0 2.4456 5.4491 2.4456 1.0168 2.0506
8810 4405.0 2.5242 0.3338 2.5242 0.9601 2.0902
8820 4410.0 2.5487 0.0009 2.5487 0.9982 2.0548
8830 4415.0 2.5987 1.1865 2.5987 1.0323 2.0456
8840 4420.0 2.6284 3.0736 2.6284 1.0335 2.1173
8850 4425.0 2.6076 1.6605 2.6076 1.0051 2.2265
8860 4430.0 2.5780 0.3913 2.5780 1.0085 2.3449
8870 4435.0 2.5926 0.9061 2.5926 1.0173 2.2663
8880 4440.0 2.6179 2.3055 2.6179 0.9940 2.1963
8890 4445.0 2.5584 0.0350 2.5584 1.0090 2.1611
8900 4450.0 2.5393 0.0568 2.5393 0.9642 2.1974
8910 4455.0 2.4509 4.9097 2.4509 1.0138 2.1582
8920 4460.0 2.5029 1.1070 2.5029 0.9484 2.1712
8930 4465.0 2.4936 1.5888 2.4936 0.9947 2.1395
8940 4470.0 2.5385 0.0661 2.5385 0.9754 2.1665
8950 4475.0 2.5471 0.0043 2.5471 0.9920 2.1980
8960 4480.0 2.5697 0.1936 2.5697 1.0234 2.2592
8970 4485.0 2.6500 5.0007 2.6500 0.9909 2.3212
8980 4490.0 2.6085 1.7100 2.6085 1.0428 2.2524
8990 4495.0 2.6633 6.4211 2.6633 0.9872 2.1813
9000 4500.0 2.6088 1.7264 2.6088 1.0536 2.0496
9010 4505.0 2.6507 5.0722 2.6507 0.9940 2.0046
9020 4510.0 2.5934 0.9400 2.5934 1.0222 1.9417
9030 4515.0 2.6036 1.4354 2.6036 0.9859 1.9556
9040 4520.0 2.5301 0.1972 2.5301 1.0089 1.9643
9050 4525.0 2.4895 1.8329 2.4895 0.9559 1.9981
9060 4530.0 2.4260 7.6858 2.4260 0.9864 1.9381
9070 4535.0 2.4840 2.1773 2.4840 0.9704 1.8818
9080 4540.0 2.5686 0.1729 2.5686 1.0183 1.8370
9090 4545.0 2.6697 7.1645 2.6697 0.9998 1.8825
9100 4550.0 2.5818 0.5056 2.5818 1.0136 1.8860
9110 4555.0 2.5786 0.4101 2.5786 0.9723 2.0063
9120 4560.0 2.6273 2.9840 2.6273 1.0363 2.1273
9130 4565.0 2.6216 2.5632 2.6216 0.9711 2.1871
9140 4570.0 2.4541 4.5987 2.4541 1.0052 2.0862
9150 4575.0 2.4851 2.1042 2.4851 0.9547 2.0786
9160 4580.0 2.4885 1.8941 2.4885 1.0075 2.0057
9170 4585.0 2.5450 0.0124 2.5450 0.9866 1.9420
9180 4590.0 2.5966 1.0875 2.5966 1.0067 1.9249
9190 4595.0 2.6046 1.4923 2.6046 0.9921 1.9835
9200 4600.0 2.5347 0.1164 2.5347 1.0127 2.0324
9210 4605.0 2.5327 0.1496 2.5327 0.9712 2.1559
9220 4610.0 2.5100 0.7990 2.5100 0.9934 2.2412
9230 4615.0 2.5289 0.2227 2.5289 0.9765 2.3270
9240 4620.0 2.5687 0.1756 2.5687 0.9775 2.4026
9250 4625.0 2.6002 1.2618 2.6002 0.9975 2.4550
9260 4630.0 2.5611 0.0614 2.5611 0.9760 2.4631
9270 4635.0 2.5134 0.6689 2.5134 0.9881 2.4460
9280 4640.0 2.5289 0.2216 2.5289 0.9753 2.5000
9290 4645.0 2.5069 0.9282 2.5069 0.9848 2.4741
9300 4650.0 2.5066 0.9423 2.5066 0.9901 2.4424
9310 4655.0 2.5384 0.0671 2.5384 0.9742 2.3874
9320 4660.0 2.5318 0.1657 2.5318 1.0015 2.3216
9330 4665.0 2.5453 0.0111 2.5453 0.9797 2.3544
9340 4670.0 2.5472 0.0040 2.5472 0.9945 2.3769
9350 4675.0 2.5817 0.5033 2.5817 0.9942 2.3012
9360 4680.0 2.6143 2.0702 2.6143 0.9983 2.2245
9370 4685.0 2.5869 0.6806 2.5869 0.9996 2.1539
9380 4690.0 2.5402 0.0481 2.5402 0.9853 2.1364
9390 4695.0 2.5172 0.5395 2.5172 0.9833 2.1354
9400 4700.0 2.5094 0.8229 2.5094 0.9794 2.1643
9410 4705.0 2.5192 0.4735 2.5192 0.9764 2.2243
9420 4710.0 2.5480 0.0020 2.5480 0.9908 2.3327
9430 4715.0 2.5907 0.8273 2.5907 0.9885 2.3554
9440 4720.0 2.5871 0.6898 2.5871 1.0061 2.3790
9450 4725.0 2.5919 0.8781 2.5919 0.9759 2.3260
9460 4730.0 2.5306 0.1885 2.5306 1.0261 2.2259
9470 4735.0 2.5944 0.9848 2.5944 0.9454 2.2357
9480 4740.0 2.5228 0.3689 2.5228 1.0293 2.1672
9490 4745.0 2.5633 0.0881 2.5633 0.9580 2.1914
9500 4750.0 2.4833 2.2260 2.4833 1.0048 2.1248
9510 4755.0 2.5255 0.3002 2.5255 0.9790 2.1023
9520 4760.0 2.5848 0.6072 2.5848 1.0068 2.0333
9530 4765.0 2.6186 2.3516 2.6186 1.0054 1.9907
9540 4770.0 2.5411 0.0398 2.5411 1.0103 1.9761
9550 4775.0 2.5453 0.0111 2.5453 0.9970 1.9711
9560 4780.0 2.5870 0.6835 2.5870 1.0073 1.9318
9570 4785.0 2.5865 0.6669 2.5865 1.0230 1.9284
9580 4790.0 2.5724 0.2513 2.5724 0.9908 2.0429
9590 4795.0 2.5556 0.0159 2.5556 1.0146 2.1889
9600 4800.0 2.6512 5.1223 2.6512 0.9890 2.3355
9610 4805.0 2.6519 5.1892 2.6519 1.0361 2.2575
9620 4810.0 2.6480 4.7997 2.6480 0.9920 2.2827
9630 4815.0 2.5803 0.4591 2.5803 0.9949 2.3006
9640 4820.0 2.5410 0.0409 2.5410 0.9842 2.2754
9650 4825.0 2.4855 2.0829 2.4855 0.9789 2.1855
9660 4830.0 2.4757 2.7576 2.4757 0.9557 2.1457
9670 4835.0 2.4684 3.3264 2.4684 0.9850 2.1103
9680 4840.0 2.5549 0.0120 2.5549 0.9774 2.1549
9690 4845.0 2.5954 1.0321 2.5954 1.0043 2.2286
9700 4850.0 2.6429 4.3194 2.6429 0.9864 2.3138
9710 4855.0 2.6180 2.3123 2.6180 0.9946 2.3477
9720 4860.0 2.6318 3.3444 2.6318 0.9925 2.4069
9730 4865.0 2.5979 1.1494 2.5979 0.9948 2.4290
9740 4870.0 2.5379 0.0730 2.5379 0.9757 2.4272
9750 4875.0 2.4789 2.5264 2.4789 0.9931 2.4008
9760 4880.0 2.5255 0.3013 2.5255 0.9638 2.3728
9770 4885.0 2.5232 0.3604 2.5232 0.9993 2.2626
9780 4890.0 2.5856 0.6329 2.5856 0.9819 2.1478
9790 4895.0 2.6308 3.2655 2.6308 1.0368 2.0252
9800 4900.0 2.6963 10.6956 2.6963 1.0055 2.0588
9810 4905.0 2.6107 1.8401 2.6107 1.0477 2.0860
9820 4910.0 2.6020 1.3524 2.6020 0.9887 2.2398
9830 4915.0 2.5596 0.0462 2.5596 1.0272 2.1355
9840 4920.0 2.6073 1.6429 2.6073 0.9886 2.1078
9850 4925.0 2.5695 0.1896 2.5695 1.0255 2.1058
9860 4930.0 2.6061 1.5731 2.6061 0.9854 2.1270
9870 4935.0 2.5780 0.3917 2.5780 1.0161 2.0823
9880 4940.0 2.6043 1.4733 2.6043 0.9913 2.1532
9890 4945.0 2.6129 1.9761 2.6129 1.0094 2.1879
9900 4950.0 2.6338 3.5094 2.6338 1.0076 2.1459
9910 4955.0 2.5940 0.9669 2.5940 0.9969 2.0899
9920 4960.0 2.5644 0.1041 2.5644 0.9958 2.0460
9930 4965.0 2.5769 0.3620 2.5769 0.9893 2.0241
9940 4970.0 2.6009 1.2954 2.6009 1.0139 2.0278
9950 4975.0 2.6032 1.4131 2.6032 1.0128 1.9950
9960 4980.0 2.5964 1.0753 2.5964 0.9952 1.9737
9970 4985.0 2.6216 2.5625 2.6216 0.9875 1.9302
9980 4990.0 2.6151 2.1163 2.6151 1.0175 1.8888
9990 4995.0 2.5768 0.3590 2.5768 1.0237 1.8873
10000 5000.0 2.5273 0.2568 2.5273 0.9888 1.9100
10010 5005.0 2.5050 1.0144 2.5050 0.9798 1.9480
10020 5010.0 2.4864 2.0194 2.4864 0.9860 1.9820
10030 5015.0 2.5238 0.3444 2.5238 0.9843 2.0501
10040 5020.0 2.5200 0.4489 2.5200 1.0172 2.1023
10050 5025.0 2.5804 0.4611 2.5804 0.9797 2.1866
10060 5030.0 2.5930 0.9232 2.5930 1.0234 2.1618
10070 5035.0 2.6676 6.9198 2.6676 1.0207 2.1214
10080 5040.0 2.6566 5.6772 2.6566 1.0380 2.0838
10090 5045.0 2.6326 3.4123 2.6326 1.0160 2.0977
10100 5050.0 2.6057 1.5492 2.6057 1.0265 2.0806
10110 5055.0 2.6297 3.1755 2.6297 0.9962 2.1049
10120 5060.0 2.5962 1.0684 2.5962 1.0265 2.1028
10130 5065.0 2.5795 0.4345 2.5795 0.9748 2.1278
10140 5070.0 2.5086 0.8573 2.5086 1.0014 2.0641
10150 5075.0 2.5609 0.0591 2.5609 0.9732 2.0331
10160 5080.0 2.5716 0.2343 2.5716 1.0211 2.0272
10170 5085.0 2.5666 0.1383 2.5666 0.9862 2.1127
10180 5090.0 2.5536 0.0064 2.5536 0.9693 2.2020
10190 5095.0 2.5209 0.4220 2.5209 1.0127 2.2258
10200 5100.0 2.5817 0.5014 2.5817 0.9567 2.2612
10210 5105.0 2.5031 1.0992 2.5031 1.0347 2.2537
10220 5110.0 2.5759 0.3363 2.5759 0.9601 2.3217
10230 5115.0 2.5087 0.8545 2.5087 1.0110 2.2745
10240 5120.0 2.4917 1.6976 2.4917 0.9900 2.1420
10250 5125.0 2.5003 1.2338 2.5003 0.9756 2.0013
10260 5130.0 2.4728 2.9806 2.4728 1.0301 1.8433
10270 5135.0 2.5785 0.4067 2.5785 0.9543 1.8090
10280 5140.0 2.5400 0.0496 2.5400 1.0534 1.6895
10290 5145.0 2.6341 3.5375 2.6341 0.9782 1.7971
10300 5150.0 2.5396 0.0537 2.5396 1.0426 1.8820
10310 5155.0 2.5766 0.3533 2.5766 0.9562 2.1349
10320 5160.0 2.5120 0.7231 2.5120 1.0414 2.1098
10330 5165.0 2.6052 1.5260 2.6052 0.9747 2.0441
10340 5170.0 2.5606 0.0561 2.5606 1.0398 1.9159
10350 5175.0 2.5892 0.7677 2.5892 0.9837 1.9071
10360 5180.0 2.5057 0.9806 2.5057 1.0107 1.8803
10370 5185.0 2.5176 0.5233 2.5176 0.9809 1.9082
10380 5190.0 2.5077 0.8963 2.5077 1.0204 1.8854
10390 5195.0 2.5425 0.0280 2.5425 0.9848 1.9468
10400 5200.0 2.5157 0.5898 2.5157 1.0090 1.9915
10410 5205.0 2.5534 0.0057 2.5534 0.9926 2.1089
10420 5210.0 2.5656 0.1217 2.5656 0.9930 2.2258
10430 5215.0 2.5578 0.0307 2.5578 1.0070 2.3475
10440 5220.0 2.6078 1.6733 2.6078 0.9713 2.4347
10450 5225.0 2.5512 0.0007 2.5512 1.0236 2.3731
10460 5230.0 2.5519 0.0018 2.5519 0.9652 2.3720
10470 5235.0 2.4610 3.9593 2.4610 1.0001 2.2910
10480 5240.0 2.4754 2.7795 2.4754 0.9537 2.2522
10490 5245.0 2.4611 3.9538 2.4611 0.9949 2.1565
10500 5250.0 2.5258 0.2929 2.5258 0.9999 2.1039
10510 5255.0 2.5537 0.0068 2.5537 0.9887 2.0636
10520 5260.0 2.5233 0.3559 2.5233 1.0050 2.0389
10530 5265.0 2.5343 0.1232 2.5343 0.9607 2.1198
10540 5270.0 2.4857 2.0674 2.4857 1.0145 2.2251
10550 5275.0 2.5367 0.0883 2.5367 0.9636 2.4235
10560 5280.0 2.5060 0.9682 2.5060 1.0098 2.3805
10570 5285.0 2.5723 0.2482 2.5723 0.9938 2.3927
10580 5290.0 2.5701 0.2014 2.5701 1.0001 2.3973
10590 5295.0 2.5172 0.5385 2.5172 1.0067 2.3844
10600 5300.0 2.5135 0.6646 2.5135 0.9587 2.3781
10610 5305.0 2.4461 5.3994 2.4461 1.0089 2.3658
10620 5310.0 2.5194 0.4692 2.5194 0.9517 2.4346
10630 5315.0 2.4919 1.6895 2.4919 0.9992 2.4206
10640 5320.0 2.5292 0.2159 2.5292 0.9817 2.3964
10650 5325.0 2.5428 0.0256 2.5428 0.9921 2.3646
10660 5330.0 2.5556 0.0158 2.5556 1.0015 2.3286
10670 5335.0 2.5879 0.7175 2.5879 0.9760 2.3387
10680 5340.0 2.5720 0.2421 2.5720 1.0116 2.3439
10690 5345.0 2.5740 0.2873 2.5740 0.9883 2.3514
10700 5350.0 2.5347 0.1177 2.5347 0.9807 2.3249
10710 5355.0 2.5006 1.2190 2.5006 0.9822 2.3043
10720 5360.0 2.5411 0.0394 2.5411 0.9686 2.3567
10730 5365.0 2.5360 0.0980 2.5360 1.0149 2.3999
10740 5370.0 2.5787 0.4123 2.5787 0.9567 2.4654
10750 5375.0 2.5238 0.3420 2.5238 1.0366 2.4529
10760 5380.0 2.5792 0.4276 2.5792 0.9478 2.4510
10770 5385.0 2.4948 1.5231 2.4948 1.0257 2.3545
10780 5390.0 2.5640 0.0974 2.5640 0.9504 2.3152
10790 5395.0 2.5441 0.0175 2.5441 1.0361 2.2451
10800 5400.0 2.5914 0.8550 2.5914 0.9643 2.2919
10810 5405.0 2.4808 2.3909 2.4808 1.0126 2.2788
10820 5410.0 2.4717 3.0635 2.4717 0.9452 2.3298
10830 5415.0 2.4177 8.7453 2.4177 0.9764 2.3251
10840 5420.0 2.4615 3.9153 2.4615 0.9774 2.3538
10850 5425.0 2.5671 0.1458 2.5671 0.9590 2.4516
10860 5430.0 2.5602 0.0518 2.5602 1.0129 2.5284
10870 5435.0 2.5991 1.2037 2.5991 0.9534 2.6345
10880 5440.0 2.5613 0.0641 2.5613 1.0002 2.6578
10890 5445.0 2.6008 1.2919 2.6008 0.9926 2.7293
10900 5450.0 2.6076 1.6601 2.6076 0.9977 2.6781
10910 5455.0 2.6046 1.4926 2.6046 1.0126 2.5941
10920 5460.0 2.6650 6.6175 2.6650 0.9724 2.6498
10930 5465.0 2.6334 3.4764 2.6334 1.0402 2.7167
10940 5470.0 2.6610 6.1651 2.6610 0.9870 2.7167
10950 5475.0 2.5897 0.7895 2.5897 1.0145 2.6057
10960 5480.0 2.5990 1.2021 2.5990 0.9806 2.5967
10970 5485.0 2.5662 0.1312 2.5662 1.0087 2.4674
10980 5490.0 2.5426 0.0274 2.5426 0.9836 2.3738
10990 5495.0 2.4916 1.7067 2.4916 0.9727 2.2973
11000 5500.0 2.4536 4.6501 2.4536 0.9955 2.2466
11010 5505.0 2.5424 0.0289 2.5424 0.9524 2.2873
11020 5510.0 2.5122 0.7138 2.5122 1.0336 2.2227
11030 5515.0 2.5984 1.1723 2.5984 0.9533 2.2180
11040 5520.0 2.5698 0.1960 2.5698 1.0428 2.1221
11050 5525.0 2.6574 5.7684 2.6574 0.9752 2.1864
11060 5530.0 2.5175 0.5267 2.5175 1.0487 2.1608
11070 5535.0 2.4859 2.0538 2.4859 0.9589 2.2808
11080 5540.0 2.4370 6.3900 2.4370 0.9908 2.3467
11090 5545.0 2.4654 3.5783 2.4654 1.0387 2.3898
11100 5550.0 2.5984 1.1700 2.5984 0.9544 2.4672
11110 5555.0 2.5799 0.4470 2.5799 1.0835 2.4934
11120 5560.0 2.6904 9.8589 2.6904 0.9252 2.6046
11130 5565.0 2.5350 0.1119 2.5350 1.1054 2.6114
11140 5570.0 2.5931 0.9288 2.5931 0.9029 2.6982
11150 5575.0 2.3960 11.8586 2.3960 1.0834 2.5156
11160 5580.0 2.5082 0.8737 2.5082 0.8929 2.5339
11170 5585.0 2.4055 10.4468 2.4055 1.0369 2.4917
11180 5590.0 2.5072 0.9174 2.5072 0.9892 2.6141
11190 5595.0 2.5726 0.2556 2.5726 0.9722 2.6237
11200 5600.0 2.5755 0.3255 2.5755 1.0507 2.5465
11210 5605.0 2.6751 7.8268 2.6751 0.9355 2.6173
11220 5610.0 2.4782 2.5752 2.4782 1.0894 2.4699
11230 5615.0 2.5785 0.4060 2.5785 0.8954 2.6423
11240 5620.0 2.4287 7.3568 2.4287 1.0725 2.4788
11250 5625.0 2.6060 1.5702 2.6060 0.9392 2.5992
11260 5630.0 2.5675 0.1527 2.5675 1.0612 2.5112
11270 5635.0 2.6148 2.1016 2.6148 0.9640 2.6273
11280 5640.0 2.5463 0.0070 2.5463 1.0294 2.5905
11290 5645.0 2.5209 0.4246 2.5209 1.0052 2.6396
11300 5650.0 2.5273 0.2582 2.5273 0.9621 2.6487
11310 5655.0 2.4683 3.3337 2.4683 1.0376 2.6182
11320 5660.0 2.6043 1.4723 2.6043 0.9165 2.6953
11330 5665.0 2.5538 0.0072 2.5538 1.0684 2.6875
11340 5670.0 2.6638 6.4718 2.6638 0.9302 2.7173
11350 5675.0 2.5569 0.0235 2.5569 1.0680 2.6445
11360 5680.0 2.5673 0.1494 2.5673 0.9374 2.6747
11370 5685.0 2.5378 0.0741 2.5378 1.0329 2.5664
11380 5690.0 2.5701 0.2019 2.5701 0.9756 2.5620
11390 5695.0 2.5383 0.0680 2.5383 0.9893 2.5541
11400 5700.0 2.5425 0.0282 2.5425 1.0146 2.5761
11410 5705.0 2.5458 0.0089 2.5458 0.9726 2.6463
11420 5710.0 2.5595 0.0449 2.5595 1.0257 2.6943
11430 5715.0 2.5967 1.0913 2.5967 0.9505 2.6794
11440 5720.0 2.5532 0.0050 2.5532 1.0615 2.5523
11450 5725.0 2.5670 0.1442 2.5670 0.9306 2.5084
11460 5730.0 2.5194 0.4681 2.5194 1.0702 2.4282
11470 5735.0 2.5746 0.3021 2.5746 0.9220 2.5170
11480 5740.0 2.5496 0.0001 2.5496 1.0686 2.5343
11490 5745.0 2.6039 1.4506 2.6039 0.9172 2.6533
11500 5750.0 2.5545 0.0101 2.5545 1.0609 2.6622
11510 5755.0 2.5337 0.1321 2.5337 0.9117 2.6537
11520 5760.0 2.5018 1.1598 2.5018 1.0479 2.6321
11530 5765.0 2.5770 0.3648 2.5770 0.9423 2.6747
11540 5770.0 2.5631 0.0857 2.5631 1.0241 2.6460
11550 5775.0 2.5807 0.4702 2.5807 0.9627 2.6046
11560 5780.0 2.5424 0.0286 2.5424 1.0176 2.5009
11570 5785.0 2.5437 0.0197 2.5437 0.9791 2.4615
11580 5790.0 2.5602 0.0516 2.5602 0.9901 2.4425
11590 5795.0 2.5623 0.0754 2.5623 1.0146 2.3637
11600 5800.0 2.5771 0.3684 2.5771 0.9634 2.3051
11610 5805.0 2.4954 1.4923 2.4954 1.0454 2.1523
11620 5810.0 2.5504 0.0001 2.5504 0.9252 2.1972
11630 5815.0 2.5180 0.5123 2.5180 1.0636 2.0505
11640 5820.0 2.6005 1.2752 2.6005 0.9373 2.1453
11650 5825.0 2.4925 1.6541 2.4925 1.0506 2.0156
11660 5830.0 2.4928 1.6332 2.4928 0.9258 2.1225
11670 5835.0 2.4389 6.1695 2.4389 1.0417 2.0157
11680 5840.0 2.6358 3.6849 2.6358 0.9476 2.1250
11690 5845.0 2.6237 2.7166 2.6237 1.0522 2.0448
11700 5850.0 2.5443 0.0162 2.5443 0.9633 2.1335
11710 5855.0 2.4597 4.0812 2.4597 0.9890 2.1310
11720 5860.0 2.5115 0.7398 2.5115 1.0123 2.1168
11730 5865.0 2.5671 0.1465 2.5671 0.9486 2.2016
11740 5870.0 2.4469 5.3189 2.4469 1.0394 2.1687
11750 5875.0 2.5402 0.0483 2.5402 0.9401 2.2815
11760 5880.0 2.5142 0.6393 2.5142 1.0364 2.2285
11770 5885.0 2.6053 1.5280 2.6053 0.9823 2.3128
11780 5890.0 2.5726 0.2543 2.5726 0.9863 2.3322
11790 5895.0 2.5173 0.5336 2.5173 1.0192 2.3314
11800 5900.0 2.5792 0.4277 2.5792 0.9375 2.4070
11810 5905.0 2.5006 1.2211 2.5006 1.0143 2.4071
11820 5910.0 2.5579 0.0313 2.5579 0.9718 2.3808
11830 5915.0 2.5614 0.0646 2.5614 1.0121 2.2646
11840 5920.0 2.5665 0.1366 2.5665 1.0126 2.2516
11850 5925.0 2.5718 0.2381 2.5718 0.9673 2.2996
11860 5930.0 2.5034 1.0860 2.5034 1.0241 2.2272
11870 5935.0 2.5721 0.2451 2.5721 0.9559 2.2650
11880 5940.0 2.4683 3.3391 2.4683 1.0332 2.2362
11890 5945.0 2.4796 2.4790 2.4796 0.9441 2.3255
11900 5950.0 2.4212 8.2967 2.4212 0.9700 2.3334
11910 5955.0 2.4203 8.4115 2.4203 1.0169 2.3013
11920 5960.0 2.5472 0.0040 2.5472 0.9527 2.3318
11930 5965.0 2.4950 1.5132 2.4950 1.0402 2.2727
11940 5970.0 2.5628 0.0823 2.5628 0.9317 2.3016
11950 5975.0 2.4994 1.2825 2.4994 1.0510 2.2209
11960 5980.0 2.6030 1.4043 2.6030 0.9488 2.2701
11970 5985.0 2.5253 0.3043 2.5253 1.0387 2.2112
11980 5990.0 2.5390 0.0608 2.5390 0.9509 2.1818
11990 5995.0 2.4622 3.8502 2.4622 1.0008 2.0988
12000 6000.0 2.4772 2.6468 2.4772 0.9873 2.0940
12010 6005.0 2.5029 1.1098 2.5029 0.9720 2.0922
12020 6010.0 2.4919 1.6874 2.4919 1.0035 2.0480
12030 6015.0 2.5417 0.0342 2.5417 0.9700 2.0358
12040 6020.0 2.5361 0.0968 2.5361 1.0224 1.9709
12050 6025.0 2.6091 1.7451 2.6091 0.9777 2.0011
12060 6030.0 2.5664 0.1337 2.5664 1.0360 1.9987
12070 6035.0 2.5915 0.8597 2.5915 0.9992 2.1324
12080 6040.0 2.6077 1.6646 2.6077 1.0050 2.2683
12090 6045.0 2.6341 3.5406 2.6341 1.0158 2.3823
12100 6050.0 2.6611 6.1729 2.6611 1.0197 2.3197
12110 6055.0 2.6586 5.8928 2.6586 1.0198 2.3059
12120 6060.0 2.6209 2.5100 2.6209 1.0178 2.3107
12130 6065.0 2.5831 0.5488 2.5831 0.9988 2.3351
12140 6070.0 2.5567 0.0222 2.5567 0.9690 2.2908
12150 6075.0 2.4986 1.3228 2.4986 1.0328 2.0692
12160 6080.0 2.6001 1.2541 2.6001 0.9739 1.9818
12170 6085.0 2.5546 0.0107 2.5546 1.0282 1.8711
12180 6090.0 2.5451 0.0118 2.5451 0.9768 1.9127
12190 6095.0 2.5349 0.1137 2.5349 0.9811 1.9209
12200 6100.0 2.5496 0.0001 2.5496 1.0204 1.8992
12210 6105.0 2.5694 0.1873 2.5694 0.9854 1.9851
12220 6110.0 2.4943 1.5497 2.4943 1.0099 2.0549
12230 6115.0 2.5462 0.0071 2.5462 0.9508 2.1701
12240 6120.0 2.5392 0.0580 2.5392 1.0244 2.1911
12250 6125.0 2.6051 1.5164 2.6051 0.9711 2.2153
12260 6130.0 2.5566 0.0217 2.5566 0.9981 2.1566
12270 6135.0 2.5714 0.2282 2.5714 0.9941 2.1268
12280 6140.0 2.6080 1.6836 2.6080 0.9901 2.1332
12290 6145.0 2.5887 0.7507 2.5887 1.0156 2.1119
12300 6150.0 2.5916 0.8638 2.5916 0.9880 2.1479
12310 6155.0 2.5427 0.0266 2.5427 1.0058 2.1808
12320 6160.0 2.5697 0.1949 2.5697 0.9612 2.2622
12330 6165.0 2.5252 0.3067 2.5252 1.0197 2.2186
12340 6170.0 2.6082 1.6939 2.6082 0.9754 2.2064
12350 6175.0 2.5839 0.5746 2.5839 1.0232 2.1763
12360 6180.0 2.6076 1.6593 2.6076 0.9981 2.2434
12370 6185.0 2.6165 2.2107 2.6165 0.9956 2.2891
12380 6190.0 2.6054 1.5346 2.6054 1.0099 2.2779
12390 6195.0 2.6022 1.3608 2.6022 0.9835 2.3018
12400 6200.0 2.5207 0.4280 2.5207 1.0125 2.2577
12410 6205.0 2.5540 0.0081 2.5540 0.9603 2.2370
12420 6210.0 2.5129 0.6874 2.5129 1.0201 2.1969
12430 6215.0 2.5758 0.3337 2.5758 0.9821 2.1848
12440 6220.0 2.5762 0.3438 2.5762 1.0148 2.0467
12450 6225.0 2.6058 1.5558 2.6058 0.9900 2.0485
12460 6230.0 2.5569 0.0238 2.5569 1.0068 2.0821
12470 6235.0 2.5476 0.0028 2.5476 0.9846 2.1441
12480 6240.0 2.5260 0.2890 2.5260 0.9801 2.1525
12490 6245.0 2.4946 1.5361 2.4946 0.9972 2.1771
12500 6250.0 2.5350 0.1129 2.5350 0.9671 2.2890
12510 6255.0 2.5310 0.1813 2.5310 1.0234 2.2283
12520 6260.0 2.5992 1.2110 2.5992 0.9871 2.2701
12530 6265.0 2.5790 0.4215 2.5790 1.0184 2.3081
12540 6270.0 2.5894 0.7752 2.5894 0.9970 2.2505
12550 6275.0 2.5619 0.0705 2.5619 1.0151 2.1964
12560 6280.0 2.5873 0.6941 2.5873 0.9844 2.1282
12570 6285.0 2.5774 0.3751 2.5774 1.0404 1.9512
12580 6290.0 2.6448 4.4956 2.6448 0.9806 1.9454
12590 6295.0 2.5188 0.4871 2.5188 1.0431 1.9352
12600 6300.0 2.5525 0.0032 2.5525 0.9609 2.0590
12610 6305.0 2.4975 1.3806 2.4975 0.9954 2.0566
12620 6310.0 2.5195 0.4641 2.5195 0.9735 2.0746
12630 6315.0 2.5367 0.0882 2.5367 0.9723 2.1434
12640 6320.0 2.5377 0.0759 2.5377 1.0135 2.2403
12650 6325.0 2.6167 2.2245 2.6167 0.9614 2.3187
12660 6330.0 2.5651 0.1141 2.5651 1.0294 2.2519
12670 6335.0 2.6358 3.6775 2.6358 0.9690 2.3173
12680 6340.0 2.5839 0.5758 2.5839 1.0332 2.3227
12690 6345.0 2.6281 3.0528 2.6281 0.9776 2.3304
12700 6350.0 2.5829 0.5407 2.5829 0.9982 2.2617
12710 6355.0 2.5532 0.0050 2.5532 0.9971 2.2559
12720 6360.0 2.5585 0.0359 2.5585 0.9601 2.3069
12730 6365.0 2.4823 2.2931 2.4823 1.0206 2.3095
12740 6370.0 2.5329 0.1456 2.5329 0.9407 2.3315
12750 6375.0 2.4451 5.5045 2.4451 1.0028 2.2423
12760 6380.0 2.4873 1.9658 2.4873 0.9647 2.2412
12770 6385.0 2.5300 0.1992 2.5300 0.9659 2.2690
12780 6390.0 2.5397 0.0531 2.5397 1.0252 2.2895
12790 6395.0 2.6263 2.9132 2.6263 0.9668 2.3328
12800 6400.0 2.5876 0.7069 2.5876 1.0286 2.2969
12810 6405.0 2.6538 5.3888 2.6538 0.9901 2.3478
12820 6410.0 2.6284 3.0708 2.6284 1.0293 2.3362
12830 6415.0 2.6170 2.2425 2.6170 0.9885 2.2587
12840 6420.0 2.5590 0.0401 2.5590 1.0009 2.1643
12850 6425.0 2.5466 0.0057 2.5466 0.9897 2.1271
12860 6430.0 2.5443 0.0163 2.5443 0.9861 2.1128
12870 6435.0 2.5204 0.4391 2.5204 1.0012 2.0893
12880 6440.0 2.5378 0.0750 2.5378 0.9737 2.1071
12890 6445.0 2.5098 0.8079 2.5098 1.0033 2.1329
12900 6450.0 2.5515 0.0011 2.5515 0.9664 2.2652
12910 6455.0 2.5310 0.1796 2.5310 1.0182 2.2150
12920 6460.0 2.6039 1.4549 2.6039 0.9838 2.1784
12930 6465.0 2.5896 0.7833 2.5896 1.0444 2.0979
12940 6470.0 2.6467 4.6767 2.6467 0.9943 2.1284
12950 6475.0 2.5834 0.5587 2.5834 1.0387 2.1107
12960 6480.0 2.5891 0.7633 2.5891 0.9754 2.2074
12970 6485.0 2.5293 0.2138 2.5293 1.0109 2.2433
12980 6490.0 2.5631 0.0862 2.5631 0.9794 2.3493
12990 6495.0 2.5782 0.3967 2.5782 1.0073 2.4136
13000 6500.0 2.6096 1.7778 2.6096 0.9901 2.4485
13010 6505.0 2.5964 1.0757 2.5964 0.9890 2.4267
13020 6510.0 2.5708 0.2159 2.5708 0.9945 2.3774
13030 6515.0 2.5941 0.9724 2.5941 0.9739 2.3429
13040 6520.0 2.5602 0.0521 2.5602 1.0181 2.3046
13050 6525.0 2.5672 0.1471 2.5672 0.9722 2.3594
13060 6530.0 2.5185 0.4958 2.5185 0.9918 2.2765
13070 6535.0 2.5294 0.2116 2.5294 0.9802 2.2561
13080 6540.0 2.5590 0.0405 2.5590 0.9939 2.3037
13090 6545.0 2.5773 0.3713 2.5773 1.0027 2.3445
13100 6550.0 2.5710 0.2211 2.5710 0.9974 2.2761
13110 6555.0 2.5745 0.3003 2.5745 1.0058 2.2020
13120 6560.0 2.6087 1.7217 2.6087 1.0012 2.1666
13130 6565.0 2.5891 0.7642 2.5891 1.0178 2.1497
13140 6570.0 2.5706 0.2121 2.5706 1.0016 2.2167
13150 6575.0 2.5576 0.0292 2.5576 1.0017 2.2214
13160 6580.0 2.6121 1.9293 2.6121 0.9965 2.0933
13170 6585.0 2.5942 0.9767 2.5942 1.0143 2.0472
13180 6590.0 2.5241 0.3348 2.5241 0.9933 2.0902
13190 6595.0 2.4530 4.7081 2.4530 0.9762 2.1146
13200 6600.0 2.4377 6.3099 2.4377 0.9491 2.1677
13210 6605.0 2.4264 7.6340 2.4264 0.9833 2.2313
13220 6610.0 2.5174 0.5322 2.5174 0.9872 2.1667
13230 6615.0 2.5806 0.4692 2.5806 1.0077 2.1380
13240 6620.0 2.5939 0.9653 2.5939 0.9901 2.1667
13250 6625.0 2.5967 1.0884 2.5967 0.9967 2.1527
13260 6630.0 2.6243 2.7619 2.6243 1.0089 2.1108
13270 6635.0 2.6402 4.0671 2.6402 1.0119 2.1035
13280 6640.0 2.5675 0.1539 2.5675 1.0148 2.1898
13290 6645.0 2.5804 0.4611 2.5804 0.9842 2.3428
13300 6650.0 2.5760 0.3388 2.5760 0.9994 2.2458
13310 6655.0 2.5665 0.1353 2.5665 0.9838 2.2621
13320 6660.0 2.5410 0.0402 2.5410 0.9996 2.3221
13330 6665.0 2.5537 0.0068 2.5537 1.0021 2.3190
13340 6670.0 2.5692 0.1842 2.5692 0.9872 2.3273
13350 6675.0 2.5567 0.0222 2.5567 0.9989 2.3050
13360 6680.0 2.5953 1.0269 2.5953 0.9856 2.2610
13370 6685.0 2.5815 0.4949 2.5815 1.0229 2.1966
13380 6690.0 2.5569 0.0241 2.5569 0.9917 2.2260
13390 6695.0 2.5058 0.9779 2.5058 0.9805 2.2864
13400 6700.0 2.4876 1.9486 2.4876 0.9781 2.2554
13410 6705.0 2.5062 0.9586 2.5062 0.9668 2.2273
13420 6710.0 2.4956 1.4795 2.4956 1.0047 2.1150
13430 6715.0 2.5684 0.1696 2.5684 0.9868 2.0620
13440 6720.0 2.5862 0.6566 2.5862 1.0095 2.0493
13450 6725.0 2.5907 0.8302 2.5907 1.0018 2.0972
13460 6730.0 2.5850 0.6124 2.5850 0.9957 2.1408
13470 6735.0 2.5845 0.5952 2.5845 1.0120 2.1259
13480 6740.0 2.5945 0.9895 2.5945 0.9953 2.1475
13490 6745.0 2.5564 0.0208 2.5564 0.9834 2.1999
13500 6750.0 2.5037 1.0706 2.5037 0.9924 2.2476
13510 6755.0 2.5194 0.4673 2.5194 0.9726 2.1675
13520 6760.0 2.5205 0.4357 2.5205 0.9797 2.1109
13530 6765.0 2.5436 0.0207 2.5436 0.9954 2.0482
13540 6770.0 2.5782 0.3963 2.5782 1.0034 2.0084
13550 6775.0 2.5561 0.0187 2.5561 1.0073 2.0226
13560 6780.0 2.5166 0.5562 2.5166 0.9730 2.1249
13570 6785.0 2.4754 2.7840 2.4754 0.9749 2.2201
13580 6790.0 2.4711 3.1138 2.4711 0.9867 2.2485
13590 6795.0 2.5388 0.0627 2.5388 0.9698 2.1941
13600 6800.0 2.5481 0.0019 2.5481 1.0243 2.0756
13610 6805.0 2.5812 0.4876 2.5812 0.9699 2.0561
13620 6810.0 2.5115 0.7415 2.5115 1.0022 2.0426
13630 6815.0 2.5422 0.0308 2.5422 0.9681 2.1119
13640 6820.0 2.5373 0.0810 2.5373 0.9995 2.1037
13650 6825.0 2.5924 0.9001 2.5924 0.9727 2.1305
13660 6830.0 2.5647 0.1082 2.5647 1.0159 2.1508
13670 6835.0 2.6193 2.3978 2.6193 0.9793 2.2914
13680 6840.0 2.6180 2.3138 2.6180 1.0189 2.2494
13690 6845.0 2.6378 3.8575 2.6378 0.9847 2.2786
13700 6850.0 2.5621 0.0727 2.5621 1.0082 2.2511
13710 6855.0 2.5528 0.0040 2.5528 0.9681 2.1990
13720 6860.0 2.4990 1.2985 2.4990 0.9883 2.1266
13730 6865.0 2.5168 0.5515 2.5168 0.9793 2.0971
13740 6870.0 2.5479 0.0022 2.5479 0.9875 2.0544
13750 6875.0 2.5876 0.7080 2.5876 0.9886 2.0500
13760 6880.0 2.5327 0.1494 2.5327 1.0013 2.1109
13770 6885.0 2.5040 1.0575 2.5040 0.9851 2.2549
13780 6890.0 2.5122 0.7142 2.5122 0.9617 2.3164
13790 6895.0 2.4719 3.0503 2.4719 0.9998 2.2713
13800 6900.0 2.5373 0.0800 2.5373 0.9598 2.2184
13810 6905.0 2.5850 0.6131 2.5850 1.0178 2.0944
13820 6910.0 2.6456 4.5730 2.6456 1.0170 2.0860
13830 6915.0 2.5694 0.1877 2.5694 1.0043 2.1430
13840 6920.0 2.5498 0.0000 2.5498 0.9819 2.2120
13850 6925.0 2.5434 0.0217 2.5434 0.9853 2.2244
13860 6930.0 2.5494 0.0002 2.5494 0.9925 2.2014
13870 6935.0 2.5307 0.1856 2.5307 0.9878 2.1982
13880 6940.0 2.5543 0.0094 2.5543 0.9662 2.2072
13890 6945.0 2.5570 0.0248 2.5570 1.0160 2.1587
13900 6950.0 2.6400 4.0503 2.6400 0.9843 2.2040
13910 6955.0 2.5720 0.2420 2.5720 1.0376 2.1808
13920 6960.0 2.5467 0.0053 2.5467 0.9407 2.3042
13930 6965.0 2.4625 3.8257 2.4625 1.0099 2.3134
13940 6970.0 2.5877 0.7114 2.5877 0.9866 2.3949
13950 6975.0 2.5801 0.4526 2.5801 1.0172 2.4096
13960 6980.0 2.5111 0.7552 2.5111 0.9672 2.3967
13970 6985.0 2.5245 0.3264 2.5245 0.9764 2.3811
13980 6990.0 2.5585 0.0364 2.5585 1.0208 2.3401
13990 6995.0 2.5360 0.0980 2.5360 0.9781 2.3366
14000 7000.0 2.4507 4.9300 2.4507 0.9916 2.3017
14010 7005.0 2.5526 0.0033 2.5526 0.9707 2.3293
14020 7010.0 2.6423 4.2601 2.6423 1.0224 2.3567
14030 7015.0 2.5869 0.6791 2.5869 0.9752 2.3039
14040 7020.0 2.4845 2.1441 2.4845 0.9734 2.2206
14050 7025.0 2.5501 0.0000 2.5501 1.0080 2.1821
14060 7030.0 2.5794 0.4312 2.5794 0.9797 2.1283
14070 7035.0 2.4346 6.6606 2.4346 1.0079 1.9714
14080 7040.0 2.5318 0.1649 2.5318 0.9368 1.9804
14090 7045.0 2.5607 0.0570 2.5607 1.0875 1.8755
14100 7050.0 2.6003 1.2659 2.6003 0.9839 1.9874
14110 7055.0 2.4798 2.4615 2.4798 1.0162 2.0403
14120 7060.0 2.5566 0.0219 2.5566 0.9544 2.1647
14130 7065.0 2.5718 0.2369 2.5718 1.0502 2.1676
14140 7070.0 2.6220 2.5952 2.6220 0.9818 2.3106
14150 7075.0 2.5389 0.0615 2.5389 1.0093 2.4034
14160 7080.0 2.5612 0.0629 2.5612 0.9937 2.2779
14170 7085.0 2.5886 0.7432 2.5886 0.9938 2.2597
14180 7090.0 2.5700 0.1991 2.5700 1.0062 2.2536
14190 7095.0 2.5549 0.0118 2.5549 0.9815 2.2932
14200 7100.0 2.5079 0.8876 2.5079 1.0017 2.3128
14210 7105.0 2.5429 0.0253 2.5429 0.9683 2.3774
14220 7110.0 2.5283 0.2354 2.5283 1.0024 2.3538
14230 7115.0 2.4988 1.3131 2.4988 0.9910 2.2908
14240 7120.0 2.5263 0.2802 2.5263 0.9566 2.3045
14250 7125.0 2.5394 0.0560 2.5394 1.0177 2.2689
14260 7130.0 2.6432 4.3472 2.6432 0.9863 2.2509
14270 7135.0 2.5549 0.0122 2.5549 1.0144 2.1850
14280 7140.0 2.5231 0.3630 2.5231 0.9520 2.2069
14290 7145.0 2.4945 1.5428 2.4945 1.0055 2.1710
14300 7150.0 2.5685 0.1720 2.5685 0.9764 2.2102
14310 7155.0 2.5069 0.9293 2.5069 0.9998 2.2588
14320 7160.0 2.4926 1.6486 2.4926 0.9813 2.2321
14330 7165.0 2.5311 0.1788 2.5311 0.9731 2.2446
14340 7170.0 2.5638 0.0957 2.5638 0.9999 2.3220
14350 7175.0 2.5809 0.4789 2.5809 0.9894 2.3002
14360 7180.0 2.5165 0.5611 2.5165 0.9982 2.2099
14370 7185.0 2.4988 1.3099 2.4988 0.9699 2.1445
14380 7190.0 2.4740 2.8889 2.4740 1.0041 2.0865
14390 7195.0 2.5126 0.6992 2.5126 0.9650 2.1119
14400 7200.0 2.4991 1.2934 2.4991 0.9885 2.1184
14410 7205.0 2.5521 0.0022 2.5521 0.9852 2.1016
14420 7210.0 2.6008 1.2895 2.6008 1.0040 2.0688
14430 7215.0 2.6162 2.1924 2.6162 1.0113 2.0730
14440 7220.0 2.5844 0.5909 2.5844 0.9966 2.1309
14450 7225.0 2.5909 0.8364 2.5909 0.9854 2.2238
14460 7230.0 2.5832 0.5525 2.5832 1.0185 2.2981
14470 7235.0 2.6123 1.9386 2.6123 0.9804 2.3649
14480 7240.0 2.5684 0.1693 2.5684 1.0162 2.3345
14490 7245.0 2.5826 0.5326 2.5826 0.9835 2.2493
14500 7250.0 2.5473 0.0036 2.5473 1.0219 2.0914
14510 7255.0 2.5972 1.1163 2.5972 0.9881 2.0394
14520 7260.0 2.5855 0.6284 2.5855 1.0255 1.9920
14530 7265.0 2.5972 1.1129 2.5972 0.9822 2.0106
14540 7270.0 2.5126 0.6982 2.5126 1.0152 1.9663
14550 7275.0 2.5286 0.2295 2.5286 0.9724 2.0344
14560 7280.0 2.5016 1.1729 2.5016 0.9919 2.0753
14570 7285.0 2.5296 0.2087 2.5296 0.9925 2.1091
14580 7290.0 2.6006 1.2799 2.6006 0.9975 2.1007
14590 7295.0 2.6528 5.2832 2.6528 1.0271 2.0907
14600 7300.0 2.6135 2.0171 2.6135 0.9987 2.1144
14610 7305.0 2.5347 0.1174 2.5347 0.9903 2.1527
14620 7310.0 2.5421 0.0314 2.5421 0.9733 2.1791
14630 7315.0 2.5022 1.1431 2.5022 1.0165 2.1046
14640 7320.0 2.5038 1.0674 2.5038 0.9682 2.1048
14650 7325.0 2.4828 2.2558 2.4828 0.9986 2.0756
14660 7330.0 2.5362 0.0954 2.5362 0.9932 2.0686
14670 7335.0 2.5837 0.5679 2.5837 1.0218 2.0808
14680 7340.0 2.5988 1.1903 2.5988 1.0177 2.1775
14690 7345.0 2.5878 0.7162 2.5878 0.9996 2.2797
14700 7350.0 2.5812 0.4864 2.5812 0.9957 2.3415
14710 7355.0 2.6183 2.3357 2.6183 0.9793 2.3317
14720 7360.0 2.5704 0.2085 2.5704 1.0296 2.2189
14730 7365.0 2.5295 0.2107 2.5295 0.9692 2.1613
14740 7370.0 2.4377 6.3072 2.4377 0.9969 2.0680
14750 7375.0 2.5239 0.3397 2.5239 0.9510 2.0224
14760 7380.0 2.5855 0.6297 2.5855 1.0562 1.8826
14770 7385.0 2.6739 7.6777 2.6739 0.9844 1.9486
14780 7390.0 2.5051 1.0069 2.5051 1.0323 1.9499
14790 7395.0 2.5400 0.0498 2.5400 0.9573 2.0106
14800 7400.0 2.5265 0.2764 2.5265 1.0142 1.9465
14810 7405.0 2.6020 1.3545 2.6020 1.0178 1.9148
14820 7410.0 2.6231 2.6716 2.6231 1.0341 1.9188
14830 7415.0 2.6220 2.5913 2.6220 0.9955 2.0212
14840 7420.0 2.5776 0.3812 2.5776 1.0259 2.0986
14850 7425.0 2.6128 1.9700 2.6128 1.0012 2.2462
14860 7430.0 2.6284 3.0770 2.6284 0.9965 2.2857
14870 7435.0 2.5928 0.9164 2.5928 1.0287 2.2543
14880 7440.0 2.6275 3.0021 2.6275 0.9735 2.3127
14890 7445.0 2.5599 0.0489 2.5599 1.0241 2.3591
14900 7450.0 2.5717 0.2365 2.5717 0.9351 2.4138
14910 7455.0 2.4878 1.9325 2.4878 1.0133 2.4074
14920 7460.0 2.5209 0.4220 2.5209 0.9489 2.4709
14930 7465.0 2.4828 2.2547 2.4828 0.9739 2.4600
14940 7470.0 2.4733 2.9414 2.4733 0.9689 2.4550
14950 7475.0 2.5025 1.1286 2.5025 0.9691 2.4665
14960 7480.0 2.5460 0.0081 2.5460 0.9916 2.4970
14970 7485.0 2.6025 1.3787 2.6025 0.9955 2.5047
14980 7490.0 2.6088 1.7311 2.6088 1.0126 2.3476
14990 7495.0 2.6129 1.9775 2.6129 1.0035 2.2471
15000 7500.0 2.5766 0.3526 2.5766 1.0039 2.2226
15010 7505.0 2.5401 0.0494 2.5401 0.9776 2.2605
15020 7510.0 2.4851 2.1034 2.4851 0.9931 2.2774
15030 7515.0 2.5109 0.7642 2.5109 0.9694 2.3284
15040 7520.0 2.5317 0.1673 2.5317 0.9835 2.3706
15050 7525.0 2.5538 0.0073 2.5538 1.0144 2.3400
15060 7530.0 2.6057 1.5513 2.6057 0.9818 2.4178
15070 7535.0 2.5319 0.1633 2.5319 1.0122 2.2849
15080 7540.0 2.5208 0.4278 2.5208 0.9472 2.2783
15090 7545.0 2.4461 5.4015 2.4461 1.0212 2.2168
15100 7550.0 2.5849 0.6105 2.5849 0.9524 2.2676
15110 7555.0 2.5988 1.1923 2.5988 1.0335 2.2313
15120 7560.0 2.5975 1.1270 2.5975 0.9715 2.2558
15130 7565.0 2.5347 0.1170 2.5347 1.0181 2.2343
15140 7570.0 2.6115 1.8905 2.6115 1.0009 2.3080
15150 7575.0 2.6180 2.3092 2.6180 1.0008 2.3887
15160 7580.0 2.5044 1.0374 2.5044 1.0180 2.3563
15170 7585.0 2.5096 0.8169 2.5096 0.9469 2.3439
15180 7590.0 2.4304 7.1537 2.4304 1.0216 2.3016
15190 7595.0 2.5223 0.3826 2.5223 0.9380 2.3309
15200 7600.0 2.5046 1.0289 2.5046 1.0156 2.2455
15210 7605.0 2.6037 1.4427 2.6037 1.0089 2.2185
15220 7610.0 2.6544 5.4467 2.6544 1.0512 2.1732
15230 7615.0 2.6797 8.4125 2.6797 0.9918 2.1922
15240 7620.0 2.5540 0.0081 2.5540 1.0276 2.1450
15250 7625.0 2.5297 0.2059 2.5297 0.9864 2.1753
15260 7630.0 2.5387 0.0639 2.5387 0.9784 2.2069
15270 7635.0 2.5353 0.1084 2.5353 1.0155 2.2332
15280 7640.0 2.6197 2.4288 2.6197 0.9676 2.2789
15290 7645.0 2.5769 0.3620 2.5769 1.0418 2.2175
15300 7650.0 2.6322 3.3783 2.6322 0.9536 2.1689
15310 7655.0 2.5543 0.0091 2.5543 1.0324 2.0649
15320 7660.0 2.5722 0.2465 2.5722 0.9480 2.1347
15330 7665.0 2.4659 3.5334 2.4659 1.0175 2.1336
15340 7670.0 2.5110 0.7620 2.5110 0.9506 2.2313
15350 7675.0 2.5214 0.4103 2.5214 0.9798 2.2639
15360 7680.0 2.5623 0.0761 2.5623 0.9977 2.3544
15370 7685.0 2.5963 1.0711 2.5963 0.9844 2.3871
15380 7690.0 2.5816 0.5005 2.5816 1.0300 2.3822
15390 7695.0 2.6316 3.3293 2.6316 0.9493 2.4386
15400 7700.0 2.5192 0.4753 2.5192 1.0190 2.3917
15410 7705.0 2.5208 0.4272 2.5208 0.9561 2.3519
15420 7710.0 2.4723 3.0213 2.4723 0.9861 2.3390
15430 7715.0 2.4876 1.9496 2.4876 0.9789 2.3805
15440 7720.0 2.5344 0.1209 2.5344 0.9690 2.4298
15450 7725.0 2.5503 0.0001 2.5503 1.0113 2.4310
15460 7730.0 2.5833 0.5557 2.5833 0.9710 2.4067
15470 7735.0 2.5275 0.2530 2.5275 0.9948 2.3266
15480 7740.0 2.5001 1.2475 2.5001 0.9801 2.2276
15490 7745.0 2.5317 0.1679 2.5317 0.9667 2.1109
15500 7750.0 2.5635 0.0916 2.5635 1.0398 1.9253
15510 7755.0 2.6185 2.3478 2.6185 0.9999 1.8919
15520 7760.0 2.5360 0.0973 2.5360 1.0054 1.8552
15530 7765.0 2.5151 0.6079 2.5151 0.9650 1.9012
15540 7770.0 2.4761 2.7319 2.4761 1.0019 1.9000
15550 7775.0 2.5393 0.0576 2.5393 0.9659 1.9472
15560 7780.0 2.5188 0.4880 2.5188 1.0004 1.9307
15570 7785.0 2.5371 0.0829 2.5371 0.9886 1.9598
15580 7790.0 2.5271 0.2618 2.5271 1.0077 2.0041
15590 7795.0 2.5426 0.0274 2.5426 0.9884 2.1608
15600 7800.0 2.5866 0.6715 2.5866 0.9743 2.3413
15610 7805.0 2.6032 1.4158 2.6032 1.0090 2.3955
15620 7810.0 2.5840 0.5780 2.5840 0.9830 2.3674
15630 7815.0 2.4881 1.9140 2.4881 1.0032 2.3336
15640 7820.0 2.4823 2.2895 2.4823 0.9583 2.4075
15650 7825.0 2.4809 2.3863 2.4809 0.9532 2.4262
15660 7830.0 2.5077 0.8946 2.5077 0.9965 2.3831
15670 7835.0 2.6281 3.0529 2.6281 0.9862 2.3877
15680 7840.0 2.5942 0.9763 2.5942 1.0182 2.3469
15690 7845.0 2.5086 0.8587 2.5086 0.9619 2.3365
15700 7850.0 2.4233 8.0298 2.4233 0.9971 2.2302
15710 7855.0 2.5380 0.0723 2.5380 0.9600 2.1577
15720 7860.0 2.5572 0.0259 2.5572 1.0581 2.0171
15730 7865.0 2.6237 2.7185 2.6237 0.9638 2.0876
15740 7870.0 2.5791 0.4245 2.5791 1.0380 2.0071
15750 7875.0 2.6461 4.6199 2.6461 1.0097 1.9923
15760 7880.0 2.5851 0.6155 2.5851 1.0317 1.9524
15770 7885.0 2.5517 0.0014 2.5517 0.9823 1.9894
15780 7890.0 2.4741 2.8784 2.4741 0.9978 1.9814
15790 7895.0 2.4955 1.4855 2.4955 0.9718 2.0136
15800 7900.0 2.5424 0.0288 2.5424 1.0078 1.9810
15810 7905.0 2.6216 2.5628 2.6216 1.0021 1.9705
15820 7910.0 2.5697 0.1948 2.5697 1.0229 1.9565
15830 7915.0 2.5465 0.0062 2.5465 0.9762 1.9896
15840 7920.0 2.5245 0.3262 2.5245 1.0081 1.9501
15850 7925.0 2.5145 0.6304 2.5145 1.0004 1.9558
15860 7930.0 2.5105 0.7801 2.5105 0.9709 2.0096
15870 7935.0 2.5687 0.1741 2.5687 1.0216 1.9861
15880 7940.0 2.6701 7.2094 2.6701 0.9957 2.0740
15890 7945.0 2.5945 0.9909 2.5945 1.0068 2.1534
15900 7950.0 2.5625 0.0776 2.5625 0.9750 2.2900
15910 7955.0 2.5504 0.0001 2.5504 0.9890 2.3789
15920 7960.0 2.5198 0.4565 2.5198 0.9856 2.3381
15930 7965.0 2.4723 3.0192 2.4723 0.9552 2.2644
15940 7970.0 2.4513 4.8733 2.4513 0.9657 2.2189
15950 7975.0 2.5077 0.8964 2.5077 0.9825 2.2282
15960 7980.0 2.5627 0.0804 2.5627 0.9855 2.1910
15970 7985.0 2.5750 0.3136 2.5750 0.9995 2.0949
15980 7990.0 2.5783 0.3992 2.5783 0.9929 2.0553
15990 7995.0 2.5652 0.1152 2.5652 0.9848 2.0703
16000 8000.0 2.5451 0.0121 2.5451 0.9906 2.0744
16010 8005.0 2.5644 0.1042 2.5644 0.9820 2.0197
16020 8010.0 2.5629 0.0829 2.5629 0.9961 1.9686
16030 8015.0 2.5698 0.1963 2.5698 0.9946 1.9521
16040 8020.0 2.5704 0.2080 2.5704 0.9993 1.9437
16050 8025.0 2.5730 0.2655 2.5730 0.9903 1.9208
16060 8030.0 2.5534 0.0058 2.5534 1.0001 1.9246
16070 8035.0 2.5624 0.0770 2.5624 0.9755 1.9783
16080 8040.0 2.5447 0.0139 2.5447 0.9929 2.0075
16090 8045.0 2.5534 0.0058 2.5534 0.9879 2.0292
16100 8050.0 2.5430 0.0244 2.5430 0.9885 2.0532
16110 8055.0 2.5203 0.4417 2.5203 0.9907 2.0855
16120 8060.0 2.5227 0.3739 2.5227 0.9750 2.1383
16130 8065.0 2.5274 0.2551 2.5274 0.9871 2.1894
16140 8070.0 2.5629 0.0829 2.5629 0.9893 2.2622
16150 8075.0 2.5980 1.1540 2.5980 0.9849 2.3270
16160 8080.0 2.5940 0.9671 2.5940 1.0066 2.3552
16170 8085.0 2.5915 0.8625 2.5915 0.9881 2.3119
16180 8090.0 2.5460 0.0082 2.5460 1.0047 2.2105
16190 8095.0 2.5570 0.0244 2.5570 0.9707 2.1388
16200 8100.0 2.5347 0.1174 2.5347 0.9898 2.0503
16210 8105.0 2.5524 0.0029 2.5524 0.9790 1.9524
16220 8110.0 2.5622 0.0750 2.5622 1.0016 1.8515
16230 8115.0 2.5975 1.1272 2.5975 1.0105 1.8210
16240 8120.0 2.6330 3.4476 2.6330 1.0095 1.8691
16250 8125.0 2.6076 1.6612 2.6076 1.0269 1.9014
16260 8130.0 2.5909 0.8364 2.5909 0.9855 1.9093
16270 8135.0 2.5303 0.1945 2.5303 1.0105 1.9562
16280 8140.0 2.6054 1.5361 2.6054 0.9557 2.1252
16290 8145.0 2.5800 0.4490 2.5800 1.0436 2.2391
16300 8150.0 2.6437 4.3901 2.6437 0.9958 2.3167
16310 8155.0 2.5655 0.1208 2.5655 1.0198 2.2326
16320 8160.0 2.5809 0.4766 2.5809 0.9737 2.2231
16330 8165.0 2.5613 0.0644 2.5613 1.0146 2.2568
16340 8170.0 2.5663 0.1336 2.5663 0.9917 2.2628
16350 8175.0 2.5235 0.3514 2.5235 0.9779 2.2056
16360 8180.0 2.4981 1.3456 2.4981 0.9891 2.2354
16370 8185.0 2.5534 0.0059 2.5534 0.9862 2.3629
16380 8190.0 2.5649 0.1113 2.5649 1.0255 2.2776
16390 8195.0 2.5428 0.0260 2.5428 0.9718 2.2702
16400 8200.0 2.4908 1.7495 2.4908 0.9960 2.1957
16410 8205.0 2.6274 2.9931 2.6274 0.9804 2.1216
16420 8210.0 2.6863 9.2848 2.6863 1.0450 2.0118
16430 8215.0 2.5773 0.3718 2.5773 0.9914 2.0084
16440 8220.0 2.4709 3.1311 2.4709 0.9826 2.0002
16450 8225.0 2.5179 0.5159 2.5179 0.9709 1.9848
16460 8230.0 2.5503 0.0001 2.5503 1.0185 1.9313
16470 8235.0 2.5428 0.0263 2.5428 0.9823 1.9380
16480 8240.0 2.5539 0.0078 2.5539 1.0039 1.9237
16490 8245.0 2.6701 7.2099 2.6701 1.0061 1.9520
16500 8250.0 2.6205 2.4843 2.6205 1.0434 1.9463
16510 8255.0 2.5014 1.1829 2.5014 0.9678 2.0861
16520 8260.0 2.4659 3.5342 2.4659 0.9824 2.1926
16530 8265.0 2.5427 0.0268 2.5427 0.9980 2.3114
16540 8270.0 2.5499 0.0000 2.5499 0.9863 2.2820
16550 8275.0 2.5336 0.1339 2.5336 0.9815 2.1787
16560 8280.0 2.5804 0.4629 2.5804 0.9737 2.1995
16570 8285.0 2.5745 0.3009 2.5745 1.0052 2.2752
16580 8290.0 2.5286 0.2287 2.5286 0.9804 2.2991
16590 8295.0 2.4558 4.4326 2.4558 0.9619 2.2734
16600 8300.0 2.4090 9.9337 2.4090 0.9800 2.2378
16610 8305.0 2.4752 2.7968 2.4752 0.9506 2.1700
16620 8310.0 2.5369 0.0859 2.5369 1.0122 2.0335
16630 8315.0 2.6209 2.5164 2.6209 0.9946 2.0322
16640 8320.0 2.6024 1.3704 2.6024 1.0209 2.0223
16650 8325.0 2.6017 1.3358 2.6017 0.9832 2.0519
16660 8330.0 2.5762 0.3445 2.5762 1.0186 2.0118
16670 8335.0 2.5969 1.0995 2.5969 1.0095 2.0614
16680 8340.0 2.5610 0.0609 2.5610 0.9999 2.1485
16690 8345.0 2.5268 0.2681 2.5268 0.9831 2.0984
16700 8350.0 2.5442 0.0167 2.5442 0.9799 2.1507
16710 8355.0 2.5567 0.0224 2.5567 1.0069 2.0915
16720 8360.0 2.6014 1.3191 2.6014 0.9827 2.1126
16730 8365.0 2.5814 0.4936 2.5814 1.0079 2.1180
16740 8370.0 2.6321 3.3725 2.6321 0.9816 2.1191
16750 8375.0 2.5850 0.6110 2.5850 1.0338 2.0709
16760 8380.0 2.6003 1.2627 2.6003 0.9759 2.1419
16770 8385.0 2.5174 0.5306 2.5174 0.9931 2.1792
16780 8390.0 2.5022 1.1411 2.5022 0.9774 2.2186
16790 8395.0 2.4941 1.5619 2.4941 0.9700 2.2345
16800 8400.0 2.4557 4.4440 2.4557 0.9920 2.2309
16810 8405.0 2.4846 2.1412 2.4846 0.9615 2.2946
16820 8410.0 2.5070 0.9242 2.5070 0.9811 2.3193
16830 8415.0 2.5633 0.0882 2.5633 1.0124 2.3079
16840 8420.0 2.5880 0.7203 2.5880 0.9913 2.2895
16850 8425.0 2.5460 0.0081 2.5460 1.0100 2.2619
16860 8430.0 2.5422 0.0306 2.5422 0.9709 2.3353
16870 8435.0 2.4998 1.2620 2.4998 0.9923 2.3140
16880 8440.0 2.5068 0.9341 2.5068 0.9706 2.2830
16890 8445.0 2.4952 1.5006 2.4952 0.9916 2.2405
16900 8450.0 2.5370 0.0850 2.5370 0.9902 2.2071
16910 8455.0 2.6025 1.3770 2.6025 1.0099 2.1412
16920 8460.0 2.6522 5.2248 2.6522 1.0057 2.1112
16930 8465.0 2.6023 1.3671 2.6023 1.0190 2.1029
16940 8470.0 2.5630 0.0849 2.5630 0.9924 2.1419
16950 8475.0 2.5466 0.0058 2.5466 0.9897 2.1635
16960 8480.0 2.5123 0.7095 2.5123 0.9925 2.2011
16970 8485.0 2.4826 2.2744 2.4826 0.9565 2.2851
16980 8490.0 2.4633 3.7588 2.4633 0.9978 2.2920
16990 8495.0 2.5563 0.0197 2.5563 0.9734 2.3220
17000 8500.0 2.5538 0.0072 2.5538 1.0135 2.3062
17010 8505.0 2.5675 0.1530 2.5675 0.9663 2.3561
17020 8510.0 2.5364 0.0918 2.5364 0.9977 2.3419
17030 8515.0 2.5865 0.6654 2.5865 0.9939 2.3355
17040 8520.0 2.5805 0.4642 2.5805 1.0209 2.3249
17050 8525.0 2.5510 0.0005 2.5510 0.9826 2.4314
17060 8530.0 2.5397 0.0527 2.5397 0.9821 2.5186
17070 8535.0 2.5351 0.1107 2.5351 1.0122 2.5121
17080 8540.0 2.5731 0.2662 2.5731 0.9687 2.5385
17090 8545.0 2.4957 1.4735 2.4957 1.0301 2.5021
17100 8550.0 2.5892 0.7687 2.5892 0.9487 2.5139
17110 8555.0 2.5391 0.0589 2.5391 1.0332 2.4789
17120 8560.0 2.5995 1.2254 2.5995 0.9667 2.5546
17130 8565.0 2.5493 0.0002 2.5493 1.0015 2.5803
17140 8570.0 2.5297 0.2053 2.5297 0.9941 2.5722
17150 8575.0 2.5506 0.0002 2.5506 0.9682 2.5365
17160 8580.0 2.5207 0.4294 2.5207 1.0274 2.4322
17170 8585.0 2.5752 0.3185 2.5752 0.9625 2.4545
17180 8590.0 2.5168 0.5495 2.5168 1.0225 2.3665
17190 8595.0 2.5639 0.0967 2.5639 0.9508 2.4068
17200 8600.0 2.5142 0.6403 2.5142 1.0318 2.3298
17210 8605.0 2.5769 0.3624 2.5769 0.9616 2.3928
17220 8610.0 2.5084 0.8670 2.5084 1.0131 2.3407
17230 8615.0 2.5444 0.0159 2.5444 0.9658 2.3616
17240 8620.0 2.5473 0.0035 2.5473 1.0003 2.3045
17250 8625.0 2.5330 0.1449 2.5330 0.9820 2.2839
17260 8630.0 2.5166 0.5579 2.5166 0.9905 2.2493
17270 8635.0 2.5198 0.4562 2.5198 0.9958 2.2346
17280 8640.0 2.5911 0.8445 2.5911 0.9800 2.2508
17290 8645.0 2.5844 0.5912 2.5844 1.0071 2.2171
17300 8650.0 2.5186 0.4927 2.5186 0.9779 2.2249
17310 8655.0 2.5143 0.6357 2.5143 1.0064 2.1967
17320 8660.0 2.5781 0.3951 2.5781 0.9858 2.2203
17330 8665.0 2.5204 0.4384 2.5204 1.0110 2.1761
17340 8670.0 2.5569 0.0235 2.5569 0.9831 2.1953
17350 8675.0 2.5840 0.5793 2.5840 1.0227 2.1485
17360 8680.0 2.5610 0.0604 2.5610 0.9790 2.1608
17370 8685.0 2.4974 1.3814 2.4974 1.0143 2.1062
17380 8690.0 2.5563 0.0198 2.5563 0.9520 2.1422
17390 8695.0 2.5558 0.0169 2.5558 1.0588 2.0477
17400 8700.0 2.6386 3.9238 2.6386 0.9681 2.1544
17410 8705.0 2.5568 0.0233 2.5568 1.0431 2.0921
17420 8710.0 2.5601 0.0508 2.5601 0.9451 2.1474
17430 8715.0 2.4756 2.7713 2.4756 1.0539 2.0197
17440 8720.0 2.5859 0.6456 2.5859 0.9392 2.1045
17450 8725.0 2.5112 0.7514 2.5112 1.0575 1.9978
17460 8730.0 2.6549 5.5006 2.6549 0.9542 2.0787
17470 8735.0 2.5860 0.6477 2.5860 1.0858 1.9509
17480 8740.0 2.6038 1.4497 2.6038 0.9688 2.0817
17490 8745.0 2.5080 0.8825 2.5080 1.0169 2.1092
17500 8750.0 2.5417 0.0345 2.5417 0.9680 2.2305
17510 8755.0 2.5425 0.0284 2.5425 0.9866 2.2422
17520 8760.0 2.5558 0.0169 2.5558 1.0120 2.2019
17530 8765.0 2.5872 0.6933 2.5872 0.9893 2.2343
17540 8770.0 2.5608 0.0582 2.5608 1.0062 2.1828
17550 8775.0 2.5833 0.5556 2.5833 0.9813 2.1700
17560 8780.0 2.5778 0.3859 2.5778 1.0127 2.1865
17570 8785.0 2.5953 1.0277 2.5953 1.0045 2.2010
17580 8790.0 2.5717 0.2358 2.5717 0.9960 2.1341
17590 8795.0 2.5540 0.0079 2.5540 0.9751 2.0748
17600 8800.0 2.5199 0.4529 2.5199 1.0093 2.0609
17610 8805.0 2.5694 0.1888 2.5694 0.9719 2.1359
17620 8810.0 2.5228 0.3703 2.5228 1.0149 2.0723
17630 8815.0 2.5374 0.0790 2.5374 0.9495 2.0423
17640 8820.0 2.4848 2.1277 2.4848 1.0235 1.9579
17650 8825.0 2.5788 0.4156 2.5788 0.9602 1.9968
17660 8830.0 2.5495 0.0001 2.5495 1.0254 1.9273
17670 8835.0 2.6093 1.7586 2.6093 0.9830 1.9762
17680 8840.0 2.6027 1.3862 2.6027 0.9959 1.9988
17690 8845.0 2.5567 0.0223 2.5567 1.0050 2.0137
17700 8850.0 2.5835 0.5602 2.5835 0.9809 2.0220
17710 8855.0 2.5956 1.0401 2.5956 1.0148 1.9879
17720 8860.0 2.6337 3.5063 2.6337 0.9948 2.0031
17730 8865.0 2.5690 0.1798 2.5690 1.0154 1.9803
17740 8870.0 2.5255 0.2997 2.5255 0.9762 2.0287
17750 8875.0 2.4769 2.6720 2.4769 0.9844 2.0489
17760 8880.0 2.4962 1.4457 2.4962 0.9787 2.0420
17770 8885.0 2.5488 0.0007 2.5488 0.9882 2.0210
17780 8890.0 2.5842 0.5864 2.5842 1.0128 2.0215
17790 8895.0 2.5926 0.9067 2.5926 0.9868 2.0598
17800 8900.0 2.5590 0.0401 2.5590 1.0008 2.0892
17810 8905.0 2.5288 0.2243 2.5288 0.9816 2.1767
17820 8910.0 2.5085 0.8598 2.5085 0.9801 2.2475
17830 8915.0 2.5264 0.2789 2.5264 0.9967 2.2394
17840 8920.0 2.5967 1.0884 2.5967 0.9890 2.2679
17850 8925.0 2.6030 1.4027 2.6030 1.0065 2.2676
17860 8930.0 2.5872 0.6934 2.5872 0.9780 2.2548
17870 8935.0 2.5335 0.1365 2.5335 1.0029 2.2329
17880 8940.0 2.5714 0.2295 2.5714 0.9664 2.2714
17890 8945.0 2.5400 0.0504 2.5400 1.0109 2.2023
17900 8950.0 2.5889 0.7560 2.5889 0.9612 2.1549
17910 8955.0 2.5352 0.1095 2.5352 1.0318 2.0541
17920 8960.0 2.5919 0.8795 2.5919 0.9535 2.1074
17930 8965.0 2.5112 0.7540 2.5112 1.0339 2.0428
17940 8970.0 2.5538 0.0071 2.5538 0.9464 2.1305
17950 8975.0 2.4932 1.6113 2.4932 1.0251 2.0993
17960 8980.0 2.5621 0.0738 2.5621 0.9669 2.1911
17970 8985.0 2.5702 0.2049 2.5702 1.0028 2.2293
17980 8990.0 2.5644 0.1032 2.5644 1.0129 2.3437
17990 8995.0 2.6007 1.2844 2.6007 0.9927 2.4962
18000 9000.0 2.6206 2.4937 2.6206 1.0191 2.5453
