# step  time_fs  cv_FeH(A)  bias(kJ/mol)  d_min_FeH(A)  d_min_OH(A)  d_min_SH(A)
0 0.0 1.7182 2064.0423 1.7182 2.5114 2.4126
10 5.0 2.8281 424.9146 2.8281 1.5613 2.3499
20 10.0 2.7840 466.5829 2.7840 1.4696 2.8273
30 15.0 3.2859 107.6996 3.2859 1.5267 2.5655
40 20.0 3.1088 205.5555 3.1088 1.2715 2.5606
50 25.0 2.8081 443.5590 2.8081 1.5682 1.9435
60 30.0 3.2979 102.1777 3.2979 1.0374 2.3907
70 35.0 3.3515 79.3880 3.3515 1.3368 2.5622
80 40.0 3.1259 194.7738 3.1259 1.5994 2.6340
90 45.0 3.2936 104.1396 3.2936 1.5939 2.1064
100 50.0 3.2010 150.6944 3.2010 1.4735 2.0738
110 55.0 3.0513 244.1019 3.0513 0.9231 2.7451
120 60.0 3.3766 69.7055 3.3766 1.0723 2.5575
130 65.0 3.1245 195.6371 3.1245 1.1323 2.1330
140 70.0 3.1450 182.9875 3.1450 1.0562 2.7754
150 75.0 3.4257 52.5899 3.4257 0.8308 2.5613
160 80.0 3.4920 33.2699 3.4920 1.3333 2.2208
170 85.0 3.3689 72.6271 3.3689 0.8507 2.4422
180 90.0 3.2101 145.7641 3.2101 1.1733 2.8308
190 95.0 3.3586 76.6059 3.3586 0.9816 2.3688
200 100.0 3.5671 16.7191 3.5671 1.2833 2.4908
210 105.0 3.4146 56.2510 3.4146 0.8600 2.8138
220 110.0 3.3975 62.1114 3.3975 1.2316 2.7148
230 115.0 3.4994 31.3888 3.4994 0.8698 2.6848
240 120.0 3.3286 88.7904 3.3286 1.1801 2.9378
250 125.0 3.4291 51.5033 3.4291 0.9415 2.4076
260 130.0 3.5346 23.1895 3.5346 1.0582 2.4472
270 135.0 3.4432 47.0491 3.4432 0.9779 2.7264
280 140.0 3.4260 52.4802 3.4260 1.0609 2.4094
290 145.0 3.5360 22.8889 3.5360 0.9509 2.6207
300 150.0 3.4564 43.0867 3.4564 1.0966 2.7812
310 155.0 3.5904 12.7350 3.5904 0.9636 2.6147
320 160.0 3.5962 11.8198 3.5962 1.0059 2.5843
330 165.0 3.5998 11.2797 3.5998 1.0075 2.6535
340 170.0 3.5279 24.6612 3.5279 0.9378 2.5817
350 175.0 3.5970 11.7029 3.5970 1.0778 2.6909
360 180.0 3.5256 25.1709 3.5256 0.9683 2.7770
370 185.0 3.5856 13.5060 3.5856 1.0681 2.6223
380 190.0 3.5327 23.6141 3.5327 0.9136 2.7486
390 195.0 3.5254 25.2138 3.5254 1.0771 2.5607
400 200.0 3.5313 23.9080 3.5313 0.9390 2.7353
410 205.0 3.5324 23.6670 3.5324 1.0671 2.6751
420 210.0 3.4780 36.9950 3.4780 0.9560 2.4941
430 215.0 3.4734 38.2504 3.4734 1.0797 2.6529
440 220.0 3.5284 24.5631 3.5284 0.9329 2.4665
450 225.0 3.5435 21.3182 3.5435 1.1503 2.5240
460 230.0 3.5418 21.6737 3.5418 0.9142 2.4515
470 235.0 3.5277 24.7138 3.5277 1.0975 2.5047
480 240.0 3.5689 16.3896 3.5689 0.9682 2.3430
490 245.0 3.5563 18.7552 3.5563 1.0530 2.3665
500 250.0 3.5166 27.2311 3.5166 0.9437 2.3453
510 255.0 3.5356 22.9937 3.5356 1.0482 2.3049
520 260.0 3.4739 38.1099 3.4739 0.9863 2.3679
530 265.0 3.4961 32.2246 3.4961 1.0307 2.2421
540 270.0 3.4894 33.9510 3.4894 0.9765 2.3235
550 275.0 3.5097 28.8608 3.5097 1.0335 2.2555
560 280.0 3.4811 36.1468 3.4811 0.9965 2.3192
570 285.0 3.4435 46.9816 3.4435 0.9856 2.3998
580 290.0 3.4462 46.1544 3.4462 1.0092 2.2889
590 295.0 3.4627 41.2775 3.4627 0.9885 2.4143
600 300.0 3.5275 24.7455 3.5275 1.0229 2.3193
610 305.0 3.5299 24.2132 3.5299 0.9799 2.4220
620 310.0 3.5631 17.4603 3.5631 1.0209 2.4006
630 315.0 3.5667 16.7908 3.5667 0.9714 2.4196
640 320.0 3.5723 15.7912 3.5723 1.0286 2.4875
650 325.0 3.5770 14.9646 3.5770 1.0171 2.4997
660 330.0 3.5644 17.2330 3.5644 0.9883 2.5252
670 335.0 3.5801 14.4303 3.5801 1.0240 2.4896
680 340.0 3.5824 14.0421 3.5824 0.9869 2.4992
690 345.0 3.5753 15.2686 3.5753 1.0062 2.4857
700 350.0 3.5652 17.0731 3.5652 1.0047 2.4193
710 355.0 3.5319 23.7878 3.5319 0.9959 2.4735
720 360.0 3.5523 19.5334 3.5523 1.0040 2.3574
730 365.0 3.5207 26.2977 3.5207 1.0007 2.4475
740 370.0 3.5259 25.1042 3.5259 1.0013 2.2774
750 375.0 3.5192 26.6440 3.5192 0.9584 2.4066
760 380.0 3.5314 23.8939 3.5314 1.0463 2.3388
770 385.0 3.5482 20.3654 3.5482 0.9317 2.3600
780 390.0 3.5627 17.5339 3.5627 1.1001 2.4287
790 395.0 3.5501 19.9736 3.5501 0.9657 2.4344
800 400.0 3.5539 19.2232 3.5539 1.0582 2.3939
810 405.0 3.5169 27.1687 3.5169 1.0065 2.4881
820 410.0 3.5423 21.5629 3.5423 1.0222 2.3448
830 415.0 3.5436 21.3042 3.5436 0.9728 2.4371
840 420.0 3.5825 14.0261 3.5825 1.0353 2.3731
850 425.0 3.5897 12.8484 3.5897 0.9684 2.3364
860 430.0 3.5606 17.9399 3.5606 1.0183 2.4131
870 435.0 3.5519 19.6190 3.5519 0.9884 2.4145
880 440.0 3.5745 15.3974 3.5745 0.9803 2.3028
890 445.0 3.5652 17.0781 3.5652 1.0027 2.3542
900 450.0 3.5626 17.5584 3.5626 0.9765 2.3062
910 455.0 3.5350 23.1036 3.5350 1.0016 2.2186
920 460.0 3.5666 16.8187 3.5666 0.9548 2.3085
930 465.0 3.5899 12.8158 3.5899 1.0020 2.2765
940 470.0 3.6172 8.8234 3.6172 0.9595 2.3125
950 475.0 3.6209 8.3271 3.6209 0.9843 2.3191
960 480.0 3.6008 11.1313 3.6008 0.9925 2.2604
970 485.0 3.6294 7.2701 3.6294 0.9577 2.3505
980 490.0 3.6277 7.4813 3.6277 1.0093 2.3371
990 495.0 3.6124 9.4654 3.6124 0.9665 2.3649
1000 500.0 3.6027 10.8546 3.6027 1.0196 2.3703
1010 505.0 3.5571 18.6067 3.5571 0.9763 2.3283
1020 510.0 3.5316 23.8448 3.5316 1.0036 2.3839
1030 515.0 3.5483 20.3432 3.5483 0.9814 2.3036
1040 520.0 3.5619 17.6870 3.5619 1.0171 2.3152
1050 525.0 3.5434 21.3449 3.5434 0.9779 2.3184
1060 530.0 3.5512 19.7560 3.5512 1.0026 2.2641
1070 535.0 3.5484 20.3276 3.5484 0.9679 2.2465
1080 540.0 3.5659 16.9536 3.5659 1.0155 2.2516
1090 545.0 3.5589 18.2659 3.5589 0.9610 2.2442
1100 550.0 3.5682 16.5328 3.5682 1.0177 2.2988
1110 555.0 3.5661 16.9076 3.5661 0.9555 2.2632
1120 560.0 3.5828 13.9805 3.5828 1.0110 2.3546
1130 565.0 3.5884 13.0639 3.5884 0.9485 2.3996
1140 570.0 3.5814 14.2194 3.5814 0.9967 2.3572
1150 575.0 3.5972 11.6788 3.5972 0.9647 2.4303
1160 580.0 3.5969 11.7222 3.5969 0.9775 2.4521
1170 585.0 3.5895 12.8751 3.5895 1.0000 2.3925
1180 590.0 3.5943 12.1274 3.5943 0.9560 2.4643
1190 595.0 3.5999 11.2672 3.5999 1.0193 2.3931
1200 600.0 3.6057 10.4168 3.6057 0.9344 2.4190
1210 605.0 3.6176 8.7696 3.6176 1.0458 2.3979
1220 610.0 3.6046 10.5654 3.6046 0.9646 2.3924
1230 615.0 3.6071 10.2049 3.6071 0.9868 2.3521
1240 620.0 3.6030 10.8073 3.6030 1.0223 2.3409
1250 625.0 3.5953 11.9721 3.5953 0.9671 2.3008
1260 630.0 3.5899 12.8181 3.5899 1.0131 2.2945
1270 635.0 3.5672 16.7039 3.5672 0.9906 2.3029
1280 640.0 3.5802 14.4224 3.5802 0.9770 2.2427
1290 645.0 3.5754 15.2470 3.5754 1.0255 2.2824
1300 650.0 3.5662 16.8995 3.5662 0.9689 2.2548
1310 655.0 3.5700 16.2025 3.5700 0.9931 2.2060
1320 660.0 3.5747 15.3585 3.5747 1.0025 2.2917
1330 665.0 3.5855 13.5269 3.5855 0.9753 2.2364
1340 670.0 3.5692 16.3366 3.5692 1.0005 2.2234
1350 675.0 3.5362 22.8547 3.5362 0.9907 2.3197
1360 680.0 3.5471 20.5796 3.5471 0.9865 2.2443
1370 685.0 3.5577 18.4870 3.5577 0.9913 2.3338
1380 690.0 3.5641 17.2737 3.5641 0.9966 2.3288
1390 695.0 3.5652 17.0691 3.5652 1.0046 2.3029
1400 700.0 3.5493 20.1479 3.5493 0.9854 2.3602
1410 705.0 3.5546 19.0875 3.5546 1.0006 2.2643
1420 710.0 3.5450 21.0163 3.5450 0.9852 2.3504
1430 715.0 3.5626 17.5562 3.5626 0.9969 2.2250
1440 720.0 3.5492 20.1642 3.5492 0.9959 2.3130
1450 725.0 3.5586 18.3232 3.5586 0.9835 2.2824
1460 730.0 3.5620 17.6808 3.5620 1.0221 2.2610
1470 735.0 3.5715 15.9364 3.5715 0.9652 2.3374
1480 740.0 3.5880 13.1246 3.5880 1.0381 2.2592
1490 745.0 3.5973 11.6595 3.5973 0.9394 2.3312
1500 750.0 3.5805 14.3705 3.5805 1.0471 2.3496
1510 755.0 3.5825 14.0326 3.5825 0.9307 2.3294
1520 760.0 3.5651 17.0926 3.5651 1.0591 2.4207
1530 765.0 3.5460 20.8135 3.5460 0.9465 2.3716
1540 770.0 3.5475 20.5028 3.5475 1.0209 2.4491
1550 775.0 3.5508 19.8327 3.5508 1.0190 2.4503
1560 780.0 3.5249 25.3403 3.5249 0.9489 2.4086
1570 785.0 3.5383 22.4037 3.5383 1.0795 2.4440
1580 790.0 3.5168 27.2005 3.5168 0.9209 2.4363
1590 795.0 3.5431 21.4042 3.5431 1.0820 2.4147
1600 800.0 3.5124 28.2334 3.5124 0.9563 2.4179
1610 805.0 3.4965 32.1247 3.4965 1.0075 2.3146
1620 810.0 3.4872 34.5276 3.4872 1.0125 2.4172
1630 815.0 3.5171 27.1176 3.5171 0.9919 2.2923
1640 820.0 3.5344 23.2485 3.5344 1.0289 2.3919
1650 825.0 3.5385 22.3667 3.5385 0.9734 2.3673
1660 830.0 3.5467 20.6634 3.5467 1.0337 2.2731
1670 835.0 3.5234 25.6799 3.5234 0.9633 2.4184
1680 840.0 3.5444 21.1424 3.5444 1.0572 2.3481
1690 845.0 3.5263 25.0164 3.5263 0.9330 2.4319
1700 850.0 3.5667 16.7921 3.5667 1.0602 2.3161
1710 855.0 3.5228 25.8094 3.5228 0.9324 2.4415
1720 860.0 3.5531 19.3825 3.5531 1.0848 2.2978
1730 865.0 3.4907 33.6278 3.4907 0.9416 2.4515
1740 870.0 3.4932 32.9720 3.4932 1.0957 2.3012
1750 875.0 3.5084 29.1939 3.5084 0.9307 2.4110
1760 880.0 3.6027 10.8539 3.6027 1.1146 2.3360
1770 885.0 3.5524 19.5209 3.5524 0.9415 2.4204
1780 890.0 3.5853 13.5611 3.5853 1.0487 2.3348
1790 895.0 3.5701 16.1738 3.5701 0.9896 2.4431
1800 900.0 3.5786 14.6933 3.5786 1.0161 2.3982
1810 905.0 3.5889 12.9806 3.5889 1.0303 2.4506
1820 910.0 3.5641 17.2724 3.5641 1.0131 2.4698
1830 915.0 3.5035 30.3906 3.5035 1.0139 2.3956
1840 920.0 3.5256 25.1845 3.5256 0.9541 2.5128
1850 925.0 3.5785 14.7026 3.5785 1.0675 2.4534
1860 930.0 3.5461 20.7900 3.5461 0.9409 2.4857
1870 935.0 3.5698 16.2391 3.5698 1.0271 2.4380
1880 940.0 3.5869 13.3076 3.5869 0.9968 2.4320
1890 945.0 3.5824 14.0481 3.5824 0.9775 2.4097
1900 950.0 3.5775 14.8733 3.5775 1.0187 2.4626
1910 955.0 3.6082 10.0536 3.6082 0.9900 2.3425
1920 960.0 3.5562 18.7703 3.5562 0.9572 2.2358
1930 965.0 3.5731 15.6407 3.5731 1.0166 2.3217
1940 970.0 3.6179 8.7194 3.6179 0.9947 2.2356
1950 975.0 3.6081 10.0711 3.6081 0.9771 2.2173
1960 980.0 3.5819 14.1317 3.5819 1.0213 2.2506
1970 985.0 3.5796 14.5179 3.5796 0.9518 2.2046
1980 990.0 3.5809 14.2933 3.5809 1.0191 2.3042
1990 995.0 3.5622 17.6320 3.5622 0.9769 2.3436
2000 1000.0 3.5490 20.1984 3.5490 1.0010 2.2386
2010 1005.0 3.5458 20.8400 3.5458 0.9980 2.3695
2020 1010.0 3.5644 17.2223 3.5644 0.9952 2.2899
2030 1015.0 3.5697 16.2567 3.5697 0.9978 2.3022
2040 1020.0 3.5659 16.9549 3.5659 0.9950 2.3578
2050 1025.0 3.5655 17.0198 3.5655 0.9957 2.2813
2060 1030.0 3.5705 16.1154 3.5705 0.9748 2.3501
2070 1035.0 3.5817 14.1630 3.5817 1.0436 2.3173
2080 1040.0 3.5554 18.9349 3.5554 0.9442 2.3237
2090 1045.0 3.5668 16.7903 3.5668 1.0558 2.2704
2100 1050.0 3.5467 20.6643 3.5467 0.9506 2.3042
2110 1055.0 3.5661 16.9080 3.5661 1.0307 2.2588
2120 1060.0 3.5533 19.3392 3.5533 0.9793 2.3112
2130 1065.0 3.5564 18.7380 3.5564 1.0047 2.2888
2140 1070.0 3.5666 16.8221 3.5666 1.0029 2.3348
2150 1075.0 3.5753 15.2599 3.5753 0.9901 2.2755
2160 1080.0 3.5898 12.8248 3.5898 1.0023 2.3027
2170 1085.0 3.5722 15.8069 3.5722 0.9992 2.4163
2180 1090.0 3.5832 13.9128 3.5832 1.0109 2.3212
2190 1095.0 3.5778 14.8265 3.5778 0.9651 2.4380
2200 1100.0 3.6011 11.0810 3.6011 1.0473 2.3829
2210 1105.0 3.5984 11.4860 3.5984 0.9413 2.4544
2220 1110.0 3.6193 8.5390 3.6193 1.0489 2.4053
2230 1115.0 3.6108 9.6951 3.6108 0.9570 2.4197
2240 1120.0 3.6132 9.3589 3.6132 0.9951 2.4217
2250 1125.0 3.5970 11.7114 3.5970 1.0089 2.4444
2260 1130.0 3.5966 11.7699 3.5966 0.9795 2.3669
2270 1135.0 3.6045 10.5818 3.6045 1.0269 2.4047
2280 1140.0 3.5961 11.8481 3.5961 1.0096 2.4008
2290 1145.0 3.5833 13.8910 3.5833 1.0097 2.2901
2300 1150.0 3.5648 17.1455 3.5648 0.9805 2.4182
2310 1155.0 3.6045 10.5862 3.6045 1.0256 2.3475
2320 1160.0 3.5843 13.7320 3.5843 0.9467 2.3228
2330 1165.0 3.5715 15.9247 3.5715 1.0638 2.4141
2340 1170.0 3.5650 17.1180 3.5650 0.9250 2.4055
2350 1175.0 3.5367 22.7457 3.5367 1.0417 2.2650
2360 1180.0 3.5291 24.3994 3.5291 0.9670 2.4194
2370 1185.0 3.5589 18.2553 3.5589 1.0344 2.3129
2380 1190.0 3.5285 24.5376 3.5285 0.9649 2.2141
2390 1195.0 3.5161 27.3513 3.5161 1.0321 2.3130
2400 1200.0 3.5179 26.9268 3.5179 0.9534 2.1875
2410 1205.0 3.5197 26.5082 3.5197 1.0319 2.2789
2420 1210.0 3.4949 32.5448 3.4949 0.9875 2.3036
2430 1215.0 3.4816 36.0174 3.4816 0.9960 2.0969
2440 1220.0 3.5125 28.2009 3.5125 0.9909 2.2593
2450 1225.0 3.5312 23.9320 3.5312 1.0273 2.2659
2460 1230.0 3.5220 25.9953 3.5220 0.9866 2.2258
2470 1235.0 3.5206 26.3160 3.5206 0.9836 2.2989
2480 1240.0 3.5157 27.4467 3.5157 1.0394 2.2837
2490 1245.0 3.5105 28.6774 3.5105 0.9524 2.1585
2500 1250.0 3.5342 23.2781 3.5342 1.0230 2.2545
2510 1255.0 3.4761 37.5139 3.4761 1.0188 2.3526
2520 1260.0 3.5085 29.1522 3.5085 1.0132 2.1871
2530 1265.0 3.5266 24.9619 3.5266 0.9593 2.3221
2540 1270.0 3.5507 19.8555 3.5507 1.0489 2.3001
2550 1275.0 3.5491 20.1787 3.5491 0.9601 2.2631
2560 1280.0 3.5418 21.6686 3.5418 1.0214 2.3603
2570 1285.0 3.5622 17.6271 3.5622 0.9740 2.3103
2580 1290.0 3.5467 20.6683 3.5467 0.9820 2.2085
2590 1295.0 3.5293 24.3460 3.5293 1.0080 2.3348
2600 1300.0 3.5619 17.6963 3.5619 0.9847 2.1993
2610 1305.0 3.5511 19.7711 3.5511 1.0200 2.2699
2620 1310.0 3.5638 17.3343 3.5638 0.9892 2.2552
2630 1315.0 3.5777 14.8463 3.5777 0.9997 2.2377
2640 1320.0 3.5198 26.4977 3.5198 1.0053 2.4065
2650 1325.0 3.5556 18.8912 3.5556 1.0215 2.2793
2660 1330.0 3.5745 15.3919 3.5745 0.9418 2.4286
2670 1335.0 3.5806 14.3540 3.5806 1.0891 2.4509
2680 1340.0 3.5758 15.1696 3.5758 0.9343 2.4914
2690 1345.0 3.5779 14.8113 3.5779 1.0978 2.4520
2700 1350.0 3.5148 27.6671 3.5148 0.9644 2.5858
2710 1355.0 3.5587 18.2966 3.5587 1.0451 2.4089
2720 1360.0 3.5587 18.3055 3.5587 0.9557 2.5116
2730 1365.0 3.5784 14.7265 3.5784 1.0772 2.4390
2740 1370.0 3.5722 15.8149 3.5722 0.9605 2.4052
2750 1375.0 3.5759 15.1634 3.5759 1.0169 2.3742
2760 1380.0 3.5287 24.4968 3.5287 1.0030 2.4269
2770 1385.0 3.5660 16.9351 3.5660 1.0147 2.2781
2780 1390.0 3.5629 17.4995 3.5629 0.9887 2.2690
2790 1395.0 3.5482 20.3526 3.5482 1.0023 2.3122
2800 1400.0 3.5599 18.0646 3.5599 1.0214 2.2337
2810 1405.0 3.5515 19.6987 3.5515 0.9612 2.2517
2820 1410.0 3.5613 17.8004 3.5613 1.0487 2.2551
2830 1415.0 3.5490 20.2075 3.5490 0.9507 2.2404
2840 1420.0 3.5634 17.4083 3.5634 1.0426 2.2400
2850 1425.0 3.5232 25.7079 3.5232 0.9716 2.3478
2860 1430.0 3.5581 18.4075 3.5581 1.0470 2.2185
2870 1435.0 3.5550 19.0031 3.5550 0.9443 2.2995
2880 1440.0 3.5725 15.7502 3.5725 1.0532 2.2975
2890 1445.0 3.5511 19.7859 3.5511 0.9731 2.3716
2900 1450.0 3.5619 17.6960 3.5619 1.0225 2.3534
2910 1455.0 3.5647 17.1657 3.5647 0.9963 2.3048
2920 1460.0 3.5635 17.3827 3.5635 0.9509 2.3226
2930 1465.0 3.5614 17.7837 3.5614 1.0439 2.2669
2940 1470.0 3.5412 21.8045 3.5412 0.9519 2.2982
2950 1475.0 3.5334 23.4599 3.5334 1.0249 2.3169
2960 1480.0 3.5046 30.1155 3.5046 1.0351 2.3634
2970 1485.0 3.5353 23.0481 3.5353 0.9810 2.3052
2980 1490.0 3.5165 27.2551 3.5165 1.0039 2.2470
2990 1495.0 3.5368 22.7273 3.5368 1.0067 2.3854
3000 1500.0 3.5803 14.4065 3.5803 1.0439 2.3599
3010 1505.0 3.6024 10.8867 3.6024 0.9929 2.2926
3020 1510.0 3.5562 18.7730 3.5562 0.9783 2.3494
3030 1515.0 3.5498 20.0440 3.5498 1.0298 2.2647
3040 1520.0 3.5841 13.7612 3.5841 0.9710 2.3159
3050 1525.0 3.5982 11.5180 3.5982 1.0551 2.2815
3060 1530.0 3.5377 22.5455 3.5377 0.9620 2.2794
3070 1535.0 3.5272 24.8248 3.5272 0.9842 2.3685
3080 1540.0 3.5960 11.8613 3.5960 1.0108 2.2770
3090 1545.0 3.5518 19.6319 3.5518 0.9954 2.3779
3100 1550.0 3.5622 17.6428 3.5622 1.0102 2.3650
3110 1555.0 3.5637 17.3456 3.5637 0.9563 2.3327
3120 1560.0 3.5781 14.7719 3.5781 1.0358 2.3765
3130 1565.0 3.5758 15.1795 3.5758 0.9790 2.3921
3140 1570.0 3.5937 12.2153 3.5937 1.0323 2.4052
3150 1575.0 3.5820 14.1180 3.5820 0.9871 2.4274
3160 1580.0 3.5807 14.3239 3.5807 1.0082 2.3534
3170 1585.0 3.5968 11.7350 3.5968 0.9737 2.4631
3180 1590.0 3.5934 12.2647 3.5934 1.0581 2.4951
3190 1595.0 3.6044 10.6045 3.6044 0.9895 2.4499
3200 1600.0 3.5808 14.3097 3.5808 0.9820 2.4078
3210 1605.0 3.6178 8.7425 3.6178 1.0358 2.4245
3220 1610.0 3.6242 7.9079 3.6242 0.9620 2.4159
3230 1615.0 3.6216 8.2389 3.6216 1.0702 2.4089
3240 1620.0 3.5944 12.1038 3.5944 0.9613 2.4391
3250 1625.0 3.5896 12.8570 3.5896 1.0361 2.3230
3260 1630.0 3.5816 14.1804 3.5816 0.9685 2.4355
3270 1635.0 3.6034 10.7416 3.6034 1.0393 2.3892
3280 1640.0 3.5921 12.4676 3.5921 0.9821 2.3508
3290 1645.0 3.5909 12.6615 3.5909 1.0348 2.3526
3300 1650.0 3.5586 18.3200 3.5586 0.9909 2.3686
3310 1655.0 3.5598 18.0827 3.5598 1.0131 2.3217
3320 1660.0 3.5480 20.4034 3.5480 0.9990 2.4344
3330 1665.0 3.5880 13.1273 3.5880 1.0021 2.3599
3340 1670.0 3.5983 11.5098 3.5983 0.9776 2.4227
3350 1675.0 3.6105 9.7280 3.6105 1.0211 2.4072
3360 1680.0 3.5931 12.3058 3.5931 0.9585 2.4086
3370 1685.0 3.6018 10.9819 3.6018 1.0378 2.4119
3380 1690.0 3.6088 9.9691 3.6088 0.9643 2.3922
3390 1695.0 3.5789 14.6391 3.5789 1.0285 2.4210
3400 1700.0 3.5607 17.9122 3.5607 0.9595 2.4032
3410 1705.0 3.5289 24.4447 3.5289 1.0101 2.4097
3420 1710.0 3.5279 24.6670 3.5279 0.9561 2.3734
3430 1715.0 3.5390 22.2528 3.5390 1.0202 2.3471
3440 1720.0 3.5796 14.5225 3.5796 0.9820 2.2883
3450 1725.0 3.5869 13.2990 3.5869 1.0356 2.2867
3460 1730.0 3.5772 14.9225 3.5772 0.9781 2.2640
3470 1735.0 3.5701 16.1788 3.5701 0.9903 2.2515
3480 1740.0 3.5585 18.3273 3.5585 1.0200 2.2734
3490 1745.0 3.5481 20.3866 3.5481 0.9844 2.2250
3500 1750.0 3.5063 29.6840 3.5063 0.9918 2.3294
3510 1755.0 3.5550 19.0188 3.5550 0.9504 2.3112
3520 1760.0 3.5708 16.0479 3.5708 1.0251 2.3438
3530 1765.0 3.5458 20.8442 3.5458 0.9927 2.4288
3540 1770.0 3.5876 13.1833 3.5876 0.9700 2.3614
3550 1775.0 3.5869 13.3072 3.5869 1.0170 2.4694
3560 1780.0 3.6020 10.9466 3.6020 0.9800 2.4854
3570 1785.0 3.5969 11.7210 3.5969 0.9950 2.4952
3580 1790.0 3.5628 17.5246 3.5628 1.0048 2.5988
3590 1795.0 3.5472 20.5667 3.5472 1.0275 2.5943
3600 1800.0 3.5447 21.0741 3.5447 0.9654 2.5090
3610 1805.0 3.5534 19.3208 3.5534 0.9911 2.5034
3620 1810.0 3.5477 20.4540 3.5477 1.0220 2.5785
3630 1815.0 3.5583 18.3716 3.5583 1.0078 2.5729
3640 1820.0 3.5958 11.8822 3.5958 0.9924 2.4701
3650 1825.0 3.6081 10.0702 3.6081 0.9858 2.4674
3660 1830.0 3.5861 13.4256 3.5861 1.0145 2.5335
3670 1835.0 3.6058 10.3977 3.6058 0.9931 2.3928
3680 1840.0 3.6067 10.2679 3.6067 0.9837 2.3702
3690 1845.0 3.5361 22.8725 3.5361 1.0464 2.4639
3700 1850.0 3.5612 17.8297 3.5612 0.9672 2.2621
3710 1855.0 3.5927 12.3650 3.5927 0.9804 2.3203
3720 1860.0 3.5031 30.4761 3.5031 1.0071 2.4636
3730 1865.0 3.5645 17.2062 3.5645 0.9927 2.2467
3740 1870.0 3.5859 13.4678 3.5859 0.9616 2.2883
3750 1875.0 3.5669 16.7664 3.5669 1.0310 2.3524
3760 1880.0 3.5623 17.6118 3.5623 0.9597 2.2534
3770 1885.0 3.5802 14.4204 3.5802 1.0360 2.2837
3780 1890.0 3.5084 29.1853 3.5084 1.0081 2.3941
3790 1895.0 3.5308 24.0219 3.5308 1.0086 2.2465
3800 1900.0 3.5536 19.2944 3.5536 1.0063 2.3254
3810 1905.0 3.5538 19.2398 3.5538 1.0432 2.3771
3820 1910.0 3.5805 14.3662 3.5805 1.0143 2.3197
3830 1915.0 3.5749 15.3215 3.5749 0.9736 2.3522
3840 1920.0 3.5872 13.2505 3.5872 1.0616 2.3665
3850 1925.0 3.5829 13.9660 3.5829 0.9605 2.3665
3860 1930.0 3.5842 13.7416 3.5842 1.0542 2.3427
3870 1935.0 3.5411 21.8232 3.5411 0.9687 2.4495
3880 1940.0 3.5580 18.4256 3.5580 1.0332 2.3216
3890 1945.0 3.5278 24.6912 3.5278 0.9815 2.4402
3900 1950.0 3.5882 13.0927 3.5882 1.0368 2.3087
3910 1955.0 3.5665 16.8384 3.5665 0.9832 2.3687
3920 1960.0 3.5881 13.1038 3.5881 1.0201 2.2876
3930 1965.0 3.5706 16.0922 3.5706 0.9650 2.2546
3940 1970.0 3.5765 15.0547 3.5765 1.0584 2.2794
3950 1975.0 3.5439 21.2381 3.5439 0.9785 2.2958
3960 1980.0 3.5646 17.1912 3.5646 1.0431 2.2142
3970 1985.0 3.5307 24.0477 3.5307 0.9746 2.2249
3980 1990.0 3.5218 26.0419 3.5218 0.9895 2.2561
3990 1995.0 3.5687 16.4347 3.5687 1.0261 2.2174
4000 2000.0 3.5637 17.3543 3.5637 0.9857 2.2830
4010 2005.0 3.5765 15.0501 3.5765 1.0332 2.3239
4020 2010.0 3.5426 21.5102 3.5426 0.9707 2.2719
4030 2015.0 3.5671 16.7334 3.5671 1.0009 2.4413
4040 2020.0 3.5302 24.1565 3.5302 0.9934 2.5796
4050 2025.0 3.5437 21.2772 3.5437 1.0132 2.5496
4060 2030.0 3.5406 21.9245 3.5406 1.0165 2.5873
4070 2035.0 3.5333 23.4794 3.5333 1.0193 2.5087
4080 2040.0 3.5266 24.9445 3.5266 0.9771 2.5674
4090 2045.0 3.5435 21.3231 3.5435 1.0595 2.5687
4100 2050.0 3.5137 27.9112 3.5137 0.9811 2.5986
4110 2055.0 3.5424 21.5406 3.5424 1.0494 2.5308
4120 2060.0 3.5275 24.7589 3.5275 0.9792 2.5465
4130 2065.0 3.5478 20.4389 3.5478 1.0371 2.5323
4140 2070.0 3.5198 26.4970 3.5198 0.9811 2.5951
4150 2075.0 3.5454 20.9349 3.5454 1.0464 2.4905
4160 2080.0 3.5384 22.3911 3.5384 0.9619 2.4938
4170 2085.0 3.5617 17.7333 3.5617 1.0478 2.4486
4180 2090.0 3.5461 20.7811 3.5461 0.9662 2.4913
4190 2095.0 3.5508 19.8478 3.5508 1.0585 2.5009
4200 2100.0 3.5043 30.1901 3.5043 0.9446 2.4546
4210 2105.0 3.5444 21.1289 3.5444 1.0474 2.4776
4220 2110.0 3.5217 26.0678 3.5217 0.9685 2.5226
4230 2115.0 3.4776 37.0985 3.4776 1.0038 2.4570
4240 2120.0 3.4913 33.4615 3.4913 0.9961 2.5481
4250 2125.0 3.5077 29.3655 3.5077 1.0027 2.4447
4260 2130.0 3.5158 27.4347 3.5158 1.0027 2.5487
4270 2135.0 3.5376 22.5523 3.5376 1.0178 2.4819
4280 2140.0 3.4833 35.5639 3.4833 1.0173 2.5806
4290 2145.0 3.4601 42.0167 3.4601 0.9728 2.5092
4300 2150.0 3.5207 26.2989 3.5207 1.0169 2.5370
4310 2155.0 3.5593 18.1863 3.5593 1.0256 2.4417
4320 2160.0 3.5386 22.3429 3.5386 0.9776 2.5000
4330 2165.0 3.5396 22.1237 3.5396 0.9971 2.4388
4340 2170.0 3.5013 30.9186 3.5013 0.9776 2.4053
4350 2175.0 3.4814 36.0671 3.4814 1.0011 2.5740
4360 2180.0 3.5281 24.6129 3.5281 1.0051 2.4801
4370 2185.0 3.5401 22.0368 3.5401 1.0533 2.4636
4380 2190.0 3.4880 34.3110 3.4880 0.9509 2.5048
4390 2195.0 3.5200 26.4484 3.5200 1.0203 2.5026
4400 2200.0 3.5706 16.0861 3.5706 1.0072 2.5000
4410 2205.0 3.5902 12.7613 3.5902 1.0140 2.5157
4420 2210.0 3.6078 10.1165 3.6078 1.0217 2.4641
4430 2215.0 3.5948 12.0477 3.5948 0.9759 2.5318
4440 2220.0 3.5945 12.0951 3.5945 1.0121 2.5081
4450 2225.0 3.6232 8.0362 3.6232 0.9937 2.4801
4460 2230.0 3.5843 13.7212 3.5843 1.0628 2.4897
4470 2235.0 3.5744 15.4164 3.5744 0.9286 2.3694
4480 2240.0 3.5574 18.5562 3.5574 1.0267 2.4319
4490 2245.0 3.5640 17.3003 3.5640 0.9741 2.3832
4500 2250.0 3.5566 18.6976 3.5566 0.9618 2.3100
4510 2255.0 3.5702 16.1688 3.5702 1.0497 2.3687
4520 2260.0 3.5815 14.1982 3.5815 0.9995 2.3179
4530 2265.0 3.5656 17.0056 3.5656 1.0005 2.2606
4540 2270.0 3.5374 22.5930 3.5374 1.0011 2.3411
4550 2275.0 3.5527 19.4665 3.5527 1.0112 2.2637
4560 2280.0 3.5380 22.4822 3.5380 0.9847 2.2952
4570 2285.0 3.5343 23.2696 3.5343 1.0243 2.3312
4580 2290.0 3.5284 24.5585 3.5284 0.9722 2.2818
4590 2295.0 3.5276 24.7213 3.5276 0.9814 2.2984
4600 2300.0 3.5383 22.4019 3.5383 1.0334 2.3342
4610 2305.0 3.5313 23.9109 3.5313 0.9688 2.3354
4620 2310.0 3.5320 23.7561 3.5320 1.0068 2.3439
4630 2315.0 3.5364 22.8179 3.5364 0.9945 2.3046
4640 2320.0 3.5299 24.2176 3.5299 0.9806 2.3574
4650 2325.0 3.5313 23.9046 3.5313 1.0377 2.3192
4660 2330.0 3.5275 24.7569 3.5275 0.9789 2.3259
4670 2335.0 3.5293 24.3560 3.5293 1.0213 2.3096
4680 2340.0 3.5272 24.8147 3.5272 0.9910 2.3274
4690 2345.0 3.5178 26.9556 3.5178 1.0171 2.3763
4700 2350.0 3.5229 25.7931 3.5229 0.9956 2.3267
4710 2355.0 3.5095 28.9317 3.5095 1.0016 2.3424
4720 2360.0 3.5124 28.2196 3.5124 1.0255 2.3605
4730 2365.0 3.5160 27.3702 3.5160 0.9744 2.3568
4740 2370.0 3.5101 28.7732 3.5101 1.0272 2.4159
4750 2375.0 3.5276 24.7279 3.5276 1.0001 2.3859
4760 2380.0 3.5425 21.5220 3.5425 1.0020 2.3954
4770 2385.0 3.5339 23.3546 3.5339 1.0110 2.4054
4780 2390.0 3.5393 22.2032 3.5393 0.9788 2.3367
4790 2395.0 3.5364 22.8212 3.5364 1.0229 2.4130
4800 2400.0 3.5711 16.0104 3.5711 0.9780 2.3362
4810 2405.0 3.5740 15.4910 3.5740 1.0014 2.3260
4820 2410.0 3.5334 23.4630 3.5334 1.0331 2.4088
4830 2415.0 3.5748 15.3393 3.5748 0.9835 2.2763
4840 2420.0 3.5853 13.5589 3.5853 0.9788 2.2984
4850 2425.0 3.5422 21.5836 3.5422 1.0500 2.4344
4860 2430.0 3.5941 12.1450 3.5941 1.0112 2.3692
4870 2435.0 3.5979 11.5687 3.5979 0.9886 2.3740
4880 2440.0 3.5601 18.0364 3.5601 1.0429 2.4633
4890 2445.0 3.5957 11.9040 3.5957 0.9924 2.4045
4900 2450.0 3.5729 15.6849 3.5729 1.0240 2.4484
4910 2455.0 3.5690 16.3811 3.5690 0.9926 2.4720
4920 2460.0 3.5879 13.1368 3.5879 1.0085 2.3782
4930 2465.0 3.5794 14.5590 3.5794 0.9948 2.4657
4940 2470.0 3.5586 18.3169 3.5586 1.0187 2.4960
4950 2475.0 3.5445 21.1185 3.5445 1.0032 2.4205
4960 2480.0 3.5325 23.6516 3.5325 1.0205 2.4653
4970 2485.0 3.5277 24.7062 3.5277 0.9921 2.4676
4980 2490.0 3.5479 20.4254 3.5479 1.0170 2.4463
4990 2495.0 3.5519 19.6310 3.5519 1.0247 2.4806
5000 2500.0 3.5604 17.9767 3.5604 1.0007 2.4389
5010 2505.0 3.5750 15.3163 3.5750 1.0415 2.4711
5020 2510.0 3.5666 16.8088 3.5666 0.9789 2.4823
5030 2515.0 3.5863 13.4034 3.5863 1.0270 2.4720
5040 2520.0 3.5929 12.3403 3.5929 0.9902 2.4610
5050 2525.0 3.5975 11.6285 3.5975 1.0204 2.4614
5060 2530.0 3.5966 11.7703 3.5966 0.9779 2.4490
5070 2535.0 3.5917 12.5238 3.5917 1.0180 2.4376
5080 2540.0 3.5836 13.8500 3.5836 0.9671 2.4257
5090 2545.0 3.6001 11.2361 3.6001 1.0304 2.4002
5100 2550.0 3.5956 11.9192 3.5956 0.9741 2.3912
5110 2555.0 3.5980 11.5481 3.5980 0.9954 2.4028
5120 2560.0 3.5973 11.6605 3.5973 0.9833 2.3768
5130 2565.0 3.6105 9.7357 3.6105 1.0095 2.3836
5140 2570.0 3.5840 13.7698 3.5840 0.9731 2.4524
5150 2575.0 3.6253 7.7797 3.6253 1.0408 2.3975
5160 2580.0 3.5723 15.7907 3.5723 0.9576 2.4503
5170 2585.0 3.5689 16.3924 3.5689 1.0273 2.4590
5180 2590.0 3.5604 17.9753 3.5604 1.0062 2.4456
5190 2595.0 3.5253 25.2557 3.5253 1.0088 2.5218
5200 2600.0 3.5867 13.3361 3.5867 1.0325 2.4609
5210 2605.0 3.5586 18.3205 3.5586 0.9458 2.4352
5220 2610.0 3.6073 10.1789 3.6073 1.0825 2.4465
5230 2615.0 3.5823 14.0539 3.5823 0.9257 2.4330
5240 2620.0 3.6150 9.1079 3.6150 1.1083 2.3948
5250 2625.0 3.5663 16.8795 3.5663 0.9552 2.4621
5260 2630.0 3.5475 20.4993 3.5475 1.0494 2.3204
5270 2635.0 3.5243 25.4601 3.5243 0.9719 2.4937
5280 2640.0 3.6115 9.5926 3.6115 1.0612 2.4005
5290 2645.0 3.5986 11.4674 3.5986 0.9577 2.3718
5300 2650.0 3.6116 9.5817 3.6116 1.0557 2.3646
5310 2655.0 3.5866 13.3429 3.5866 0.9714 2.4163
5320 2660.0 3.5563 18.7551 3.5563 1.0120 2.3641
5330 2665.0 3.5476 20.4813 3.5476 0.9985 2.4841
5340 2670.0 3.6010 11.0934 3.6010 1.0521 2.3883
5350 2675.0 3.5629 17.4982 3.5629 0.9373 2.3825
5360 2680.0 3.5482 20.3685 3.5482 1.0469 2.4478
5370 2685.0 3.5489 20.2197 3.5489 0.9785 2.4854
5380 2690.0 3.5808 14.3107 3.5808 1.0197 2.4740
5390 2695.0 3.5705 16.1054 3.5705 1.0231 2.5136
5400 2700.0 3.5854 13.5408 3.5854 0.9836 2.4091
5410 2705.0 3.6232 8.0455 3.6232 1.0201 2.5090
5420 2710.0 3.6273 7.5234 3.6273 1.0051 2.4977
5430 2715.0 3.6259 7.6981 3.6259 1.0107 2.4856
5440 2720.0 3.5992 11.3733 3.5992 1.0452 2.5377
5450 2725.0 3.5763 15.0863 3.5763 0.9848 2.4524
5460 2730.0 3.5603 17.9999 3.5603 1.0254 2.5352
5470 2735.0 3.5799 14.4637 3.5799 1.0391 2.5217
5480 2740.0 3.5853 13.5599 3.5853 0.9826 2.4974
5490 2745.0 3.6058 10.3990 3.6058 1.0434 2.4953
5500 2750.0 3.5839 13.7935 3.5839 0.9673 2.5186
5510 2755.0 3.5801 14.4414 3.5801 1.0186 2.5156
5520 2760.0 3.5708 16.0518 3.5708 0.9627 2.5831
5530 2765.0 3.5864 13.3764 3.5864 0.9877 2.5465
5540 2770.0 3.5877 13.1687 3.5877 0.9650 2.5589
5550 2775.0 3.5871 13.2606 3.5871 1.0094 2.6103
5560 2780.0 3.5696 16.2741 3.5696 0.9782 2.5519
5570 2785.0 3.5614 17.7791 3.5614 1.0404 2.6172
5580 2790.0 3.5434 21.3362 3.5434 0.9839 2.5524
5590 2795.0 3.5542 19.1620 3.5542 1.0348 2.5829
5600 2800.0 3.5522 19.5635 3.5522 1.0008 2.5251
5610 2805.0 3.5644 17.2293 3.5644 1.0174 2.5464
5620 2810.0 3.5719 15.8612 3.5719 0.9850 2.4809
5630 2815.0 3.5706 16.0960 3.5706 1.0068 2.5087
5640 2820.0 3.5811 14.2702 3.5811 0.9965 2.4489
5650 2825.0 3.5719 15.8637 3.5719 0.9933 2.4717
5660 2830.0 3.5908 12.6673 3.5908 1.0276 2.4043
5670 2835.0 3.5908 12.6772 3.5908 0.9656 2.4096
5680 2840.0 3.5907 12.6815 3.5907 1.0298 2.4155
5690 2845.0 3.5782 14.7506 3.5782 0.9864 2.4158
5700 2850.0 3.5663 16.8707 3.5663 1.0249 2.4723
5710 2855.0 3.5795 14.5350 3.5795 0.9855 2.4466
5720 2860.0 3.5763 15.0850 3.5763 1.0297 2.4634
5730 2865.0 3.5594 18.1591 3.5594 0.9558 2.4894
5740 2870.0 3.5865 13.3695 3.5865 1.0469 2.4532
5750 2875.0 3.5595 18.1365 3.5595 0.9545 2.5215
5760 2880.0 3.5715 15.9318 3.5715 1.0516 2.5148
5770 2885.0 3.5452 20.9642 3.5452 0.9475 2.5082
5780 2890.0 3.5571 18.5984 3.5571 1.0355 2.4395
5790 2895.0 3.5411 21.8213 3.5411 0.9641 2.4720
5800 2900.0 3.5577 18.4915 3.5577 1.0403 2.4447
5810 2905.0 3.5508 19.8420 3.5508 0.9720 2.4043
5820 2910.0 3.5614 17.7858 3.5614 1.0290 2.3640
5830 2915.0 3.5458 20.8571 3.5458 0.9611 2.3373
5840 2920.0 3.5382 22.4386 3.5382 1.0312 2.3466
5850 2925.0 3.5366 22.7715 3.5366 0.9380 2.3429
5860 2930.0 3.5593 18.1806 3.5593 1.0308 2.3281
5870 2935.0 3.5618 17.7064 3.5618 0.9560 2.3370
5880 2940.0 3.5700 16.1924 3.5700 1.0510 2.3540
5890 2945.0 3.5543 19.1448 3.5543 0.9681 2.3744
5900 2950.0 3.5510 19.8054 3.5510 1.0469 2.3648
5910 2955.0 3.5330 23.5342 3.5330 0.9663 2.3950
5920 2960.0 3.5691 16.3631 3.5691 1.0616 2.3889
5930 2965.0 3.5644 17.2314 3.5644 0.9896 2.4039
5940 2970.0 3.5665 16.8320 3.5665 1.0197 2.4017
5950 2975.0 3.5590 18.2426 3.5590 1.0078 2.4051
5960 2980.0 3.5541 19.1926 3.5541 1.0028 2.4119
5970 2985.0 3.5476 20.4929 3.5476 1.0232 2.4620
5980 2990.0 3.5336 23.4076 3.5336 1.0052 2.5209
5990 2995.0 3.5415 21.7458 3.5415 1.0206 2.4962
6000 3000.0 3.5356 22.9943 3.5356 0.9789 2.4749
6010 3005.0 3.5440 21.2278 3.5440 1.0185 2.4927
6020 3010.0 3.5306 24.0578 3.5306 0.9792 2.5457
6030 3015.0 3.5358 22.9502 3.5358 1.0512 2.5613
6040 3020.0 3.5221 25.9658 3.5221 0.9761 2.5403
6050 3025.0 3.5393 22.1877 3.5393 1.0498 2.4890
6060 3030.0 3.5174 27.0486 3.5174 0.9739 2.5229
6070 3035.0 3.5285 24.5391 3.5285 1.0380 2.5406
6080 3040.0 3.5216 26.0838 3.5216 0.9919 2.5656
6090 3045.0 3.5411 21.8206 3.5411 1.0274 2.5721
6100 3050.0 3.5551 18.9950 3.5551 1.0146 2.5525
6110 3055.0 3.5415 21.7417 3.5415 0.9972 2.5493
6120 3060.0 3.5531 19.3755 3.5531 1.0425 2.5527
6130 3065.0 3.5377 22.5310 3.5377 0.9861 2.6044
6140 3070.0 3.5632 17.4552 3.5632 1.0635 2.5419
6150 3075.0 3.5367 22.7573 3.5367 0.9659 2.6232
6160 3080.0 3.5627 17.5376 3.5627 1.0739 2.5422
6170 3085.0 3.5585 18.3363 3.5585 1.0092 2.6312
6180 3090.0 3.5905 12.7133 3.5905 1.0340 2.5966
6190 3095.0 3.5964 11.7921 3.5964 1.0842 2.6393
6200 3100.0 3.5734 15.5902 3.5734 0.9628 2.5963
6210 3105.0 3.5948 12.0486 3.5948 1.1116 2.6503
6220 3110.0 3.5777 14.8438 3.5777 1.0802 2.5883
6230 3115.0 3.5602 18.0055 3.5602 0.9756 2.6442
6240 3120.0 3.5970 11.6974 3.5970 1.1211 2.5255
6250 3125.0 3.5836 13.8494 3.5836 0.9824 2.5341
6260 3130.0 3.5945 12.0925 3.5945 1.0541 2.5296
6270 3135.0 3.6150 9.1090 3.6150 1.0755 2.4738
6280 3140.0 3.6036 10.7188 3.6036 0.9682 2.4004
6290 3145.0 3.6024 10.8894 3.6024 1.0866 2.4467
6300 3150.0 3.6114 9.6060 3.6114 0.9580 2.3797
6310 3155.0 3.6215 8.2545 3.6215 1.0280 2.3349
6320 3160.0 3.5159 27.4108 3.5159 1.0191 2.4938
6330 3165.0 3.6067 10.2742 3.6067 1.0204 2.3070
6340 3170.0 3.5626 17.5532 3.5626 0.9661 2.2259
6350 3175.0 3.5328 23.5789 3.5328 1.0577 2.3545
6360 3180.0 3.5794 14.5482 3.5794 0.9978 2.2583
6370 3185.0 3.5718 15.8688 3.5718 1.0182 2.3909
6380 3190.0 3.5356 22.9767 3.5356 1.0442 2.4740
6390 3195.0 3.5491 20.1819 3.5491 0.9907 2.3117
6400 3200.0 3.5814 14.2118 3.5814 1.0054 2.4200
6410 3205.0 3.5631 17.4665 3.5631 1.0255 2.5316
6420 3210.0 3.5596 18.1288 3.5596 1.0299 2.5117
6430 3215.0 3.5252 25.2749 3.5252 1.0082 2.6424
6440 3220.0 3.5983 11.5086 3.5983 1.0311 2.5071
6450 3225.0 3.5762 15.1070 3.5762 0.9453 2.4826
6460 3230.0 3.5864 13.3799 3.5864 1.0761 2.5842
6470 3235.0 3.5896 12.8605 3.5896 1.0324 2.5697
6480 3240.0 3.6202 8.4182 3.6202 1.0223 2.4434
6490 3245.0 3.5949 12.0237 3.5949 0.9877 2.4693
6500 3250.0 3.5921 12.4683 3.5921 1.0070 2.3403
6510 3255.0 3.6307 7.1145 3.6307 0.9606 2.3456
6520 3260.0 3.6359 6.5102 3.6359 1.0444 2.3231
6530 3265.0 3.6156 9.0383 3.6156 0.9720 2.3426
6540 3270.0 3.5754 15.2433 3.5754 1.0768 2.3765
6550 3275.0 3.5392 22.2115 3.5392 1.0050 2.4194
6560 3280.0 3.6182 8.6887 3.6182 1.0228 2.3348
6570 3285.0 3.6193 8.5414 3.6193 0.9872 2.3517
6580 3290.0 3.6192 8.5561 3.6192 1.0408 2.3692
6590 3295.0 3.6118 9.5470 3.6118 0.9946 2.4102
6600 3300.0 3.6017 10.9950 3.6017 1.0331 2.4700
6610 3305.0 3.5412 21.7924 3.5412 1.0070 2.5799
6620 3310.0 3.5905 12.7155 3.5905 1.0360 2.4996
6630 3315.0 3.5323 23.6988 3.5323 1.0220 2.5879
6640 3320.0 3.5445 21.1133 3.5445 1.0157 2.4127
6650 3325.0 3.5633 17.4363 3.5633 1.0240 2.4641
6660 3330.0 3.5420 21.6400 3.5420 0.9992 2.3626
6670 3335.0 3.5623 17.6223 3.5623 1.0263 2.3670
6680 3340.0 3.5224 25.8945 3.5224 0.9981 2.4416
6690 3345.0 3.5554 18.9415 3.5554 1.0508 2.3184
6700 3350.0 3.5096 28.9043 3.5096 0.9830 2.4693
6710 3355.0 3.5665 16.8324 3.5665 1.0830 2.2918
6720 3360.0 3.5555 18.9130 3.5555 0.9668 2.3875
6730 3365.0 3.5895 12.8805 3.5895 1.0816 2.3628
6740 3370.0 3.5469 20.6171 3.5469 0.9810 2.4482
6750 3375.0 3.5985 11.4768 3.5985 1.0791 2.4031
6760 3380.0 3.5532 19.3681 3.5532 1.0333 2.4656
6770 3385.0 3.5800 14.4437 3.5800 1.0094 2.4130
6780 3390.0 3.5878 13.1514 3.5878 1.0735 2.4834
6790 3395.0 3.5983 11.5139 3.5983 1.0031 2.4277
6800 3400.0 3.6169 8.8547 3.6169 1.0673 2.4120
6810 3405.0 3.5973 11.6532 3.5973 1.1297 2.4530
6820 3410.0 3.5861 13.4289 3.5861 1.0076 2.4416
6830 3415.0 3.5831 13.9319 3.5831 1.0520 2.4097
6840 3420.0 3.5542 19.1715 3.5542 1.1544 2.4576
6850 3425.0 3.5465 20.7094 3.5465 1.0746 2.3267
6860 3430.0 3.5231 25.7431 3.5231 0.9938 2.3601
6870 3435.0 3.5460 20.8145 3.5460 1.1008 2.3537
6880 3440.0 3.5295 24.3001 3.5295 0.9701 2.4325
6890 3445.0 3.5285 24.5392 3.5285 1.0816 2.4700
6900 3450.0 3.5131 28.0607 3.5131 0.9886 2.4872
6910 3455.0 3.5355 23.0124 3.5355 1.0462 2.4619
6920 3460.0 3.5366 22.7759 3.5366 1.0681 2.4482
6930 3465.0 3.5129 28.1192 3.5129 0.9761 2.4415
6940 3470.0 3.5292 24.3852 3.5292 1.0744 2.4235
6950 3475.0 3.5165 27.2715 3.5165 0.9978 2.4583
6960 3480.0 3.5160 27.3832 3.5160 1.0315 2.4699
6970 3485.0 3.5064 29.6780 3.5064 1.0255 2.5167
6980 3490.0 3.4812 36.1269 3.4812 0.9840 2.4700
6990 3495.0 3.4971 31.9693 3.4971 1.0427 2.4916
7000 3500.0 3.4932 32.9802 3.4932 0.9988 2.4428
7010 3505.0 3.4998 31.2903 3.4998 1.0333 2.4400
7020 3510.0 3.5149 27.6312 3.5149 0.9956 2.4478
7030 3515.0 3.5321 23.7447 3.5321 1.0209 2.5136
7040 3520.0 3.5386 22.3452 3.5386 1.0689 2.5086
7050 3525.0 3.5195 26.5736 3.5195 0.9671 2.5451
7060 3530.0 3.5332 23.4958 3.5332 1.0493 2.5167
7070 3535.0 3.5181 26.8863 3.5181 0.9649 2.5444
7080 3540.0 3.5236 25.6190 3.5236 1.0649 2.5363
7090 3545.0 3.5004 31.1432 3.5004 0.9690 2.5339
7100 3550.0 3.4932 32.9687 3.4932 1.0651 2.4514
7110 3555.0 3.4585 42.4796 3.4585 0.9656 2.4904
7120 3560.0 3.4735 38.2257 3.4735 1.0794 2.3900
7130 3565.0 3.4424 47.3030 3.4424 0.9724 2.4559
7140 3570.0 3.4628 41.2372 3.4628 1.0777 2.4375
7150 3575.0 3.4569 42.9408 3.4569 1.1124 2.5200
7160 3580.0 3.4342 49.8600 3.4342 0.9310 2.5375
7170 3585.0 3.4750 37.8108 3.4750 1.1346 2.4348
7180 3590.0 3.4804 36.3309 3.4804 1.0375 2.4536
7190 3595.0 3.4841 35.3425 3.4841 1.0134 2.4281
7200 3600.0 3.4968 32.0571 3.4968 1.0988 2.4492
7210 3605.0 3.4741 38.0475 3.4741 0.9424 2.5033
7220 3610.0 3.5128 28.1237 3.5128 1.1163 2.4426
7230 3615.0 3.4950 32.5013 3.4950 0.9549 2.5038
7240 3620.0 3.5246 25.4073 3.5246 1.0643 2.5054
7250 3625.0 3.5217 26.0584 3.5217 0.9989 2.5431
7260 3630.0 3.5270 24.8704 3.5270 1.0272 2.5323
7270 3635.0 3.5558 18.8597 3.5558 1.0462 2.5370
7280 3640.0 3.5590 18.2378 3.5590 0.9754 2.5454
7290 3645.0 3.5779 14.8056 3.5779 1.0547 2.5520
7300 3650.0 3.5755 15.2325 3.5755 0.9763 2.5770
7310 3655.0 3.5688 16.4251 3.5688 1.0492 2.5386
7320 3660.0 3.5630 17.4819 3.5630 0.9749 2.5938
7330 3665.0 3.5511 19.7760 3.5511 1.0242 2.5681
7340 3670.0 3.5440 21.2256 3.5440 1.0007 2.5534
7350 3675.0 3.5448 21.0584 3.5448 0.9880 2.5890
7360 3680.0 3.5376 22.5488 3.5376 1.0421 2.4751
7370 3685.0 3.5359 22.9261 3.5359 0.9663 2.5910
7380 3690.0 3.5515 19.7078 3.5515 1.0406 2.4661
7390 3695.0 3.5317 23.8275 3.5317 0.9707 2.5821
7400 3700.0 3.5397 22.1168 3.5397 1.0469 2.4407
7410 3705.0 3.5192 26.6430 3.5192 0.9757 2.5611
7420 3710.0 3.5592 18.1967 3.5592 1.0402 2.4259
7430 3715.0 3.5436 21.3041 3.5436 0.9766 2.4111
7440 3720.0 3.5490 20.1953 3.5490 1.0498 2.3869
7450 3725.0 3.5384 22.3791 3.5384 0.9749 2.3650
7460 3730.0 3.5440 21.2170 3.5440 1.0529 2.3649
7470 3735.0 3.5422 21.5920 3.5422 1.0026 2.3206
7480 3740.0 3.5404 21.9762 3.5404 1.0101 2.3255
7490 3745.0 3.5598 18.0836 3.5598 1.0306 2.3090
7500 3750.0 3.5581 18.4049 3.5581 0.9957 2.3377
7510 3755.0 3.5771 14.9440 3.5771 1.0734 2.3319
7520 3760.0 3.5586 18.3237 3.5586 0.9435 2.3521
7530 3765.0 3.5816 14.1780 3.5816 1.0768 2.3271
7540 3770.0 3.5372 22.6400 3.5372 0.9530 2.3219
7550 3775.0 3.5339 23.3502 3.5339 1.0770 2.3895
7560 3780.0 3.5601 18.0368 3.5601 0.9850 2.3247
7570 3785.0 3.5540 19.2006 3.5540 1.0197 2.3811
7580 3790.0 3.5784 14.7200 3.5784 1.0635 2.3338
7590 3795.0 3.5438 21.2500 3.5438 0.9674 2.4009
7600 3800.0 3.5978 11.5768 3.5978 1.1296 2.3509
7610 3805.0 3.5355 22.9950 3.5355 0.9725 2.4207
7620 3810.0 3.5256 25.1811 3.5256 1.0216 2.3047
7630 3815.0 3.5059 29.7838 3.5059 1.0292 2.4910
7640 3820.0 3.5658 16.9670 3.5658 1.0544 2.3730
7650 3825.0 3.5561 18.8027 3.5561 0.9422 2.4649
7660 3830.0 3.6188 8.6127 3.6188 1.1204 2.4029
7670 3835.0 3.5638 17.3350 3.5638 0.9551 2.4936
7680 3840.0 3.6179 8.7200 3.6179 1.0777 2.4301
7690 3845.0 3.6063 10.3217 3.6063 1.0054 2.5117
7700 3850.0 3.6147 9.1491 3.6147 1.0222 2.4439
7710 3855.0 3.6110 9.6613 3.6110 1.0514 2.5248
7720 3860.0 3.6296 7.2532 3.6296 0.9664 2.4771
7730 3865.0 3.6317 6.9986 3.6317 1.0971 2.5191
7740 3870.0 3.6103 9.7587 3.6103 0.9431 2.4890
7750 3875.0 3.6163 8.9323 3.6163 1.0866 2.5240
7760 3880.0 3.6435 5.6660 3.6435 0.9687 2.4924
7770 3885.0 3.6327 6.8803 3.6327 1.0410 2.5292
7780 3890.0 3.6063 10.3306 3.6063 1.0153 2.5368
7790 3895.0 3.6040 10.6560 3.6040 0.9972 2.5050
7800 3900.0 3.5888 12.9914 3.5888 1.0689 2.6169
7810 3905.0 3.5930 12.3291 3.5930 0.9695 2.5466
7820 3910.0 3.6253 7.7812 3.6253 1.0236 2.5772
7830 3915.0 3.5451 20.9836 3.5451 1.0186 2.6684
7840 3920.0 3.6086 10.0014 3.6086 1.0293 2.5387
7850 3925.0 3.5738 15.5160 3.5738 0.9680 2.6089
7860 3930.0 3.6106 9.7134 3.6106 1.0348 2.5331
7870 3935.0 3.5913 12.5932 3.5913 0.9821 2.5541
7880 3940.0 3.5886 13.0294 3.5886 1.0329 2.5358
7890 3945.0 3.5535 19.3011 3.5535 0.9911 2.4776
7900 3950.0 3.5794 14.5550 3.5794 1.0225 2.5188
7910 3955.0 3.5751 15.2889 3.5751 0.9904 2.5089
7920 3960.0 3.5710 16.0195 3.5710 1.0250 2.5089
7930 3965.0 3.5824 14.0415 3.5824 1.0038 2.4632
7940 3970.0 3.5893 12.9128 3.5893 0.9960 2.4353
7950 3975.0 3.5893 12.9144 3.5893 1.0329 2.4118
7960 3980.0 3.5789 14.6332 3.5789 0.9880 2.4014
7970 3985.0 3.5875 13.2015 3.5875 1.0660 2.3630
7980 3990.0 3.5610 17.8583 3.5610 0.9648 2.3646
7990 3995.0 3.5934 12.2694 3.5934 1.0658 2.3339
8000 4000.0 3.5980 11.5543 3.5980 0.9839 2.3161
8010 4005.0 3.5864 13.3775 3.5864 1.0307 2.3673
8020 4010.0 3.5866 13.3502 3.5866 0.9777 2.3342
8030 4015.0 3.5791 14.6060 3.5791 1.0350 2.3994
8040 4020.0 3.5651 17.0881 3.5651 1.0087 2.4000
8050 4025.0 3.5579 18.4518 3.5579 1.0138 2.4016
8060 4030.0 3.5313 23.9073 3.5313 1.0484 2.4832
8070 4035.0 3.5202 26.4057 3.5202 1.0006 2.4056
8080 4040.0 3.4838 35.4192 3.4838 1.0375 2.5412
8090 4045.0 3.5243 25.4658 3.5243 1.0170 2.4352
8100 4050.0 3.5432 21.3931 3.5432 1.0028 2.5257
8110 4055.0 3.5884 13.0532 3.5884 1.0579 2.4803
8120 4060.0 3.5799 14.4610 3.5799 0.9684 2.5050
8130 4065.0 3.5996 11.3152 3.5996 1.0335 2.4557
8140 4070.0 3.6008 11.1296 3.6008 0.9851 2.4302
8150 4075.0 3.5917 12.5364 3.5917 1.0280 2.4474
8160 4080.0 3.5818 14.1470 3.5818 0.9834 2.3650
8170 4085.0 3.5823 14.0662 3.5823 1.0332 2.4271
8180 4090.0 3.5861 13.4266 3.5861 0.9708 2.3425
8190 4095.0 3.6131 9.3742 3.6131 1.0602 2.3782
8200 4100.0 3.5606 17.9280 3.5606 0.9793 2.4427
8210 4105.0 3.5821 14.0984 3.5821 1.0295 2.3358
8220 4110.0 3.5303 24.1436 3.5303 0.9714 2.4967
8230 4115.0 3.5662 16.8898 3.5662 1.0674 2.3638
8240 4120.0 3.5390 22.2501 3.5390 0.9656 2.5201
8250 4125.0 3.5841 13.7586 3.5841 1.0628 2.4501
8260 4130.0 3.5352 23.0737 3.5352 0.9692 2.5783
8270 4135.0 3.5839 13.8025 3.5839 1.0697 2.4743
8280 4140.0 3.5718 15.8752 3.5718 0.9465 2.5688
8290 4145.0 3.6026 10.8691 3.6026 1.1143 2.5228
8300 4150.0 3.5227 25.8300 3.5227 0.9817 2.6533
8310 4155.0 3.5792 14.5919 3.5792 1.0608 2.4975
8320 4160.0 3.5871 13.2626 3.5871 1.1191 2.5886
8330 4165.0 3.5267 24.9356 3.5267 0.9335 2.6227
8340 4170.0 3.5290 24.4289 3.5290 1.1142 2.4052
8350 4175.0 3.4912 33.4980 3.4912 0.9532 2.6351
8360 4180.0 3.6107 9.7009 3.6107 1.1048 2.4770
8370 4185.0 3.5568 18.6639 3.5568 0.9281 2.4238
8380 4190.0 3.5339 23.3437 3.5339 1.1063 2.5815
8390 4195.0 3.5826 14.0085 3.5826 0.9247 2.4222
8400 4200.0 3.5652 17.0800 3.5652 1.0894 2.3369
8410 4205.0 3.5231 25.7394 3.5231 0.9410 2.5873
8420 4210.0 3.6005 11.1774 3.6005 1.0722 2.4043
8430 4215.0 3.6146 9.1700 3.6146 0.9295 2.5127
8440 4220.0 3.5619 17.6988 3.5619 1.0803 2.6009
8450 4225.0 3.5307 24.0398 3.5307 0.9383 2.4518
8460 4230.0 3.5936 12.2355 3.5936 1.0637 2.5902
8470 4235.0 3.5513 19.7361 3.5513 0.9580 2.6496
8480 4240.0 3.5594 18.1736 3.5594 1.0475 2.4775
8490 4245.0 3.5488 20.2415 3.5488 0.9796 2.6462
8500 4250.0 3.5864 13.3890 3.5864 1.0180 2.5562
8510 4255.0 3.5307 24.0399 3.5307 0.9996 2.4627
8520 4260.0 3.5054 29.9219 3.5054 1.0084 2.6725
8530 4265.0 3.5947 12.0640 3.5947 1.0317 2.5294
8540 4270.0 3.5471 20.5905 3.5471 1.0057 2.4654
8550 4275.0 3.4946 32.6176 3.4946 1.0488 2.6246
8560 4280.0 3.4947 32.5793 3.4947 0.9943 2.4029
8570 4285.0 3.5598 18.0910 3.5598 1.0979 2.5403
8580 4290.0 3.5567 18.6752 3.5567 0.9874 2.5115
8590 4295.0 3.5522 19.5537 3.5522 1.0566 2.4469
8600 4300.0 3.5033 30.4375 3.5033 1.0493 2.5931
8610 4305.0 3.5191 26.6653 3.5191 1.0018 2.4291
8620 4310.0 3.5567 18.6870 3.5567 1.1674 2.5271
8630 4315.0 3.5189 26.6980 3.5189 0.9876 2.4262
8640 4320.0 3.5212 26.1687 3.5212 1.0700 2.5311
8650 4325.0 3.5627 17.5445 3.5627 1.1088 2.4284
8660 4330.0 3.5287 24.4792 3.5287 0.9804 2.5386
8670 4335.0 3.5767 15.0173 3.5767 1.0833 2.4555
8680 4340.0 3.5543 19.1585 3.5543 1.0729 2.5464
8690 4345.0 3.5429 21.4502 3.5429 1.0091 2.5317
8700 4350.0 3.5325 23.6461 3.5325 1.0127 2.5456
8710 4355.0 3.5325 23.6621 3.5325 1.0387 2.5677
8720 4360.0 3.5378 22.5186 3.5378 1.0180 2.4712
8730 4365.0 3.5433 21.3610 3.5433 1.0098 2.4822
8740 4370.0 3.5367 22.7428 3.5367 1.0531 2.4799
8750 4375.0 3.5467 20.6602 3.5467 0.9841 2.4418
8760 4380.0 3.5730 15.6567 3.5730 1.0495 2.3927
8770 4385.0 3.5651 17.0927 3.5651 0.9874 2.3649
8780 4390.0 3.5717 15.9026 3.5717 1.0099 2.3409
8790 4395.0 3.5702 16.1729 3.5702 0.9864 2.3078
8800 4400.0 3.5730 15.6589 3.5730 1.0176 2.2769
8810 4405.0 3.5588 18.2833 3.5588 0.9962 2.2909
8820 4410.0 3.5393 22.1882 3.5393 1.0132 2.3049
8830 4415.0 3.5519 19.6219 3.5519 1.0282 2.2330
8840 4420.0 3.5505 19.9012 3.5505 1.0176 2.2592
8850 4425.0 3.5377 22.5254 3.5377 1.0224 2.2547
8860 4430.0 3.5326 23.6278 3.5326 1.0136 2.2200
8870 4435.0 3.5297 24.2727 3.5297 1.0356 2.3194
8880 4440.0 3.5402 22.0119 3.5402 1.0074 2.2459
8890 4445.0 3.5555 18.9169 3.5555 1.0283 2.3607
8900 4450.0 3.5822 14.0857 3.5822 0.9982 2.3112
8910 4455.0 3.5796 14.5151 3.5796 0.9826 2.3569
8920 4460.0 3.5563 18.7597 3.5563 1.0276 2.4190
8930 4465.0 3.5900 12.8060 3.5900 0.9629 2.3213
8940 4470.0 3.5763 15.0945 3.5763 1.0399 2.3866
8950 4475.0 3.5777 14.8390 3.5777 0.9756 2.3618
8960 4480.0 3.6045 10.5785 3.6045 1.0177 2.3769
8970 4485.0 3.5713 15.9673 3.5713 1.0422 2.4394
8980 4490.0 3.5881 13.0981 3.5881 1.0008 2.3265
8990 4495.0 3.5902 12.7621 3.5902 0.9650 2.3678
9000 4500.0 3.5830 13.9453 3.5830 1.0626 2.3867
9010 4505.0 3.5926 12.3862 3.5926 0.9603 2.3334
9020 4510.0 3.5978 11.5763 3.5978 1.0534 2.3504
9030 4515.0 3.5774 14.8980 3.5774 0.9927 2.3751
9040 4520.0 3.5613 17.7991 3.5613 1.0051 2.2607
9050 4525.0 3.5543 19.1574 3.5543 0.9976 2.4177
9060 4530.0 3.6005 11.1696 3.6005 1.0353 2.3799
9070 4535.0 3.5957 11.9006 3.5957 0.9681 2.3252
9080 4540.0 3.5589 18.2653 3.5589 1.0468 2.4292
9090 4545.0 3.5781 14.7822 3.5781 0.9744 2.3754
9100 4550.0 3.5825 14.0233 3.5825 1.0230 2.3968
9110 4555.0 3.5579 18.4435 3.5579 1.0123 2.4986
9120 4560.0 3.5788 14.6524 3.5788 1.0120 2.4498
9130 4565.0 3.5819 14.1342 3.5819 1.0033 2.5119
9140 4570.0 3.5600 18.0589 3.5600 1.0086 2.6142
9150 4575.0 3.5867 13.3398 3.5867 1.0231 2.5426
9160 4580.0 3.5704 16.1223 3.5704 0.9960 2.6468
9170 4585.0 3.5972 11.6674 3.5972 1.0143 2.6210
9180 4590.0 3.5988 11.4351 3.5988 0.9855 2.5793
9190 4595.0 3.5895 12.8874 3.5895 1.0224 2.6672
9200 4600.0 3.6011 11.0919 3.6011 0.9824 2.6079
9210 4605.0 3.5991 11.3799 3.5991 1.0185 2.6600
9220 4610.0 3.5882 13.0846 3.5882 1.0051 2.6359
9230 4615.0 3.5731 15.6380 3.5731 1.0184 2.4953
9240 4620.0 3.5689 16.3967 3.5689 1.0157 2.5041
9250 4625.0 3.5266 24.9604 3.5266 1.0239 2.5467
9260 4630.0 3.5582 18.3889 3.5582 1.0221 2.4361
9270 4635.0 3.5557 18.8833 3.5557 1.0099 2.4070
9280 4640.0 3.5637 17.3460 3.5637 1.0030 2.4098
9290 4645.0 3.5907 12.6864 3.5907 1.0230 2.4620
9300 4650.0 3.5575 18.5310 3.5575 1.0216 2.5388
9310 4655.0 3.5982 11.5223 3.5982 1.0094 2.4108
9320 4660.0 3.6025 10.8793 3.6025 1.0275 2.4243
9330 4665.0 3.5713 15.9640 3.5713 1.0311 2.4489
9340 4670.0 3.5917 12.5340 3.5917 1.0173 2.3113
9350 4675.0 3.5230 25.7592 3.5230 1.0231 2.4343
9360 4680.0 3.5333 23.4738 3.5333 1.0581 2.3515
9370 4685.0 3.5614 17.7883 3.5614 0.9594 2.2871
9380 4690.0 3.5546 19.0822 3.5546 1.0514 2.4182
9390 4695.0 3.5541 19.1917 3.5541 0.9820 2.4174
9400 4700.0 3.5476 20.4902 3.5476 1.0061 2.3082
9410 4705.0 3.5243 25.4694 3.5243 1.0275 2.4571
9420 4710.0 3.5543 19.1482 3.5543 1.0264 2.4237
9430 4715.0 3.5781 14.7715 3.5781 1.0234 2.4105
9440 4720.0 3.5411 21.8277 3.5411 1.0596 2.4768
9450 4725.0 3.5177 26.9818 3.5177 0.9724 2.3810
9460 4730.0 3.5426 21.5167 3.5426 1.0167 2.4474
9470 4735.0 3.5749 15.3259 3.5749 1.0232 2.4124
9480 4740.0 3.5830 13.9472 3.5830 0.9813 2.2671
9490 4745.0 3.5600 18.0421 3.5600 1.0298 2.3968
9500 4750.0 3.5914 12.5708 3.5914 1.0316 2.3206
9510 4755.0 3.6158 9.0009 3.6158 0.9839 2.3560
9520 4760.0 3.5738 15.5244 3.5738 1.1148 2.4182
9530 4765.0 3.5755 15.2210 3.5755 0.9810 2.4166
9540 4770.0 3.5254 25.2186 3.5254 0.9994 2.4894
9550 4775.0 3.5424 21.5574 3.5424 1.0379 2.4421
9560 4780.0 3.5756 15.2158 3.5756 0.9998 2.4632
9570 4785.0 3.5836 13.8506 3.5836 1.0523 2.5003
9580 4790.0 3.5941 12.1555 3.5941 0.9896 2.4746
9590 4795.0 3.5980 11.5522 3.5980 1.0066 2.4866
9600 4800.0 3.6077 10.1243 3.6077 1.0061 2.5391
9610 4805.0 3.6166 8.8949 3.6166 0.9930 2.4827
9620 4810.0 3.6037 10.7038 3.6037 1.0193 2.5510
9630 4815.0 3.5956 11.9146 3.5956 0.9922 2.4927
9640 4820.0 3.5918 12.5160 3.5918 1.0057 2.5062
9650 4825.0 3.5727 15.7102 3.5727 1.0103 2.5096
9660 4830.0 3.5598 18.0793 3.5598 0.9857 2.5097
9670 4835.0 3.5599 18.0659 3.5599 1.0322 2.4803
9680 4840.0 3.5201 26.4251 3.5201 0.9694 2.4538
9690 4845.0 3.5455 20.9089 3.5455 1.0392 2.4775
9700 4850.0 3.5244 25.4556 3.5244 0.9574 2.4896
9710 4855.0 3.5392 22.2240 3.5392 1.0587 2.4157
9720 4860.0 3.5045 30.1462 3.5045 0.9540 2.4393
9730 4865.0 3.5018 30.7978 3.5018 1.0554 2.4163
9740 4870.0 3.4931 32.9862 3.4931 0.9626 2.4000
9750 4875.0 3.5461 20.7941 3.5461 1.0594 2.4219
9760 4880.0 3.5374 22.5909 3.5374 0.9748 2.4480
9770 4885.0 3.5567 18.6897 3.5567 1.0432 2.4320
9780 4890.0 3.5650 17.1208 3.5650 1.0486 2.4336
9790 4895.0 3.5543 19.1536 3.5543 0.9874 2.4444
9800 4900.0 3.5678 16.5951 3.5678 1.0388 2.4375
9810 4905.0 3.5719 15.8561 3.5719 1.0491 2.4246
9820 4910.0 3.5597 18.1143 3.5597 1.0004 2.4400
9830 4915.0 3.5652 17.0813 3.5652 1.0755 2.4292
9840 4920.0 3.5457 20.8613 3.5457 1.0256 2.4339
9850 4925.0 3.5374 22.6009 3.5374 1.0229 2.4166
9860 4930.0 3.5317 23.8380 3.5317 1.0680 2.4189
9870 4935.0 3.5227 25.8361 3.5227 0.9922 2.3610
9880 4940.0 3.5408 21.8756 3.5408 1.0501 2.3365
9890 4945.0 3.5271 24.8349 3.5271 1.0093 2.3240
9900 4950.0 3.5478 20.4493 3.5478 1.0394 2.2824
9910 4955.0 3.5330 23.5477 3.5330 1.0213 2.2794
9920 4960.0 3.5219 26.0049 3.5219 0.9904 2.3177
9930 4965.0 3.5274 24.7851 3.5274 1.0510 2.3495
9940 4970.0 3.4970 31.9929 3.4970 0.9667 2.4108
9950 4975.0 3.5249 25.3360 3.5249 1.0603 2.4112
9960 4980.0 3.4936 32.8820 3.4936 0.9698 2.4620
9970 4985.0 3.5075 29.4081 3.5075 1.0605 2.4811
9980 4990.0 3.4929 33.0527 3.4929 1.0190 2.5217
9990 4995.0 3.5096 28.9016 3.5096 1.0123 2.5506
10000 5000.0 3.5192 26.6385 3.5192 1.0434 2.5717
10010 5005.0 3.5154 27.5258 3.5154 0.9699 2.5464
10020 5010.0 3.5361 22.8758 3.5361 1.0773 2.5379
10030 5015.0 3.5269 24.8763 3.5269 0.9840 2.5518
10040 5020.0 3.5427 21.4957 3.5427 1.0636 2.4881
10050 5025.0 3.5417 21.6893 3.5417 1.0400 2.4197
10060 5030.0 3.5306 24.0632 3.5306 0.9991 2.4424
10070 5035.0 3.5738 15.5307 3.5738 1.0770 2.3946
10080 5040.0 3.5696 16.2668 3.5696 0.9727 2.5011
10090 5045.0 3.5867 13.3256 3.5867 1.0938 2.4878
10100 5050.0 3.5975 11.6264 3.5975 0.9725 2.4675
10110 5055.0 3.6068 10.2579 3.6068 1.0467 2.4102
10120 5060.0 3.5719 15.8549 3.5719 0.9659 2.4792
10130 5065.0 3.6066 10.2838 3.6066 1.0422 2.4210
10140 5070.0 3.5663 16.8730 3.5663 0.9938 2.5506
10150 5075.0 3.5802 14.4133 3.5802 1.0216 2.4703
10160 5080.0 3.5769 14.9814 3.5769 0.9902 2.5242
10170 5085.0 3.5817 14.1641 3.5817 1.0392 2.4256
10180 5090.0 3.5538 19.2513 3.5538 0.9703 2.3792
10190 5095.0 3.5500 20.0038 3.5500 1.0575 2.3800
10200 5100.0 3.5493 20.1377 3.5493 0.9737 2.3763
10210 5105.0 3.5670 16.7509 3.5670 1.0667 2.4279
10220 5110.0 3.5241 25.5052 3.5241 0.9536 2.4892
10230 5115.0 3.5416 21.7114 3.5416 1.0438 2.3504
10240 5120.0 3.5474 20.5137 3.5474 0.9752 2.4197
10250 5125.0 3.5625 17.5840 3.5625 1.0764 2.2951
10260 5130.0 3.5683 16.5010 3.5683 0.9656 2.3840
10270 5135.0 3.5889 12.9720 3.5889 1.0785 2.3661
10280 5140.0 3.5976 11.6075 3.5976 0.9484 2.3180
10290 5145.0 3.5905 12.7148 3.5905 1.0798 2.3400
10300 5150.0 3.5940 12.1619 3.5940 0.9937 2.3591
10310 5155.0 3.5893 12.9152 3.5893 1.0087 2.3008
10320 5160.0 3.5237 25.6069 3.5237 1.0201 2.4551
10330 5165.0 3.5829 13.9558 3.5829 1.0284 2.3273
10340 5170.0 3.5941 12.1585 3.5941 0.9570 2.3753
10350 5175.0 3.5761 15.1248 3.5761 1.1128 2.4549
10360 5180.0 3.5708 16.0637 3.5708 0.9671 2.4508
10370 5185.0 3.5364 22.8140 3.5364 1.0254 2.3119
10380 5190.0 3.5200 26.4565 3.5200 0.9950 2.5311
10390 5195.0 3.5785 14.7121 3.5785 1.0694 2.4763
10400 5200.0 3.5746 15.3837 3.5746 0.9669 2.4363
10410 5205.0 3.5750 15.3154 3.5750 1.0783 2.4897
10420 5210.0 3.5642 17.2557 3.5642 0.9838 2.4805
10430 5215.0 3.5578 18.4712 3.5578 0.9994 2.3931
10440 5220.0 3.5397 22.1227 3.5397 1.0354 2.4949
10450 5225.0 3.5869 13.2997 3.5869 1.0040 2.3737
10460 5230.0 3.5862 13.4184 3.5862 1.0105 2.3739
10470 5235.0 3.5719 15.8588 3.5719 1.0372 2.3955
10480 5240.0 3.6070 10.2266 3.6070 0.9993 2.3128
10490 5245.0 3.5769 14.9867 3.5769 1.0356 2.3983
10500 5250.0 3.6010 11.1044 3.6010 0.9863 2.3404
10510 5255.0 3.5943 12.1154 3.5943 1.0340 2.3528
10520 5260.0 3.5592 18.1979 3.5592 0.9838 2.3882
10530 5265.0 3.5722 15.8125 3.5722 1.0348 2.3185
10540 5270.0 3.5432 21.3882 3.5432 0.9979 2.3791
10550 5275.0 3.5680 16.5614 3.5680 1.0353 2.2884
10560 5280.0 3.5443 21.1608 3.5443 0.9736 2.3458
10570 5285.0 3.5814 14.2050 3.5814 1.0391 2.2729
10580 5290.0 3.5753 15.2519 3.5753 0.9714 2.2980
10590 5295.0 3.5818 14.1392 3.5818 1.0388 2.2859
10600 5300.0 3.5765 15.0486 3.5765 0.9455 2.2981
10610 5305.0 3.5872 13.2497 3.5872 1.0424 2.2813
10620 5310.0 3.5750 15.3041 3.5750 0.9752 2.2961
10630 5315.0 3.5734 15.5930 3.5734 0.9996 2.2942
10640 5320.0 3.5601 18.0276 3.5601 1.0215 2.3133
10650 5325.0 3.5559 18.8430 3.5559 0.9712 2.2866
10660 5330.0 3.5633 17.4260 3.5633 1.0525 2.3073
10670 5335.0 3.5594 18.1561 3.5594 0.9757 2.3125
10680 5340.0 3.5637 17.3563 3.5637 1.0449 2.3223
10690 5345.0 3.5640 17.3016 3.5640 0.9901 2.3112
10700 5350.0 3.5701 16.1811 3.5701 1.0111 2.3130
10710 5355.0 3.5681 16.5480 3.5681 1.0403 2.3456
10720 5360.0 3.5838 13.8190 3.5838 0.9946 2.3122
10730 5365.0 3.5882 13.0830 3.5882 1.0220 2.3122
10740 5370.0 3.5824 14.0473 3.5824 0.9806 2.3460
10750 5375.0 3.5961 11.8359 3.5961 1.0248 2.3406
10760 5380.0 3.6152 9.0879 3.6152 0.9881 2.3339
10770 5385.0 3.6285 7.3865 3.6285 1.0313 2.3517
10780 5390.0 3.6312 7.0596 3.6312 0.9989 2.3494
10790 5395.0 3.6110 9.6613 3.6110 1.0240 2.3923
10800 5400.0 3.6051 10.4910 3.6051 1.0117 2.3627
10810 5405.0 3.5834 13.8818 3.5834 0.9984 2.3930
10820 5410.0 3.5687 16.4268 3.5687 1.0355 2.4076
10830 5415.0 3.5462 20.7707 3.5462 1.0111 2.4398
10840 5420.0 3.5238 25.5926 3.5238 1.0472 2.4720
10850 5425.0 3.5446 21.1047 3.5446 1.0259 2.3591
10860 5430.0 3.5485 20.3099 3.5485 1.0058 2.3987
10870 5435.0 3.5549 19.0368 3.5549 1.1027 2.4613
10880 5440.0 3.5857 13.4975 3.5857 1.0354 2.4026
10890 5445.0 3.5780 14.7926 3.5780 1.0262 2.4538
10900 5450.0 3.5962 11.8206 3.5962 1.0549 2.4225
10910 5455.0 3.5980 11.5448 3.5980 1.0142 2.4913
10920 5460.0 3.6036 10.7111 3.6036 1.0391 2.4918
10930 5465.0 3.5936 12.2355 3.5936 1.0170 2.4343
10940 5470.0 3.5860 13.4452 3.5860 0.9933 2.4791
10950 5475.0 3.5814 14.2101 3.5814 1.0152 2.4138
10960 5480.0 3.5720 15.8358 3.5720 0.9863 2.4400
10970 5485.0 3.5712 15.9918 3.5712 1.0373 2.3256
10980 5490.0 3.5363 22.8382 3.5363 0.9928 2.3729
10990 5495.0 3.5677 16.6205 3.5677 1.0377 2.2620
11000 5500.0 3.5495 20.1081 3.5495 0.9852 2.3115
11010 5505.0 3.5741 15.4688 3.5741 1.0637 2.2297
11020 5510.0 3.5618 17.7032 3.5618 0.9594 2.2431
11030 5515.0 3.5834 13.8793 3.5834 1.0819 2.2218
11040 5520.0 3.5613 17.7958 3.5613 0.9670 2.2564
11050 5525.0 3.5799 14.4599 3.5799 1.0406 2.2419
11060 5530.0 3.5478 20.4372 3.5478 1.0452 2.3508
11070 5535.0 3.5707 16.0667 3.5707 1.0090 2.3113
11080 5540.0 3.5716 15.9071 3.5716 1.0299 2.3658
11090 5545.0 3.5564 18.7350 3.5564 0.9941 2.4123
11100 5550.0 3.5791 14.5992 3.5791 1.0536 2.3750
11110 5555.0 3.5604 17.9710 3.5604 0.9857 2.4346
11120 5560.0 3.5742 15.4472 3.5742 1.0442 2.4131
11130 5565.0 3.5704 16.1291 3.5704 0.9990 2.4126
11140 5570.0 3.5794 14.5492 3.5794 1.0111 2.3794
11150 5575.0 3.5726 15.7380 3.5726 1.0398 2.3864
11160 5580.0 3.5706 16.0922 3.5706 0.9711 2.3610
11170 5585.0 3.5705 16.1060 3.5705 1.0457 2.3506
11180 5590.0 3.5758 15.1740 3.5758 0.9523 2.3406
11190 5595.0 3.5717 15.8952 3.5717 1.0680 2.3338
11200 5600.0 3.5833 13.8886 3.5833 0.9374 2.3316
11210 5605.0 3.5889 12.9834 3.5889 1.0790 2.3090
11220 5610.0 3.5964 11.7969 3.5964 0.9791 2.3594
11230 5615.0 3.5827 14.0008 3.5827 1.0358 2.4129
11240 5620.0 3.6049 10.5279 3.6049 0.9774 2.3793
11250 5625.0 3.5870 13.2893 3.5870 1.0468 2.4061
11260 5630.0 3.5822 14.0822 3.5822 0.9835 2.4401
11270 5635.0 3.6044 10.6060 3.6044 1.0273 2.4617
11280 5640.0 3.5897 12.8511 3.5897 1.0106 2.5395
11290 5645.0 3.6047 10.5524 3.6047 0.9984 2.4762
11300 5650.0 3.6271 7.5482 3.6271 1.0130 2.5592
11310 5655.0 3.6239 7.9523 3.6239 1.0565 2.5905
11320 5660.0 3.6384 6.2264 3.6384 0.9960 2.5675
11330 5665.0 3.6338 6.7550 3.6338 1.0240 2.5531
11340 5670.0 3.5837 13.8248 3.5837 0.9871 2.6408
11350 5675.0 3.5867 13.3406 3.5867 1.0037 2.5383
11360 5680.0 3.5680 16.5576 3.5680 0.9618 2.6312
11370 5685.0 3.6129 9.3946 3.6129 1.0146 2.5274
11380 5690.0 3.6284 7.3986 3.6284 0.9618 2.4875
11390 5695.0 3.6285 7.3826 3.6285 1.0320 2.4697
11400 5700.0 3.6373 6.3562 3.6373 0.9816 2.3901
11410 5705.0 3.6291 7.3052 3.6291 1.0222 2.4116
11420 5710.0 3.6466 5.3414 3.6466 0.9923 2.3720
11430 5715.0 3.6403 6.0203 3.6403 0.9893 2.3797
11440 5720.0 3.6147 9.1536 3.6147 1.0160 2.4186
11450 5725.0 3.6335 6.7839 3.6335 0.9954 2.3563
11460 5730.0 3.5988 11.4350 3.5988 1.0075 2.4031
11470 5735.0 3.6116 9.5724 3.6116 1.0176 2.3391
11480 5740.0 3.5818 14.1376 3.5818 0.9712 2.2833
11490 5745.0 3.5637 17.3507 3.5637 1.0273 2.2817
11500 5750.0 3.5225 25.8861 3.5225 0.9926 2.3582
11510 5755.0 3.5447 21.0799 3.5447 1.0301 2.2855
11520 5760.0 3.5479 20.4188 3.5479 0.9829 2.3002
11530 5765.0 3.5465 20.7124 3.5465 1.0280 2.3662
11540 5770.0 3.5583 18.3750 3.5583 1.0208 2.3636
11550 5775.0 3.5737 15.5364 3.5737 0.9860 2.3300
11560 5780.0 3.5739 15.5077 3.5739 1.0366 2.3784
11570 5785.0 3.5793 14.5760 3.5793 0.9918 2.3342
11580 5790.0 3.5763 15.0796 3.5763 1.0247 2.3687
11590 5795.0 3.5807 14.3270 3.5807 0.9963 2.3645
11600 5800.0 3.5798 14.4887 3.5798 1.0235 2.3536
11610 5805.0 3.5686 16.4606 3.5686 1.0106 2.3987
11620 5810.0 3.5725 15.7478 3.5725 0.9883 2.3277
11630 5815.0 3.5615 17.7674 3.5615 1.0003 2.4104
11640 5820.0 3.5744 15.4152 3.5744 1.0030 2.3439
11650 5825.0 3.5773 14.9057 3.5773 0.9882 2.3960
11660 5830.0 3.5875 13.2050 3.5875 1.0213 2.3551
11670 5835.0 3.5658 16.9627 3.5658 0.9866 2.3969
11680 5840.0 3.5674 16.6802 3.5674 1.0262 2.3455
11690 5845.0 3.5750 15.3069 3.5750 0.9769 2.3722
11700 5850.0 3.5969 11.7256 3.5969 1.0413 2.3469
11710 5855.0 3.6135 9.3211 3.6135 0.9686 2.3407
11720 5860.0 3.6139 9.2635 3.6139 1.0192 2.3523
11730 5865.0 3.6052 10.4818 3.6052 0.9996 2.3889
11740 5870.0 3.6049 10.5312 3.6049 1.0060 2.3492
11750 5875.0 3.5867 13.3383 3.5867 1.0060 2.4349
11760 5880.0 3.5779 14.8160 3.5779 1.0026 2.4177
11770 5885.0 3.5858 13.4838 3.5858 0.9806 2.4275
11780 5890.0 3.5809 14.2985 3.5809 1.0271 2.4340
11790 5895.0 3.5730 15.6589 3.5730 0.9796 2.4384
11800 5900.0 3.5562 18.7856 3.5562 1.0349 2.4813
11810 5905.0 3.5485 20.3013 3.5485 0.9914 2.5179
11820 5910.0 3.5870 13.2840 3.5870 1.0401 2.4203
11830 5915.0 3.5870 13.2885 3.5870 0.9885 2.4482
11840 5920.0 3.5957 11.9030 3.5957 1.0155 2.4234
11850 5925.0 3.6089 9.9563 3.6089 0.9846 2.3310
11860 5930.0 3.5995 11.3319 3.5995 1.0228 2.3762
11870 5935.0 3.5904 12.7383 3.5904 1.0205 2.4013
11880 5940.0 3.5894 12.9033 3.5894 0.9983 2.2888
11890 5945.0 3.5694 16.2992 3.5694 1.0041 2.4137
11900 5950.0 3.6030 10.8070 3.6030 1.0350 2.3644
11910 5955.0 3.5953 11.9698 3.5953 0.9686 2.3034
11920 5960.0 3.5920 12.4781 3.5920 1.0514 2.3753
11930 5965.0 3.5291 24.3957 3.5291 1.0232 2.4883
11940 5970.0 3.5722 15.8002 3.5722 0.9925 2.3274
11950 5975.0 3.6071 10.2131 3.6071 0.9863 2.4155
11960 5980.0 3.5677 16.6078 3.5677 1.0230 2.4737
11970 5985.0 3.5581 18.4043 3.5581 0.9822 2.3421
11980 5990.0 3.5430 21.4312 3.5430 1.0090 2.4921
11990 5995.0 3.5878 13.1623 3.5878 1.0358 2.4222
12000 6000.0 3.5626 17.5567 3.5626 0.9701 2.3441
12010 6005.0 3.5137 27.9220 3.5137 1.0345 2.4119
12020 6010.0 3.5447 21.0680 3.5447 0.9875 2.2513
12030 6015.0 3.5504 19.9233 3.5504 1.0152 2.2920
12040 6020.0 3.4639 40.9324 3.4639 1.0186 2.4822
12050 6025.0 3.4919 33.2982 3.4919 1.0137 2.2441
12060 6030.0 3.5501 19.9862 3.5501 0.9884 2.3048
12070 6035.0 3.5288 24.4638 3.5288 1.0753 2.3678
12080 6040.0 3.5261 25.0742 3.5261 0.9682 2.2188
12090 6045.0 3.5606 17.9344 3.5606 1.0819 2.3699
12100 6050.0 3.5475 20.5008 3.5475 1.0658 2.4148
12110 6055.0 3.5155 27.4975 3.5155 0.9697 2.2983
12120 6060.0 3.5366 22.7749 3.5366 1.0620 2.5139
12130 6065.0 3.5622 17.6320 3.5622 0.9947 2.4029
12140 6070.0 3.5143 27.7728 3.5143 0.9836 2.3909
12150 6075.0 3.4665 40.1862 3.4665 1.0571 2.6483
12160 6080.0 3.5588 18.2778 3.5588 0.9806 2.4533
12170 6085.0 3.5239 25.5686 3.5239 1.0080 2.4436
12180 6090.0 3.4422 47.3784 3.4422 1.0652 2.6347
12190 6095.0 3.4883 34.2434 3.4883 0.9996 2.3311
12200 6100.0 3.5952 11.9798 3.5952 1.0328 2.4563
12210 6105.0 3.5062 29.7111 3.5062 1.0161 2.5683
12220 6110.0 3.5409 21.8648 3.5409 1.0123 2.3066
12230 6115.0 3.5887 13.0047 3.5887 1.0450 2.4619
12240 6120.0 3.4740 38.0819 3.4740 0.9745 2.6122
12250 6125.0 3.5579 18.4493 3.5579 1.0613 2.3422
12260 6130.0 3.5778 14.8181 3.5778 0.9552 2.4141
12270 6135.0 3.5036 30.3642 3.5036 1.0933 2.5875
12280 6140.0 3.5259 25.1157 3.5259 0.9940 2.3991
12290 6145.0 3.5404 21.9667 3.5404 1.0193 2.5264
12300 6150.0 3.5614 17.7887 3.5614 1.0774 2.4790
12310 6155.0 3.5299 24.2215 3.5299 0.9672 2.4061
12320 6160.0 3.5074 29.4214 3.5074 1.0556 2.5151
12330 6165.0 3.5408 21.8915 3.5408 1.0387 2.3840
12340 6170.0 3.5535 19.3052 3.5535 1.0010 2.4157
12350 6175.0 3.5858 13.4757 3.5858 1.0691 2.3551
12360 6180.0 3.5622 17.6387 3.5622 0.9734 2.3965
12370 6185.0 3.5849 13.6305 3.5849 1.0474 2.3615
12380 6190.0 3.5800 14.4499 3.5800 0.9919 2.3859
12390 6195.0 3.5767 15.0193 3.5767 1.0298 2.4062
12400 6200.0 3.5913 12.5864 3.5913 1.0111 2.3941
12410 6205.0 3.5769 14.9746 3.5769 1.0150 2.4233
12420 6210.0 3.5702 16.1654 3.5702 0.9952 2.4297
12430 6215.0 3.5606 17.9420 3.5606 1.0153 2.4334
12440 6220.0 3.5636 17.3681 3.5636 1.0550 2.4167
12450 6225.0 3.5475 20.5087 3.5475 0.9755 2.3923
12460 6230.0 3.5745 15.4049 3.5745 1.0662 2.4029
12470 6235.0 3.5321 23.7369 3.5321 0.9371 2.4171
12480 6240.0 3.5676 16.6383 3.5676 1.0921 2.3826
12490 6245.0 3.5440 21.2135 3.5440 0.9575 2.3729
12500 6250.0 3.5621 17.6584 3.5621 1.0225 2.2910
12510 6255.0 3.5200 26.4518 3.5200 0.9986 2.3655
12520 6260.0 3.5368 22.7371 3.5368 1.0107 2.2093
12530 6265.0 3.5597 18.1165 3.5597 1.0018 2.2971
12540 6270.0 3.5524 19.5325 3.5524 1.0395 2.3213
12550 6275.0 3.5771 14.9442 3.5771 0.9870 2.2450
12560 6280.0 3.5802 14.4100 3.5802 1.0174 2.2916
12570 6285.0 3.5436 21.3023 3.5436 1.0188 2.3868
12580 6290.0 3.5663 16.8726 3.5663 1.0407 2.2879
12590 6295.0 3.5723 15.7901 3.5723 0.9709 2.3863
12600 6300.0 3.5891 12.9491 3.5891 1.0922 2.4188
12610 6305.0 3.5905 12.7139 3.5905 0.9477 2.3899
12620 6310.0 3.6052 10.4865 3.6052 1.0766 2.4563
12630 6315.0 3.5893 12.9064 3.5893 0.9890 2.4967
12640 6320.0 3.5860 13.4553 3.5860 1.0180 2.4087
12650 6325.0 3.5372 22.6345 3.5372 1.0164 2.5774
12660 6330.0 3.6195 8.5184 3.6195 1.0083 2.4607
12670 6335.0 3.5744 15.4096 3.5744 0.9850 2.3622
12680 6340.0 3.5480 20.3979 3.5480 1.0419 2.5271
12690 6345.0 3.5795 14.5300 3.5795 0.9945 2.4573
12700 6350.0 3.5708 16.0639 3.5708 1.0147 2.2792
12710 6355.0 3.5545 19.1048 3.5545 0.9915 2.4357
12720 6360.0 3.6273 7.5261 3.6273 1.0637 2.3346
12730 6365.0 3.5907 12.6902 3.5907 0.9301 2.3192
12740 6370.0 3.5921 12.4696 3.5921 1.0996 2.3766
12750 6375.0 3.5855 13.5220 3.5855 0.9744 2.3328
12760 6380.0 3.5794 14.5491 3.5794 1.0526 2.3491
12770 6385.0 3.5491 20.1821 3.5491 1.0171 2.3908
12780 6390.0 3.5414 21.7673 3.5414 0.9998 2.3798
12790 6395.0 3.5453 20.9481 3.5453 1.0644 2.3708
12800 6400.0 3.5121 28.2894 3.5121 0.9505 2.3937
12810 6405.0 3.5512 19.7695 3.5512 1.1187 2.3711
12820 6410.0 3.5174 27.0555 3.5174 0.9234 2.3685
12830 6415.0 3.5619 17.6890 3.5619 1.0940 2.3377
12840 6420.0 3.5414 21.7503 3.5414 0.9585 2.3586
12850 6425.0 3.5713 15.9753 3.5713 1.0780 2.3514
12860 6430.0 3.5502 19.9507 3.5502 1.0306 2.3971
12870 6435.0 3.5504 19.9260 3.5504 1.0032 2.3284
12880 6440.0 3.5237 25.6082 3.5237 1.0848 2.4906
12890 6445.0 3.5639 17.3136 3.5639 0.9582 2.3646
12900 6450.0 3.5890 12.9535 3.5890 1.0349 2.4628
12910 6455.0 3.5223 25.9252 3.5223 0.9990 2.5733
12920 6460.0 3.5594 18.1555 3.5594 1.0249 2.3974
12930 6465.0 3.5790 14.6269 3.5790 0.9827 2.5750
12940 6470.0 3.5659 16.9412 3.5659 1.0771 2.6435
12950 6475.0 3.5606 17.9402 3.5606 0.9509 2.5325
12960 6480.0 3.5889 12.9826 3.5889 1.0499 2.6104
12970 6485.0 3.5616 17.7438 3.5616 1.0347 2.6597
12980 6490.0 3.5514 19.7253 3.5514 0.9876 2.5337
12990 6495.0 3.5812 14.2408 3.5812 1.0488 2.6269
13000 6500.0 3.5800 14.4527 3.5800 0.9847 2.5972
13010 6505.0 3.5777 14.8455 3.5777 1.0362 2.4943
13020 6510.0 3.5775 14.8844 3.5775 0.9806 2.5608
13030 6515.0 3.5996 11.3134 3.5996 1.0229 2.4961
13040 6520.0 3.5887 13.0149 3.5887 1.0033 2.4398
13050 6525.0 3.5614 17.7870 3.5614 0.9941 2.5097
13060 6530.0 3.5777 14.8519 3.5777 1.0280 2.3614
13070 6535.0 3.5851 13.5923 3.5851 1.0107 2.3512
13080 6540.0 3.5782 14.7634 3.5782 1.0109 2.2640
13090 6545.0 3.5688 16.4153 3.5688 0.9983 2.2500
13100 6550.0 3.5450 21.0178 3.5450 1.0220 2.2841
13110 6555.0 3.5422 21.5854 3.5422 1.0044 2.2343
13120 6560.0 3.5556 18.9043 3.5556 1.0207 2.2226
13130 6565.0 3.5471 20.5790 3.5471 0.9902 2.2403
13140 6570.0 3.5523 19.5400 3.5523 1.0428 2.2468
13150 6575.0 3.5354 23.0292 3.5354 1.0211 2.3292
13160 6580.0 3.5437 21.2896 3.5437 1.0273 2.3355
13170 6585.0 3.5407 21.9061 3.5407 1.0271 2.3761
13180 6590.0 3.5479 20.4238 3.5479 1.0147 2.3972
13190 6595.0 3.5472 20.5694 3.5472 1.0433 2.4081
13200 6600.0 3.5214 26.1293 3.5214 1.0154 2.4729
13210 6605.0 3.5439 21.2338 3.5439 1.0010 2.4208
13220 6610.0 3.5588 18.2742 3.5588 1.0163 2.4313
13230 6615.0 3.5586 18.3105 3.5586 1.0130 2.3903
13240 6620.0 3.5479 20.4184 3.5479 1.0161 2.4231
13250 6625.0 3.5502 19.9603 3.5502 1.0835 2.3904
13260 6630.0 3.5133 28.0218 3.5133 0.9876 2.4242
13270 6635.0 3.5233 25.7048 3.5233 1.0415 2.3436
13280 6640.0 3.5238 25.5910 3.5238 1.0273 2.3890
13290 6645.0 3.5287 24.4928 3.5287 1.0356 2.4186
13300 6650.0 3.5375 22.5702 3.5375 1.0327 2.4202
13310 6655.0 3.5451 20.9880 3.5451 1.0237 2.4055
13320 6660.0 3.5544 19.1229 3.5544 1.0335 2.4480
13330 6665.0 3.5512 19.7632 3.5512 0.9974 2.5110
13340 6670.0 3.5614 17.7905 3.5614 1.0548 2.5258
13350 6675.0 3.5805 14.3700 3.5805 0.9935 2.5477
13360 6680.0 3.6020 10.9511 3.6020 1.0262 2.5477
13370 6685.0 3.5908 12.6776 3.5908 1.0045 2.5713
13380 6690.0 3.5946 12.0673 3.5946 1.0267 2.5912
13390 6695.0 3.6312 7.0611 3.6312 1.0197 2.5527
13400 6700.0 3.6084 10.0188 3.6084 0.9940 2.5828
13410 6705.0 3.6410 5.9370 3.6410 1.0483 2.5500
13420 6710.0 3.6148 9.1330 3.6148 0.9808 2.5736
13430 6715.0 3.6173 8.8034 3.6173 1.0475 2.5228
13440 6720.0 3.6127 9.4238 3.6127 0.9707 2.5480
13450 6725.0 3.6234 8.0123 3.6234 1.0477 2.5425
13460 6730.0 3.5872 13.2585 3.5872 0.9518 2.6072
13470 6735.0 3.6028 10.8303 3.6028 1.0571 2.5471
13480 6740.0 3.5960 11.8615 3.5960 0.9611 2.6118
13490 6745.0 3.5924 12.4154 3.5924 1.0473 2.5558
13500 6750.0 3.5886 13.0275 3.5886 0.9672 2.6105
13510 6755.0 3.5757 15.1938 3.5757 1.0296 2.6174
13520 6760.0 3.5659 16.9452 3.5659 0.9884 2.6162
13530 6765.0 3.5561 18.8000 3.5561 1.0165 2.5979
13540 6770.0 3.5651 17.1007 3.5651 0.9819 2.5934
13550 6775.0 3.5728 15.6911 3.5728 1.0190 2.5800
13560 6780.0 3.5640 17.3031 3.5640 1.0254 2.5906
13570 6785.0 3.5587 18.3019 3.5587 0.9848 2.5672
13580 6790.0 3.5736 15.5525 3.5736 1.0549 2.5328
13590 6795.0 3.5739 15.5139 3.5739 0.9595 2.5164
13600 6800.0 3.5926 12.3908 3.5926 1.0379 2.4571
13610 6805.0 3.5796 14.5222 3.5796 0.9674 2.4278
13620 6810.0 3.5896 12.8689 3.5896 1.0266 2.3973
13630 6815.0 3.5780 14.7951 3.5780 0.9978 2.3708
13640 6820.0 3.5812 14.2449 3.5812 1.0038 2.3670
13650 6825.0 3.5827 13.9917 3.5827 1.0164 2.3411
13660 6830.0 3.5671 16.7316 3.5671 0.9957 2.3149
13670 6835.0 3.5613 17.7985 3.5613 1.0002 2.3508
13680 6840.0 3.5629 17.4994 3.5629 1.0202 2.3084
13690 6845.0 3.5590 18.2440 3.5590 0.9948 2.3532
13700 6850.0 3.5513 19.7313 3.5513 1.0271 2.3751
13710 6855.0 3.5491 20.1739 3.5491 0.9957 2.3303
13720 6860.0 3.5543 19.1548 3.5543 1.0021 2.3482
13730 6865.0 3.5606 17.9349 3.5606 1.0158 2.3918
13740 6870.0 3.5625 17.5713 3.5625 1.0160 2.4335
13750 6875.0 3.5629 17.4959 3.5629 1.0177 2.4248
13760 6880.0 3.5693 16.3182 3.5693 1.0086 2.3931
13770 6885.0 3.5658 16.9683 3.5658 1.0097 2.3436
13780 6890.0 3.5632 17.4411 3.5632 1.0041 2.3721
13790 6895.0 3.5723 15.7894 3.5723 1.0197 2.3525
13800 6900.0 3.5726 15.7409 3.5726 1.0117 2.3159
13810 6905.0 3.5532 19.3588 3.5532 1.0176 2.3199
13820 6910.0 3.5608 17.9070 3.5608 1.0065 2.2834
13830 6915.0 3.5701 16.1760 3.5701 0.9948 2.2918
13840 6920.0 3.5409 21.8629 3.5409 1.0410 2.4158
13850 6925.0 3.5761 15.1140 3.5761 0.9955 2.3150
13860 6930.0 3.5695 16.2949 3.5695 1.0059 2.2729
13870 6935.0 3.5616 17.7410 3.5616 1.0297 2.3552
13880 6940.0 3.5913 12.5942 3.5913 1.0112 2.3077
13890 6945.0 3.5986 11.4586 3.5986 0.9982 2.2993
13900 6950.0 3.5819 14.1260 3.5819 1.0166 2.3507
13910 6955.0 3.5981 11.5358 3.5981 0.9914 2.3024
13920 6960.0 3.5846 13.6828 3.5846 1.0211 2.3849
13930 6965.0 3.6049 10.5312 3.6049 1.0144 2.3398
13940 6970.0 3.6006 11.1596 3.6006 0.9984 2.3705
13950 6975.0 3.6081 10.0622 3.6081 1.0430 2.3507
13960 6980.0 3.6036 10.7129 3.6036 0.9679 2.3496
13970 6985.0 3.5975 11.6238 3.5975 1.0696 2.3673
13980 6990.0 3.5799 14.4677 3.5799 0.9832 2.3974
13990 6995.0 3.5976 11.6085 3.5976 1.0270 2.3435
14000 7000.0 3.5771 14.9542 3.5771 0.9882 2.3516
14010 7005.0 3.5650 17.1049 3.5650 0.9934 2.3603
14020 7010.0 3.5591 18.2227 3.5591 1.0074 2.3670
14030 7015.0 3.5472 20.5727 3.5472 1.0319 2.4560
14040 7020.0 3.5248 25.3628 3.5248 1.0012 2.5170
14050 7025.0 3.5471 20.5768 3.5471 1.0340 2.4621
14060 7030.0 3.5520 19.6060 3.5520 0.9993 2.3937
14070 7035.0 3.5397 22.1148 3.5397 1.0032 2.3472
14080 7040.0 3.5572 18.5767 3.5572 0.9971 2.4261
14090 7045.0 3.5327 23.6095 3.5327 1.0043 2.4944
14100 7050.0 3.5490 20.1955 3.5490 0.9981 2.4505
14110 7055.0 3.5641 17.2704 3.5641 1.0183 2.3880
14120 7060.0 3.5605 17.9506 3.5605 0.9761 2.3743
14130 7065.0 3.5689 16.3989 3.5689 1.0234 2.3702
14140 7070.0 3.5692 16.3426 3.5692 0.9759 2.3309
14150 7075.0 3.5971 11.6921 3.5971 1.0474 2.2946
14160 7080.0 3.5841 13.7667 3.5841 0.9602 2.2762
14170 7085.0 3.5907 12.6932 3.5907 1.0483 2.2951
14180 7090.0 3.5758 15.1740 3.5758 0.9627 2.2989
14190 7095.0 3.5857 13.5042 3.5857 1.0589 2.3019
14200 7100.0 3.5522 19.5701 3.5522 0.9689 2.3391
14210 7105.0 3.5847 13.6575 3.5847 1.0395 2.2986
14220 7110.0 3.5588 18.2870 3.5588 0.9844 2.3800
14230 7115.0 3.5777 14.8447 3.5777 1.0138 2.2961
14240 7120.0 3.5561 18.7899 3.5561 0.9927 2.4440
14250 7125.0 3.6062 10.3437 3.6062 1.0098 2.3344
14260 7130.0 3.6068 10.2528 3.6068 0.9873 2.4245
14270 7135.0 3.6035 10.7374 3.6035 1.0349 2.4486
14280 7140.0 3.5712 15.9778 3.5712 0.9650 2.4953
14290 7145.0 3.5631 17.4634 3.5631 1.0622 2.5379
14300 7150.0 3.5522 19.5577 3.5522 0.9855 2.5273
14310 7155.0 3.5297 24.2639 3.5297 0.9949 2.5542
14320 7160.0 3.5144 27.7561 3.5144 1.0263 2.5676
14330 7165.0 3.5343 23.2568 3.5343 0.9745 2.5382
14340 7170.0 3.5703 16.1498 3.5703 1.0154 2.5510
14350 7175.0 3.5937 12.2133 3.5937 1.0285 2.5282
14360 7180.0 3.5911 12.6251 3.5911 0.9828 2.5002
14370 7185.0 3.6013 11.0554 3.6013 1.0519 2.4746
14380 7190.0 3.5975 11.6232 3.5975 0.9722 2.4644
14390 7195.0 3.6055 10.4364 3.6055 1.0469 2.4347
14400 7200.0 3.5521 19.5854 3.5521 1.0245 2.5174
14410 7205.0 3.5933 12.2763 3.5933 1.0236 2.4247
14420 7210.0 3.5817 14.1665 3.5817 0.9921 2.3905
14430 7215.0 3.5648 17.1441 3.5648 1.0228 2.4640
14440 7220.0 3.5466 20.6908 3.5466 1.0311 2.4756
14450 7225.0 3.5298 24.2411 3.5298 0.9682 2.3772
14460 7230.0 3.5314 23.9021 3.5314 1.0244 2.4787
14470 7235.0 3.5743 15.4435 3.5743 1.0007 2.3848
14480 7240.0 3.5692 16.3438 3.5692 0.9844 2.3827
14490 7245.0 3.5600 18.0526 3.5600 1.0177 2.3991
14500 7250.0 3.5375 22.5883 3.5375 0.9720 2.3129
14510 7255.0 3.5546 19.0910 3.5546 1.0245 2.3641
14520 7260.0 3.5329 23.5633 3.5329 0.9601 2.3698
14530 7265.0 3.5572 18.5951 3.5572 1.0589 2.3270
14540 7270.0 3.5384 22.3973 3.5384 0.9791 2.3468
14550 7275.0 3.5219 26.0246 3.5219 1.0303 2.3986
14560 7280.0 3.5121 28.3051 3.5121 1.0390 2.3636
14570 7285.0 3.4965 32.1408 3.4965 1.0009 2.4317
14580 7290.0 3.5123 28.2486 3.5123 1.0638 2.4122
14590 7295.0 3.4870 34.5892 3.4870 0.9668 2.4397
14600 7300.0 3.5131 28.0571 3.5131 1.0603 2.4673
14610 7305.0 3.4996 31.3530 3.4996 1.0309 2.5145
14620 7310.0 3.5099 28.8249 3.5099 0.9947 2.4700
14630 7315.0 3.5295 24.3197 3.5295 1.0559 2.5437
14640 7320.0 3.5550 19.0056 3.5550 1.0057 2.5243
14650 7325.0 3.5814 14.2091 3.5814 1.0173 2.5207
14660 7330.0 3.6031 10.7875 3.6031 1.0310 2.5287
14670 7335.0 3.6108 9.6878 3.6108 0.9802 2.4874
14680 7340.0 3.6155 9.0516 3.6155 1.0194 2.5164
14690 7345.0 3.6103 9.7595 3.6103 0.9528 2.5008
14700 7350.0 3.6220 8.1909 3.6220 1.0422 2.4679
14710 7355.0 3.6238 7.9640 3.6238 0.9659 2.4807
14720 7360.0 3.6349 6.6213 3.6349 1.0277 2.4652
14730 7365.0 3.5848 13.6512 3.5848 0.9879 2.5158
14740 7370.0 3.5959 11.8689 3.5959 1.0122 2.4694
14750 7375.0 3.5613 17.7992 3.5613 1.0200 2.4972
14760 7380.0 3.5592 18.2035 3.5592 0.9729 2.4619
14770 7385.0 3.5933 12.2815 3.5933 1.0464 2.4165
14780 7390.0 3.5867 13.3322 3.5867 0.9606 2.3398
14790 7395.0 3.5899 12.8190 3.5899 1.0216 2.3399
14800 7400.0 3.5709 16.0454 3.5709 0.9694 2.4212
14810 7405.0 3.5830 13.9526 3.5830 1.0305 2.3476
14820 7410.0 3.5572 18.5906 3.5572 0.9712 2.3301
14830 7415.0 3.5250 25.3026 3.5250 1.0265 2.3058
14840 7420.0 3.5066 29.6334 3.5066 0.9800 2.2832
14850 7425.0 3.5210 26.2212 3.5210 0.9946 2.2547
14860 7430.0 3.5445 21.1169 3.5445 1.0219 2.3289
14870 7435.0 3.5490 20.2073 3.5490 1.0120 2.3861
14880 7440.0 3.5794 14.5571 3.5794 0.9928 2.3028
14890 7445.0 3.5962 11.8224 3.5962 1.0034 2.3497
14900 7450.0 3.6038 10.6870 3.6038 1.0219 2.3335
14910 7455.0 3.6064 10.3078 3.6064 0.9709 2.2942
14920 7460.0 3.5998 11.2869 3.5998 1.0562 2.2906
14930 7465.0 3.5671 16.7302 3.5671 0.9599 2.3042
14940 7470.0 3.5452 20.9754 3.5452 0.9947 2.3442
14950 7475.0 3.5854 13.5459 3.5854 1.0344 2.3136
14960 7480.0 3.5986 11.4673 3.5986 0.9726 2.2972
14970 7485.0 3.5957 11.8969 3.5957 1.0353 2.3426
14980 7490.0 3.6040 10.6516 3.6040 0.9899 2.3433
14990 7495.0 3.6005 11.1753 3.6005 0.9859 2.3270
15000 7500.0 3.5791 14.6030 3.5791 0.9991 2.4335
15010 7505.0 3.6146 9.1627 3.6146 1.0166 2.4096
15020 7510.0 3.6242 7.9107 3.6242 0.9520 2.3953
15030 7515.0 3.6323 6.9309 3.6323 1.0077 2.4292
15040 7520.0 3.6207 8.3654 3.6207 0.9795 2.4444
15050 7525.0 3.6412 5.9158 3.6412 1.0163 2.4034
15060 7530.0 3.6213 8.2820 3.6213 0.9900 2.4253
15070 7535.0 3.6351 6.6036 3.6351 1.0073 2.3631
15080 7540.0 3.6282 7.4236 3.6282 0.9866 2.3644
15090 7545.0 3.6166 8.8935 3.6166 0.9989 2.3612
15100 7550.0 3.6158 9.0089 3.6158 1.0099 2.3324
15110 7555.0 3.6008 11.1288 3.6008 0.9992 2.3039
15120 7560.0 3.5941 12.1585 3.5941 1.0145 2.3312
15130 7565.0 3.5764 15.0707 3.5764 1.0008 2.3490
15140 7570.0 3.5713 15.9604 3.5713 1.0322 2.3023
15150 7575.0 3.5463 20.7434 3.5463 0.9881 2.3571
15160 7580.0 3.5756 15.2033 3.5756 1.0527 2.2904
15170 7585.0 3.5680 16.5629 3.5680 0.9548 2.2666
15180 7590.0 3.5758 15.1780 3.5758 1.0425 2.2850
15190 7595.0 3.5447 21.0729 3.5447 0.9749 2.3676
15200 7600.0 3.5745 15.4040 3.5745 1.0450 2.2861
15210 7605.0 3.5719 15.8685 3.5719 0.9561 2.3641
15220 7610.0 3.5862 13.4178 3.5862 1.0514 2.3160
15230 7615.0 3.5632 17.4478 3.5632 0.9695 2.4284
15240 7620.0 3.5994 11.3462 3.5994 1.0750 2.3881
15250 7625.0 3.5541 19.1806 3.5541 0.9656 2.4563
15260 7630.0 3.5865 13.3629 3.5865 1.0827 2.3652
15270 7635.0 3.5561 18.7963 3.5561 0.9507 2.4090
15280 7640.0 3.5841 13.7581 3.5841 1.0681 2.3383
15290 7645.0 3.5659 16.9523 3.5659 0.9785 2.4016
15300 7650.0 3.5616 17.7509 3.5616 1.0418 2.3915
15310 7655.0 3.5789 14.6388 3.5789 0.9861 2.3095
15320 7660.0 3.5976 11.6076 3.5976 1.0202 2.3139
15330 7665.0 3.5943 12.1162 3.5943 0.9905 2.3199
15340 7670.0 3.5902 12.7629 3.5902 1.0215 2.3028
15350 7675.0 3.5550 19.0158 3.5550 1.0219 2.3739
15360 7680.0 3.5876 13.1879 3.5876 0.9967 2.3149
15370 7685.0 3.5454 20.9262 3.5454 1.0139 2.3940
15380 7690.0 3.5675 16.6554 3.5675 0.9774 2.3313
15390 7695.0 3.5817 14.1684 3.5817 1.0568 2.3988
15400 7700.0 3.5809 14.2979 3.5809 1.0162 2.3942
15410 7705.0 3.5708 16.0541 3.5708 0.9915 2.2970
15420 7710.0 3.5597 18.1038 3.5597 1.0352 2.4154
15430 7715.0 3.5800 14.4463 3.5800 1.0226 2.3518
15440 7720.0 3.5594 18.1591 3.5594 0.9773 2.2918
15450 7725.0 3.5362 22.8641 3.5362 1.0510 2.3966
15460 7730.0 3.5214 26.1305 3.5214 1.0526 2.3800
15470 7735.0 3.5152 27.5703 3.5152 0.9478 2.2166
15480 7740.0 3.5545 19.1037 3.5545 1.0463 2.3410
15490 7745.0 3.4985 31.6145 3.4985 1.0129 2.5231
15500 7750.0 3.5442 21.1778 3.5442 1.0466 2.4260
15510 7755.0 3.5500 20.0092 3.5500 0.9778 2.5388
15520 7760.0 3.6000 11.2489 3.6000 1.0893 2.5211
15530 7765.0 3.5679 16.5828 3.5679 0.9521 2.5523
15540 7770.0 3.5714 15.9448 3.5714 1.0390 2.4896
15550 7775.0 3.5612 17.8234 3.5612 1.0116 2.5647
15560 7780.0 3.5854 13.5533 3.5854 1.0506 2.4549
15570 7785.0 3.5540 19.2075 3.5540 0.9431 2.4109
15580 7790.0 3.5688 16.4212 3.5688 1.0509 2.4278
15590 7795.0 3.5601 18.0262 3.5601 0.9901 2.4497
15600 7800.0 3.6136 9.3000 3.6136 1.0261 2.3873
15610 7805.0 3.5608 17.9018 3.5608 0.9998 2.5213
15620 7810.0 3.5592 18.2101 3.5592 1.0175 2.4414
15630 7815.0 3.5845 13.6874 3.5845 0.9813 2.5108
15640 7820.0 3.6071 10.2129 3.6071 1.0798 2.4987
15650 7825.0 3.5926 12.3807 3.5926 0.9530 2.4307
15660 7830.0 3.6195 8.5190 3.6195 1.0520 2.4528
15670 7835.0 3.5851 13.5927 3.5851 0.9644 2.4768
15680 7840.0 3.5834 13.8802 3.5834 1.0330 2.4315
15690 7845.0 3.5742 15.4564 3.5742 0.9822 2.5035
15700 7850.0 3.6039 10.6773 3.6039 1.0300 2.4714
15710 7855.0 3.5603 17.9889 3.5603 0.9849 2.5473
15720 7860.0 3.5846 13.6863 3.5846 1.0501 2.4619
15730 7865.0 3.5439 21.2290 3.5439 0.9938 2.5984
15740 7870.0 3.5364 22.8082 3.5364 1.0403 2.6216
15750 7875.0 3.5554 18.9393 3.5554 0.9979 2.4877
15760 7880.0 3.5704 16.1352 3.5704 1.0179 2.4587
15770 7885.0 3.5554 18.9409 3.5554 1.0172 2.4638
15780 7890.0 3.5395 22.1512 3.5395 0.9947 2.4569
15790 7895.0 3.5442 21.1718 3.5442 1.0399 2.4459
15800 7900.0 3.5278 24.6785 3.5278 0.9670 2.4397
15810 7905.0 3.5486 20.2899 3.5486 1.0456 2.4071
15820 7910.0 3.5221 25.9658 3.5221 1.0234 2.4896
15830 7915.0 3.5041 30.2240 3.5041 1.0051 2.5466
15840 7920.0 3.5190 26.6839 3.5190 1.0277 2.5235
15850 7925.0 3.5390 22.2624 3.5390 1.0085 2.4431
15860 7930.0 3.5596 18.1173 3.5596 1.0087 2.4141
15870 7935.0 3.5548 19.0527 3.5548 1.0019 2.4501
15880 7940.0 3.5647 17.1626 3.5647 1.0102 2.4759
15890 7945.0 3.5740 15.4815 3.5740 1.0266 2.5213
15900 7950.0 3.6020 10.9471 3.6020 0.9979 2.5017
15910 7955.0 3.6271 7.5478 3.6271 1.0261 2.4924
15920 7960.0 3.6283 7.4101 3.6283 0.9931 2.4946
15930 7965.0 3.6328 6.8669 3.6328 1.0208 2.5378
15940 7970.0 3.6168 8.8686 3.6168 1.0025 2.5441
15950 7975.0 3.6256 7.7432 3.6256 1.0371 2.4337
15960 7980.0 3.5866 13.3539 3.5866 0.9744 2.4637
15970 7985.0 3.6006 11.1613 3.6006 1.0389 2.4099
15980 7990.0 3.5931 12.3094 3.5931 0.9887 2.4178
15990 7995.0 3.5927 12.3791 3.5927 1.0441 2.4329
16000 8000.0 3.5828 13.9821 3.5828 0.9802 2.4211
16010 8005.0 3.5918 12.5096 3.5918 1.0309 2.3815
16020 8010.0 3.5653 17.0478 3.5653 1.0090 2.5112
16030 8015.0 3.5684 16.4867 3.5684 1.0316 2.5692
16040 8020.0 3.5726 15.7412 3.5726 0.9942 2.5744
16050 8025.0 3.5950 12.0110 3.5950 1.0240 2.5725
16060 8030.0 3.6052 10.4869 3.6052 1.0329 2.5901
16070 8035.0 3.6098 9.8235 3.6098 0.9904 2.5116
16080 8040.0 3.6040 10.6545 3.6040 1.0316 2.5882
16090 8045.0 3.6187 8.6205 3.6187 1.0171 2.5528
16100 8050.0 3.6090 9.9451 3.6090 0.9934 2.5234
16110 8055.0 3.5889 12.9756 3.5889 1.0540 2.5276
16120 8060.0 3.6148 9.1423 3.6148 1.0000 2.4377
16130 8065.0 3.6165 8.9130 3.6165 1.0016 2.4101
16140 8070.0 3.5950 12.0156 3.5950 1.0474 2.4158
16150 8075.0 3.6021 10.9369 3.6021 0.9752 2.3230
16160 8080.0 3.5977 11.5956 3.5977 1.0256 2.2918
16170 8085.0 3.5402 21.9988 3.5402 1.0156 2.3840
16180 8090.0 3.5568 18.6603 3.5568 1.0257 2.2755
16190 8095.0 3.5496 20.0899 3.5496 0.9714 2.2294
16200 8100.0 3.5511 19.7813 3.5511 1.0540 2.3204
16210 8105.0 3.5738 15.5163 3.5738 0.9929 2.2967
16220 8110.0 3.5741 15.4743 3.5741 1.0090 2.2116
16230 8115.0 3.5544 19.1276 3.5544 1.0071 2.3705
16240 8120.0 3.5828 13.9833 3.5828 1.0234 2.2888
16250 8125.0 3.5851 13.5911 3.5851 0.9863 2.3833
16260 8130.0 3.5969 11.7215 3.5969 1.0894 2.3900
16270 8135.0 3.5891 12.9397 3.5891 0.9546 2.3815
16280 8140.0 3.5731 15.6479 3.5731 1.0274 2.4112
16290 8145.0 3.5858 13.4832 3.5858 0.9945 2.3441
16300 8150.0 3.5809 14.2899 3.5809 0.9998 2.3359
16310 8155.0 3.5672 16.7168 3.5672 1.0401 2.3589
16320 8160.0 3.5543 19.1588 3.5543 0.9908 2.2884
16330 8165.0 3.5523 19.5386 3.5523 1.0333 2.3781
16340 8170.0 3.5514 19.7210 3.5514 1.0345 2.3639
16350 8175.0 3.5359 22.9171 3.5359 0.9884 2.3315
16360 8180.0 3.5337 23.4005 3.5337 1.0325 2.4173
16370 8185.0 3.5235 25.6465 3.5235 0.9802 2.3643
16380 8190.0 3.5416 21.7059 3.5416 1.0523 2.3970
16390 8195.0 3.5222 25.9536 3.5222 0.9818 2.4005
16400 8200.0 3.5404 21.9760 3.5404 1.0495 2.3180
16410 8205.0 3.5040 30.2673 3.5040 0.9749 2.3719
16420 8210.0 3.5227 25.8281 3.5227 1.0112 2.3285
16430 8215.0 3.5334 23.4548 3.5334 1.0326 2.3924
16440 8220.0 3.5548 19.0515 3.5548 1.0375 2.4326
16450 8225.0 3.5527 19.4676 3.5527 1.0064 2.4864
16460 8230.0 3.5962 11.8297 3.5962 1.0275 2.4435
16470 8235.0 3.6073 10.1758 3.6073 0.9925 2.4449
16480 8240.0 3.6066 10.2855 3.6066 1.0259 2.4990
16490 8245.0 3.6137 9.2951 3.6137 0.9884 2.4682
16500 8250.0 3.6170 8.8439 3.6170 1.0186 2.5079
16510 8255.0 3.5909 12.6539 3.5909 1.0106 2.5545
16520 8260.0 3.6023 10.9136 3.6023 0.9982 2.4502
16530 8265.0 3.5866 13.3519 3.5866 1.0359 2.5470
16540 8270.0 3.6252 7.7896 3.6252 0.9915 2.4527
16550 8275.0 3.6357 6.5359 3.6357 1.0194 2.4744
16560 8280.0 3.6303 7.1683 3.6303 1.0134 2.4523
16570 8285.0 3.5822 14.0807 3.5822 0.9778 2.4341
16580 8290.0 3.5532 19.3662 3.5532 1.0388 2.5652
16590 8295.0 3.5796 14.5111 3.5796 0.9807 2.4524
16600 8300.0 3.5759 15.1568 3.5759 1.0299 2.4176
16610 8305.0 3.5451 20.9857 3.5451 0.9736 2.4369
16620 8310.0 3.5436 21.3040 3.5436 1.0051 2.4196
16630 8315.0 3.5298 24.2359 3.5298 0.9993 2.5340
16640 8320.0 3.5407 21.9113 3.5407 1.0355 2.5681
16650 8325.0 3.5258 25.1429 3.5258 0.9895 2.6224
16660 8330.0 3.5418 21.6754 3.5418 1.0444 2.5963
16670 8335.0 3.5280 24.6494 3.5280 0.9708 2.5960
16680 8340.0 3.5473 20.5487 3.5473 1.0469 2.5571
16690 8345.0 3.5349 23.1329 3.5349 1.0023 2.4986
16700 8350.0 3.5345 23.2154 3.5345 1.0140 2.5295
16710 8355.0 3.5355 23.0023 3.5355 1.0471 2.4821
16720 8360.0 3.5269 24.8939 3.5269 0.9494 2.5340
16730 8365.0 3.5487 20.2673 3.5487 1.1111 2.4497
16740 8370.0 3.5019 30.7758 3.5019 0.9675 2.5656
16750 8375.0 3.5193 26.6183 3.5193 1.0700 2.4997
16760 8380.0 3.4888 34.1198 3.4888 1.0505 2.6119
16770 8385.0 3.5187 26.7569 3.5187 0.9920 2.5713
16780 8390.0 3.5514 19.7195 3.5514 1.1450 2.5346
16790 8395.0 3.5219 26.0239 3.5219 0.9685 2.5699
16800 8400.0 3.5335 23.4459 3.5335 1.0668 2.5400
16810 8405.0 3.5271 24.8506 3.5271 1.0963 2.5649
16820 8410.0 3.5220 26.0018 3.5220 0.9472 2.5199
16830 8415.0 3.5653 17.0544 3.5653 1.1468 2.5081
16840 8420.0 3.5665 16.8366 3.5665 1.0575 2.4603
16850 8425.0 3.5362 22.8624 3.5362 0.9880 2.4884
16860 8430.0 3.5738 15.5304 3.5738 1.1301 2.4059
16870 8435.0 3.5292 24.3683 3.5292 0.9741 2.4813
16880 8440.0 3.5625 17.5713 3.5625 1.0530 2.4168
16890 8445.0 3.5454 20.9338 3.5454 0.9987 2.4173
16900 8450.0 3.5556 18.9032 3.5556 1.0391 2.3956
16910 8455.0 3.5485 20.3098 3.5485 1.0545 2.4135
16920 8460.0 3.5280 24.6446 3.5280 0.9845 2.4309
16930 8465.0 3.5404 21.9753 3.5404 1.0681 2.4317
16940 8470.0 3.5154 27.5203 3.5154 0.9527 2.4452
16950 8475.0 3.5302 24.1576 3.5302 1.0791 2.4350
16960 8480.0 3.5094 28.9523 3.5094 0.9551 2.4811
16970 8485.0 3.5367 22.7565 3.5367 1.0604 2.4882
16980 8490.0 3.5329 23.5562 3.5329 0.9819 2.4839
16990 8495.0 3.5381 22.4532 3.5381 1.0388 2.4603
17000 8500.0 3.5117 28.3944 3.5117 0.9864 2.5343
17010 8505.0 3.5457 20.8781 3.5457 1.0214 2.5319
17020 8510.0 3.5542 19.1781 3.5542 1.0389 2.4976
17030 8515.0 3.5464 20.7313 3.5464 0.9935 2.5554
17040 8520.0 3.5620 17.6786 3.5620 1.0548 2.5478
17050 8525.0 3.5241 25.5237 3.5241 0.9619 2.4805
17060 8530.0 3.5567 18.6741 3.5567 1.0417 2.5225
17070 8535.0 3.5544 19.1243 3.5544 0.9619 2.5058
17080 8540.0 3.5860 13.4456 3.5860 1.0589 2.4674
17090 8545.0 3.5460 20.8008 3.5460 0.9868 2.5044
17100 8550.0 3.5766 15.0302 3.5766 1.0152 2.4124
17110 8555.0 3.5584 18.3552 3.5584 1.0012 2.4924
17120 8560.0 3.5766 15.0400 3.5766 1.0072 2.3582
17130 8565.0 3.5669 16.7644 3.5669 1.0078 2.4795
17140 8570.0 3.5803 14.3950 3.5803 1.0459 2.4586
17150 8575.0 3.5808 14.3174 3.5808 0.9716 2.4130
17160 8580.0 3.5587 18.3052 3.5587 1.0432 2.5069
17170 8585.0 3.5803 14.4073 3.5803 0.9762 2.5075
17180 8590.0 3.5936 12.2299 3.5936 1.0455 2.4178
17190 8595.0 3.5655 17.0159 3.5655 0.9760 2.5705
17200 8600.0 3.6109 9.6731 3.6109 1.0669 2.4675
17210 8605.0 3.6144 9.1979 3.6144 0.9460 2.5321
17220 8610.0 3.6193 8.5465 3.6193 1.0726 2.5125
17230 8615.0 3.5668 16.7758 3.5668 0.9605 2.5872
17240 8620.0 3.6331 6.8276 3.6331 1.0772 2.4797
17250 8625.0 3.5873 13.2387 3.5873 0.9506 2.4963
17260 8630.0 3.5971 11.6857 3.5971 1.0796 2.3944
17270 8635.0 3.5973 11.6634 3.5973 0.9423 2.4111
17280 8640.0 3.6200 8.4492 3.6200 1.0742 2.3343
17290 8645.0 3.5609 17.8855 3.5609 0.9459 2.4619
17300 8650.0 3.6229 8.0766 3.6229 1.0877 2.3301
17310 8655.0 3.5881 13.1042 3.5881 0.9320 2.3469
17320 8660.0 3.5859 13.4679 3.5859 1.0955 2.3635
17330 8665.0 3.5235 25.6476 3.5235 0.9617 2.4922
17340 8670.0 3.5525 19.5093 3.5525 1.0698 2.4173
17350 8675.0 3.5431 21.4125 3.5431 1.0109 2.3460
17360 8680.0 3.5364 22.8216 3.5364 1.0148 2.3286
17370 8685.0 3.5329 23.5645 3.5329 0.9988 2.3270
17380 8690.0 3.5363 22.8295 3.5363 1.0000 2.3179
17390 8695.0 3.5332 23.4969 3.5332 1.0257 2.3931
17400 8700.0 3.5481 20.3787 3.5481 0.9870 2.3482
17410 8705.0 3.5622 17.6372 3.5622 1.0242 2.3719
17420 8710.0 3.5644 17.2182 3.5644 1.0073 2.3467
17430 8715.0 3.5632 17.4391 3.5632 0.9882 2.4103
17440 8720.0 3.5692 16.3391 3.5692 1.0308 2.3629
17450 8725.0 3.5736 15.5510 3.5736 0.9798 2.4749
17460 8730.0 3.5987 11.4528 3.5987 1.0471 2.4541
17470 8735.0 3.5878 13.1528 3.5878 0.9717 2.4784
17480 8740.0 3.5848 13.6421 3.5848 1.0477 2.4894
17490 8745.0 3.5444 21.1338 3.5444 0.9605 2.3828
17500 8750.0 3.5851 13.5964 3.5851 1.0513 2.4980
17510 8755.0 3.5975 11.6319 3.5975 0.9830 2.4817
17520 8760.0 3.6270 7.5641 3.6270 1.0608 2.4417
17530 8765.0 3.5635 17.3857 3.5635 0.9777 2.5165
17540 8770.0 3.5852 13.5783 3.5852 1.0276 2.3922
17550 8775.0 3.5850 13.6164 3.5850 0.9757 2.5395
17560 8780.0 3.5797 14.5070 3.5797 1.0566 2.5412
17570 8785.0 3.5999 11.2609 3.5999 0.9935 2.4267
17580 8790.0 3.5740 15.4859 3.5740 1.0023 2.4959
17590 8795.0 3.6084 10.0262 3.6084 0.9835 2.4019
17600 8800.0 3.5943 12.1245 3.5943 1.0251 2.4549
17610 8805.0 3.5759 15.1629 3.5759 0.9962 2.4635
17620 8810.0 3.5919 12.4905 3.5919 1.0177 2.3309
17630 8815.0 3.5733 15.6085 3.5733 0.9869 2.4686
17640 8820.0 3.5876 13.1916 3.5876 1.0344 2.4511
17650 8825.0 3.5822 14.0833 3.5822 1.0185 2.4142
17660 8830.0 3.5579 18.4508 3.5579 1.0130 2.5114
17670 8835.0 3.6047 10.5604 3.6047 1.0519 2.4169
17680 8840.0 3.5265 24.9741 3.5265 0.9594 2.3078
17690 8845.0 3.5595 18.1480 3.5595 1.0480 2.5045
17700 8850.0 3.5317 23.8197 3.5317 1.0212 2.5316
17710 8855.0 3.5199 26.4787 3.5199 0.9787 2.3117
17720 8860.0 3.5666 16.8220 3.5666 1.0216 2.4102
17730 8865.0 3.5837 13.8311 3.5837 1.0032 2.3471
17740 8870.0 3.5047 30.0783 3.5047 0.9780 2.2447
17750 8875.0 3.5267 24.9288 3.5267 1.0515 2.4810
17760 8880.0 3.5763 15.0847 3.5763 0.9810 2.4430
17770 8885.0 3.5534 19.3180 3.5534 1.0191 2.3311
17780 8890.0 3.5200 26.4589 3.5200 1.0052 2.4800
17790 8895.0 3.5429 21.4541 3.5429 1.0120 2.3259
17800 8900.0 3.5579 18.4435 3.5579 1.0076 2.4458
17810 8905.0 3.5598 18.0929 3.5598 1.0384 2.4343
17820 8910.0 3.5416 21.7059 3.5416 0.9779 2.3204
17830 8915.0 3.5375 22.5864 3.5375 1.0272 2.4607
17840 8920.0 3.5669 16.7662 3.5669 1.0350 2.3693
17850 8925.0 3.5437 21.2755 3.5437 0.9841 2.4360
17860 8930.0 3.5853 13.5606 3.5853 1.0943 2.3713
17870 8935.0 3.5612 17.8182 3.5612 0.9446 2.3722
17880 8940.0 3.5760 15.1392 3.5760 1.0598 2.3416
17890 8945.0 3.5532 19.3562 3.5532 0.9790 2.3657
17900 8950.0 3.5741 15.4662 3.5741 1.0110 2.2969
17910 8955.0 3.5494 20.1267 3.5494 1.0371 2.3356
17920 8960.0 3.5682 16.5268 3.5682 0.9946 2.2822
17930 8965.0 3.5905 12.7198 3.5905 1.0480 2.2974
17940 8970.0 3.5494 20.1296 3.5494 0.9937 2.3959
17950 8975.0 3.5695 16.2940 3.5695 1.0304 2.3046
17960 8980.0 3.5394 22.1716 3.5394 0.9819 2.4465
17970 8985.0 3.5752 15.2732 3.5752 1.0277 2.3670
17980 8990.0 3.5760 15.1390 3.5760 0.9775 2.3838
17990 8995.0 3.5823 14.0692 3.5823 1.0236 2.3994
18000 9000.0 3.5820 14.1112 3.5820 0.9740 2.3883
