# step  time_fs  cv_FeH(A)  bias(kJ/mol)  d_min_FeH(A)  d_min_OH(A)  d_min_SH(A)
0 0.0 1.7182 141.3891 1.7182 2.5114 2.4126
10 5.0 1.8997 61.3634 1.8997 2.3965 2.3724
20 10.0 2.2064 0.9518 2.2064 2.1413 2.3776
30 15.0 2.1678 3.3778 2.1678 2.2408 2.3521
40 20.0 1.9349 49.6434 1.9349 2.5528 2.1472
50 25.0 1.8934 63.5802 1.8934 2.5949 2.0251
60 30.0 2.0848 13.6397 2.0848 2.3195 2.3622
70 35.0 2.2454 0.0104 2.2454 2.2010 2.5189
80 40.0 2.0631 17.4634 2.0631 2.4405 2.3572
90 45.0 1.8905 64.6132 1.8905 2.7441 2.0825
100 50.0 2.0130 28.0770 2.0130 2.6513 2.2122
110 55.0 2.1367 6.4223 2.1367 2.3928 2.3404
120 60.0 2.1144 9.1977 2.1144 2.3721 2.2846
130 65.0 2.0626 17.5626 2.0626 2.5397 2.3911
140 70.0 1.9496 45.1174 1.9496 2.7187 2.2418
150 75.0 1.9639 40.9246 1.9639 2.6735 2.2811
160 80.0 2.0802 14.4108 2.0802 2.4568 2.4255
170 85.0 2.1086 9.9930 2.1086 2.4068 2.4362
180 90.0 2.0365 22.7813 2.0365 2.5521 2.2789
190 95.0 1.9880 34.3210 1.9880 2.6308 2.2154
200 100.0 2.0580 18.4362 2.0580 2.4735 2.3805
210 105.0 2.1200 8.4532 2.1200 2.3600 2.4788
220 110.0 2.0359 22.9151 2.0359 2.4724 2.3159
230 115.0 1.9852 35.0491 1.9852 2.6139 2.1920
240 120.0 2.0304 24.1058 2.0304 2.5897 2.3201
250 125.0 2.1279 7.4569 2.1279 2.4807 2.5335
260 130.0 2.0785 14.7120 2.0785 2.5202 2.5098
270 135.0 1.9876 34.4230 1.9876 2.6306 2.3428
280 140.0 1.9818 35.9650 1.9818 2.6051 2.3004
290 145.0 2.0428 21.4716 2.0428 2.4698 2.3993
300 150.0 2.1164 8.9276 2.1164 2.4237 2.5473
310 155.0 2.0056 29.8553 2.0056 2.5714 2.4557
320 160.0 1.9697 39.2915 1.9697 2.7067 2.3213
330 165.0 1.9651 40.5761 1.9651 2.6583 2.3300
340 170.0 2.0625 17.5805 2.0625 2.5273 2.4047
350 175.0 2.0865 13.3661 2.0865 2.4588 2.4576
360 180.0 2.0759 15.1471 2.0759 2.4970 2.4256
370 185.0 2.0999 11.2646 2.0999 2.5802 2.3502
380 190.0 2.0175 27.0362 2.0175 2.6197 2.2351
390 195.0 2.0326 23.6406 2.0326 2.6040 2.2417
400 200.0 2.1035 10.7384 2.1035 2.6031 2.3436
410 205.0 2.0926 12.3828 2.0926 2.5929 2.3781
420 210.0 2.0725 15.7538 2.0725 2.6046 2.3305
430 215.0 2.0318 23.8040 2.0318 2.6408 2.2744
440 220.0 2.0051 29.9994 2.0051 2.5079 2.3657
450 225.0 2.0285 24.5283 2.0285 2.4648 2.4738
460 230.0 2.0438 21.2505 2.0438 2.5423 2.4979
470 235.0 1.9821 35.8937 1.9821 2.5189 2.3573
480 240.0 2.0021 30.7353 2.0021 2.5114 2.3685
490 245.0 2.0047 30.0981 2.0047 2.5131 2.3658
500 250.0 1.9939 32.7944 1.9939 2.4391 2.4926
510 255.0 2.0201 26.4287 2.0201 2.4864 2.5156
520 260.0 1.9753 37.7378 1.9753 2.4623 2.4293
530 265.0 1.9688 39.5277 1.9688 2.4762 2.3218
540 270.0 2.0048 30.0733 2.0048 2.4951 2.3204
550 275.0 1.9936 32.8671 1.9936 2.4811 2.4458
560 280.0 1.9653 40.5257 1.9653 2.5343 2.5240
570 285.0 1.9862 34.7886 1.9862 2.4489 2.4548
580 290.0 2.0406 21.9231 2.0406 2.4259 2.2483
590 295.0 1.9739 38.1124 1.9739 2.5312 2.1558
600 300.0 1.9183 55.0062 1.9183 2.6304 2.3201
610 305.0 1.9344 49.7899 1.9344 2.5823 2.4225
620 310.0 2.0590 18.2340 2.0590 2.4148 2.3844
630 315.0 2.1028 10.8307 2.1028 2.3669 2.3261
640 320.0 2.0079 29.3068 2.0079 2.5950 2.3190
650 325.0 1.9203 54.3406 1.9203 2.7178 2.3183
660 330.0 1.9818 35.9527 1.9818 2.6840 2.2871
670 335.0 2.1025 10.8807 2.1025 2.5610 2.3276
680 340.0 2.1135 9.3213 2.1135 2.5893 2.4167
690 345.0 1.9908 33.6006 1.9908 2.7681 2.4386
700 350.0 1.9562 43.1501 1.9562 2.8215 2.3380
710 355.0 2.0342 23.2797 2.0342 2.7461 2.4318
720 360.0 2.1028 10.8412 2.1028 2.7100 2.4611
730 365.0 2.0831 13.9346 2.0831 2.7722 2.4658
740 370.0 2.0185 26.7851 2.0185 2.9027 2.3696
750 375.0 1.9884 34.2084 1.9884 2.9154 2.3195
760 380.0 2.0395 22.1512 2.0395 2.8067 2.4292
770 385.0 2.0807 14.3338 2.0807 2.7555 2.5020
780 390.0 2.0266 24.9550 2.0266 2.8215 2.3944
790 395.0 2.0061 29.7511 2.0061 2.8114 2.3367
800 400.0 2.0122 28.2812 2.0122 2.7412 2.3544
810 405.0 2.0458 20.8563 2.0458 2.6404 2.4215
820 410.0 2.0334 23.4568 2.0334 2.5907 2.4379
830 415.0 1.9934 32.9196 1.9934 2.5735 2.4028
840 420.0 2.0147 27.6835 2.0147 2.5112 2.4265
850 425.0 2.0637 17.3508 2.0637 2.4569 2.4886
860 430.0 2.0563 18.7563 2.0563 2.4829 2.4798
870 435.0 2.0248 25.3555 2.0248 2.5216 2.4503
880 440.0 1.9877 34.4117 1.9877 2.5433 2.4372
890 445.0 2.0297 24.2683 2.0297 2.5802 2.5170
900 450.0 2.0668 16.7793 2.0668 2.5436 2.5203
910 455.0 2.0536 19.2807 2.0536 2.5198 2.5143
920 460.0 1.9626 41.2961 1.9626 2.6296 2.4514
930 465.0 1.9509 44.7396 1.9509 2.6559 2.4424
940 470.0 2.0265 24.9799 2.0265 2.5153 2.4873
950 475.0 2.0649 17.1241 2.0649 2.4200 2.5308
960 480.0 2.0151 27.5837 2.0151 2.4788 2.5127
970 485.0 1.9625 41.3214 1.9625 2.5933 2.3990
980 490.0 2.0064 29.6785 2.0064 2.5855 2.4632
990 495.0 2.0972 11.6765 2.0972 2.5205 2.4329
1000 500.0 2.0995 11.3223 2.0995 2.5590 2.4624
1010 505.0 2.0045 30.1418 2.0045 2.6681 2.4524
1020 510.0 1.9774 37.1564 1.9774 2.6698 2.3777
1030 515.0 2.0066 29.6243 2.0066 2.5834 2.4432
1040 520.0 2.0934 12.2550 2.0934 2.4827 2.4528
1050 525.0 2.0601 18.0344 2.0601 2.5672 2.4156
1060 530.0 1.9648 40.6743 1.9648 2.7395 2.4364
1070 535.0 1.9195 54.6127 1.9195 2.8016 2.3946
1080 540.0 2.0044 30.1532 2.0044 2.6994 2.4235
1090 545.0 2.0841 13.7543 2.0841 2.6381 2.3422
1100 550.0 2.0559 18.8295 2.0559 2.7338 2.3662
1110 555.0 1.9785 36.8632 1.9785 2.8649 2.4724
1120 560.0 1.9691 39.4579 1.9691 2.9029 2.4589
1130 565.0 2.0593 18.1918 2.0593 2.7579 2.4105
1140 570.0 2.0956 11.9192 2.0956 2.6560 2.3420
1150 575.0 2.0648 17.1492 2.0648 2.7199 2.3758
1160 580.0 2.0005 31.1165 2.0005 2.8828 2.4160
1170 585.0 1.9764 37.4391 1.9764 2.9376 2.4019
1180 590.0 2.0413 21.7739 2.0413 2.8779 2.4775
1190 595.0 2.0947 12.0641 2.0947 2.8056 2.4337
1200 600.0 2.0781 14.7766 2.0781 2.8483 2.3985
1210 605.0 2.0476 20.4786 2.0476 2.9872 2.4174
1220 610.0 1.9992 31.4504 1.9992 3.0719 2.3771
1230 615.0 2.0335 23.4336 2.0335 3.0386 2.3775
1240 620.0 2.1032 10.7764 2.1032 2.9399 2.3936
1250 625.0 2.0745 15.3942 2.0745 2.9473 2.3898
1260 630.0 2.0469 20.6335 2.0469 3.0184 2.3584
1270 635.0 2.0374 22.5926 2.0374 3.0812 2.4034
1280 640.0 2.0699 16.2093 2.0699 3.0000 2.4258
1290 645.0 2.0918 12.5207 2.0918 2.9091 2.3494
1300 650.0 2.0353 23.0394 2.0353 2.8829 2.2675
1310 655.0 2.0102 28.7623 2.0102 2.8911 2.3555
1320 660.0 1.9998 31.3002 1.9998 2.9074 2.5035
1330 665.0 2.0611 17.8461 2.0611 2.7867 2.4668
1340 670.0 2.0659 16.9543 2.0659 2.6902 2.3587
1350 675.0 2.0162 27.3423 2.0162 2.7367 2.3846
1360 680.0 1.9777 37.0730 1.9777 2.8498 2.4959
1370 685.0 1.9814 36.0737 1.9814 2.8201 2.5482
1380 690.0 2.0466 20.6901 2.0466 2.6798 2.4614
1390 695.0 2.0736 15.5514 2.0736 2.5928 2.4089
1400 700.0 2.0484 20.3135 2.0484 2.6877 2.4501
1410 705.0 2.0051 29.9774 2.0051 2.8131 2.4553
1420 710.0 2.0120 28.3194 2.0120 2.8329 2.3807
1430 715.0 2.0481 20.3865 2.0481 2.6880 2.3241
1440 720.0 2.1081 10.0707 2.1081 2.6556 2.3314
1450 725.0 2.0940 12.1681 2.0940 2.7165 2.4148
1460 730.0 2.0018 30.8015 2.0018 2.7776 2.3321
1470 735.0 2.0072 29.4737 2.0072 2.7012 2.3598
1480 740.0 2.0984 11.4892 2.0984 2.5919 2.4224
1490 745.0 2.1030 10.8061 2.1030 2.6003 2.3891
1500 750.0 2.0490 20.2059 2.0490 2.7472 2.3091
1510 755.0 2.0360 22.8974 2.0360 2.7826 2.3383
1520 760.0 2.0948 12.0500 2.0948 2.6766 2.4228
1530 765.0 2.0761 15.1217 2.0761 2.6519 2.4379
1540 770.0 2.0479 20.4123 2.0479 2.7624 2.4416
1550 775.0 2.0149 27.6296 2.0149 2.8608 2.4478
1560 780.0 2.0570 18.6251 2.0570 2.8176 2.3956
1570 785.0 2.0364 22.8071 2.0364 2.7618 2.2238
1580 790.0 2.0866 13.3472 2.0866 2.7323 2.2392
1590 795.0 2.0658 16.9665 2.0658 2.7720 2.3951
1600 800.0 2.0144 27.7554 2.0144 2.7782 2.4581
1610 805.0 2.0316 23.8431 2.0316 2.7192 2.3663
1620 810.0 2.0473 20.5533 2.0473 2.7067 2.2253
1630 815.0 2.0571 18.6078 2.0571 2.7314 2.2148
1640 820.0 2.0062 29.7118 2.0062 2.6901 2.3105
1650 825.0 2.0154 27.5246 2.0154 2.6478 2.3361
1660 830.0 2.0758 15.1704 2.0758 2.6667 2.2831
1670 835.0 2.0193 26.6175 2.0193 2.7520 2.2953
1680 840.0 1.9971 31.9768 1.9971 2.8116 2.4110
1690 845.0 1.9808 36.2343 1.9808 2.7505 2.4692
1700 850.0 2.0395 22.1612 2.0395 2.6710 2.4086
1710 855.0 2.0920 12.4880 2.0920 2.6759 2.3125
1720 860.0 2.0426 21.5062 2.0426 2.7962 2.3225
1730 865.0 2.0242 25.4900 2.0242 2.9319 2.4329
1740 870.0 2.0274 24.7828 2.0274 2.9572 2.4453
1750 875.0 2.0861 13.4312 2.0861 2.8933 2.4582
1760 880.0 2.1188 8.6074 2.1188 2.8998 2.4416
1770 885.0 2.0433 21.3702 2.0433 3.0487 2.4089
1780 890.0 2.0104 28.7082 2.0104 3.1003 2.3941
1790 895.0 2.1000 11.2455 2.1000 3.0551 2.4988
1800 900.0 2.1139 9.2669 2.1139 3.0262 2.4354
1810 905.0 2.0552 18.9774 2.0552 3.0790 2.3816
1820 910.0 2.0524 19.5200 2.0524 3.1154 2.4481
1830 915.0 1.9912 33.4934 1.9912 3.1425 2.3080
1840 920.0 2.0380 22.4675 2.0380 3.0792 2.3410
1850 925.0 2.0709 16.0348 2.0709 3.0225 2.4764
1860 930.0 2.0298 24.2390 2.0298 3.0144 2.4572
1870 935.0 2.0467 20.6750 2.0467 2.9899 2.4436
1880 940.0 2.0464 20.7234 2.0464 2.9482 2.3388
1890 945.0 2.0475 20.5087 2.0475 2.9147 2.3207
1900 950.0 2.0755 15.2316 2.0755 2.8386 2.4300
1910 955.0 2.0554 18.9411 2.0554 2.8154 2.4317
1920 960.0 2.0443 21.1634 2.0443 2.8629 2.4069
1930 965.0 2.0192 26.6298 2.0192 2.8878 2.2999
1940 970.0 2.0966 11.7591 2.0966 2.7732 2.3568
1950 975.0 2.1044 10.6053 2.1044 2.7140 2.4296
1960 980.0 2.0296 24.2945 2.0296 2.7657 2.3085
1970 985.0 2.0134 27.9977 2.0134 2.8124 2.3096
1980 990.0 2.0597 18.0985 2.0597 2.8151 2.4355
1990 995.0 2.0604 17.9719 2.0604 2.8495 2.3503
2000 1000.0 2.0424 21.5579 2.0424 2.8963 2.3242
2010 1005.0 2.0464 20.7231 2.0464 2.9112 2.4331
2020 1010.0 2.0622 17.6408 2.0622 2.8871 2.4298
2030 1015.0 2.0519 19.6181 2.0519 2.8788 2.1919
2040 1020.0 2.0165 27.2496 2.0165 2.9084 2.0971
2050 1025.0 2.1035 10.7304 2.1035 2.9422 2.2464
2060 1030.0 2.0830 13.9508 2.0830 3.0658 2.4665
2070 1035.0 1.9918 33.3260 1.9918 3.2610 2.3945
2080 1040.0 1.9752 37.7650 1.9752 3.3057 2.4005
2090 1045.0 2.0947 12.0556 2.0947 3.1443 2.4347
2100 1050.0 2.0938 12.2006 2.0938 3.0248 2.3256
2110 1055.0 2.0556 18.9029 2.0556 3.0685 2.2452
2120 1060.0 1.9349 49.6548 1.9349 3.1624 2.2822
2130 1065.0 1.9751 37.7739 1.9751 3.0849 2.2461
2140 1070.0 2.1052 10.4864 2.1052 2.9153 2.1952
2150 1075.0 2.0929 12.3341 2.0929 2.8317 2.2441
2160 1080.0 2.0876 13.1806 2.0876 2.9182 2.4218
2170 1085.0 1.9776 37.1142 1.9776 3.1797 2.4111
2180 1090.0 1.9280 51.8464 1.9280 3.2376 2.3732
2190 1095.0 2.0623 17.6143 2.0623 3.0505 2.4877
2200 1100.0 2.0967 11.7443 2.0967 2.9330 2.5354
2210 1105.0 2.0106 28.6463 2.0106 2.9895 2.4410
2220 1110.0 1.9573 42.8447 1.9573 3.1110 2.4209
2230 1115.0 1.9940 32.7552 1.9940 3.0946 2.4742
2240 1120.0 2.0551 18.9911 2.0551 3.0656 2.5057
2250 1125.0 2.0376 22.5567 2.0376 3.1728 2.4212
2260 1130.0 1.9774 37.1610 1.9774 3.2001 2.3731
2270 1135.0 1.9834 35.5282 1.9834 3.1527 2.3970
2280 1140.0 2.0265 24.9761 2.0265 3.0335 2.4884
2290 1145.0 2.0266 24.9554 2.0266 2.9345 2.5480
2300 1150.0 1.9734 38.2594 1.9734 2.9195 2.5222
2310 1155.0 1.9100 57.8166 1.9100 3.0328 2.4647
2320 1160.0 1.9027 60.2968 1.9027 3.0333 2.4667
2330 1165.0 1.9525 44.2656 1.9525 3.0124 2.4446
2340 1170.0 2.0337 23.3946 2.0337 3.0238 2.4349
2350 1175.0 2.0761 15.1262 2.0761 3.0322 2.3907
2360 1180.0 2.0522 19.5710 2.0522 3.0428 2.3921
2370 1185.0 2.0055 29.8944 2.0055 3.0313 2.4665
2380 1190.0 1.9669 40.0729 1.9669 2.9770 2.4097
2390 1195.0 1.9963 32.1849 1.9963 2.9817 2.3962
2400 1200.0 2.0647 17.1666 2.0647 3.0168 2.3252
2410 1205.0 2.0918 12.5164 2.0918 3.0237 2.3423
2420 1210.0 2.0593 18.1750 2.0593 2.9853 2.3431
2430 1215.0 1.9897 33.8743 1.9897 2.9943 2.2904
2440 1220.0 2.0171 27.1134 2.0171 3.0744 2.3502
2450 1225.0 2.0223 25.9328 2.0223 3.0771 2.2973
2460 1230.0 2.0750 15.3045 2.0750 2.9539 2.3896
2470 1235.0 2.0630 17.4819 2.0630 2.9288 2.3376
2480 1240.0 2.0092 28.9911 2.0092 3.1016 2.3777
2490 1245.0 1.9305 51.0344 1.9305 3.2458 2.4291
2500 1250.0 1.9635 41.0457 1.9635 3.1784 2.4063
2510 1255.0 2.0263 25.0234 2.0263 3.0410 2.4334
2520 1260.0 2.0784 14.7257 2.0784 3.0097 2.4025
2530 1265.0 2.0679 16.5786 2.0679 3.0714 2.4091
2540 1270.0 2.0062 29.7284 2.0062 3.1635 2.4876
2550 1275.0 1.9304 51.0722 1.9304 3.2312 2.4165
2560 1280.0 1.9613 41.6644 1.9613 3.2128 2.4186
2570 1285.0 2.0565 18.7210 2.0565 3.1210 2.4030
2580 1290.0 2.1162 8.9556 2.1162 3.0566 2.3811
2590 1295.0 2.0850 13.6168 2.0850 3.1102 2.4465
2600 1300.0 1.9942 32.7205 1.9942 3.2239 2.4431
2610 1305.0 1.9703 39.1104 1.9703 3.2822 2.3992
2620 1310.0 2.0646 17.1884 2.0646 3.2435 2.4210
2630 1315.0 2.1114 9.6004 2.1114 3.2096 2.4572
2640 1320.0 2.0489 20.2189 2.0489 3.2839 2.4564
2650 1325.0 1.9499 45.0412 1.9499 3.4212 2.4227
2660 1330.0 1.9358 49.3584 1.9358 3.5001 2.3952
2670 1335.0 1.9869 34.6134 1.9869 3.5027 2.3823
2680 1340.0 2.0517 19.6614 2.0517 3.4732 2.4135
2690 1345.0 2.0649 17.1286 2.0649 3.4738 2.4705
2700 1350.0 1.9754 37.7085 1.9754 3.5829 2.4545
2710 1355.0 1.9237 53.2328 1.9237 3.6015 2.4695
2720 1360.0 1.9445 46.6530 1.9445 3.5950 2.4900
2730 1365.0 2.0148 27.6566 2.0148 3.4672 2.5047
2740 1370.0 2.0578 18.4785 2.0578 3.2880 2.4321
2750 1375.0 2.0362 22.8585 2.0362 3.2099 2.3202
2760 1380.0 2.0140 27.8535 2.0140 3.2511 2.3052
2770 1385.0 2.0065 29.6489 2.0065 3.3233 2.3302
2780 1390.0 1.9913 33.4696 1.9913 3.3700 2.3569
2790 1395.0 1.9775 37.1226 1.9775 3.4509 2.4201
2800 1400.0 2.0275 24.7519 2.0275 3.5297 2.2964
2810 1405.0 2.0620 17.6743 2.0620 3.5628 2.2275
2820 1410.0 2.0991 11.3901 2.0991 3.5336 2.2922
2830 1415.0 2.0300 24.2049 2.0300 3.5209 2.3267
2840 1420.0 2.0196 26.5306 2.0196 3.5945 2.4284
2850 1425.0 1.9833 35.5558 1.9833 3.6610 2.3733
2860 1430.0 2.0333 23.4748 2.0333 3.5968 2.3963
2870 1435.0 2.0499 20.0247 2.0499 3.5576 2.3858
2880 1440.0 2.0617 17.7315 2.0617 3.6532 2.4706
2890 1445.0 1.9802 36.4039 1.9802 3.7930 2.4323
2900 1450.0 1.9379 48.7119 1.9379 3.8106 2.4413
2910 1455.0 1.9532 44.0463 1.9532 3.7864 2.4352
2920 1460.0 2.0281 24.6190 2.0281 3.7210 2.4117
2930 1465.0 2.0946 12.0688 2.0946 3.6284 2.4348
2940 1470.0 2.0302 24.1604 2.0302 3.6342 2.4432
2950 1475.0 1.9582 42.5605 1.9582 3.7157 2.4207
2960 1480.0 1.9493 45.1984 1.9493 3.7554 2.4060
2970 1485.0 2.0272 24.8097 2.0272 3.6482 2.4341
2980 1490.0 2.0766 15.0341 2.0766 3.5370 2.3883
2990 1495.0 2.0591 18.2295 2.0591 3.5624 2.4380
3000 1500.0 2.0011 30.9748 2.0011 3.5719 2.4237
3010 1505.0 1.9577 42.7317 1.9577 3.5922 2.3691
3020 1510.0 1.9924 33.1695 1.9924 3.6032 2.4515
3030 1515.0 2.0109 28.5808 2.0109 3.5656 2.4927
3040 1520.0 2.0411 21.8286 2.0411 3.5183 2.3794
3050 1525.0 2.0236 25.6391 2.0236 3.4802 2.3150
3060 1530.0 2.0217 26.0608 2.0217 3.5225 2.4247
3070 1535.0 2.0332 23.4908 2.0332 3.4272 2.4398
3080 1540.0 2.0805 14.3689 2.0805 3.2591 2.2962
3090 1545.0 2.0525 19.5117 2.0525 3.1767 2.1916
3100 1550.0 2.0678 16.6010 2.0678 3.1940 2.2555
3110 1555.0 2.0871 13.2672 2.0871 3.3064 2.4547
3120 1560.0 2.0370 22.6837 2.0370 3.4402 2.3919
3130 1565.0 2.0389 22.2794 2.0389 3.4302 2.3669
3140 1570.0 2.0030 30.5034 2.0030 3.3686 2.2500
3150 1575.0 2.0891 12.9485 2.0891 3.3441 2.3207
3160 1580.0 2.0972 11.6794 2.0972 3.4102 2.3049
3170 1585.0 2.0211 26.1865 2.0211 3.5092 2.2865
3180 1590.0 2.0183 26.8458 2.0183 3.4774 2.4200
3190 1595.0 1.9860 34.8532 1.9860 3.3682 2.4072
3200 1600.0 2.0556 18.8944 2.0556 3.2993 2.4108
3210 1605.0 2.0750 15.3140 2.0750 3.2048 2.3070
3220 1610.0 2.0921 12.4638 2.0921 3.1185 2.3272
3230 1615.0 2.0251 25.2861 2.0251 3.1153 2.3378
3240 1620.0 2.0020 30.7403 2.0020 3.1919 2.4457
3250 1625.0 1.9759 37.5701 1.9759 3.2914 2.4635
3260 1630.0 1.9983 31.6713 1.9983 3.3030 2.4096
3270 1635.0 1.9761 37.5242 1.9761 3.2719 2.2992
3280 1640.0 2.0345 23.2232 2.0345 3.2479 2.3096
3290 1645.0 2.0981 11.5324 2.0981 3.2033 2.3020
3300 1650.0 2.0665 16.8394 2.0665 3.2252 2.3180
3310 1655.0 1.9821 35.8894 1.9821 3.2888 2.3863
3320 1660.0 1.9217 53.8952 1.9217 3.3061 2.4289
3330 1665.0 1.9490 45.3041 1.9490 3.2314 2.3361
3340 1670.0 2.0822 14.0860 2.0822 3.1140 2.3820
3350 1675.0 2.1532 4.6807 2.1532 3.0758 2.4105
3360 1680.0 2.0636 17.3686 2.0636 3.2341 2.4438
3370 1685.0 1.9061 59.1255 1.9061 3.5234 2.4253
3380 1690.0 1.8368 85.3548 1.8368 3.6703 2.3787
3390 1695.0 1.9420 47.4249 1.9420 3.4946 2.4502
3400 1700.0 2.1044 10.6020 2.1044 3.2039 2.3615
3410 1705.0 2.1669 3.4500 2.1669 3.0532 2.2598
3420 1710.0 2.0674 16.6638 2.0674 3.1303 2.2100
3430 1715.0 1.9391 48.3270 1.9391 3.2849 2.2504
3440 1720.0 1.9302 51.1322 1.9302 3.3236 2.2867
3450 1725.0 1.9753 37.7329 1.9753 3.3196 2.3977
3460 1730.0 2.0611 17.8446 2.0611 3.3307 2.3041
3470 1735.0 2.0744 15.4246 2.0744 3.2735 2.1731
3480 1740.0 2.0960 11.8542 2.0960 3.2662 2.1529
3490 1745.0 2.0793 14.5642 2.0793 3.3117 2.1974
3500 1750.0 2.0478 20.4501 2.0478 3.2483 2.3456
3510 1755.0 1.9379 48.6893 1.9379 3.2311 2.4003
3520 1760.0 1.9299 51.2354 1.9299 3.2298 2.3228
3530 1765.0 1.9667 40.1326 1.9667 3.1961 2.2371
3540 1770.0 2.0714 15.9490 2.0714 3.0676 2.3161
3550 1775.0 2.1138 9.2718 2.1138 3.0743 2.3873
3560 1780.0 2.0720 15.8471 2.0720 3.2687 2.5133
3570 1785.0 1.9697 39.2731 1.9697 3.5188 2.3709
3580 1790.0 1.9094 58.0072 1.9094 3.5795 2.2552
3590 1795.0 1.9653 40.5188 1.9653 3.5109 2.2906
3600 1800.0 2.0502 19.9523 2.0502 3.3696 2.4675
3610 1805.0 2.0771 14.9435 2.0771 3.2366 2.4921
3620 1810.0 2.0367 22.7435 2.0367 3.1737 2.3126
3630 1815.0 1.9916 33.3811 1.9916 3.1654 2.1989
3640 1820.0 2.0257 25.1513 2.0257 3.1254 2.2166
3650 1825.0 2.0966 11.7661 2.0966 3.0932 2.3352
3660 1830.0 2.0910 12.6413 2.0910 3.1383 2.4116
3670 1835.0 1.9824 35.8112 1.9824 3.2882 2.4590
3680 1840.0 1.9258 52.5630 1.9258 3.3978 2.4500
3690 1845.0 1.9691 39.4664 1.9691 3.3893 2.3679
3700 1850.0 2.0398 22.0859 2.0398 3.3027 2.3723
3710 1855.0 2.0416 21.7252 2.0416 3.3226 2.3552
3720 1860.0 2.0130 28.0848 2.0130 3.3832 2.3212
3730 1865.0 1.9787 36.8142 1.9787 3.3910 2.3575
3740 1870.0 1.9459 46.2391 1.9459 3.3500 2.4511
3750 1875.0 1.9576 42.7485 1.9576 3.2493 2.5092
3760 1880.0 1.9849 35.1284 1.9849 3.1494 2.4239
3770 1885.0 2.0027 30.5739 2.0027 3.0610 2.3451
3780 1890.0 2.0342 23.2825 2.0342 2.9822 2.3462
3790 1895.0 2.0414 21.7504 2.0414 2.9515 2.3597
3800 1900.0 2.0109 28.5763 2.0109 3.0307 2.4083
3810 1905.0 2.0099 28.8206 2.0099 3.1198 2.4797
3820 1910.0 1.9997 31.3233 1.9997 3.1989 2.5794
3830 1915.0 1.9821 35.8925 1.9821 3.3050 2.4793
3840 1920.0 1.9793 36.6380 1.9793 3.3989 2.4344
3850 1925.0 1.9955 32.3751 1.9955 3.4043 2.4077
3860 1930.0 2.0206 26.3047 2.0206 3.3090 2.4999
3870 1935.0 2.0112 28.5162 2.0112 3.3023 2.4977
3880 1940.0 1.9696 39.3082 1.9696 3.3489 2.3647
3890 1945.0 1.9609 41.7834 1.9609 3.3374 2.4349
3900 1950.0 1.9795 36.5774 1.9795 3.3279 2.4345
3910 1955.0 2.0503 19.9444 2.0503 3.2936 2.3448
3920 1960.0 2.0881 13.1102 2.0881 3.2598 2.3258
3930 1965.0 2.0761 15.1224 2.0761 3.2401 2.3731
3940 1970.0 2.0195 26.5548 2.0195 3.2324 2.3979
3950 1975.0 2.0215 26.1002 2.0215 3.2452 2.4034
3960 1980.0 2.0626 17.5521 2.0626 3.2417 2.3927
3970 1985.0 2.1029 10.8172 2.1029 3.2173 2.3850
3980 1990.0 2.0685 16.4752 2.0685 3.2267 2.4148
3990 1995.0 2.0028 30.5646 2.0028 3.3334 2.3548
4000 2000.0 2.0211 26.1920 2.0211 3.4099 2.3331
4010 2005.0 2.0086 29.1395 2.0086 3.4175 2.3328
4020 2010.0 2.0280 24.6349 2.0280 3.3276 2.3864
4030 2015.0 1.9922 33.2227 1.9922 3.3232 2.3045
4040 2020.0 2.0141 27.8245 2.0141 3.4135 2.3578
4050 2025.0 1.9722 38.6003 1.9722 3.4462 2.3291
4060 2030.0 2.0361 22.8869 2.0361 3.3198 2.1400
4070 2035.0 2.0117 28.3863 2.0117 3.2678 2.0459
4080 2040.0 2.0566 18.6957 2.0566 3.3600 2.1690
4090 2045.0 2.0122 28.2833 2.0122 3.3228 2.3129
4100 2050.0 2.0503 19.9345 2.0503 3.4020 2.3114
4110 2055.0 2.0132 28.0331 2.0132 3.5262 2.2544
4120 2060.0 2.0233 25.7056 2.0233 3.5359 2.3233
4130 2065.0 1.9928 33.0879 1.9928 3.4455 2.3475
4140 2070.0 2.0034 30.3961 2.0034 3.4341 2.3676
4150 2075.0 2.0264 25.0071 2.0264 3.4820 2.2031
4160 2080.0 2.0435 21.3274 2.0435 3.4936 2.2486
4170 2085.0 2.0767 15.0239 2.0767 3.4974 2.3936
4180 2090.0 2.0585 18.3399 2.0585 3.4676 2.3269
4190 2095.0 2.0310 23.9774 2.0310 3.5498 2.3819
4200 2100.0 2.0172 27.1048 2.0172 3.5151 2.2432
4210 2105.0 2.0200 26.4564 2.0200 3.4933 2.1994
4220 2110.0 2.0600 18.0443 2.0600 3.5053 2.2907
4230 2115.0 2.0872 13.2441 2.0872 3.4853 2.3143
4240 2120.0 2.1147 9.1484 2.1147 3.5122 2.3250
4250 2125.0 2.0375 22.5734 2.0375 3.5317 2.3233
4260 2130.0 2.0017 30.8372 2.0017 3.6117 2.2654
4270 2135.0 2.0148 27.6654 2.0148 3.6433 2.2444
4280 2140.0 2.0846 13.6747 2.0846 3.4901 2.3070
4290 2145.0 2.1341 6.7181 2.1341 3.4332 2.2098
4300 2150.0 2.0772 14.9251 2.0772 3.3982 2.1141
4310 2155.0 2.0446 21.0887 2.0446 3.4381 2.1081
4320 2160.0 1.9986 31.5906 1.9986 3.4486 2.1707
4330 2165.0 2.0124 28.2309 2.0124 3.4748 2.1986
4340 2170.0 2.0535 19.3034 2.0535 3.4357 2.2537
4350 2175.0 2.0768 14.9912 2.0768 3.4661 2.4090
4360 2180.0 1.9935 32.8929 1.9935 3.5646 2.3311
4370 2185.0 1.9541 43.7814 1.9541 3.6177 2.2903
4380 2190.0 2.0322 23.7090 2.0322 3.4903 2.4272
4390 2195.0 2.0420 21.6304 2.0420 3.3281 2.2957
4400 2200.0 2.0058 29.8194 2.0058 3.2655 2.1699
4410 2205.0 2.0244 25.4566 2.0244 3.2189 2.1513
4420 2210.0 2.0951 11.9957 2.0951 3.1605 2.2153
4430 2215.0 2.1215 8.2571 2.1215 3.1680 2.2813
4440 2220.0 2.0564 18.7456 2.0564 3.2407 2.3156
4450 2225.0 1.9922 33.2264 1.9922 3.3922 2.4200
4460 2230.0 1.9648 40.6572 1.9648 3.5349 2.3656
4470 2235.0 1.9951 32.4828 1.9951 3.5756 2.3176
4480 2240.0 2.0334 23.4514 2.0334 3.4018 2.2225
4490 2245.0 2.1124 9.4674 2.1124 3.2861 2.2383
4500 2250.0 2.1235 8.0042 2.1235 3.2710 2.2221
4510 2255.0 2.0320 23.7551 2.0320 3.3308 2.2164
4520 2260.0 1.9345 49.7803 1.9345 3.4222 2.3105
4530 2265.0 1.9041 59.8142 1.9041 3.4775 2.4008
4540 2270.0 1.9734 38.2612 1.9734 3.4784 2.5216
4550 2275.0 2.0367 22.7561 2.0367 3.4085 2.4539
4560 2280.0 2.0270 24.8564 2.0270 3.3256 2.3153
4570 2285.0 1.9542 43.7453 1.9542 3.3645 2.2406
4580 2290.0 1.8963 62.5545 1.8963 3.4585 2.2755
4590 2295.0 1.9444 46.7064 1.9444 3.4395 2.3136
4600 2300.0 2.0270 24.8596 2.0270 3.3670 2.4062
4610 2305.0 2.0933 12.2820 2.0933 3.3121 2.3553
4620 2310.0 2.0309 23.9922 2.0309 3.3594 2.2143
4630 2315.0 1.9719 38.6828 1.9719 3.3784 2.2228
4640 2320.0 1.9289 51.5513 1.9289 3.4164 2.2712
4650 2325.0 1.9991 31.4666 1.9991 3.4790 2.2228
4660 2330.0 2.0502 19.9512 2.0502 3.2700 2.2956
4670 2335.0 2.0680 16.5557 2.0680 3.1788 2.3534
4680 2340.0 2.0170 27.1500 2.0170 3.1388 2.2427
4690 2345.0 1.9879 34.3529 1.9879 3.0736 2.2694
4700 2350.0 2.0105 28.6869 2.0105 3.0335 2.3414
4710 2355.0 2.0650 17.1170 2.0650 3.0398 2.3633
4720 2360.0 2.0506 19.8714 2.0506 3.0956 2.3700
4730 2365.0 2.0312 23.9360 2.0312 3.1042 2.3244
4740 2370.0 2.0433 21.3531 2.0433 3.0391 2.3522
4750 2375.0 2.0851 13.5929 2.0851 3.0240 2.3481
4760 2380.0 2.0723 15.7812 2.0723 3.0475 2.3475
4770 2385.0 2.0462 20.7660 2.0462 3.0582 2.2964
4780 2390.0 2.0631 17.4614 2.0631 3.0474 2.3855
4790 2395.0 2.0624 17.5893 2.0624 3.0579 2.4024
4800 2400.0 2.0754 15.2376 2.0754 3.1449 2.4684
4810 2405.0 2.0442 21.1728 2.0442 3.2858 2.4546
4820 2410.0 2.0232 25.7216 2.0232 3.3584 2.4730
4830 2415.0 2.0123 28.2529 2.0123 3.3608 2.4284
4840 2420.0 2.0299 24.2125 2.0299 3.3729 2.3950
4850 2425.0 2.0762 15.0977 2.0762 3.3746 2.4326
4860 2430.0 2.0681 16.5418 2.0681 3.4289 2.4447
4870 2435.0 1.9969 32.0404 1.9969 3.5595 2.4227
4880 2440.0 1.9736 38.2114 1.9736 3.6045 2.4323
4890 2445.0 2.0436 21.3095 2.0436 3.4653 2.3976
4900 2450.0 2.0914 12.5741 2.0914 3.3230 2.2676
4910 2455.0 2.0816 14.1711 2.0816 3.2891 2.1984
4920 2460.0 2.0399 22.0637 2.0399 3.3273 2.2204
4930 2465.0 1.9852 35.0586 1.9852 3.4120 2.3116
4940 2470.0 1.9721 38.6059 1.9721 3.4526 2.4253
4950 2475.0 1.9944 32.6611 1.9944 3.4077 2.3110
4960 2480.0 2.0672 16.7156 2.0672 3.3571 2.3454
4970 2485.0 2.0575 18.5292 2.0575 3.3510 2.3917
4980 2490.0 2.0096 28.8989 2.0096 3.3437 2.4583
4990 2495.0 1.9143 56.3379 1.9143 3.3182 2.4153
5000 2500.0 1.9329 50.2674 1.9329 3.3547 2.5124
5010 2505.0 1.9667 40.1403 1.9667 3.3656 2.4934
5020 2510.0 2.0575 18.5188 2.0575 3.2982 2.5466
5030 2515.0 2.0196 26.5435 2.0196 3.3402 2.4469
5040 2520.0 1.9641 40.8693 1.9641 3.4841 2.4281
5050 2525.0 1.9371 48.9411 1.9371 3.5745 2.4060
5060 2530.0 1.9840 35.3871 1.9840 3.4932 2.4534
5070 2535.0 2.0296 24.2854 2.0296 3.4050 2.4543
5080 2540.0 2.0308 24.0299 2.0308 3.3534 2.4858
5090 2545.0 1.9709 38.9374 1.9709 3.3551 2.4892
5100 2550.0 1.9042 59.8024 1.9042 3.4046 2.4542
5110 2555.0 1.9098 57.8604 1.9098 3.3627 2.4723
5120 2560.0 2.0024 30.6481 2.0024 3.1758 2.4871
5130 2565.0 2.0733 15.6123 2.0733 3.0152 2.4199
5140 2570.0 2.0365 22.7886 2.0365 3.0553 2.4557
5150 2575.0 1.9268 52.2155 1.9268 3.1607 2.3940
5160 2580.0 1.9294 51.3980 1.9294 3.0930 2.3825
5170 2585.0 1.9867 34.6519 1.9867 2.9548 2.3439
5180 2590.0 2.0918 12.5165 2.0918 2.8692 2.4330
5190 2595.0 2.1004 11.1925 2.1004 2.8878 2.3300
5200 2600.0 2.0370 22.6820 2.0370 2.9894 2.2940
5210 2605.0 1.9262 52.4106 1.9262 3.0416 2.4214
5220 2610.0 1.9578 42.6851 1.9578 3.0044 2.4377
5230 2615.0 2.0269 24.8767 2.0269 2.9007 2.3293
5240 2620.0 2.1355 6.5597 2.1355 2.7089 2.3061
5250 2625.0 2.1165 8.9069 2.1165 2.6152 2.2651
5260 2630.0 1.9982 31.6944 1.9982 2.6985 2.1758
5270 2635.0 2.0240 25.5452 2.0240 2.7893 2.3149
5280 2640.0 2.0198 26.4978 2.0198 2.8496 2.3933
5290 2645.0 2.0403 21.9886 2.0403 2.8962 2.5159
5300 2650.0 1.9607 41.8548 1.9607 3.0257 2.3743
5310 2655.0 1.9887 34.1473 1.9887 3.1424 2.3056
5320 2660.0 2.0495 20.1052 2.0495 3.1151 2.2212
5330 2665.0 2.0930 12.3259 2.0930 3.0405 2.3213
5340 2670.0 1.9887 34.1289 1.9887 3.0311 2.3925
5350 2675.0 1.9451 46.4829 1.9451 3.0881 2.4904
5360 2680.0 1.9187 54.8644 1.9187 3.0975 2.4614
5370 2685.0 1.9701 39.1749 1.9701 2.9683 2.5012
5380 2690.0 2.0659 16.9509 2.0659 2.8523 2.5058
5390 2695.0 2.0864 13.3787 2.0864 2.8685 2.3953
5400 2700.0 2.0100 28.7977 2.0100 2.9622 2.3691
5410 2705.0 1.9129 56.8123 1.9129 3.0272 2.3868
5420 2710.0 1.9104 57.6611 1.9104 3.0466 2.3609
5430 2715.0 1.9880 34.3259 1.9880 2.9570 2.3608
5440 2720.0 2.1076 10.1381 2.1076 2.7915 2.3275
5450 2725.0 2.0820 14.1103 2.0820 2.7374 2.2436
5460 2730.0 2.0558 18.8532 2.0558 2.8144 2.2600
5470 2735.0 1.9379 48.7054 1.9379 3.0216 2.3592
5480 2740.0 1.9347 49.7158 1.9347 3.0495 2.2988
5490 2745.0 1.9588 42.4008 1.9588 2.9836 2.2473
5500 2750.0 2.0641 17.2735 2.0641 2.9834 2.3787
5510 2755.0 2.0759 15.1496 2.0759 2.9211 2.3901
5520 2760.0 2.0639 17.3225 2.0639 3.0028 2.3826
5530 2765.0 1.9610 41.7686 1.9610 3.0340 2.2503
5540 2770.0 1.9861 34.8232 1.9861 3.0784 2.2847
5550 2775.0 2.0138 27.9008 2.0138 2.9472 2.3483
5560 2780.0 2.1174 8.7903 2.1174 2.8949 2.3992
5570 2785.0 2.1294 7.2777 2.1294 3.0175 2.3810
5580 2790.0 1.9768 37.3201 1.9768 3.2319 2.3164
5590 2795.0 1.9473 45.8146 1.9473 3.2244 2.4166
5600 2800.0 1.9675 39.8944 1.9675 3.1353 2.3733
5610 2805.0 2.1017 11.0022 2.1017 3.1049 2.3639
5620 2810.0 2.0673 16.6966 2.0673 3.1634 2.2892
5630 2815.0 2.0550 19.0207 2.0550 3.1781 2.3446
5640 2820.0 1.9759 37.5582 1.9759 3.2306 2.4025
5650 2825.0 1.9160 55.7852 1.9160 3.3677 2.4191
5660 2830.0 1.9194 54.6616 1.9194 3.4555 2.3824
5670 2835.0 2.0533 19.3363 2.0533 3.2659 2.4893
5680 2840.0 2.0231 25.7342 2.0231 3.1211 2.4339
5690 2845.0 2.0004 31.1528 2.0004 3.1107 2.3615
5700 2850.0 1.9715 38.7681 1.9715 3.2420 2.3178
5710 2855.0 1.9512 44.6532 1.9512 3.2534 2.2847
5720 2860.0 2.0385 22.3709 2.0385 3.1791 2.4748
5730 2865.0 2.0341 23.3139 2.0341 3.1766 2.4455
5740 2870.0 2.0610 17.8549 2.0610 3.3357 2.3956
5750 2875.0 1.9772 37.2007 1.9772 3.5316 2.2241
5760 2880.0 1.9956 32.3635 1.9956 3.5397 2.2626
5770 2885.0 2.0174 27.0532 2.0174 3.4336 2.3171
5780 2890.0 2.0550 19.0190 2.0550 3.3837 2.4722
5790 2895.0 1.9987 31.5775 1.9987 3.4312 2.4345
5800 2900.0 1.9828 35.6996 1.9828 3.4056 2.4135
5810 2905.0 1.9847 35.1960 1.9847 3.3539 2.4003
5820 2910.0 2.0538 19.2417 2.0538 3.3244 2.3676
5830 2915.0 2.0657 16.9811 2.0657 3.2888 2.3471
5840 2920.0 2.0409 21.8695 2.0409 3.2742 2.4222
5850 2925.0 1.9517 44.4896 1.9517 3.3450 2.3842
5860 2930.0 1.9261 52.4594 1.9261 3.2858 2.2227
5870 2935.0 1.9797 36.5284 1.9797 3.1876 2.2104
5880 2940.0 2.0650 17.1196 2.0650 3.0603 2.2593
5890 2945.0 2.0961 11.8467 2.0961 2.9905 2.2687
5900 2950.0 2.0772 14.9286 2.0772 2.9868 2.1643
5910 2955.0 2.0107 28.6231 2.0107 2.9835 2.0188
5920 2960.0 2.0129 28.1055 2.0129 3.0290 2.0667
5930 2965.0 1.9865 34.7108 1.9865 3.0988 2.1902
5940 2970.0 2.0689 16.4015 2.0689 3.0488 2.2045
5950 2975.0 2.1325 6.9086 2.1325 2.9740 2.1435
5960 2980.0 2.0756 15.2148 2.0756 2.9777 2.0755
5970 2985.0 2.1171 8.8274 2.1171 2.9807 2.0784
5980 2990.0 2.0895 12.8861 2.0895 3.0351 2.1191
5990 2995.0 2.0566 18.7097 2.0566 3.0243 2.1132
6000 3000.0 2.1413 5.9071 2.1413 2.9607 2.0317
6010 3005.0 2.1545 4.5580 2.1545 2.8673 1.9232
6020 3010.0 2.1144 9.1997 2.1144 2.8246 1.8594
6030 3015.0 2.1372 6.3633 2.1372 2.7540 1.8466
6040 3020.0 2.2155 0.5963 2.2155 2.6684 1.8380
6050 3025.0 2.2025 1.1299 2.2025 2.5770 1.6919
6060 3030.0 2.1473 5.2688 2.1473 2.4653 1.4035
6070 3035.0 2.3180 2.3147 2.3180 2.2320 1.3720
6080 3040.0 2.4171 13.9686 2.4171 2.1757 1.4861
6090 3045.0 2.1488 5.1222 2.1488 2.4072 1.3770
6100 3050.0 2.1214 8.2713 2.1214 2.5075 1.4825
6110 3055.0 2.2962 1.0683 2.2962 2.4468 1.6188
6120 3060.0 2.2492 0.0003 2.2492 2.5068 1.5244
6130 3065.0 2.1546 4.5525 2.1546 2.5789 1.3650
6140 3070.0 2.3108 1.8492 2.3108 2.5220 1.4767
6150 3075.0 2.3584 5.8721 2.3584 2.4744 1.4676
6160 3080.0 2.2276 0.2508 2.2276 2.5170 1.3447
6170 3085.0 2.2728 0.2604 2.2728 2.5513 1.5184
6180 3090.0 2.2142 0.6412 2.2142 2.6407 1.6125
6190 3095.0 2.1034 10.7516 2.1034 2.6810 1.5933
6200 3100.0 2.1965 1.4292 2.1965 2.5171 1.5678
6210 3105.0 2.3285 3.0844 2.3285 2.2567 1.4503
6220 3110.0 2.3348 3.5914 2.3348 2.1421 1.3023
6230 3115.0 2.3157 2.1565 2.3157 2.2341 1.4528
6240 3120.0 2.2007 1.2165 2.2007 2.4496 1.5882
6250 3125.0 2.0887 13.0036 2.0887 2.5569 1.5751
6260 3130.0 2.1990 1.2992 2.1990 2.4307 1.5202
6270 3135.0 2.3340 3.5259 2.3340 2.2530 1.4201
6280 3140.0 2.3534 5.3456 2.3534 2.2177 1.3560
6290 3145.0 2.2761 0.3415 2.2761 2.3601 1.4341
6300 3150.0 2.1891 1.8545 2.1891 2.5463 1.5601
6310 3155.0 2.1733 2.9443 2.1733 2.6085 1.6277
6320 3160.0 2.2346 0.1187 2.2346 2.5757 1.6684
6330 3165.0 2.2082 0.8740 2.2082 2.5245 1.5412
6340 3170.0 2.2035 1.0808 2.2035 2.4469 1.3797
6350 3175.0 2.3461 4.6169 2.3461 2.3243 1.4281
6360 3180.0 2.3120 1.9202 2.3120 2.3610 1.4198
6370 3185.0 2.2114 0.7449 2.2114 2.4750 1.4306
6380 3190.0 2.1827 2.2654 2.1827 2.5353 1.4982
6390 3195.0 2.2140 0.6491 2.2140 2.4922 1.4953
6400 3200.0 2.2680 0.1627 2.2680 2.3791 1.3994
6410 3205.0 2.3589 5.9323 2.3589 2.2643 1.3740
6420 3210.0 2.3181 2.3191 2.3181 2.3206 1.3942
6430 3215.0 2.2173 0.5359 2.2173 2.4623 1.4435
6440 3220.0 2.2024 1.1313 2.2024 2.4982 1.5056
6450 3225.0 2.2615 0.0661 2.2615 2.4132 1.4949
6460 3230.0 2.2739 0.2847 2.2739 2.3218 1.3841
6470 3235.0 2.3691 7.0884 2.3691 2.1803 1.4011
6480 3240.0 2.3734 7.6134 2.3734 2.1773 1.4456
6490 3245.0 2.2439 0.0188 2.2439 2.3029 1.3950
6500 3250.0 2.2258 0.2934 2.2258 2.3415 1.4829
6510 3255.0 2.2524 0.0030 2.2524 2.2904 1.5447
6520 3260.0 2.1767 2.6881 2.1767 2.2438 1.4282
6530 3265.0 2.2223 0.3828 2.2223 2.1495 1.4170
6540 3270.0 2.2807 0.4716 2.2807 2.1039 1.4718
6550 3275.0 2.1377 6.3050 2.1377 2.2413 1.3994
6560 3280.0 2.1718 3.0568 2.1718 2.2792 1.4749
6570 3285.0 2.2245 0.3243 2.2245 2.3021 1.5175
6580 3290.0 2.1966 1.4246 2.1966 2.3219 1.3870
6590 3295.0 2.2527 0.0035 2.2527 2.3041 1.3995
6600 3300.0 2.2694 0.1876 2.2694 2.3425 1.4736
6610 3305.0 2.1400 6.0490 2.1400 2.4735 1.4754
6620 3310.0 2.1626 3.8172 2.1626 2.4864 1.4776
6630 3315.0 2.2773 0.3729 2.2773 2.3944 1.4351
6640 3320.0 2.2940 0.9673 2.2940 2.3498 1.3535
6650 3325.0 2.2703 0.2062 2.2703 2.3576 1.4129
6660 3330.0 2.1760 2.7362 2.1760 2.4606 1.4991
6670 3335.0 2.1413 5.9037 2.1413 2.5075 1.5103
6680 3340.0 2.2454 0.0107 2.2454 2.4103 1.4166
6690 3345.0 2.3795 8.3859 2.3795 2.2805 1.3775
6700 3350.0 2.3266 2.9354 2.3266 2.2979 1.3984
6710 3355.0 2.1580 4.2346 2.1580 2.4123 1.4768
6720 3360.0 2.1607 3.9904 2.1607 2.3844 1.5470
6730 3365.0 2.2548 0.0116 2.2548 2.2212 1.4993
6740 3370.0 2.2407 0.0435 2.2407 2.1505 1.3509
6750 3375.0 2.2595 0.0449 2.2595 2.1042 1.3913
6760 3380.0 2.2354 0.1062 2.2354 2.1367 1.5016
6770 3385.0 2.1224 8.1440 2.1224 2.2456 1.4713
6780 3390.0 2.1704 3.1694 2.1704 2.2206 1.4331
6790 3395.0 2.3161 2.1846 2.3161 2.1470 1.4437
6800 3400.0 2.2608 0.0584 2.2608 2.2484 1.3687
6810 3405.0 2.2032 1.0942 2.2032 2.3936 1.4310
6820 3410.0 2.2036 1.0747 2.2036 2.4849 1.5147
6830 3415.0 2.1682 3.3464 2.1682 2.4771 1.4524
6840 3420.0 2.2265 0.2752 2.2265 2.3739 1.4484
6850 3425.0 2.2415 0.0360 2.2415 2.3100 1.4775
6860 3430.0 2.2059 0.9709 2.2059 2.2940 1.4510
6870 3435.0 2.2091 0.8380 2.2091 2.2379 1.4222
6880 3440.0 2.3097 1.7849 2.3097 2.1129 1.3995
6890 3445.0 2.3049 1.5062 2.3049 2.0999 1.3536
6900 3450.0 2.1777 2.6148 2.1777 2.0651 1.4051
6910 3455.0 2.1461 5.4010 2.1461 1.9836 1.4978
6920 3460.0 2.2040 1.0580 2.2040 2.0918 1.4020
6930 3465.0 2.3114 1.8834 2.3114 2.0147 1.3592
6940 3470.0 2.2730 0.2643 2.2730 2.0254 1.4149
6950 3475.0 2.1166 8.8953 2.1166 2.1847 1.4260
6960 3480.0 2.1527 4.7333 2.1527 2.1916 1.5092
6970 3485.0 2.2312 0.1762 2.2312 2.1819 1.4621
6980 3490.0 2.2823 0.5208 2.2823 2.2023 1.3643
6990 3495.0 2.3169 2.2400 2.3169 2.2354 1.4334
7000 3500.0 2.2184 0.4995 2.2184 2.3735 1.4794
7010 3505.0 2.1276 7.4890 2.1276 2.4297 1.4898
7020 3510.0 2.2201 0.4456 2.2201 2.2783 1.5047
7030 3515.0 2.3185 2.3446 2.3185 2.0829 1.4464
7040 3520.0 2.2757 0.3315 2.2757 2.0319 1.3215
7050 3525.0 2.2751 0.3161 2.2751 1.9947 1.4433
7060 3530.0 2.2162 0.5717 2.2162 2.0575 1.5199
7070 3535.0 2.1316 7.0055 2.1316 2.1305 1.3941
7080 3540.0 2.2447 0.0140 2.2447 2.0225 1.3848
7090 3545.0 2.3413 4.1699 2.3413 1.9470 1.4551
7100 3550.0 2.1809 2.3907 2.1809 2.0716 1.3551
7110 3555.0 2.1204 8.4035 2.1204 1.9980 1.4344
7120 3560.0 2.1760 2.7386 2.1760 1.9161 1.5312
7130 3565.0 2.1672 3.4287 2.1672 2.0238 1.3739
7140 3570.0 2.2959 1.0540 2.2959 2.0921 1.3592
7150 3575.0 2.2795 0.4350 2.2795 2.0974 1.4341
7160 3580.0 2.1231 8.0537 2.1231 2.2073 1.4066
7170 3585.0 2.1938 1.5798 2.1938 2.3156 1.4852
7180 3590.0 2.2787 0.4117 2.2787 2.2710 1.4610
7190 3595.0 2.2501 0.0000 2.2501 2.3276 1.3869
7200 3600.0 2.2518 0.0017 2.2518 2.3916 1.4284
7210 3605.0 2.2322 0.1585 2.2322 2.4520 1.4833
7220 3610.0 2.1902 1.7904 2.1902 2.4732 1.4758
7230 3615.0 2.2380 0.0720 2.2380 2.3956 1.4666
7240 3620.0 2.2583 0.0341 2.2583 2.3182 1.4110
7250 3625.0 2.2800 0.4511 2.2800 2.2331 1.3982
7260 3630.0 2.2911 0.8459 2.2911 2.1776 1.4678
7270 3635.0 2.2140 0.6485 2.2140 2.1917 1.4308
7280 3640.0 2.1903 1.7809 2.1903 2.1473 1.4563
7290 3645.0 2.2630 0.0848 2.2630 2.0105 1.4967
7300 3650.0 2.2178 0.5194 2.2178 1.9747 1.4122
7310 3655.0 2.2380 0.0719 2.2380 1.9139 1.4048
7320 3660.0 2.3153 2.1296 2.3153 1.8164 1.4704
7330 3665.0 2.1918 1.6912 2.1918 1.9115 1.3896
7340 3670.0 2.1131 9.3668 2.1131 1.9905 1.4679
7350 3675.0 2.2103 0.7861 2.2103 1.9389 1.6241
7360 3680.0 2.1548 4.5297 2.1548 2.0057 1.5702
7370 3685.0 2.1017 10.9924 2.1017 2.0599 1.3977
7380 3690.0 2.3008 1.2901 2.3008 1.8963 1.4400
7390 3695.0 2.2899 0.7962 2.2899 1.9557 1.4219
7400 3700.0 2.1583 4.2055 2.1583 2.1414 1.3779
7410 3705.0 2.2232 0.3584 2.2232 2.1814 1.5572
7420 3710.0 2.2171 0.5418 2.2171 2.2290 1.5601
7430 3715.0 2.1537 4.6349 2.1537 2.2704 1.4009
7440 3720.0 2.2741 0.2903 2.2741 2.1366 1.4020
7450 3725.0 2.3624 6.3127 2.3624 2.0593 1.4385
7460 3730.0 2.2647 0.1074 2.2647 2.1341 1.3633
7470 3735.0 2.2381 0.0713 2.2381 2.1521 1.4577
7480 3740.0 2.2555 0.0150 2.2555 2.1360 1.5581
7490 3745.0 2.1761 2.7279 2.1761 2.1666 1.4349
7500 3750.0 2.2157 0.5878 2.2157 2.1008 1.3967
7510 3755.0 2.3364 3.7345 2.3364 2.0042 1.4605
7520 3760.0 2.2338 0.1311 2.2338 2.1300 1.3778
7530 3765.0 2.1507 4.9281 2.1507 2.2544 1.4154
7540 3770.0 2.2638 0.0948 2.2638 2.1878 1.5494
7550 3775.0 2.2583 0.0348 2.2583 2.2151 1.4424
7560 3780.0 2.2561 0.0185 2.2561 2.2662 1.3257
7570 3785.0 2.3553 5.5413 2.3553 2.2218 1.4478
7580 3790.0 2.2687 0.1756 2.2687 2.3386 1.4610
7590 3795.0 2.1495 5.0534 2.1495 2.4792 1.4167
7600 3800.0 2.2191 0.4784 2.2191 2.4543 1.4900
7610 3805.0 2.3089 1.7354 2.3089 2.3506 1.5106
7620 3810.0 2.2295 0.2103 2.2295 2.3509 1.3383
7630 3815.0 2.2864 0.6630 2.2864 2.2135 1.4026
7640 3820.0 2.3022 1.3637 2.3022 2.1080 1.5374
7650 3825.0 2.1431 5.7145 2.1431 2.1588 1.4217
7660 3830.0 2.2207 0.4296 2.2207 2.0250 1.4007
7670 3835.0 2.3474 4.7432 2.3474 1.8665 1.4626
7680 3840.0 2.1997 1.2658 2.1997 1.9590 1.4094
7690 3845.0 2.1274 7.5107 2.1274 2.0085 1.5042
7700 3850.0 2.2007 1.2158 2.2007 1.9301 1.5969
7710 3855.0 2.1963 1.4399 2.1963 1.9151 1.4563
7720 3860.0 2.2389 0.0620 2.2389 1.8819 1.3273
7730 3865.0 2.3522 5.2272 2.3522 1.7989 1.4623
7740 3870.0 2.2114 0.7440 2.2114 1.9634 1.4562
7750 3875.0 2.1118 9.5462 2.1118 2.0913 1.4644
7760 3880.0 2.2727 0.2576 2.2727 1.9701 1.5581
7770 3885.0 2.2814 0.4937 2.2814 1.9517 1.4132
7780 3890.0 2.2428 0.0261 2.2428 2.0072 1.3478
7790 3895.0 2.2660 0.1273 2.2660 2.0187 1.5204
7800 3900.0 2.1536 4.6481 2.1536 2.1533 1.4647
7810 3905.0 2.1639 3.7037 2.1639 2.1705 1.3816
7820 3910.0 2.3053 1.5280 2.3053 2.0659 1.4551
7830 3915.0 2.2401 0.0488 2.2401 2.1653 1.4158
7840 3920.0 2.1928 1.6378 2.1928 2.2526 1.4024
7850 3925.0 2.2837 0.5676 2.2837 2.2095 1.5193
7860 3930.0 2.2611 0.0620 2.2611 2.2542 1.4615
7870 3935.0 2.2115 0.7405 2.2115 2.3177 1.3194
7880 3940.0 2.3412 4.1596 2.3412 2.2025 1.4570
7890 3945.0 2.2972 1.1146 2.2972 2.2282 1.4836
7900 3950.0 2.1362 6.4749 2.1362 2.3341 1.3660
7910 3955.0 2.2634 0.0898 2.2634 2.1881 1.4791
7920 3960.0 2.3252 2.8302 2.3252 2.0989 1.4594
7930 3965.0 2.1822 2.3001 2.1822 2.1856 1.2768
7940 3970.0 2.2329 0.1460 2.2329 2.2068 1.5041
7950 3975.0 2.2062 0.9580 2.2062 2.3170 1.6294
7960 3980.0 2.0690 16.3794 2.0690 2.4764 1.5230
7970 3985.0 2.1790 2.5179 2.1790 2.4434 1.4671
7980 3990.0 2.3614 6.2062 2.3614 2.3423 1.4323
7990 3995.0 2.3048 1.5019 2.3048 2.4049 1.3256
8000 4000.0 2.2930 0.9249 2.2930 2.5132 1.4375
8010 4005.0 2.2557 0.0162 2.2557 2.5954 1.5395
8020 4010.0 2.1442 5.6013 2.1442 2.6151 1.4478
8030 4015.0 2.2858 0.6416 2.2858 2.4466 1.4666
8040 4020.0 2.3664 6.7739 2.3664 2.3148 1.4617
8050 4025.0 2.2218 0.3970 2.2218 2.3934 1.3915
8060 4030.0 2.1835 2.2101 2.1835 2.4429 1.4724
8070 4035.0 2.2492 0.0003 2.2492 2.3846 1.5225
8080 4040.0 2.2083 0.8691 2.2083 2.3364 1.3970
8090 4045.0 2.2556 0.0156 2.2556 2.2649 1.3962
8100 4050.0 2.3117 1.9038 2.3117 2.2547 1.4671
8110 4055.0 2.2113 0.7494 2.2113 2.3966 1.4704
8120 4060.0 2.1485 5.1507 2.1485 2.5060 1.4769
8130 4065.0 2.2370 0.0848 2.2370 2.4552 1.4957
8140 4070.0 2.2868 0.6766 2.2868 2.3762 1.4228
8150 4075.0 2.2640 0.0985 2.2640 2.3646 1.3640
8160 4080.0 2.2690 0.1799 2.2690 2.4051 1.4607
8170 4085.0 2.2310 0.1797 2.2310 2.4424 1.4939
8180 4090.0 2.1711 3.1159 2.1711 2.4552 1.3985
8190 4095.0 2.2779 0.3885 2.2779 2.3848 1.3993
8200 4100.0 2.3522 5.2251 2.3522 2.3286 1.4443
8210 4105.0 2.2421 0.0313 2.2421 2.3718 1.3812
8220 4110.0 2.1673 3.4216 2.1673 2.3855 1.4438
8230 4115.0 2.2246 0.3218 2.2246 2.2936 1.5567
8240 4120.0 2.2416 0.0354 2.2416 2.1751 1.4481
8250 4125.0 2.2939 0.9634 2.2939 2.0683 1.3441
8260 4130.0 2.3364 3.7352 2.3364 1.9851 1.4256
8270 4135.0 2.2065 0.9453 2.2065 2.0948 1.4272
8280 4140.0 2.0927 12.3713 2.0927 2.2068 1.4503
8290 4145.0 2.2459 0.0084 2.2459 2.1064 1.5067
8300 4150.0 2.3192 2.3968 2.3192 2.1276 1.3857
8310 4155.0 2.2946 0.9947 2.2946 2.2882 1.3495
8320 4160.0 2.2813 0.4901 2.2813 2.4574 1.5032
8330 4165.0 2.1864 2.0244 2.1864 2.6038 1.5298
8340 4170.0 2.1373 6.3473 2.1373 2.6403 1.4654
8350 4175.0 2.2735 0.2761 2.2735 2.4899 1.4672
8360 4180.0 2.3490 4.9042 2.3490 2.3326 1.4251
8370 4185.0 2.2438 0.0191 2.2438 2.2612 1.3691
8380 4190.0 2.2377 0.0753 2.2377 2.1817 1.4867
8390 4195.0 2.2162 0.5705 2.2162 2.1423 1.5091
8400 4200.0 2.1679 3.3665 2.1679 2.1385 1.3853
8410 4205.0 2.2474 0.0033 2.2474 2.0562 1.3974
8420 4210.0 2.2855 0.6318 2.2855 2.0350 1.4542
8430 4215.0 2.1800 2.4489 2.1800 2.1869 1.4491
8440 4220.0 2.2133 0.6733 2.2133 2.2506 1.4912
8450 4225.0 2.2900 0.7989 2.2900 2.2827 1.4743
8460 4230.0 2.2518 0.0016 2.2518 2.3623 1.4202
8470 4235.0 2.2440 0.0181 2.2440 2.3723 1.4475
8480 4240.0 2.2566 0.0217 2.2566 2.3125 1.5030
8490 4245.0 2.2444 0.0157 2.2444 2.2105 1.4304
8500 4250.0 2.2216 0.4019 2.2216 2.1363 1.3807
8510 4255.0 2.2502 0.0000 2.2502 2.0730 1.4911
8520 4260.0 2.1878 1.9326 2.1878 2.1259 1.4691
8530 4265.0 2.1785 2.5574 2.1785 2.1618 1.4131
8540 4270.0 2.2834 0.5594 2.2834 2.1023 1.4410
8550 4275.0 2.2632 0.0865 2.2632 2.1584 1.4120
8560 4280.0 2.2168 0.5495 2.2168 2.2497 1.3906
8570 4285.0 2.2457 0.0094 2.2457 2.2768 1.4851
8580 4290.0 2.2215 0.4053 2.2215 2.3464 1.5016
8590 4295.0 2.1878 1.9370 2.1878 2.3755 1.4125
8600 4300.0 2.2512 0.0008 2.2512 2.2836 1.4051
8610 4305.0 2.3231 2.6737 2.3231 2.1594 1.4420
8620 4310.0 2.2624 0.0769 2.2624 2.1528 1.3765
8630 4315.0 2.2169 0.5473 2.2169 2.0927 1.4167
8640 4320.0 2.2416 0.0357 2.2416 1.9615 1.5380
8650 4325.0 2.1680 3.3590 2.1680 1.9624 1.4544
8660 4330.0 2.2016 1.1734 2.2016 1.9043 1.3722
8670 4335.0 2.3472 4.7222 2.3472 1.7434 1.4371
8680 4340.0 2.2355 0.1055 2.2355 1.8395 1.3592
8690 4345.0 2.1656 3.5582 2.1656 1.8741 1.4134
8700 4350.0 2.2514 0.0010 2.2514 1.7753 1.5686
8710 4355.0 2.1900 1.8027 2.1900 1.8521 1.4572
8720 4360.0 2.2282 0.2370 2.2282 1.8735 1.3296
8730 4365.0 2.4278 15.8122 2.4278 1.7261 1.4676
8740 4370.0 2.2988 1.1925 2.2988 1.9050 1.3717
8750 4375.0 2.1604 4.0148 2.1604 2.0808 1.3876
8760 4380.0 2.2188 0.4871 2.2188 2.0890 1.5484
8770 4385.0 2.2129 0.6891 2.2129 2.1639 1.4985
8780 4390.0 2.2234 0.3544 2.2234 2.2239 1.3410
8790 4395.0 2.3474 4.7393 2.3474 2.1600 1.4033
8800 4400.0 2.3188 2.3648 2.3188 2.1935 1.4593
8810 4405.0 2.1369 6.3981 2.1369 2.3344 1.3983
8820 4410.0 2.2023 1.1366 2.2023 2.2510 1.4947
8830 4415.0 2.3195 2.4182 2.3195 2.1145 1.4639
8840 4420.0 2.3200 2.4512 2.3200 2.1012 1.2857
8850 4425.0 2.3137 2.0315 2.3137 2.1124 1.4303
8860 4430.0 2.1610 3.9569 2.1610 2.2974 1.5462
8870 4435.0 2.0523 19.5477 2.0523 2.3899 1.4706
8880 4440.0 2.2404 0.0464 2.2404 2.1867 1.4103
8890 4445.0 2.3835 8.9163 2.3835 2.0406 1.3871
8900 4450.0 2.2358 0.1007 2.2358 2.1979 1.3552
8910 4455.0 2.1372 6.3573 2.1372 2.3578 1.5458
8920 4460.0 2.1428 5.7437 2.1428 2.4064 1.6342
8930 4465.0 2.2133 0.6726 2.2133 2.3180 1.5309
8940 4470.0 2.2867 0.6741 2.2867 2.1924 1.3438
8950 4475.0 2.3610 6.1555 2.3610 2.1095 1.3810
8960 4480.0 2.2755 0.3244 2.2755 2.2033 1.4631
8970 4485.0 2.1333 6.8101 2.1333 2.3403 1.4987
8980 4490.0 2.1872 1.9719 2.1872 2.2921 1.5226
8990 4495.0 2.3025 1.3777 2.3025 2.1441 1.4548
9000 4500.0 2.3070 1.6248 2.3070 2.1080 1.3413
9010 4505.0 2.3139 2.0426 2.3139 2.1277 1.4391
9020 4510.0 2.2145 0.6288 2.2145 2.2670 1.5059
9030 4515.0 2.1262 7.6613 2.1262 2.3651 1.4667
9040 4520.0 2.2282 0.2385 2.2282 2.3158 1.4766
9050 4525.0 2.3019 1.3468 2.3019 2.2829 1.4382
9060 4530.0 2.2259 0.2895 2.2259 2.3776 1.3693
9070 4535.0 2.2210 0.4195 2.2210 2.4601 1.4779
9080 4540.0 2.2010 1.1994 2.2010 2.5120 1.5248
9090 4545.0 2.1638 3.7155 2.1638 2.5155 1.4531
9100 4550.0 2.2416 0.0353 2.2416 2.4126 1.3942
9110 4555.0 2.3255 2.8478 2.3255 2.2908 1.4055
9120 4560.0 2.2400 0.0503 2.2400 2.3231 1.3799
9130 4565.0 2.1762 2.7269 2.1762 2.3557 1.4641
9140 4570.0 2.2130 0.6858 2.2130 2.3088 1.5489
9150 4575.0 2.2076 0.8972 2.2076 2.2447 1.4315
9160 4580.0 2.2928 0.9178 2.2928 2.1101 1.3654
9170 4585.0 2.3548 5.4867 2.3548 2.0200 1.4271
9180 4590.0 2.1991 1.2934 2.1991 2.1680 1.4126
9190 4595.0 2.1671 3.4324 2.1671 2.2281 1.4892
9200 4600.0 2.2321 0.1605 2.2321 2.1872 1.5216
9210 4605.0 2.2407 0.0434 2.2407 2.1525 1.3903
9220 4610.0 2.3051 1.5206 2.3051 2.0891 1.3822
9230 4615.0 2.3292 3.1336 2.3292 2.1047 1.4767
9240 4620.0 2.1610 3.9642 2.1610 2.2885 1.4417
9250 4625.0 2.1526 4.7479 2.1526 2.3239 1.4710
9260 4630.0 2.2956 1.0380 2.2956 2.2310 1.5238
9270 4635.0 2.2618 0.0691 2.2618 2.2491 1.3689
9280 4640.0 2.2299 0.2029 2.2299 2.3372 1.3702
9290 4645.0 2.2932 0.9340 2.2932 2.4094 1.5718
9300 4650.0 2.2085 0.8624 2.2085 2.4709 1.4680
9310 4655.0 2.1977 1.3655 2.1977 2.4234 1.3587
9320 4660.0 2.3475 4.7541 2.3475 2.2847 1.4710
9330 4665.0 2.2646 0.1069 2.2646 2.3180 1.4412
9340 4670.0 2.1400 6.0497 2.1400 2.4020 1.4131
9350 4675.0 2.2471 0.0043 2.2471 2.3188 1.5264
9360 4680.0 2.2594 0.0446 2.2594 2.2615 1.4499
9370 4685.0 2.2449 0.0128 2.2449 2.2318 1.3532
9380 4690.0 2.2907 0.8285 2.2907 2.2308 1.4758
9390 4695.0 2.1827 2.2624 2.1827 2.2673 1.4791
9400 4700.0 2.1278 7.4606 2.1278 2.3299 1.4534
9410 4705.0 2.2580 0.0317 2.2580 2.2476 1.4904
9420 4710.0 2.2922 0.8903 2.2922 2.1908 1.4044
9430 4715.0 2.2771 0.3666 2.2771 2.2377 1.3916
9440 4720.0 2.2868 0.6781 2.2868 2.3181 1.5204
9450 4725.0 2.1831 2.2365 2.1831 2.4284 1.4967
9460 4730.0 2.1539 4.6152 2.1539 2.4212 1.4293
9470 4735.0 2.3233 2.6900 2.3233 2.2465 1.4691
9480 4740.0 2.3497 4.9696 2.3497 2.1790 1.4245
9490 4745.0 2.2440 0.0179 2.2440 2.2523 1.3723
9500 4750.0 2.2277 0.2481 2.2277 2.3016 1.4968
9510 4755.0 2.2086 0.8574 2.2086 2.3330 1.5339
9520 4760.0 2.1762 2.7204 2.1762 2.3237 1.4113
9530 4765.0 2.2838 0.5713 2.2838 2.2194 1.4086
9540 4770.0 2.2834 0.5570 2.2834 2.2243 1.4269
9550 4775.0 2.1911 1.7354 2.1911 2.3131 1.4227
9560 4780.0 2.2161 0.5762 2.2161 2.2942 1.4777
9570 4785.0 2.2502 0.0000 2.2502 2.2444 1.4630
9580 4790.0 2.2443 0.0164 2.2443 2.2054 1.3825
9590 4795.0 2.2872 0.6933 2.2872 2.1359 1.4370
9600 4800.0 2.2605 0.0549 2.2605 2.1375 1.4782
9610 4805.0 2.1776 2.6184 2.1776 2.1660 1.4213
9620 4810.0 2.2078 0.8895 2.2078 2.1038 1.4230
9630 4815.0 2.2758 0.3340 2.2758 2.0319 1.4400
9640 4820.0 2.2257 0.2953 2.2257 2.0912 1.4134
9650 4825.0 2.1963 1.4424 2.1963 2.1426 1.4139
9660 4830.0 2.1869 1.9886 2.1869 2.1957 1.4527
9670 4835.0 2.2005 1.2269 2.2005 2.2310 1.4626
9680 4840.0 2.2711 0.2223 2.2711 2.2009 1.4276
9690 4845.0 2.2811 0.4833 2.2811 2.2485 1.3687
9700 4850.0 2.2630 0.0848 2.2630 2.3674 1.4336
9710 4855.0 2.2391 0.0595 2.2391 2.4724 1.5033
9720 4860.0 2.1826 2.2696 2.1826 2.5042 1.4252
9730 4865.0 2.2732 0.2685 2.2732 2.3915 1.3759
9740 4870.0 2.3699 7.1849 2.3699 2.2791 1.4280
9750 4875.0 2.2310 0.1796 2.2310 2.3963 1.4089
9760 4880.0 2.1412 5.9193 2.1412 2.4888 1.4455
9770 4885.0 2.2414 0.0370 2.2414 2.4172 1.5223
9780 4890.0 2.2972 1.1161 2.2972 2.3108 1.4106
9790 4895.0 2.2947 1.0000 2.2947 2.2798 1.3017
9800 4900.0 2.3397 4.0245 2.3397 2.3010 1.5216
9810 4905.0 2.1650 3.6112 2.1650 2.4665 1.5386
9820 4910.0 2.1066 10.2747 2.1066 2.4694 1.4832
9830 4915.0 2.2880 0.7237 2.2880 2.2548 1.4806
9840 4920.0 2.3383 3.9017 2.3383 2.1262 1.3814
9850 4925.0 2.2762 0.3433 2.2762 2.1474 1.3648
9860 4930.0 2.2096 0.8159 2.2096 2.2409 1.5193
9870 4935.0 2.1343 6.6909 2.1343 2.3230 1.5455
9880 4940.0 2.1838 2.1915 2.1838 2.2520 1.4400
9890 4945.0 2.3329 3.4377 2.3329 2.1157 1.4049
9900 4950.0 2.3220 2.5924 2.3220 2.1270 1.3752
9910 4955.0 2.2521 0.0023 2.2521 2.2122 1.4548
9920 4960.0 2.1865 2.0144 2.1865 2.2745 1.5176
9930 4965.0 2.1728 2.9789 2.1728 2.2361 1.4783
9940 4970.0 2.2787 0.4109 2.2787 2.0829 1.4318
9950 4975.0 2.3353 3.6400 2.3353 1.9889 1.3774
9960 4980.0 2.2828 0.5364 2.2828 2.0253 1.3627
9970 4985.0 2.2180 0.5126 2.2180 2.1081 1.4529
9980 4990.0 2.1738 2.9046 2.1738 2.1735 1.4970
9990 4995.0 2.1785 2.5536 2.1785 2.1827 1.4566
10000 5000.0 2.2448 0.0136 2.2448 2.1298 1.4217
10010 5005.0 2.2995 1.2247 2.2995 2.1150 1.4131
10020 5010.0 2.2286 0.2287 2.2286 2.2447 1.4221
10030 5015.0 2.2226 0.3748 2.2226 2.3578 1.5249
10040 5020.0 2.2449 0.0129 2.2449 2.3957 1.5320
10050 5025.0 2.2085 0.8618 2.2085 2.4011 1.3983
10060 5030.0 2.2779 0.3895 2.2779 2.3186 1.3993
10070 5035.0 2.3238 2.7203 2.3238 2.2695 1.4454
10080 5040.0 2.2121 0.7164 2.2121 2.2894 1.3767
10090 5045.0 2.1687 3.3083 2.1687 2.2768 1.4628
10100 5050.0 2.1945 1.5396 2.1945 2.2205 1.5482
10110 5055.0 2.1806 2.4114 2.1806 2.1667 1.4596
10120 5060.0 2.2593 0.0432 2.2593 2.0693 1.3795
10130 5065.0 2.3273 2.9840 2.3273 2.0483 1.4082
10140 5070.0 2.2288 0.2247 2.2288 2.2057 1.4162
10150 5075.0 2.1736 2.9198 2.1736 2.3274 1.4727
10160 5080.0 2.2224 0.3803 2.2224 2.3447 1.5082
10170 5085.0 2.2465 0.0063 2.2465 2.3427 1.4001
10180 5090.0 2.3118 1.9093 2.3118 2.3187 1.3783
10190 5095.0 2.3033 1.4190 2.3033 2.3917 1.4325
10200 5100.0 2.1900 1.7995 2.1900 2.5329 1.4184
10210 5105.0 2.1920 1.6843 2.1920 2.5462 1.4358
10220 5110.0 2.2718 0.2386 2.2718 2.4620 1.4721
10230 5115.0 2.2502 0.0000 2.2502 2.4068 1.4087
10240 5120.0 2.1901 1.7949 2.1901 2.3577 1.3697
10250 5125.0 2.2250 0.3123 2.2250 2.2525 1.4799
10260 5130.0 2.2136 0.6608 2.2136 2.1665 1.4731
10270 5135.0 2.1659 3.5352 2.1659 2.0971 1.3639
10280 5140.0 2.2548 0.0114 2.2548 1.9690 1.4410
10290 5145.0 2.2030 1.1042 2.2030 2.0022 1.4368
10300 5150.0 2.1633 3.7613 2.1633 2.0530 1.4227
10310 5155.0 2.2408 0.0426 2.2408 1.9964 1.4395
10320 5160.0 2.2417 0.0347 2.2417 2.0369 1.4248
10330 5165.0 2.2416 0.0351 2.2416 2.0777 1.4012
10340 5170.0 2.2827 0.5348 2.2827 2.1034 1.4409
10350 5175.0 2.2465 0.0063 2.2465 2.2031 1.4384
10360 5180.0 2.2212 0.4152 2.2212 2.2830 1.4337
10370 5185.0 2.2514 0.0009 2.2514 2.2898 1.4329
10380 5190.0 2.2749 0.3100 2.2749 2.2699 1.3855
10390 5195.0 2.2746 0.3015 2.2746 2.2699 1.4105
10400 5200.0 2.2227 0.3720 2.2227 2.3121 1.4509
10410 5205.0 2.1888 1.8703 2.1888 2.3388 1.4570
10420 5210.0 2.2416 0.0353 2.2416 2.2838 1.4695
10430 5215.0 2.2516 0.0012 2.2516 2.2535 1.3960
10440 5220.0 2.2379 0.0737 2.2379 2.2680 1.3644
10450 5225.0 2.2729 0.2626 2.2729 2.2538 1.4501
10460 5230.0 2.2053 1.0000 2.2053 2.3060 1.4386
10470 5235.0 2.1622 3.8537 2.1622 2.3376 1.4463
10480 5240.0 2.2599 0.0495 2.2599 2.2467 1.4839
10490 5245.0 2.2695 0.1906 2.2695 2.1997 1.3913
10500 5250.0 2.2474 0.0035 2.2474 2.2182 1.3719
10510 5255.0 2.2606 0.0566 2.2606 2.2515 1.5083
10520 5260.0 2.1832 2.2310 2.1832 2.3475 1.4923
10530 5265.0 2.1614 3.9231 2.1614 2.3716 1.4320
10540 5270.0 2.2899 0.7951 2.2899 2.2934 1.4705
10550 5275.0 2.3075 1.6536 2.3075 2.2854 1.4083
10560 5280.0 2.2620 0.0720 2.2620 2.3245 1.3641
10570 5285.0 2.2449 0.0131 2.2449 2.3995 1.4580
10580 5290.0 2.2185 0.4974 2.2185 2.4782 1.5221
10590 5295.0 2.1778 2.6081 2.1778 2.4718 1.4329
10600 5300.0 2.2891 0.7657 2.2891 2.3191 1.4027
10610 5305.0 2.3261 2.8982 2.3261 2.2681 1.4331
10620 5310.0 2.2068 0.9330 2.2068 2.3769 1.4245
10630 5315.0 2.1411 5.9301 2.1411 2.4778 1.4961
10640 5320.0 2.2419 0.0329 2.2419 2.4273 1.5130
10650 5325.0 2.2984 1.1709 2.2984 2.3655 1.4025
10660 5330.0 2.3053 1.5274 2.3053 2.3812 1.3640
10670 5335.0 2.2748 0.3073 2.2748 2.4807 1.4702
10680 5340.0 2.1498 5.0161 2.1498 2.6314 1.5022
10690 5345.0 2.1296 7.2495 2.1296 2.6670 1.5010
10700 5350.0 2.2554 0.0146 2.2554 2.5627 1.5262
10710 5355.0 2.2988 1.1919 2.2988 2.4347 1.3963
10720 5360.0 2.3170 2.2453 2.3170 2.3500 1.3394
10730 5365.0 2.3297 3.1782 2.3297 2.3555 1.4444
10740 5370.0 2.2212 0.4134 2.2212 2.4684 1.4521
10750 5375.0 2.1876 1.9475 2.1876 2.5200 1.4928
10760 5380.0 2.2455 0.0102 2.2455 2.4732 1.5289
10770 5385.0 2.2812 0.4869 2.2812 2.3463 1.4173
10780 5390.0 2.3437 4.3909 2.3437 2.1945 1.3722
10790 5395.0 2.2832 0.5511 2.2832 2.1897 1.4419
10800 5400.0 2.1507 4.9332 2.1507 2.2778 1.5076
10810 5405.0 2.1498 5.0217 2.1498 2.2569 1.4670
10820 5410.0 2.3143 2.0680 2.3143 2.0906 1.3900
10830 5415.0 2.3596 6.0061 2.3596 2.0645 1.3582
10840 5420.0 2.2314 0.1735 2.2314 2.2227 1.3993
10850 5425.0 2.1931 1.6195 2.1931 2.3049 1.5243
10860 5430.0 2.2041 1.0517 2.2041 2.3140 1.5315
10870 5435.0 2.2248 0.3169 2.2248 2.2895 1.4336
10880 5440.0 2.3137 2.0275 2.3137 2.2052 1.3872
10890 5445.0 2.3946 10.4610 2.3946 2.1233 1.4081
10900 5450.0 2.2841 0.5817 2.2841 2.2155 1.3745
10910 5455.0 2.2197 0.4576 2.2197 2.2853 1.5049
10920 5460.0 2.1953 1.4943 2.1953 2.2755 1.5615
10930 5465.0 2.1623 3.8497 2.1623 2.2398 1.4732
10940 5470.0 2.2756 0.3288 2.2756 2.0933 1.3766
10950 5475.0 2.3285 3.0778 2.3285 2.0515 1.3767
10960 5480.0 2.2340 0.1287 2.2340 2.1988 1.4339
10970 5485.0 2.1806 2.4111 2.1806 2.3199 1.5126
10980 5490.0 2.2029 1.1106 2.2029 2.3166 1.4883
10990 5495.0 2.2988 1.1918 2.2988 2.1964 1.4278
11000 5500.0 2.3117 1.9044 2.3117 2.1698 1.3568
11010 5505.0 2.2720 0.2427 2.2720 2.2269 1.4092
11020 5510.0 2.2147 0.6225 2.2147 2.2936 1.5191
11030 5515.0 2.1609 3.9717 2.1609 2.3276 1.5149
11040 5520.0 2.2257 0.2956 2.2257 2.2350 1.4402
11050 5525.0 2.3346 3.5788 2.3346 2.1386 1.4115
11060 5530.0 2.2911 0.8466 2.2911 2.2170 1.3783
11070 5535.0 2.2454 0.0108 2.2454 2.3472 1.4964
11080 5540.0 2.2017 1.1668 2.2017 2.4411 1.5186
11090 5545.0 2.1984 1.3306 2.1984 2.4463 1.4482
11100 5550.0 2.2586 0.0369 2.2586 2.3882 1.4075
11110 5555.0 2.2772 0.3689 2.2772 2.3580 1.4199
11120 5560.0 2.1886 1.8823 2.1886 2.4420 1.4665
11130 5565.0 2.1660 3.5307 2.1660 2.4328 1.4958
11140 5570.0 2.2461 0.0075 2.2461 2.2834 1.4246
11150 5575.0 2.2947 0.9998 2.2947 2.1800 1.3533
11160 5580.0 2.2782 0.3979 2.2782 2.2084 1.4077
11170 5585.0 2.1981 1.3447 2.1981 2.2893 1.4773
11180 5590.0 2.1752 2.7984 2.1752 2.2872 1.4613
11190 5595.0 2.2404 0.0458 2.2404 2.1908 1.4279
11200 5600.0 2.3252 2.8273 2.3252 2.0902 1.4364
11210 5605.0 2.2550 0.0126 2.2550 2.1241 1.3910
11220 5610.0 2.2206 0.4329 2.2206 2.1682 1.4221
11230 5615.0 2.2486 0.0010 2.2486 2.1443 1.4893
11240 5620.0 2.2213 0.4116 2.2213 2.1656 1.4399
11250 5625.0 2.2581 0.0331 2.2581 2.1217 1.3972
11260 5630.0 2.2793 0.4284 2.2793 2.1151 1.4016
11270 5635.0 2.2309 0.1831 2.2309 2.1867 1.4404
11280 5640.0 2.1902 1.7859 2.1902 2.2777 1.4872
11290 5645.0 2.1982 1.3438 2.1982 2.3150 1.4764
11300 5650.0 2.2659 0.1266 2.2659 2.3001 1.4429
11310 5655.0 2.3036 1.4382 2.3036 2.3019 1.4172
11320 5660.0 2.2512 0.0008 2.2512 2.3888 1.4259
11330 5665.0 2.1980 1.3544 2.1980 2.4735 1.4958
11340 5670.0 2.1471 5.2896 2.1471 2.4856 1.5150
11350 5675.0 2.2117 0.7328 2.2117 2.3141 1.4943
11360 5680.0 2.2599 0.0490 2.2599 2.1666 1.4332
11370 5685.0 2.2718 0.2381 2.2718 2.0909 1.3717
11380 5690.0 2.2490 0.0005 2.2490 2.1092 1.4276
11390 5695.0 2.1582 4.2101 2.1582 2.2087 1.4609
11400 5700.0 2.1767 2.6871 2.1767 2.2181 1.4660
11410 5705.0 2.2736 0.2788 2.2736 2.1570 1.4630
11420 5710.0 2.2966 1.0870 2.2966 2.1855 1.3977
11430 5715.0 2.2627 0.0804 2.2627 2.2938 1.4020
11440 5720.0 2.2260 0.2874 2.2260 2.4151 1.4632
11450 5725.0 2.2212 0.4138 2.2212 2.4687 1.5138
11460 5730.0 2.1984 1.3317 2.1984 2.4482 1.4306
11470 5735.0 2.2552 0.0134 2.2552 2.3320 1.4019
11480 5740.0 2.3390 3.9590 2.3390 2.2227 1.4157
11490 5745.0 2.2728 0.2591 2.2728 2.2466 1.3759
11500 5750.0 2.1849 2.1176 2.1849 2.3163 1.4456
11510 5755.0 2.1996 1.2688 2.1996 2.3152 1.5411
11520 5760.0 2.1982 1.3394 2.1982 2.2802 1.4651
11530 5765.0 2.2516 0.0012 2.2516 2.1847 1.4030
11540 5770.0 2.2772 0.3691 2.2772 2.0793 1.4603
11550 5775.0 2.1957 1.4767 2.1957 2.0622 1.4872
11560 5780.0 2.1173 8.7982 2.1173 2.0896 1.4740
11570 5785.0 2.2091 0.8346 2.2091 1.8941 1.4562
11580 5790.0 2.2893 0.7717 2.2893 1.7773 1.3894
11590 5795.0 2.2140 0.6478 2.2140 1.7218 1.3876
11600 5800.0 2.1597 4.0812 2.1597 1.5797 1.6054
11610 5805.0 2.2660 0.1273 2.2660 1.2909 1.9557
11620 5810.0 2.4743 25.1655 2.4743 0.9035 2.4259
11630 5815.0 2.1110 9.6626 2.1110 1.2704 2.4573
11640 5820.0 2.4584 21.7249 2.4584 0.9807 2.6183
11650 5825.0 2.3118 1.9117 2.3118 1.1594 2.5262
11660 5830.0 2.1866 2.0107 2.1866 1.1147 2.4527
11670 5835.0 2.1855 2.0769 2.1855 1.0147 2.5473
11680 5840.0 2.1735 2.9237 2.1735 1.1241 2.4964
11690 5845.0 2.4218 14.7635 2.4218 0.9939 2.6703
11700 5850.0 2.2815 0.4954 2.2815 1.1966 2.4998
11710 5855.0 2.4097 12.7528 2.4097 0.9184 2.6647
11720 5860.0 2.2462 0.0073 2.2462 1.1673 2.5324
11730 5865.0 2.3228 2.6519 2.3228 1.0443 2.6444
11740 5870.0 2.2266 0.2739 2.2266 1.0520 2.6140
11750 5875.0 2.2057 0.9825 2.2057 1.0541 2.5866
11760 5880.0 2.2623 0.0756 2.2623 1.0419 2.5338
11770 5885.0 2.3267 2.9416 2.3267 1.0526 2.5320
11780 5890.0 2.3482 4.8182 2.3482 1.0630 2.5684
11790 5895.0 2.2595 0.0451 2.2595 1.1421 2.5155
11800 5900.0 2.3555 5.5654 2.3555 0.9633 2.5245
11810 5905.0 2.1784 2.5613 2.1784 1.1095 2.3743
11820 5910.0 2.3022 1.3647 2.3022 0.9807 2.4245
11830 5915.0 2.2026 1.1254 2.2026 1.1166 2.4156
11840 5920.0 2.3529 5.2896 2.3529 1.0017 2.5077
11850 5925.0 2.2668 0.1418 2.2668 1.1425 2.4580
11860 5930.0 2.4430 18.6174 2.4430 0.9613 2.5182
11870 5935.0 2.1955 1.4853 2.1955 1.1606 2.3809
11880 5940.0 2.3394 3.9960 2.3394 0.9070 2.4162
11890 5945.0 2.1362 6.4720 2.1362 1.1144 2.1876
11900 5950.0 2.3016 1.3299 2.3016 0.9464 2.2443
11910 5955.0 2.1001 11.2286 2.1001 1.0965 2.2130
11920 5960.0 2.2577 0.0293 2.2577 0.9462 2.3864
11930 5965.0 2.2702 0.2048 2.2702 1.1213 2.4569
11940 5970.0 2.4903 28.8775 2.4903 0.9752 2.6016
11950 5975.0 2.3473 4.7350 2.3473 1.1273 2.4807
11960 5980.0 2.3678 6.9373 2.3678 0.9467 2.5489
11970 5985.0 2.2002 1.2401 2.2002 1.0848 2.4187
11980 5990.0 2.2777 0.3841 2.2777 0.9321 2.4562
11990 5995.0 2.1398 6.0708 2.1398 1.0807 2.3369
12000 6000.0 2.3491 4.9066 2.3491 0.9432 2.4935
12010 6005.0 2.3077 1.6625 2.3077 1.1100 2.3757
12020 6010.0 2.3087 1.7254 2.3087 0.9694 2.4884
12030 6015.0 2.1586 4.1767 2.1586 1.0571 2.4489
12040 6020.0 2.2844 0.5903 2.2844 0.9412 2.5727
12050 6025.0 2.2343 0.1236 2.2343 1.0701 2.4651
12060 6030.0 2.3176 2.2816 2.3176 0.9532 2.4870
12070 6035.0 2.2856 0.6336 2.2856 1.0814 2.3213
12080 6040.0 2.4353 17.1730 2.4353 0.9917 2.4033
12090 6045.0 2.3142 2.0587 2.3142 1.0645 2.3508
12100 6050.0 2.2746 0.3025 2.2746 0.9853 2.4585
12110 6055.0 2.2142 0.6420 2.2142 1.0361 2.4745
12120 6060.0 2.2900 0.8019 2.2900 0.9974 2.5100
12130 6065.0 2.3659 6.7168 2.3659 1.0403 2.5013
12140 6070.0 2.3270 2.9678 2.3270 1.0674 2.4974
12150 6075.0 2.2909 0.8349 2.2909 0.9775 2.5908
12160 6080.0 2.2417 0.0349 2.2417 1.0470 2.5650
12170 6085.0 2.3203 2.4729 2.3203 0.9918 2.6467
12180 6090.0 2.2706 0.2119 2.2706 1.0363 2.6364
12190 6095.0 2.3080 1.6792 2.3080 1.0011 2.6820
12200 6100.0 2.3277 3.0201 2.3277 1.0755 2.6188
12210 6105.0 2.4194 14.3551 2.4194 1.0054 2.6788
12220 6110.0 2.2896 0.7853 2.2896 1.0791 2.6270
12230 6115.0 2.3383 3.8997 2.3383 0.9550 2.6625
12240 6120.0 2.2261 0.2865 2.2261 1.0589 2.5640
12250 6125.0 2.3524 5.2386 2.3524 0.9496 2.6963
12260 6130.0 2.2739 0.2846 2.2739 1.1028 2.5904
12270 6135.0 2.4298 16.1676 2.4298 0.9848 2.6777
12280 6140.0 2.2630 0.0841 2.2630 1.0997 2.5373
12290 6145.0 2.3119 1.9158 2.3119 0.9480 2.5507
12300 6150.0 2.2213 0.4125 2.2213 1.0612 2.3940
12310 6155.0 2.3310 3.2770 2.3310 0.9541 2.4432
12320 6160.0 2.2807 0.4698 2.2807 1.0921 2.2868
12330 6165.0 2.3571 5.7300 2.3571 0.9811 2.3815
12340 6170.0 2.2741 0.2899 2.2741 1.0544 2.2999
12350 6175.0 2.3065 1.5988 2.3065 0.9594 2.3302
12360 6180.0 2.2640 0.0979 2.2640 1.0432 2.2861
12370 6185.0 2.3619 6.2619 2.3619 1.0075 2.4202
12380 6190.0 2.3436 4.3785 2.3436 1.0082 2.4732
12390 6195.0 2.2696 0.1921 2.2696 1.0107 2.3840
12400 6200.0 2.2713 0.2262 2.2713 0.9931 2.3444
12410 6205.0 2.3126 1.9591 2.3126 1.0102 2.3027
12420 6210.0 2.3596 6.0092 2.3596 1.0211 2.2793
12430 6215.0 2.3801 8.4570 2.3801 1.0351 2.2392
12440 6220.0 2.4196 14.3835 2.4196 1.0148 2.2262
12450 6225.0 2.3845 9.0392 2.3845 1.0449 2.2132
12460 6230.0 2.3102 1.8122 2.3102 1.0437 2.2608
12470 6235.0 2.2684 0.1691 2.2684 0.9865 2.3397
12480 6240.0 2.1970 1.4048 2.1970 1.0038 2.3192
12490 6245.0 2.2789 0.4176 2.2789 1.0003 2.3059
12500 6250.0 2.3902 9.8300 2.3902 1.0614 2.3402
12510 6255.0 2.3798 8.4279 2.3798 1.0169 2.3747
12520 6260.0 2.2060 0.9688 2.2060 1.0059 2.3130
12530 6265.0 2.1805 2.4139 2.1805 0.9664 2.3489
12540 6270.0 2.2142 0.6420 2.2142 0.9939 2.3449
12550 6275.0 2.3311 3.2912 2.3311 1.0473 2.3578
12560 6280.0 2.3595 5.9957 2.3595 1.0239 2.3880
12570 6285.0 2.2800 0.4512 2.2800 1.0226 2.3323
12580 6290.0 2.2966 1.0845 2.2966 0.9950 2.3351
12590 6295.0 2.2363 0.0933 2.2363 1.0200 2.3223
12600 6300.0 2.2418 0.0338 2.2418 0.9766 2.3788
12610 6305.0 2.2360 0.0986 2.2360 1.0482 2.3009
12620 6310.0 2.3523 5.2346 2.3523 1.0095 2.2959
12630 6315.0 2.3096 1.7753 2.3096 1.0342 2.2667
12640 6320.0 2.2904 0.8152 2.2904 0.9969 2.3229
12650 6325.0 2.2881 0.7267 2.2881 1.0155 2.3142
12660 6330.0 2.3184 2.3399 2.3184 1.0138 2.2766
12670 6335.0 2.2960 1.0589 2.2960 1.0262 2.2280
12680 6340.0 2.3066 1.5990 2.3066 0.9971 2.2256
12690 6345.0 2.3225 2.6264 2.3225 1.0202 2.1744
12700 6350.0 2.3810 8.5756 2.3810 1.0249 2.1376
12710 6355.0 2.3226 2.6344 2.3226 1.0474 2.0842
12720 6360.0 2.2749 0.3106 2.2749 0.9685 2.1264
12730 6365.0 2.2506 0.0002 2.2506 1.0320 2.0488
12740 6370.0 2.3517 5.1685 2.3517 1.0122 2.0624
12750 6375.0 2.3402 4.0707 2.3402 1.0426 2.0294
12760 6380.0 2.2908 0.8304 2.2908 0.9907 2.0636
12770 6385.0 2.2466 0.0059 2.2466 1.0308 2.0076
12780 6390.0 2.3468 4.6877 2.3468 1.0004 2.0179
12790 6395.0 2.3512 5.1179 2.3512 1.0355 1.9901
12800 6400.0 2.3156 2.1534 2.3156 1.0090 2.0327
12810 6405.0 2.2595 0.0447 2.2595 1.0223 2.0746
12820 6410.0 2.2953 1.0238 2.2953 1.0102 2.1397
12830 6415.0 2.3197 2.4315 2.3197 1.0146 2.2009
12840 6420.0 2.2965 1.0815 2.2965 1.0030 2.2855
12850 6425.0 2.2606 0.0561 2.2606 1.0115 2.3222
12860 6430.0 2.2757 0.3295 2.2757 0.9894 2.2737
12870 6435.0 2.2864 0.6634 2.2864 1.0176 2.1869
12880 6440.0 2.3129 1.9771 2.3129 1.0003 2.2046
12890 6445.0 2.2944 0.9846 2.2944 1.0090 2.1956
12900 6450.0 2.3073 1.6398 2.3073 1.0026 2.1629
12910 6455.0 2.2652 0.1160 2.2652 1.0164 2.1298
12920 6460.0 2.2050 1.0130 2.2050 0.9723 2.2089
12930 6465.0 2.1925 1.6511 2.1925 0.9951 2.2568
12940 6470.0 2.2878 0.7143 2.2878 0.9982 2.2554
12950 6475.0 2.3065 1.5950 2.3065 1.0278 2.1912
12960 6480.0 2.2752 0.3172 2.2752 0.9805 2.2187
12970 6485.0 2.2300 0.2010 2.2300 0.9847 2.2273
12980 6490.0 2.2925 0.9046 2.2925 0.9918 2.2084
12990 6495.0 2.3628 6.3597 2.3628 1.0177 2.1923
13000 6500.0 2.2757 0.3303 2.2757 0.9968 2.1857
13010 6505.0 2.2159 0.5803 2.2159 0.9641 2.2162
13020 6510.0 2.2792 0.4269 2.2792 1.0146 2.1684
13030 6515.0 2.3737 7.6565 2.3737 0.9985 2.2207
13040 6520.0 2.2954 1.0327 2.2954 1.0145 2.2638
13050 6525.0 2.2332 0.1412 2.2332 0.9676 2.3079
13060 6530.0 2.2226 0.3741 2.2226 1.0120 2.2088
13070 6535.0 2.4026 11.6427 2.4026 1.0008 2.2007
13080 6540.0 2.3811 8.5892 2.3811 1.0307 2.1987
13090 6545.0 2.2480 0.0019 2.2480 0.9964 2.2739
13100 6550.0 2.1638 3.7186 2.1638 0.9780 2.3933
13110 6555.0 2.2060 0.9671 2.2060 0.9545 2.5270
13120 6560.0 2.2348 0.1160 2.2348 1.0144 2.5926
13130 6565.0 2.3093 1.7565 2.3093 0.9691 2.6799
13140 6570.0 2.3017 1.3390 2.3017 1.0137 2.6888
13150 6575.0 2.3680 6.9568 2.3680 0.9878 2.6506
13160 6580.0 2.3759 7.9291 2.3759 1.0318 2.5268
13170 6585.0 2.4038 11.8335 2.4038 1.0128 2.4813
13180 6590.0 2.3658 6.7024 2.3658 1.0313 2.4761
13190 6595.0 2.3572 5.7512 2.3572 0.9972 2.5076
13200 6600.0 2.3214 2.5464 2.3214 1.0198 2.4803
13210 6605.0 2.3240 2.7369 2.3240 1.0024 2.5230
13220 6610.0 2.2945 0.9887 2.2945 0.9862 2.5875
13230 6615.0 2.3039 1.4502 2.3039 0.9947 2.6001
13240 6620.0 2.3571 5.7309 2.3571 0.9956 2.5808
13250 6625.0 2.3573 5.7559 2.3573 1.0343 2.5346
13260 6630.0 2.3719 7.4274 2.3719 0.9981 2.4783
13270 6635.0 2.3310 3.2776 2.3310 1.0148 2.3599
13280 6640.0 2.3352 3.6257 2.3352 0.9937 2.3185
13290 6645.0 2.3264 2.9170 2.3264 1.0044 2.3042
13300 6650.0 2.3064 1.5879 2.3064 1.0039 2.3217
13310 6655.0 2.2590 0.0409 2.2590 1.0030 2.3911
13320 6660.0 2.2896 0.7826 2.2896 0.9788 2.5412
13330 6665.0 2.3100 1.7999 2.3100 1.0074 2.6326
13340 6670.0 2.3472 4.7204 2.3472 0.9902 2.6517
13350 6675.0 2.2934 0.9410 2.2934 1.0056 2.6401
13360 6680.0 2.2457 0.0094 2.2457 0.9774 2.5023
13370 6685.0 2.2284 0.2337 2.2284 0.9910 2.3608
13380 6690.0 2.2821 0.5149 2.2821 0.9908 2.2811
13390 6695.0 2.2931 0.9293 2.2931 0.9916 2.2762
13400 6700.0 2.2776 0.3812 2.2776 0.9927 2.3308
13410 6705.0 2.2771 0.3676 2.2771 0.9919 2.4358
13420 6710.0 2.2960 1.0597 2.2960 1.0074 2.5304
13430 6715.0 2.3160 2.1761 2.3160 1.0119 2.4819
13440 6720.0 2.3415 4.1822 2.3415 1.0009 2.4573
13450 6725.0 2.3237 2.7142 2.3237 1.0082 2.4916
13460 6730.0 2.3314 3.3109 2.3314 1.0000 2.5074
13470 6735.0 2.3617 6.2338 2.3617 1.0198 2.4475
13480 6740.0 2.3225 2.6272 2.3225 1.0108 2.4127
13490 6745.0 2.2643 0.1022 2.2643 0.9750 2.4244
13500 6750.0 2.2341 0.1268 2.2341 1.0009 2.4702
13510 6755.0 2.2901 0.8055 2.2901 0.9782 2.5537
13520 6760.0 2.2807 0.4720 2.2807 1.0274 2.4755
13530 6765.0 2.3058 1.5560 2.3058 0.9709 2.4203
13540 6770.0 2.2730 0.2647 2.2730 1.0261 2.3672
13550 6775.0 2.4008 11.3728 2.4008 0.9872 2.4943
13560 6780.0 2.4297 16.1469 2.4297 1.0453 2.6064
13570 6785.0 2.3847 9.0669 2.3847 0.9971 2.5580
13580 6790.0 2.2744 0.2966 2.2744 1.0134 2.3786
13590 6795.0 2.3089 1.7323 2.3089 0.9852 2.3057
13600 6800.0 2.3229 2.6590 2.3229 1.0264 2.2238
13610 6805.0 2.3593 5.9781 2.3593 0.9704 2.2749
13620 6810.0 2.2591 0.0417 2.2591 1.0373 2.2566
13630 6815.0 2.3299 3.1882 2.3299 0.9575 2.3962
13640 6820.0 2.3163 2.1964 2.3163 1.0351 2.4890
13650 6825.0 2.3470 4.7050 2.3470 0.9952 2.6743
13660 6830.0 2.2939 0.9636 2.2939 1.0122 2.6185
13670 6835.0 2.2993 1.2177 2.2993 0.9941 2.4556
13680 6840.0 2.3084 1.7034 2.3084 1.0002 2.3225
13690 6845.0 2.3273 2.9890 2.3273 0.9943 2.2558
13700 6850.0 2.3095 1.7705 2.3095 1.0138 2.2383
13710 6855.0 2.2963 1.0711 2.2963 0.9993 2.2543
13720 6860.0 2.2586 0.0371 2.2586 0.9932 2.2644
13730 6865.0 2.2296 0.2082 2.2296 0.9975 2.3099
13740 6870.0 2.2630 0.0845 2.2630 0.9676 2.4163
13750 6875.0 2.2410 0.0409 2.2410 1.0113 2.5020
13760 6880.0 2.2933 0.9357 2.2933 0.9750 2.5960
13770 6885.0 2.2727 0.2577 2.2727 1.0087 2.5717
13780 6890.0 2.3069 1.6196 2.3069 0.9901 2.6486
13790 6895.0 2.3290 3.1196 2.3290 1.0030 2.7175
13800 6900.0 2.3539 5.4024 2.3539 1.0234 2.7289
13810 6905.0 2.3882 9.5511 2.3882 1.0022 2.7778
13820 6910.0 2.3345 3.5678 2.3345 1.0135 2.7464
13830 6915.0 2.2980 1.1526 2.2980 0.9940 2.6649
13840 6920.0 2.2748 0.3069 2.2748 1.0043 2.5702
13850 6925.0 2.3060 1.5674 2.3060 1.0065 2.5478
13860 6930.0 2.3209 2.5139 2.3209 0.9968 2.5401
13870 6935.0 2.2772 0.3709 2.2772 1.0024 2.4961
13880 6940.0 2.2779 0.3895 2.2779 0.9813 2.4727
13890 6945.0 2.2653 0.1171 2.2653 1.0123 2.4107
13900 6950.0 2.2988 1.1895 2.2988 0.9899 2.3852
13910 6955.0 2.2742 0.2920 2.2742 0.9942 2.3770
13920 6960.0 2.2691 0.1816 2.2691 1.0118 2.3917
13930 6965.0 2.3205 2.4882 2.3205 0.9881 2.4336
13940 6970.0 2.3148 2.0985 2.3148 1.0268 2.4498
13950 6975.0 2.3634 6.4245 2.3634 0.9817 2.4904
13960 6980.0 2.3030 1.4023 2.3030 1.0412 2.4865
13970 6985.0 2.3361 3.7052 2.3361 0.9574 2.5247
13980 6990.0 2.2127 0.6975 2.2127 1.0431 2.4526
13990 6995.0 2.2945 0.9911 2.2945 0.9263 2.4943
14000 7000.0 2.1956 1.4789 2.1956 1.0353 2.4436
14010 7005.0 2.2846 0.5988 2.2846 0.9589 2.4872
14020 7010.0 2.2669 0.1420 2.2669 1.0131 2.4495
14030 7015.0 2.3309 3.2764 2.3309 0.9999 2.4522
14040 7020.0 2.3382 3.8934 2.3382 1.0011 2.4477
14050 7025.0 2.3075 1.6523 2.3075 1.0150 2.4229
14060 7030.0 2.3158 2.1640 2.3158 0.9939 2.4201
14070 7035.0 2.2981 1.1573 2.2981 1.0145 2.4255
14080 7040.0 2.3414 4.1757 2.3414 0.9860 2.4787
14090 7045.0 2.3290 3.1184 2.3290 1.0206 2.5000
14100 7050.0 2.3368 3.7660 2.3368 0.9780 2.5282
14110 7055.0 2.2822 0.5197 2.2822 1.0219 2.5223
14120 7060.0 2.3138 2.0378 2.3138 0.9711 2.5155
14130 7065.0 2.2258 0.2926 2.2258 1.0187 2.4706
14140 7070.0 2.2356 0.1038 2.2356 0.9566 2.5225
14150 7075.0 2.2309 0.1826 2.2309 1.0000 2.6406
14160 7080.0 2.3642 6.5193 2.3642 1.0030 2.6503
14170 7085.0 2.3723 7.4729 2.3723 1.0162 2.6509
14180 7090.0 2.2730 0.2635 2.2730 0.9938 2.6533
14190 7095.0 2.2164 0.5630 2.2164 0.9941 2.4536
14200 7100.0 2.2450 0.0125 2.2450 0.9931 2.3552
14210 7105.0 2.2621 0.0733 2.2621 0.9878 2.3425
14220 7110.0 2.2498 0.0000 2.2498 0.9864 2.3937
14230 7115.0 2.2557 0.0165 2.2557 0.9716 2.4992
14240 7120.0 2.2667 0.1400 2.2667 0.9993 2.6295
14250 7125.0 2.3169 2.2399 2.3169 0.9825 2.6437
14260 7130.0 2.2995 1.2247 2.2995 0.9984 2.5327
14270 7135.0 2.2586 0.0369 2.2586 0.9985 2.4897
14280 7140.0 2.2400 0.0499 2.2400 0.9730 2.4856
14290 7145.0 2.2052 1.0050 2.2052 1.0078 2.4378
14300 7150.0 2.2778 0.3859 2.2778 0.9604 2.4790
14310 7155.0 2.2660 0.1282 2.2660 1.0087 2.4850
14320 7160.0 2.3103 1.8196 2.3103 0.9984 2.5548
14330 7165.0 2.3312 3.2957 2.3312 1.0016 2.5938
14340 7170.0 2.3342 3.5464 2.3342 0.9929 2.6056
14350 7175.0 2.3117 1.9036 2.3117 1.0141 2.6464
14360 7180.0 2.3519 5.1954 2.3519 0.9980 2.5591
14370 7185.0 2.3235 2.7019 2.3235 1.0167 2.4715
14380 7190.0 2.2488 0.0008 2.2488 0.9858 2.4852
14390 7195.0 2.2273 0.2573 2.2273 0.9783 2.5043
14400 7200.0 2.2471 0.0043 2.2471 0.9985 2.4689
14410 7205.0 2.3208 2.5090 2.3208 1.0035 2.5112
14420 7210.0 2.3150 2.1113 2.3150 1.0254 2.4364
14430 7215.0 2.3137 2.0261 2.3137 0.9810 2.4022
14440 7220.0 2.2728 0.2602 2.2728 0.9975 2.4581
14450 7225.0 2.3014 1.3202 2.3014 0.9921 2.5680
14460 7230.0 2.3134 2.0067 2.3134 1.0123 2.4586
14470 7235.0 2.3471 4.7095 2.3471 0.9932 2.4115
14480 7240.0 2.3495 4.9456 2.3495 1.0233 2.3645
14490 7245.0 2.3851 9.1289 2.3851 1.0012 2.3421
14500 7250.0 2.3964 10.7212 2.3964 1.0174 2.3403
14510 7255.0 2.3881 9.5403 2.3881 1.0332 2.3996
14520 7260.0 2.3811 8.5968 2.3811 1.0200 2.4815
14530 7265.0 2.3494 4.9404 2.3494 1.0109 2.4986
14540 7270.0 2.3156 2.1497 2.3156 0.9977 2.4439
14550 7275.0 2.2657 0.1236 2.2657 1.0051 2.3586
14560 7280.0 2.2640 0.0981 2.2640 0.9747 2.3393
14570 7285.0 2.2541 0.0084 2.2541 0.9898 2.3560
14580 7290.0 2.2948 1.0043 2.2948 0.9936 2.3815
14590 7295.0 2.3311 3.2847 2.3311 1.0009 2.3984
14600 7300.0 2.3355 3.6578 2.3355 1.0257 2.4777
14610 7305.0 2.3839 8.9708 2.3839 0.9901 2.5706
14620 7310.0 2.3492 4.9157 2.3492 1.0395 2.5399
14630 7315.0 2.3950 10.5083 2.3950 0.9939 2.5515
14640 7320.0 2.3449 4.4984 2.3449 1.0318 2.5434
14650 7325.0 2.3349 3.6064 2.3349 0.9970 2.5178
14660 7330.0 2.2789 0.4172 2.2789 1.0048 2.4694
14670 7335.0 2.2548 0.0113 2.2548 0.9975 2.3936
14680 7340.0 2.2754 0.3224 2.2754 0.9820 2.3293
14690 7345.0 2.2162 0.5723 2.2162 1.0188 2.3196
14700 7350.0 2.2592 0.0427 2.2592 0.9414 2.4559
14710 7355.0 2.1836 2.2068 2.1836 1.0306 2.4861
14720 7360.0 2.3036 1.4370 2.3036 0.9436 2.6267
14730 7365.0 2.2787 0.4125 2.2787 1.0270 2.5565
14740 7370.0 2.3513 5.1293 2.3513 0.9919 2.5844
14750 7375.0 2.3444 4.4519 2.3444 1.0332 2.6276
14760 7380.0 2.3861 9.2677 2.3861 1.0034 2.6211
14770 7385.0 2.3464 4.6471 2.3464 1.0527 2.5006
14780 7390.0 2.3694 7.1324 2.3694 0.9940 2.4796
14790 7395.0 2.2927 0.9096 2.2927 1.0235 2.4205
14800 7400.0 2.2732 0.2696 2.2732 1.0016 2.3842
14810 7405.0 2.2539 0.0076 2.2539 0.9813 2.3672
14820 7410.0 2.1940 1.5688 2.1940 1.0240 2.3246
14830 7415.0 2.2697 0.1949 2.2697 0.9399 2.3960
14840 7420.0 2.1783 2.5678 2.1783 1.0364 2.3888
14850 7425.0 2.2926 0.9082 2.2926 0.9352 2.4941
14860 7430.0 2.2663 0.1329 2.2663 1.0119 2.5317
14870 7435.0 2.3205 2.4825 2.3205 1.0133 2.6350
14880 7440.0 2.3753 7.8533 2.3753 0.9960 2.6732
14890 7445.0 2.3392 3.9783 2.3392 1.0493 2.6291
14900 7450.0 2.3848 9.0852 2.3848 0.9936 2.5847
14910 7455.0 2.3056 1.5436 2.3056 1.0611 2.4379
14920 7460.0 2.3607 6.1233 2.3607 0.9615 2.4373
14930 7465.0 2.2501 0.0000 2.2501 1.0391 2.3234
14940 7470.0 2.3112 1.8736 2.3112 0.9556 2.3290
14950 7475.0 2.2141 0.6428 2.2141 1.0343 2.2812
14960 7480.0 2.2634 0.0904 2.2634 0.9505 2.4270
14970 7485.0 2.2461 0.0076 2.2461 1.0018 2.5202
14980 7490.0 2.3084 1.7081 2.3084 0.9917 2.5565
14990 7495.0 2.3223 2.6147 2.3223 0.9903 2.5534
15000 7500.0 2.2822 0.5184 2.2822 1.0223 2.4901
15010 7505.0 2.3046 1.4891 2.3046 0.9695 2.4578
15020 7510.0 2.2473 0.0035 2.2473 1.0339 2.3706
15030 7515.0 2.3275 3.0001 2.3275 0.9704 2.3645
15040 7520.0 2.2693 0.1869 2.2693 1.0379 2.2993
15050 7525.0 2.3071 1.6280 2.3071 0.9772 2.3695
15060 7530.0 2.2456 0.0098 2.2456 1.0096 2.4499
15070 7535.0 2.2656 0.1214 2.2656 0.9810 2.4725
15080 7540.0 2.2831 0.5474 2.2831 1.0061 2.4950
15090 7545.0 2.3176 2.2830 2.3176 1.0047 2.4821
15100 7550.0 2.3252 2.8257 2.3252 0.9977 2.4132
15110 7555.0 2.3025 1.3788 2.3025 1.0118 2.3586
15120 7560.0 2.3016 1.3295 2.3016 0.9847 2.3720
15130 7565.0 2.2618 0.0697 2.2618 1.0114 2.3768
15140 7570.0 2.3207 2.5007 2.3207 0.9744 2.4614
15150 7575.0 2.3131 1.9899 2.3131 1.0328 2.4974
15160 7580.0 2.3863 9.2879 2.3863 0.9880 2.5579
15170 7585.0 2.3319 3.3541 2.3319 1.0336 2.4919
15180 7590.0 2.3358 3.6784 2.3358 0.9924 2.4575
15190 7595.0 2.2773 0.3715 2.2773 0.9996 2.5165
15200 7600.0 2.2638 0.0958 2.2638 1.0051 2.5242
15210 7605.0 2.2919 0.8763 2.2919 0.9869 2.5380
15220 7610.0 2.2418 0.0333 2.2418 1.0130 2.6024
15230 7615.0 2.3007 1.2872 2.3007 0.9539 2.6589
15240 7620.0 2.2933 0.9363 2.2933 1.0423 2.6501
15250 7625.0 2.3683 7.0021 2.3683 0.9776 2.7059
15260 7630.0 2.2593 0.0431 2.2593 1.0237 2.6126
15270 7635.0 2.2627 0.0807 2.2627 0.9639 2.5548
15280 7640.0 2.2530 0.0045 2.2530 0.9782 2.5262
15290 7645.0 2.2951 1.0187 2.2951 1.0246 2.3384
15300 7650.0 2.4048 11.9811 2.4048 1.0000 2.2634
15310 7655.0 2.3875 9.4506 2.3875 1.0314 2.1909
15320 7660.0 2.3877 9.4802 2.3877 0.9930 2.2104
15330 7665.0 2.3364 3.7317 2.3364 1.0331 2.2012
15340 7670.0 2.3731 7.5710 2.3731 0.9831 2.2769
15350 7675.0 2.3244 2.7655 2.3244 1.0348 2.2882
15360 7680.0 2.3534 5.3410 2.3534 1.0011 2.3505
15370 7685.0 2.3157 2.1595 2.3157 1.0392 2.3701
15380 7690.0 2.3060 1.5668 2.3060 1.0030 2.4056
15390 7695.0 2.2682 0.1648 2.2682 1.0165 2.4344
15400 7700.0 2.2988 1.1904 2.2988 0.9900 2.4963
15410 7705.0 2.3130 1.9870 2.3130 1.0180 2.5183
15420 7710.0 2.3362 3.7143 2.3362 1.0087 2.5029
15430 7715.0 2.3108 1.8493 2.3108 1.0114 2.4705
15440 7720.0 2.3127 1.9676 2.3127 0.9885 2.4501
15450 7725.0 2.3418 4.2098 2.3418 0.9949 2.4380
15460 7730.0 2.3557 5.5852 2.3557 1.0228 2.4450
15470 7735.0 2.3778 8.1692 2.3778 1.0119 2.5422
15480 7740.0 2.4041 11.8689 2.4041 1.0182 2.6668
15490 7745.0 2.4101 12.8153 2.4101 1.0264 2.6976
15500 7750.0 2.3964 10.7196 2.3964 1.0181 2.6387
15510 7755.0 2.3568 5.6989 2.3568 0.9932 2.5308
15520 7760.0 2.2691 0.1828 2.2691 1.0060 2.4225
15530 7765.0 2.2673 0.1501 2.2673 0.9574 2.4081
15540 7770.0 2.2429 0.0254 2.2429 0.9972 2.4183
15550 7775.0 2.2858 0.6422 2.2858 0.9879 2.4925
15560 7780.0 2.2716 0.2342 2.2716 1.0032 2.5486
15570 7785.0 2.2761 0.3405 2.2761 0.9970 2.6075
15580 7790.0 2.3185 2.3441 2.3185 0.9907 2.5709
15590 7795.0 2.3343 3.5563 2.3343 1.0308 2.5760
15600 7800.0 2.3694 7.1260 2.3694 1.0038 2.5917
15610 7805.0 2.3403 4.0773 2.3403 1.0246 2.5708
15620 7810.0 2.3697 7.1689 2.3697 0.9979 2.5832
15630 7815.0 2.3710 7.3191 2.3710 1.0231 2.5375
15640 7820.0 2.3661 6.7407 2.3661 0.9952 2.5623
15650 7825.0 2.2772 0.3712 2.2772 0.9989 2.4430
15660 7830.0 2.2534 0.0056 2.2534 0.9761 2.3236
15670 7835.0 2.2448 0.0137 2.2448 0.9755 2.3040
15680 7840.0 2.2275 0.2533 2.2275 0.9945 2.3549
15690 7845.0 2.2429 0.0253 2.2429 0.9728 2.4359
15700 7850.0 2.2484 0.0014 2.2484 0.9868 2.4448
15710 7855.0 2.3209 2.5105 2.3209 1.0038 2.4514
15720 7860.0 2.4106 12.8972 2.4106 1.0121 2.4847
15730 7865.0 2.3874 9.4331 2.3874 1.0117 2.4224
15740 7870.0 2.2921 0.8865 2.2921 1.0088 2.4694
15750 7875.0 2.2765 0.3514 2.2765 0.9949 2.6105
15760 7880.0 2.3281 3.0485 2.3281 1.0089 2.4478
15770 7885.0 2.3828 8.8192 2.3828 1.0029 2.3693
15780 7890.0 2.2998 1.2401 2.2998 1.0021 2.3348
15790 7895.0 2.2498 0.0000 2.2498 0.9976 2.3250
15800 7900.0 2.2737 0.2799 2.2737 0.9653 2.3490
15810 7905.0 2.2235 0.3513 2.2235 1.0046 2.3567
15820 7910.0 2.2428 0.0259 2.2428 0.9615 2.4403
15830 7915.0 2.2509 0.0004 2.2509 1.0011 2.4474
15840 7920.0 2.3164 2.2030 2.3164 1.0064 2.4605
15850 7925.0 2.3456 4.5710 2.3456 0.9975 2.5127
15860 7930.0 2.3108 1.8508 2.3108 1.0120 2.4623
15870 7935.0 2.3218 2.5780 2.3218 0.9851 2.3929
15880 7940.0 2.2874 0.6990 2.2874 1.0083 2.3862
15890 7945.0 2.3109 1.8522 2.3109 0.9679 2.4535
15900 7950.0 2.2615 0.0660 2.2615 1.0067 2.4984
15910 7955.0 2.3118 1.9107 2.3118 0.9688 2.5133
15920 7960.0 2.3006 1.2783 2.3006 1.0221 2.4463
15930 7965.0 2.3465 4.6530 2.3465 0.9836 2.4374
15940 7970.0 2.3080 1.6849 2.3080 1.0177 2.4013
15950 7975.0 2.3169 2.2386 2.3169 0.9961 2.4164
15960 7980.0 2.2932 0.9320 2.2932 1.0199 2.3987
15970 7985.0 2.2862 0.6544 2.2862 0.9989 2.4193
15980 7990.0 2.2536 0.0063 2.2536 0.9862 2.4124
15990 7995.0 2.2069 0.9295 2.2069 1.0137 2.3519
16000 8000.0 2.2700 0.1998 2.2700 0.9506 2.3387
16010 8005.0 2.2214 0.4083 2.2214 1.0298 2.2300
16020 8010.0 2.2887 0.7469 2.2887 0.9541 2.2632
16030 8015.0 2.2733 0.2722 2.2733 1.0264 2.1897
16040 8020.0 2.3715 7.3866 2.3715 0.9980 2.1895
16050 8025.0 2.3323 3.3857 2.3323 1.0330 2.1718
16060 8030.0 2.3002 1.2617 2.3002 0.9882 2.2837
16070 8035.0 2.2634 0.0898 2.2634 0.9960 2.3677
16080 8040.0 2.2810 0.4805 2.2810 0.9967 2.3903
16090 8045.0 2.3364 3.7365 2.3364 0.9813 2.3940
16100 8050.0 2.2992 1.2087 2.2992 1.0274 2.3422
16110 8055.0 2.3556 5.5712 2.3556 0.9763 2.3550
16120 8060.0 2.3188 2.3692 2.3188 1.0591 2.2422
16130 8065.0 2.4082 12.5076 2.4082 0.9599 2.3127
16140 8070.0 2.2863 0.6587 2.2863 1.0502 2.2935
16150 8075.0 2.3054 1.5364 2.3054 0.9421 2.4758
16160 8080.0 2.2004 1.2298 2.2004 1.0556 2.5052
16170 8085.0 2.3799 8.4361 2.3799 0.9686 2.6740
16180 8090.0 2.3847 9.0693 2.3847 1.0409 2.6234
16190 8095.0 2.4157 13.7229 2.4157 0.9743 2.6640
16200 8100.0 2.3111 1.8665 2.3111 1.0401 2.6855
16210 8105.0 2.2944 0.9847 2.2944 0.9667 2.6332
16220 8110.0 2.2364 0.0924 2.2364 1.0055 2.4980
16230 8115.0 2.2501 0.0000 2.2501 0.9872 2.3907
16240 8120.0 2.2613 0.0633 2.2613 1.0219 2.2987
16250 8125.0 2.3104 1.8257 2.3104 0.9997 2.2987
16260 8130.0 2.2604 0.0543 2.2604 1.0128 2.2866
16270 8135.0 2.2455 0.0103 2.2455 0.9889 2.3592
16280 8140.0 2.2831 0.5467 2.2831 0.9823 2.4071
16290 8145.0 2.3026 1.3819 2.3026 1.0272 2.3698
16300 8150.0 2.3884 9.5710 2.3884 0.9811 2.3935
16310 8155.0 2.3220 2.5932 2.3220 1.0514 2.2943
16320 8160.0 2.3715 7.3797 2.3715 0.9835 2.2909
16330 8165.0 2.3228 2.6467 2.3228 1.0400 2.2536
16340 8170.0 2.3625 6.3268 2.3625 0.9772 2.3297
16350 8175.0 2.2831 0.5477 2.2831 1.0105 2.3833
16360 8180.0 2.2827 0.5347 2.2827 0.9783 2.4409
16370 8185.0 2.2780 0.3926 2.2780 0.9956 2.4436
16380 8190.0 2.3256 2.8543 2.3256 1.0046 2.4364
16390 8195.0 2.3715 7.3803 2.3715 0.9866 2.4274
16400 8200.0 2.3335 3.4867 2.3335 1.0216 2.3788
16410 8205.0 2.3519 5.1889 2.3519 1.0060 2.3994
16420 8210.0 2.3878 9.4918 2.3878 1.0058 2.4603
16430 8215.0 2.3740 7.6935 2.3740 1.0150 2.5002
16440 8220.0 2.3490 4.8988 2.3490 0.9991 2.5192
16450 8225.0 2.3097 1.7842 2.3097 1.0100 2.4735
16460 8230.0 2.3099 1.7944 2.3099 0.9938 2.3793
16470 8235.0 2.3003 1.2645 2.3003 0.9880 2.3429
16480 8240.0 2.2542 0.0089 2.2542 1.0026 2.3637
16490 8245.0 2.2803 0.4605 2.2803 0.9824 2.3751
16500 8250.0 2.3194 2.4093 2.3194 1.0317 2.3312
16510 8255.0 2.3793 8.3542 2.3793 0.9647 2.4619
16520 8260.0 2.2554 0.0147 2.2554 1.0352 2.5152
16530 8265.0 2.3133 2.0054 2.3133 0.9587 2.5320
16540 8270.0 2.2937 0.9549 2.2937 1.0356 2.5449
16550 8275.0 2.3747 7.7764 2.3747 0.9590 2.5775
16560 8280.0 2.2675 0.1538 2.2675 1.0243 2.4820
16570 8285.0 2.2847 0.6020 2.2847 0.9799 2.5343
16580 8290.0 2.3168 2.2340 2.3168 1.0228 2.6603
16590 8295.0 2.3689 7.0720 2.3689 1.0039 2.7247
16600 8300.0 2.2856 0.6334 2.2856 1.0227 2.6809
16610 8305.0 2.2149 0.6162 2.2149 0.9853 2.5619
16620 8310.0 2.2188 0.4853 2.2188 0.9829 2.5894
16630 8315.0 2.2735 0.2753 2.2735 1.0104 2.7024
16640 8320.0 2.2968 1.0949 2.2968 0.9842 2.6838
16650 8325.0 2.2676 0.1551 2.2676 1.0163 2.6117
16660 8330.0 2.3445 4.4680 2.3445 0.9816 2.6784
16670 8335.0 2.3593 5.9687 2.3593 1.0442 2.7744
16680 8340.0 2.3704 7.2487 2.3704 0.9743 2.7425
16690 8345.0 2.2471 0.0042 2.2471 1.0450 2.5721
16700 8350.0 2.3211 2.5310 2.3211 0.9633 2.6114
16710 8355.0 2.2823 0.5228 2.2823 1.0482 2.6885
16720 8360.0 2.4271 15.6746 2.4271 0.9641 2.7880
16730 8365.0 2.3212 2.5359 2.3212 1.0666 2.6921
16740 8370.0 2.3701 7.2125 2.3701 0.9624 2.5955
16750 8375.0 2.2958 1.0470 2.2958 1.0575 2.5488
16760 8380.0 2.3732 7.5882 2.3732 0.9727 2.6416
16770 8385.0 2.2910 0.8393 2.2910 1.0091 2.6283
16780 8390.0 2.2583 0.0342 2.2583 0.9919 2.6184
16790 8395.0 2.2717 0.2365 2.2717 0.9908 2.7107
16800 8400.0 2.3399 4.0421 2.3399 1.0074 2.8594
16810 8405.0 2.3642 6.5170 2.3642 0.9950 2.8516
16820 8410.0 2.3002 1.2624 2.3002 1.0277 2.7798
16830 8415.0 2.3156 2.1526 2.3156 0.9788 2.8545
16840 8420.0 2.3098 1.7872 2.3098 1.0243 2.7408
16850 8425.0 2.3141 2.0540 2.3141 0.9686 2.6917
16860 8430.0 2.1825 2.2763 2.1825 1.0364 2.6285
16870 8435.0 2.2931 0.9304 2.2931 0.9611 2.7291
16880 8440.0 2.3329 3.4321 2.3329 1.0664 2.6786
16890 8445.0 2.4281 15.8685 2.4281 0.9598 2.7131
16900 8450.0 2.3485 4.8509 2.3485 1.0581 2.6827
16910 8455.0 2.3592 5.9573 2.3592 0.9889 2.6443
16920 8460.0 2.2925 0.9035 2.2925 1.0301 2.5071
16930 8465.0 2.3179 2.3078 2.3179 0.9827 2.5024
16940 8470.0 2.3079 1.6783 2.3079 1.0148 2.4884
16950 8475.0 2.3622 6.2979 2.3622 1.0172 2.5414
16960 8480.0 2.3788 8.2904 2.3788 1.0418 2.6401
16970 8485.0 2.3802 8.4716 2.3802 1.0164 2.6464
16980 8490.0 2.3270 2.9626 2.3270 1.0346 2.5323
16990 8495.0 2.3193 2.4003 2.3193 0.9924 2.6289
17000 8500.0 2.2571 0.0249 2.2571 1.0222 2.5680
17010 8505.0 2.2696 0.1921 2.2696 0.9901 2.6406
17020 8510.0 2.2806 0.4673 2.2806 1.0076 2.5971
17030 8515.0 2.2970 1.1065 2.2970 0.9964 2.6908
17040 8520.0 2.3066 1.6017 2.3066 1.0309 2.6371
17050 8525.0 2.3580 5.8343 2.3580 1.0062 2.5734
17060 8530.0 2.3160 2.1812 2.3160 1.0155 2.4658
17070 8535.0 2.3137 2.0266 2.3137 0.9958 2.4221
17080 8540.0 2.3105 1.8300 2.3105 1.0103 2.4011
17090 8545.0 2.2954 1.0300 2.2954 0.9981 2.4371
17100 8550.0 2.2612 0.0626 2.2612 0.9953 2.5171
17110 8555.0 2.2687 0.1749 2.2687 0.9900 2.4718
17120 8560.0 2.2959 1.0543 2.2959 0.9880 2.4160
17130 8565.0 2.3077 1.6653 2.3077 1.0064 2.3788
17140 8570.0 2.3133 2.0021 2.3133 0.9960 2.3151
17150 8575.0 2.3123 1.9394 2.3123 0.9961 2.2454
17160 8580.0 2.3052 1.5242 2.3052 0.9946 2.2225
17170 8585.0 2.2773 0.3725 2.2773 1.0037 2.2405
17180 8590.0 2.2575 0.0280 2.2575 0.9961 2.2466
17190 8595.0 2.2854 0.6278 2.2854 0.9709 2.2366
17200 8600.0 2.2544 0.0098 2.2544 1.0203 2.2026
17210 8605.0 2.3211 2.5273 2.3211 0.9547 2.2889
17220 8610.0 2.2585 0.0357 2.2585 1.0388 2.2442
17230 8615.0 2.3588 5.9134 2.3588 0.9573 2.2734
17240 8620.0 2.3244 2.7695 2.3244 1.0258 2.1875
17250 8625.0 2.3184 2.3374 2.3184 0.9677 2.2942
17260 8630.0 2.2547 0.0110 2.2547 1.0074 2.3880
17270 8635.0 2.2629 0.0836 2.2629 0.9992 2.4087
17280 8640.0 2.2994 1.2197 2.2994 0.9709 2.4005
17290 8645.0 2.2922 0.8912 2.2922 1.0267 2.3971
17300 8650.0 2.4039 11.8364 2.4039 0.9946 2.3811
17310 8655.0 2.4035 11.7793 2.4035 1.0329 2.3637
17320 8660.0 2.4182 14.1425 2.4182 1.0047 2.3868
17330 8665.0 2.3888 9.6307 2.3888 1.0162 2.3813
17340 8670.0 2.3671 6.8529 2.3671 1.0057 2.3720
17350 8675.0 2.3419 4.2205 2.3419 1.0057 2.3523
17360 8680.0 2.3356 3.6602 2.3356 1.0023 2.3626
17370 8685.0 2.3283 3.0642 2.3283 1.0165 2.3894
17380 8690.0 2.3580 5.8361 2.3580 0.9897 2.4178
17390 8695.0 2.3134 2.0125 2.3134 1.0466 2.3997
17400 8700.0 2.3600 6.0512 2.3600 0.9933 2.4862
17410 8705.0 2.3080 1.6795 2.3080 1.0192 2.5223
17420 8710.0 2.2997 1.2332 2.2997 0.9687 2.4715
17430 8715.0 2.2260 0.2870 2.2260 1.0276 2.4006
17440 8720.0 2.2703 0.2065 2.2703 0.9642 2.4328
17450 8725.0 2.2253 0.3047 2.2253 1.0111 2.4781
17460 8730.0 2.2908 0.8320 2.2908 0.9743 2.5539
17470 8735.0 2.3225 2.6262 2.3225 1.0162 2.5995
17480 8740.0 2.3650 6.6092 2.3650 1.0044 2.5919
17490 8745.0 2.3298 3.1855 2.3298 1.0393 2.4857
17500 8750.0 2.3492 4.9225 2.3492 0.9965 2.3819
17510 8755.0 2.3236 2.7056 2.3236 1.0464 2.2565
17520 8760.0 2.3901 9.8171 2.3901 1.0009 2.2801
17530 8765.0 2.3423 4.2635 2.3423 1.0523 2.3081
17540 8770.0 2.3714 7.3693 2.3714 0.9827 2.5143
17550 8775.0 2.3506 5.0563 2.3506 1.0304 2.6719
17560 8780.0 2.3874 9.4355 2.3874 0.9991 2.7500
17570 8785.0 2.3396 4.0114 2.3396 1.0233 2.7634
17580 8790.0 2.3093 1.7604 2.3093 1.0018 2.6903
17590 8795.0 2.2860 0.6494 2.2860 0.9761 2.6316
17600 8800.0 2.2239 0.3398 2.2239 1.0203 2.5445
17610 8805.0 2.2848 0.6038 2.2848 0.9705 2.5203
17620 8810.0 2.2455 0.0103 2.2455 1.0235 2.4559
17630 8815.0 2.2888 0.7538 2.2888 0.9657 2.5148
17640 8820.0 2.2459 0.0084 2.2459 1.0360 2.4981
17650 8825.0 2.3505 5.0541 2.3505 0.9785 2.5460
17660 8830.0 2.3162 2.1933 2.3162 1.0395 2.5272
17670 8835.0 2.2942 0.9770 2.2942 0.9681 2.5395
17680 8840.0 2.2235 0.3522 2.2235 1.0115 2.4876
17690 8845.0 2.2917 0.8683 2.2917 0.9869 2.4962
17700 8850.0 2.3160 2.1748 2.3160 0.9830 2.5029
17710 8855.0 2.2607 0.0575 2.2607 1.0128 2.4852
17720 8860.0 2.3112 1.8714 2.3112 0.9860 2.5326
17730 8865.0 2.3232 2.6762 2.3232 1.0289 2.5305
17740 8870.0 2.4063 12.2107 2.4063 0.9916 2.5973
17750 8875.0 2.3727 7.5274 2.3727 1.0391 2.5552
17760 8880.0 2.3684 7.0037 2.3684 0.9908 2.5185
17770 8885.0 2.2940 0.9681 2.2940 1.0054 2.5145
17780 8890.0 2.2686 0.1727 2.2686 0.9942 2.4829
17790 8895.0 2.2562 0.0191 2.2562 0.9585 2.4980
17800 8900.0 2.1928 1.6379 2.1928 1.0183 2.4895
17810 8905.0 2.3386 3.9227 2.3386 0.9785 2.6360
17820 8910.0 2.3957 10.6157 2.3957 1.0306 2.6277
17830 8915.0 2.3530 5.3083 2.3530 0.9891 2.5752
17840 8920.0 2.1926 1.6446 2.1926 1.0088 2.4959
17850 8925.0 2.1608 3.9777 2.1608 0.9763 2.4362
17860 8930.0 2.2193 0.4699 2.2193 0.9856 2.4683
17870 8935.0 2.3338 3.5125 2.3338 1.0189 2.6379
17880 8940.0 2.3663 6.7648 2.3663 1.0054 2.6996
17890 8945.0 2.2870 0.6856 2.2870 1.0130 2.6090
17900 8950.0 2.2960 1.0577 2.2960 0.9664 2.5973
17910 8955.0 2.2720 0.2410 2.2720 1.0176 2.4889
17920 8960.0 2.3469 4.6909 2.3469 0.9970 2.4515
17930 8965.0 2.3312 3.2970 2.3312 1.0477 2.4157
17940 8970.0 2.3539 5.3947 2.3539 0.9984 2.4842
17950 8975.0 2.3053 1.5292 2.3053 1.0237 2.4924
17960 8980.0 2.3235 2.7025 2.3235 0.9941 2.5390
17970 8985.0 2.2708 0.2157 2.2708 1.0380 2.5326
17980 8990.0 2.2985 1.1746 2.2985 0.9725 2.6142
17990 8995.0 2.2532 0.0051 2.2532 1.0252 2.6450
18000 9000.0 2.2956 1.0410 2.2956 0.9741 2.6917
