# step  time_fs  cv_FeH(A)  bias(kJ/mol)  d_min_FeH(A)  d_min_OH(A)  d_min_SH(A)
0 0.0 1.7182 23.8124 1.7182 2.5114 2.4126
10 5.0 1.5451 1.0190 1.5451 2.6209 2.2524
20 10.0 1.3367 13.3303 1.3367 2.5920 2.0674
30 15.0 1.5930 4.3277 1.5930 2.6041 2.1394
40 20.0 1.5795 3.1587 1.5795 2.6388 2.2432
50 25.0 1.3736 7.9940 1.3736 2.7833 2.1229
60 30.0 1.5424 0.8985 1.5424 2.5790 2.1512
70 35.0 1.5747 2.7890 1.5747 2.5122 2.3102
80 40.0 1.3940 5.6142 1.3940 2.7060 2.2690
90 45.0 1.4779 0.2446 1.4779 2.5155 2.2669
100 50.0 1.4416 1.7027 1.4416 2.2947 2.3514
110 55.0 1.4904 0.0459 1.4904 2.2702 2.4574
120 60.0 1.5304 0.4632 1.5304 2.4025 2.3806
130 65.0 1.4894 0.0562 1.4894 2.5717 2.2529
140 70.0 1.4004 4.9642 1.4004 2.6599 2.3274
150 75.0 1.5549 1.5047 1.5549 2.5168 2.3203
160 80.0 1.5728 2.6477 1.5728 2.5280 2.2817
170 85.0 1.3953 5.4839 1.3953 2.7035 2.1760
180 90.0 1.5069 0.0235 1.5069 2.6086 2.1972
190 95.0 1.5946 4.4764 1.5946 2.4691 2.3143
200 100.0 1.4946 0.0147 1.4946 2.5333 2.3268
210 105.0 1.4411 1.7355 1.4411 2.5894 2.2394
220 110.0 1.5492 1.2106 1.5492 2.5091 2.3285
230 115.0 1.5512 1.3117 1.5512 2.5261 2.3205
240 120.0 1.4388 1.8711 1.4388 2.6402 2.2359
250 125.0 1.4913 0.0376 1.4913 2.6167 2.1899
260 130.0 1.5722 2.6087 1.5722 2.5501 2.1804
270 135.0 1.5150 0.1125 1.5150 2.6133 2.1806
280 140.0 1.4474 1.3848 1.4474 2.6795 2.2247
290 145.0 1.4994 0.0002 1.4994 2.6160 2.3089
300 150.0 1.5257 0.3312 1.5257 2.5924 2.3293
310 155.0 1.4942 0.0169 1.4942 2.6428 2.3012
320 160.0 1.4778 0.2458 1.4778 2.6602 2.2611
330 165.0 1.4831 0.1434 1.4831 2.6387 2.2561
340 170.0 1.5297 0.4396 1.5297 2.5689 2.3127
350 175.0 1.5247 0.3061 1.5247 2.5624 2.3501
360 180.0 1.4781 0.2399 1.4781 2.6060 2.3505
370 185.0 1.5283 0.3992 1.5283 2.5374 2.3651
380 190.0 1.5422 0.8891 1.5422 2.5050 2.3525
390 195.0 1.4922 0.0304 1.4922 2.5472 2.3081
400 200.0 1.4887 0.0638 1.4887 2.5397 2.3243
410 205.0 1.5523 1.3657 1.5523 2.4663 2.3976
420 210.0 1.5051 0.0130 1.5051 2.5005 2.4116
430 215.0 1.4373 1.9684 1.4373 2.5631 2.3616
440 220.0 1.5319 0.5080 1.5319 2.4570 2.3730
450 225.0 1.5596 1.7737 1.5596 2.4000 2.3862
460 230.0 1.4699 0.4537 1.4699 2.4553 2.3447
470 235.0 1.4704 0.4376 1.4704 2.4252 2.3699
480 240.0 1.5911 4.1475 1.5911 2.2815 2.4601
490 245.0 1.5713 2.5384 1.5713 2.3232 2.4091
500 250.0 1.4863 0.0942 1.4863 2.4731 2.2499
510 255.0 1.4648 0.6210 1.4648 2.5274 2.1933
520 260.0 1.5430 0.9266 1.5430 2.4368 2.2666
530 265.0 1.5396 0.7823 1.5396 2.4465 2.3249
540 270.0 1.4334 2.2197 1.4334 2.5466 2.3312
550 275.0 1.4824 0.1553 1.4824 2.4901 2.3723
560 280.0 1.6055 5.5644 1.6055 2.3454 2.4171
570 285.0 1.5154 0.1181 1.5154 2.4424 2.3117
580 290.0 1.4412 1.7314 1.4412 2.5153 2.2390
590 295.0 1.5180 0.1622 1.5180 2.4076 2.2570
600 300.0 1.6002 5.0152 1.6002 2.3003 2.3104
610 305.0 1.4471 1.3968 1.4471 2.4535 2.2968
620 310.0 1.4220 3.0386 1.4220 2.4846 2.3567
630 315.0 1.5610 1.8577 1.5610 2.3513 2.4297
640 320.0 1.5142 0.1015 1.5142 2.4047 2.4128
650 325.0 1.4279 2.5959 1.4279 2.5147 2.2807
660 330.0 1.5196 0.1922 1.5196 2.4621 2.2252
670 335.0 1.5761 2.8981 1.5761 2.4521 2.2425
680 340.0 1.4524 1.1336 1.4524 2.6028 2.2128
690 345.0 1.4629 0.6875 1.4629 2.6271 2.2269
700 350.0 1.5681 2.3186 1.5681 2.5662 2.2731
710 355.0 1.5438 0.9611 1.5438 2.6195 2.3282
720 360.0 1.4725 0.3789 1.4725 2.7570 2.3132
730 365.0 1.4726 0.3753 1.4726 2.8142 2.2909
740 370.0 1.5618 1.9099 1.5618 2.7593 2.3930
750 375.0 1.5675 2.2777 1.5675 2.7953 2.3793
760 380.0 1.4873 0.0810 1.4873 2.7673 2.2360
770 385.0 1.4808 0.1848 1.4808 2.7043 2.1699
780 390.0 1.5506 1.2781 1.5506 2.6518 2.1857
790 395.0 1.5330 0.5443 1.5330 2.6629 2.2254
800 400.0 1.4642 0.6408 1.4642 2.7298 2.3149
810 405.0 1.4943 0.0162 1.4943 2.7435 2.3182
820 410.0 1.5713 2.5425 1.5713 2.7039 2.3249
830 415.0 1.5660 2.1751 1.5660 2.6628 2.3514
840 420.0 1.4958 0.0086 1.4958 2.6200 2.3658
850 425.0 1.4863 0.0939 1.4863 2.5816 2.2671
860 430.0 1.5531 1.4085 1.5531 2.5281 2.2339
870 435.0 1.5553 1.5273 1.5553 2.6249 2.3030
880 440.0 1.4548 1.0208 1.4548 2.7832 2.3673
890 445.0 1.4556 0.9858 1.4556 2.8488 2.3588
900 450.0 1.5665 2.2107 1.5665 2.7836 2.3700
910 455.0 1.5520 1.3495 1.5520 2.6980 2.3764
920 460.0 1.4609 0.7633 1.4609 2.6682 2.2867
930 465.0 1.4808 0.1842 1.4808 2.6146 2.2194
940 470.0 1.5802 3.2133 1.5802 2.5778 2.2582
950 475.0 1.5801 3.2095 1.5801 2.6562 2.2997
960 480.0 1.4088 4.1593 1.4088 2.8403 2.3352
970 485.0 1.5164 0.1353 1.5164 2.8282 2.4060
980 490.0 1.6255 7.8738 1.6255 2.7287 2.3758
990 495.0 1.5282 0.3963 1.5282 2.6898 2.3058
1000 500.0 1.4448 1.5250 1.4448 2.6825 2.3461
1010 505.0 1.5433 0.9356 1.5433 2.5845 2.3746
1020 510.0 1.6067 5.6953 1.6067 2.5423 2.3875
1030 515.0 1.4847 0.1165 1.4847 2.6154 2.3559
1040 520.0 1.4326 2.2724 1.4326 2.6323 2.3779
1050 525.0 1.5329 0.5411 1.5329 2.5831 2.4528
1060 530.0 1.5839 3.5155 1.5839 2.5641 2.4631
1070 535.0 1.5256 0.3280 1.5256 2.6201 2.4368
1080 540.0 1.4744 0.3286 1.4744 2.6478 2.4977
1090 545.0 1.5192 0.1836 1.5192 2.6340 2.4706
1100 550.0 1.5749 2.8053 1.5749 2.5932 2.4451
1110 555.0 1.5421 0.8861 1.5421 2.5748 2.3874
1120 560.0 1.4939 0.0186 1.4939 2.5847 2.3431
1130 565.0 1.5244 0.2965 1.5244 2.5426 2.3626
1140 570.0 1.5643 2.0661 1.5643 2.4924 2.4684
1150 575.0 1.5108 0.0584 1.5108 2.4334 2.5813
1160 580.0 1.4938 0.0191 1.4938 2.4475 2.5273
1170 585.0 1.5625 1.9517 1.5625 2.5535 2.4972
1180 590.0 1.5242 0.2927 1.5242 2.6160 2.4776
1190 595.0 1.4441 1.5620 1.4441 2.6846 2.4439
1200 600.0 1.5252 0.3185 1.5252 2.6458 2.4737
1210 605.0 1.5581 1.6898 1.5581 2.6039 2.4876
1220 610.0 1.4741 0.3343 1.4741 2.5979 2.4164
1230 615.0 1.4890 0.0603 1.4890 2.5203 2.3827
1240 620.0 1.5401 0.8038 1.5401 2.4163 2.4022
1250 625.0 1.5464 1.0770 1.5464 2.3770 2.4300
1260 630.0 1.4708 0.4277 1.4708 2.3778 2.3901
1270 635.0 1.4905 0.0450 1.4905 2.4466 2.3914
1280 640.0 1.5500 1.2523 1.5500 2.5277 2.4288
1290 645.0 1.5629 1.9809 1.5629 2.5750 2.4497
1300 650.0 1.5204 0.2081 1.5204 2.6109 2.4123
1310 655.0 1.5027 0.0038 1.5027 2.6421 2.3814
1320 660.0 1.5312 0.4875 1.5312 2.7027 2.4196
1330 665.0 1.5519 1.3464 1.5519 2.7750 2.4775
1340 670.0 1.5110 0.0600 1.5110 2.8215 2.4848
1350 675.0 1.5026 0.0034 1.5026 2.8321 2.4860
1360 680.0 1.5399 0.7965 1.5399 2.8008 2.4961
1370 685.0 1.5516 1.3305 1.5516 2.7803 2.5056
1380 690.0 1.5295 0.4341 1.5295 2.7981 2.4952
1390 695.0 1.5344 0.5929 1.5344 2.7760 2.5092
1400 700.0 1.5512 1.3127 1.5512 2.7374 2.5474
1410 705.0 1.5566 1.5991 1.5566 2.6899 2.5818
1420 710.0 1.4946 0.0148 1.4946 2.7043 2.5396
1430 715.0 1.4675 0.5267 1.4675 2.6866 2.4812
1440 720.0 1.5170 0.1450 1.5170 2.6209 2.4986
1450 725.0 1.5431 0.9296 1.5431 2.6080 2.4169
1460 730.0 1.5370 0.6848 1.5370 2.6559 2.3185
1470 735.0 1.5316 0.5004 1.5316 2.6781 2.2949
1480 740.0 1.5393 0.7739 1.5393 2.6654 2.3430
1490 745.0 1.5323 0.5217 1.5323 2.6740 2.4117
1500 750.0 1.5106 0.0565 1.5106 2.6981 2.4644
1510 755.0 1.5201 0.2019 1.5201 2.6940 2.4195
1520 760.0 1.5016 0.0013 1.5016 2.7392 2.3903
1530 765.0 1.4910 0.0407 1.4910 2.7848 2.3352
1540 770.0 1.5472 1.1134 1.5472 2.7630 2.2393
1550 775.0 1.5753 2.8380 1.5753 2.7495 2.1699
1560 780.0 1.5524 1.3748 1.5524 2.7521 2.1497
1570 785.0 1.5553 1.5266 1.5553 2.7233 2.1398
1580 790.0 1.5400 0.7985 1.5400 2.7084 2.1419
1590 795.0 1.4991 0.0004 1.4991 2.7137 2.1862
1600 800.0 1.4843 0.1226 1.4843 2.7174 2.2334
1610 805.0 1.4939 0.0185 1.4939 2.7012 2.2604
1620 810.0 1.4782 0.2379 1.4782 2.7134 2.2211
1630 815.0 1.4943 0.0161 1.4943 2.6859 2.1668
1640 820.0 1.4974 0.0035 1.4974 2.6713 2.1099
1650 825.0 1.5324 0.5241 1.5324 2.6084 2.1166
1660 830.0 1.5230 0.2652 1.5230 2.5624 2.1708
1670 835.0 1.4939 0.0186 1.4939 2.5073 2.2672
1680 840.0 1.5488 1.1920 1.5488 2.3778 2.3060
1690 845.0 1.5159 0.1270 1.5159 2.3488 2.3506
1700 850.0 1.3913 5.9107 1.3913 2.4010 2.3870
1710 855.0 1.4953 0.0110 1.4953 2.2286 2.4150
1720 860.0 1.5608 1.8492 1.5608 2.1359 2.3167
1730 865.0 1.4932 0.0232 1.4932 2.2063 2.1800
1740 870.0 1.4626 0.7007 1.4626 2.2304 2.1667
1750 875.0 1.4848 0.1159 1.4848 2.1486 2.2926
1760 880.0 1.5229 0.2626 1.5229 2.0736 2.4873
1770 885.0 1.4611 0.7574 1.4611 2.1509 2.3772
1780 890.0 1.4369 1.9930 1.4369 2.2183 2.2760
1790 895.0 1.5144 0.1031 1.5144 2.1653 2.2752
1800 900.0 1.5020 0.0021 1.5020 2.1879 2.3088
1810 905.0 1.4627 0.6950 1.4627 2.2625 2.3827
1820 910.0 1.4918 0.0337 1.4918 2.2790 2.4026
1830 915.0 1.5162 0.1307 1.5162 2.3073 2.3348
1840 920.0 1.4946 0.0144 1.4946 2.3774 2.2666
1850 925.0 1.4564 0.9519 1.4564 2.4562 2.2172
1860 930.0 1.4836 0.1337 1.4836 2.4505 2.2289
1870 935.0 1.5407 0.8289 1.5407 2.3891 2.3196
1880 940.0 1.5356 0.6355 1.5356 2.3778 2.4035
1890 945.0 1.5071 0.0252 1.5071 2.4145 2.3544
1900 950.0 1.5101 0.0511 1.5101 2.4189 2.3209
1910 955.0 1.5250 0.3114 1.5250 2.4104 2.3899
1920 960.0 1.4916 0.0353 1.4916 2.4630 2.4698
1930 965.0 1.4534 1.0849 1.4534 2.5647 2.3182
1940 970.0 1.5226 0.2556 1.5226 2.6080 2.2081
1950 975.0 1.5476 1.1331 1.5476 2.5772 2.1885
1960 980.0 1.5212 0.2257 1.5212 2.5751 2.2447
1970 985.0 1.5228 0.2596 1.5228 2.6017 2.2772
1980 990.0 1.5323 0.5209 1.5323 2.6373 2.2585
1990 995.0 1.5348 0.6042 1.5348 2.6180 2.3058
2000 1000.0 1.5115 0.0660 1.5115 2.6208 2.3828
2010 1005.0 1.4847 0.1174 1.4847 2.6276 2.3992
2020 1010.0 1.4974 0.0033 1.4974 2.6170 2.3836
2030 1015.0 1.5114 0.0647 1.5114 2.5360 2.3248
2040 1020.0 1.5196 0.1927 1.5196 2.4401 2.2771
2050 1025.0 1.5278 0.3857 1.5278 2.3628 2.2616
2060 1030.0 1.5143 0.1029 1.5143 2.3492 2.2541
2070 1035.0 1.4933 0.0222 1.4933 2.4110 2.2941
2080 1040.0 1.4889 0.0615 1.4889 2.4529 2.3620
2090 1045.0 1.5153 0.1173 1.5153 2.4733 2.3945
2100 1050.0 1.5263 0.3467 1.5263 2.4869 2.3936
2110 1055.0 1.5198 0.1953 1.5198 2.4868 2.3158
2120 1060.0 1.4994 0.0002 1.4994 2.4988 2.2486
2130 1065.0 1.4978 0.0025 1.4978 2.5237 2.2636
2140 1070.0 1.5277 0.3830 1.5277 2.5191 2.3510
2150 1075.0 1.5185 0.1713 1.5185 2.5046 2.4069
2160 1080.0 1.4555 0.9894 1.4555 2.5507 2.3750
2170 1085.0 1.4795 0.2105 1.4795 2.5346 2.3935
2180 1090.0 1.5271 0.3684 1.5271 2.4649 2.3386
2190 1095.0 1.4965 0.0061 1.4965 2.4664 2.2582
2200 1100.0 1.4760 0.2879 1.4760 2.4662 2.2084
2210 1105.0 1.5202 0.2035 1.5202 2.4501 2.2773
2220 1110.0 1.5285 0.4074 1.5285 2.3567 2.3408
2230 1115.0 1.4474 1.3824 1.4474 2.3318 2.3877
2240 1120.0 1.4456 1.4819 1.4456 2.2594 2.4356
2250 1125.0 1.5040 0.0082 1.5040 2.1862 2.4377
2260 1130.0 1.4944 0.0159 1.4944 2.2069 2.3479
2270 1135.0 1.4692 0.4728 1.4692 2.2625 2.2390
2280 1140.0 1.4718 0.3990 1.4718 2.2633 2.1949
2290 1145.0 1.4911 0.0400 1.4911 2.2359 2.1983
2300 1150.0 1.4783 0.2355 1.4783 2.2323 2.2091
2310 1155.0 1.4679 0.5150 1.4679 2.2349 2.2191
2320 1160.0 1.4422 1.6693 1.4422 2.2704 2.2055
2330 1165.0 1.4707 0.4283 1.4707 2.2774 2.1955
2340 1170.0 1.4920 0.0319 1.4920 2.3000 2.2151
2350 1175.0 1.4623 0.7123 1.4623 2.3688 2.2451
2360 1180.0 1.4809 0.1816 1.4809 2.3543 2.2967
2370 1185.0 1.5364 0.6607 1.5364 2.2803 2.3237
2380 1190.0 1.5414 0.8584 1.5414 2.2934 2.3495
2390 1195.0 1.4569 0.9297 1.4569 2.4127 2.3557
2400 1200.0 1.4575 0.9053 1.4575 2.4034 2.3260
2410 1205.0 1.5504 1.2692 1.5504 2.3041 2.3515
2420 1210.0 1.4738 0.3423 1.4738 2.3867 2.3216
2430 1215.0 1.4380 1.9223 1.4380 2.4306 2.3423
2440 1220.0 1.5154 0.1181 1.5154 2.3594 2.4405
2450 1225.0 1.5481 1.1586 1.5481 2.3021 2.5177
2460 1230.0 1.4993 0.0003 1.4993 2.3483 2.4099
2470 1235.0 1.4458 1.4704 1.4458 2.3771 2.3691
2480 1240.0 1.4670 0.5456 1.4670 2.3393 2.4580
2490 1245.0 1.5217 0.2361 1.5217 2.3178 2.5312
2500 1250.0 1.5129 0.0828 1.5129 2.4087 2.3885
2510 1255.0 1.4565 0.9468 1.4565 2.4556 2.2565
2520 1260.0 1.4656 0.5929 1.4656 2.4138 2.2051
2530 1265.0 1.5365 0.6674 1.5365 2.3770 2.2934
2540 1270.0 1.5559 1.5615 1.5559 2.4325 2.3818
2550 1275.0 1.4662 0.5705 1.4662 2.5263 2.4063
2560 1280.0 1.4772 0.2596 1.4772 2.5239 2.4726
2570 1285.0 1.5259 0.3356 1.5259 2.4942 2.5336
2580 1290.0 1.4902 0.0478 1.4902 2.5425 2.5003
2590 1295.0 1.4894 0.0559 1.4894 2.5596 2.4831
2600 1300.0 1.5282 0.3975 1.5282 2.4974 2.5233
2610 1305.0 1.5545 1.4839 1.5545 2.4759 2.5242
2620 1310.0 1.4836 0.1352 1.4836 2.5673 2.4600
2630 1315.0 1.4259 2.7443 1.4259 2.6653 2.4405
2640 1320.0 1.5534 1.4271 1.5534 2.5793 2.5066
2650 1325.0 1.5179 0.1599 1.5179 2.6443 2.4614
2660 1330.0 1.4184 3.3274 1.4184 2.6558 2.3546
2670 1335.0 1.5415 0.8609 1.5415 2.5240 2.3730
2680 1340.0 1.6055 5.5630 1.6055 2.4655 2.4128
2690 1345.0 1.5012 0.0008 1.5012 2.5969 2.3577
2700 1350.0 1.4130 3.7868 1.4130 2.7407 2.3569
2710 1355.0 1.5642 2.0631 1.5642 2.6608 2.4710
2720 1360.0 1.5501 1.2575 1.5501 2.6526 2.4708
2730 1365.0 1.4217 3.0643 1.4217 2.7434 2.3552
2740 1370.0 1.5184 0.1696 1.5184 2.6251 2.3292
2750 1375.0 1.5385 0.7428 1.5385 2.4751 2.3472
2760 1380.0 1.4508 1.2104 1.4508 2.3733 2.3931
2770 1385.0 1.4924 0.0291 1.4924 2.3967 2.4296
2780 1390.0 1.5814 3.3097 1.5814 2.4964 2.4295
2790 1395.0 1.5174 0.1515 1.5174 2.5611 2.3532
2800 1400.0 1.4647 0.6228 1.4647 2.5846 2.2582
2810 1405.0 1.5152 0.1157 1.5152 2.5462 2.2458
2820 1410.0 1.5916 4.1982 1.5916 2.5558 2.2999
2830 1415.0 1.4662 0.5701 1.4662 2.7045 2.2783
2840 1420.0 1.4328 2.2546 1.4328 2.7375 2.2614
2850 1425.0 1.5699 2.4445 1.5699 2.6195 2.2432
2860 1430.0 1.4986 0.0010 1.4986 2.6956 2.1608
2870 1435.0 1.4533 1.0915 1.4533 2.7042 2.1692
2880 1440.0 1.5314 0.4932 1.5314 2.5523 2.2767
2890 1445.0 1.5348 0.6054 1.5348 2.3894 2.3846
2900 1450.0 1.5050 0.0123 1.5050 2.3382 2.3597
2910 1455.0 1.4853 0.1074 1.4853 2.3666 2.3264
2920 1460.0 1.4704 0.4373 1.4704 2.4319 2.2937
2930 1465.0 1.4790 0.2195 1.4790 2.4824 2.3089
2940 1470.0 1.4884 0.0671 1.4884 2.4449 2.2515
2950 1475.0 1.5434 0.9411 1.5434 2.3792 2.2735
2960 1480.0 1.5132 0.0871 1.5132 2.3738 2.3144
2970 1485.0 1.3912 5.9195 1.3912 2.4679 2.3336
2980 1490.0 1.4831 0.1430 1.4831 2.3504 2.4265
2990 1495.0 1.5520 1.3499 1.5520 2.2929 2.4549
3000 1500.0 1.4938 0.0192 1.4938 2.3843 2.2786
3010 1505.0 1.4627 0.6966 1.4627 2.4702 2.2317
3020 1510.0 1.4974 0.0034 1.4974 2.4243 2.3594
3030 1515.0 1.5668 2.2302 1.5668 2.4113 2.2866
3040 1520.0 1.5435 0.9440 1.5435 2.5001 2.1405
3050 1525.0 1.4615 0.7430 1.4615 2.5968 2.0800
3060 1530.0 1.5008 0.0003 1.5008 2.5585 2.1661
3070 1535.0 1.5628 1.9750 1.5628 2.4593 2.3336
3080 1540.0 1.5150 0.1121 1.5150 2.4730 2.4347
3090 1545.0 1.4336 2.2037 1.4336 2.5554 2.3023
3100 1550.0 1.4889 0.0614 1.4889 2.5053 2.3557
3110 1555.0 1.5675 2.2814 1.5675 2.4409 2.4988
3120 1560.0 1.5217 0.2365 1.5217 2.4366 2.3212
3130 1565.0 1.4504 1.2308 1.4504 2.3741 2.1758
3140 1570.0 1.4885 0.0665 1.4885 2.2845 2.1821
3150 1575.0 1.5219 0.2397 1.5219 2.2624 2.2875
3160 1580.0 1.5104 0.0537 1.5104 2.3323 2.3985
3170 1585.0 1.4891 0.0590 1.4891 2.4408 2.4163
3180 1590.0 1.5032 0.0052 1.5032 2.5593 2.3725
3190 1595.0 1.4999 0.0000 1.4999 2.6151 2.3476
3200 1600.0 1.5085 0.0361 1.5085 2.5647 2.3525
3210 1605.0 1.5256 0.3271 1.5256 2.4802 2.4391
3220 1610.0 1.5158 0.1252 1.5158 2.4301 2.4219
3230 1615.0 1.5306 0.4670 1.5306 2.3735 2.2943
3240 1620.0 1.5190 0.1796 1.5190 2.3634 2.2154
3250 1625.0 1.5063 0.0198 1.5063 2.3447 2.2017
3260 1630.0 1.5011 0.0006 1.5011 2.3349 2.2893
3270 1635.0 1.5271 0.3680 1.5271 2.3280 2.4183
3280 1640.0 1.5274 0.3756 1.5274 2.3749 2.4186
3290 1645.0 1.4760 0.2883 1.4760 2.3690 2.3635
3300 1650.0 1.5003 0.0000 1.5003 2.3499 2.4219
3310 1655.0 1.5739 2.7288 1.5739 2.3772 2.5174
3320 1660.0 1.5174 0.1511 1.5174 2.4899 2.4418
3330 1665.0 1.4366 2.0101 1.4366 2.5663 2.3631
3340 1670.0 1.5523 1.3686 1.5523 2.4814 2.3247
3350 1675.0 1.6049 5.4991 1.6049 2.4676 2.2815
3360 1680.0 1.4408 1.7510 1.4408 2.5969 2.2360
3370 1685.0 1.4691 0.4778 1.4691 2.5510 2.2657
3380 1690.0 1.6203 7.2384 1.6203 2.4302 2.4020
3390 1695.0 1.5704 2.4747 1.5704 2.4758 2.3966
3400 1700.0 1.4600 0.8011 1.4600 2.6109 2.2351
3410 1705.0 1.4700 0.4508 1.4700 2.6028 2.2612
3420 1710.0 1.5626 1.9563 1.5626 2.4937 2.4074
3430 1715.0 1.5932 4.3407 1.5932 2.4631 2.3661
3440 1720.0 1.5273 0.3730 1.5273 2.4629 2.3493
3450 1725.0 1.4469 1.4107 1.4469 2.4903 2.3719
3460 1730.0 1.4875 0.0781 1.4875 2.5158 2.4152
3470 1735.0 1.5813 3.3017 1.5813 2.5628 2.4499
3480 1740.0 1.5481 1.1588 1.5481 2.5723 2.4642
3490 1745.0 1.4650 0.6127 1.4650 2.5647 2.4535
3500 1750.0 1.4618 0.7281 1.4618 2.5587 2.4678
3510 1755.0 1.5749 2.8065 1.5749 2.6120 2.4957
3520 1760.0 1.5807 3.2525 1.5807 2.6353 2.4818
3530 1765.0 1.4907 0.0435 1.4907 2.6169 2.3781
3540 1770.0 1.4549 1.0160 1.4549 2.6217 2.3299
3550 1775.0 1.5466 1.0848 1.5466 2.6818 2.3820
3560 1780.0 1.6015 5.1513 1.6015 2.6078 2.3908
3570 1785.0 1.5133 0.0884 1.5133 2.6866 2.3276
3580 1790.0 1.4136 3.7335 1.4136 2.7589 2.2049
3590 1795.0 1.5099 0.0492 1.5099 2.6693 2.2621
3600 1800.0 1.5993 4.9306 1.5993 2.5788 2.3211
3610 1805.0 1.4886 0.0647 1.4886 2.6999 2.2372
3620 1810.0 1.4777 0.2488 1.4777 2.7157 2.2025
3630 1815.0 1.5667 2.2271 1.5667 2.5714 2.2726
3640 1820.0 1.6123 6.3100 1.6123 2.4919 2.3357
3650 1825.0 1.5585 1.7106 1.5585 2.5475 2.3055
3660 1830.0 1.4838 0.1313 1.4838 2.6556 2.2324
3670 1835.0 1.4879 0.0734 1.4879 2.6111 2.2254
3680 1840.0 1.5647 2.0925 1.5647 2.4907 2.3123
3690 1845.0 1.5296 0.4378 1.5296 2.4870 2.3547
3700 1850.0 1.4328 2.2554 1.4328 2.5869 2.2814
3710 1855.0 1.4849 0.1137 1.4849 2.5544 2.2381
3720 1860.0 1.5691 2.3862 1.5691 2.5120 2.2144
3730 1865.0 1.5134 0.0900 1.5134 2.5549 2.1890
3740 1870.0 1.4621 0.7180 1.4621 2.5564 2.2844
3750 1875.0 1.5160 0.1286 1.5160 2.4557 2.2505
3760 1880.0 1.5478 1.1439 1.5478 2.4011 2.2469
3770 1885.0 1.5023 0.0025 1.5023 2.4630 2.3046
3780 1890.0 1.4959 0.0082 1.4959 2.5180 2.3717
3790 1895.0 1.5318 0.5057 1.5318 2.5754 2.2718
3800 1900.0 1.4895 0.0547 1.4895 2.6349 2.2357
3810 1905.0 1.4424 1.6593 1.4424 2.6465 2.2677
3820 1910.0 1.5409 0.8366 1.5409 2.5523 2.3650
3830 1915.0 1.5529 1.3976 1.5529 2.5224 2.4193
3840 1920.0 1.4765 0.2751 1.4765 2.5977 2.3129
3850 1925.0 1.4605 0.7785 1.4605 2.5756 2.2938
3860 1930.0 1.5475 1.1282 1.5475 2.4550 2.3949
3870 1935.0 1.5627 1.9637 1.5627 2.3919 2.4239
3880 1940.0 1.5125 0.0782 1.5125 2.4422 2.3799
3890 1945.0 1.4436 1.5920 1.4436 2.5460 2.3750
3900 1950.0 1.4772 0.2603 1.4772 2.6035 2.4287
3910 1955.0 1.5381 0.7264 1.5381 2.5250 2.3829
3920 1960.0 1.5060 0.0182 1.5060 2.5388 2.3838
3930 1965.0 1.4356 2.0732 1.4356 2.6131 2.3507
3940 1970.0 1.4756 0.2987 1.4756 2.5992 2.3606
3950 1975.0 1.5246 0.3029 1.5246 2.4617 2.3969
3960 1980.0 1.5000 0.0000 1.5000 2.3641 2.4287
3970 1985.0 1.4827 0.1498 1.4827 2.3764 2.4398
3980 1990.0 1.5129 0.0836 1.5129 2.4766 2.4087
3990 1995.0 1.4874 0.0796 1.4874 2.6120 2.2604
4000 2000.0 1.4588 0.8503 1.4588 2.6676 2.2380
4010 2005.0 1.5582 1.6957 1.5582 2.5819 2.2979
4020 2010.0 1.5882 3.8895 1.5882 2.5902 2.2789
4030 2015.0 1.4894 0.0558 1.4894 2.7144 2.2730
4040 2020.0 1.4479 1.3549 1.4479 2.6912 2.2681
4050 2025.0 1.5705 2.4863 1.5705 2.5161 2.2393
4060 2030.0 1.5799 3.1887 1.5799 2.3829 2.1952
4070 2035.0 1.4401 1.7926 1.4401 2.2788 2.1958
4080 2040.0 1.4640 0.6475 1.4640 2.2786 2.3074
4090 2045.0 1.6078 5.8094 1.6078 2.4322 2.4896
4100 2050.0 1.5286 0.4096 1.5286 2.5897 2.3033
4110 2055.0 1.4589 0.8465 1.4589 2.7083 2.1322
4120 2060.0 1.5158 0.1254 1.5158 2.6552 2.2151
4130 2065.0 1.6031 5.3109 1.6031 2.5406 2.4332
4140 2070.0 1.5134 0.0899 1.5134 2.3634 2.3533
4150 2075.0 1.4191 3.2716 1.4191 2.3072 2.2989
4160 2080.0 1.5439 0.9646 1.5439 2.4044 2.3570
4170 2085.0 1.5698 2.4349 1.5698 2.5687 2.3250
4180 2090.0 1.4831 0.1436 1.4831 2.6500 2.2356
4190 2095.0 1.5083 0.0341 1.5083 2.6192 2.2997
4200 2100.0 1.5893 3.9830 1.5893 2.5589 2.4353
4210 2105.0 1.5392 0.7695 1.5392 2.6166 2.4351
4220 2110.0 1.4021 4.7959 1.4021 2.7146 2.3655
4230 2115.0 1.4831 0.1430 1.4831 2.6796 2.3746
4240 2120.0 1.6090 5.9452 1.6090 2.6005 2.4297
4250 2125.0 1.5085 0.0361 1.5085 2.6364 2.3879
4260 2130.0 1.4518 1.1635 1.4518 2.6500 2.3303
4270 2135.0 1.5265 0.3520 1.5265 2.5514 2.3718
4280 2140.0 1.5845 3.5714 1.5845 2.4372 2.4815
4290 2145.0 1.5201 0.2012 1.5201 2.3572 2.4762
4300 2150.0 1.4453 1.4973 1.4453 2.3933 2.3762
4310 2155.0 1.5651 2.1167 1.5651 2.5607 2.3300
4320 2160.0 1.5444 0.9839 1.5444 2.7254 2.3410
4330 2165.0 1.4413 1.7217 1.4413 2.7332 2.3956
4340 2170.0 1.4604 0.7826 1.4604 2.5998 2.2968
4350 2175.0 1.5356 0.6350 1.5356 2.4957 2.2166
4360 2180.0 1.4720 0.3926 1.4720 2.5527 2.1654
4370 2185.0 1.4296 2.4806 1.4296 2.6531 2.2097
4380 2190.0 1.5305 0.4641 1.5305 2.6764 2.1758
4390 2195.0 1.4931 0.0241 1.4931 2.7864 2.1502
4400 2200.0 1.4933 0.0227 1.4933 2.7313 2.1965
4410 2205.0 1.5389 0.7547 1.5389 2.6963 2.1887
4420 2210.0 1.5155 0.1203 1.5155 2.5766 2.1625
4430 2215.0 1.4691 0.4777 1.4691 2.4545 2.2230
4440 2220.0 1.5013 0.0008 1.5013 2.4181 2.3275
4450 2225.0 1.5140 0.0986 1.5140 2.4577 2.2530
4460 2230.0 1.5015 0.0011 1.5015 2.5565 2.1270
4470 2235.0 1.5200 0.2010 1.5200 2.6384 2.0357
4480 2240.0 1.5433 0.9358 1.5433 2.7025 2.0221
4490 2245.0 1.5530 1.4054 1.5530 2.6834 2.0593
4500 2250.0 1.5149 0.1110 1.5149 2.6625 2.0852
4510 2255.0 1.4644 0.6328 1.4644 2.5948 2.1813
4520 2260.0 1.5093 0.0431 1.5093 2.4967 2.2209
4530 2265.0 1.5612 1.8722 1.5612 2.4346 2.2114
4540 2270.0 1.4726 0.3767 1.4726 2.4592 2.2425
4550 2275.0 1.4413 1.7255 1.4413 2.5017 2.3078
4560 2280.0 1.5222 0.2461 1.5222 2.5298 2.2870
4570 2285.0 1.5350 0.6115 1.5350 2.5191 2.2516
4580 2290.0 1.4658 0.5864 1.4658 2.5168 2.2199
4590 2295.0 1.4779 0.2436 1.4779 2.5683 2.2723
4600 2300.0 1.5361 0.6516 1.5361 2.6365 2.3291
4610 2305.0 1.4994 0.0002 1.4994 2.6493 2.3247
4620 2310.0 1.4817 0.1677 1.4817 2.6443 2.3251
4630 2315.0 1.4996 0.0001 1.4996 2.6348 2.3596
4640 2320.0 1.4828 0.1478 1.4828 2.6198 2.3739
4650 2325.0 1.5000 0.0000 1.5000 2.6051 2.4026
4660 2330.0 1.5056 0.0159 1.5056 2.6006 2.3681
4670 2335.0 1.4868 0.0873 1.4868 2.6207 2.3091
4680 2340.0 1.4884 0.0669 1.4884 2.6549 2.2861
4690 2345.0 1.5166 0.1375 1.5166 2.6561 2.2762
4700 2350.0 1.5180 0.1613 1.5180 2.6016 2.2972
4710 2355.0 1.4911 0.0397 1.4911 2.5665 2.3394
4720 2360.0 1.4214 3.0854 1.4214 2.5207 2.3869
4730 2365.0 1.4996 0.0001 1.4996 2.5226 2.4335
4740 2370.0 1.5443 0.9807 1.5443 2.4760 2.4249
4750 2375.0 1.4505 1.2261 1.4505 2.5320 2.3685
4760 2380.0 1.4484 1.3303 1.4484 2.6019 2.3635
4770 2385.0 1.5889 3.9541 1.5889 2.6503 2.3416
4780 2390.0 1.5766 2.9330 1.5766 2.7444 2.1690
4790 2395.0 1.5017 0.0015 1.5017 2.7780 2.0458
4800 2400.0 1.5243 0.2952 1.5243 2.6940 2.0856
4810 2405.0 1.5765 2.9286 1.5765 2.4837 2.2924
4820 2410.0 1.5401 0.8022 1.5401 2.3313 2.3336
4830 2415.0 1.4587 0.8539 1.4587 2.2947 2.2328
4840 2420.0 1.4879 0.0736 1.4879 2.3029 2.2430
4850 2425.0 1.5662 2.1886 1.5662 2.3444 2.3176
4860 2430.0 1.5301 0.4540 1.5301 2.4282 2.2756
4870 2435.0 1.4345 2.1434 1.4345 2.5352 2.1609
4880 2440.0 1.4937 0.0201 1.4937 2.4892 2.1538
4890 2445.0 1.5503 1.2669 1.5503 2.4394 2.2466
4900 2450.0 1.5016 0.0013 1.5016 2.4337 2.2963
4910 2455.0 1.4785 0.2314 1.4785 2.4138 2.3273
4920 2460.0 1.5190 0.1807 1.5190 2.3511 2.3506
4930 2465.0 1.5498 1.2383 1.5498 2.3126 2.3444
4940 2470.0 1.4968 0.0052 1.4968 2.2777 2.3468
4950 2475.0 1.4720 0.3928 1.4720 2.2918 2.3519
4960 2480.0 1.5318 0.5044 1.5318 2.3162 2.3731
4970 2485.0 1.5675 2.2788 1.5675 2.3926 2.3897
4980 2490.0 1.5343 0.5877 1.5343 2.4695 2.3651
4990 2495.0 1.5188 0.1774 1.5188 2.5234 2.2950
5000 2500.0 1.5124 0.0768 1.5124 2.5251 2.3124
5010 2505.0 1.5317 0.5010 1.5317 2.5387 2.3698
5020 2510.0 1.5553 1.5308 1.5553 2.6030 2.3435
5030 2515.0 1.5280 0.3919 1.5280 2.6283 2.2828
5040 2520.0 1.5042 0.0088 1.5042 2.6081 2.2455
5050 2525.0 1.5042 0.0087 1.5042 2.5925 2.2084
5060 2530.0 1.5387 0.7484 1.5387 2.5469 2.2360
5070 2535.0 1.5550 1.5148 1.5550 2.4823 2.2908
5080 2540.0 1.5233 0.2706 1.5233 2.4282 2.2917
5090 2545.0 1.4827 0.1501 1.4827 2.3939 2.2782
5100 2550.0 1.5080 0.0320 1.5080 2.4052 2.2669
5110 2555.0 1.5515 1.3283 1.5515 2.4766 2.2775
5120 2560.0 1.5676 2.2876 1.5676 2.5481 2.2144
5130 2565.0 1.5264 0.3488 1.5264 2.5489 2.1904
5140 2570.0 1.4812 0.1773 1.4812 2.4598 2.2758
5150 2575.0 1.5408 0.8304 1.5408 2.4176 2.3922
5160 2580.0 1.5432 0.9328 1.5432 2.4220 2.3891
5170 2585.0 1.4894 0.0560 1.4894 2.4778 2.3330
5180 2590.0 1.5018 0.0017 1.5018 2.5101 2.3265
5190 2595.0 1.5672 2.2592 1.5672 2.5510 2.3935
5200 2600.0 1.5796 3.1678 1.5796 2.5693 2.4425
5210 2605.0 1.4759 0.2907 1.4759 2.5686 2.3768
5220 2610.0 1.5279 0.3901 1.5279 2.5680 2.4104
5230 2615.0 1.6216 7.3923 1.6216 2.5785 2.4610
5240 2620.0 1.5535 1.4309 1.5535 2.5537 2.3932
5250 2625.0 1.4538 1.0668 1.4538 2.4706 2.3843
5260 2630.0 1.5537 1.4403 1.5537 2.4493 2.4371
5270 2635.0 1.6121 6.2881 1.6121 2.4913 2.3803
5280 2640.0 1.5161 0.1296 1.5161 2.5953 2.2679
5290 2645.0 1.4491 1.2945 1.4491 2.7415 2.2677
5300 2650.0 1.5092 0.0419 1.5092 2.7641 2.3145
5310 2655.0 1.6291 8.3358 1.6291 2.5912 2.4434
5320 2660.0 1.4933 0.0227 1.4933 2.7121 2.4162
5330 2665.0 1.4211 3.1130 1.4211 2.7965 2.3483
5340 2670.0 1.6053 5.5476 1.6053 2.6479 2.2939
5350 2675.0 1.5341 0.5828 1.5341 2.6504 2.2251
5360 2680.0 1.4271 2.6573 1.4271 2.7597 2.2613
5370 2685.0 1.5484 1.1715 1.5484 2.6118 2.3203
5380 2690.0 1.6160 6.7309 1.6160 2.4774 2.3136
5390 2695.0 1.5272 0.3712 1.5272 2.5206 2.2471
5400 2700.0 1.4450 1.5146 1.4450 2.5545 2.2503
5410 2705.0 1.5152 0.1152 1.5152 2.5031 2.3610
5420 2710.0 1.6171 6.8555 1.6171 2.4991 2.3332
5430 2715.0 1.5149 0.1107 1.5149 2.5851 2.2429
5440 2720.0 1.4122 3.8507 1.4122 2.7060 2.2553
5450 2725.0 1.5990 4.8971 1.5990 2.6432 2.4120
5460 2730.0 1.5496 1.2322 1.5496 2.6793 2.4559
5470 2735.0 1.3841 6.7163 1.3841 2.8220 2.3930
5480 2740.0 1.5465 1.0826 1.5465 2.6462 2.4429
5490 2745.0 1.5869 3.7731 1.5869 2.5916 2.4102
5500 2750.0 1.4715 0.4065 1.4715 2.5942 2.2779
5510 2755.0 1.4693 0.4715 1.4693 2.5593 2.2575
5520 2760.0 1.5794 3.1486 1.5794 2.4840 2.3448
5530 2765.0 1.5645 2.0795 1.5645 2.5432 2.3819
5540 2770.0 1.4267 2.6896 1.4267 2.6806 2.3601
5550 2775.0 1.4575 0.9011 1.4575 2.6766 2.4133
5560 2780.0 1.5634 2.0097 1.5634 2.5551 2.4486
5570 2785.0 1.5157 0.1237 1.5157 2.5573 2.4064
5580 2790.0 1.4628 0.6932 1.4628 2.5564 2.3706
5590 2795.0 1.4724 0.3797 1.4724 2.4978 2.3146
5600 2800.0 1.5528 1.3942 1.5528 2.3852 2.3032
5610 2805.0 1.5463 1.0707 1.5463 2.3987 2.2910
5620 2810.0 1.4201 3.1902 1.4201 2.5395 2.3046
5630 2815.0 1.5161 0.1301 1.5161 2.5139 2.4038
5640 2820.0 1.5779 3.0338 1.5779 2.4688 2.4152
5650 2825.0 1.4576 0.8995 1.4576 2.5406 2.3378
5660 2830.0 1.4570 0.9238 1.4570 2.5369 2.3423
5670 2835.0 1.5675 2.2793 1.5675 2.4389 2.3759
5680 2840.0 1.5099 0.0493 1.5099 2.4620 2.3178
5690 2845.0 1.4395 1.8297 1.4395 2.5017 2.2524
5700 2850.0 1.5500 1.2482 1.5500 2.4350 2.2897
5710 2855.0 1.5511 1.3039 1.5511 2.4810 2.3189
5720 2860.0 1.4392 1.8454 1.4392 2.6050 2.3151
5730 2865.0 1.4468 1.4175 1.4468 2.6254 2.3336
5740 2870.0 1.5635 2.0176 1.5635 2.5460 2.3440
5750 2875.0 1.5713 2.5443 1.5713 2.5563 2.2942
5760 2880.0 1.5282 0.3966 1.5282 2.5732 2.2504
5770 2885.0 1.5382 0.7294 1.5382 2.5422 2.2360
5780 2890.0 1.5866 3.7521 1.5866 2.5157 2.2567
5790 2895.0 1.5106 0.0567 1.5106 2.6067 2.2546
5800 2900.0 1.4310 2.3830 1.4310 2.6310 2.2832
5810 2905.0 1.5156 0.1214 1.5156 2.5184 2.3553
5820 2910.0 1.5216 0.2328 1.5216 2.5010 2.3811
5830 2915.0 1.4129 3.7974 1.4129 2.6268 2.3173
5840 2920.0 1.4774 0.2553 1.4774 2.6040 2.2591
5850 2925.0 1.5276 0.3806 1.5276 2.6019 2.2079
5860 2930.0 1.4556 0.9843 1.4556 2.6827 2.2005
5870 2935.0 1.4534 1.0869 1.4534 2.6884 2.2652
5880 2940.0 1.5076 0.0292 1.5076 2.6402 2.3243
5890 2945.0 1.4856 0.1036 1.4856 2.6102 2.3657
5900 2950.0 1.4791 0.2175 1.4791 2.5589 2.4047
5910 2955.0 1.5097 0.0473 1.5097 2.5101 2.4147
5920 2960.0 1.5312 0.4877 1.5312 2.4752 2.3482
5930 2965.0 1.4708 0.4272 1.4708 2.4739 2.3330
5940 2970.0 1.5276 0.3816 1.5276 2.3805 2.3977
5950 2975.0 1.6042 5.4320 1.6042 2.3795 2.5024
5960 2980.0 1.5174 0.1510 1.5174 2.4868 2.3952
5970 2985.0 1.4381 1.9138 1.4381 2.5393 2.3054
5980 2990.0 1.5022 0.0024 1.5022 2.6328 2.3061
5990 2995.0 1.5460 1.0589 1.5460 2.6530 2.3894
6000 3000.0 1.4817 0.1668 1.4817 2.6198 2.3621
6010 3005.0 1.4201 3.1927 1.4201 2.5696 2.2212
6020 3010.0 1.5272 0.3693 1.5272 2.4732 2.2537
6030 3015.0 1.4998 0.0000 1.4998 2.5586 2.2801
6040 3020.0 1.4290 2.5222 1.4290 2.7211 2.1364
6050 3025.0 1.5408 0.8342 1.5408 2.6002 2.1448
6060 3030.0 1.5624 1.9483 1.5624 2.5005 2.1986
6070 3035.0 1.4942 0.0167 1.4942 2.5111 2.2136
6080 3040.0 1.4980 0.0020 1.4980 2.4511 2.1247
6090 3045.0 1.5537 1.4397 1.5537 2.3464 2.2066
6100 3050.0 1.5279 0.3890 1.5279 2.3223 2.3526
6110 3055.0 1.4202 3.1816 1.4202 2.4246 2.3223
6120 3060.0 1.4584 0.8667 1.4584 2.3959 2.2665
6130 3065.0 1.5141 0.1000 1.5141 2.3512 2.2574
6140 3070.0 1.4506 1.2179 1.4506 2.3846 2.2601
6150 3075.0 1.4607 0.7726 1.4607 2.3540 2.3283
6160 3080.0 1.5268 0.3594 1.5268 2.2858 2.4296
6170 3085.0 1.5366 0.6690 1.5366 2.2793 2.3744
6180 3090.0 1.4587 0.8522 1.4587 2.3842 2.2950
6190 3095.0 1.4350 2.1155 1.4350 2.4292 2.3146
6200 3100.0 1.5413 0.8526 1.5413 2.3356 2.4691
6210 3105.0 1.5260 0.3380 1.5260 2.3339 2.5104
6220 3110.0 1.4352 2.0997 1.4352 2.3896 2.3837
6230 3115.0 1.4749 0.3154 1.4749 2.3890 2.3489
6240 3120.0 1.5259 0.3354 1.5259 2.3847 2.3900
6250 3125.0 1.4789 0.2232 1.4789 2.4777 2.4922
6260 3130.0 1.5025 0.0031 1.5025 2.5192 2.3745
6270 3135.0 1.5660 2.1760 1.5660 2.5147 2.3336
6280 3140.0 1.5430 0.9227 1.5430 2.5394 2.3501
6290 3145.0 1.4951 0.0121 1.4951 2.5606 2.4276
6300 3150.0 1.5320 0.5106 1.5320 2.4875 2.4605
6310 3155.0 1.5496 1.2315 1.5496 2.4204 2.3710
6320 3160.0 1.4955 0.0101 1.4955 2.4464 2.3606
6330 3165.0 1.4894 0.0558 1.4894 2.4382 2.3793
6340 3170.0 1.4752 0.3087 1.4752 2.3244 2.3699
6350 3175.0 1.4935 0.0208 1.4935 2.1812 2.4738
6360 3180.0 1.5815 3.3236 1.5815 2.1703 2.5379
6370 3185.0 1.5302 0.4555 1.5302 2.3341 2.3735
6380 3190.0 1.4851 0.1109 1.4851 2.5085 2.2423
6390 3195.0 1.4218 3.0553 1.4218 2.6249 2.2747
6400 3200.0 1.5425 0.9044 1.5425 2.5717 2.2751
6410 3205.0 1.6160 6.7240 1.6160 2.5928 2.2332
6420 3210.0 1.4415 1.7102 1.4415 2.7702 2.1841
6430 3215.0 1.4155 3.5731 1.4155 2.7424 2.2226
6440 3220.0 1.6042 5.4251 1.6042 2.4924 2.3686
6450 3225.0 1.5479 1.1460 1.5479 2.5172 2.3512
6460 3230.0 1.4178 3.3750 1.4178 2.6374 2.1802
6470 3235.0 1.5262 0.3429 1.5262 2.4993 2.2354
6480 3240.0 1.6185 7.0200 1.6185 2.3671 2.3439
6490 3245.0 1.5077 0.0294 1.5077 2.5173 2.1912
6500 3250.0 1.4143 3.6705 1.4143 2.6302 2.0621
6510 3255.0 1.5825 3.4018 1.5825 2.4660 2.1111
6520 3260.0 1.5840 3.5274 1.5840 2.4176 2.2089
6530 3265.0 1.4307 2.4036 1.4307 2.5155 2.2884
6540 3270.0 1.4393 1.8407 1.4393 2.4746 2.1636
6550 3275.0 1.5818 3.3485 1.5818 2.3265 2.1842
6560 3280.0 1.5608 1.8499 1.5608 2.3223 2.2068
6570 3285.0 1.4430 1.6248 1.4430 2.4002 2.0171
6580 3290.0 1.4820 0.1622 1.4820 2.3885 1.9387
6590 3295.0 1.6043 5.4429 1.6043 2.3680 1.9114
6600 3300.0 1.5145 0.1057 1.5145 2.3635 1.8560
6610 3305.0 1.4275 2.6274 1.4275 2.3838 1.8272
6620 3310.0 1.5353 0.6213 1.5353 2.5331 1.8887
6630 3315.0 1.5068 0.0232 1.5068 2.6434 2.0268
6640 3320.0 1.4220 3.0440 1.4220 2.6702 2.2229
6650 3325.0 1.5328 0.5371 1.5328 2.5490 2.2394
6660 3330.0 1.5499 1.2464 1.5499 2.5259 2.2675
6670 3335.0 1.4220 3.0442 1.4220 2.6618 2.2648
6680 3340.0 1.4934 0.0219 1.4934 2.5723 2.1995
6690 3345.0 1.5757 2.8627 1.5757 2.3097 2.1110
6700 3350.0 1.4306 2.4075 1.4306 2.1801 2.1056
6710 3355.0 1.4845 0.1200 1.4845 2.2342 2.1866
6720 3360.0 1.5985 4.8485 1.5985 2.4099 2.3420
6730 3365.0 1.4761 0.2854 1.4761 2.6852 2.2759
6740 3370.0 1.4124 3.8380 1.4124 2.7246 2.2852
6750 3375.0 1.5596 1.7781 1.5596 2.5758 2.4122
6760 3380.0 1.5261 0.3398 1.5261 2.6024 2.4582
6770 3385.0 1.4208 3.1358 1.4208 2.7342 2.3733
6780 3390.0 1.5203 0.2060 1.5203 2.6970 2.2342
6790 3395.0 1.5583 1.7022 1.5583 2.5622 2.1914
6800 3400.0 1.3968 5.3224 1.3968 2.5163 2.2518
6810 3405.0 1.5439 0.9651 1.5439 2.3874 2.4150
6820 3410.0 1.6487 11.0599 1.6487 2.2981 2.3554
6830 3415.0 1.4931 0.0239 1.4931 2.4704 2.1927
6840 3420.0 1.3950 5.5084 1.3950 2.5587 2.2156
6850 3425.0 1.6158 6.7050 1.6158 2.3538 2.3126
6860 3430.0 1.5844 3.5643 1.5844 2.3987 2.2264
6870 3435.0 1.3781 7.4349 1.3781 2.5915 2.1165
6880 3440.0 1.5488 1.1928 1.5488 2.4203 2.1959
6890 3445.0 1.6279 8.1757 1.6279 2.3063 2.2658
6900 3450.0 1.4657 0.5876 1.4657 2.4238 2.2241
6910 3455.0 1.4294 2.4928 1.4294 2.4167 2.2053
6920 3460.0 1.6056 5.5779 1.6056 2.2355 2.3493
6930 3465.0 1.5434 0.9413 1.5434 2.2801 2.3039
6940 3470.0 1.3941 5.6092 1.3941 2.4480 2.1905
6950 3475.0 1.5320 0.5132 1.5320 2.4344 2.1700
6960 3480.0 1.5639 2.0426 1.5639 2.4489 2.1965
6970 3485.0 1.4377 1.9383 1.4377 2.5349 2.2283
6980 3490.0 1.4560 0.9687 1.4560 2.5007 2.3105
6990 3495.0 1.5664 2.2071 1.5664 2.3814 2.3755
7000 3500.0 1.5044 0.0097 1.5044 2.4611 2.3070
7010 3505.0 1.4676 0.5240 1.4676 2.5334 2.2355
7020 3510.0 1.5189 0.1788 1.5189 2.4683 2.2587
7030 3515.0 1.5389 0.7569 1.5389 2.3911 2.2896
7040 3520.0 1.5240 0.2869 1.5240 2.3553 2.3249
7050 3525.0 1.5198 0.1953 1.5198 2.3492 2.3397
7060 3530.0 1.5500 1.2514 1.5500 2.4102 2.3367
7070 3535.0 1.5390 0.7620 1.5390 2.5326 2.3020
7080 3540.0 1.4462 1.4492 1.4462 2.6681 2.2783
7090 3545.0 1.4803 0.1945 1.4803 2.6449 2.3704
7100 3550.0 1.5691 2.3881 1.5691 2.5794 2.3679
7110 3555.0 1.4874 0.0799 1.4874 2.6710 2.3331
7120 3560.0 1.4578 0.8906 1.4578 2.6387 2.2470
7130 3565.0 1.5229 0.2614 1.5229 2.5286 2.2350
7140 3570.0 1.5389 0.7578 1.5389 2.4997 2.2966
7150 3575.0 1.5493 1.2132 1.5493 2.5492 2.3784
7160 3580.0 1.5179 0.1599 1.5179 2.5978 2.3992
7170 3585.0 1.4806 0.1874 1.4806 2.6236 2.3781
7180 3590.0 1.5001 0.0000 1.5001 2.6318 2.3238
7190 3595.0 1.5304 0.4633 1.5304 2.6462 2.2298
7200 3600.0 1.4749 0.3153 1.4749 2.6452 2.1396
7210 3605.0 1.4594 0.8235 1.4594 2.5979 2.1238
7220 3610.0 1.5082 0.0336 1.5082 2.5530 2.1908
7230 3615.0 1.5443 0.9833 1.5443 2.5256 2.2879
7240 3620.0 1.5392 0.7700 1.5392 2.4847 2.3701
7250 3625.0 1.4879 0.0733 1.4879 2.4827 2.3034
7260 3630.0 1.4688 0.4873 1.4688 2.4774 2.3469
7270 3635.0 1.4816 0.1688 1.4816 2.4498 2.3492
7280 3640.0 1.4908 0.0422 1.4908 2.4243 2.3647
7290 3645.0 1.4978 0.0023 1.4978 2.4320 2.2328
7300 3650.0 1.5226 0.2560 1.5226 2.4370 2.1192
7310 3655.0 1.4816 0.1701 1.4816 2.4564 2.0953
7320 3660.0 1.4582 0.8745 1.4582 2.4264 2.1616
7330 3665.0 1.5274 0.3757 1.5274 2.3003 2.3330
7340 3670.0 1.5466 1.0838 1.5466 2.2716 2.4053
7350 3675.0 1.4301 2.4446 1.4301 2.4185 2.3242
7360 3680.0 1.4516 1.1726 1.4516 2.4160 2.2937
7370 3685.0 1.5640 2.0510 1.5640 2.3133 2.2880
7380 3690.0 1.5336 0.5655 1.5336 2.3684 2.2905
7390 3695.0 1.4625 0.7050 1.4625 2.5176 2.3001
7400 3700.0 1.5060 0.0180 1.5060 2.5248 2.2249
7410 3705.0 1.5947 4.4835 1.5947 2.4496 2.2559
7420 3710.0 1.5698 2.4345 1.5698 2.4937 2.2807
7430 3715.0 1.4838 0.1317 1.4838 2.6425 2.2872
7440 3720.0 1.4726 0.3752 1.4726 2.6793 2.2720
7450 3725.0 1.5735 2.7043 1.5735 2.5859 2.3643
7460 3730.0 1.5381 0.7256 1.5381 2.6512 2.3660
7470 3735.0 1.4424 1.6601 1.4424 2.7457 2.2321
7480 3740.0 1.5688 2.3637 1.5688 2.5914 2.2218
7490 3745.0 1.5407 0.8264 1.5407 2.5838 2.2200
7500 3750.0 1.4392 1.8510 1.4392 2.6686 2.2459
7510 3755.0 1.4896 0.0536 1.4896 2.6593 2.3699
7520 3760.0 1.5969 4.6931 1.5969 2.5268 2.4267
7530 3765.0 1.4630 0.6841 1.4630 2.6293 2.3708
7540 3770.0 1.4064 4.3840 1.4064 2.6617 2.3656
7550 3775.0 1.5802 3.2122 1.5802 2.4790 2.4726
7560 3780.0 1.5730 2.6657 1.5730 2.4902 2.4935
7570 3785.0 1.4181 3.3561 1.4181 2.6536 2.3234
7580 3790.0 1.4947 0.0141 1.4947 2.5429 2.2463
7590 3795.0 1.6413 9.9766 1.6413 2.4464 2.2633
7600 3800.0 1.4616 0.7381 1.4616 2.6182 2.2554
7610 3805.0 1.4056 4.4576 1.4056 2.6514 2.3551
7620 3810.0 1.6109 6.1461 1.6109 2.4148 2.5264
7630 3815.0 1.5522 1.3605 1.5522 2.4762 2.4252
7640 3820.0 1.4257 2.7608 1.4257 2.6264 2.2941
7650 3825.0 1.4950 0.0127 1.4950 2.5747 2.3173
7660 3830.0 1.5951 4.5265 1.5951 2.4656 2.4142
7670 3835.0 1.5277 0.3843 1.5277 2.5928 2.4282
7680 3840.0 1.4468 1.4161 1.4468 2.7124 2.3164
7690 3845.0 1.4975 0.0031 1.4975 2.7066 2.2752
7700 3850.0 1.5553 1.5269 1.5553 2.6680 2.2786
7710 3855.0 1.4813 0.1753 1.4813 2.7213 2.2314
7720 3860.0 1.4579 0.8865 1.4579 2.7182 2.1733
7730 3865.0 1.5447 1.0005 1.5447 2.5841 2.2077
7740 3870.0 1.5341 0.5808 1.5341 2.5337 2.2481
7750 3875.0 1.4861 0.0967 1.4861 2.5331 2.1366
7760 3880.0 1.4875 0.0783 1.4875 2.4907 2.0835
7770 3885.0 1.5558 1.5553 1.5558 2.3792 2.1699
7780 3890.0 1.5529 1.3977 1.5529 2.3791 2.2627
7790 3895.0 1.4884 0.0677 1.4884 2.4980 2.2267
7800 3900.0 1.4898 0.0521 1.4898 2.5819 2.1359
7810 3905.0 1.5463 1.0732 1.5463 2.5997 2.1464
7820 3910.0 1.4798 0.2037 1.4798 2.6537 2.1768
7830 3915.0 1.4703 0.4416 1.4703 2.6310 2.2618
7840 3920.0 1.5517 1.3351 1.5517 2.5453 2.3751
7850 3925.0 1.5608 1.8503 1.5608 2.5428 2.3343
7860 3930.0 1.5242 0.2923 1.5242 2.6083 2.2799
7870 3935.0 1.5238 0.2832 1.5238 2.5680 2.3233
7880 3940.0 1.5453 1.0277 1.5453 2.5335 2.3338
7890 3945.0 1.5368 0.6778 1.5368 2.5452 2.3211
7900 3950.0 1.5303 0.4583 1.5303 2.5402 2.2808
7910 3955.0 1.4934 0.0216 1.4934 2.5659 2.2662
7920 3960.0 1.4510 1.2019 1.4510 2.5920 2.2831
7930 3965.0 1.4836 0.1339 1.4836 2.5999 2.3785
7940 3970.0 1.5228 0.2607 1.5228 2.5826 2.4386
7950 3975.0 1.4340 2.1773 1.4340 2.6263 2.4122
7960 3980.0 1.4504 1.2319 1.4504 2.5867 2.4280
7970 3985.0 1.5195 0.1899 1.5195 2.5357 2.4685
7980 3990.0 1.4486 1.3206 1.4486 2.5716 2.4423
7990 3995.0 1.4193 3.2555 1.4193 2.5986 2.4526
8000 4000.0 1.5126 0.0796 1.5126 2.5563 2.5154
8010 4005.0 1.4791 0.2175 1.4791 2.5921 2.4892
8020 4010.0 1.3950 5.5140 1.3950 2.6335 2.4087
8030 4015.0 1.5176 0.1540 1.5176 2.5247 2.3754
8040 4020.0 1.5332 0.5502 1.5332 2.4872 2.3257
8050 4025.0 1.4226 2.9926 1.4226 2.5703 2.3051
8060 4030.0 1.5019 0.0018 1.5019 2.4881 2.3429
8070 4035.0 1.5890 3.9599 1.5890 2.4006 2.3872
8080 4040.0 1.5000 0.0000 1.5000 2.4889 2.3501
8090 4045.0 1.4753 0.3053 1.4753 2.5254 2.3077
8100 4050.0 1.5236 0.2795 1.5236 2.4985 2.3923
8110 4055.0 1.5300 0.4510 1.5300 2.4859 2.4482
8120 4060.0 1.4377 1.9387 1.4377 2.5534 2.4152
8130 4065.0 1.4781 0.2406 1.4781 2.5313 2.3899
8140 4070.0 1.5667 2.2234 1.5667 2.4800 2.3724
8150 4075.0 1.4768 0.2701 1.4768 2.5718 2.3613
8160 4080.0 1.4410 1.7383 1.4410 2.6254 2.3877
8170 4085.0 1.5571 1.6274 1.5571 2.5636 2.4689
8180 4090.0 1.5670 2.2455 1.5670 2.5763 2.5306
8190 4095.0 1.4590 0.8402 1.4590 2.6391 2.4235
8200 4100.0 1.4796 0.2087 1.4796 2.6121 2.4607
8210 4105.0 1.5653 2.1326 1.5653 2.5411 2.5515
8220 4110.0 1.5165 0.1361 1.5165 2.5938 2.5019
8230 4115.0 1.4492 1.2913 1.4492 2.6596 2.4278
8240 4120.0 1.5260 0.3375 1.5260 2.6401 2.4104
8250 4125.0 1.5246 0.3023 1.5246 2.6810 2.4182
8260 4130.0 1.4644 0.6323 1.4644 2.7440 2.3826
8270 4135.0 1.5343 0.5890 1.5343 2.6817 2.3674
8280 4140.0 1.5391 0.7632 1.5391 2.6657 2.3660
8290 4145.0 1.4745 0.3243 1.4745 2.6969 2.3659
8300 4150.0 1.5257 0.3307 1.5257 2.6500 2.3744
8310 4155.0 1.5238 0.2821 1.5238 2.6612 2.3653
8320 4160.0 1.4876 0.0774 1.4876 2.6982 2.3256
8330 4165.0 1.5112 0.0626 1.5112 2.6745 2.3282
8340 4170.0 1.4845 0.1206 1.4845 2.6594 2.3749
8350 4175.0 1.4897 0.0530 1.4897 2.6096 2.4141
8360 4180.0 1.5087 0.0382 1.5087 2.5565 2.3558
8370 4185.0 1.5198 0.1953 1.5198 2.5532 2.3305
8380 4190.0 1.5254 0.3217 1.5254 2.5386 2.3435
8390 4195.0 1.5083 0.0347 1.5083 2.5288 2.3372
8400 4200.0 1.4659 0.5805 1.4659 2.5462 2.2684
8410 4205.0 1.4872 0.0818 1.4872 2.5388 2.2703
8420 4210.0 1.5345 0.5958 1.5345 2.5122 2.2993
8430 4215.0 1.4790 0.2199 1.4790 2.5581 2.2790
8440 4220.0 1.4647 0.6223 1.4647 2.5609 2.2856
8450 4225.0 1.5359 0.6453 1.5359 2.4962 2.3246
8460 4230.0 1.5517 1.3345 1.5517 2.4758 2.3492
8470 4235.0 1.4981 0.0017 1.4981 2.5363 2.3160
8480 4240.0 1.4918 0.0340 1.4918 2.5475 2.3205
8490 4245.0 1.5220 0.2426 1.5220 2.5122 2.2941
8500 4250.0 1.5275 0.3790 1.5275 2.5300 2.2801
8510 4255.0 1.5043 0.0093 1.5043 2.5934 2.2796
8520 4260.0 1.4844 0.1224 1.4844 2.6267 2.2736
8530 4265.0 1.5277 0.3844 1.5277 2.6082 2.3052
8540 4270.0 1.5050 0.0125 1.5050 2.6276 2.3274
8550 4275.0 1.4999 0.0000 1.4999 2.6441 2.3895
8560 4280.0 1.5429 0.9190 1.5429 2.5942 2.3950
8570 4285.0 1.5628 1.9739 1.5628 2.5312 2.3711
8580 4290.0 1.5475 1.1264 1.5475 2.5335 2.3733
8590 4295.0 1.5157 0.1238 1.5157 2.5921 2.3619
8600 4300.0 1.5159 0.1259 1.5159 2.6066 2.2616
8610 4305.0 1.5217 0.2361 1.5217 2.6445 2.2036
8620 4310.0 1.5099 0.0492 1.5099 2.6194 2.2286
8630 4315.0 1.5011 0.0006 1.5011 2.6394 2.3065
8640 4320.0 1.5516 1.3301 1.5516 2.5168 2.4229
8650 4325.0 1.5334 0.5572 1.5334 2.4698 2.3679
8660 4330.0 1.5300 0.4514 1.5300 2.4464 2.3011
8670 4335.0 1.5402 0.8061 1.5402 2.4814 2.3604
8680 4340.0 1.5070 0.0244 1.5070 2.6150 2.2482
8690 4345.0 1.5248 0.3077 1.5248 2.6997 2.1324
8700 4350.0 1.5609 1.8546 1.5609 2.6494 2.1360
8710 4355.0 1.4860 0.0978 1.4860 2.6150 2.2280
8720 4360.0 1.4433 1.6074 1.4433 2.6321 2.3130
8730 4365.0 1.5017 0.0015 1.5017 2.6565 2.2623
8740 4370.0 1.5486 1.1811 1.5486 2.6967 2.1802
8750 4375.0 1.5212 0.2251 1.5212 2.7594 2.1629
8760 4380.0 1.5097 0.0472 1.5097 2.6744 2.1296
8770 4385.0 1.5571 1.6289 1.5571 2.5836 2.0253
8780 4390.0 1.5411 0.8440 1.5411 2.5988 1.9694
8790 4395.0 1.4725 0.3794 1.4725 2.6176 1.9610
8800 4400.0 1.4691 0.4768 1.4691 2.6380 1.8841
8810 4405.0 1.5289 0.4174 1.5289 2.6839 1.7632
8820 4410.0 1.5568 1.6128 1.5568 2.6837 1.6186
8830 4415.0 1.5397 0.7871 1.5397 2.7714 1.5122
8840 4420.0 1.5377 0.7123 1.5377 2.8677 1.5113
8850 4425.0 1.5490 1.1991 1.5490 2.9314 1.5919
8860 4430.0 1.4753 0.3060 1.4753 2.9990 1.6550
8870 4435.0 1.4569 0.9280 1.4569 3.0064 1.6275
8880 4440.0 1.5650 2.1145 1.5650 2.9546 1.4904
8890 4445.0 1.6230 7.5699 1.6230 2.9244 1.4037
8900 4450.0 1.4840 0.1284 1.4840 2.9543 1.5491
8910 4455.0 1.4736 0.3480 1.4736 2.8865 1.6892
8920 4460.0 1.5661 2.1851 1.5661 2.7699 1.7879
8930 4465.0 1.5370 0.6829 1.5370 2.7306 1.8758
8940 4470.0 1.4473 1.3911 1.4473 2.7393 1.9687
8950 4475.0 1.5266 0.3546 1.5266 2.6377 2.0817
8960 4480.0 1.5569 1.6181 1.5569 2.6207 2.2390
8970 4485.0 1.5477 1.1385 1.5477 2.6737 2.3487
8980 4490.0 1.5143 0.1020 1.5143 2.7250 2.2897
8990 4495.0 1.5256 0.3280 1.5256 2.7127 2.3301
9000 4500.0 1.5887 3.9303 1.5887 2.6354 2.4095
9010 4505.0 1.5219 0.2403 1.5219 2.6126 2.3325
9020 4510.0 1.4591 0.8369 1.4591 2.6186 2.2767
9030 4515.0 1.5262 0.3422 1.5262 2.5597 2.2594
9040 4520.0 1.5407 0.8301 1.5407 2.5694 2.2563
9050 4525.0 1.5019 0.0018 1.5019 2.6013 2.3009
9060 4530.0 1.4804 0.1916 1.4804 2.6243 2.4202
9070 4535.0 1.5408 0.8313 1.5408 2.5696 2.4315
9080 4540.0 1.5413 0.8531 1.5413 2.5894 2.3989
9090 4545.0 1.4702 0.4434 1.4702 2.6338 2.3787
9100 4550.0 1.5033 0.0054 1.5033 2.6198 2.4665
9110 4555.0 1.5464 1.0748 1.5464 2.5474 2.3580
9120 4560.0 1.4785 0.2303 1.4785 2.5352 2.2321
9130 4565.0 1.4599 0.8051 1.4599 2.4946 2.1392
9140 4570.0 1.5273 0.3723 1.5273 2.3814 2.0994
9150 4575.0 1.5010 0.0005 1.5010 2.3894 2.1204
9160 4580.0 1.4957 0.0094 1.4957 2.4243 2.2438
9170 4585.0 1.5204 0.2076 1.5204 2.5148 2.4468
9180 4590.0 1.5269 0.3606 1.5269 2.6819 2.2812
9190 4595.0 1.5460 1.0592 1.5460 2.7358 2.1324
9200 4600.0 1.5130 0.0848 1.5130 2.7896 2.0833
9210 4605.0 1.4800 0.1997 1.4800 2.7274 2.1894
9220 4610.0 1.5712 2.5334 1.5712 2.4728 2.2677
9230 4615.0 1.5664 2.2064 1.5664 2.3154 2.1485
9240 4620.0 1.4901 0.0492 1.4901 2.3294 2.1341
9250 4625.0 1.4953 0.0112 1.4953 2.4383 2.2375
9260 4630.0 1.6055 5.5642 1.6055 2.5995 2.2032
9270 4635.0 1.5602 1.8092 1.5602 2.6512 2.1460
9280 4640.0 1.4025 4.7515 1.4025 2.7563 2.1728
9290 4645.0 1.5404 0.8170 1.5404 2.6058 2.3092
9300 4650.0 1.6064 5.6563 1.6064 2.5918 2.3767
9310 4655.0 1.4569 0.9297 1.4569 2.5958 2.1815
9320 4660.0 1.4757 0.2959 1.4757 2.4688 2.1260
9330 4665.0 1.5381 0.7256 1.5381 2.3105 2.2381
9340 4670.0 1.5453 1.0248 1.5453 2.2364 2.4165
9350 4675.0 1.4444 1.5455 1.4444 2.3026 2.3000
9360 4680.0 1.4925 0.0281 1.4925 2.3757 2.1614
9370 4685.0 1.5843 3.5574 1.5843 2.4046 2.1269
9380 4690.0 1.5774 2.9973 1.5774 2.4611 2.1578
9390 4695.0 1.5199 0.1974 1.5199 2.4673 2.2769
9400 4700.0 1.4949 0.0130 1.4949 2.3373 2.3030
9410 4705.0 1.5108 0.0578 1.5108 2.3851 2.1624
9420 4710.0 1.4682 0.5052 1.4682 2.5475 2.1877
9430 4715.0 1.5072 0.0256 1.5072 2.7056 2.3631
9440 4720.0 1.5501 1.2555 1.5501 2.6225 2.3775
9450 4725.0 1.5056 0.0156 1.5056 2.6455 2.3918
9460 4730.0 1.4969 0.0048 1.4969 2.6768 2.2679
9470 4735.0 1.5590 1.7388 1.5590 2.5761 2.2499
9480 4740.0 1.4885 0.0663 1.4885 2.4881 2.3305
9490 4745.0 1.4572 0.9178 1.4572 2.4166 2.4613
9500 4750.0 1.5038 0.0073 1.5038 2.4175 2.5240
9510 4755.0 1.5079 0.0309 1.5079 2.5617 2.3876
9520 4760.0 1.4853 0.1075 1.4853 2.6648 2.2506
9530 4765.0 1.4600 0.7987 1.4600 2.7777 2.2126
9540 4770.0 1.5115 0.0658 1.5115 2.7852 2.3269
9550 4775.0 1.5862 3.7166 1.5862 2.6842 2.4390
9560 4780.0 1.5030 0.0045 1.5030 2.7597 2.3128
9570 4785.0 1.3996 5.0438 1.3996 2.7773 2.2699
9580 4790.0 1.5354 0.6259 1.5354 2.7105 2.2171
9590 4795.0 1.5847 3.5854 1.5847 2.6238 2.0816
9600 4800.0 1.5051 0.0130 1.5051 2.5758 2.0046
9610 4805.0 1.4653 0.6016 1.4653 2.5738 2.0601
9620 4810.0 1.4807 0.1862 1.4807 2.5227 2.2247
9630 4815.0 1.5465 1.0827 1.5465 2.3538 2.4724
9640 4820.0 1.5064 0.0206 1.5064 2.2471 2.3861
9650 4825.0 1.4245 2.8516 1.4245 2.3477 2.2417
9660 4830.0 1.5411 0.8454 1.5411 2.4209 2.2255
9670 4835.0 1.5367 0.6716 1.5367 2.5644 2.2537
9680 4840.0 1.4349 2.1169 1.4349 2.6786 2.3866
9690 4845.0 1.4610 0.7623 1.4610 2.5487 2.3364
9700 4850.0 1.5276 0.3804 1.5276 2.4768 2.2746
9710 4855.0 1.4702 0.4435 1.4702 2.5671 2.1755
9720 4860.0 1.4373 1.9659 1.4373 2.6330 2.1312
9730 4865.0 1.5334 0.5563 1.5334 2.4956 2.2062
9740 4870.0 1.5685 2.3489 1.5685 2.4609 2.3588
9750 4875.0 1.5385 0.7413 1.5385 2.5271 2.1892
9760 4880.0 1.5255 0.3249 1.5255 2.5328 2.0708
9770 4885.0 1.5429 0.9212 1.5429 2.4734 2.0581
9780 4890.0 1.5346 0.5974 1.5346 2.3982 2.1579
9790 4895.0 1.5284 0.4037 1.5284 2.2958 2.2696
9800 4900.0 1.5239 0.2862 1.5239 2.2758 2.3151
9810 4905.0 1.4942 0.0170 1.4942 2.3183 2.3025
9820 4910.0 1.4512 1.1921 1.4512 2.3624 2.2246
9830 4915.0 1.4801 0.1978 1.4801 2.4195 2.2700
9840 4920.0 1.5345 0.5963 1.5345 2.4584 2.3965
9850 4925.0 1.4501 1.2449 1.4501 2.5106 2.4264
9860 4930.0 1.4191 3.2751 1.4191 2.5508 2.3978
9870 4935.0 1.5351 0.6151 1.5351 2.4740 2.4302
9880 4940.0 1.4767 0.2708 1.4767 2.5768 2.3203
9890 4945.0 1.4615 0.7410 1.4615 2.6635 2.1496
9900 4950.0 1.5278 0.3859 1.5278 2.5025 2.0908
9910 4955.0 1.4487 1.3178 1.4487 2.3296 2.1320
9920 4960.0 1.4290 2.5238 1.4290 2.2569 2.2533
9930 4965.0 1.4951 0.0122 1.4951 2.2779 2.3331
9940 4970.0 1.4533 1.0898 1.4533 2.3554 2.2336
9950 4975.0 1.4118 3.8913 1.4118 2.4292 2.1185
9960 4980.0 1.4903 0.0467 1.4903 2.4311 2.1487
9970 4985.0 1.5358 0.6420 1.5358 2.4526 2.2055
9980 4990.0 1.4728 0.3709 1.4728 2.5370 2.2242
9990 4995.0 1.4874 0.0795 1.4874 2.5460 2.2357
10000 5000.0 1.5780 3.0446 1.5780 2.5789 2.1612
10010 5005.0 1.5753 2.8388 1.5753 2.6276 2.1150
10020 5010.0 1.5121 0.0728 1.5121 2.7411 2.1158
10030 5015.0 1.4768 0.2691 1.4768 2.7382 2.2316
10040 5020.0 1.5724 2.6240 1.5724 2.5414 2.2979
10050 5025.0 1.5721 2.5964 1.5721 2.4737 2.3517
10060 5030.0 1.4210 3.1236 1.4210 2.5913 2.3305
10070 5035.0 1.4799 0.2025 1.4799 2.5361 2.2645
10080 5040.0 1.6184 7.0120 1.6184 2.4227 2.2678
10090 5045.0 1.5113 0.0640 1.5113 2.5301 2.1911
10100 5050.0 1.4094 4.1002 1.4094 2.6192 2.1943
10110 5055.0 1.5409 0.8379 1.5409 2.4371 2.3752
10120 5060.0 1.6205 7.2581 1.6205 2.3376 2.3451
10130 5065.0 1.4935 0.0214 1.4935 2.5077 2.2673
10140 5070.0 1.3982 5.1799 1.3982 2.6421 2.3071
10150 5075.0 1.6015 5.1496 1.6015 2.5120 2.3579
10160 5080.0 1.6343 9.0210 1.6343 2.5206 2.2879
10170 5085.0 1.4598 0.8077 1.4598 2.7518 2.1256
10180 5090.0 1.4407 1.7578 1.4407 2.7818 2.1170
10190 5095.0 1.6062 5.6434 1.6062 2.5786 2.2848
10200 5100.0 1.5368 0.6760 1.5368 2.5899 2.3893
10210 5105.0 1.3826 6.8909 1.3826 2.6853 2.4255
10220 5110.0 1.5304 0.4634 1.5304 2.5155 2.4894
10230 5115.0 1.5897 4.0268 1.5897 2.4370 2.5232
10240 5120.0 1.4935 0.0209 1.4935 2.5321 2.4128
10250 5125.0 1.4916 0.0352 1.4916 2.5592 2.2728
10260 5130.0 1.5598 1.7853 1.5598 2.4214 2.2866
10270 5135.0 1.5777 3.0198 1.5777 2.3072 2.3395
10280 5140.0 1.5109 0.0599 1.5109 2.2173 2.3923
10290 5145.0 1.4695 0.4654 1.4695 2.1918 2.4158
10300 5150.0 1.5130 0.0848 1.5130 2.2297 2.4160
10310 5155.0 1.5267 0.3564 1.5267 2.3072 2.4045
10320 5160.0 1.4551 1.0101 1.4551 2.3587 2.4214
10330 5165.0 1.5103 0.0532 1.5103 2.2923 2.4567
10340 5170.0 1.5344 0.5933 1.5344 2.2971 2.4332
10350 5175.0 1.4690 0.4801 1.4690 2.4255 2.3083
10360 5180.0 1.4457 1.4727 1.4457 2.5090 2.1864
10370 5185.0 1.5563 1.5834 1.5563 2.4015 2.2215
10380 5190.0 1.5530 1.4050 1.5530 2.3517 2.2974
10390 5195.0 1.5080 0.0320 1.5080 2.3951 2.2830
10400 5200.0 1.5357 0.6377 1.5357 2.3765 2.2282
10410 5205.0 1.5635 2.0178 1.5635 2.3442 2.2827
10420 5210.0 1.5189 0.1788 1.5189 2.3963 2.3614
10430 5215.0 1.4737 0.3458 1.4737 2.4811 2.4326
10440 5220.0 1.5444 0.9846 1.5444 2.4684 2.3773
10450 5225.0 1.5305 0.4657 1.5305 2.5165 2.2966
10460 5230.0 1.4682 0.5049 1.4682 2.6021 2.2089
10470 5235.0 1.4967 0.0055 1.4967 2.5935 2.2172
10480 5240.0 1.5225 0.2527 1.5225 2.5757 2.2796
10490 5245.0 1.5145 0.1049 1.5145 2.5859 2.3866
10500 5250.0 1.4588 0.8492 1.4588 2.6479 2.3355
10510 5255.0 1.4678 0.5193 1.4678 2.6633 2.3042
10520 5260.0 1.5479 1.1487 1.5479 2.6057 2.3340
10530 5265.0 1.5583 1.7003 1.5583 2.6273 2.3321
10540 5270.0 1.5150 0.1122 1.5150 2.7011 2.1955
10550 5275.0 1.5181 0.1636 1.5181 2.6641 2.1729
10560 5280.0 1.5146 0.1069 1.5146 2.5576 2.2647
10570 5285.0 1.5087 0.0374 1.5087 2.4765 2.3695
10580 5290.0 1.4931 0.0239 1.4931 2.5280 2.4053
10590 5295.0 1.5237 0.2805 1.5237 2.6473 2.3669
10600 5300.0 1.5447 0.9970 1.5447 2.6615 2.3351
10610 5305.0 1.4769 0.2672 1.4769 2.5947 2.4000
10620 5310.0 1.5444 0.9856 1.5444 2.5105 2.4230
10630 5315.0 1.5288 0.4150 1.5288 2.5382 2.3931
10640 5320.0 1.4933 0.0225 1.4933 2.6615 2.3294
10650 5325.0 1.5242 0.2920 1.5242 2.7153 2.2859
10660 5330.0 1.5452 1.0218 1.5452 2.7620 2.2936
10670 5335.0 1.4963 0.0069 1.4963 2.7740 2.3128
10680 5340.0 1.5314 0.4923 1.5314 2.7217 2.3108
10690 5345.0 1.5262 0.3444 1.5262 2.6971 2.3051
10700 5350.0 1.4670 0.5448 1.4670 2.7032 2.2992
10710 5355.0 1.5097 0.0467 1.5097 2.6078 2.3325
10720 5360.0 1.5564 1.5903 1.5564 2.4847 2.3633
10730 5365.0 1.5195 0.1907 1.5195 2.4474 2.3850
10740 5370.0 1.4982 0.0016 1.4982 2.4380 2.3878
10750 5375.0 1.5302 0.4563 1.5302 2.3816 2.4152
10760 5380.0 1.5842 3.5455 1.5842 2.3570 2.3985
10770 5385.0 1.5496 1.2302 1.5496 2.3431 2.3403
10780 5390.0 1.4933 0.0222 1.4933 2.3805 2.2929
10790 5395.0 1.4943 0.0165 1.4943 2.4507 2.3604
10800 5400.0 1.5092 0.0423 1.5092 2.4355 2.4567
10810 5405.0 1.4962 0.0073 1.4962 2.4010 2.5203
10820 5410.0 1.4584 0.8638 1.4584 2.4537 2.4625
10830 5415.0 1.4709 0.4231 1.4709 2.4815 2.3994
10840 5420.0 1.4966 0.0057 1.4966 2.5240 2.3760
10850 5425.0 1.4941 0.0175 1.4941 2.6117 2.3645
10860 5430.0 1.5187 0.1757 1.5187 2.6608 2.2856
10870 5435.0 1.5069 0.0239 1.5069 2.6602 2.2543
10880 5440.0 1.4626 0.7007 1.4626 2.6785 2.2810
10890 5445.0 1.5061 0.0186 1.5061 2.6168 2.3277
10900 5450.0 1.4899 0.0515 1.4899 2.6456 2.3207
10910 5455.0 1.4743 0.3293 1.4743 2.6452 2.3781
10920 5460.0 1.5101 0.0508 1.5101 2.6212 2.3797
10930 5465.0 1.5434 0.9413 1.5434 2.5724 2.2798
10940 5470.0 1.5169 0.1422 1.5169 2.4920 2.2387
10950 5475.0 1.5286 0.4094 1.5286 2.4233 2.2593
10960 5480.0 1.5472 1.1132 1.5472 2.4074 2.2089
10970 5485.0 1.4859 0.0991 1.4859 2.5110 2.2082
10980 5490.0 1.4787 0.2264 1.4787 2.5941 2.2893
10990 5495.0 1.4836 0.1347 1.4836 2.6911 2.4162
11000 5500.0 1.4770 0.2641 1.4770 2.7130 2.3289
11010 5505.0 1.4623 0.7098 1.4623 2.6904 2.1952
11020 5510.0 1.4865 0.0906 1.4865 2.6708 2.1533
11030 5515.0 1.5485 1.1737 1.5485 2.5182 2.2191
11040 5520.0 1.5668 2.2342 1.5668 2.4185 2.3259
11050 5525.0 1.4923 0.0295 1.4923 2.4690 2.1931
11060 5530.0 1.4246 2.8408 1.4246 2.5715 2.1690
11070 5535.0 1.5012 0.0007 1.5012 2.5848 2.2668
11080 5540.0 1.5190 0.1813 1.5190 2.5035 2.3627
11090 5545.0 1.4247 2.8316 1.4247 2.5458 2.3046
11100 5550.0 1.4274 2.6352 1.4274 2.5516 2.2362
11110 5555.0 1.5059 0.0175 1.5059 2.4738 2.2918
11120 5560.0 1.4852 0.1099 1.4852 2.5203 2.3548
11130 5565.0 1.4559 0.9739 1.4559 2.6314 2.2686
11140 5570.0 1.5158 0.1251 1.5158 2.6814 2.1475
11150 5575.0 1.5800 3.1981 1.5800 2.6348 2.1679
11160 5580.0 1.5719 2.5832 1.5719 2.6193 2.2186
11170 5585.0 1.5013 0.0008 1.5013 2.5993 2.2525
11180 5590.0 1.4930 0.0248 1.4930 2.5468 2.3387
11190 5595.0 1.5261 0.3407 1.5261 2.4390 2.3512
11200 5600.0 1.4727 0.3714 1.4727 2.3917 2.3392
11210 5605.0 1.4637 0.6600 1.4637 2.3462 2.3255
11220 5610.0 1.5749 2.8044 1.5749 2.2342 2.3312
11230 5615.0 1.5470 1.1058 1.5470 2.2301 2.2758
11240 5620.0 1.4297 2.4730 1.4297 2.3024 2.1984
11250 5625.0 1.4996 0.0001 1.4996 2.2453 2.2487
11260 5630.0 1.6244 7.7322 1.6244 2.1525 2.3647
11270 5635.0 1.5625 1.9540 1.5625 2.2239 2.3477
11280 5640.0 1.4281 2.5873 1.4281 2.3283 2.3518
11290 5645.0 1.5120 0.0724 1.5120 2.2464 2.4735
11300 5650.0 1.5865 3.7445 1.5865 2.2292 2.5343
11310 5655.0 1.4810 0.1797 1.4810 2.3708 2.4282
11320 5660.0 1.4637 0.6605 1.4637 2.4650 2.3161
11330 5665.0 1.5751 2.8178 1.5751 2.4706 2.2831
11340 5670.0 1.5775 3.0066 1.5775 2.4308 2.3318
11350 5675.0 1.4380 1.9223 1.4380 2.4128 2.3607
11360 5680.0 1.4732 0.3602 1.4732 2.2743 2.4450
11370 5685.0 1.5118 0.0700 1.5118 2.1723 2.4632
11380 5690.0 1.4938 0.0192 1.4938 2.1648 2.3867
11390 5695.0 1.4731 0.3617 1.4731 2.2010 2.2959
11400 5700.0 1.5104 0.0541 1.5104 2.2007 2.2790
11410 5705.0 1.5698 2.4351 1.5698 2.2283 2.3013
11420 5710.0 1.5041 0.0086 1.5041 2.3245 2.3073
11430 5715.0 1.4823 0.1564 1.4823 2.3642 2.3680
11440 5720.0 1.5187 0.1758 1.5187 2.3715 2.4553
11450 5725.0 1.4761 0.2863 1.4761 2.4365 2.4656
11460 5730.0 1.4814 0.1723 1.4814 2.4886 2.4330
11470 5735.0 1.5137 0.0933 1.5137 2.5144 2.3721
11480 5740.0 1.5236 0.2795 1.5236 2.5377 2.3053
11490 5745.0 1.5271 0.3668 1.5271 2.5329 2.2858
11500 5750.0 1.5107 0.0570 1.5107 2.4615 2.3093
11510 5755.0 1.4722 0.3856 1.4722 2.3884 2.3283
11520 5760.0 1.4824 0.1548 1.4824 2.2912 2.3374
11530 5765.0 1.5116 0.0675 1.5116 2.1829 2.3769
11540 5770.0 1.4806 0.1876 1.4806 2.1620 2.3629
11550 5775.0 1.4610 0.7592 1.4610 2.2043 2.3230
11560 5780.0 1.5187 0.1744 1.5187 2.2164 2.4089
11570 5785.0 1.5475 1.1268 1.5475 2.2878 2.4088
11580 5790.0 1.4858 0.1011 1.4858 2.4438 2.3182
11590 5795.0 1.4820 0.1625 1.4820 2.4889 2.2925
11600 5800.0 1.5451 1.0168 1.5451 2.5015 2.3409
11610 5805.0 1.4874 0.0795 1.4874 2.5118 2.3372
11620 5810.0 1.4690 0.4814 1.4690 2.5126 2.3163
11630 5815.0 1.5222 0.2467 1.5222 2.4061 2.2987
11640 5820.0 1.5136 0.0920 1.5136 2.3101 2.2837
11650 5825.0 1.4815 0.1718 1.4815 2.2171 2.3329
11660 5830.0 1.4875 0.0778 1.4875 2.1204 2.3993
11670 5835.0 1.4938 0.0190 1.4938 2.0974 2.4557
11680 5840.0 1.4578 0.8912 1.4578 2.1824 2.4385
11690 5845.0 1.4688 0.4864 1.4688 2.2631 2.3693
11700 5850.0 1.5196 0.1920 1.5196 2.3254 2.2579
11710 5855.0 1.5181 0.1636 1.5181 2.3864 2.1478
11720 5860.0 1.4913 0.0376 1.4913 2.3591 2.1332
11730 5865.0 1.5275 0.3790 1.5275 2.2252 2.2935
11740 5870.0 1.5119 0.0703 1.5119 2.1311 2.4547
11750 5875.0 1.4180 3.3597 1.4180 2.1499 2.4443
11760 5880.0 1.4493 1.2841 1.4493 2.1555 2.3382
11770 5885.0 1.5663 2.1954 1.5663 2.2108 2.2167
11780 5890.0 1.6022 5.2238 1.6022 2.2658 2.1529
11790 5895.0 1.5578 1.6716 1.5578 2.2587 2.1398
11800 5900.0 1.4983 0.0015 1.4983 2.1682 2.2138
11810 5905.0 1.5078 0.0308 1.5078 2.1333 2.2854
11820 5910.0 1.5637 2.0261 1.5637 2.2266 2.2842
11830 5915.0 1.5976 4.7673 1.5976 2.3478 2.2472
11840 5920.0 1.5840 3.5243 1.5840 2.4183 2.2130
11850 5925.0 1.5732 2.6762 1.5732 2.4460 2.2154
11860 5930.0 1.5468 1.0974 1.5468 2.3968 2.2700
11870 5935.0 1.5309 0.4776 1.5309 2.2688 2.3725
11880 5940.0 1.5106 0.0558 1.5106 2.1783 2.4247
11890 5945.0 1.4965 0.0062 1.4965 2.1963 2.3746
11900 5950.0 1.5176 0.1557 1.5176 2.3203 2.2425
11910 5955.0 1.5782 3.0590 1.5782 2.4549 2.1460
11920 5960.0 1.5754 2.8433 1.5754 2.5195 2.0867
11930 5965.0 1.4943 0.0160 1.4943 2.4868 2.0769
11940 5970.0 1.4717 0.4009 1.4717 2.3612 2.1949
11950 5975.0 1.5296 0.4387 1.5296 2.2283 2.3722
11960 5980.0 1.5235 0.2754 1.5235 2.2170 2.4070
11970 5985.0 1.4357 2.0658 1.4357 2.3412 2.2856
11980 5990.0 1.5046 0.0106 1.5046 2.4963 2.2247
11990 5995.0 1.6080 5.8329 1.6080 2.5173 2.2847
12000 6000.0 1.5656 2.1488 1.5656 2.4676 2.2969
12010 6005.0 1.4806 0.1875 1.4806 2.3777 2.3552
12020 6010.0 1.5389 0.7585 1.5389 2.3119 2.3826
12030 6015.0 1.5489 1.1972 1.5489 2.3486 2.4717
12040 6020.0 1.5100 0.0498 1.5100 2.4791 2.4126
12050 6025.0 1.5230 0.2651 1.5230 2.4139 2.3745
12060 6030.0 1.5555 1.5388 1.5555 2.2902 2.3987
12070 6035.0 1.5512 1.3093 1.5512 2.1999 2.3986
12080 6040.0 1.5287 0.4130 1.5287 2.1742 2.3515
12090 6045.0 1.4955 0.0100 1.4955 2.2385 2.2560
12100 6050.0 1.5077 0.0300 1.5077 2.2942 2.1721
12110 6055.0 1.5591 1.7489 1.5591 2.2601 2.1905
12120 6060.0 1.5598 1.7900 1.5598 2.1673 2.2573
12130 6065.0 1.5204 0.2091 1.5204 2.1049 2.3321
12140 6070.0 1.4696 0.4617 1.4696 2.0835 2.3788
12150 6075.0 1.4732 0.3586 1.4732 2.1077 2.4366
12160 6080.0 1.5182 0.1652 1.5182 2.1810 2.4049
12170 6085.0 1.5304 0.4628 1.5304 2.3413 2.3116
12180 6090.0 1.5585 1.7132 1.5585 2.4861 2.2600
12190 6095.0 1.5677 2.2902 1.5677 2.5374 2.3233
12200 6100.0 1.5389 0.7563 1.5389 2.5621 2.4545
12210 6105.0 1.4775 0.2523 1.4775 2.6083 2.3480
12220 6110.0 1.5080 0.0323 1.5080 2.5983 2.2638
12230 6115.0 1.5127 0.0806 1.5127 2.6161 2.2113
12240 6120.0 1.4775 0.2529 1.4775 2.6376 2.2174
12250 6125.0 1.4895 0.0555 1.4895 2.6016 2.2843
12260 6130.0 1.5338 0.5720 1.5338 2.5245 2.3808
12270 6135.0 1.5438 0.9571 1.5438 2.4807 2.2994
12280 6140.0 1.5508 1.2916 1.5508 2.4438 2.2323
12290 6145.0 1.5545 1.4837 1.5545 2.4060 2.2769
12300 6150.0 1.5016 0.0012 1.5016 2.4093 2.3709
12310 6155.0 1.4965 0.0062 1.4965 2.3894 2.2774
12320 6160.0 1.5044 0.0095 1.5044 2.3898 2.1953
12330 6165.0 1.5212 0.2243 1.5212 2.3908 2.1584
12340 6170.0 1.4931 0.0238 1.4931 2.4263 2.1761
12350 6175.0 1.5035 0.0060 1.5035 2.4029 2.3153
12360 6180.0 1.5538 1.4449 1.5538 2.3412 2.2968
12370 6185.0 1.5384 0.7370 1.5384 2.3950 2.2013
12380 6190.0 1.4515 1.1778 1.4515 2.4913 2.2012
12390 6195.0 1.4769 0.2663 1.4769 2.4546 2.3072
12400 6200.0 1.5390 0.7590 1.5390 2.4025 2.4374
12410 6205.0 1.5423 0.8930 1.5423 2.4315 2.5242
12420 6210.0 1.5318 0.5065 1.5318 2.5373 2.4130
12430 6215.0 1.5600 1.7974 1.5600 2.6137 2.2553
12440 6220.0 1.5729 2.6560 1.5729 2.6652 2.2013
12450 6225.0 1.5634 2.0085 1.5634 2.6728 2.2656
12460 6230.0 1.5163 0.1323 1.5163 2.6448 2.4381
12470 6235.0 1.5053 0.0142 1.5053 2.5866 2.5461
12480 6240.0 1.5085 0.0364 1.5085 2.5650 2.4855
12490 6245.0 1.5122 0.0744 1.5122 2.6083 2.4625
12500 6250.0 1.5709 2.5144 1.5709 2.5940 2.3426
12510 6255.0 1.5298 0.4446 1.5298 2.6101 2.3188
12520 6260.0 1.5420 0.8827 1.5420 2.5543 2.4309
12530 6265.0 1.5741 2.7441 1.5741 2.5230 2.5986
12540 6270.0 1.5462 1.0667 1.5462 2.4396 2.5263
12550 6275.0 1.5167 0.1389 1.5167 2.3805 2.3312
12560 6280.0 1.5622 1.9361 1.5622 2.4660 2.2547
12570 6285.0 1.4946 0.0144 1.4946 2.6806 2.2974
12580 6290.0 1.4981 0.0018 1.4981 2.5060 2.4648
12590 6295.0 1.5716 2.5659 1.5716 2.4399 2.4731
12600 6300.0 1.5022 0.0025 1.5022 2.5559 2.4547
12610 6305.0 1.4640 0.6497 1.4640 2.6830 2.3214
12620 6310.0 1.5722 2.6069 1.5722 2.6635 2.2517
12630 6315.0 1.5293 0.4285 1.5293 2.6588 2.3217
12640 6320.0 1.5093 0.0432 1.5093 2.5735 2.3407
12650 6325.0 1.5738 2.7212 1.5738 2.4696 2.2873
12660 6330.0 1.4986 0.0009 1.4986 2.4421 2.2737
12670 6335.0 1.4359 2.0541 1.4359 2.5262 2.3198
12680 6340.0 1.5683 2.3303 1.5683 2.4367 2.4189
12690 6345.0 1.6283 8.2257 1.6283 2.5088 2.2914
12700 6350.0 1.5061 0.0185 1.5061 2.7137 2.1119
12710 6355.0 1.4601 0.7953 1.4601 2.7752 2.1742
12720 6360.0 1.5656 2.1524 1.5656 2.5799 2.2353
12730 6365.0 1.6103 6.0825 1.6103 2.4396 2.3346
12740 6370.0 1.3977 5.2362 1.3977 2.5334 2.3381
12750 6375.0 1.4711 0.4188 1.4711 2.4304 2.3154
12760 6380.0 1.5683 2.3347 1.5683 2.3881 2.3846
12770 6385.0 1.4882 0.0696 1.4882 2.4772 2.3768
12780 6390.0 1.4884 0.0675 1.4884 2.5411 2.2642
12790 6395.0 1.5535 1.4331 1.5535 2.5279 2.2299
12800 6400.0 1.5506 1.2824 1.5506 2.4904 2.2823
12810 6405.0 1.5342 0.5865 1.5342 2.4246 2.3685
12820 6410.0 1.5051 0.0132 1.5051 2.3684 2.4289
12830 6415.0 1.5264 0.3483 1.5264 2.4058 2.4159
12840 6420.0 1.5424 0.8981 1.5424 2.5253 2.3434
12850 6425.0 1.5372 0.6901 1.5372 2.6488 2.2928
12860 6430.0 1.5336 0.5661 1.5336 2.6886 2.3174
12870 6435.0 1.5111 0.0613 1.5111 2.6986 2.3644
12880 6440.0 1.5196 0.1913 1.5196 2.6637 2.4202
12890 6445.0 1.5070 0.0244 1.5070 2.6706 2.4218
12900 6450.0 1.5008 0.0003 1.5008 2.6888 2.3637
12910 6455.0 1.5477 1.1361 1.5477 2.6532 2.3504
12920 6460.0 1.5276 0.3797 1.5276 2.6820 2.3261
12930 6465.0 1.5270 0.3647 1.5270 2.6738 2.3461
12940 6470.0 1.5491 1.2062 1.5491 2.6209 2.4059
12950 6475.0 1.5355 0.6315 1.5355 2.6012 2.4421
12960 6480.0 1.4826 0.1515 1.4826 2.6177 2.4436
12970 6485.0 1.5244 0.2970 1.5244 2.5683 2.4284
12980 6490.0 1.5435 0.9446 1.5435 2.5600 2.3849
12990 6495.0 1.4610 0.7613 1.4610 2.6753 2.2657
13000 6500.0 1.4817 0.1671 1.4817 2.6876 2.2213
13010 6505.0 1.5513 1.3157 1.5513 2.5835 2.2756
13020 6510.0 1.5681 2.3213 1.5681 2.5087 2.3487
13030 6515.0 1.5164 0.1344 1.5164 2.4901 2.4081
13040 6520.0 1.4877 0.0752 1.4877 2.5004 2.3442
13050 6525.0 1.5279 0.3895 1.5279 2.5344 2.3179
13060 6530.0 1.5565 1.5935 1.5565 2.6013 2.3576
13070 6535.0 1.5329 0.5412 1.5329 2.6939 2.3209
13080 6540.0 1.5247 0.3053 1.5247 2.7487 2.2120
13090 6545.0 1.5497 1.2356 1.5497 2.7548 2.1947
13100 6550.0 1.5560 1.5684 1.5560 2.7206 2.3064
13110 6555.0 1.5235 0.2753 1.5235 2.7089 2.2988
13120 6560.0 1.5373 0.6939 1.5373 2.6880 2.2546
13130 6565.0 1.4997 0.0001 1.4997 2.7477 2.2962
13140 6570.0 1.4984 0.0013 1.4984 2.7972 2.4205
13150 6575.0 1.5389 0.7556 1.5389 2.7392 2.4075
13160 6580.0 1.5299 0.4457 1.5299 2.6379 2.4443
13170 6585.0 1.4954 0.0106 1.4954 2.4966 2.4808
13180 6590.0 1.4862 0.0953 1.4862 2.4620 2.5031
13190 6595.0 1.5218 0.2374 1.5218 2.5340 2.5020
13200 6600.0 1.5226 0.2561 1.5226 2.6557 2.4264
13210 6605.0 1.5106 0.0563 1.5106 2.7759 2.3483
13220 6610.0 1.5039 0.0074 1.5039 2.8630 2.3121
13230 6615.0 1.5364 0.6624 1.5364 2.8205 2.3175
13240 6620.0 1.5404 0.8143 1.5404 2.8250 2.2927
13250 6625.0 1.4941 0.0171 1.4941 2.8727 2.2801
13260 6630.0 1.5151 0.1138 1.5151 2.8536 2.2572
13270 6635.0 1.5459 1.0549 1.5459 2.7596 2.3079
13280 6640.0 1.5144 0.1030 1.5144 2.7168 2.3517
13290 6645.0 1.5146 0.1064 1.5146 2.6606 2.4080
13300 6650.0 1.5379 0.7194 1.5379 2.6068 2.4389
13310 6655.0 1.5126 0.0794 1.5126 2.5712 2.4239
13320 6660.0 1.4680 0.5116 1.4680 2.5905 2.3067
13330 6665.0 1.5345 0.5936 1.5345 2.5475 2.3529
13340 6670.0 1.5437 0.9569 1.5437 2.5935 2.3096
13350 6675.0 1.5047 0.0113 1.5047 2.6768 2.1926
13360 6680.0 1.5350 0.6134 1.5350 2.6100 2.2642
13370 6685.0 1.5640 2.0503 1.5640 2.5088 2.4035
13380 6690.0 1.4912 0.0390 1.4912 2.5082 2.4706
13390 6695.0 1.4908 0.0421 1.4908 2.4819 2.4093
13400 6700.0 1.5483 1.1646 1.5483 2.4261 2.4240
13410 6705.0 1.5283 0.3992 1.5283 2.4797 2.4211
13420 6710.0 1.4779 0.2449 1.4779 2.5696 2.4128
13430 6715.0 1.4940 0.0182 1.4940 2.5962 2.4069
13440 6720.0 1.5602 1.8121 1.5602 2.5718 2.3578
13450 6725.0 1.5543 1.4715 1.5543 2.6422 2.2892
13460 6730.0 1.4789 0.2224 1.4789 2.7330 2.2673
13470 6735.0 1.5134 0.0897 1.5134 2.7054 2.3241
13480 6740.0 1.5594 1.7614 1.5594 2.6759 2.3275
13490 6745.0 1.5075 0.0278 1.5075 2.7573 2.3781
13500 6750.0 1.5253 0.3198 1.5253 2.7865 2.4775
13510 6755.0 1.5498 1.2380 1.5498 2.7784 2.4347
13520 6760.0 1.5583 1.7009 1.5583 2.7731 2.4439
13530 6765.0 1.5378 0.7127 1.5378 2.7726 2.4948
13540 6770.0 1.5089 0.0399 1.5089 2.7595 2.4230
13550 6775.0 1.5006 0.0002 1.5006 2.7497 2.3696
13560 6780.0 1.5229 0.2627 1.5229 2.7225 2.3383
13570 6785.0 1.5103 0.0527 1.5103 2.7353 2.3552
13580 6790.0 1.4942 0.0166 1.4942 2.7429 2.4091
13590 6795.0 1.5390 0.7593 1.5390 2.6767 2.4550
13600 6800.0 1.5296 0.4391 1.5296 2.6546 2.3946
13610 6805.0 1.5070 0.0245 1.5070 2.6815 2.4040
13620 6810.0 1.5069 0.0237 1.5069 2.6396 2.3911
13630 6815.0 1.5328 0.5374 1.5328 2.5940 2.3545
13640 6820.0 1.4876 0.0764 1.4876 2.6521 2.3617
13650 6825.0 1.4684 0.5006 1.4684 2.6532 2.3253
13660 6830.0 1.4877 0.0754 1.4877 2.6560 2.3824
13670 6835.0 1.5405 0.8205 1.5405 2.6422 2.3351
13680 6840.0 1.5422 0.8907 1.5422 2.6554 2.2959
13690 6845.0 1.5162 0.1309 1.5162 2.6311 2.3084
13700 6850.0 1.5301 0.4537 1.5301 2.6126 2.2901
13710 6855.0 1.5522 1.3605 1.5522 2.6283 2.2908
13720 6860.0 1.5579 1.6788 1.5579 2.6609 2.3470
13730 6865.0 1.4862 0.0958 1.4862 2.7391 2.2563
13740 6870.0 1.4459 1.4612 1.4459 2.8127 2.2594
13750 6875.0 1.4797 0.2061 1.4797 2.7527 2.3155
13760 6880.0 1.5784 3.0760 1.5784 2.6114 2.3076
13770 6885.0 1.5739 2.7276 1.5739 2.5179 2.2841
13780 6890.0 1.5183 0.1680 1.5183 2.4667 2.2929
13790 6895.0 1.4813 0.1741 1.4813 2.3785 2.3432
13800 6900.0 1.5160 0.1275 1.5160 2.3407 2.3916
13810 6905.0 1.5380 0.7232 1.5380 2.3776 2.4053
13820 6910.0 1.4742 0.3333 1.4742 2.5258 2.3904
13830 6915.0 1.5149 0.1108 1.5149 2.6767 2.3223
13840 6920.0 1.5671 2.2542 1.5671 2.7665 2.3676
13850 6925.0 1.4978 0.0024 1.4978 2.8481 2.4155
13860 6930.0 1.4452 1.5023 1.4452 2.8704 2.3742
13870 6935.0 1.5196 0.1912 1.5196 2.7918 2.3584
13880 6940.0 1.5701 2.4539 1.5701 2.7048 2.3202
13890 6945.0 1.4928 0.0256 1.4928 2.7114 2.2796
13900 6950.0 1.4852 0.1090 1.4852 2.6707 2.3383
13910 6955.0 1.5201 0.2030 1.5201 2.6271 2.4521
13920 6960.0 1.5608 1.8496 1.5608 2.6211 2.5451
13930 6965.0 1.5244 0.2967 1.5244 2.6545 2.4620
13940 6970.0 1.4522 1.1424 1.4522 2.7030 2.3923
13950 6975.0 1.4740 0.3372 1.4740 2.6725 2.4166
13960 6980.0 1.5451 1.0159 1.5451 2.5790 2.4851
13970 6985.0 1.4933 0.0222 1.4933 2.5155 2.4729
13980 6990.0 1.4989 0.0006 1.4989 2.4258 2.4648
13990 6995.0 1.5578 1.6725 1.5578 2.3269 2.4256
14000 7000.0 1.5182 0.1648 1.5182 2.3519 2.3467
14010 7005.0 1.4383 1.9004 1.4383 2.4463 2.3099
14020 7010.0 1.5057 0.0165 1.5057 2.4324 2.3905
14030 7015.0 1.5788 3.1008 1.5788 2.3881 2.4415
14040 7020.0 1.4728 0.3699 1.4728 2.5191 2.4168
14050 7025.0 1.4631 0.6810 1.4631 2.5837 2.3525
14060 7030.0 1.5891 3.9685 1.5891 2.5182 2.4384
14070 7035.0 1.5327 0.5334 1.5327 2.5581 2.4533
14080 7040.0 1.4464 1.4389 1.4464 2.5938 2.3741
14090 7045.0 1.5217 0.2344 1.5217 2.4880 2.3094
14100 7050.0 1.5662 2.1934 1.5662 2.4229 2.2532
14110 7055.0 1.4830 0.1438 1.4830 2.4932 2.1974
14120 7060.0 1.4876 0.0765 1.4876 2.5115 2.2280
14130 7065.0 1.5843 3.5547 1.5843 2.4770 2.3074
14140 7070.0 1.5268 0.3598 1.5268 2.5819 2.2721
14150 7075.0 1.4752 0.3072 1.4752 2.6483 2.1686
14160 7080.0 1.5285 0.4063 1.5285 2.5923 2.2284
14170 7085.0 1.5698 2.4351 1.5698 2.5095 2.3309
14180 7090.0 1.4734 0.3534 1.4734 2.5794 2.3392
14190 7095.0 1.4566 0.9413 1.4566 2.5762 2.3809
14200 7100.0 1.5225 0.2535 1.5225 2.4934 2.3953
14210 7105.0 1.4952 0.0115 1.4952 2.4929 2.3824
14220 7110.0 1.4717 0.4005 1.4717 2.4652 2.3983
14230 7115.0 1.5328 0.5382 1.5328 2.3816 2.3977
14240 7120.0 1.5430 0.9225 1.5430 2.3582 2.4232
14250 7125.0 1.4847 0.1169 1.4847 2.4380 2.3915
14260 7130.0 1.4977 0.0027 1.4977 2.4354 2.4009
14270 7135.0 1.5142 0.1007 1.5142 2.4290 2.4381
14280 7140.0 1.4767 0.2722 1.4767 2.4861 2.4065
14290 7145.0 1.5036 0.0063 1.5036 2.4767 2.3642
14300 7150.0 1.5345 0.5956 1.5345 2.4518 2.3024
14310 7155.0 1.5195 0.1908 1.5195 2.4181 2.3167
14320 7160.0 1.5219 0.2388 1.5219 2.3293 2.4434
14330 7165.0 1.5329 0.5414 1.5329 2.2637 2.5700
14340 7170.0 1.4800 0.1994 1.4800 2.3153 2.4677
14350 7175.0 1.4476 1.3723 1.4476 2.3799 2.3276
14360 7180.0 1.5270 0.3643 1.5270 2.3199 2.3194
14370 7185.0 1.5557 1.5495 1.5557 2.2977 2.3808
14380 7190.0 1.4365 2.0144 1.4365 2.4306 2.4586
14390 7195.0 1.4561 0.9636 1.4561 2.4541 2.3939
14400 7200.0 1.5895 4.0053 1.5895 2.4089 2.2944
14410 7205.0 1.4629 0.6865 1.4629 2.5852 2.0998
14420 7210.0 1.4418 1.6920 1.4418 2.6479 2.0347
14430 7215.0 1.5571 1.6321 1.5571 2.5279 2.1465
14440 7220.0 1.5845 3.5743 1.5845 2.4676 2.3338
14450 7225.0 1.4586 0.8569 1.4586 2.5866 2.4280
14460 7230.0 1.4511 1.1962 1.4511 2.6042 2.3749
14470 7235.0 1.5453 1.0275 1.5453 2.5202 2.4289
14480 7240.0 1.5489 1.1939 1.5489 2.5683 2.4171
14490 7245.0 1.5133 0.0885 1.5133 2.5361 2.2161
14500 7250.0 1.5035 0.0063 1.5035 2.4699 2.1243
14510 7255.0 1.5213 0.2273 1.5213 2.4516 2.1752
14520 7260.0 1.5078 0.0301 1.5078 2.5317 2.2917
14530 7265.0 1.4918 0.0336 1.4918 2.6141 2.4535
14540 7270.0 1.5365 0.6643 1.5365 2.5275 2.4257
14550 7275.0 1.5237 0.2808 1.5237 2.5370 2.4554
14560 7280.0 1.4763 0.2812 1.4763 2.5968 2.5184
14570 7285.0 1.5059 0.0175 1.5059 2.5256 2.4584
14580 7290.0 1.5575 1.6547 1.5575 2.4404 2.3664
14590 7295.0 1.4957 0.0091 1.4957 2.4964 2.2668
14600 7300.0 1.4706 0.4330 1.4706 2.5394 2.2240
14610 7305.0 1.5131 0.0859 1.5131 2.5540 2.2966
14620 7310.0 1.5408 0.8337 1.5408 2.5246 2.3976
14630 7315.0 1.4981 0.0019 1.4981 2.5275 2.4505
14640 7320.0 1.4930 0.0247 1.4930 2.5123 2.4615
14650 7325.0 1.5252 0.3184 1.5252 2.4729 2.4375
14660 7330.0 1.5312 0.4869 1.5312 2.4606 2.3809
14670 7335.0 1.5277 0.3831 1.5277 2.4640 2.2982
14680 7340.0 1.5079 0.0313 1.5079 2.4698 2.2295
14690 7345.0 1.4973 0.0036 1.4973 2.4327 2.2584
14700 7350.0 1.4710 0.4217 1.4710 2.4238 2.2968
14710 7355.0 1.4439 1.5742 1.4439 2.4258 2.3438
14720 7360.0 1.4612 0.7517 1.4612 2.3962 2.3690
14730 7365.0 1.4981 0.0019 1.4981 2.3547 2.3609
14740 7370.0 1.4795 0.2092 1.4795 2.3887 2.2525
14750 7375.0 1.5006 0.0002 1.5006 2.4151 2.1617
14760 7380.0 1.4912 0.0383 1.4912 2.3706 2.1564
14770 7385.0 1.5277 0.3849 1.5277 2.2034 2.2668
14780 7390.0 1.5328 0.5369 1.5328 2.1395 2.3069
14790 7395.0 1.4682 0.5069 1.4682 2.2639 2.2317
14800 7400.0 1.4680 0.5123 1.4680 2.3652 2.1762
14810 7405.0 1.5089 0.0398 1.5089 2.3619 2.1973
14820 7410.0 1.5678 2.2979 1.5678 2.3216 2.2460
14830 7415.0 1.5421 0.8875 1.5421 2.3908 2.2667
14840 7420.0 1.4703 0.4411 1.4703 2.4899 2.2782
14850 7425.0 1.4521 1.1486 1.4521 2.4885 2.3268
14860 7430.0 1.5403 0.8130 1.5403 2.3982 2.4127
14870 7435.0 1.5037 0.0067 1.5037 2.4518 2.4141
14880 7440.0 1.4592 0.8330 1.4592 2.5164 2.3361
14890 7445.0 1.5153 0.1174 1.5153 2.4548 2.3186
14900 7450.0 1.5525 1.3774 1.5525 2.3996 2.3282
14910 7455.0 1.5176 0.1551 1.5176 2.4478 2.3072
14920 7460.0 1.4247 2.8339 1.4247 2.5377 2.2975
14930 7465.0 1.5161 0.1291 1.5161 2.4129 2.3982
14940 7470.0 1.5676 2.2827 1.5676 2.3389 2.4188
14950 7475.0 1.4178 3.3776 1.4178 2.4768 2.3492
14960 7480.0 1.4636 0.6615 1.4636 2.4299 2.4382
14970 7485.0 1.6072 5.7483 1.6072 2.2801 2.4679
14980 7490.0 1.4896 0.0539 1.4896 2.4134 2.3512
14990 7495.0 1.3925 5.7814 1.3925 2.5365 2.2614
15000 7500.0 1.5282 0.3982 1.5282 2.3337 2.3676
15010 7505.0 1.5798 3.1849 1.5798 2.1897 2.4506
15020 7510.0 1.4778 0.2475 1.4778 2.2676 2.4224
15030 7515.0 1.4274 2.6332 1.4274 2.3617 2.3936
15040 7520.0 1.4843 0.1228 1.4843 2.3563 2.4008
15050 7525.0 1.5090 0.0401 1.5090 2.3083 2.4212
15060 7530.0 1.4852 0.1100 1.4852 2.3233 2.4260
15070 7535.0 1.4606 0.7750 1.4606 2.3349 2.4289
15080 7540.0 1.4562 0.9613 1.4562 2.3396 2.3974
15090 7545.0 1.4883 0.0681 1.4883 2.3229 2.3605
15100 7550.0 1.5150 0.1123 1.5150 2.3183 2.3528
15110 7555.0 1.5042 0.0089 1.5042 2.3541 2.3192
15120 7560.0 1.4897 0.0529 1.4897 2.3882 2.2771
15130 7565.0 1.4758 0.2937 1.4758 2.4010 2.2763
15140 7570.0 1.4857 0.1018 1.4857 2.3956 2.2873
15150 7575.0 1.4645 0.6293 1.4645 2.4150 2.3130
15160 7580.0 1.4681 0.5079 1.4681 2.4086 2.3650
15170 7585.0 1.4992 0.0003 1.4992 2.3783 2.3765
15180 7590.0 1.4394 1.8375 1.4394 2.4322 2.3508
15190 7595.0 1.4850 0.1129 1.4850 2.3901 2.3645
15200 7600.0 1.5641 2.0534 1.5641 2.3313 2.3672
15210 7605.0 1.5043 0.0095 1.5043 2.4106 2.2676
15220 7610.0 1.4558 0.9766 1.4558 2.4751 2.2397
15230 7615.0 1.5001 0.0000 1.5001 2.3738 2.3428
15240 7620.0 1.5218 0.2379 1.5218 2.3217 2.3712
15250 7625.0 1.4309 2.3903 1.4309 2.3993 2.2917
15260 7630.0 1.4319 2.3157 1.4319 2.4164 2.2143
15270 7635.0 1.4795 0.2093 1.4795 2.3955 2.2622
15280 7640.0 1.4180 3.3629 1.4180 2.4851 2.1467
15290 7645.0 1.4565 0.9469 1.4565 2.4765 2.0428
15300 7650.0 1.4906 0.0442 1.4906 2.4343 2.0171
15310 7655.0 1.4690 0.4800 1.4690 2.4264 2.0280
15320 7660.0 1.4820 0.1622 1.4820 2.3931 2.1422
15330 7665.0 1.5224 0.2517 1.5224 2.3324 2.3206
15340 7670.0 1.4868 0.0867 1.4868 2.3818 2.2649
15350 7675.0 1.4215 3.0848 1.4215 2.4364 2.1765
15360 7680.0 1.5474 1.1239 1.5474 2.3131 2.2339
15370 7685.0 1.4878 0.0744 1.4878 2.3529 2.2564
15380 7690.0 1.4092 4.1229 1.4092 2.4108 2.3214
15390 7695.0 1.5350 0.6137 1.5350 2.3249 2.4583
15400 7700.0 1.5603 1.8181 1.5603 2.3622 2.3062
15410 7705.0 1.4520 1.1502 1.4520 2.4017 2.1694
15420 7710.0 1.4382 1.9105 1.4382 2.4419 2.1846
15430 7715.0 1.5623 1.9399 1.5623 2.4269 2.3330
15440 7720.0 1.5184 0.1697 1.5184 2.4617 2.4552
15450 7725.0 1.4274 2.6379 1.4274 2.5600 2.4564
15460 7730.0 1.4982 0.0016 1.4982 2.5331 2.3788
15470 7735.0 1.5934 4.3585 1.5934 2.4693 2.3751
15480 7740.0 1.5261 0.3408 1.5261 2.5862 2.3445
15490 7745.0 1.4651 0.6084 1.4651 2.6103 2.3935
15500 7750.0 1.5392 0.7674 1.5392 2.5004 2.4665
15510 7755.0 1.5769 2.9569 1.5769 2.5003 2.4577
15520 7760.0 1.4454 1.4903 1.4454 2.6274 2.4104
15530 7765.0 1.4619 0.7255 1.4619 2.6640 2.4466
15540 7770.0 1.5829 3.4334 1.5829 2.6182 2.4937
15550 7775.0 1.4887 0.0635 1.4887 2.6577 2.5112
15560 7780.0 1.4319 2.3218 1.4319 2.6402 2.4930
15570 7785.0 1.5524 1.3750 1.5524 2.5043 2.4655
15580 7790.0 1.5428 0.9168 1.5428 2.4108 2.4740
15590 7795.0 1.5243 0.2955 1.5243 2.3654 2.5311
15600 7800.0 1.5455 1.0330 1.5455 2.3919 2.5019
15610 7805.0 1.5493 1.2154 1.5493 2.4910 2.4067
15620 7810.0 1.5098 0.0482 1.5098 2.6584 2.3758
15630 7815.0 1.4900 0.0505 1.4900 2.7063 2.4057
15640 7820.0 1.5446 0.9939 1.5446 2.5170 2.3112
15650 7825.0 1.4695 0.4663 1.4695 2.5612 2.3197
15660 7830.0 1.4761 0.2847 1.4761 2.6792 2.3928
15670 7835.0 1.5563 1.5839 1.5563 2.6372 2.3255
15680 7840.0 1.5490 1.1983 1.5490 2.5316 2.3241
15690 7845.0 1.5227 0.2582 1.5227 2.5048 2.3871
15700 7850.0 1.5446 0.9929 1.5446 2.5389 2.3172
15710 7855.0 1.5295 0.4362 1.5295 2.6600 2.3050
15720 7860.0 1.4487 1.3168 1.4487 2.6580 2.3889
15730 7865.0 1.4744 0.3271 1.4744 2.5653 2.4208
15740 7870.0 1.5320 0.5123 1.5320 2.5109 2.3618
15750 7875.0 1.4256 2.7662 1.4256 2.6321 2.3216
15760 7880.0 1.4433 1.6073 1.4433 2.6649 2.2314
15770 7885.0 1.5533 1.4219 1.5533 2.5901 2.2053
15780 7890.0 1.4651 0.6075 1.4651 2.6188 2.2004
15790 7895.0 1.4380 1.9229 1.4380 2.5971 2.2554
15800 7900.0 1.5685 2.3474 1.5685 2.4867 2.3993
15810 7905.0 1.5353 0.6216 1.5353 2.5521 2.2680
15820 7910.0 1.4663 0.5693 1.4663 2.6469 2.2109
15830 7915.0 1.4878 0.0748 1.4878 2.5816 2.3504
15840 7920.0 1.5676 2.2825 1.5676 2.4410 2.3656
15850 7925.0 1.4898 0.0521 1.4898 2.4625 2.2754
15860 7930.0 1.4145 3.6513 1.4145 2.5134 2.1933
15870 7935.0 1.5329 0.5398 1.5329 2.4093 2.2039
15880 7940.0 1.5264 0.3480 1.5264 2.3997 2.2070
15890 7945.0 1.4304 2.4255 1.4304 2.4556 2.1693
15900 7950.0 1.4926 0.0275 1.4926 2.3603 2.2551
15910 7955.0 1.5463 1.0722 1.5463 2.2697 2.3583
15920 7960.0 1.4618 0.7293 1.4618 2.3348 2.3690
15930 7965.0 1.4527 1.1179 1.4527 2.3111 2.4353
15940 7970.0 1.5348 0.6042 1.5348 2.2172 2.5449
15950 7975.0 1.5120 0.0722 1.5120 2.2732 2.4958
15960 7980.0 1.4355 2.0770 1.4355 2.4218 2.4588
15970 7985.0 1.5239 0.2848 1.5239 2.4486 2.3837
15980 7990.0 1.6025 5.2565 1.6025 2.4521 2.3615
15990 7995.0 1.5433 0.9357 1.5433 2.5877 2.3187
16000 8000.0 1.4239 2.8986 1.4239 2.7130 2.3256
16010 8005.0 1.5052 0.0133 1.5052 2.6357 2.4447
16020 8010.0 1.6286 8.2673 1.6286 2.5339 2.4584
16030 8015.0 1.4477 1.3656 1.4477 2.7397 2.3562
16040 8020.0 1.4650 0.6141 1.4650 2.8015 2.3848
16050 8025.0 1.6343 9.0238 1.6343 2.7457 2.3429
16060 8030.0 1.5419 0.8778 1.5419 2.7813 2.2693
16070 8035.0 1.4591 0.8375 1.4591 2.8879 2.3185
16080 8040.0 1.5503 1.2637 1.5503 2.8102 2.4865
16090 8045.0 1.5805 3.2388 1.5805 2.7787 2.4336
16100 8050.0 1.4629 0.6873 1.4629 2.9258 2.3720
16110 8055.0 1.4591 0.8382 1.4591 2.9404 2.4113
16120 8060.0 1.5529 1.3977 1.5529 2.8304 2.4205
16130 8065.0 1.5743 2.7597 1.5743 2.7469 2.3804
16140 8070.0 1.4729 0.3659 1.4729 2.8011 2.3035
16150 8075.0 1.4758 0.2927 1.4758 2.8648 2.3601
16160 8080.0 1.5712 2.5350 1.5712 2.7692 2.4181
16170 8085.0 1.5516 1.3320 1.5516 2.7136 2.3741
16180 8090.0 1.4417 1.7018 1.4417 2.7576 2.3504
16190 8095.0 1.4970 0.0045 1.4970 2.6743 2.4500
16200 8100.0 1.5819 3.3544 1.5819 2.5592 2.5224
16210 8105.0 1.5085 0.0362 1.5085 2.6251 2.4956
16220 8110.0 1.4588 0.8500 1.4588 2.6588 2.4827
16230 8115.0 1.5487 1.1861 1.5487 2.5685 2.4636
16240 8120.0 1.5629 1.9759 1.5629 2.5785 2.4050
16250 8125.0 1.4568 0.9342 1.4568 2.6975 2.3476
16260 8130.0 1.4987 0.0008 1.4987 2.6531 2.3781
16270 8135.0 1.5633 2.0029 1.5633 2.5816 2.4302
16280 8140.0 1.4740 0.3391 1.4740 2.6502 2.4237
16290 8145.0 1.4545 1.0364 1.4545 2.6680 2.4628
16300 8150.0 1.5758 2.8714 1.5758 2.5629 2.4061
16310 8155.0 1.5509 1.2932 1.5509 2.6401 2.2870
16320 8160.0 1.4793 0.2136 1.4793 2.7333 2.2346
16330 8165.0 1.5166 0.1376 1.5166 2.6564 2.3551
16340 8170.0 1.5809 3.2737 1.5809 2.5757 2.3237
16350 8175.0 1.5111 0.0618 1.5111 2.6188 2.2941
16360 8180.0 1.4531 1.1000 1.4531 2.6898 2.3414
16370 8185.0 1.5405 0.8184 1.5405 2.6574 2.4519
16380 8190.0 1.5442 0.9762 1.5442 2.6545 2.4970
16390 8195.0 1.4979 0.0022 1.4979 2.6672 2.3548
16400 8200.0 1.5277 0.3835 1.5277 2.6201 2.3006
16410 8205.0 1.5636 2.0229 1.5636 2.5769 2.3412
16420 8210.0 1.5140 0.0983 1.5140 2.5765 2.4246
16430 8215.0 1.4880 0.0716 1.4880 2.5589 2.4136
16440 8220.0 1.5323 0.5215 1.5323 2.5112 2.3652
16450 8225.0 1.5090 0.0403 1.5090 2.5344 2.3217
16460 8230.0 1.4846 0.1193 1.4846 2.5711 2.3177
16470 8235.0 1.5195 0.1904 1.5195 2.5817 2.4220
16480 8240.0 1.4898 0.0523 1.4898 2.5660 2.5074
16490 8245.0 1.4896 0.0541 1.4896 2.5736 2.5538
16500 8250.0 1.5465 1.0825 1.5465 2.5393 2.5556
16510 8255.0 1.5543 1.4734 1.5543 2.5423 2.5921
16520 8260.0 1.4996 0.0001 1.4996 2.5573 2.5166
16530 8265.0 1.4450 1.5132 1.4450 2.6013 2.4693
16540 8270.0 1.5390 0.7617 1.5390 2.5431 2.4794
16550 8275.0 1.5288 0.4148 1.5288 2.5665 2.4574
16560 8280.0 1.4412 1.7294 1.4412 2.6482 2.4235
16570 8285.0 1.4968 0.0051 1.4968 2.5915 2.4854
16580 8290.0 1.5737 2.7173 1.5737 2.5021 2.5513
16590 8295.0 1.5013 0.0008 1.5013 2.5642 2.5139
16600 8300.0 1.4490 1.3020 1.4490 2.6107 2.4579
16610 8305.0 1.5173 0.1496 1.5173 2.5293 2.4730
16620 8310.0 1.6087 5.9092 1.6087 2.4165 2.5155
16630 8315.0 1.4984 0.0013 1.4984 2.5192 2.4554
16640 8320.0 1.4037 4.6335 1.4037 2.6235 2.3897
16650 8325.0 1.5874 3.8203 1.5874 2.4540 2.4189
16660 8330.0 1.5491 1.2077 1.5491 2.4864 2.3823
16670 8335.0 1.3898 6.0705 1.3898 2.6542 2.3322
16680 8340.0 1.4897 0.0528 1.4897 2.5566 2.3972
16690 8345.0 1.6123 6.3087 1.6123 2.3797 2.4054
16700 8350.0 1.5441 0.9725 1.5441 2.3991 2.3126
16710 8355.0 1.3980 5.2025 1.3980 2.4813 2.2549
16720 8360.0 1.5380 0.7222 1.5380 2.4374 2.3817
16730 8365.0 1.6065 5.6692 1.6065 2.5073 2.3694
16740 8370.0 1.5131 0.0856 1.5131 2.7259 2.1322
16750 8375.0 1.4518 1.1631 1.4518 2.8269 2.0412
16760 8380.0 1.5385 0.7415 1.5385 2.6990 2.1384
16770 8385.0 1.5960 4.6106 1.5960 2.5798 2.2804
16780 8390.0 1.4627 0.6966 1.4627 2.6628 2.1324
16790 8395.0 1.4266 2.6952 1.4266 2.6613 2.1299
16800 8400.0 1.5360 0.6488 1.5360 2.5328 2.2648
16810 8405.0 1.5802 3.2152 1.5802 2.5050 2.2946
16820 8410.0 1.5154 0.1181 1.5154 2.6189 2.1208
16830 8415.0 1.4559 0.9709 1.4559 2.6944 2.0490
16840 8420.0 1.5291 0.4228 1.5291 2.5555 2.1616
16850 8425.0 1.5805 3.2411 1.5805 2.4050 2.2879
16860 8430.0 1.4778 0.2458 1.4778 2.4267 2.2140
16870 8435.0 1.4202 3.1838 1.4202 2.4401 2.1709
16880 8440.0 1.5194 0.1876 1.5194 2.3225 2.2179
16890 8445.0 1.4666 0.5574 1.4666 2.3640 2.2014
16900 8450.0 1.4190 3.2843 1.4190 2.4090 2.1471
16910 8455.0 1.5312 0.4878 1.5312 2.3248 2.1243
16920 8460.0 1.5116 0.0671 1.5116 2.3663 2.1208
16930 8465.0 1.4597 0.8110 1.4597 2.4187 2.1745
16940 8470.0 1.5011 0.0006 1.5011 2.3406 2.2705
16950 8475.0 1.5236 0.2790 1.5236 2.2814 2.3067
16960 8480.0 1.4638 0.6535 1.4638 2.3088 2.3456
16970 8485.0 1.4480 1.3517 1.4480 2.3016 2.3832
16980 8490.0 1.4975 0.0031 1.4975 2.2789 2.3630
16990 8495.0 1.4947 0.0143 1.4947 2.3445 2.2890
17000 8500.0 1.4842 0.1254 1.4842 2.3967 2.2610
17010 8505.0 1.5003 0.0000 1.5003 2.3825 2.3140
17020 8510.0 1.5261 0.3419 1.5261 2.3896 2.3665
17030 8515.0 1.5069 0.0237 1.5069 2.4563 2.3555
17040 8520.0 1.5029 0.0041 1.5029 2.4917 2.3518
17050 8525.0 1.4920 0.0320 1.4920 2.5215 2.3465
17060 8530.0 1.4949 0.0128 1.4949 2.5517 2.3493
17070 8535.0 1.5184 0.1698 1.5184 2.5116 2.3741
17080 8540.0 1.5226 0.2557 1.5226 2.5134 2.3706
17090 8545.0 1.4940 0.0182 1.4940 2.5522 2.3460
17100 8550.0 1.5112 0.0622 1.5112 2.5537 2.3607
17110 8555.0 1.5206 0.2127 1.5206 2.5304 2.3826
17120 8560.0 1.5221 0.2450 1.5221 2.5139 2.4266
17130 8565.0 1.4993 0.0002 1.4993 2.5227 2.4865
17140 8570.0 1.5189 0.1780 1.5189 2.5258 2.4214
17150 8575.0 1.5604 1.8244 1.5604 2.4817 2.4196
17160 8580.0 1.5113 0.0636 1.5113 2.4876 2.4338
17170 8585.0 1.5144 0.1036 1.5144 2.4630 2.5244
17180 8590.0 1.5207 0.2138 1.5207 2.4626 2.5376
17190 8595.0 1.5092 0.0420 1.5092 2.4887 2.5288
17200 8600.0 1.5207 0.2137 1.5207 2.4962 2.5285
17210 8605.0 1.5103 0.0528 1.5103 2.4883 2.5031
17220 8610.0 1.5017 0.0015 1.5017 2.4987 2.4672
17230 8615.0 1.5367 0.6746 1.5367 2.4979 2.4889
17240 8620.0 1.5032 0.0051 1.5032 2.5226 2.5199
17250 8625.0 1.4889 0.0612 1.4889 2.5436 2.5058
17260 8630.0 1.5271 0.3684 1.5271 2.5136 2.5044
17270 8635.0 1.5328 0.5369 1.5328 2.4957 2.4432
17280 8640.0 1.4915 0.0363 1.4915 2.5150 2.3923
17290 8645.0 1.5028 0.0039 1.5028 2.5595 2.4413
17300 8650.0 1.5203 0.2069 1.5203 2.6002 2.5315
17310 8655.0 1.4969 0.0049 1.4969 2.5851 2.4746
17320 8660.0 1.4741 0.3353 1.4741 2.5870 2.4707
17330 8665.0 1.5186 0.1736 1.5186 2.5493 2.5195
17340 8670.0 1.5034 0.0057 1.5034 2.5514 2.5089
17350 8675.0 1.4777 0.2491 1.4777 2.5681 2.5230
17360 8680.0 1.4995 0.0001 1.4995 2.5228 2.5039
17370 8685.0 1.5353 0.6217 1.5353 2.4730 2.4646
17380 8690.0 1.4705 0.4361 1.4705 2.5291 2.3461
17390 8695.0 1.4911 0.0396 1.4911 2.5199 2.3140
17400 8700.0 1.5423 0.8952 1.5423 2.4768 2.3376
17410 8705.0 1.4887 0.0640 1.4887 2.5011 2.3412
17420 8710.0 1.4770 0.2656 1.4770 2.5243 2.3895
17430 8715.0 1.5452 1.0196 1.5452 2.4718 2.4874
17440 8720.0 1.4960 0.0079 1.4960 2.4748 2.4753
17450 8725.0 1.4269 2.6733 1.4269 2.5191 2.4403
17460 8730.0 1.4915 0.0365 1.4915 2.4492 2.4122
17470 8735.0 1.5251 0.3148 1.5251 2.3788 2.3795
17480 8740.0 1.4475 1.3763 1.4475 2.3834 2.2668
17490 8745.0 1.4539 1.0645 1.4539 2.3683 2.2479
17500 8750.0 1.5056 0.0156 1.5056 2.3836 2.2964
17510 8755.0 1.4902 0.0485 1.4902 2.4565 2.3106
17520 8760.0 1.4331 2.2376 1.4331 2.4906 2.2863
17530 8765.0 1.4716 0.4044 1.4716 2.4601 2.3171
17540 8770.0 1.5431 0.9302 1.5431 2.4229 2.2214
17550 8775.0 1.5119 0.0709 1.5119 2.4857 2.1965
17560 8780.0 1.4969 0.0047 1.4969 2.5172 2.2876
17570 8785.0 1.5211 0.2230 1.5211 2.4850 2.3283
17580 8790.0 1.5050 0.0124 1.5050 2.5110 2.2950
17590 8795.0 1.4597 0.8114 1.4597 2.5732 2.2565
17600 8800.0 1.4866 0.0891 1.4866 2.5836 2.2444
17610 8805.0 1.4746 0.3236 1.4746 2.5653 2.2191
17620 8810.0 1.4926 0.0271 1.4926 2.5141 2.2483
17630 8815.0 1.5339 0.5733 1.5339 2.4925 2.3645
17640 8820.0 1.5340 0.5786 1.5340 2.5363 2.3408
17650 8825.0 1.5216 0.2330 1.5216 2.5958 2.2563
17660 8830.0 1.5009 0.0004 1.5009 2.6011 2.3104
17670 8835.0 1.4868 0.0865 1.4868 2.5530 2.4517
17680 8840.0 1.5309 0.4781 1.5309 2.5062 2.4195
17690 8845.0 1.5053 0.0143 1.5053 2.5624 2.2706
17700 8850.0 1.4772 0.2604 1.4772 2.5271 2.1911
17710 8855.0 1.5078 0.0301 1.5078 2.4415 2.2405
17720 8860.0 1.5470 1.1058 1.5470 2.4169 2.3997
17730 8865.0 1.4864 0.0931 1.4864 2.5408 2.4049
17740 8870.0 1.4615 0.7398 1.4615 2.5580 2.3107
17750 8875.0 1.5287 0.4116 1.5287 2.5057 2.3339
17760 8880.0 1.5042 0.0089 1.5042 2.5483 2.3818
17770 8885.0 1.5121 0.0731 1.5121 2.3751 2.4683
17780 8890.0 1.5308 0.4752 1.5308 2.2662 2.3056
17790 8895.0 1.4766 0.2738 1.4766 2.3269 2.1698
17800 8900.0 1.4452 1.4989 1.4452 2.4071 2.1636
17810 8905.0 1.5244 0.2970 1.5244 2.4170 2.2870
17820 8910.0 1.5208 0.2164 1.5208 2.4689 2.3795
17830 8915.0 1.4648 0.6188 1.4648 2.5281 2.3637
17840 8920.0 1.5249 0.3109 1.5249 2.5494 2.4285
17850 8925.0 1.5336 0.5637 1.5336 2.5239 2.3292
17860 8930.0 1.4902 0.0483 1.4902 2.4441 2.3367
17870 8935.0 1.4899 0.0509 1.4899 2.3393 2.4149
17880 8940.0 1.5666 2.2155 1.5666 2.3137 2.4948
17890 8945.0 1.5853 3.6415 1.5853 2.3578 2.4875
17900 8950.0 1.4485 1.3238 1.4485 2.4286 2.4015
17910 8955.0 1.4873 0.0811 1.4873 2.4452 2.3709
17920 8960.0 1.6339 8.9672 1.6339 2.4374 2.3872
17930 8965.0 1.4919 0.0325 1.4919 2.5804 2.3234
17940 8970.0 1.4230 2.9633 1.4230 2.6703 2.3465
17950 8975.0 1.5904 4.0857 1.5904 2.6411 2.4980
17960 8980.0 1.5673 2.2666 1.5673 2.6840 2.3812
17970 8985.0 1.4784 0.2336 1.4784 2.7206 2.2873
17980 8990.0 1.5288 0.4143 1.5288 2.7064 2.3925
17990 8995.0 1.5711 2.5274 1.5711 2.6140 2.5408
18000 9000.0 1.4835 0.1360 1.4835 2.4683 2.5789
