# step  time_fs  cv_FeH(A)  bias(kJ/mol)  d_min_FeH(A)  d_min_OH(A)  d_min_SH(A)
0 0.0 1.7182 2.3277 1.7182 2.5114 2.4126
10 5.0 1.5522 4.7817 1.5522 2.5380 2.2870
20 10.0 1.6075 0.9017 1.6075 2.5939 2.1551
30 15.0 1.6512 0.0008 1.6512 2.6478 2.1330
40 20.0 1.6179 0.5155 1.6179 2.6647 2.1651
50 25.0 1.6479 0.0022 1.6479 2.5668 2.2858
60 30.0 1.5411 5.9336 1.5411 2.5530 2.3123
70 35.0 1.6079 0.8873 1.6079 2.5976 2.1794
80 40.0 1.5717 3.0673 1.5717 2.7431 2.0970
90 45.0 1.5905 1.7725 1.5905 2.7636 2.0899
100 50.0 1.6330 0.1449 1.6330 2.6929 2.1179
110 55.0 1.5164 8.9233 1.5164 2.7435 2.1720
120 60.0 1.5711 3.1151 1.5711 2.8012 2.2642
130 65.0 1.6198 0.4568 1.6198 2.7470 2.3379
140 70.0 1.6355 0.1048 1.6355 2.7262 2.2470
150 75.0 1.5114 9.6103 1.5114 2.7917 2.1035
160 80.0 1.6181 0.5083 1.6181 2.7292 2.2787
170 85.0 1.6837 0.5669 1.6837 2.7540 2.2821
180 90.0 1.5535 4.6544 1.5535 2.9674 2.1255
190 95.0 1.5424 5.7939 1.5424 2.9917 2.0322
200 100.0 1.6138 0.6539 1.6138 2.9230 1.9713
210 105.0 1.6541 0.0086 1.6541 2.9706 1.9150
220 110.0 1.5357 6.5358 1.5357 3.1012 1.9137
230 115.0 1.5391 6.1479 1.5391 3.0118 1.9724
240 120.0 1.6447 0.0142 1.6447 2.7899 2.1254
250 125.0 1.6453 0.0111 1.6453 2.7627 2.2495
260 130.0 1.5602 4.0361 1.5602 2.9463 1.9980
270 135.0 1.5836 2.2031 1.5836 2.9464 1.9824
280 140.0 1.7062 1.5806 1.7062 2.7652 2.1913
290 145.0 1.6048 1.0212 1.6048 2.8189 2.0493
300 150.0 1.5560 4.4177 1.5560 2.9199 1.9039
310 155.0 1.6504 0.0001 1.6504 2.9578 1.8926
320 160.0 1.6130 0.6842 1.6130 2.9905 2.0397
330 165.0 1.6379 0.0729 1.6379 2.9885 2.0803
340 170.0 1.6030 1.1025 1.6030 2.9557 2.0033
350 175.0 1.6712 0.2241 1.6712 2.8088 2.1951
360 180.0 1.6758 0.3323 1.6758 2.7538 2.2864
370 185.0 1.5903 1.7801 1.5903 2.8886 2.1449
380 190.0 1.5789 2.5252 1.5789 3.0129 2.1368
390 195.0 1.5999 1.2569 1.5999 2.9740 2.2950
400 200.0 1.7062 1.5805 1.7062 2.8812 2.2467
410 205.0 1.6429 0.0252 1.6429 2.9599 2.1398
420 210.0 1.5996 1.2705 1.5996 2.9760 2.1595
430 215.0 1.6705 0.2098 1.6705 2.8481 2.3558
440 220.0 1.6426 0.0273 1.6426 2.8740 2.3060
450 225.0 1.5424 5.7883 1.5424 2.9893 2.2660
460 230.0 1.6119 0.7267 1.6119 2.8663 2.3515
470 235.0 1.6906 0.8234 1.6906 2.7325 2.4152
480 240.0 1.6295 0.2105 1.6295 2.8412 2.2847
490 245.0 1.6056 0.9867 1.6056 3.0162 2.1655
500 250.0 1.6237 0.3454 1.6237 3.0617 2.1964
510 255.0 1.7099 1.7957 1.7099 2.9746 2.3419
520 260.0 1.7001 1.2549 1.7001 3.0152 2.3199
530 265.0 1.6183 0.5015 1.6183 3.1553 2.2568
540 270.0 1.5715 3.0788 1.5715 3.1353 2.2383
550 275.0 1.6694 0.1882 1.6694 2.9611 2.3221
560 280.0 1.6707 0.2133 1.6707 2.8762 2.2905
570 285.0 1.5302 7.1788 1.5302 2.8628 2.2441
580 290.0 1.7174 2.2727 1.7174 2.8003 2.3851
590 295.0 1.6471 0.0042 1.6471 2.9052 2.3824
600 300.0 1.5890 1.8594 1.5890 3.0408 2.3088
610 305.0 1.6818 0.5070 1.6818 3.0475 2.2836
620 310.0 1.6489 0.0006 1.6489 3.1158 2.2158
630 315.0 1.6367 0.0890 1.6367 3.0776 2.2292
640 320.0 1.6307 0.1854 1.6307 2.9499 2.3454
650 325.0 1.6532 0.0051 1.6532 2.8563 2.3231
660 330.0 1.6319 0.1633 1.6319 2.8736 2.2527
670 335.0 1.6086 0.8555 1.6086 2.9091 2.2326
680 340.0 1.6694 0.1873 1.6694 2.9118 2.2453
690 345.0 1.6448 0.0135 1.6448 2.9213 2.2873
700 350.0 1.6047 1.0246 1.6047 2.9811 2.2886
710 355.0 1.6809 0.4762 1.6809 3.0206 2.2814
720 360.0 1.6187 0.4887 1.6187 3.1313 2.2639
730 365.0 1.6071 0.9211 1.6071 3.1284 2.2810
740 370.0 1.6228 0.3708 1.6228 3.0553 2.2542
750 375.0 1.6776 0.3805 1.6776 2.9646 2.3637
760 380.0 1.6625 0.0786 1.6625 3.0064 2.2652
770 385.0 1.6371 0.0828 1.6371 3.0863 2.1349
780 390.0 1.6517 0.0014 1.6517 3.0614 2.1714
790 395.0 1.6638 0.0947 1.6638 2.9658 2.3199
800 400.0 1.6360 0.0983 1.6360 2.8717 2.2456
810 405.0 1.6156 0.5930 1.6156 2.8220 2.1366
820 410.0 1.6235 0.3522 1.6235 2.8504 2.1821
830 415.0 1.6390 0.0610 1.6390 3.0019 2.3138
840 420.0 1.6031 1.0993 1.6031 3.1908 2.2288
850 425.0 1.6004 1.2319 1.6004 3.2811 2.1899
860 430.0 1.6678 0.1580 1.6678 3.1470 2.3354
870 435.0 1.6766 0.3549 1.6766 3.0523 2.4362
880 440.0 1.5810 2.3816 1.5810 3.0644 2.4112
890 445.0 1.6717 0.2360 1.6717 2.9719 2.3826
900 450.0 1.6614 0.0653 1.6614 2.9610 2.2707
910 455.0 1.6255 0.3012 1.6255 2.9386 2.2504
920 460.0 1.6859 0.6443 1.6859 2.9422 2.3341
930 465.0 1.6071 0.9192 1.6071 3.0378 2.3868
940 470.0 1.6336 0.1341 1.6336 3.0799 2.3825
950 475.0 1.6688 0.1760 1.6688 3.1274 2.3006
960 480.0 1.6268 0.2702 1.6268 3.2081 2.1944
970 485.0 1.6048 1.0210 1.6048 3.1852 2.1989
980 490.0 1.6687 0.1750 1.6687 3.0466 2.3145
990 495.0 1.6685 0.1710 1.6685 2.9636 2.2752
1000 500.0 1.5987 1.3135 1.5987 3.0231 2.2251
1010 505.0 1.5934 1.6045 1.5934 3.1457 2.2535
1020 510.0 1.6356 0.1043 1.6356 3.2280 2.2594
1030 515.0 1.6510 0.0005 1.6510 3.2680 2.2845
1040 520.0 1.6618 0.0701 1.6618 3.2288 2.2943
1050 525.0 1.6428 0.0256 1.6428 3.1744 2.2750
1060 530.0 1.5988 1.3107 1.5988 3.0730 2.3039
1070 535.0 1.5829 2.2517 1.5829 2.9491 2.2957
1080 540.0 1.6663 0.1335 1.6663 2.9124 2.3545
1090 545.0 1.6342 0.1242 1.6342 3.0354 2.3845
1100 550.0 1.5775 2.6278 1.5775 3.1722 2.2929
1110 555.0 1.6618 0.0693 1.6618 3.0736 2.3083
1120 560.0 1.6395 0.0554 1.6395 3.0747 2.2909
1130 565.0 1.5913 1.7209 1.5913 3.0826 2.3391
1140 570.0 1.6221 0.3901 1.6221 3.0027 2.3031
1150 575.0 1.6647 0.1087 1.6647 2.9328 2.3263
1160 580.0 1.6104 0.7829 1.6104 3.0020 2.2863
1170 585.0 1.6332 0.1411 1.6332 3.0045 2.2108
1180 590.0 1.6796 0.4378 1.6796 2.9393 2.2617
1190 595.0 1.6218 0.3969 1.6218 2.9649 2.3065
1200 600.0 1.6290 0.2212 1.6290 2.9507 2.1984
1210 605.0 1.6072 0.9158 1.6072 2.9568 2.1236
1220 610.0 1.6166 0.5569 1.6166 2.9415 2.1418
1230 615.0 1.6383 0.0681 1.6383 2.9787 2.2143
1240 620.0 1.6135 0.6652 1.6135 3.0211 2.2616
1250 625.0 1.7015 1.3270 1.7015 2.9787 2.2603
1260 630.0 1.6474 0.0033 1.6474 3.0710 2.1992
1270 635.0 1.5678 3.3744 1.5678 3.1355 2.2206
1280 640.0 1.6536 0.0063 1.6536 3.0119 2.1959
1290 645.0 1.6817 0.5032 1.6817 2.9582 2.2015
1300 650.0 1.5958 1.4671 1.5958 3.0533 2.2117
1310 655.0 1.6091 0.8384 1.6091 3.0079 2.2510
1320 660.0 1.6736 0.2777 1.6736 2.8595 2.2609
1330 665.0 1.6867 0.6742 1.6867 2.8052 2.2618
1340 670.0 1.6180 0.5126 1.6180 2.8629 2.2349
1350 675.0 1.5882 1.9112 1.5882 2.8692 2.2906
1360 680.0 1.6176 0.5265 1.6176 2.7406 2.3075
1370 685.0 1.6891 0.7631 1.6891 2.6086 2.3537
1380 690.0 1.6116 0.7371 1.6116 2.6864 2.3393
1390 695.0 1.5714 3.0927 1.5714 2.7330 2.1940
1400 700.0 1.6547 0.0111 1.6547 2.5973 2.2616
1410 705.0 1.6902 0.8094 1.6902 2.5396 2.3528
1420 710.0 1.5463 5.3747 1.5463 2.6760 2.3301
1430 715.0 1.6201 0.4485 1.6201 2.6018 2.3677
1440 720.0 1.6281 0.2389 1.6281 2.5312 2.3942
1450 725.0 1.6186 0.4922 1.6186 2.5708 2.3591
1460 730.0 1.6168 0.5515 1.6168 2.6446 2.3133
1470 735.0 1.6121 0.7197 1.6121 2.6790 2.2955
1480 740.0 1.6386 0.0652 1.6386 2.6922 2.2405
1490 745.0 1.6332 0.1404 1.6332 2.7268 2.2382
1500 750.0 1.6499 0.0000 1.6499 2.7760 2.2643
1510 755.0 1.6400 0.0500 1.6400 2.8455 2.1966
1520 760.0 1.6603 0.0536 1.6603 2.8696 2.2004
1530 765.0 1.6936 0.9486 1.6936 2.8924 2.2564
1540 770.0 1.6643 0.1023 1.6643 2.9845 2.1535
1550 775.0 1.6542 0.0090 1.6542 3.0224 2.1563
1560 780.0 1.6838 0.5729 1.6838 2.9891 2.2787
1570 785.0 1.6753 0.3210 1.6753 2.9523 2.2281
1580 790.0 1.6191 0.4785 1.6191 3.0045 2.2283
1590 795.0 1.6618 0.0695 1.6618 3.0570 2.3222
1600 800.0 1.7095 1.7684 1.7095 3.1064 2.2794
1610 805.0 1.6711 0.2234 1.6711 3.2542 2.1740
1620 810.0 1.6193 0.4727 1.6193 3.3149 2.1891
1630 815.0 1.6338 0.1316 1.6338 3.2546 2.3467
1640 820.0 1.6855 0.6313 1.6855 3.2007 2.4409
1650 825.0 1.6172 0.5373 1.6172 3.2846 2.3515
1660 830.0 1.6124 0.7071 1.6124 3.3668 2.2855
1670 835.0 1.6694 0.1891 1.6694 3.3066 2.2732
1680 840.0 1.6377 0.0752 1.6377 3.3029 2.2524
1690 845.0 1.6067 0.9378 1.6067 3.3329 2.2442
1700 850.0 1.6569 0.0235 1.6569 3.2829 2.2944
1710 855.0 1.6552 0.0135 1.6552 3.2442 2.3636
1720 860.0 1.6210 0.4208 1.6210 3.2388 2.4111
1730 865.0 1.6246 0.3234 1.6246 3.2267 2.3676
1740 870.0 1.6411 0.0398 1.6411 3.2367 2.3972
1750 875.0 1.6317 0.1678 1.6317 3.3021 2.3835
1760 880.0 1.6249 0.3157 1.6249 3.3891 2.2593
1770 885.0 1.6350 0.1119 1.6350 3.4137 2.2530
1780 890.0 1.6537 0.0068 1.6537 3.3971 2.3243
1790 895.0 1.6246 0.3236 1.6246 3.3326 2.3989
1800 900.0 1.5834 2.2184 1.5834 3.2511 2.3187
1810 905.0 1.6005 1.2270 1.6005 3.1464 2.2439
1820 910.0 1.6450 0.0124 1.6450 3.1292 2.2620
1830 915.0 1.6011 1.1976 1.6011 3.2256 2.3087
1840 920.0 1.6299 0.2021 1.6299 3.2558 2.3015
1850 925.0 1.6776 0.3799 1.6776 3.2242 2.2393
1860 930.0 1.6610 0.0609 1.6610 3.1739 2.2689
1870 935.0 1.6332 0.1412 1.6332 3.1294 2.2851
1880 940.0 1.6396 0.0546 1.6396 3.0870 2.1708
1890 945.0 1.6326 0.1517 1.6326 3.0812 2.1197
1900 950.0 1.6217 0.4000 1.6217 3.0969 2.1723
1910 955.0 1.6152 0.6040 1.6152 3.1175 2.3448
1920 960.0 1.6849 0.6086 1.6849 3.1863 2.2560
1930 965.0 1.6888 0.7529 1.6888 3.2469 2.2030
1940 970.0 1.6204 0.4381 1.6204 3.2515 2.2112
1950 975.0 1.6611 0.0619 1.6611 3.1932 2.3138
1960 980.0 1.6810 0.4804 1.6810 3.1842 2.3812
1970 985.0 1.5857 2.0654 1.5857 3.2444 2.2565
1980 990.0 1.6032 1.0972 1.6032 3.1862 2.2466
1990 995.0 1.6523 0.0026 1.6523 3.0300 2.3615
2000 1000.0 1.6320 0.1617 1.6320 3.0118 2.4126
2010 1005.0 1.6355 0.1058 1.6355 3.1037 2.2707
2020 1010.0 1.6560 0.0179 1.6560 3.1910 2.1549
2030 1015.0 1.6377 0.0751 1.6377 3.1205 2.1936
2040 1020.0 1.6970 1.1035 1.6970 2.9256 2.3033
2050 1025.0 1.6519 0.0018 1.6519 2.8060 2.1382
2060 1030.0 1.5737 2.9120 1.5737 2.8276 2.0820
2070 1035.0 1.6646 0.1067 1.6646 2.8892 2.2281
2080 1040.0 1.6941 0.9705 1.6941 3.0436 2.2705
2090 1045.0 1.6479 0.0022 1.6479 3.1485 2.1771
2100 1050.0 1.6532 0.0052 1.6532 3.0655 2.2608
2110 1055.0 1.6590 0.0403 1.6590 2.9390 2.3156
2120 1060.0 1.6155 0.5934 1.6155 2.8641 2.2291
2130 1065.0 1.6066 0.9402 1.6066 2.8342 2.1661
2140 1070.0 1.6193 0.4704 1.6193 2.8345 2.1720
2150 1075.0 1.6100 0.7985 1.6100 2.8865 2.2556
2160 1080.0 1.6398 0.0525 1.6398 2.9293 2.2565
2170 1085.0 1.6219 0.3956 1.6219 2.8919 2.2492
2180 1090.0 1.6523 0.0026 1.6523 2.7758 2.3315
2190 1095.0 1.6266 0.2741 1.6266 2.7209 2.2402
2200 1100.0 1.5802 2.4382 1.5802 2.7039 2.1414
2210 1105.0 1.6039 1.0641 1.6039 2.6617 2.1685
2220 1110.0 1.6926 0.9090 1.6926 2.6576 2.3165
2230 1115.0 1.6395 0.0549 1.6395 2.7864 2.2812
2240 1120.0 1.5933 1.6095 1.5933 2.8821 2.1883
2250 1125.0 1.6600 0.0503 1.6600 2.8508 2.2638
2260 1130.0 1.6953 1.0239 1.6953 2.7989 2.3531
2270 1135.0 1.5908 1.7527 1.5908 2.8022 2.3244
2280 1140.0 1.5697 3.2252 1.5697 2.7509 2.3765
2290 1145.0 1.6558 0.0171 1.6558 2.6502 2.3693
2300 1150.0 1.6659 0.1261 1.6659 2.6911 2.4347
2310 1155.0 1.5842 2.1627 1.5842 2.8707 2.3381
2320 1160.0 1.6304 0.1913 1.6304 2.9923 2.2689
2330 1165.0 1.6942 0.9757 1.6942 3.0874 2.2588
2340 1170.0 1.6225 0.3791 1.6225 3.1415 2.2431
2350 1175.0 1.6176 0.5263 1.6176 3.0439 2.3449
2360 1180.0 1.6627 0.0804 1.6627 2.9467 2.3477
2370 1185.0 1.6260 0.2883 1.6260 3.0005 2.3233
2380 1190.0 1.5971 1.4009 1.5971 3.1391 2.3365
2390 1195.0 1.6265 0.2765 1.6265 3.2150 2.3308
2400 1200.0 1.7048 1.5002 1.7048 3.1852 2.3599
2410 1205.0 1.6556 0.0154 1.6556 3.2281 2.3036
2420 1210.0 1.5731 2.9580 1.5731 3.2846 2.2603
2430 1215.0 1.6283 0.2346 1.6283 3.1771 2.2560
2440 1220.0 1.7033 1.4179 1.7033 3.1345 2.2479
2450 1225.0 1.6290 0.2210 1.6290 3.3102 2.2330
2460 1230.0 1.5902 1.7857 1.5902 3.4826 2.1140
2470 1235.0 1.7217 2.5717 1.7217 3.4469 2.1867
2480 1240.0 1.7546 5.4669 1.7546 3.4117 2.2822
2490 1245.0 1.5866 2.0115 1.5866 3.5528 2.1111
2500 1250.0 1.5817 2.3337 1.5817 3.5176 1.9934
2510 1255.0 1.6687 0.1752 1.6687 3.3340 2.0732
2520 1260.0 1.6831 0.5486 1.6831 3.3110 2.1734
2530 1265.0 1.6134 0.6707 1.6134 3.4489 2.1829
2540 1270.0 1.6753 0.3205 1.6753 3.5578 2.1698
2550 1275.0 1.5824 2.2817 1.5824 3.6390 2.1783
2560 1280.0 1.6982 1.1625 1.6982 3.5193 2.3037
2570 1285.0 1.7091 1.7473 1.7091 3.5347 2.2934
2580 1290.0 1.5519 4.8144 1.5519 3.6060 2.1955
2590 1295.0 1.6392 0.0581 1.6392 3.5344 2.3069
2600 1300.0 1.6582 0.0339 1.6582 3.4003 2.3388
2610 1305.0 1.5923 1.6618 1.5923 3.3911 2.3241
2620 1310.0 1.6685 0.1709 1.6685 3.3520 2.4187
2630 1315.0 1.6294 0.2127 1.6294 3.4546 2.2560
2640 1320.0 1.6052 1.0040 1.6052 3.4863 2.2032
2650 1325.0 1.7109 1.8524 1.7109 3.3573 2.3191
2660 1330.0 1.6603 0.0531 1.6603 3.3836 2.3679
2670 1335.0 1.5873 1.9681 1.5873 3.4400 2.3021
2680 1340.0 1.6217 0.4009 1.6217 3.3936 2.2565
2690 1345.0 1.5908 1.7547 1.5908 3.3544 2.2995
2700 1350.0 1.6975 1.1262 1.6975 3.2364 2.3147
2710 1355.0 1.6615 0.0658 1.6615 3.2942 2.1403
2720 1360.0 1.5968 1.4146 1.5968 3.3484 2.0390
2730 1365.0 1.6602 0.0520 1.6602 3.1996 2.1846
2740 1370.0 1.6757 0.3295 1.6757 3.0741 2.2001
2750 1375.0 1.5766 2.6937 1.5766 3.1285 2.0319
2760 1380.0 1.6243 0.3292 1.6243 3.0889 1.9919
2770 1385.0 1.6156 0.5931 1.6156 3.0068 2.1098
2780 1390.0 1.6587 0.0378 1.6587 2.9157 2.2895
2790 1395.0 1.7132 1.9960 1.7132 2.9074 2.1943
2800 1400.0 1.6356 0.1031 1.6356 3.0182 2.1055
2810 1405.0 1.6037 1.0708 1.6037 3.0015 2.2055
2820 1410.0 1.6958 1.0482 1.6958 2.8489 2.2788
2830 1415.0 1.6138 0.6565 1.6138 2.9122 2.2358
2840 1420.0 1.5856 2.0751 1.5856 2.9655 2.2707
2850 1425.0 1.6454 0.0106 1.6454 2.8898 2.2498
2860 1430.0 1.6952 1.0206 1.6952 2.7954 2.2647
2870 1435.0 1.6261 0.2850 1.6261 2.8699 2.2081
2880 1440.0 1.6041 1.0531 1.6041 2.8957 2.2245
2890 1445.0 1.6038 1.0673 1.6038 2.8705 2.2934
2900 1450.0 1.6381 0.0705 1.6381 2.8170 2.2152
2910 1455.0 1.5934 1.6004 1.5934 2.8673 2.1677
2920 1460.0 1.5716 3.0742 1.5716 2.8710 2.2041
2930 1465.0 1.6476 0.0028 1.6476 2.7611 2.2621
2940 1470.0 1.6486 0.0009 1.6486 2.7485 2.2303
2950 1475.0 1.5931 1.6207 1.5931 2.7974 2.1974
2960 1480.0 1.5963 1.4416 1.5963 2.7768 2.1436
2970 1485.0 1.6276 0.2506 1.6276 2.7181 2.1176
2980 1490.0 1.6119 0.7262 1.6119 2.7278 2.1257
2990 1495.0 1.6026 1.1243 1.6026 2.7459 2.1799
3000 1500.0 1.6249 0.3161 1.6249 2.7049 2.1029
3010 1505.0 1.6697 0.1948 1.6697 2.6598 2.0737
3020 1510.0 1.6329 0.1470 1.6329 2.6972 2.1111
3030 1515.0 1.5925 1.6506 1.5925 2.7453 2.0812
3040 1520.0 1.6199 0.4539 1.6199 2.7174 1.9988
3050 1525.0 1.6199 0.4540 1.6199 2.6983 2.0399
3060 1530.0 1.6038 1.0658 1.6038 2.7119 2.1568
3070 1535.0 1.6338 0.1312 1.6338 2.6668 2.1640
3080 1540.0 1.6464 0.0064 1.6464 2.6580 2.1643
3090 1545.0 1.5777 2.6147 1.5777 2.7631 2.1457
3100 1550.0 1.6063 0.9544 1.6063 2.7622 2.2109
3110 1555.0 1.6083 0.8680 1.6083 2.7259 2.1764
3120 1560.0 1.6018 1.1612 1.6018 2.7666 2.1555
3130 1565.0 1.5612 3.9454 1.5612 2.7589 2.1848
3140 1570.0 1.6060 0.9690 1.6060 2.6957 2.3033
3150 1575.0 1.5872 1.9710 1.5872 2.6576 2.2353
3160 1580.0 1.6687 0.1746 1.6687 2.6064 2.1675
3170 1585.0 1.6382 0.0694 1.6382 2.6461 2.1041
3180 1590.0 1.5754 2.7861 1.5754 2.6652 2.1582
3190 1595.0 1.6204 0.4381 1.6204 2.5781 2.2477
3200 1600.0 1.5738 2.9021 1.5738 2.5832 2.1476
3210 1605.0 1.6417 0.0348 1.6417 2.5194 2.1208
3220 1610.0 1.5868 1.9961 1.5868 2.5400 2.1536
3230 1615.0 1.6116 0.7382 1.6116 2.5484 2.1109
3240 1620.0 1.6172 0.5382 1.6172 2.4758 2.1075
3250 1625.0 1.6400 0.0500 1.6400 2.3851 2.2118
3260 1630.0 1.6450 0.0123 1.6450 2.3962 2.2633
3270 1635.0 1.6197 0.4600 1.6197 2.5327 2.0984
3280 1640.0 1.5625 3.8262 1.5625 2.7158 1.9809
3290 1645.0 1.5846 2.1415 1.5846 2.7008 2.0374
3300 1650.0 1.6620 0.0721 1.6620 2.6365 2.1263
3310 1655.0 1.5860 2.0469 1.5860 2.6893 2.1587
3320 1660.0 1.6407 0.0429 1.6407 2.6923 2.1764
3330 1665.0 1.6514 0.0010 1.6514 2.7420 2.1752
3340 1670.0 1.5722 3.0301 1.5722 2.8898 2.1547
3350 1675.0 1.6062 0.9591 1.6062 2.8759 2.2064
3360 1680.0 1.6648 0.1098 1.6648 2.8018 2.2507
3370 1685.0 1.6347 0.1168 1.6347 2.8516 2.2494
3380 1690.0 1.5852 2.1013 1.5852 2.9564 2.1623
3390 1695.0 1.6080 0.8819 1.6080 2.9304 2.1329
3400 1700.0 1.6777 0.3841 1.6777 2.8387 2.2101
3410 1705.0 1.6272 0.2599 1.6272 2.9081 2.2094
3420 1710.0 1.5665 3.4879 1.5665 2.9930 2.0725
3430 1715.0 1.6466 0.0059 1.6466 2.8935 2.0714
3440 1720.0 1.6403 0.0471 1.6403 2.8906 2.1335
3450 1725.0 1.5900 1.7975 1.5900 2.9696 2.2134
3460 1730.0 1.6525 0.0030 1.6525 2.9379 2.1708
3470 1735.0 1.6623 0.0752 1.6623 2.9105 2.2195
3480 1740.0 1.6112 0.7547 1.6112 2.9619 2.2398
3490 1745.0 1.6724 0.2513 1.6724 2.9675 2.2498
3500 1750.0 1.5882 1.9108 1.5882 3.0639 2.2160
3510 1755.0 1.6388 0.0622 1.6388 3.0161 2.2943
3520 1760.0 1.6914 0.8566 1.6914 2.9788 2.3209
3530 1765.0 1.5584 4.1975 1.5584 3.1321 2.2268
3540 1770.0 1.6046 1.0321 1.6046 3.1114 2.2897
3550 1775.0 1.6836 0.5634 1.6836 2.9719 2.3208
3560 1780.0 1.6667 0.1393 1.6667 2.9641 2.2611
3570 1785.0 1.6318 0.1663 1.6318 3.0091 2.2242
3580 1790.0 1.6680 0.1622 1.6680 2.9839 2.2531
3590 1795.0 1.6292 0.2168 1.6292 3.0379 2.2389
3600 1800.0 1.6431 0.0237 1.6431 3.0698 2.2165
3610 1805.0 1.6899 0.7980 1.6899 3.0310 2.2492
3620 1810.0 1.6430 0.0248 1.6430 3.0363 2.2160
3630 1815.0 1.6168 0.5499 1.6168 3.0273 2.1489
3640 1820.0 1.6699 0.1989 1.6699 2.9977 2.1950
3650 1825.0 1.6561 0.0188 1.6561 3.0447 2.2387
3660 1830.0 1.6343 0.1228 1.6343 3.0806 2.1655
3670 1835.0 1.6655 0.1206 1.6655 3.0078 2.2007
3680 1840.0 1.6781 0.3959 1.6781 2.8894 2.2892
3690 1845.0 1.5842 2.1645 1.5842 2.8416 2.2106
3700 1850.0 1.6418 0.0338 1.6418 2.8095 2.2047
3710 1855.0 1.6330 0.1440 1.6330 2.8650 2.2375
3720 1860.0 1.5990 1.3017 1.5990 2.9009 2.2343
3730 1865.0 1.6529 0.0042 1.6529 2.7688 2.2500
3740 1870.0 1.6029 1.1076 1.6029 2.7013 2.2947
3750 1875.0 1.6216 0.4041 1.6216 2.6657 2.2742
3760 1880.0 1.6372 0.0813 1.6372 2.7354 2.1657
3770 1885.0 1.5644 3.6619 1.5644 2.8823 2.0710
3780 1890.0 1.6040 1.0602 1.6040 2.8602 2.1471
3790 1895.0 1.6352 0.1093 1.6352 2.8076 2.3075
3800 1900.0 1.6017 1.1656 1.6017 2.8764 2.2862
3810 1905.0 1.6585 0.0361 1.6585 2.9638 2.2532
3820 1910.0 1.6092 0.8327 1.6092 3.0915 2.2734
3830 1915.0 1.5786 2.5472 1.5786 3.0020 2.2848
3840 1920.0 1.5939 1.5746 1.5939 2.9064 2.2458
3850 1925.0 1.6454 0.0105 1.6454 2.7919 2.2535
3860 1930.0 1.6522 0.0025 1.6522 2.7611 2.2237
3870 1935.0 1.5623 3.8435 1.5623 2.8318 2.1881
3880 1940.0 1.6149 0.6172 1.6149 2.8191 2.2538
3890 1945.0 1.6701 0.2023 1.6701 2.7730 2.2748
3900 1950.0 1.6049 1.0157 1.6049 2.7389 2.2416
3910 1955.0 1.5826 2.2727 1.5826 2.6539 2.1438
3920 1960.0 1.6265 0.2765 1.6265 2.5141 2.0674
3930 1965.0 1.6564 0.0207 1.6564 2.4599 2.0655
3940 1970.0 1.6080 0.8814 1.6080 2.5608 2.1120
3950 1975.0 1.5915 1.7084 1.5915 2.6768 2.1385
3960 1980.0 1.6597 0.0472 1.6597 2.6857 2.1460
3970 1985.0 1.6204 0.4384 1.6204 2.6369 2.2220
3980 1990.0 1.6060 0.9679 1.6060 2.5310 2.1531
3990 1995.0 1.6481 0.0018 1.6481 2.5202 2.1052
4000 2000.0 1.5378 6.2920 1.5378 2.6389 2.0999
4010 2005.0 1.6337 0.1325 1.6337 2.6398 2.2059
4020 2010.0 1.6394 0.0557 1.6394 2.6554 2.2845
4030 2015.0 1.6024 1.1312 1.6024 2.7083 2.2656
4040 2020.0 1.6498 0.0000 1.6498 2.7650 2.2017
4050 2025.0 1.5594 4.1014 1.5594 2.7779 2.1887
4060 2030.0 1.6543 0.0093 1.6543 2.6812 2.2529
4070 2035.0 1.6740 0.2890 1.6740 2.6685 2.1972
4080 2040.0 1.5656 3.5584 1.5656 2.7611 2.1244
4090 2045.0 1.6262 0.2835 1.6262 2.7618 2.1736
4100 2050.0 1.6480 0.0021 1.6480 2.7904 2.2553
4110 2055.0 1.6137 0.6581 1.6137 2.8516 2.1880
4120 2060.0 1.6688 0.1767 1.6688 2.8335 2.1971
4130 2065.0 1.6210 0.4215 1.6210 2.7441 2.1799
4140 2070.0 1.6117 0.7337 1.6117 2.6602 2.1031
4150 2075.0 1.6483 0.0014 1.6483 2.5998 2.1115
4160 2080.0 1.5890 1.8575 1.5890 2.6479 2.1073
4170 2085.0 1.6046 1.0290 1.6046 2.6860 2.1622
4180 2090.0 1.6479 0.0022 1.6479 2.7260 2.1932
4190 2095.0 1.6758 0.3316 1.6758 2.7337 2.1954
4200 2100.0 1.6307 0.1854 1.6307 2.7052 2.2005
4210 2105.0 1.6207 0.4290 1.6207 2.6631 2.2089
4220 2110.0 1.5945 1.5405 1.5945 2.5922 2.0922
4230 2115.0 1.5967 1.4178 1.5967 2.5451 2.0637
4240 2120.0 1.6587 0.0382 1.6587 2.5861 2.1219
4250 2125.0 1.5753 2.7936 1.5753 2.7853 2.1414
4260 2130.0 1.6190 0.4814 1.6190 2.8810 2.0794
4270 2135.0 1.6319 0.1633 1.6319 2.8427 2.1658
4280 2140.0 1.6036 1.0779 1.6036 2.7263 2.2477
4290 2145.0 1.6215 0.4071 1.6215 2.6259 2.1043
4300 2150.0 1.6254 0.3034 1.6254 2.6410 2.0006
4310 2155.0 1.5800 2.4520 1.5800 2.7442 2.0504
4320 2160.0 1.6389 0.0619 1.6389 2.8136 2.1901
4330 2165.0 1.6897 0.7881 1.6897 2.8580 2.1712
4340 2170.0 1.5512 4.8796 1.5512 2.8972 2.1195
4350 2175.0 1.6612 0.0626 1.6612 2.7585 2.2260
4360 2180.0 1.5831 2.2355 1.5831 2.7126 2.1485
4370 2185.0 1.6136 0.6643 1.6136 2.6749 2.1618
4380 2190.0 1.6247 0.3198 1.6247 2.6915 2.2362
4390 2195.0 1.5583 4.2076 1.5583 2.7231 2.1846
4400 2200.0 1.6845 0.5951 1.6845 2.6285 2.2612
4410 2205.0 1.5468 5.3241 1.5468 2.6122 2.1994
4420 2210.0 1.6333 0.1399 1.6333 2.4965 2.1655
4430 2215.0 1.5750 2.8162 1.5750 2.5123 2.2043
4440 2220.0 1.6202 0.4439 1.6202 2.5728 2.2485
4450 2225.0 1.6858 0.6421 1.6858 2.6440 2.1917
4460 2230.0 1.5453 5.4835 1.5453 2.7397 2.1064
4470 2235.0 1.6296 0.2082 1.6296 2.6262 2.2229
4480 2240.0 1.6238 0.3422 1.6238 2.5375 2.2190
4490 2245.0 1.5930 1.6235 1.5930 2.5451 2.2206
4500 2250.0 1.6423 0.0296 1.6423 2.6170 2.2662
4510 2255.0 1.6321 0.1597 1.6321 2.7698 2.1549
4520 2260.0 1.5796 2.4795 1.5796 2.8482 2.0910
4530 2265.0 1.6775 0.3786 1.6775 2.7279 2.2374
4540 2270.0 1.6340 0.1286 1.6340 2.6461 2.1504
4550 2275.0 1.5747 2.8344 1.5747 2.6294 2.0721
4560 2280.0 1.6526 0.0034 1.6526 2.6526 2.0966
4570 2285.0 1.6035 1.0825 1.6035 2.8009 2.1860
4580 2290.0 1.6277 0.2490 1.6277 2.8984 2.1492
4590 2295.0 1.6484 0.0012 1.6484 2.9102 2.1928
4600 2300.0 1.6302 0.1962 1.6302 2.8206 2.3158
4610 2305.0 1.6304 0.1913 1.6304 2.7285 2.1741
4620 2310.0 1.5626 3.8189 1.5626 2.7198 2.0875
4630 2315.0 1.6053 0.9990 1.6053 2.7435 2.1631
4640 2320.0 1.6381 0.0705 1.6381 2.7172 2.3064
4650 2325.0 1.5783 2.5673 1.5783 2.7035 2.3015
4660 2330.0 1.6130 0.6844 1.6130 2.7704 2.1951
4670 2335.0 1.5967 1.4184 1.5967 2.8128 2.1632
4680 2340.0 1.6439 0.0188 1.6439 2.7177 2.2481
4690 2345.0 1.6470 0.0044 1.6470 2.6132 2.2477
4700 2350.0 1.5325 6.8981 1.5325 2.6292 2.1023
4710 2355.0 1.6503 0.0001 1.6503 2.5636 2.1335
4720 2360.0 1.6494 0.0002 1.6494 2.6181 2.1839
4730 2365.0 1.5664 3.4908 1.5664 2.7197 2.1972
4740 2370.0 1.6240 0.3388 1.6240 2.6017 2.2377
4750 2375.0 1.5936 1.5877 1.5936 2.5235 2.2683
4760 2380.0 1.6565 0.0210 1.6565 2.5144 2.2390
4770 2385.0 1.6050 1.0124 1.6050 2.7044 2.1019
4780 2390.0 1.5308 7.1058 1.5308 2.8720 2.0344
4790 2395.0 1.6549 0.0119 1.6549 2.7287 2.1025
4800 2400.0 1.6707 0.2138 1.6707 2.6256 2.1739
4810 2405.0 1.5449 5.5232 1.5449 2.7338 2.1720
4820 2410.0 1.6289 0.2227 1.6289 2.8309 2.1368
4830 2415.0 1.5810 2.3804 1.5810 2.8542 2.1933
4840 2420.0 1.7034 1.4278 1.7034 2.6941 2.3233
4850 2425.0 1.6199 0.4541 1.6199 2.7759 2.2856
4860 2430.0 1.6037 1.0706 1.6037 2.8127 2.2269
4870 2435.0 1.7457 4.5824 1.7457 2.7307 2.2447
4880 2440.0 1.6231 0.3606 1.6231 2.8888 2.1637
4890 2445.0 1.5976 1.3740 1.5976 2.9570 2.2029
4900 2450.0 1.7403 4.0758 1.7403 2.8146 2.3117
4910 2455.0 1.5560 4.4167 1.5560 2.8038 2.0684
4920 2460.0 1.5449 5.5215 1.5449 2.8192 1.9911
4930 2465.0 1.6736 0.2781 1.6736 2.8079 2.1548
4940 2470.0 1.6332 0.1411 1.6332 2.9024 2.3457
4950 2475.0 1.6038 1.0672 1.6038 2.9666 2.1739
4960 2480.0 1.7124 1.9449 1.7124 2.9819 2.0804
4970 2485.0 1.5823 2.2923 1.5823 3.1016 2.0904
4980 2490.0 1.5790 2.5209 1.5790 2.9170 2.3078
4990 2495.0 1.7035 1.4335 1.7035 2.8689 2.2587
5000 2500.0 1.5246 7.8666 1.5246 3.0417 2.1047
5010 2505.0 1.5491 5.0902 1.5491 2.9288 2.1084
5020 2510.0 1.6615 0.0660 1.6615 2.7169 2.3316
5030 2515.0 1.6990 1.2016 1.6990 2.7480 2.3474
5040 2520.0 1.5838 2.1889 1.5838 3.0061 2.2536
5050 2525.0 1.6353 0.1084 1.6353 3.0605 2.1027
5060 2530.0 1.6819 0.5078 1.6819 2.9899 2.1332
5070 2535.0 1.7632 6.4111 1.7632 2.8915 2.2769
5080 2540.0 1.7046 1.4922 1.7046 3.0010 2.2406
5090 2545.0 1.5656 3.5619 1.5656 3.1362 2.1728
5100 2550.0 1.6276 0.2518 1.6276 3.0891 2.2614
5110 2555.0 1.7501 5.0103 1.7501 3.0421 2.3780
5120 2560.0 1.6611 0.0614 1.6611 3.1742 2.2884
5130 2565.0 1.5834 2.2171 1.5834 3.3223 2.1687
5140 2570.0 1.6364 0.0927 1.6364 3.2001 2.2675
5150 2575.0 1.6492 0.0003 1.6492 3.0117 2.3333
5160 2580.0 1.6060 0.9663 1.6060 2.9342 2.2756
5170 2585.0 1.6087 0.8516 1.6087 2.9576 2.3086
5180 2590.0 1.6176 0.5240 1.6176 3.0604 2.3595
5190 2595.0 1.6480 0.0020 1.6480 3.1732 2.3118
5200 2600.0 1.6275 0.2537 1.6275 3.2133 2.2732
5210 2605.0 1.6603 0.0536 1.6603 3.1362 2.2873
5220 2610.0 1.6041 1.0527 1.6041 3.0470 2.3196
5230 2615.0 1.5980 1.3534 1.5980 3.0021 2.3498
5240 2620.0 1.6572 0.0263 1.6572 2.9790 2.4166
5250 2625.0 1.6458 0.0089 1.6458 3.0617 2.3986
5260 2630.0 1.6083 0.8708 1.6083 3.1865 2.3060
5270 2635.0 1.6152 0.6057 1.6152 3.2138 2.2701
5280 2640.0 1.6630 0.0839 1.6630 3.1027 2.3523
5290 2645.0 1.6506 0.0002 1.6506 3.0013 2.3886
5300 2650.0 1.5897 1.8169 1.5897 2.9567 2.3695
5310 2655.0 1.6245 0.3253 1.6245 2.9222 2.3816
5320 2660.0 1.6628 0.0821 1.6628 2.9144 2.3786
5330 2665.0 1.6537 0.0070 1.6537 2.9334 2.3291
5340 2670.0 1.6037 1.0717 1.6037 2.9865 2.2385
5350 2675.0 1.5732 2.9512 1.5732 2.9993 2.2635
5360 2680.0 1.6899 0.7961 1.6899 2.9975 2.3221
5370 2685.0 1.6688 0.1775 1.6688 3.0635 2.2591
5380 2690.0 1.5893 1.8435 1.5893 3.1072 2.1963
5390 2695.0 1.6552 0.0134 1.6552 3.0141 2.3083
5400 2700.0 1.6980 1.1506 1.6980 2.9693 2.2949
5410 2705.0 1.6070 0.9240 1.6070 3.0662 2.2316
5420 2710.0 1.5996 1.2682 1.5996 3.1644 2.2060
5430 2715.0 1.6732 0.2698 1.6732 3.2478 2.2370
5440 2720.0 1.6125 0.7041 1.6125 3.2698 2.2400
5450 2725.0 1.5999 1.2528 1.5999 3.2006 2.2358
5460 2730.0 1.6335 0.1358 1.6335 3.0975 2.2592
5470 2735.0 1.6215 0.4064 1.6215 2.9883 2.3624
5480 2740.0 1.6200 0.4509 1.6200 2.9535 2.3430
5490 2745.0 1.6805 0.4655 1.6805 2.9434 2.2942
5500 2750.0 1.5628 3.8045 1.5628 2.9937 2.2222
5510 2755.0 1.6308 0.1836 1.6308 2.9566 2.2936
5520 2760.0 1.6840 0.5774 1.6840 2.9498 2.3192
5530 2765.0 1.5417 5.8615 1.5417 2.9965 2.2946
5540 2770.0 1.6657 0.1229 1.6657 2.9863 2.3698
5550 2775.0 1.6756 0.3284 1.6756 3.0800 2.3260
5560 2780.0 1.5729 2.9692 1.5729 3.2141 2.2206
5570 2785.0 1.6438 0.0194 1.6438 3.0890 2.2953
5580 2790.0 1.6832 0.5512 1.6832 2.9418 2.3588
5590 2795.0 1.6172 0.5372 1.6172 2.9197 2.2489
5600 2800.0 1.5803 2.4317 1.5803 2.9147 2.1625
5610 2805.0 1.6466 0.0058 1.6466 2.8214 2.2241
5620 2810.0 1.7085 1.7113 1.7085 2.7464 2.2563
5630 2815.0 1.6275 0.2537 1.6275 2.7550 2.1801
5640 2820.0 1.5637 3.7274 1.5637 2.7459 2.1140
5650 2825.0 1.6498 0.0000 1.6498 2.6243 2.1433
5660 2830.0 1.6523 0.0025 1.6523 2.5601 2.1641
5670 2835.0 1.5820 2.3103 1.5820 2.5809 2.1481
5680 2840.0 1.6278 0.2474 1.6278 2.6064 2.1916
5690 2845.0 1.6625 0.0787 1.6625 2.6729 2.2356
5700 2850.0 1.5710 3.1202 1.5710 2.7777 2.1784
5710 2855.0 1.6427 0.0264 1.6427 2.7463 2.2652
5720 2860.0 1.6320 0.1617 1.6320 2.7332 2.2957
5730 2865.0 1.6061 0.9639 1.6061 2.7666 2.2990
5740 2870.0 1.6330 0.1441 1.6330 2.8014 2.3005
5750 2875.0 1.5714 3.0906 1.5714 2.8501 2.2926
5760 2880.0 1.6336 0.1344 1.6336 2.8748 2.3554
5770 2885.0 1.6115 0.7430 1.6115 2.9164 2.3791
5780 2890.0 1.6308 0.1842 1.6308 2.9516 2.3686
5790 2895.0 1.6788 0.4155 1.6788 3.0013 2.3367
5800 2900.0 1.5754 2.7854 1.5754 3.1071 2.2429
5810 2905.0 1.6282 0.2368 1.6282 3.1279 2.2675
5820 2910.0 1.7043 1.4763 1.7043 3.0824 2.3648
5830 2915.0 1.6715 0.2313 1.6715 3.0787 2.3131
5840 2920.0 1.5735 2.9297 1.5735 3.0416 2.2769
5850 2925.0 1.6390 0.0609 1.6390 2.8741 2.4031
5860 2930.0 1.6941 0.9713 1.6941 2.8101 2.4393
5870 2935.0 1.6078 0.8914 1.6078 2.9434 2.3742
5880 2940.0 1.5977 1.3681 1.5977 3.0578 2.2801
5890 2945.0 1.6628 0.0820 1.6628 3.0566 2.3135
5900 2950.0 1.6753 0.3202 1.6753 3.0414 2.3682
5910 2955.0 1.6399 0.0511 1.6399 3.0572 2.3481
5920 2960.0 1.6313 0.1755 1.6313 3.1206 2.2929
5930 2965.0 1.5555 4.4656 1.5555 3.1433 2.3273
5940 2970.0 1.6404 0.0464 1.6404 3.0758 2.4506
5950 2975.0 1.6882 0.7280 1.6882 3.0641 2.4291
5960 2980.0 1.5803 2.4299 1.5803 3.1749 2.3527
5970 2985.0 1.5834 2.2194 1.5834 3.3315 2.3166
5980 2990.0 1.6251 0.3090 1.6251 3.4469 2.2710
5990 2995.0 1.6335 0.1358 1.6335 3.4637 2.3184
6000 3000.0 1.6676 0.1553 1.6676 3.4275 2.3952
6010 3005.0 1.5837 2.1948 1.5837 3.3650 2.3452
6020 3010.0 1.6010 1.2013 1.6010 3.3219 2.3153
6030 3015.0 1.6680 0.1628 1.6680 3.4114 2.4951
6040 3020.0 1.5876 1.9460 1.5876 3.5834 2.3549
6050 3025.0 1.5802 2.4359 1.5802 3.5119 2.3646
6060 3030.0 1.6382 0.0690 1.6382 3.3675 2.4654
6070 3035.0 1.6487 0.0009 1.6487 3.2301 2.3374
6080 3040.0 1.5473 5.2723 1.5473 3.2738 2.2738
6090 3045.0 1.6112 0.7535 1.6112 3.3337 2.4053
6100 3050.0 1.6082 0.8742 1.6082 3.2471 2.4389
6110 3055.0 1.6192 0.4751 1.6192 3.0870 2.4307
6120 3060.0 1.6528 0.0040 1.6528 3.0250 2.4183
6130 3065.0 1.6326 0.1515 1.6326 3.0417 2.3643
6140 3070.0 1.6018 1.1610 1.6018 3.0767 2.2760
6150 3075.0 1.6089 0.8434 1.6089 3.0173 2.3106
6160 3080.0 1.6540 0.0079 1.6540 2.9350 2.2727
6170 3085.0 1.6432 0.0230 1.6432 3.0171 2.3166
6180 3090.0 1.6095 0.8194 1.6095 3.1812 2.2745
6190 3095.0 1.6111 0.7579 1.6111 3.2418 2.2833
6200 3100.0 1.6597 0.0472 1.6597 3.1707 2.3749
6210 3105.0 1.6483 0.0014 1.6483 3.1355 2.2574
6220 3110.0 1.5878 1.9331 1.5878 3.2098 2.2179
6230 3115.0 1.6259 0.2911 1.6259 3.3407 2.3310
6240 3120.0 1.6652 0.1152 1.6652 3.4032 2.3280
6250 3125.0 1.6716 0.2340 1.6716 3.4349 2.3219
6260 3130.0 1.6550 0.0126 1.6550 3.4406 2.2649
6270 3135.0 1.5864 2.0234 1.5864 3.3620 2.2809
6280 3140.0 1.6370 0.0844 1.6370 3.2224 2.3866
6290 3145.0 1.6799 0.4475 1.6799 3.1865 2.4267
6300 3150.0 1.6113 0.7483 1.6113 3.3195 2.2876
6310 3155.0 1.6578 0.0300 1.6578 3.4257 2.2020
6320 3160.0 1.7098 1.7851 1.7098 3.4238 2.2482
6330 3165.0 1.6637 0.0933 1.6637 3.3813 2.2918
6340 3170.0 1.5854 2.0893 1.5854 3.3423 2.2713
6350 3175.0 1.6984 1.1691 1.6984 3.2890 2.3516
6360 3180.0 1.6774 0.3759 1.6774 3.2509 2.3380
6370 3185.0 1.6117 0.7337 1.6117 3.2506 2.2424
6380 3190.0 1.6761 0.3400 1.6761 3.2055 2.3109
6390 3195.0 1.7221 2.6006 1.7221 3.2592 2.3511
6400 3200.0 1.6306 0.1877 1.6306 3.4468 2.2726
6410 3205.0 1.6006 1.2192 1.6006 3.5096 2.2583
6420 3210.0 1.6718 0.2380 1.6718 3.4176 2.3361
6430 3215.0 1.6740 0.2891 1.6740 3.3708 2.3889
6440 3220.0 1.6434 0.0215 1.6434 3.3957 2.4191
6450 3225.0 1.6128 0.6937 1.6128 3.4060 2.4002
6460 3230.0 1.6050 1.0108 1.6050 3.4200 2.4263
6470 3235.0 1.6363 0.0939 1.6363 3.4577 2.4110
6480 3240.0 1.6342 0.1255 1.6342 3.4837 2.4343
6490 3245.0 1.5985 1.3277 1.5985 3.4465 2.3577
6500 3250.0 1.5662 3.5133 1.5662 3.4295 2.3855
6510 3255.0 1.6264 0.2796 1.6264 3.3596 2.4256
6520 3260.0 1.6270 0.2655 1.6270 3.3269 2.2960
6530 3265.0 1.6500 0.0000 1.6500 3.2888 2.3712
6540 3270.0 1.6027 1.1203 1.6027 3.3002 2.3469
6550 3275.0 1.5617 3.8960 1.5617 3.2718 2.3241
6560 3280.0 1.6811 0.4847 1.6811 3.2625 2.3695
6570 3285.0 1.6201 0.4473 1.6201 3.3822 2.3519
6580 3290.0 1.6445 0.0154 1.6445 3.3588 2.3362
6590 3295.0 1.6376 0.0765 1.6376 3.2661 2.2120
6600 3300.0 1.6507 0.0003 1.6507 3.2538 2.1600
6610 3305.0 1.6541 0.0083 1.6541 3.2965 2.2223
6620 3310.0 1.7033 1.4210 1.7033 3.3374 2.2120
6630 3315.0 1.7067 1.6076 1.7067 3.3377 2.2015
6640 3320.0 1.5963 1.4425 1.5963 3.3830 2.1662
6650 3325.0 1.6086 0.8570 1.6086 3.3326 2.2669
6660 3330.0 1.7009 1.2954 1.7009 3.2241 2.2884
6670 3335.0 1.6481 0.0017 1.6481 3.2718 2.2769
6680 3340.0 1.5741 2.8833 1.5741 3.3556 2.2906
6690 3345.0 1.5903 1.7824 1.5903 3.3029 2.3254
6700 3350.0 1.6879 0.7200 1.6879 3.2260 2.2983
6710 3355.0 1.6300 0.2002 1.6300 3.2699 2.3045
6720 3360.0 1.6461 0.0077 1.6461 3.3614 2.3068
6730 3365.0 1.6285 0.2303 1.6285 3.4532 2.2603
6740 3370.0 1.6139 0.6524 1.6139 3.4154 2.3432
6750 3375.0 1.6670 0.1449 1.6670 3.3113 2.4199
6760 3380.0 1.6382 0.0694 1.6382 3.3228 2.3640
6770 3385.0 1.5772 2.6513 1.5772 3.4432 2.3271
6780 3390.0 1.5925 1.6513 1.5925 3.5165 2.3051
6790 3395.0 1.6352 0.1102 1.6352 3.4792 2.4365
6800 3400.0 1.6722 0.2472 1.6722 3.4151 2.4052
6810 3405.0 1.6058 0.9774 1.6058 3.4692 2.3800
6820 3410.0 1.5357 6.5285 1.5357 3.5118 2.3153
6830 3415.0 1.6291 0.2190 1.6291 3.4433 2.3067
6840 3420.0 1.6490 0.0005 1.6490 3.4306 2.2928
6850 3425.0 1.6284 0.2324 1.6284 3.5009 2.3953
6860 3430.0 1.5587 4.1662 1.5587 3.5108 2.2840
6870 3435.0 1.6010 1.1990 1.6010 3.4121 2.3226
6880 3440.0 1.6415 0.0363 1.6415 3.3204 2.2758
6890 3445.0 1.6488 0.0007 1.6488 3.3156 2.3163
6900 3450.0 1.6222 0.3862 1.6222 3.3574 2.2886
6910 3455.0 1.5686 3.3144 1.5686 3.3585 2.2095
6920 3460.0 1.6614 0.0653 1.6614 3.2510 2.3254
6930 3465.0 1.6595 0.0454 1.6595 3.2085 2.3776
6940 3470.0 1.6116 0.7363 1.6116 3.2180 2.3197
6950 3475.0 1.6041 1.0530 1.6041 3.2133 2.2542
6960 3480.0 1.6238 0.3435 1.6238 3.1713 2.3227
6970 3485.0 1.7070 1.6219 1.7070 3.1685 2.4237
6980 3490.0 1.6490 0.0005 1.6490 3.3116 2.3479
6990 3495.0 1.6062 0.9591 1.6062 3.4140 2.2392
7000 3500.0 1.6170 0.5432 1.6170 3.3485 2.2968
7010 3505.0 1.6506 0.0002 1.6506 3.2557 2.3215
7020 3510.0 1.6296 0.2079 1.6296 3.2909 2.2887
7030 3515.0 1.6163 0.5670 1.6163 3.4244 2.3524
7040 3520.0 1.6085 0.8613 1.6085 3.4588 2.3199
7050 3525.0 1.6269 0.2666 1.6269 3.3736 2.3483
7060 3530.0 1.6706 0.2126 1.6706 3.2915 2.4329
7070 3535.0 1.6761 0.3398 1.6761 3.2967 2.4257
7080 3540.0 1.6120 0.7222 1.6120 3.4384 2.3139
7090 3545.0 1.5660 3.5320 1.5660 3.5572 2.2707
7100 3550.0 1.6594 0.0443 1.6594 3.4409 2.3065
7110 3555.0 1.6949 1.0066 1.6949 3.3409 2.3829
7120 3560.0 1.6262 0.2837 1.6262 3.3864 2.3241
7130 3565.0 1.5937 1.5865 1.5937 3.4303 2.2409
7140 3570.0 1.6413 0.0380 1.6413 3.3607 2.3502
7150 3575.0 1.7059 1.5631 1.7059 3.2985 2.3537
7160 3580.0 1.6762 0.3433 1.6762 3.4106 2.2698
7170 3585.0 1.5743 2.8689 1.5743 3.5689 2.2245
7180 3590.0 1.6032 1.0944 1.6032 3.5182 2.2798
7190 3595.0 1.6868 0.6762 1.6868 3.4250 2.4072
7200 3600.0 1.6832 0.5498 1.6832 3.4145 2.3947
7210 3605.0 1.6399 0.0509 1.6399 3.5064 2.2487
7220 3610.0 1.6258 0.2929 1.6258 3.5316 2.2075
7230 3615.0 1.6707 0.2153 1.6707 3.3723 2.3552
7240 3620.0 1.7037 1.4392 1.7037 3.2008 2.3320
7250 3625.0 1.5743 2.8667 1.5743 3.2148 2.2355
7260 3630.0 1.6059 0.9724 1.6059 3.2666 2.3276
7270 3635.0 1.6795 0.4361 1.6795 3.3086 2.3643
7280 3640.0 1.6932 0.9331 1.6932 3.3874 2.3547
7290 3645.0 1.6772 0.3686 1.6772 3.4116 2.2963
7300 3650.0 1.6563 0.0200 1.6563 3.4708 2.2587
7310 3655.0 1.6685 0.1715 1.6685 3.4163 2.3040
7320 3660.0 1.6632 0.0877 1.6632 3.3018 2.3564
7330 3665.0 1.5656 3.5623 1.5656 3.2601 2.2619
7340 3670.0 1.6211 0.4179 1.6211 3.2599 2.3175
7350 3675.0 1.6600 0.0497 1.6600 3.3494 2.4060
7360 3680.0 1.6144 0.6323 1.6144 3.4989 2.3007
7370 3685.0 1.5992 1.2902 1.5992 3.5429 2.2731
7380 3690.0 1.6306 0.1881 1.6306 3.4228 2.3955
7390 3695.0 1.6377 0.0752 1.6377 3.3434 2.3860
7400 3700.0 1.6071 0.9223 1.6071 3.3508 2.3606
7410 3705.0 1.6146 0.6278 1.6146 3.3743 2.3922
7420 3710.0 1.6466 0.0057 1.6466 3.3941 2.3803
7430 3715.0 1.6593 0.0434 1.6593 3.3961 2.3623
7440 3720.0 1.6210 0.4219 1.6210 3.3985 2.3118
7450 3725.0 1.6181 0.5098 1.6181 3.3637 2.3389
7460 3730.0 1.6759 0.3344 1.6759 3.2838 2.3745
7470 3735.0 1.6187 0.4888 1.6187 3.2845 2.2993
7480 3740.0 1.5967 1.4183 1.5967 3.3163 2.3051
7490 3745.0 1.6865 0.6661 1.6865 3.2840 2.3882
7500 3750.0 1.6809 0.4779 1.6809 3.3686 2.3937
7510 3755.0 1.6143 0.6364 1.6143 3.5192 2.2565
7520 3760.0 1.6268 0.2684 1.6268 3.5300 2.2912
7530 3765.0 1.6615 0.0659 1.6615 3.4391 2.4014
7540 3770.0 1.6538 0.0071 1.6538 3.4125 2.4384
7550 3775.0 1.5940 1.5698 1.5940 3.4503 2.3873
7560 3780.0 1.6100 0.8014 1.6100 3.4062 2.3665
7570 3785.0 1.6595 0.0456 1.6595 3.2176 2.3727
7580 3790.0 1.6459 0.0084 1.6459 3.1684 2.4026
7590 3795.0 1.6764 0.3497 1.6764 3.2834 2.3369
7600 3800.0 1.5953 1.4955 1.5953 3.4486 2.3146
7610 3805.0 1.6205 0.4360 1.6205 3.4226 2.3406
7620 3810.0 1.6890 0.7611 1.6890 3.3651 2.3122
7630 3815.0 1.5953 1.4983 1.5953 3.4968 2.2888
7640 3820.0 1.6008 1.2105 1.6008 3.5780 2.2813
7650 3825.0 1.6376 0.0775 1.6376 3.4969 2.2729
7660 3830.0 1.6280 0.2411 1.6280 3.4141 2.2927
7670 3835.0 1.7201 2.4602 1.7201 3.4259 2.3668
7680 3840.0 1.6631 0.0859 1.6631 3.6267 2.2565
7690 3845.0 1.5689 3.2863 1.5689 3.6953 2.1681
7700 3850.0 1.6739 0.2845 1.6739 3.6027 2.3092
7710 3855.0 1.7385 3.9198 1.7385 3.5163 2.4385
7720 3860.0 1.6157 0.5897 1.6157 3.5666 2.3286
7730 3865.0 1.5827 2.2652 1.5827 3.6276 2.2484
7740 3870.0 1.6191 0.4780 1.6191 3.6060 2.3473
7750 3875.0 1.6460 0.0080 1.6460 3.5834 2.3539
7760 3880.0 1.6715 0.2301 1.6715 3.5659 2.4112
7770 3885.0 1.6081 0.8777 1.6081 3.5715 2.3159
7780 3890.0 1.5840 2.1799 1.5840 3.5211 2.3335
7790 3895.0 1.6956 1.0412 1.6956 3.4693 2.4272
7800 3900.0 1.6872 0.6929 1.6872 3.5522 2.4201
7810 3905.0 1.6045 1.0355 1.6045 3.6831 2.2716
7820 3910.0 1.6173 0.5352 1.6173 3.6014 2.2850
7830 3915.0 1.6780 0.3929 1.6780 3.4225 2.4359
7840 3920.0 1.6978 1.1406 1.6978 3.3457 2.3693
7850 3925.0 1.6001 1.2455 1.6001 3.4608 2.2980
7860 3930.0 1.5988 1.3116 1.5988 3.5075 2.3182
7870 3935.0 1.6566 0.0217 1.6566 3.4149 2.3448
7880 3940.0 1.6602 0.0517 1.6602 3.3567 2.3146
7890 3945.0 1.6590 0.0407 1.6590 3.3305 2.2777
7900 3950.0 1.6061 0.9653 1.6061 3.2923 2.3189
7910 3955.0 1.6089 0.8448 1.6089 3.2289 2.2983
7920 3960.0 1.6798 0.4451 1.6798 3.1221 2.3503
7930 3965.0 1.6323 0.1559 1.6323 3.1797 2.3695
7940 3970.0 1.5878 1.9347 1.5878 3.3083 2.2148
7950 3975.0 1.5936 1.5921 1.5936 3.2684 2.2775
7960 3980.0 1.6725 0.2529 1.6725 3.0805 2.4421
7970 3985.0 1.6244 0.3284 1.6244 3.0424 2.2499
7980 3990.0 1.5982 1.3424 1.5982 3.1002 2.2005
7990 3995.0 1.6211 0.4178 1.6211 3.1717 2.3538
8000 4000.0 1.5893 1.8446 1.5893 3.2185 2.3633
8010 4005.0 1.6398 0.0515 1.6398 3.1414 2.3630
8020 4010.0 1.6035 1.0792 1.6035 3.1161 2.3454
8030 4015.0 1.6582 0.0339 1.6582 3.1903 2.3109
8040 4020.0 1.6088 0.8489 1.6088 3.3318 2.3230
8050 4025.0 1.6245 0.3248 1.6245 3.3397 2.2912
8060 4030.0 1.6913 0.8519 1.6913 3.2694 2.3406
8070 4035.0 1.6503 0.0000 1.6503 3.3338 2.2193
8080 4040.0 1.6129 0.6867 1.6129 3.4169 2.1670
8090 4045.0 1.6629 0.0828 1.6629 3.3903 2.3144
8100 4050.0 1.6538 0.0074 1.6538 3.2922 2.2689
8110 4055.0 1.6341 0.1258 1.6341 3.3672 2.2528
8120 4060.0 1.6279 0.2453 1.6279 3.4931 2.3330
8130 4065.0 1.6429 0.0253 1.6429 3.5551 2.2017
8140 4070.0 1.6013 1.1867 1.6013 3.5554 2.1969
8150 4075.0 1.6490 0.0005 1.6490 3.4182 2.3643
8160 4080.0 1.6602 0.0523 1.6602 3.3372 2.3886
8170 4085.0 1.5743 2.8673 1.5743 3.4050 2.4093
8180 4090.0 1.6582 0.0337 1.6582 3.5465 2.3338
8190 4095.0 1.6516 0.0013 1.6516 3.6516 2.2469
8200 4100.0 1.6075 0.9050 1.6075 3.6080 2.2522
8210 4105.0 1.6214 0.4082 1.6214 3.4211 2.4409
8220 4110.0 1.6507 0.0003 1.6507 3.3187 2.4794
8230 4115.0 1.6096 0.8162 1.6096 3.3655 2.4637
8240 4120.0 1.6018 1.1621 1.6018 3.5265 2.3898
8250 4125.0 1.6218 0.3980 1.6218 3.6392 2.3679
8260 4130.0 1.6455 0.0102 1.6455 3.6318 2.4049
8270 4135.0 1.6550 0.0123 1.6550 3.5327 2.4428
8280 4140.0 1.5908 1.7526 1.5908 3.4427 2.4175
8290 4145.0 1.5882 1.9090 1.5882 3.3531 2.3523
8300 4150.0 1.6746 0.3035 1.6746 3.3079 2.4024
8310 4155.0 1.6628 0.0818 1.6628 3.3966 2.4438
8320 4160.0 1.5963 1.4394 1.5963 3.5467 2.2616
8330 4165.0 1.5945 1.5393 1.5945 3.5375 2.2490
8340 4170.0 1.6603 0.0532 1.6603 3.3575 2.3687
8350 4175.0 1.6698 0.1959 1.6698 3.2830 2.2832
8360 4180.0 1.6188 0.4863 1.6188 3.3723 2.2685
8370 4185.0 1.6206 0.4327 1.6206 3.5501 2.2396
8380 4190.0 1.6362 0.0956 1.6362 3.6664 2.2459
8390 4195.0 1.6791 0.4220 1.6791 3.6443 2.3562
8400 4200.0 1.6709 0.2181 1.6709 3.6290 2.3704
8410 4205.0 1.5798 2.4621 1.5798 3.6609 2.3248
8420 4210.0 1.6348 0.1150 1.6348 3.6593 2.3963
8430 4215.0 1.6898 0.7937 1.6898 3.7013 2.4929
8440 4220.0 1.6253 0.3058 1.6253 3.7705 2.3785
8450 4225.0 1.5784 2.5609 1.5784 3.8669 2.3043
8460 4230.0 1.6115 0.7396 1.6115 3.8467 2.4096
8470 4235.0 1.6382 0.0694 1.6382 3.7861 2.2947
8480 4240.0 1.6362 0.0952 1.6362 3.8404 2.2838
8490 4245.0 1.6207 0.4289 1.6207 3.8155 2.3742
8500 4250.0 1.6238 0.3435 1.6238 3.7287 2.3516
8510 4255.0 1.6814 0.4937 1.6814 3.6221 2.4232
8520 4260.0 1.6985 1.1783 1.6985 3.6244 2.3707
8530 4265.0 1.6203 0.4421 1.6203 3.7488 2.2206
8540 4270.0 1.6257 0.2956 1.6257 3.7623 2.2103
8550 4275.0 1.6760 0.3382 1.6760 3.6870 2.2560
8560 4280.0 1.6475 0.0032 1.6475 3.6615 2.2506
8570 4285.0 1.6331 0.1436 1.6331 3.6532 2.2681
8580 4290.0 1.6520 0.0019 1.6520 3.5894 2.2312
8590 4295.0 1.6955 1.0368 1.6955 3.5228 2.2441
8600 4300.0 1.6828 0.5365 1.6828 3.4794 2.2553
8610 4305.0 1.6555 0.0150 1.6555 3.4736 2.2668
8620 4310.0 1.6657 0.1234 1.6657 3.4962 2.3083
8630 4315.0 1.6195 0.4665 1.6195 3.5958 2.3164
8640 4320.0 1.6005 1.2232 1.6005 3.6322 2.3256
8650 4325.0 1.6654 0.1189 1.6654 3.5399 2.3272
8660 4330.0 1.6471 0.0042 1.6471 3.4932 2.2912
8670 4335.0 1.6665 0.1368 1.6665 3.4375 2.2904
8680 4340.0 1.6677 0.1566 1.6677 3.4119 2.2945
8690 4345.0 1.6760 0.3380 1.6760 3.4044 2.3460
8700 4350.0 1.6608 0.0583 1.6608 3.4936 2.3693
8710 4355.0 1.5905 1.7723 1.5905 3.5583 2.3378
8720 4360.0 1.6284 0.2339 1.6284 3.5208 2.3586
8730 4365.0 1.6903 0.8134 1.6903 3.4772 2.4302
8740 4370.0 1.6511 0.0006 1.6511 3.5317 2.3711
8750 4375.0 1.6005 1.2228 1.6005 3.6468 2.2395
8760 4380.0 1.6458 0.0087 1.6458 3.6066 2.3433
8770 4385.0 1.7008 1.2908 1.7008 3.5829 2.4623
8780 4390.0 1.6180 0.5106 1.6180 3.6778 2.3796
8790 4395.0 1.5865 2.0169 1.5865 3.7713 2.3052
8800 4400.0 1.6880 0.7233 1.6880 3.6984 2.3454
8810 4405.0 1.7069 1.6178 1.7069 3.6683 2.3603
8820 4410.0 1.6616 0.0676 1.6616 3.7543 2.2726
8830 4415.0 1.6552 0.0135 1.6552 3.7837 2.2286
8840 4420.0 1.6143 0.6366 1.6143 3.7995 2.2667
8850 4425.0 1.6648 0.1090 1.6648 3.7046 2.1927
8860 4430.0 1.7130 1.9863 1.7130 3.6569 2.2256
8870 4435.0 1.6682 0.1648 1.6682 3.7644 2.2658
8880 4440.0 1.6046 1.0309 1.6046 3.8882 2.1232
8890 4445.0 1.6448 0.0134 1.6448 3.7843 2.2426
8900 4450.0 1.7421 4.2397 1.7421 3.6034 2.3538
8910 4455.0 1.7030 1.4029 1.7030 3.6703 2.3390
8920 4460.0 1.5960 1.4599 1.5960 3.7740 2.2492
8930 4465.0 1.6100 0.8012 1.6100 3.7183 2.2794
8940 4470.0 1.6706 0.2117 1.6706 3.5790 2.3893
8950 4475.0 1.6592 0.0419 1.6592 3.5395 2.4494
8960 4480.0 1.6221 0.3893 1.6221 3.6297 2.3922
8970 4485.0 1.6035 1.0792 1.6035 3.6708 2.3810
8980 4490.0 1.5968 1.4143 1.5968 3.5758 2.3779
8990 4495.0 1.6511 0.0006 1.6511 3.4913 2.4112
9000 4500.0 1.6127 0.6952 1.6127 3.5285 2.3914
9010 4505.0 1.6227 0.3720 1.6227 3.6379 2.3945
9020 4510.0 1.6143 0.6369 1.6143 3.6946 2.3662
9030 4515.0 1.6250 0.3129 1.6250 3.6588 2.4102
9040 4520.0 1.6215 0.4056 1.6215 3.5456 2.3391
9050 4525.0 1.6141 0.6430 1.6141 3.5233 2.2801
9060 4530.0 1.6258 0.2918 1.6258 3.6377 2.3924
9070 4535.0 1.5924 1.6616 1.5924 3.7424 2.3489
9080 4540.0 1.6292 0.2166 1.6292 3.6485 2.4018
9090 4545.0 1.6190 0.4806 1.6190 3.5176 2.2542
9100 4550.0 1.6131 0.6813 1.6131 3.4779 2.2544
9110 4555.0 1.6299 0.2021 1.6299 3.5683 2.3774
9120 4560.0 1.5876 1.9441 1.5876 3.7217 2.3724
9130 4565.0 1.6298 0.2040 1.6298 3.6994 2.3652
9140 4570.0 1.6043 1.0449 1.6043 3.6184 2.4109
9150 4575.0 1.6721 0.2440 1.6721 3.5431 2.4277
9160 4580.0 1.5989 1.3035 1.5989 3.5460 2.2750
9170 4585.0 1.6232 0.3593 1.6232 3.6088 2.2999
9180 4590.0 1.6467 0.0055 1.6467 3.7133 2.2765
9190 4595.0 1.6305 0.1892 1.6305 3.7116 2.2564
9200 4600.0 1.6865 0.6649 1.6865 3.5699 2.3641
9210 4605.0 1.7000 1.2487 1.7000 3.4918 2.4143
9220 4610.0 1.6462 0.0074 1.6462 3.5421 2.3474
9230 4615.0 1.6301 0.1973 1.6301 3.6466 2.3261
9240 4620.0 1.6379 0.0727 1.6379 3.6165 2.2187
9250 4625.0 1.6152 0.6067 1.6152 3.5771 2.1794
9260 4630.0 1.6274 0.2564 1.6274 3.5998 2.2338
9270 4635.0 1.6391 0.0591 1.6391 3.6458 2.3461
9280 4640.0 1.6230 0.3634 1.6230 3.5823 2.4499
9290 4645.0 1.6320 0.1620 1.6320 3.5439 2.4815
9300 4650.0 1.6309 0.1827 1.6309 3.5626 2.4809
9310 4655.0 1.6320 0.1617 1.6320 3.6173 2.4707
9320 4660.0 1.6316 0.1684 1.6316 3.6496 2.4262
9330 4665.0 1.5923 1.6641 1.5923 3.6052 2.3384
9340 4670.0 1.5913 1.7227 1.5913 3.5785 2.3247
9350 4675.0 1.6342 0.1246 1.6342 3.5933 2.4152
9360 4680.0 1.6425 0.0283 1.6425 3.6483 2.3860
9370 4685.0 1.6434 0.0221 1.6434 3.6303 2.3798
9380 4690.0 1.6550 0.0126 1.6550 3.5618 2.3732
9390 4695.0 1.6403 0.0468 1.6403 3.4472 2.3832
9400 4700.0 1.6928 0.9140 1.6928 3.3856 2.3867
9410 4705.0 1.6833 0.5553 1.6833 3.4052 2.3024
9420 4710.0 1.6415 0.0362 1.6415 3.4407 2.2056
9430 4715.0 1.6448 0.0134 1.6448 3.3672 2.1938
9440 4720.0 1.6673 0.1497 1.6673 3.2320 2.1875
9450 4725.0 1.6563 0.0197 1.6563 3.1706 2.1281
9460 4730.0 1.6086 0.8552 1.6086 3.2108 2.1564
9470 4735.0 1.6301 0.1980 1.6301 3.3073 2.3190
9480 4740.0 1.6262 0.2842 1.6262 3.3951 2.3790
9490 4745.0 1.6420 0.0318 1.6420 3.4157 2.3979
9500 4750.0 1.6357 0.1021 1.6357 3.4289 2.4044
9510 4755.0 1.6534 0.0056 1.6534 3.4296 2.4376
9520 4760.0 1.6274 0.2549 1.6274 3.4040 2.4086
9530 4765.0 1.6073 0.9115 1.6073 3.3218 2.3124
9540 4770.0 1.5348 6.6328 1.5348 3.2278 2.1612
9550 4775.0 1.6926 0.9070 1.6926 3.1318 2.3060
9560 4780.0 1.6969 1.0979 1.6969 3.2127 2.4622
9570 4785.0 1.5849 2.1181 1.5849 3.4267 2.2359
9580 4790.0 1.5668 3.4607 1.5668 3.3923 2.1950
9590 4795.0 1.6533 0.0054 1.6533 3.0921 2.3963
9600 4800.0 1.6805 0.4666 1.6805 2.8676 2.3084
9610 4805.0 1.5728 2.9828 1.5728 2.9010 2.2269
9620 4810.0 1.6172 0.5369 1.6172 3.0072 2.3561
9630 4815.0 1.6675 0.1531 1.6675 3.1333 2.2928
9640 4820.0 1.6310 0.1796 1.6310 3.2895 2.2035
9650 4825.0 1.6860 0.6496 1.6860 3.2378 2.2830
9660 4830.0 1.7378 3.8568 1.7378 3.1517 2.3285
9670 4835.0 1.6773 0.3735 1.6773 3.1113 2.2410
9680 4840.0 1.5562 4.3963 1.5562 3.0368 2.2145
9690 4845.0 1.6245 0.3252 1.6245 2.8416 2.2144
9700 4850.0 1.7312 3.2943 1.7312 2.7691 2.2790
9710 4855.0 1.6151 0.6074 1.6151 2.9463 2.2773
9720 4860.0 1.5741 2.8789 1.5741 3.1558 2.1379
9730 4865.0 1.6650 0.1130 1.6650 3.2081 2.1834
9740 4870.0 1.6871 0.6889 1.6871 3.1630 2.3342
9750 4875.0 1.6903 0.8138 1.6903 3.1121 2.4163
9760 4880.0 1.6209 0.4228 1.6209 3.1257 2.3453
9770 4885.0 1.5873 1.9657 1.5873 3.1262 2.3140
9780 4890.0 1.6763 0.3455 1.6763 3.1140 2.3712
9790 4895.0 1.6352 0.1100 1.6352 3.1435 2.3519
9800 4900.0 1.6285 0.2301 1.6285 3.1923 2.3103
9810 4905.0 1.6667 0.1391 1.6667 3.1991 2.3543
9820 4910.0 1.6039 1.0644 1.6039 3.2626 2.3558
9830 4915.0 1.6044 1.0384 1.6044 3.2439 2.2531
9840 4920.0 1.6567 0.0225 1.6567 3.1676 2.3028
9850 4925.0 1.6619 0.0704 1.6619 3.1564 2.4000
9860 4930.0 1.6235 0.3501 1.6235 3.2024 2.2438
9870 4935.0 1.6309 0.1829 1.6309 3.1309 2.2532
9880 4940.0 1.6747 0.3045 1.6747 3.1045 2.3077
9890 4945.0 1.6127 0.6975 1.6127 3.1899 2.2753
9900 4950.0 1.6211 0.4163 1.6211 3.1648 2.3015
9910 4955.0 1.6765 0.3519 1.6765 3.0668 2.3340
9920 4960.0 1.6624 0.0773 1.6624 3.0971 2.2540
9930 4965.0 1.6118 0.7297 1.6118 3.1695 2.1871
9940 4970.0 1.6231 0.3625 1.6231 3.1195 2.2616
9950 4975.0 1.6714 0.2282 1.6714 3.0438 2.2403
9960 4980.0 1.6407 0.0430 1.6407 3.1197 2.3077
9970 4985.0 1.5872 1.9717 1.5872 3.2169 2.2398
9980 4990.0 1.6287 0.2263 1.6287 3.1460 2.2957
9990 4995.0 1.6364 0.0919 1.6364 3.0804 2.2997
10000 5000.0 1.6246 0.3228 1.6246 3.1430 2.3134
10010 5005.0 1.6117 0.7323 1.6117 3.1917 2.3696
10020 5010.0 1.6240 0.3392 1.6240 3.1679 2.3911
10030 5015.0 1.6569 0.0241 1.6569 3.0900 2.4168
10040 5020.0 1.6272 0.2594 1.6272 3.0934 2.3771
10050 5025.0 1.6152 0.6043 1.6152 3.1625 2.3470
10060 5030.0 1.6172 0.5371 1.6172 3.2279 2.3474
10070 5035.0 1.6500 0.0000 1.6500 3.2139 2.3996
10080 5040.0 1.6458 0.0090 1.6458 3.2226 2.3686
10090 5045.0 1.6096 0.8143 1.6096 3.2668 2.3248
10100 5050.0 1.6375 0.0776 1.6375 3.2766 2.3678
10110 5055.0 1.6638 0.0955 1.6638 3.3095 2.3883
10120 5060.0 1.6260 0.2874 1.6260 3.4190 2.2994
10130 5065.0 1.6533 0.0054 1.6533 3.3863 2.2823
10140 5070.0 1.6892 0.7676 1.6892 3.3387 2.3071
10150 5075.0 1.6828 0.5379 1.6828 3.3807 2.2752
10160 5080.0 1.6329 0.1468 1.6329 3.4752 2.2241
10170 5085.0 1.6626 0.0790 1.6626 3.4462 2.2752
10180 5090.0 1.6825 0.5268 1.6825 3.4181 2.2985
10190 5095.0 1.6565 0.0208 1.6565 3.4143 2.2803
10200 5100.0 1.6318 0.1649 1.6318 3.3793 2.2838
10210 5105.0 1.6281 0.2396 1.6281 3.2842 2.3282
10220 5110.0 1.6601 0.0513 1.6601 3.2329 2.2926
10230 5115.0 1.5977 1.3652 1.5977 3.2805 2.2125
10240 5120.0 1.5957 1.4744 1.5957 3.2957 2.2372
10250 5125.0 1.6363 0.0937 1.6363 3.1862 2.3203
10260 5130.0 1.6379 0.0732 1.6379 3.1617 2.4074
10270 5135.0 1.6264 0.2781 1.6264 3.2567 2.3648
10280 5140.0 1.5813 2.3601 1.5813 3.3244 2.3621
10290 5145.0 1.6502 0.0000 1.6502 3.2276 2.3609
10300 5150.0 1.6452 0.0114 1.6452 3.1703 2.3838
10310 5155.0 1.5937 1.5860 1.5937 3.2222 2.3498
10320 5160.0 1.6177 0.5210 1.6177 3.3227 2.3399
10330 5165.0 1.6261 0.2864 1.6261 3.3845 2.3530
10340 5170.0 1.6690 0.1800 1.6690 3.3862 2.3568
10350 5175.0 1.6714 0.2294 1.6714 3.4077 2.3286
10360 5180.0 1.6161 0.5732 1.6161 3.4682 2.2910
10370 5185.0 1.6223 0.3830 1.6223 3.4674 2.3403
10380 5190.0 1.6909 0.8357 1.6909 3.4046 2.3382
10390 5195.0 1.6563 0.0197 1.6563 3.5165 2.3277
10400 5200.0 1.5887 1.8762 1.5887 3.6812 2.2701
10410 5205.0 1.6567 0.0225 1.6567 3.6712 2.2634
10420 5210.0 1.6997 1.2333 1.6997 3.6252 2.3319
10430 5215.0 1.6427 0.0270 1.6427 3.6916 2.3329
10440 5220.0 1.5992 1.2924 1.5992 3.7524 2.3302
10450 5225.0 1.6510 0.0005 1.6510 3.6205 2.3415
10460 5230.0 1.6438 0.0189 1.6438 3.5333 2.3036
10470 5235.0 1.6218 0.3989 1.6218 3.5746 2.3270
10480 5240.0 1.6137 0.6577 1.6137 3.6302 2.2916
10490 5245.0 1.6323 0.1562 1.6323 3.5685 2.3807
10500 5250.0 1.6698 0.1952 1.6698 3.4865 2.3160
10510 5255.0 1.5751 2.8055 1.5751 3.5410 2.2060
10520 5260.0 1.6208 0.4258 1.6208 3.4999 2.3212
10530 5265.0 1.6585 0.0365 1.6585 3.4471 2.3450
10540 5270.0 1.6555 0.0152 1.6555 3.4081 2.3347
10550 5275.0 1.6649 0.1113 1.6649 3.3958 2.2992
10560 5280.0 1.6069 0.9293 1.6069 3.4644 2.2916
10570 5285.0 1.6018 1.1600 1.6018 3.4735 2.2427
10580 5290.0 1.6686 0.1721 1.6686 3.4472 2.3490
10590 5295.0 1.6420 0.0317 1.6420 3.5376 2.3152
10600 5300.0 1.6271 0.2623 1.6271 3.5933 2.1829
10610 5305.0 1.6181 0.5087 1.6181 3.5113 2.2506
10620 5310.0 1.6525 0.0031 1.6525 3.3075 2.3141
10630 5315.0 1.6433 0.0227 1.6433 3.2492 2.3862
10640 5320.0 1.6131 0.6822 1.6131 3.3263 2.4328
10650 5325.0 1.6107 0.7741 1.6107 3.4480 2.3258
10660 5330.0 1.6071 0.9183 1.6071 3.4354 2.3462
10670 5335.0 1.6302 0.1951 1.6302 3.2904 2.4720
10680 5340.0 1.6067 0.9383 1.6067 3.1930 2.4118
10690 5345.0 1.5955 1.4842 1.5955 3.2559 2.3583
10700 5350.0 1.5950 1.5111 1.5950 3.3431 2.4709
10710 5355.0 1.5287 7.3573 1.5287 3.3958 2.3912
10720 5360.0 1.6122 0.7131 1.6122 3.3160 2.4769
10730 5365.0 1.6387 0.0636 1.6387 3.2248 2.3283
10740 5370.0 1.5870 1.9872 1.5870 3.2487 2.3291
10750 5375.0 1.5425 5.7826 1.5425 3.3092 2.2960
10760 5380.0 1.6175 0.5285 1.6175 3.3011 2.3949
10770 5385.0 1.6488 0.0007 1.6488 3.3106 2.4594
10780 5390.0 1.6330 0.1441 1.6330 3.3508 2.4562
10790 5395.0 1.5939 1.5741 1.5939 3.3692 2.3450
10800 5400.0 1.6251 0.3095 1.6251 3.3070 2.3123
10810 5405.0 1.6458 0.0089 1.6458 3.2328 2.3315
10820 5410.0 1.6054 0.9955 1.6054 3.2444 2.2657
10830 5415.0 1.6513 0.0009 1.6513 3.2561 2.3319
10840 5420.0 1.6589 0.0393 1.6589 3.3170 2.2888
10850 5425.0 1.6280 0.2416 1.6280 3.3992 2.1937
10860 5430.0 1.6807 0.4720 1.6807 3.3810 2.2496
10870 5435.0 1.6626 0.0792 1.6626 3.3441 2.3015
10880 5440.0 1.5927 1.6430 1.5927 3.3364 2.2636
10890 5445.0 1.6617 0.0684 1.6617 3.3348 2.2737
10900 5450.0 1.6721 0.2436 1.6721 3.4539 2.3177
10910 5455.0 1.6306 0.1890 1.6306 3.5913 2.2128
10920 5460.0 1.6383 0.0685 1.6383 3.6036 2.1363
10930 5465.0 1.6557 0.0161 1.6557 3.5391 2.1698
10940 5470.0 1.6493 0.0003 1.6493 3.4441 2.2887
10950 5475.0 1.6326 0.1516 1.6326 3.4124 2.2951
10960 5480.0 1.6182 0.5049 1.6182 3.4607 2.2944
10970 5485.0 1.6128 0.6916 1.6128 3.5143 2.3109
10980 5490.0 1.6469 0.0049 1.6469 3.4828 2.2683
10990 5495.0 1.6419 0.0328 1.6419 3.3773 2.2879
11000 5500.0 1.7140 2.0487 1.7140 3.2220 2.3333
11010 5505.0 1.6671 0.1469 1.6671 3.1544 2.2880
11020 5510.0 1.5803 2.4298 1.5803 3.1223 2.2504
11030 5515.0 1.6787 0.4129 1.6787 3.0503 2.3240
11040 5520.0 1.6377 0.0762 1.6377 3.0243 2.3096
11050 5525.0 1.6591 0.0415 1.6591 2.9824 2.3172
11060 5530.0 1.6502 0.0000 1.6502 3.0142 2.3249
11070 5535.0 1.5559 4.4261 1.5559 3.0675 2.2751
11080 5540.0 1.6910 0.8417 1.6910 3.0319 2.4019
11090 5545.0 1.6769 0.3624 1.6769 3.0777 2.4299
11100 5550.0 1.6230 0.3639 1.6230 3.1993 2.2911
11110 5555.0 1.6440 0.0182 1.6440 3.2112 2.2213
11120 5560.0 1.6224 0.3822 1.6224 3.1130 2.3176
11130 5565.0 1.7335 3.4862 1.7335 3.0425 2.4313
11140 5570.0 1.7296 3.1709 1.7296 3.1333 2.3447
11150 5575.0 1.6595 0.0455 1.6595 3.3090 2.1433
11160 5580.0 1.6537 0.0069 1.6537 3.3355 2.1209
11170 5585.0 1.6736 0.2773 1.6736 3.2164 2.2650
11180 5590.0 1.6659 0.1271 1.6659 3.1174 2.3214
11190 5595.0 1.6196 0.4622 1.6196 3.1803 2.2024
11200 5600.0 1.6141 0.6446 1.6141 3.3260 2.1732
11210 5605.0 1.6196 0.4620 1.6196 3.3964 2.2338
11220 5610.0 1.7105 1.8327 1.7105 3.3662 2.3101
11230 5615.0 1.6377 0.0761 1.6377 3.3798 2.2644
11240 5620.0 1.5928 1.6355 1.5928 3.3891 2.2581
11250 5625.0 1.6848 0.6066 1.6848 3.3637 2.2827
11260 5630.0 1.6428 0.0258 1.6428 3.4257 2.2478
11270 5635.0 1.6042 1.0475 1.6042 3.4152 2.1837
11280 5640.0 1.6392 0.0579 1.6392 3.2560 2.2045
11290 5645.0 1.6967 1.0898 1.6967 3.1546 2.2907
11300 5650.0 1.6322 0.1593 1.6322 3.1920 2.3131
11310 5655.0 1.6170 0.5432 1.6170 3.2936 2.2642
11320 5660.0 1.6459 0.0085 1.6459 3.2896 2.3033
11330 5665.0 1.6718 0.2377 1.6718 3.2157 2.3539
11340 5670.0 1.6388 0.0629 1.6388 3.1435 2.3612
11350 5675.0 1.5919 1.6862 1.5919 3.0510 2.3886
11360 5680.0 1.6167 0.5529 1.6167 2.9120 2.3702
11370 5685.0 1.6541 0.0083 1.6541 2.8918 2.3813
11380 5690.0 1.5888 1.8723 1.5888 3.0625 2.3468
11390 5695.0 1.6254 0.3034 1.6254 3.1220 2.2572
11400 5700.0 1.6531 0.0048 1.6531 3.0845 2.2434
11410 5705.0 1.6128 0.6915 1.6128 2.9975 2.1939
11420 5710.0 1.6559 0.0177 1.6559 2.9413 2.2538
11430 5715.0 1.6371 0.0834 1.6371 3.0206 2.3670
11440 5720.0 1.5859 2.0528 1.5859 3.1397 2.3345
11450 5725.0 1.6300 0.2008 1.6300 3.1227 2.3840
11460 5730.0 1.6661 0.1297 1.6661 3.0839 2.3868
11470 5735.0 1.5900 1.7993 1.5900 3.1250 2.3059
11480 5740.0 1.6180 0.5125 1.6180 3.1727 2.3174
11490 5745.0 1.7002 1.2614 1.7002 3.2024 2.3788
11500 5750.0 1.6436 0.0205 1.6436 3.3195 2.3142
11510 5755.0 1.6185 0.4950 1.6185 3.3510 2.3019
11520 5760.0 1.6381 0.0711 1.6381 3.3287 2.3565
11530 5765.0 1.6433 0.0222 1.6433 3.2734 2.4457
11540 5770.0 1.6221 0.3879 1.6221 3.2911 2.4371
11550 5775.0 1.5880 1.9229 1.5880 3.3767 2.3475
11560 5780.0 1.6355 0.1054 1.6355 3.4154 2.2769
11570 5785.0 1.6581 0.0331 1.6581 3.4412 2.3232
11580 5790.0 1.6266 0.2749 1.6266 3.4643 2.2770
11590 5795.0 1.6163 0.5681 1.6163 3.3984 2.2868
11600 5800.0 1.6741 0.2908 1.6741 3.2953 2.3467
11610 5805.0 1.6326 0.1517 1.6326 3.2312 2.3167
11620 5810.0 1.5936 1.5891 1.5936 3.2102 2.2934
11630 5815.0 1.6800 0.4493 1.6800 3.1866 2.3544
11640 5820.0 1.6980 1.1521 1.6980 3.2801 2.3169
11650 5825.0 1.6433 0.0226 1.6433 3.3962 2.2325
11660 5830.0 1.6539 0.0076 1.6539 3.3679 2.2506
11670 5835.0 1.6650 0.1128 1.6650 3.2395 2.3776
11680 5840.0 1.6534 0.0058 1.6534 3.1779 2.4622
11690 5845.0 1.6595 0.0447 1.6595 3.1801 2.4602
11700 5850.0 1.6649 0.1108 1.6649 3.2562 2.3900
11710 5855.0 1.5908 1.7537 1.5908 3.3234 2.2870
11720 5860.0 1.6037 1.0702 1.6037 3.1666 2.3473
11730 5865.0 1.5742 2.8737 1.5742 2.9450 2.2190
11740 5870.0 1.6387 0.0641 1.6387 2.7874 2.1654
11750 5875.0 1.6365 0.0910 1.6365 2.8692 2.2545
11760 5880.0 1.6130 0.6837 1.6130 3.1356 2.3654
11770 5885.0 1.6146 0.6260 1.6146 3.3532 2.2019
11780 5890.0 1.6640 0.0976 1.6640 3.3232 2.2854
11790 5895.0 1.6734 0.2730 1.6734 3.1386 2.4240
11800 5900.0 1.6410 0.0402 1.6410 3.1212 2.4182
11810 5905.0 1.6806 0.4677 1.6806 3.2584 2.2958
11820 5910.0 1.6630 0.0846 1.6630 3.3506 2.1690
11830 5915.0 1.6086 0.8569 1.6086 3.3051 2.1583
11840 5920.0 1.6745 0.3007 1.6745 3.1556 2.0937
11850 5925.0 1.6745 0.2996 1.6745 3.0890 2.1129
11860 5930.0 1.5922 1.6723 1.5922 3.1893 2.2426
11870 5935.0 1.6189 0.4834 1.6189 3.3165 2.1820
11880 5940.0 1.6672 0.1483 1.6672 3.1712 2.2562
11890 5945.0 1.7668 6.8236 1.7668 3.0868 2.3666
11900 5950.0 1.7130 1.9817 1.7130 3.2276 2.2420
11910 5955.0 1.6388 0.0627 1.6388 3.4579 2.0782
11920 5960.0 1.5988 1.3118 1.5988 3.4244 2.1826
11930 5965.0 1.6452 0.0114 1.6452 3.1771 2.3163
11940 5970.0 1.6912 0.8495 1.6912 3.1044 2.2628
11950 5975.0 1.6068 0.9335 1.6068 3.2555 2.2609
11960 5980.0 1.6100 0.8014 1.6100 3.4648 2.2946
11970 5985.0 1.6928 0.9141 1.6928 3.4411 2.2340
11980 5990.0 1.6647 0.1081 1.6647 3.3331 2.2474
11990 5995.0 1.6199 0.4534 1.6199 3.2694 2.3498
12000 6000.0 1.7063 1.5823 1.7063 3.1895 2.3513
12010 6005.0 1.6011 1.1957 1.6011 3.1825 2.2336
12020 6010.0 1.5903 1.7808 1.5903 3.2734 2.3093
12030 6015.0 1.7136 2.0236 1.7136 3.4096 2.3798
12040 6020.0 1.6773 0.3719 1.6773 3.5209 2.2300
12050 6025.0 1.6383 0.0688 1.6383 3.6083 2.1722
12060 6030.0 1.6248 0.3178 1.6248 3.5155 2.3122
12070 6035.0 1.6234 0.3531 1.6234 3.3073 2.3960
12080 6040.0 1.6489 0.0006 1.6489 3.2793 2.3726
12090 6045.0 1.6222 0.3853 1.6222 3.3965 2.3968
12100 6050.0 1.6153 0.6011 1.6153 3.5382 2.3311
12110 6055.0 1.6191 0.4787 1.6191 3.5608 2.3008
12120 6060.0 1.6487 0.0009 1.6487 3.5079 2.3751
12130 6065.0 1.6423 0.0299 1.6423 3.4670 2.4142
12140 6070.0 1.6101 0.7958 1.6101 3.4793 2.3827
12150 6075.0 1.6522 0.0025 1.6522 3.5242 2.3492
12160 6080.0 1.6608 0.0588 1.6608 3.5385 2.2904
12170 6085.0 1.6612 0.0633 1.6612 3.5555 2.2988
12180 6090.0 1.6467 0.0055 1.6467 3.5576 2.3737
12190 6095.0 1.6374 0.0798 1.6374 3.5296 2.3339
12200 6100.0 1.6524 0.0029 1.6524 3.5337 2.3503
12210 6105.0 1.6418 0.0333 1.6418 3.5494 2.2689
12220 6110.0 1.6524 0.0028 1.6524 3.4979 2.2863
12230 6115.0 1.6735 0.2759 1.6735 3.4426 2.3200
12240 6120.0 1.5895 1.8271 1.5895 3.4508 2.2788
12250 6125.0 1.6149 0.6164 1.6149 3.3496 2.2547
12260 6130.0 1.6863 0.6598 1.6863 3.2375 2.3378
12270 6135.0 1.6271 0.2622 1.6271 3.3223 2.3728
12280 6140.0 1.5857 2.0660 1.5857 3.3821 2.2636
12290 6145.0 1.6467 0.0054 1.6467 3.2825 2.2974
12300 6150.0 1.6663 0.1325 1.6663 3.2186 2.3205
12310 6155.0 1.6176 0.5258 1.6176 3.2556 2.2892
12320 6160.0 1.5974 1.3808 1.5974 3.2389 2.2677
12330 6165.0 1.6677 0.1562 1.6677 3.1663 2.3006
12340 6170.0 1.6482 0.0015 1.6482 3.2040 2.3750
12350 6175.0 1.5853 2.0907 1.5853 3.2833 2.2226
12360 6180.0 1.6216 0.4020 1.6216 3.2181 2.2347
12370 6185.0 1.6646 0.1061 1.6646 3.0363 2.3055
12380 6190.0 1.6707 0.2146 1.6707 3.0030 2.2934
12390 6195.0 1.6264 0.2794 1.6264 3.1417 2.3108
12400 6200.0 1.5557 4.4417 1.5557 3.2524 2.2180
12410 6205.0 1.6424 0.0287 1.6424 3.1036 2.3323
12420 6210.0 1.7104 1.8217 1.7104 2.9594 2.4357
12430 6215.0 1.5998 1.2578 1.5998 3.0434 2.3513
12440 6220.0 1.5941 1.5623 1.5941 3.2264 2.2560
12450 6225.0 1.6103 0.7884 1.6103 3.2455 2.3051
12460 6230.0 1.6934 0.9408 1.6934 3.1154 2.4248
12470 6235.0 1.6823 0.5233 1.6823 3.1291 2.3586
12480 6240.0 1.6340 0.1287 1.6340 3.2756 2.2150
12490 6245.0 1.6119 0.7253 1.6119 3.3130 2.2235
12500 6250.0 1.6608 0.0580 1.6608 3.1844 2.3472
12510 6255.0 1.6339 0.1288 1.6339 3.1336 2.2537
12520 6260.0 1.6046 1.0286 1.6046 3.1854 2.2345
12530 6265.0 1.6204 0.4377 1.6204 3.2821 2.3099
12540 6270.0 1.6448 0.0136 1.6448 3.3990 2.2693
12550 6275.0 1.6858 0.6406 1.6858 3.4895 2.2622
12560 6280.0 1.6729 0.2618 1.6729 3.5285 2.2186
12570 6285.0 1.6708 0.2157 1.6708 3.5447 2.1774
12580 6290.0 1.7070 1.6261 1.7070 3.4912 2.2148
12590 6295.0 1.7149 2.1037 1.7149 3.4498 2.2706
12600 6300.0 1.6678 0.1584 1.6678 3.4470 2.2787
12610 6305.0 1.6308 0.1845 1.6308 3.3950 2.2794
12620 6310.0 1.6665 0.1366 1.6665 3.3301 2.3132
12630 6315.0 1.6539 0.0076 1.6539 3.3133 2.3463
12640 6320.0 1.6274 0.2545 1.6274 3.3703 2.3517
12650 6325.0 1.6549 0.0119 1.6549 3.4357 2.3504
12660 6330.0 1.6724 0.2514 1.6724 3.4895 2.3112
12670 6335.0 1.6406 0.0440 1.6406 3.5063 2.2760
12680 6340.0 1.6276 0.2499 1.6276 3.4464 2.3473
12690 6345.0 1.6659 0.1258 1.6659 3.4218 2.4277
12700 6350.0 1.6243 0.3302 1.6243 3.4881 2.4179
12710 6355.0 1.6397 0.0527 1.6397 3.6551 2.3316
12720 6360.0 1.6489 0.0006 1.6489 3.7847 2.2341
12730 6365.0 1.6790 0.4214 1.6790 3.8068 2.2076
12740 6370.0 1.6787 0.4107 1.6787 3.6672 2.2768
12750 6375.0 1.6433 0.0228 1.6433 3.5326 2.3580
12760 6380.0 1.6565 0.0214 1.6565 3.5192 2.3472
12770 6385.0 1.6829 0.5398 1.6829 3.5190 2.2946
12780 6390.0 1.5803 2.4297 1.5803 3.4821 2.2592
12790 6395.0 1.6319 0.1644 1.6319 3.4185 2.2664
12800 6400.0 1.7200 2.4492 1.7200 3.4044 2.3539
12810 6405.0 1.6764 0.3492 1.6764 3.4358 2.2375
12820 6410.0 1.6530 0.0046 1.6530 3.4746 2.1324
12830 6415.0 1.6845 0.5944 1.6845 3.4049 2.1826
12840 6420.0 1.6643 0.1017 1.6643 3.2397 2.2365
12850 6425.0 1.6237 0.3460 1.6237 3.0988 2.0814
12860 6430.0 1.6308 0.1845 1.6308 3.0615 2.0311
12870 6435.0 1.6353 0.1076 1.6353 3.1510 2.1468
12880 6440.0 1.6639 0.0959 1.6639 3.3116 2.3012
12890 6445.0 1.6492 0.0004 1.6492 3.4709 2.2029
12900 6450.0 1.6693 0.1870 1.6693 3.4717 2.2091
12910 6455.0 1.6854 0.6273 1.6854 3.3475 2.3054
12920 6460.0 1.6036 1.0767 1.6036 3.2763 2.1992
12930 6465.0 1.6176 0.5234 1.6176 3.2562 2.1668
12940 6470.0 1.6311 0.1792 1.6311 3.3472 2.3127
12950 6475.0 1.6117 0.7350 1.6117 3.5257 2.3665
12960 6480.0 1.6336 0.1343 1.6336 3.5075 2.3998
12970 6485.0 1.6588 0.0387 1.6588 3.4828 2.3704
12980 6490.0 1.5681 3.3573 1.5681 3.5286 2.3498
12990 6495.0 1.6109 0.7625 1.6109 3.5324 2.4231
13000 6500.0 1.6299 0.2026 1.6299 3.6009 2.3547
13010 6505.0 1.6449 0.0131 1.6449 3.6526 2.4197
13020 6510.0 1.6135 0.6671 1.6135 3.6550 2.3073
13030 6515.0 1.5412 5.9227 1.5412 3.6226 2.2662
13040 6520.0 1.6352 0.1089 1.6352 3.5635 2.3846
13050 6525.0 1.6678 0.1579 1.6678 3.5668 2.2875
13060 6530.0 1.6115 0.7409 1.6115 3.6303 2.2758
13070 6535.0 1.6275 0.2526 1.6275 3.6113 2.3006
13080 6540.0 1.5945 1.5420 1.5945 3.5456 2.2656
13090 6545.0 1.6438 0.0193 1.6438 3.4436 2.3711
13100 6550.0 1.6895 0.7806 1.6895 3.3947 2.4211
13110 6555.0 1.5959 1.4630 1.5959 3.4448 2.3633
13120 6560.0 1.6239 0.3397 1.6239 3.5392 2.3625
13130 6565.0 1.6718 0.2372 1.6718 3.5657 2.3583
13140 6570.0 1.6973 1.1194 1.6973 3.5489 2.3164
13150 6575.0 1.6355 0.1046 1.6355 3.4779 2.2843
13160 6580.0 1.6029 1.1110 1.6029 3.3758 2.3094
13170 6585.0 1.6717 0.2363 1.6717 3.3383 2.3386
13180 6590.0 1.6838 0.5712 1.6838 3.4116 2.3898
13190 6595.0 1.6320 0.1619 1.6320 3.5689 2.2488
13200 6600.0 1.6503 0.0000 1.6503 3.6392 2.2095
13210 6605.0 1.6989 1.1944 1.6989 3.5601 2.3174
13220 6610.0 1.6712 0.2256 1.6712 3.4790 2.3779
13230 6615.0 1.6334 0.1372 1.6334 3.4648 2.3815
13240 6620.0 1.7036 1.4341 1.7036 3.5379 2.3508
13250 6625.0 1.6514 0.0010 1.6514 3.6799 2.2235
13260 6630.0 1.6511 0.0006 1.6511 3.6918 2.2044
13270 6635.0 1.6870 0.6836 1.6870 3.5604 2.3191
13280 6640.0 1.6655 0.1207 1.6655 3.4585 2.4188
13290 6645.0 1.6614 0.0654 1.6614 3.4805 2.3873
13300 6650.0 1.6583 0.0341 1.6583 3.6084 2.2655
13310 6655.0 1.6256 0.2969 1.6256 3.6489 2.2321
13320 6660.0 1.6452 0.0118 1.6452 3.5753 2.3404
13330 6665.0 1.6765 0.3504 1.6765 3.5180 2.4120
13340 6670.0 1.6551 0.0131 1.6551 3.5233 2.3666
13350 6675.0 1.6226 0.3760 1.6226 3.5510 2.3048
13360 6680.0 1.6492 0.0003 1.6492 3.5389 2.3231
13370 6685.0 1.6777 0.3828 1.6777 3.4937 2.3811
13380 6690.0 1.6446 0.0146 1.6446 3.4761 2.3665
13390 6695.0 1.6366 0.0901 1.6366 3.3970 2.3607
13400 6700.0 1.6444 0.0155 1.6444 3.3253 2.3029
13410 6705.0 1.6344 0.1220 1.6344 3.2794 2.2689
13420 6710.0 1.6774 0.3765 1.6774 3.2553 2.3119
13430 6715.0 1.6494 0.0002 1.6494 3.3062 2.2705
13440 6720.0 1.6040 1.0573 1.6040 3.3163 2.2556
13450 6725.0 1.6710 0.2199 1.6710 3.2146 2.3634
13460 6730.0 1.6916 0.8639 1.6916 3.1818 2.3780
13470 6735.0 1.6081 0.8776 1.6081 3.2548 2.2930
13480 6740.0 1.6222 0.3874 1.6222 3.2999 2.2663
13490 6745.0 1.6593 0.0436 1.6593 3.3227 2.3003
13500 6750.0 1.6507 0.0002 1.6507 3.3376 2.3157
13510 6755.0 1.6337 0.1322 1.6337 3.3634 2.3139
13520 6760.0 1.6099 0.8028 1.6099 3.3722 2.3116
13530 6765.0 1.6020 1.1533 1.6020 3.2983 2.3133
13540 6770.0 1.6509 0.0004 1.6509 3.2137 2.2889
13550 6775.0 1.6410 0.0404 1.6410 3.2935 2.3190
13560 6780.0 1.5932 1.6112 1.5932 3.4132 2.3024
13570 6785.0 1.6063 0.9528 1.6063 3.4296 2.3248
13580 6790.0 1.6533 0.0054 1.6533 3.3166 2.3497
13590 6795.0 1.6373 0.0806 1.6373 3.2890 2.2972
13600 6800.0 1.6093 0.8281 1.6093 3.3640 2.3285
13610 6805.0 1.6313 0.1748 1.6313 3.4394 2.3990
13620 6810.0 1.6409 0.0411 1.6409 3.4447 2.4335
13630 6815.0 1.6424 0.0287 1.6424 3.5117 2.4234
13640 6820.0 1.6150 0.6142 1.6150 3.6002 2.3668
13650 6825.0 1.5811 2.3763 1.5811 3.5980 2.3846
13660 6830.0 1.5995 1.2734 1.5995 3.4760 2.3561
13670 6835.0 1.6710 0.2196 1.6710 3.3825 2.3698
13680 6840.0 1.6400 0.0496 1.6400 3.4407 2.4113
13690 6845.0 1.5918 1.6917 1.5918 3.5533 2.3564
13700 6850.0 1.5976 1.3744 1.5976 3.5519 2.3395
13710 6855.0 1.6539 0.0076 1.6539 3.4416 2.4147
13720 6860.0 1.6563 0.0196 1.6563 3.3628 2.4177
13730 6865.0 1.5873 1.9627 1.5873 3.3311 2.3300
13740 6870.0 1.6215 0.4056 1.6215 3.2519 2.3526
13750 6875.0 1.6842 0.5839 1.6842 3.1654 2.4106
13760 6880.0 1.6373 0.0811 1.6373 3.1398 2.3463
13770 6885.0 1.6022 1.1426 1.6022 3.1290 2.2769
13780 6890.0 1.6607 0.0573 1.6607 3.0774 2.3022
13790 6895.0 1.7001 1.2568 1.7001 3.0567 2.2986
13800 6900.0 1.6537 0.0070 1.6537 3.0852 2.1765
13810 6905.0 1.6520 0.0020 1.6520 3.0062 2.1924
13820 6910.0 1.6750 0.3117 1.6750 2.8516 2.3001
13830 6915.0 1.6423 0.0294 1.6423 2.7584 2.3130
13840 6920.0 1.6101 0.7941 1.6101 2.7220 2.2445
13850 6925.0 1.6408 0.0420 1.6408 2.7668 2.3149
13860 6930.0 1.6681 0.1638 1.6681 2.8873 2.2984
13870 6935.0 1.6437 0.0199 1.6437 3.0148 2.2071
13880 6940.0 1.6422 0.0301 1.6422 3.0764 2.1918
13890 6945.0 1.6628 0.0817 1.6628 3.0332 2.2744
13900 6950.0 1.6523 0.0026 1.6523 2.9716 2.3360
13910 6955.0 1.6196 0.4616 1.6196 2.9361 2.3416
13920 6960.0 1.6112 0.7540 1.6112 2.9784 2.3015
13930 6965.0 1.6456 0.0099 1.6456 3.0395 2.2732
13940 6970.0 1.6768 0.3595 1.6768 3.1027 2.2664
13950 6975.0 1.6404 0.0464 1.6404 3.1897 2.2207
13960 6980.0 1.6173 0.5342 1.6173 3.1893 2.2571
13970 6985.0 1.6282 0.2373 1.6282 3.0974 2.3385
13980 6990.0 1.6539 0.0076 1.6539 3.0574 2.2967
13990 6995.0 1.6404 0.0462 1.6404 3.1084 2.2927
14000 7000.0 1.6164 0.5645 1.6164 3.2281 2.3407
14010 7005.0 1.5980 1.3540 1.5980 3.3070 2.3129
14020 7010.0 1.6492 0.0004 1.6492 3.2448 2.4158
14030 7015.0 1.6762 0.3429 1.6762 3.2232 2.4193
14040 7020.0 1.6264 0.2795 1.6264 3.2940 2.3277
14050 7025.0 1.6183 0.5038 1.6183 3.2900 2.3032
14060 7030.0 1.6886 0.7440 1.6886 3.1682 2.2863
14070 7035.0 1.7118 1.9083 1.7118 3.1579 2.3249
14080 7040.0 1.6135 0.6646 1.6135 3.3057 2.2108
14090 7045.0 1.6032 1.0972 1.6032 3.3154 2.1656
14100 7050.0 1.7042 1.4675 1.7042 3.1527 2.3046
14110 7055.0 1.7368 3.7678 1.7368 3.0986 2.3528
14120 7060.0 1.6450 0.0124 1.6450 3.1890 2.2335
14130 7065.0 1.6183 0.5040 1.6183 3.1802 2.1935
14140 7070.0 1.6578 0.0308 1.6578 2.9989 2.3037
14150 7075.0 1.6684 0.1684 1.6684 2.8789 2.2280
14160 7080.0 1.6292 0.2153 1.6292 2.9185 2.2421
14170 7085.0 1.6239 0.3402 1.6239 3.0464 2.2849
14180 7090.0 1.6455 0.0100 1.6455 3.1313 2.2696
14190 7095.0 1.6755 0.3248 1.6755 3.0767 2.3656
14200 7100.0 1.6485 0.0012 1.6485 3.0227 2.3931
14210 7105.0 1.6062 0.9604 1.6062 3.0059 2.3919
14220 7110.0 1.6405 0.0454 1.6405 2.9886 2.4050
14230 7115.0 1.6584 0.0349 1.6584 3.0494 2.3613
14240 7120.0 1.6222 0.3871 1.6222 3.1187 2.2812
14250 7125.0 1.6189 0.4834 1.6189 3.0542 2.3298
14260 7130.0 1.6500 0.0000 1.6500 2.9277 2.4096
14270 7135.0 1.6306 0.1879 1.6306 2.9161 2.3446
14280 7140.0 1.6075 0.9011 1.6075 3.0264 2.3476
14290 7145.0 1.6335 0.1359 1.6335 3.1245 2.3015
14300 7150.0 1.6542 0.0086 1.6542 3.1423 2.3278
14310 7155.0 1.6546 0.0104 1.6546 3.0887 2.3858
14320 7160.0 1.6220 0.3931 1.6220 3.0818 2.3679
14330 7165.0 1.6520 0.0020 1.6520 3.1617 2.3341
14340 7170.0 1.6122 0.7161 1.6122 3.2679 2.2421
14350 7175.0 1.5981 1.3469 1.5981 3.2824 2.2667
14360 7180.0 1.6219 0.3938 1.6219 3.2342 2.3756
14370 7185.0 1.6358 0.1002 1.6358 3.2526 2.4006
14380 7190.0 1.6466 0.0057 1.6466 3.3264 2.3699
14390 7195.0 1.6290 0.2196 1.6290 3.4169 2.3201
14400 7200.0 1.6166 0.5572 1.6166 3.4003 2.3085
14410 7205.0 1.6053 0.9999 1.6053 3.3085 2.3156
14420 7210.0 1.6301 0.1989 1.6301 3.2484 2.2612
14430 7215.0 1.6718 0.2367 1.6718 3.3128 2.3386
14440 7220.0 1.6344 0.1224 1.6344 3.4783 2.2671
14450 7225.0 1.6162 0.5718 1.6162 3.5613 2.1884
14460 7230.0 1.6700 0.2006 1.6700 3.4613 2.2762
14470 7235.0 1.6873 0.6972 1.6873 3.3729 2.2446
14480 7240.0 1.6509 0.0004 1.6509 3.4645 2.2455
14490 7245.0 1.6236 0.3488 1.6236 3.5831 2.1833
14500 7250.0 1.6252 0.3068 1.6252 3.5470 2.2692
14510 7255.0 1.6878 0.7148 1.6878 3.4333 2.3822
14520 7260.0 1.6844 0.5902 1.6844 3.4178 2.3842
14530 7265.0 1.6074 0.9085 1.6074 3.5301 2.2219
14540 7270.0 1.6534 0.0056 1.6534 3.5302 2.2174
14550 7275.0 1.6932 0.9338 1.6932 3.4499 2.3053
14560 7280.0 1.6562 0.0194 1.6562 3.4011 2.3305
14570 7285.0 1.6283 0.2360 1.6283 3.3704 2.2726
14580 7290.0 1.6056 0.9865 1.6056 3.3502 2.3071
14590 7295.0 1.6457 0.0093 1.6457 3.3673 2.3654
14600 7300.0 1.6111 0.7581 1.6111 3.4192 2.3749
14610 7305.0 1.6877 0.7101 1.6877 3.3827 2.3995
14620 7310.0 1.6334 0.1379 1.6334 3.4019 2.3126
14630 7315.0 1.5758 2.7553 1.5758 3.4062 2.2673
14640 7320.0 1.6345 0.1207 1.6345 3.3231 2.3726
14650 7325.0 1.6608 0.0588 1.6608 3.2095 2.2927
14660 7330.0 1.6477 0.0025 1.6477 3.2278 2.3396
14670 7335.0 1.5892 1.8494 1.5892 3.3174 2.2833
14680 7340.0 1.6020 1.1508 1.6020 3.2439 2.3200
14690 7345.0 1.7130 1.9827 1.7130 3.1009 2.4590
14700 7350.0 1.6971 1.1090 1.6971 3.1245 2.4061
14710 7355.0 1.5801 2.4434 1.5801 3.3095 2.2050
14720 7360.0 1.6013 1.1861 1.6013 3.3079 2.2136
14730 7365.0 1.7184 2.3371 1.7184 3.1198 2.3461
14740 7370.0 1.6755 0.3244 1.6755 3.0925 2.2496
14750 7375.0 1.5825 2.2778 1.5825 3.2262 2.2047
14760 7380.0 1.6443 0.0163 1.6443 3.2578 2.2300
14770 7385.0 1.6885 0.7419 1.6885 3.2486 2.1285
14780 7390.0 1.6492 0.0003 1.6492 3.3241 2.1349
14790 7395.0 1.6372 0.0817 1.6372 3.3742 2.1742
14800 7400.0 1.6280 0.2428 1.6280 3.3150 2.2029
14810 7405.0 1.6741 0.2908 1.6741 3.2010 2.2995
14820 7410.0 1.7021 1.3592 1.7021 3.2082 2.3659
14830 7415.0 1.6350 0.1127 1.6350 3.3727 2.2441
14840 7420.0 1.6191 0.4762 1.6191 3.5323 2.1159
14850 7425.0 1.5968 1.4157 1.5968 3.4762 2.2282
14860 7430.0 1.6561 0.0188 1.6561 3.2725 2.3045
14870 7435.0 1.6655 0.1205 1.6655 3.1894 2.2823
14880 7440.0 1.6087 0.8508 1.6087 3.2477 2.2382
14890 7445.0 1.6194 0.4669 1.6194 3.3690 2.3180
14900 7450.0 1.6664 0.1348 1.6664 3.4413 2.3076
14910 7455.0 1.6329 0.1459 1.6329 3.4692 2.3272
14920 7460.0 1.6561 0.0184 1.6561 3.4254 2.3425
14930 7465.0 1.6503 0.0000 1.6503 3.3579 2.3150
14940 7470.0 1.6019 1.1563 1.6019 3.2815 2.2638
14950 7475.0 1.6450 0.0126 1.6450 3.2051 2.2822
14960 7480.0 1.6977 1.1390 1.6977 3.2002 2.3740
14970 7485.0 1.6244 0.3289 1.6244 3.3212 2.3181
14980 7490.0 1.6070 0.9260 1.6070 3.3883 2.2471
14990 7495.0 1.6821 0.5149 1.6821 3.3045 2.3688
15000 7500.0 1.6993 1.2156 1.6993 3.2343 2.3849
15010 7505.0 1.5995 1.2734 1.5995 3.2842 2.3251
15020 7510.0 1.5970 1.4028 1.5970 3.3151 2.2796
15030 7515.0 1.6981 1.1573 1.6981 3.2341 2.4171
15040 7520.0 1.7151 2.1188 1.7151 3.2211 2.4539
15050 7525.0 1.6134 0.6711 1.6134 3.3808 2.2829
15060 7530.0 1.5945 1.5387 1.5945 3.4159 2.2381
15070 7535.0 1.6551 0.0128 1.6551 3.2174 2.4200
15080 7540.0 1.6707 0.2141 1.6707 3.0836 2.3334
15090 7545.0 1.5503 4.9736 1.5503 3.1403 2.1994
15100 7550.0 1.5805 2.4182 1.5805 3.1457 2.2099
15110 7555.0 1.6581 0.0326 1.6581 3.1001 2.3806
15120 7560.0 1.6364 0.0924 1.6364 3.1572 2.4656
15130 7565.0 1.6146 0.6269 1.6146 3.2569 2.3835
15140 7570.0 1.5965 1.4293 1.5965 3.2644 2.3751
15150 7575.0 1.6788 0.4153 1.6788 3.2186 2.4007
15160 7580.0 1.6203 0.4423 1.6203 3.2272 2.4470
15170 7585.0 1.6162 0.5710 1.6162 3.2060 2.3585
15180 7590.0 1.5680 3.3587 1.5680 3.1227 2.3191
15190 7595.0 1.6680 0.1617 1.6680 3.0181 2.2545
15200 7600.0 1.5878 1.9328 1.5878 3.0538 2.1832
15210 7605.0 1.6009 1.2043 1.6009 3.0694 2.2070
15220 7610.0 1.6438 0.0193 1.6438 3.0940 2.2815
15230 7615.0 1.5876 1.9453 1.5876 3.1941 2.3059
15240 7620.0 1.6680 0.1625 1.6680 3.2538 2.3360
15250 7625.0 1.6061 0.9633 1.6061 3.2801 2.3040
15260 7630.0 1.6480 0.0020 1.6480 3.2006 2.2885
15270 7635.0 1.5754 2.7818 1.5754 3.1084 2.1771
15280 7640.0 1.5975 1.3801 1.5975 2.9922 2.0650
15290 7645.0 1.6879 0.7173 1.6879 2.9659 2.1215
15300 7650.0 1.6460 0.0081 1.6460 3.1708 2.2154
15310 7655.0 1.5915 1.7124 1.5915 3.4692 2.1081
15320 7660.0 1.6241 0.3347 1.6241 3.5832 2.1215
15330 7665.0 1.6980 1.1522 1.6980 3.4531 2.3510
15340 7670.0 1.7145 2.0827 1.7145 3.3552 2.3664
15350 7675.0 1.5864 2.0200 1.5864 3.4104 2.2474
15360 7680.0 1.5350 6.6177 1.5350 3.3528 2.2653
15370 7685.0 1.7490 4.9033 1.7490 3.2036 2.4171
15380 7690.0 1.6938 0.9604 1.6938 3.2980 2.2815
15390 7695.0 1.5533 4.6740 1.5533 3.4201 2.0684
15400 7700.0 1.6321 0.1609 1.6321 3.3746 2.1556
15410 7705.0 1.7508 5.0770 1.7508 3.2345 2.4048
15420 7710.0 1.6733 0.2707 1.6733 3.2521 2.3791
15430 7715.0 1.5661 3.5198 1.5661 3.2882 2.2718
15440 7720.0 1.5988 1.3091 1.5988 3.1564 2.3448
15450 7725.0 1.5959 1.4652 1.5959 3.0468 2.2996
15460 7730.0 1.6450 0.0124 1.6450 3.0628 2.3746
15470 7735.0 1.6517 0.0014 1.6517 3.2752 2.3790
15480 7740.0 1.5338 6.7508 1.5338 3.4661 2.2233
15490 7745.0 1.6219 0.3953 1.6219 3.2731 2.3593
15500 7750.0 1.7018 1.3416 1.7018 3.1009 2.2986
15510 7755.0 1.6525 0.0032 1.6525 3.2043 2.3109
15520 7760.0 1.6023 1.1358 1.6023 3.4807 2.2687
15530 7765.0 1.5569 4.3322 1.5569 3.5683 2.2422
15540 7770.0 1.6816 0.4979 1.6816 3.3213 2.3712
15550 7775.0 1.6342 0.1243 1.6342 3.2053 2.2337
15560 7780.0 1.5920 1.6822 1.5920 3.2684 2.2305
15570 7785.0 1.6056 0.9855 1.6056 3.4055 2.3393
15580 7790.0 1.6148 0.6180 1.6148 3.4176 2.3791
15590 7795.0 1.7006 1.2787 1.7006 3.3288 2.4261
15600 7800.0 1.6038 1.0688 1.6038 3.3585 2.3228
15610 7805.0 1.5888 1.8742 1.5888 3.3802 2.2901
15620 7810.0 1.5871 1.9799 1.5871 3.3573 2.3631
15630 7815.0 1.6641 0.0997 1.6641 3.2435 2.3372
15640 7820.0 1.6641 0.0992 1.6641 3.2509 2.4441
15650 7825.0 1.5674 3.4083 1.5674 3.4081 2.2186
15660 7830.0 1.6018 1.1605 1.6018 3.4227 2.2234
15670 7835.0 1.7262 2.9065 1.7262 3.2674 2.4359
15680 7840.0 1.6808 0.4757 1.6808 3.2525 2.3971
15690 7845.0 1.5278 7.4673 1.5278 3.3588 2.2814
15700 7850.0 1.6350 0.1123 1.6350 3.3249 2.3074
15710 7855.0 1.6979 1.1490 1.6979 3.2640 2.3267
15720 7860.0 1.6222 0.3875 1.6222 3.2723 2.2967
15730 7865.0 1.7098 1.7886 1.7098 3.2705 2.3064
15740 7870.0 1.6477 0.0026 1.6477 3.3744 2.2546
15750 7875.0 1.6409 0.0412 1.6409 3.3039 2.2885
15760 7880.0 1.6922 0.8922 1.6922 3.1517 2.1829
15770 7885.0 1.6097 0.8111 1.6097 3.1357 2.0599
15780 7890.0 1.6236 0.3485 1.6236 3.1726 2.1338
15790 7895.0 1.6486 0.0009 1.6486 3.2737 2.2733
15800 7900.0 1.6410 0.0409 1.6410 3.2557 2.2909
15810 7905.0 1.6769 0.3628 1.6769 3.1012 2.3864
15820 7910.0 1.7051 1.5189 1.7051 3.0112 2.3731
15830 7915.0 1.6262 0.2832 1.6262 3.0522 2.2730
15840 7920.0 1.6113 0.7490 1.6113 3.0412 2.2566
15850 7925.0 1.7015 1.3272 1.7015 2.9197 2.3762
15860 7930.0 1.6939 0.9614 1.6939 2.9133 2.3546
15870 7935.0 1.6139 0.6522 1.6139 3.0259 2.1983
15880 7940.0 1.6317 0.1681 1.6317 3.0309 2.1888
15890 7945.0 1.6891 0.7651 1.6891 2.9460 2.3054
15900 7950.0 1.6466 0.0057 1.6466 2.9145 2.3478
15910 7955.0 1.6052 1.0057 1.6052 2.9699 2.3087
15920 7960.0 1.6538 0.0072 1.6538 3.0528 2.2822
15930 7965.0 1.6348 0.1149 1.6348 3.1208 2.2797
15940 7970.0 1.6798 0.4430 1.6798 3.1273 2.3225
15950 7975.0 1.6501 0.0000 1.6501 3.1176 2.3160
15960 7980.0 1.5790 2.5192 1.5790 3.1027 2.3254
15970 7985.0 1.7035 1.4295 1.7035 3.0751 2.4121
15980 7990.0 1.7024 1.3736 1.7024 3.1619 2.3588
15990 7995.0 1.6174 0.5325 1.6174 3.2656 2.2164
16000 8000.0 1.6141 0.6454 1.6141 3.2206 2.2580
16010 8005.0 1.6666 0.1371 1.6666 3.0839 2.4138
16020 8010.0 1.6466 0.0058 1.6466 3.0717 2.3644
16030 8015.0 1.6057 0.9820 1.6057 3.1620 2.3348
16040 8020.0 1.6400 0.0498 1.6400 3.2392 2.2741
16050 8025.0 1.6440 0.0182 1.6440 3.3428 2.2910
16060 8030.0 1.6675 0.1523 1.6675 3.4473 2.2844
16070 8035.0 1.6411 0.0395 1.6411 3.4855 2.3006
16080 8040.0 1.6197 0.4595 1.6197 3.4558 2.2976
16090 8045.0 1.5978 1.3605 1.5978 3.4039 2.1911
16100 8050.0 1.6764 0.3491 1.6764 3.4127 2.2836
16110 8055.0 1.6626 0.0797 1.6626 3.5497 2.3227
16120 8060.0 1.6232 0.3581 1.6232 3.7102 2.1906
16130 8065.0 1.6123 0.7115 1.6123 3.7475 2.1925
16140 8070.0 1.6529 0.0042 1.6529 3.5978 2.3656
16150 8075.0 1.6610 0.0608 1.6610 3.4993 2.3044
16160 8080.0 1.6185 0.4954 1.6185 3.5443 2.2634
16170 8085.0 1.6065 0.9458 1.6065 3.6834 2.2978
16180 8090.0 1.6441 0.0175 1.6441 3.7547 2.2838
16190 8095.0 1.6680 0.1616 1.6680 3.6861 2.3263
16200 8100.0 1.6643 0.1024 1.6643 3.6764 2.3312
16210 8105.0 1.6397 0.0532 1.6397 3.6885 2.3044
16220 8110.0 1.6314 0.1728 1.6314 3.6603 2.2982
16230 8115.0 1.6328 0.1480 1.6328 3.6127 2.3099
16240 8120.0 1.6700 0.1994 1.6700 3.5746 2.3300
16250 8125.0 1.6720 0.2414 1.6720 3.6128 2.3664
16260 8130.0 1.6331 0.1432 1.6331 3.6338 2.2374
16270 8135.0 1.6309 0.1832 1.6309 3.5905 2.2236
16280 8140.0 1.6741 0.2913 1.6741 3.4606 2.2931
16290 8145.0 1.6636 0.0929 1.6636 3.4697 2.2678
16300 8150.0 1.6138 0.6566 1.6138 3.5206 2.2991
16310 8155.0 1.6362 0.0950 1.6362 3.4695 2.3169
16320 8160.0 1.6708 0.2172 1.6708 3.3405 2.3441
16330 8165.0 1.6604 0.0544 1.6604 3.3204 2.3334
16340 8170.0 1.6637 0.0938 1.6637 3.3049 2.3452
16350 8175.0 1.6577 0.0296 1.6577 3.3348 2.3328
16360 8180.0 1.6457 0.0093 1.6457 3.3718 2.2711
16370 8185.0 1.6255 0.3011 1.6255 3.4167 2.2068
16380 8190.0 1.6619 0.0704 1.6619 3.3687 2.2350
16390 8195.0 1.6847 0.6004 1.6847 3.3255 2.2755
16400 8200.0 1.6405 0.0454 1.6405 3.3660 2.2379
16410 8205.0 1.6479 0.0023 1.6479 3.3238 2.2419
16420 8210.0 1.6881 0.7269 1.6881 3.2313 2.3190
16430 8215.0 1.6881 0.7246 1.6881 3.2263 2.3193
16440 8220.0 1.6470 0.0046 1.6470 3.3290 2.2396
16450 8225.0 1.6189 0.4845 1.6189 3.4167 2.2442
16460 8230.0 1.6223 0.3833 1.6223 3.4042 2.3605
16470 8235.0 1.6825 0.5292 1.6825 3.3322 2.3796
16480 8240.0 1.6504 0.0001 1.6504 3.3947 2.3327
16490 8245.0 1.6058 0.9782 1.6058 3.4795 2.2004
16500 8250.0 1.6372 0.0822 1.6372 3.4150 2.2690
16510 8255.0 1.6947 0.9982 1.6947 3.3168 2.3968
16520 8260.0 1.6467 0.0053 1.6467 3.3996 2.3327
16530 8265.0 1.5816 2.3415 1.5816 3.5232 2.2366
16540 8270.0 1.6506 0.0002 1.6506 3.4416 2.3219
16550 8275.0 1.6973 1.1201 1.6973 3.3744 2.3936
16560 8280.0 1.6082 0.8755 1.6082 3.4882 2.2602
16570 8285.0 1.5809 2.3878 1.5809 3.4762 2.2474
16580 8290.0 1.6888 0.7519 1.6888 3.3465 2.2736
16590 8295.0 1.6897 0.7891 1.6897 3.3647 2.2910
16600 8300.0 1.5972 1.3939 1.5972 3.5051 2.2726
16610 8305.0 1.6076 0.8980 1.6076 3.5339 2.2534
16620 8310.0 1.6855 0.6315 1.6855 3.4300 2.3480
16630 8315.0 1.6790 0.4216 1.6790 3.3522 2.3949
16640 8320.0 1.6191 0.4773 1.6191 3.3931 2.3346
16650 8325.0 1.6595 0.0449 1.6595 3.4968 2.2777
16660 8330.0 1.6258 0.2925 1.6258 3.5571 2.2600
16670 8335.0 1.6785 0.4067 1.6785 3.4092 2.3365
16680 8340.0 1.6182 0.5070 1.6182 3.3035 2.1678
16690 8345.0 1.6020 1.1517 1.6020 3.2765 2.1309
16700 8350.0 1.6989 1.1970 1.6989 3.2891 2.2859
16710 8355.0 1.6684 0.1689 1.6684 3.4599 2.2581
16720 8360.0 1.6192 0.4729 1.6192 3.5881 2.1397
16730 8365.0 1.6642 0.1007 1.6642 3.4765 2.2388
16740 8370.0 1.6803 0.4581 1.6803 3.2945 2.3219
16750 8375.0 1.6369 0.0862 1.6369 3.2512 2.2305
16760 8380.0 1.6235 0.3517 1.6235 3.3601 2.2533
16770 8385.0 1.6312 0.1759 1.6312 3.5596 2.3107
16780 8390.0 1.5722 3.0252 1.5722 3.6847 2.2525
16790 8395.0 1.6761 0.3398 1.6761 3.5067 2.3641
16800 8400.0 1.6034 1.0865 1.6034 3.3648 2.3907
16810 8405.0 1.6500 0.0000 1.6500 3.3202 2.3965
16820 8410.0 1.7006 1.2784 1.7006 3.3515 2.3454
16830 8415.0 1.6108 0.7694 1.6108 3.4004 2.2426
16840 8420.0 1.6719 0.2399 1.6719 3.3174 2.2013
16850 8425.0 1.6279 0.2442 1.6279 3.1370 2.2555
16860 8430.0 1.6517 0.0015 1.6517 2.9218 2.3844
16870 8435.0 1.7203 2.4708 1.7203 2.8516 2.3739
16880 8440.0 1.6288 0.2239 1.6288 2.9572 2.3365
16890 8445.0 1.6550 0.0126 1.6550 3.0927 2.1975
16900 8450.0 1.6558 0.0168 1.6558 3.1562 2.2182
16910 8455.0 1.6332 0.1405 1.6332 3.1603 2.2091
16920 8460.0 1.6221 0.3884 1.6221 3.1798 2.0842
16930 8465.0 1.6580 0.0319 1.6580 3.1699 2.1009
16940 8470.0 1.6349 0.1136 1.6349 3.2388 2.2079
16950 8475.0 1.6024 1.1307 1.6024 3.3404 2.2850
16960 8480.0 1.6959 1.0543 1.6959 3.3730 2.2791
16970 8485.0 1.6851 0.6154 1.6851 3.4610 2.2258
16980 8490.0 1.5965 1.4296 1.5965 3.5100 2.2258
16990 8495.0 1.6317 0.1666 1.6317 3.4079 2.2963
17000 8500.0 1.6864 0.6641 1.6864 3.3101 2.2472
17010 8505.0 1.5872 1.9745 1.5872 3.3944 2.1947
17020 8510.0 1.5885 1.8931 1.5885 3.3936 2.2822
17030 8515.0 1.7125 1.9561 1.7125 3.3161 2.3589
17040 8520.0 1.6765 0.3505 1.6765 3.3896 2.2579
17050 8525.0 1.6066 0.9420 1.6066 3.4508 2.1812
17060 8530.0 1.6968 1.0965 1.6968 3.2836 2.2869
17070 8535.0 1.7063 1.5838 1.7063 3.1722 2.3414
17080 8540.0 1.6047 1.0272 1.6047 3.2018 2.2613
17090 8545.0 1.6141 0.6459 1.6141 3.2195 2.2427
17100 8550.0 1.6661 0.1301 1.6661 3.1502 2.3143
17110 8555.0 1.6534 0.0056 1.6534 3.1517 2.3021
17120 8560.0 1.6561 0.0186 1.6561 3.1512 2.2490
17130 8565.0 1.6995 1.2266 1.6995 3.1000 2.2181
17140 8570.0 1.5948 1.5219 1.5948 3.1047 2.1554
17150 8575.0 1.6257 0.2959 1.6257 3.0356 2.2253
17160 8580.0 1.7226 2.6376 1.7226 2.9698 2.2964
17170 8585.0 1.6938 0.9574 1.6938 3.0883 2.2865
17180 8590.0 1.6134 0.6693 1.6134 3.2675 2.1704
17190 8595.0 1.6410 0.0407 1.6410 3.2731 2.2334
17200 8600.0 1.7065 1.5963 1.7065 3.2191 2.3566
17210 8605.0 1.6823 0.5201 1.6823 3.2639 2.3408
17220 8610.0 1.5971 1.3970 1.5971 3.3703 2.2408
17230 8615.0 1.6217 0.4012 1.6217 3.3556 2.2709
17240 8620.0 1.6857 0.6373 1.6857 3.2599 2.4011
17250 8625.0 1.6595 0.0448 1.6595 3.2638 2.3907
17260 8630.0 1.6270 0.2653 1.6270 3.3407 2.3066
17270 8635.0 1.6019 1.1552 1.6019 3.3557 2.2914
17280 8640.0 1.6541 0.0085 1.6541 3.2330 2.4058
17290 8645.0 1.6731 0.2672 1.6731 3.1426 2.3856
17300 8650.0 1.6082 0.8745 1.6082 3.1481 2.3074
17310 8655.0 1.6038 1.0674 1.6038 3.1848 2.3546
17320 8660.0 1.6180 0.5110 1.6180 3.1993 2.3993
17330 8665.0 1.6596 0.0465 1.6596 3.1475 2.4642
17340 8670.0 1.6288 0.2255 1.6288 3.1415 2.3737
17350 8675.0 1.5956 1.4787 1.5956 3.1603 2.3203
17360 8680.0 1.6515 0.0011 1.6515 3.1786 2.3989
17370 8685.0 1.6750 0.3134 1.6750 3.2400 2.4322
17380 8690.0 1.6223 0.3847 1.6223 3.3609 2.3165
17390 8695.0 1.6278 0.2464 1.6278 3.3774 2.3103
17400 8700.0 1.6631 0.0853 1.6631 3.3581 2.3567
17410 8705.0 1.6505 0.0001 1.6505 3.3698 2.3482
17420 8710.0 1.6017 1.1656 1.6017 3.4180 2.2957
17430 8715.0 1.6482 0.0017 1.6482 3.3873 2.3571
17440 8720.0 1.6874 0.6982 1.6874 3.3505 2.4346
17450 8725.0 1.6190 0.4817 1.6190 3.4047 2.3596
17460 8730.0 1.5879 1.9304 1.5879 3.4804 2.3067
17470 8735.0 1.6522 0.0024 1.6522 3.4721 2.3151
17480 8740.0 1.6594 0.0439 1.6594 3.4958 2.2879
17490 8745.0 1.6169 0.5489 1.6169 3.5593 2.3018
17500 8750.0 1.5700 3.2020 1.5700 3.5214 2.2809
17510 8755.0 1.6484 0.0013 1.6484 3.3980 2.4259
17520 8760.0 1.6853 0.6246 1.6853 3.3473 2.3828
17530 8765.0 1.6073 0.9096 1.6073 3.4275 2.3504
17540 8770.0 1.5673 3.4195 1.5673 3.4891 2.2629
17550 8775.0 1.6236 0.3490 1.6236 3.4174 2.3169
17560 8780.0 1.6919 0.8795 1.6919 3.3012 2.4338
17570 8785.0 1.6833 0.5546 1.6833 3.2737 2.4101
17580 8790.0 1.6027 1.1203 1.6027 3.3042 2.2904
17590 8795.0 1.5955 1.4831 1.5955 3.2836 2.2989
17600 8800.0 1.6662 0.1318 1.6662 3.1969 2.3795
17610 8805.0 1.6738 0.2828 1.6738 3.1786 2.4027
17620 8810.0 1.6208 0.4274 1.6208 3.2497 2.3479
17630 8815.0 1.6169 0.5475 1.6169 3.2711 2.2688
17640 8820.0 1.6292 0.2154 1.6292 3.1744 2.2672
17650 8825.0 1.6811 0.4826 1.6811 3.0861 2.2562
17660 8830.0 1.6756 0.3283 1.6756 3.1485 2.3162
17670 8835.0 1.6070 0.9249 1.6070 3.2505 2.2222
17680 8840.0 1.6360 0.0987 1.6360 3.1569 2.2895
17690 8845.0 1.6932 0.9326 1.6932 2.9827 2.1711
17700 8850.0 1.6343 0.1232 1.6343 3.0175 2.1141
17710 8855.0 1.6161 0.5738 1.6161 3.1211 2.2215
17720 8860.0 1.6391 0.0592 1.6391 3.1551 2.2723
17730 8865.0 1.6809 0.4779 1.6809 3.0836 2.3961
17740 8870.0 1.7076 1.6573 1.7076 3.0700 2.4366
17750 8875.0 1.6621 0.0730 1.6621 3.1880 2.3416
17760 8880.0 1.6273 0.2572 1.6273 3.3020 2.2265
17770 8885.0 1.6419 0.0330 1.6419 3.2695 2.2608
17780 8890.0 1.7059 1.5609 1.7059 3.1734 2.3863
17790 8895.0 1.6980 1.1535 1.6980 3.1767 2.3837
17800 8900.0 1.6121 0.7167 1.6121 3.2687 2.2648
17810 8905.0 1.5916 1.7049 1.5916 3.3023 2.2290
17820 8910.0 1.6609 0.0597 1.6609 3.2619 2.2919
17830 8915.0 1.6900 0.7980 1.6900 3.3005 2.3636
17840 8920.0 1.6635 0.0907 1.6635 3.4437 2.2635
17850 8925.0 1.6332 0.1416 1.6332 3.5342 2.1924
17860 8930.0 1.6369 0.0863 1.6369 3.4458 2.3072
17870 8935.0 1.6214 0.4083 1.6214 3.3647 2.2723
17880 8940.0 1.6467 0.0054 1.6467 3.3991 2.3323
17890 8945.0 1.6229 0.3672 1.6229 3.5472 2.3518
17900 8950.0 1.5854 2.0845 1.5854 3.6824 2.2446
17910 8955.0 1.6077 0.8927 1.6077 3.6430 2.3244
17920 8960.0 1.6726 0.2545 1.6726 3.4816 2.4368
17930 8965.0 1.6472 0.0038 1.6472 3.4140 2.3426
17940 8970.0 1.5486 5.1378 1.5486 3.5130 2.3160
17950 8975.0 1.5891 1.8547 1.5891 3.6181 2.3829
17960 8980.0 1.6291 0.2192 1.6291 3.4549 2.4932
17970 8985.0 1.6283 0.2344 1.6283 3.3191 2.5342
17980 8990.0 1.6293 0.2150 1.6293 3.2887 2.5277
17990 8995.0 1.6283 0.2364 1.6283 3.4070 2.4408
18000 9000.0 1.6073 0.9109 1.6073 3.5136 2.3612
