# step  time_fs  cv_FeH(A)  bias(kJ/mol)  d_min_FeH(A)  d_min_OH(A)  d_min_SH(A)
0 0.0 1.7182 2380.0576 1.7182 2.5114 2.4126
10 5.0 3.1375 290.7196 3.1375 1.4411 2.4934
20 10.0 3.3302 162.3633 3.3302 1.5963 2.1102
30 15.0 3.3651 143.0853 3.3651 1.3906 2.2869
40 20.0 3.3418 155.7996 3.3418 1.5824 2.2328
50 25.0 3.3107 173.6407 3.3107 0.9667 2.5237
60 30.0 3.2452 214.3807 3.2452 1.6201 2.6377
70 35.0 3.2455 214.1864 3.2455 1.7521 2.3918
80 40.0 3.3326 160.9777 3.3326 2.0567 1.8534
90 45.0 3.1384 289.9816 3.1384 1.7993 1.6861
100 50.0 3.2010 244.3112 3.2010 1.7190 2.2061
110 55.0 3.3119 172.9017 3.3119 1.5105 2.2216
120 60.0 3.3620 144.7000 3.3620 1.7666 2.0972
130 65.0 3.4886 84.6153 3.4886 1.6303 2.1869
140 70.0 3.4513 100.6784 3.4513 1.8879 2.2241
150 75.0 3.3126 172.5416 3.3126 2.1463 1.7005
160 80.0 3.4918 83.2995 3.4918 2.0699 2.0178
170 85.0 3.4645 94.8149 3.4645 2.3451 2.1754
180 90.0 3.3549 148.5690 3.3549 2.1263 1.9267
190 95.0 3.4317 109.6631 3.4317 2.0892 2.3834
200 100.0 3.5158 73.7997 3.5158 2.2012 2.2327
210 105.0 3.3853 132.4602 3.3853 2.2224 1.8383
220 110.0 3.4097 120.1942 3.4097 2.1294 2.2271
230 115.0 3.4315 109.7330 3.4315 2.0219 2.0472
240 120.0 3.5345 66.7847 3.5345 2.1527 2.1984
250 125.0 3.5565 58.9859 3.5565 2.3477 2.1789
260 130.0 3.5165 73.5293 3.5165 2.0790 2.1177
270 135.0 3.5318 67.7726 3.5318 2.2549 2.2749
280 140.0 3.5257 70.0579 3.5257 2.1624 2.1019
290 145.0 3.4983 80.6710 3.4983 2.1931 2.2916
300 150.0 3.5444 63.2249 3.5444 2.2028 2.1704
310 155.0 3.5784 51.7030 3.5784 2.1138 2.2500
320 160.0 3.5757 52.5991 3.5757 1.9202 2.1598
330 165.0 3.4846 86.2642 3.4846 1.9821 2.3649
340 170.0 3.4748 90.3855 3.4748 2.1215 2.1306
350 175.0 3.4574 97.9460 3.4574 2.1215 2.4437
360 180.0 3.4886 84.6086 3.4886 2.0564 2.2167
370 185.0 3.5271 69.5416 3.5271 2.2278 2.4838
380 190.0 3.5497 61.3468 3.5497 2.0294 2.4020
390 195.0 3.5489 61.6282 3.5489 2.0797 2.4673
400 200.0 3.6002 44.9419 3.6002 2.2904 2.4476
410 205.0 3.5734 53.3299 3.5734 2.2606 2.3126
420 210.0 3.5570 58.8075 3.5570 2.1161 2.3561
430 215.0 3.5716 53.9273 3.5716 2.2752 2.2844
440 220.0 3.6105 41.9096 3.6105 2.4465 2.3616
450 225.0 3.5836 50.0672 3.5836 2.2945 2.3472
460 230.0 3.5547 59.6196 3.5547 2.1816 2.3280
470 235.0 3.5832 50.1945 3.5832 2.3324 2.2755
480 240.0 3.5836 50.0488 3.5836 2.3129 2.1175
490 245.0 3.5519 60.5984 3.5519 2.4339 2.2153
500 250.0 3.5463 62.5533 3.5463 2.4292 2.0772
510 255.0 3.6099 42.0772 3.6099 2.4947 2.1254
520 260.0 3.5768 52.2138 3.5768 2.4361 2.1324
530 265.0 3.5115 75.4559 3.5115 2.3296 2.0893
540 270.0 3.5168 73.4058 3.5168 2.2184 2.1836
550 275.0 3.5332 67.2843 3.5332 2.2016 2.0620
560 280.0 3.5446 63.1651 3.5446 2.4430 2.0687
570 285.0 3.5594 58.0000 3.5594 2.2698 1.9851
580 290.0 3.5966 46.0108 3.5966 2.2774 2.0485
590 295.0 3.5660 55.7655 3.5660 2.4984 2.1082
600 300.0 3.5723 53.6896 3.5723 2.4573 2.0793
610 305.0 3.5841 49.9065 3.5841 2.3758 2.0068
620 310.0 3.5747 52.9259 3.5747 2.4121 2.0196
630 315.0 3.5736 53.2659 3.5736 2.4550 1.9247
640 320.0 3.5949 46.5344 3.5949 2.4785 1.9731
650 325.0 3.5834 50.1147 3.5834 2.5138 2.0086
660 330.0 3.5467 62.4170 3.5467 2.4139 1.9391
670 335.0 3.5845 49.7550 3.5845 2.4210 1.9455
680 340.0 3.5520 60.5677 3.5520 2.4239 1.8351
690 345.0 3.5701 54.4283 3.5701 2.4690 1.8647
700 350.0 3.5844 49.8139 3.5844 2.4991 1.9031
710 355.0 3.5607 57.5542 3.5607 2.4907 1.8366
720 360.0 3.5775 52.0030 3.5775 2.4616 1.9366
730 365.0 3.5607 57.5785 3.5607 2.4937 1.8452
740 370.0 3.6042 43.7588 3.6042 2.5836 1.8787
750 375.0 3.6035 43.9544 3.6035 2.6823 1.8850
760 380.0 3.5882 48.6164 3.5882 2.6663 1.8822
770 385.0 3.5917 47.5292 3.5917 2.6188 1.9696
780 390.0 3.5643 56.3380 3.5643 2.4139 1.9163
790 395.0 3.5852 49.5405 3.5852 2.3983 1.9601
800 400.0 3.5909 47.7674 3.5909 2.5770 1.9729
810 405.0 3.5723 53.7074 3.5723 2.6342 1.9867
820 410.0 3.5590 58.1533 3.5590 2.6156 2.0114
830 415.0 3.5648 56.1763 3.5648 2.6110 2.0278
840 420.0 3.5723 53.7072 3.5723 2.4234 2.0384
850 425.0 3.5530 60.1975 3.5530 2.3248 2.0278
860 430.0 3.5409 64.4874 3.5409 2.3794 2.0208
870 435.0 3.5440 63.3837 3.5440 2.5308 2.0415
880 440.0 3.5255 70.1068 3.5255 2.5380 2.0482
890 445.0 3.5388 65.2303 3.5388 2.5614 2.0443
900 450.0 3.5666 55.5876 3.5666 2.4000 2.0404
910 455.0 3.5654 55.9748 3.5654 2.2416 2.0382
920 460.0 3.5627 56.8756 3.5627 2.2506 2.0201
930 465.0 3.5683 55.0055 3.5683 2.4588 2.0222
940 470.0 3.5523 60.4395 3.5523 2.5412 2.0531
950 475.0 3.5543 59.7491 3.5543 2.5724 2.0708
960 480.0 3.5498 61.3062 3.5498 2.4633 2.0802
970 485.0 3.5318 67.7753 3.5318 2.3978 2.0826
980 490.0 3.5266 69.7209 3.5266 2.4357 2.1308
990 495.0 3.5295 68.6289 3.5295 2.5574 2.1641
1000 500.0 3.5308 68.1407 3.5308 2.6670 2.1701
1010 505.0 3.5226 71.1989 3.5226 2.6086 2.1774
1020 510.0 3.5078 76.9205 3.5078 2.5847 2.1198
1030 515.0 3.5091 76.4104 3.5091 2.6141 2.2437
1040 520.0 3.5143 74.3679 3.5143 2.6286 2.1495
1050 525.0 3.5330 67.3266 3.5330 2.6993 2.2206
1060 530.0 3.5587 58.2476 3.5587 2.6893 2.1405
1070 535.0 3.5454 62.8816 3.5454 2.5698 2.0663
1080 540.0 3.5715 53.9398 3.5715 2.4027 2.1000
1090 545.0 3.5664 55.6429 3.5664 2.2699 2.0932
1100 550.0 3.5566 58.9477 3.5566 2.2265 2.0559
1110 555.0 3.5644 56.3281 3.5644 2.3806 2.1201
1120 560.0 3.5517 60.6534 3.5517 2.5181 2.0468
1130 565.0 3.5582 58.4264 3.5582 2.5989 2.0893
1140 570.0 3.5560 59.1702 3.5560 2.5506 2.1045
1150 575.0 3.5745 52.9725 3.5745 2.4181 2.0807
1160 580.0 3.5792 51.4518 3.5792 2.2383 2.1008
1170 585.0 3.5815 50.7151 3.5815 2.2049 2.1095
1180 590.0 3.5795 51.3497 3.5795 2.3459 2.1553
1190 595.0 3.5614 57.3305 3.5614 2.4247 2.1308
1200 600.0 3.5536 59.9877 3.5536 2.3786 2.2383
1210 605.0 3.5922 47.3771 3.5922 2.2747 2.1943
1220 610.0 3.6060 43.2251 3.6060 2.1489 2.2295
1230 615.0 3.5913 47.6327 3.5913 2.2868 2.2065
1240 620.0 3.5822 50.5084 3.5822 2.3979 2.1265
1250 625.0 3.5967 46.0071 3.5967 2.4108 2.1854
1260 630.0 3.5853 49.5293 3.5853 2.3428 2.2255
1270 635.0 3.5735 53.3038 3.5735 2.2446 2.2045
1280 640.0 3.5816 50.6741 3.5816 2.2778 2.2418
1290 645.0 3.6061 43.1948 3.6061 2.3065 2.1864
1300 650.0 3.5767 52.2591 3.5767 2.3485 2.1063
1310 655.0 3.5898 48.1192 3.5898 2.2972 2.1799
1320 660.0 3.5851 49.5955 3.5851 2.1798 2.1443
1330 665.0 3.5931 47.0853 3.5931 2.2586 2.2511
1340 670.0 3.5640 56.4533 3.5640 2.3288 2.2965
1350 675.0 3.5764 52.3503 3.5764 2.3833 2.2744
1360 680.0 3.5637 56.5546 3.5637 2.4073 2.1886
1370 685.0 3.5693 54.6802 3.5693 2.2796 2.1955
1380 690.0 3.5578 58.5461 3.5578 2.2054 2.1086
1390 695.0 3.5598 57.8680 3.5598 2.1587 2.1893
1400 700.0 3.5601 57.7614 3.5601 2.2039 2.2110
1410 705.0 3.5451 62.9654 3.5451 2.2826 2.2603
1420 710.0 3.5423 63.9769 3.5423 2.3260 2.3495
1430 715.0 3.5452 62.9242 3.5452 2.3207 2.4243
1440 720.0 3.5510 60.8852 3.5510 2.2788 2.4693
1450 725.0 3.5616 57.2425 3.5616 2.2590 2.4847
1460 730.0 3.5714 53.9736 3.5714 2.1496 2.4723
1470 735.0 3.5808 50.9602 3.5808 2.2145 2.4301
1480 740.0 3.5943 46.7185 3.5943 2.2051 2.4834
1490 745.0 3.5906 47.8776 3.5906 2.2389 2.4730
1500 750.0 3.5790 51.5238 3.5790 2.3018 2.3446
1510 755.0 3.5929 47.1593 3.5929 2.2595 2.4099
1520 760.0 3.5994 45.1710 3.5994 2.3175 2.2817
1530 765.0 3.5862 49.2271 3.5862 2.3995 2.3869
1540 770.0 3.6051 43.4957 3.6051 2.3611 2.2411
1550 775.0 3.6007 44.7907 3.6007 2.4209 2.3301
1560 780.0 3.6188 39.5502 3.6188 2.3530 2.2438
1570 785.0 3.6038 43.8661 3.6038 2.3675 2.3050
1580 790.0 3.6165 40.1746 3.6165 2.3576 2.2409
1590 795.0 3.6193 39.4081 3.6193 2.3771 2.2011
1600 800.0 3.5911 47.7191 3.5911 2.4155 2.2156
1610 805.0 3.5804 51.0821 3.5804 2.3763 2.2195
1620 810.0 3.6122 41.4111 3.6122 2.3222 2.2011
1630 815.0 3.5908 47.8137 3.5908 2.2775 2.2000
1640 820.0 3.5881 48.6422 3.5881 2.3177 2.3280
1650 825.0 3.5869 49.0170 3.5869 2.2984 2.3235
1660 830.0 3.5962 46.1578 3.5962 2.3460 2.2925
1670 835.0 3.5992 45.2427 3.5992 2.2874 2.2669
1680 840.0 3.5931 47.1018 3.5931 2.2621 2.2306
1690 845.0 3.5919 47.4732 3.5919 2.3305 2.2344
1700 850.0 3.5810 50.8804 3.5810 2.3504 2.2670
1710 855.0 3.5742 53.0683 3.5742 2.3178 2.2628
1720 860.0 3.5686 54.9250 3.5686 2.2919 2.1854
1730 865.0 3.5792 51.4407 3.5792 2.3061 2.2481
1740 870.0 3.5755 52.6412 3.5755 2.3682 2.2563
1750 875.0 3.5664 55.6367 3.5664 2.3004 2.2095
1760 880.0 3.5689 54.8058 3.5689 2.3411 2.2551
1770 885.0 3.5682 55.0554 3.5682 2.2843 2.2477
1780 890.0 3.5736 53.2527 3.5736 2.3443 2.2103
1790 895.0 3.5606 57.5879 3.5606 2.2271 2.2934
1800 900.0 3.5920 47.4456 3.5920 2.2239 2.2443
1810 905.0 3.5887 48.4496 3.5887 2.3315 2.2767
1820 910.0 3.5849 49.6315 3.5849 2.3262 2.2832
1830 915.0 3.6052 43.4631 3.6052 2.3465 2.2588
1840 920.0 3.6132 41.1170 3.6132 2.3559 2.2601
1850 925.0 3.6071 42.8895 3.6071 2.3770 2.2782
1860 930.0 3.6076 42.7555 3.6076 2.3069 2.2251
1870 935.0 3.6114 41.6411 3.6114 2.2625 2.2193
1880 940.0 3.6171 40.0214 3.6171 2.3107 2.1822
1890 945.0 3.6214 38.8171 3.6214 2.3749 2.1448
1900 950.0 3.6164 40.2221 3.6164 2.4391 2.1164
1910 955.0 3.6021 44.3791 3.6021 2.4461 2.0858
1920 960.0 3.5981 45.5660 3.5981 2.3844 2.1186
1930 965.0 3.5962 46.1344 3.5962 2.3687 2.0830
1940 970.0 3.5985 45.4532 3.5985 2.4029 2.1281
1950 975.0 3.5826 50.3699 3.5826 2.4464 2.1948
1960 980.0 3.5868 49.0493 3.5868 2.4451 2.2093
1970 985.0 3.5777 51.9251 3.5777 2.3696 2.2233
1980 990.0 3.5612 57.3829 3.5612 2.2360 2.3205
1990 995.0 3.5617 57.2295 3.5617 2.2229 2.2870
2000 1000.0 3.5478 62.0152 3.5478 2.3053 2.3805
2010 1005.0 3.5557 59.2786 3.5557 2.2774 2.3324
2020 1010.0 3.5773 52.0833 3.5773 2.2329 2.3474
2030 1015.0 3.5716 53.9147 3.5716 2.1624 2.3570
2040 1020.0 3.5693 54.6891 3.5693 2.2726 2.2978
2050 1025.0 3.5840 49.9227 3.5840 2.2117 2.2855
2060 1030.0 3.6050 43.5246 3.6050 2.1996 2.3080
2070 1035.0 3.6325 35.7798 3.6325 2.2293 2.2788
2080 1040.0 3.6421 33.2650 3.6421 2.2226 2.2666
2090 1045.0 3.6431 33.0021 3.6431 2.1854 2.2571
2100 1050.0 3.6399 33.8239 3.6399 2.2785 2.2977
2110 1055.0 3.6136 41.0263 3.6136 2.3529 2.3407
2120 1060.0 3.6274 37.1647 3.6274 2.3942 2.3283
2130 1065.0 3.6316 36.0253 3.6316 2.3376 2.3098
2140 1070.0 3.6486 31.5993 3.6486 2.2334 2.3170
2150 1075.0 3.6368 34.6281 3.6368 2.2170 2.3304
2160 1080.0 3.6433 32.9503 3.6433 2.3269 2.3434
2170 1085.0 3.6252 37.7620 3.6252 2.2793 2.3699
2180 1090.0 3.5820 50.5485 3.5820 2.3403 2.4105
2190 1095.0 3.5914 47.6119 3.5914 2.3286 2.4027
2200 1100.0 3.6345 35.2453 3.6345 2.2592 2.3799
2210 1105.0 3.6015 44.5461 3.6015 2.1842 2.4493
2220 1110.0 3.6240 38.0871 3.6240 2.1879 2.3533
2230 1115.0 3.5854 49.4812 3.5854 2.2043 2.4506
2240 1120.0 3.6006 44.8345 3.6006 2.2286 2.4108
2250 1125.0 3.6052 43.4481 3.6052 2.1947 2.3444
2260 1130.0 3.6303 36.3589 3.6303 2.2134 2.3655
2270 1135.0 3.6095 42.2012 3.6095 2.2184 2.4121
2280 1140.0 3.6022 44.3445 3.6022 2.2174 2.3072
2290 1145.0 3.6051 43.4971 3.6051 2.2327 2.4079
2300 1150.0 3.6227 38.4503 3.6227 2.2491 2.3238
2310 1155.0 3.6115 41.6171 3.6115 2.3452 2.3454
2320 1160.0 3.6031 44.0689 3.6031 2.3445 2.3622
2330 1165.0 3.6311 36.1584 3.6311 2.3018 2.2918
2340 1170.0 3.6270 37.2571 3.6270 2.3500 2.2905
2350 1175.0 3.6084 42.5239 3.6084 2.4121 2.2675
2360 1180.0 3.5952 46.4565 3.5952 2.3880 2.2720
2370 1185.0 3.5816 50.6754 3.5816 2.3470 2.2783
2380 1190.0 3.5771 52.1178 3.5771 2.2320 2.2694
2390 1195.0 3.5839 49.9443 3.5839 2.2079 2.2364
2400 1200.0 3.5817 50.6567 3.5817 2.3036 2.2126
2410 1205.0 3.5748 52.8628 3.5748 2.3692 2.2121
2420 1210.0 3.5861 49.2629 3.5861 2.3296 2.2115
2430 1215.0 3.5970 45.9010 3.5970 2.2579 2.1990
2440 1220.0 3.6025 44.2491 3.6025 2.2534 2.1987
2450 1225.0 3.6067 43.0235 3.6067 2.3552 2.2214
2460 1230.0 3.5969 45.9270 3.5969 2.4521 2.2303
2470 1235.0 3.5973 45.8221 3.5973 2.4573 2.2399
2480 1240.0 3.5936 46.9527 3.5936 2.5010 2.2256
2490 1245.0 3.5909 47.7589 3.5909 2.4429 2.2330
2500 1250.0 3.5809 50.9069 3.5809 2.3523 2.2115
2510 1255.0 3.5834 50.1188 3.5834 2.2911 2.1500
2520 1260.0 3.5743 53.0423 3.5743 2.3410 2.1223
2530 1265.0 3.5584 58.3622 3.5584 2.3597 2.1471
2540 1270.0 3.5678 55.1934 3.5678 2.2706 2.1140
2550 1275.0 3.5732 53.3952 3.5732 2.2066 2.0950
2560 1280.0 3.5600 57.8123 3.5600 2.2829 2.0545
2570 1285.0 3.5686 54.9025 3.5686 2.3328 2.0729
2580 1290.0 3.5656 55.9062 3.5656 2.2567 2.0866
2590 1295.0 3.5617 57.2155 3.5617 2.2241 2.0832
2600 1300.0 3.5511 60.8826 3.5511 2.2603 2.0567
2610 1305.0 3.5440 63.3785 3.5440 2.3445 2.1248
2620 1310.0 3.5713 54.0295 3.5713 2.3264 2.1036
2630 1315.0 3.5424 63.9446 3.5424 2.1678 2.0178
2640 1320.0 3.5352 66.5307 3.5352 2.1567 2.1586
2650 1325.0 3.5284 69.0267 3.5284 2.3220 2.0380
2660 1330.0 3.5384 65.3631 3.5384 2.3853 2.2297
2670 1335.0 3.5553 59.4220 3.5553 2.2882 2.1266
2680 1340.0 3.5783 51.7604 3.5783 2.3279 2.2246
2690 1345.0 3.6043 43.7157 3.6043 2.4064 2.1628
2700 1350.0 3.5909 47.7795 3.5909 2.4451 2.2009
2710 1355.0 3.5849 49.6463 3.5849 2.3482 2.1865
2720 1360.0 3.5809 50.9034 3.5809 2.2876 2.1918
2730 1365.0 3.5836 50.0683 3.5836 2.3133 2.1759
2740 1370.0 3.5758 52.5388 3.5758 2.3796 2.2091
2750 1375.0 3.5817 50.6612 3.5817 2.3879 2.2202
2760 1380.0 3.5787 51.6072 3.5787 2.3498 2.1569
2770 1385.0 3.5780 51.8448 3.5780 2.2791 2.2355
2780 1390.0 3.5859 49.3408 3.5859 2.2754 2.1847
2790 1395.0 3.5980 45.6098 3.5980 2.3569 2.2498
2800 1400.0 3.5839 49.9727 3.5839 2.4134 2.2681
2810 1405.0 3.5949 46.5345 3.5949 2.3410 2.2220
2820 1410.0 3.5895 48.2138 3.5895 2.2010 2.2251
2830 1415.0 3.5670 55.4563 3.5670 2.2529 2.2788
2840 1420.0 3.5857 49.3887 3.5857 2.4260 2.2144
2850 1425.0 3.5760 52.4883 3.5760 2.4647 2.1904
2860 1430.0 3.5877 48.7724 3.5877 2.3812 2.1781
2870 1435.0 3.5474 62.1702 3.5474 2.2568 2.2327
2880 1440.0 3.5563 59.0563 3.5563 2.3111 2.0883
2890 1445.0 3.5682 55.0347 3.5682 2.4929 2.1321
2900 1450.0 3.5496 61.3797 3.5496 2.6095 2.0175
2910 1455.0 3.5717 53.8868 3.5717 2.5623 2.0000
2920 1460.0 3.5773 52.0660 3.5773 2.3995 2.0379
2930 1465.0 3.5389 65.1824 3.5389 2.2739 1.9579
2940 1470.0 3.5393 65.0359 3.5393 2.3359 2.0531
2950 1475.0 3.5286 68.9602 3.5286 2.4775 1.9066
2960 1480.0 3.5323 67.6083 3.5323 2.5718 1.9692
2970 1485.0 3.4997 80.1287 3.4997 2.4973 1.8731
2980 1490.0 3.4996 80.1503 3.4996 2.3896 2.0298
2990 1495.0 3.5143 74.3894 3.5143 2.3428 2.0112
3000 1500.0 3.5196 72.3447 3.5196 2.3228 1.9926
3010 1505.0 3.5365 66.0495 3.5365 2.4819 2.0182
3020 1510.0 3.5282 69.1019 3.5282 2.4402 1.9809
3030 1515.0 3.5464 62.5042 3.5464 2.5365 1.9921
3040 1520.0 3.5638 56.5174 3.5638 2.4877 2.0021
3050 1525.0 3.5461 62.6329 3.5461 2.3898 2.0330
3060 1530.0 3.5380 65.5139 3.5380 2.3916 2.0544
3070 1535.0 3.5592 58.0782 3.5592 2.3998 2.0896
3080 1540.0 3.5708 54.1780 3.5708 2.5070 2.1325
3090 1545.0 3.5410 64.4335 3.5410 2.4181 2.1250
3100 1550.0 3.5459 62.6836 3.5459 2.4675 2.1986
3110 1555.0 3.5521 60.5059 3.5521 2.5023 2.1625
3120 1560.0 3.5605 57.6468 3.5605 2.3712 2.1588
3130 1565.0 3.5387 65.2720 3.5387 2.2879 2.2026
3140 1570.0 3.5694 54.6439 3.5694 2.3624 2.1629
3150 1575.0 3.5624 56.9847 3.5624 2.4857 2.1326
3160 1580.0 3.5523 60.4397 3.5523 2.4183 2.2190
3170 1585.0 3.5881 48.6524 3.5881 2.4589 2.1306
3180 1590.0 3.5552 59.4456 3.5552 2.2810 2.0838
3190 1595.0 3.5509 60.9266 3.5509 2.2412 2.1634
3200 1600.0 3.5878 48.7239 3.5878 2.4260 2.1250
3210 1605.0 3.5369 65.9203 3.5369 2.5196 2.0757
3220 1610.0 3.5339 67.0071 3.5339 2.3645 2.1578
3230 1615.0 3.5922 47.3783 3.5922 2.3658 2.0746
3240 1620.0 3.5497 61.3458 3.5497 2.2656 2.0385
3250 1625.0 3.5774 52.0274 3.5774 2.3614 2.1422
3260 1630.0 3.5925 47.2817 3.5925 2.4771 2.1468
3270 1635.0 3.5627 56.8903 3.5627 2.4576 2.1203
3280 1640.0 3.5737 53.2198 3.5737 2.3764 2.1576
3290 1645.0 3.5612 57.4079 3.5612 2.3555 2.2520
3300 1650.0 3.5562 59.1066 3.5562 2.1836 2.2831
3310 1655.0 3.5619 57.1654 3.5619 2.2222 2.2409
3320 1660.0 3.5666 55.5880 3.5666 2.4055 2.2619
3330 1665.0 3.5516 60.6862 3.5516 2.4572 2.3055
3340 1670.0 3.5604 57.6478 3.5604 2.4669 2.2864
3350 1675.0 3.5705 54.2812 3.5705 2.3469 2.2601
3360 1680.0 3.5632 56.7178 3.5632 2.2574 2.2470
3370 1685.0 3.5829 50.2748 3.5829 2.1776 2.1923
3380 1690.0 3.5783 51.7383 3.5783 2.2402 2.1600
3390 1695.0 3.5713 54.0150 3.5713 2.3137 2.1376
3400 1700.0 3.5845 49.7702 3.5845 2.2853 2.1095
3410 1705.0 3.5909 47.7751 3.5909 2.2207 2.1028
3420 1710.0 3.5911 47.7030 3.5911 2.1721 2.0809
3430 1715.0 3.5737 53.2276 3.5737 2.2038 2.0552
3440 1720.0 3.5941 46.7966 3.5941 2.2594 2.0866
3450 1725.0 3.5936 46.9336 3.5936 2.2621 2.1139
3460 1730.0 3.5664 55.6389 3.5664 2.2767 2.0500
3470 1735.0 3.5789 51.5649 3.5789 2.3339 2.1473
3480 1740.0 3.5872 48.9126 3.5872 2.3549 2.0861
3490 1745.0 3.5950 46.5132 3.5950 2.3755 2.1112
3500 1750.0 3.5896 48.1637 3.5896 2.3622 2.1802
3510 1755.0 3.5895 48.1925 3.5895 2.3277 2.1327
3520 1760.0 3.5966 46.0316 3.5966 2.3677 2.1373
3530 1765.0 3.5883 48.5846 3.5883 2.4179 2.2084
3540 1770.0 3.5964 46.0939 3.5964 2.3816 2.1587
3550 1775.0 3.5925 47.2665 3.5925 2.3224 2.1826
3560 1780.0 3.5847 49.7146 3.5847 2.3269 2.2541
3570 1785.0 3.6246 37.9153 3.6246 2.4166 2.1966
3580 1790.0 3.6104 41.9230 3.6104 2.5174 2.1657
3590 1795.0 3.5965 46.0652 3.5965 2.4521 2.2428
3600 1800.0 3.5599 57.8412 3.5599 2.3833 2.1543
3610 1805.0 3.5831 50.2026 3.5831 2.4316 2.2319
3620 1810.0 3.5748 52.8852 3.5748 2.5089 2.2354
3630 1815.0 3.6140 40.8903 3.6140 2.5873 2.1752
3640 1820.0 3.6037 43.8940 3.6037 2.4074 2.1541
3650 1825.0 3.5835 50.0733 3.5835 2.2726 2.1593
3660 1830.0 3.5879 48.7138 3.5879 2.3234 2.2120
3670 1835.0 3.5896 48.1782 3.5896 2.4636 2.2354
3680 1840.0 3.5827 50.3402 3.5827 2.5538 2.2009
3690 1845.0 3.5814 50.7409 3.5814 2.5455 2.1961
3700 1850.0 3.5894 48.2315 3.5894 2.4115 2.2318
3710 1855.0 3.5886 48.4752 3.5886 2.3330 2.1646
3720 1860.0 3.6009 44.7246 3.6009 2.3525 2.1783
3730 1865.0 3.5901 48.0205 3.5901 2.4820 2.1622
3740 1870.0 3.5886 48.4991 3.5886 2.4847 2.1250
3750 1875.0 3.5937 46.9009 3.5937 2.3904 2.0962
3760 1880.0 3.5923 47.3440 3.5923 2.2108 2.1069
3770 1885.0 3.5964 46.0783 3.5964 2.1754 2.0947
3780 1890.0 3.5883 48.5884 3.5883 2.2867 2.1179
3790 1895.0 3.5825 50.4003 3.5825 2.3363 2.1233
3800 1900.0 3.5714 53.9850 3.5714 2.2945 2.1073
3810 1905.0 3.5678 55.1830 3.5678 2.2128 2.1591
3820 1910.0 3.5703 54.3470 3.5703 2.2340 2.1481
3830 1915.0 3.5605 57.6393 3.5605 2.3568 2.2176
3840 1920.0 3.5667 55.5495 3.5667 2.4013 2.2184
3850 1925.0 3.5807 50.9769 3.5807 2.3677 2.1887
3860 1930.0 3.5711 54.0809 3.5711 2.2462 2.1935
3870 1935.0 3.5618 57.2053 3.5618 2.2160 2.2001
3880 1940.0 3.5773 52.0537 3.5773 2.3346 2.1852
3890 1945.0 3.5821 50.5354 3.5821 2.4519 2.1798
3900 1950.0 3.5655 55.9341 3.5655 2.5155 2.1762
3910 1955.0 3.5819 50.5847 3.5819 2.4679 2.1525
3920 1960.0 3.5755 52.6484 3.5755 2.3571 2.1680
3930 1965.0 3.5608 57.5319 3.5608 2.3142 2.1484
3940 1970.0 3.5693 54.6745 3.5693 2.3443 2.0986
3950 1975.0 3.5771 52.1463 3.5771 2.5028 2.1199
3960 1980.0 3.5524 60.4067 3.5524 2.4438 2.0686
3970 1985.0 3.5563 59.0801 3.5563 2.3705 2.0761
3980 1990.0 3.5611 57.4344 3.5611 2.5035 2.0690
3990 1995.0 3.5358 66.3354 3.5358 2.5489 2.1137
4000 2000.0 3.5551 59.4662 3.5551 2.3469 2.1308
4010 2005.0 3.5599 57.8357 3.5599 2.2237 2.1287
4020 2010.0 3.5580 58.4932 3.5580 2.2808 2.1899
4030 2015.0 3.5543 59.7667 3.5543 2.4177 2.1466
4040 2020.0 3.5386 65.3177 3.5386 2.4864 2.1424
4050 2025.0 3.5253 70.1930 3.5253 2.4252 2.1751
4060 2030.0 3.5213 71.7156 3.5213 2.3994 2.1930
4070 2035.0 3.5059 77.6631 3.5059 2.3045 2.2236
4080 2040.0 3.5061 77.5810 3.5061 2.4004 2.2260
4090 2045.0 3.4990 80.3888 3.4990 2.4635 2.1132
4100 2050.0 3.4926 82.9784 3.4926 2.3754 2.0981
4110 2055.0 3.4890 84.4493 3.4890 2.3939 2.0143
4120 2060.0 3.4939 82.4548 3.4939 2.4227 2.0684
4130 2065.0 3.4972 81.1288 3.4972 2.2993 2.0983
4140 2070.0 3.5203 72.0781 3.5203 2.3061 2.1408
4150 2075.0 3.5179 72.9964 3.5179 2.3378 2.1257
4160 2080.0 3.5256 70.0922 3.5256 2.4021 2.1234
4170 2085.0 3.5435 63.5383 3.5435 2.4751 2.0914
4180 2090.0 3.5235 70.8855 3.5235 2.4147 2.1267
4190 2095.0 3.5424 63.9362 3.5424 2.4474 2.1082
4200 2100.0 3.5428 63.7877 3.5428 2.3549 2.0848
4210 2105.0 3.5207 71.9478 3.5207 2.3187 2.0744
4220 2110.0 3.5489 61.6475 3.5489 2.4137 2.0561
4230 2115.0 3.5423 63.9646 3.5423 2.4010 2.1586
4240 2120.0 3.5464 62.5113 3.5464 2.4196 2.1680
4250 2125.0 3.5506 61.0398 3.5506 2.4350 2.0990
4260 2130.0 3.5551 59.4845 3.5551 2.4408 2.1599
4270 2135.0 3.5525 60.3695 3.5525 2.5150 2.2008
4280 2140.0 3.5622 57.0563 3.5622 2.5297 2.1746
4290 2145.0 3.5636 56.5938 3.5636 2.5306 2.2452
4300 2150.0 3.5711 54.0850 3.5711 2.4980 2.2069
4310 2155.0 3.5780 51.8330 3.5780 2.4678 2.2438
4320 2160.0 3.5812 50.8325 3.5812 2.4525 2.2753
4330 2165.0 3.5741 53.1183 3.5741 2.3812 2.2426
4340 2170.0 3.5721 53.7458 3.5721 2.3272 2.3216
4350 2175.0 3.5904 47.9371 3.5904 2.4406 2.2476
4360 2180.0 3.5798 51.2525 3.5798 2.5200 2.2395
4370 2185.0 3.5640 56.4548 3.5640 2.5110 2.3117
4380 2190.0 3.5667 55.5328 3.5667 2.4163 2.1912
4390 2195.0 3.5469 62.3552 3.5469 2.2856 2.3140
4400 2200.0 3.5465 62.4707 3.5465 2.3390 2.1758
4410 2205.0 3.5509 60.9427 3.5509 2.4594 2.2852
4420 2210.0 3.5457 62.7765 3.5457 2.4429 2.1378
4430 2215.0 3.5487 61.7003 3.5487 2.4231 2.2207
4440 2220.0 3.5629 56.8218 3.5629 2.3503 2.1397
4450 2225.0 3.5451 62.9885 3.5451 2.1771 2.2053
4460 2230.0 3.5342 66.9183 3.5342 2.1712 2.1468
4470 2235.0 3.4995 80.2016 3.4995 2.3672 2.2234
4480 2240.0 3.5035 78.6133 3.5035 2.4078 2.0618
4490 2245.0 3.5219 71.4827 3.5219 2.2846 2.1457
4500 2250.0 3.5408 64.5276 3.5408 2.2863 2.1202
4510 2255.0 3.5473 62.1816 3.5473 2.2336 2.1023
4520 2260.0 3.5125 75.0813 3.5125 2.3003 2.1692
4530 2265.0 3.5022 79.1226 3.5022 2.4397 2.0494
4540 2270.0 3.4848 86.1812 3.4848 2.3704 2.1824
4550 2275.0 3.5051 77.9774 3.5051 2.4243 2.0257
4560 2280.0 3.4966 81.3836 3.4966 2.3314 2.1136
4570 2285.0 3.4687 92.9988 3.4687 2.3251 1.9382
4580 2290.0 3.4869 85.3406 3.4869 2.3545 2.0918
4590 2295.0 3.4938 82.5169 3.4938 2.5091 1.9276
4600 2300.0 3.5166 73.4998 3.5166 2.5180 2.0250
4610 2305.0 3.5345 66.7789 3.5345 2.4614 1.9675
4620 2310.0 3.5224 71.3004 3.5224 2.4206 1.9453
4630 2315.0 3.5083 76.7132 3.5083 2.4248 2.0649
4640 2320.0 3.5092 76.3509 3.5092 2.4824 1.9477
4650 2325.0 3.5081 76.7995 3.5081 2.4732 2.1289
4660 2330.0 3.5292 68.7532 3.5292 2.3999 2.0127
4670 2335.0 3.5258 70.0204 3.5258 2.4611 2.1900
4680 2340.0 3.5336 67.1341 3.5336 2.3939 2.0506
4690 2345.0 3.5513 60.7974 3.5513 2.4467 2.1923
4700 2350.0 3.5637 56.5584 3.5637 2.3925 2.1301
4710 2355.0 3.5771 52.1473 3.5771 2.3986 2.1752
4720 2360.0 3.5698 54.5127 3.5698 2.4428 2.2002
4730 2365.0 3.5623 57.0358 3.5623 2.3501 2.1450
4740 2370.0 3.5456 62.7853 3.5456 2.3028 2.2459
4750 2375.0 3.5479 61.9787 3.5479 2.3128 2.1257
4760 2380.0 3.5528 60.2596 3.5528 2.3443 2.2014
4770 2385.0 3.5589 58.1604 3.5589 2.3912 2.0797
4780 2390.0 3.5575 58.6491 3.5575 2.3981 2.1470
4790 2395.0 3.5501 61.2085 3.5501 2.3115 2.0244
4800 2400.0 3.5316 67.8488 3.5316 2.3005 2.1594
4810 2405.0 3.5233 70.9598 3.5233 2.2893 1.9846
4820 2410.0 3.5129 74.9246 3.5129 2.4032 2.1786
4830 2415.0 3.5096 76.1884 3.5096 2.3953 2.0093
4840 2420.0 3.5296 68.5997 3.5296 2.4206 2.1896
4850 2425.0 3.5306 68.2355 3.5306 2.3948 2.0444
4860 2430.0 3.5422 63.9941 3.5422 2.3482 2.2104
4870 2435.0 3.5437 63.4639 3.5437 2.3845 2.1103
4880 2440.0 3.5647 56.2057 3.5647 2.4879 2.1911
4890 2445.0 3.5523 60.4306 3.5523 2.4310 2.2424
4900 2450.0 3.5463 62.5484 3.5463 2.3468 2.1884
4910 2455.0 3.5649 56.1434 3.5649 2.3650 2.2200
4920 2460.0 3.5707 54.2086 3.5707 2.4624 2.2183
4930 2465.0 3.5753 52.7219 3.5753 2.4991 2.2123
4940 2470.0 3.5662 55.7268 3.5662 2.4134 2.1863
4950 2475.0 3.5777 51.9425 3.5777 2.5098 2.1815
4960 2480.0 3.5905 47.9027 3.5905 2.2532 2.2049
4970 2485.0 3.5909 47.7620 3.5909 2.1712 2.2095
4980 2490.0 3.5964 46.0883 3.5964 2.4350 2.1859
4990 2495.0 3.5670 55.4340 3.5670 2.3652 2.2036
5000 2500.0 3.5675 55.2825 3.5675 2.3770 2.2256
5010 2505.0 3.5754 52.6867 3.5754 2.4981 2.2290
5020 2510.0 3.5685 54.9437 3.5685 2.2655 2.2158
5030 2515.0 3.5693 54.6749 3.5693 2.1996 2.2008
5040 2520.0 3.5841 49.9040 3.5841 2.3984 2.1791
5050 2525.0 3.5755 52.6368 3.5755 2.4569 2.2244
5060 2530.0 3.5730 53.4502 3.5730 2.4097 2.2272
5070 2535.0 3.5592 58.0600 3.5592 2.4836 2.2079
5080 2540.0 3.5403 64.7099 3.5403 2.4410 2.2242
5090 2545.0 3.5424 63.9267 3.5424 2.3219 2.2046
5100 2550.0 3.5579 58.5113 3.5579 2.2691 2.1700
5110 2555.0 3.5629 56.8249 3.5629 2.4039 2.1537
5120 2560.0 3.5824 50.4386 3.5824 2.4234 2.0618
5130 2565.0 3.5757 52.5696 3.5757 2.4477 2.0254
5140 2570.0 3.5646 56.2618 3.5646 2.4410 2.0883
5150 2575.0 3.5507 60.9995 3.5507 2.3694 1.9579
5160 2580.0 3.5723 53.6781 3.5723 2.3736 2.0553
5170 2585.0 3.5764 52.3442 3.5764 2.3536 1.9800
5180 2590.0 3.5680 55.1200 3.5680 2.4169 1.9880
5190 2595.0 3.5453 62.9150 3.5453 2.4196 2.0840
5200 2600.0 3.5250 70.3206 3.5250 2.4198 1.9597
5210 2605.0 3.5394 65.0130 3.5394 2.4507 2.0972
5220 2610.0 3.5688 54.8305 3.5688 2.4772 2.0644
5230 2615.0 3.5629 56.8304 3.5629 2.4525 2.0079
5240 2620.0 3.5710 54.1052 3.5710 2.4528 2.0377
5250 2625.0 3.5627 56.8941 3.5627 2.4911 2.0646
5260 2630.0 3.5450 63.0279 3.5450 2.4279 1.9983
5270 2635.0 3.5598 57.8632 3.5598 2.3854 2.0716
5280 2640.0 3.5630 56.7708 3.5630 2.3132 2.1129
5290 2645.0 3.5679 55.1447 3.5679 2.3621 2.1271
5300 2650.0 3.5526 60.3573 3.5526 2.4434 2.0822
5310 2655.0 3.5561 59.1416 3.5561 2.4300 2.1360
5320 2660.0 3.5541 59.8126 3.5541 2.3314 2.1274
5330 2665.0 3.5517 60.6443 3.5517 2.3176 2.1106
5340 2670.0 3.5659 55.8126 3.5659 2.2969 2.1301
5350 2675.0 3.5597 57.8910 3.5597 2.3652 2.2220
5360 2680.0 3.5350 66.6235 3.5350 2.3576 2.2759
5370 2685.0 3.5493 61.4854 3.5493 2.3347 2.2328
5380 2690.0 3.5691 54.7517 3.5691 2.2569 2.2440
5390 2695.0 3.5779 51.8902 3.5779 2.1653 2.1739
5400 2700.0 3.5723 53.6818 3.5723 2.2403 2.2303
5410 2705.0 3.5831 50.2077 3.5831 2.2900 2.2596
5420 2710.0 3.5979 45.6466 3.5979 2.2581 2.2669
5430 2715.0 3.6161 40.3122 3.6161 2.1662 2.2429
5440 2720.0 3.6162 40.2832 3.6162 2.2890 2.2598
5450 2725.0 3.6107 41.8588 3.6107 2.3541 2.2537
5460 2730.0 3.6230 38.3588 3.6230 2.2529 2.2444
5470 2735.0 3.6184 39.6411 3.6184 2.0939 2.3012
5480 2740.0 3.6310 36.1893 3.6310 2.2325 2.2825
5490 2745.0 3.6242 38.0208 3.6242 2.3150 2.2956
5500 2750.0 3.6185 39.6225 3.6185 2.2576 2.3340
5510 2755.0 3.6163 40.2352 3.6163 2.3272 2.3499
5520 2760.0 3.6072 42.8663 3.6072 2.4109 2.3739
5530 2765.0 3.6008 44.7751 3.6008 2.2334 2.3523
5540 2770.0 3.5994 45.1926 3.5994 2.2313 2.4138
5550 2775.0 3.6121 41.4487 3.6121 2.3203 2.3621
5560 2780.0 3.6013 44.6249 3.6013 2.3858 2.2892
5570 2785.0 3.5663 55.6803 3.5663 2.2828 2.3511
5580 2790.0 3.5711 54.0916 3.5711 2.2623 2.2271
5590 2795.0 3.5867 49.0754 3.5867 2.3799 2.2327
5600 2800.0 3.5557 59.2865 3.5557 2.3048 2.1963
5610 2805.0 3.5428 63.7826 3.5428 2.2899 2.1127
5620 2810.0 3.5593 58.0378 3.5593 2.3201 2.1118
5630 2815.0 3.5642 56.3800 3.5642 2.2294 2.1251
5640 2820.0 3.5218 71.5138 3.5218 2.2698 2.1967
5650 2825.0 3.5539 59.8966 3.5539 2.3364 2.1390
5660 2830.0 3.5576 58.6171 3.5576 2.3319 2.1384
5670 2835.0 3.5535 60.0465 3.5535 2.3340 2.1455
5680 2840.0 3.5641 56.4247 3.5641 2.2865 2.1424
5690 2845.0 3.5322 67.6493 3.5322 2.3490 2.2486
5700 2850.0 3.5394 65.0172 3.5394 2.3423 2.2551
5710 2855.0 3.5499 61.2938 3.5499 2.3338 2.1987
5720 2860.0 3.5776 51.9577 3.5776 2.3659 2.2177
5730 2865.0 3.5642 56.3763 3.5642 2.3368 2.2467
5740 2870.0 3.5605 57.6323 3.5605 2.2631 2.1890
5750 2875.0 3.5575 58.6494 3.5575 2.3271 2.2759
5760 2880.0 3.5624 56.9963 3.5624 2.3759 2.2489
5770 2885.0 3.5631 56.7610 3.5631 2.2978 2.2083
5780 2890.0 3.5724 53.6698 3.5724 2.3380 2.2328
5790 2895.0 3.5849 49.6423 3.5849 2.3884 2.1942
5800 2900.0 3.5886 48.4903 3.5886 2.3791 2.1628
5810 2905.0 3.5795 51.3615 3.5795 2.4086 2.1555
5820 2910.0 3.5825 50.3976 3.5825 2.3695 2.1045
5830 2915.0 3.5860 49.2931 3.5860 2.3224 2.0955
5840 2920.0 3.5862 49.2372 3.5862 2.3258 2.0904
5850 2925.0 3.5896 48.1861 3.5896 2.3708 2.1128
5860 2930.0 3.5957 46.3028 3.5957 2.3736 2.1235
5870 2935.0 3.5938 46.8935 3.5938 2.2984 2.1309
5880 2940.0 3.6007 44.7859 3.6007 2.2806 2.1621
5890 2945.0 3.5988 45.3603 3.5988 2.3252 2.1640
5900 2950.0 3.5825 50.4048 3.5825 2.4230 2.1782
5910 2955.0 3.5748 52.8823 3.5748 2.3115 2.1828
5920 2960.0 3.5743 53.0248 3.5743 2.3090 2.1698
5930 2965.0 3.6117 41.5576 3.6117 2.3236 2.1954
5940 2970.0 3.5822 50.5058 3.5822 2.1636 2.2428
5950 2975.0 3.5966 46.0110 3.5966 2.2901 2.2457
5960 2980.0 3.5953 46.4066 3.5953 2.3431 2.2511
5970 2985.0 3.5935 46.9570 3.5935 2.3638 2.2866
5980 2990.0 3.5853 49.5275 3.5853 2.4168 2.2246
5990 2995.0 3.5782 51.7739 3.5782 2.3929 2.2550
6000 3000.0 3.5790 51.5196 3.5790 2.4002 2.2057
6010 3005.0 3.5508 60.9662 3.5508 2.3664 2.1315
6020 3010.0 3.5374 65.7223 3.5374 2.2918 2.2052
6030 3015.0 3.5818 50.6242 3.5818 2.1966 2.0970
6040 3020.0 3.5838 49.9826 3.5838 2.2093 2.0993
6050 3025.0 3.5787 51.6161 3.5787 2.2733 2.0964
6060 3030.0 3.5669 55.4614 3.5669 2.2740 2.0212
6070 3035.0 3.5560 59.1834 3.5560 2.2505 2.1364
6080 3040.0 3.5710 54.1358 3.5710 2.2404 2.0290
6090 3045.0 3.6060 43.2088 3.6060 2.3751 2.0942
6100 3050.0 3.5803 51.0944 3.5803 2.4255 2.1651
6110 3055.0 3.5766 52.2787 3.5766 2.2905 2.1296
6120 3060.0 3.5892 48.2855 3.5892 2.2416 2.2143
6130 3065.0 3.5547 59.6030 3.5547 2.3343 2.2745
6140 3070.0 3.5843 49.8346 3.5843 2.4195 2.2183
6150 3075.0 3.5712 54.0395 3.5712 2.4674 2.1733
6160 3080.0 3.5797 51.2974 3.5797 2.4901 2.2575
6170 3085.0 3.5780 51.8275 3.5780 2.4105 2.2146
6180 3090.0 3.5754 52.6739 3.5754 2.4231 2.2937
6190 3095.0 3.5698 54.5265 3.5698 2.4052 2.2710
6200 3100.0 3.5699 54.4752 3.5699 2.3868 2.1985
6210 3105.0 3.5895 48.2188 3.5895 2.4532 2.2601
6220 3110.0 3.5898 48.1145 3.5898 2.3694 2.2057
6230 3115.0 3.5976 45.7275 3.5976 2.3840 2.2307
6240 3120.0 3.5966 46.0144 3.5966 2.3489 2.1648
6250 3125.0 3.5992 45.2446 3.5992 2.3962 2.1483
6260 3130.0 3.5985 45.4561 3.5985 2.4747 2.0868
6270 3135.0 3.5995 45.1544 3.5995 2.4515 2.0850
6280 3140.0 3.5858 49.3463 3.5858 2.4241 2.1005
6290 3145.0 3.5871 48.9431 3.5871 2.4578 2.0456
6300 3150.0 3.5845 49.7817 3.5845 2.3980 2.0939
6310 3155.0 3.5807 50.9809 3.5807 2.3487 2.0991
6320 3160.0 3.5885 48.5006 3.5885 2.3604 2.1170
6330 3165.0 3.5971 45.8733 3.5971 2.4627 2.1241
6340 3170.0 3.5905 47.8999 3.5905 2.4784 2.1196
6350 3175.0 3.5915 47.5836 3.5915 2.4709 2.1430
6360 3180.0 3.5861 49.2695 3.5861 2.3613 2.1693
6370 3185.0 3.5720 53.7992 3.5720 2.3217 2.2134
6380 3190.0 3.5785 51.6971 3.5785 2.4041 2.1737
6390 3195.0 3.5785 51.6718 3.5785 2.4943 2.1844
6400 3200.0 3.5807 50.9680 3.5807 2.4424 2.1547
6410 3205.0 3.5810 50.8708 3.5810 2.4233 2.1726
6420 3210.0 3.5735 53.2976 3.5735 2.4303 2.1755
6430 3215.0 3.5756 52.6115 3.5756 2.4570 2.1764
6440 3220.0 3.5672 55.3697 3.5672 2.5084 2.1572
6450 3225.0 3.5650 56.1137 3.5650 2.4602 2.1855
6460 3230.0 3.5686 54.9225 3.5686 2.3937 2.1955
6470 3235.0 3.5797 51.3018 3.5797 2.3998 2.1765
6480 3240.0 3.5843 49.8442 3.5843 2.4172 2.1432
6490 3245.0 3.6069 42.9543 3.6069 2.4900 2.1427
6500 3250.0 3.6017 44.5012 3.6017 2.4921 2.1371
6510 3255.0 3.5850 49.5979 3.5850 2.4566 2.1224
6520 3260.0 3.5831 50.2185 3.5831 2.4771 2.1206
6530 3265.0 3.5661 55.7379 3.5661 2.2794 2.1048
6540 3270.0 3.5792 51.4622 3.5792 2.2474 2.2054
6550 3275.0 3.5941 46.7749 3.5941 2.3304 2.1626
6560 3280.0 3.5772 52.1050 3.5772 2.4578 2.1415
6570 3285.0 3.5969 45.9421 3.5969 2.4279 2.1409
6580 3290.0 3.5740 53.1443 3.5740 2.4627 2.1606
6590 3295.0 3.5439 63.4102 3.5439 2.4375 2.1958
6600 3300.0 3.5647 56.2113 3.5647 2.4071 2.2915
6610 3305.0 3.5789 51.5528 3.5789 2.3779 2.2529
6620 3310.0 3.5812 50.8039 3.5812 2.3776 2.3745
6630 3315.0 3.5893 48.2754 3.5893 2.3547 2.3588
6640 3320.0 3.5835 50.0759 3.5835 2.3219 2.3709
6650 3325.0 3.5580 58.4959 3.5580 2.3330 2.4062
6660 3330.0 3.5811 50.8472 3.5811 2.4050 2.3144
6670 3335.0 3.5838 49.9767 3.5838 2.3741 2.2738
6680 3340.0 3.5740 53.1440 3.5740 2.3618 2.2867
6690 3345.0 3.5756 52.6051 3.5756 2.3462 2.1802
6700 3350.0 3.5561 59.1467 3.5561 2.3768 2.2198
6710 3355.0 3.5619 57.1628 3.5619 2.3859 2.1248
6720 3360.0 3.5790 51.5197 3.5790 2.3202 2.1403
6730 3365.0 3.5755 52.6438 3.5755 2.2303 2.1436
6740 3370.0 3.5647 56.2065 3.5647 2.1941 2.0682
6750 3375.0 3.5718 53.8584 3.5718 2.2457 2.1323
6760 3380.0 3.5604 57.6625 3.5604 2.2965 2.1560
6770 3385.0 3.5448 63.1000 3.5448 2.3615 2.0684
6780 3390.0 3.5676 55.2498 3.5676 2.3733 2.1234
6790 3395.0 3.5486 61.7556 3.5486 2.3881 2.1410
6800 3400.0 3.5347 66.7375 3.5347 2.3630 2.0631
6810 3405.0 3.5145 74.3098 3.5145 2.3137 2.1700
6820 3410.0 3.5181 72.9197 3.5181 2.3311 2.0320
6830 3415.0 3.5260 69.9226 3.5260 2.3213 2.1501
6840 3420.0 3.5417 64.1830 3.5417 2.2691 2.0416
6850 3425.0 3.5579 58.5108 3.5579 2.2671 2.1119
6860 3430.0 3.5851 49.5704 3.5851 2.2782 2.0840
6870 3435.0 3.5626 56.9293 3.5626 2.2980 2.0361
6880 3440.0 3.5762 52.4299 3.5762 2.3150 2.1186
6890 3445.0 3.5836 50.0622 3.5836 2.3393 2.0498
6900 3450.0 3.5709 54.1504 3.5709 2.4137 2.1313
6910 3455.0 3.5863 49.1884 3.5863 2.4214 2.0962
6920 3460.0 3.5796 51.3297 3.5796 2.4239 2.1366
6930 3465.0 3.5995 45.1508 3.5995 2.3553 2.1388
6940 3470.0 3.6031 44.0841 3.6031 2.2960 2.1501
6950 3475.0 3.5671 55.4254 3.5671 2.2597 2.2252
6960 3480.0 3.5566 58.9491 3.5566 2.3126 2.1413
6970 3485.0 3.5793 51.4258 3.5793 2.4172 2.2033
6980 3490.0 3.5703 54.3456 3.5703 2.4571 2.2341
6990 3495.0 3.5582 58.3966 3.5582 2.4940 2.1576
7000 3500.0 3.5808 50.9519 3.5808 2.4858 2.2186
7010 3505.0 3.5640 56.4568 3.5640 2.4078 2.2200
7020 3510.0 3.5571 58.7980 3.5571 2.3470 2.2140
7030 3515.0 3.5626 56.9090 3.5626 2.3824 2.1534
7040 3520.0 3.5756 52.6184 3.5756 2.5200 2.2089
7050 3525.0 3.5805 51.0285 3.5805 2.4997 2.1871
7060 3530.0 3.5860 49.2900 3.5860 2.4442 2.1809
7070 3535.0 3.5923 47.3406 3.5923 2.3529 2.1910
7080 3540.0 3.5875 48.8353 3.5875 2.3308 2.2035
7090 3545.0 3.5904 47.9244 3.5904 2.4188 2.2094
7100 3550.0 3.5736 53.2615 3.5736 2.4469 2.1728
7110 3555.0 3.5897 48.1399 3.5897 2.3955 2.2319
7120 3560.0 3.5936 46.9531 3.5936 2.3420 2.2216
7130 3565.0 3.5866 49.1050 3.5866 2.3213 2.2195
7140 3570.0 3.5884 48.5376 3.5884 2.3743 2.2893
7150 3575.0 3.5996 45.1284 3.5996 2.4227 2.3034
7160 3580.0 3.5912 47.6878 3.5912 2.4584 2.2995
7170 3585.0 3.5752 52.7524 3.5752 2.4533 2.2936
7180 3590.0 3.5746 52.9493 3.5746 2.4364 2.2996
7190 3595.0 3.5702 54.3756 3.5702 2.4509 2.3034
7200 3600.0 3.5864 49.1858 3.5864 2.3914 2.2657
7210 3605.0 3.6036 43.9327 3.6036 2.3274 2.2275
7220 3610.0 3.6076 42.7492 3.6076 2.3465 2.2122
7230 3615.0 3.6098 42.1142 3.6098 2.4267 2.1590
7240 3620.0 3.6047 43.6121 3.6047 2.3496 2.1431
7250 3625.0 3.6020 44.3938 3.6020 2.3980 2.1585
7260 3630.0 3.6054 43.3875 3.6054 2.3229 2.1076
7270 3635.0 3.5928 47.1717 3.5928 2.2143 2.1147
7280 3640.0 3.5982 45.5382 3.5982 2.3323 2.1185
7290 3645.0 3.5746 52.9497 3.5746 2.3925 2.1381
7300 3650.0 3.5690 54.7856 3.5690 2.3056 2.1240
7310 3655.0 3.5903 47.9494 3.5903 2.3813 2.1769
7320 3660.0 3.5925 47.2666 3.5925 2.4285 2.2044
7330 3665.0 3.5766 52.2919 3.5766 2.3465 2.2466
7340 3670.0 3.5811 50.8489 3.5811 2.3252 2.2556
7350 3675.0 3.5769 52.2124 3.5769 2.3825 2.2676
7360 3680.0 3.5746 52.9541 3.5746 2.3679 2.2475
7370 3685.0 3.5523 60.4401 3.5523 2.3103 2.2304
7380 3690.0 3.5554 59.3762 3.5554 2.2728 2.2410
7390 3695.0 3.5555 59.3561 3.5555 2.2389 2.1511
7400 3700.0 3.5435 63.5478 3.5435 2.2403 2.1287
7410 3705.0 3.5437 63.4926 3.5437 2.2792 2.1222
7420 3710.0 3.5606 57.5917 3.5606 2.2611 2.0483
7430 3715.0 3.5670 55.4459 3.5670 2.2938 2.1001
7440 3720.0 3.5665 55.6249 3.5665 2.1665 2.0874
7450 3725.0 3.5680 55.1189 3.5680 2.2664 2.0582
7460 3730.0 3.5716 53.9122 3.5716 2.2561 2.0395
7470 3735.0 3.5362 66.1646 3.5362 2.1784 2.0989
7480 3740.0 3.5349 66.6510 3.5349 2.3012 2.1400
7490 3745.0 3.5656 55.8984 3.5656 2.2576 2.1021
7500 3750.0 3.5690 54.7774 3.5690 2.1870 2.2185
7510 3755.0 3.5778 51.8949 3.5778 2.2504 2.2365
7520 3760.0 3.5625 56.9442 3.5625 2.3414 2.1899
7530 3765.0 3.5717 53.8799 3.5717 2.3201 2.2720
7540 3770.0 3.5722 53.7331 3.5722 2.2185 2.3109
7550 3775.0 3.5886 48.4728 3.5886 2.1812 2.3022
7560 3780.0 3.5733 53.3646 3.5733 2.2635 2.2624
7570 3785.0 3.5703 54.3562 3.5703 2.2837 2.2308
7580 3790.0 3.5768 52.2306 3.5768 2.2544 2.2169
7590 3795.0 3.5764 52.3668 3.5764 2.2254 2.2083
7600 3800.0 3.5755 52.6554 3.5755 2.2216 2.1845
7610 3805.0 3.5567 58.9371 3.5567 2.2857 2.1724
7620 3810.0 3.5682 55.0395 3.5682 2.3063 2.1258
7630 3815.0 3.5611 57.4305 3.5611 2.2147 2.0608
7640 3820.0 3.5576 58.6244 3.5576 2.2114 2.0957
7650 3825.0 3.5490 61.6020 3.5490 2.2587 2.0936
7660 3830.0 3.5641 56.4165 3.5641 2.2410 2.0807
7670 3835.0 3.5741 53.1214 3.5741 2.2282 2.1119
7680 3840.0 3.5769 52.1815 3.5769 2.3141 2.1305
7690 3845.0 3.5813 50.7905 3.5813 2.4166 2.1332
7700 3850.0 3.5830 50.2462 3.5830 2.4359 2.1420
7710 3855.0 3.5827 50.3412 3.5827 2.4208 2.1385
7720 3860.0 3.5772 52.0998 3.5772 2.4127 2.1339
7730 3865.0 3.5790 51.5045 3.5790 2.4363 2.1391
7740 3870.0 3.5824 50.4500 3.5824 2.4330 2.1436
7750 3875.0 3.5766 52.2865 3.5766 2.4303 2.1520
7760 3880.0 3.5590 58.1428 3.5590 2.4622 2.1528
7770 3885.0 3.5447 63.1029 3.5447 2.4805 2.1401
7780 3890.0 3.5345 66.7807 3.5345 2.5188 2.0896
7790 3895.0 3.5488 61.6568 3.5488 2.5253 2.1480
7800 3900.0 3.5469 62.3401 3.5469 2.4184 2.1135
7810 3905.0 3.5470 62.3101 3.5470 2.3490 2.1572
7820 3910.0 3.5579 58.5311 3.5579 2.3557 2.0797
7830 3915.0 3.5547 59.6319 3.5547 2.4889 2.0738
7840 3920.0 3.5387 65.2670 3.5387 2.4576 2.1133
7850 3925.0 3.5655 55.9548 3.5655 2.4997 2.0980
7860 3930.0 3.5864 49.1873 3.5864 2.3367 2.0843
7870 3935.0 3.5725 53.6417 3.5725 2.2103 2.0677
7880 3940.0 3.5771 52.1329 3.5771 2.2513 2.0725
7890 3945.0 3.5762 52.4259 3.5762 2.4472 2.0805
7900 3950.0 3.5508 60.9569 3.5508 2.5214 2.1352
7910 3955.0 3.5445 63.2023 3.5445 2.4646 2.1441
7920 3960.0 3.5561 59.1197 3.5561 2.5733 2.1361
7930 3965.0 3.5776 51.9848 3.5776 2.3995 2.1542
7940 3970.0 3.5604 57.6620 3.5604 2.2437 2.1944
7950 3975.0 3.5463 62.5399 3.5463 2.3092 2.1482
7960 3980.0 3.5411 64.4205 3.5411 2.5172 2.2716
7970 3985.0 3.5463 62.5525 3.5463 2.5316 2.1456
7980 3990.0 3.5639 56.4667 3.5639 2.5501 2.2335
7990 3995.0 3.5728 53.5403 3.5728 2.5475 2.2121
8000 4000.0 3.5588 58.2097 3.5588 2.4796 2.1317
8010 4005.0 3.5597 57.9027 3.5597 2.4361 2.2251
8020 4010.0 3.5687 54.8774 3.5687 2.4550 2.1884
8030 4015.0 3.5493 61.4896 3.5493 2.5321 2.0963
8040 4020.0 3.5465 62.4901 3.5465 2.4546 2.1384
8050 4025.0 3.5556 59.3119 3.5556 2.2374 2.0511
8060 4030.0 3.5524 60.4233 3.5524 2.2008 1.9973
8070 4035.0 3.5596 57.9421 3.5596 2.3734 2.0743
8080 4040.0 3.5424 63.9516 3.5424 2.5093 2.1088
8090 4045.0 3.5472 62.2231 3.5472 2.4886 2.0360
8100 4050.0 3.5738 53.1908 3.5738 2.2873 2.0371
8110 4055.0 3.5108 75.7210 3.5108 2.2073 2.1098
8120 4060.0 3.5247 70.4421 3.5247 2.3054 2.0397
8130 4065.0 3.5553 59.4228 3.5553 2.4035 2.1491
8140 4070.0 3.5404 64.6656 3.5404 2.4498 2.2164
8150 4075.0 3.5472 62.2496 3.5472 2.3952 2.1642
8160 4080.0 3.5674 55.3237 3.5674 2.2700 2.2046
8170 4085.0 3.5356 66.4117 3.5356 2.2249 2.2592
8180 4090.0 3.5447 63.1154 3.5447 2.2421 2.1517
8190 4095.0 3.5256 70.0906 3.5256 2.3364 2.3010
8200 4100.0 3.5527 60.3034 3.5527 2.3251 2.1393
8210 4105.0 3.5477 62.0467 3.5477 2.3141 2.2805
8220 4110.0 3.5737 53.2475 3.5737 2.2295 2.1520
8230 4115.0 3.5780 51.8357 3.5780 2.3236 2.2559
8240 4120.0 3.5886 48.5005 3.5886 2.4001 2.1482
8250 4125.0 3.6040 43.8228 3.6040 2.3863 2.2361
8260 4130.0 3.6224 38.5198 3.6224 2.4061 2.2327
8270 4135.0 3.6043 43.7209 3.6043 2.3244 2.1980
8280 4140.0 3.5838 49.9934 3.5838 2.2744 2.3174
8290 4145.0 3.5845 49.7676 3.5845 2.2583 2.2094
8300 4150.0 3.5855 49.4549 3.5855 2.3785 2.2840
8310 4155.0 3.5678 55.1931 3.5678 2.2809 2.2552
8320 4160.0 3.5581 58.4457 3.5581 2.3070 2.2264
8330 4165.0 3.5458 62.7355 3.5458 2.2833 2.3102
8340 4170.0 3.5339 67.0222 3.5339 2.1450 2.1870
8350 4175.0 3.5346 66.7752 3.5346 2.3234 2.2852
8360 4180.0 3.5525 60.3897 3.5525 2.2522 2.2328
8370 4185.0 3.5346 66.7418 3.5346 2.3213 2.1290
8380 4190.0 3.5426 63.8624 3.5426 2.2017 2.1868
8390 4195.0 3.5742 53.0689 3.5742 2.2021 2.0810
8400 4200.0 3.5565 59.0030 3.5565 2.3458 2.1416
8410 4205.0 3.5667 55.5351 3.5667 2.3234 2.1037
8420 4210.0 3.5819 50.5839 3.5819 2.3554 2.0501
8430 4215.0 3.5730 53.4485 3.5730 2.3243 2.0729
8440 4220.0 3.5402 64.7135 3.5402 2.2942 2.0138
8450 4225.0 3.5666 55.5732 3.5666 2.2950 2.1589
8460 4230.0 3.5522 60.4861 3.5522 2.3198 2.0662
8470 4235.0 3.5897 48.1417 3.5897 2.3784 2.1858
8480 4240.0 3.5928 47.1941 3.5928 2.3882 2.1991
8490 4245.0 3.5561 59.1260 3.5561 2.3819 2.1446
8500 4250.0 3.5431 63.7052 3.5431 2.3580 2.2746
8510 4255.0 3.5080 76.8463 3.5080 2.3985 2.0774
8520 4260.0 3.5330 67.3463 3.5330 2.4710 2.2609
8530 4265.0 3.5480 61.9531 3.5480 2.4309 2.1208
8540 4270.0 3.5670 55.4598 3.5670 2.4044 2.1616
8550 4275.0 3.5295 68.6278 3.5295 2.4196 2.2791
8560 4280.0 3.4823 87.2432 3.4823 2.4009 2.0577
8570 4285.0 3.4862 85.6084 3.4862 2.4068 2.3161
8580 4290.0 3.5061 77.5607 3.5061 2.3007 2.0995
8590 4295.0 3.5230 71.0468 3.5230 2.3347 2.2840
8600 4300.0 3.5307 68.2001 3.5307 2.4180 2.0994
8610 4305.0 3.5484 61.8219 3.5484 2.3252 2.2133
8620 4310.0 3.5220 71.4596 3.5220 2.2346 2.0883
8630 4315.0 3.5422 64.0184 3.5422 2.3309 2.2075
8640 4320.0 3.5491 61.5716 3.5491 2.4193 2.1340
8650 4325.0 3.5520 60.5542 3.5520 2.4904 2.2120
8660 4330.0 3.5428 63.8116 3.5428 2.4871 2.2224
8670 4335.0 3.5479 61.9855 3.5479 2.3674 2.1791
8680 4340.0 3.5434 63.5962 3.5434 2.3465 2.1898
8690 4345.0 3.5189 72.6204 3.5189 2.3574 2.1010
8700 4350.0 3.5181 72.9224 3.5181 2.3976 2.2111
8710 4355.0 3.5230 71.0496 3.5230 2.3992 2.0849
8720 4360.0 3.5294 68.6856 3.5294 2.3992 2.1824
8730 4365.0 3.5229 71.1076 3.5229 2.4074 2.0482
8740 4370.0 3.5307 68.1867 3.5307 2.3633 2.1361
8750 4375.0 3.5513 60.8022 3.5513 2.2877 2.0962
8760 4380.0 3.5562 59.1054 3.5562 2.2703 2.1047
8770 4385.0 3.5475 62.1415 3.5475 2.3516 2.0883
8780 4390.0 3.5462 62.5839 3.5462 2.4203 2.1169
8790 4395.0 3.5597 57.8892 3.5597 2.3978 2.0724
8800 4400.0 3.5495 61.4124 3.5495 2.3748 2.1763
8810 4405.0 3.5717 53.9023 3.5717 2.3192 2.1365
8820 4410.0 3.5533 60.1002 3.5533 2.3370 2.2477
8830 4415.0 3.5460 62.6461 3.5460 2.4004 2.1558
8840 4420.0 3.5694 54.6596 3.5694 2.3605 2.2721
8850 4425.0 3.5653 56.0012 3.5653 2.3327 2.2002
8860 4430.0 3.5516 60.6844 3.5516 2.2796 2.2703
8870 4435.0 3.5635 56.6277 3.5635 2.3437 2.2079
8880 4440.0 3.5834 50.1212 3.5834 2.4092 2.2833
8890 4445.0 3.5719 53.8357 3.5719 2.3490 2.2750
8900 4450.0 3.5597 57.8945 3.5597 2.3851 2.2385
8910 4455.0 3.5707 54.2098 3.5707 2.3723 2.2985
8920 4460.0 3.5465 62.4821 3.5465 2.3149 2.1402
8930 4465.0 3.5483 61.8571 3.5483 2.3000 2.2619
8940 4470.0 3.5735 53.2968 3.5735 2.3831 2.1783
8950 4475.0 3.5727 53.5725 3.5727 2.4106 2.1941
8960 4480.0 3.5557 59.2751 3.5557 2.3369 2.2510
8970 4485.0 3.5650 56.1103 3.5650 2.4471 2.2526
8980 4490.0 3.5645 56.2787 3.5645 2.3357 2.2563
8990 4495.0 3.5822 50.4881 3.5822 2.2299 2.2249
9000 4500.0 3.5818 50.6263 3.5818 2.2652 2.2271
9010 4505.0 3.5662 55.7221 3.5662 2.3865 2.2496
9020 4510.0 3.5618 57.1822 3.5618 2.4025 2.1947
9030 4515.0 3.5650 56.1067 3.5650 2.4033 2.2452
9040 4520.0 3.5782 51.7822 3.5782 2.3729 2.2403
9050 4525.0 3.5889 48.3994 3.5889 2.1894 2.1976
9060 4530.0 3.5997 45.0980 3.5997 2.2008 2.2177
9070 4535.0 3.5605 57.6464 3.5605 2.3411 2.2473
9080 4540.0 3.5699 54.4900 3.5699 2.2803 2.1553
9090 4545.0 3.5695 54.6252 3.5695 2.3341 2.2093
9100 4550.0 3.5442 63.2983 3.5442 2.3877 2.2292
9110 4555.0 3.5665 55.6261 3.5665 2.3608 2.1957
9120 4560.0 3.5403 64.6800 3.5403 2.2901 2.1152
9130 4565.0 3.5671 55.4259 3.5671 2.3541 2.1688
9140 4570.0 3.5705 54.2816 3.5705 2.4795 2.1581
9150 4575.0 3.5652 56.0388 3.5652 2.4621 2.0794
9160 4580.0 3.5705 54.2990 3.5705 2.4277 2.0984
9170 4585.0 3.5542 59.7941 3.5542 2.4385 2.1336
9180 4590.0 3.5480 61.9559 3.5480 2.3952 2.0338
9190 4595.0 3.5592 58.0774 3.5592 2.3830 2.1497
9200 4600.0 3.5676 55.2415 3.5676 2.3783 2.0671
9210 4605.0 3.5745 52.9854 3.5745 2.3931 2.1201
9220 4610.0 3.5644 56.3038 3.5644 2.4075 2.1421
9230 4615.0 3.5556 59.2900 3.5556 2.3890 2.1244
9240 4620.0 3.5759 52.5191 3.5759 2.3822 2.1707
9250 4625.0 3.5811 50.8616 3.5811 2.2923 2.2112
9260 4630.0 3.5809 50.9010 3.5809 2.3245 2.1855
9270 4635.0 3.5719 53.8285 3.5719 2.4498 2.2574
9280 4640.0 3.5624 56.9806 3.5624 2.5406 2.1895
9290 4645.0 3.5750 52.8012 3.5750 2.5382 2.2941
9300 4650.0 3.6062 43.1703 3.6062 2.5026 2.2736
9310 4655.0 3.6028 44.1594 3.6028 2.4503 2.2538
9320 4660.0 3.6026 44.2127 3.6026 2.3783 2.2503
9330 4665.0 3.5921 47.3915 3.5921 2.3684 2.2518
9340 4670.0 3.5833 50.1492 3.5833 2.3446 2.2856
9350 4675.0 3.6142 40.8550 3.6142 2.4104 2.2392
9360 4680.0 3.6168 40.0966 3.6168 2.4963 2.1927
9370 4685.0 3.6091 42.3103 3.6091 2.4824 2.2385
9380 4690.0 3.6140 40.8974 3.6140 2.4647 2.1298
9390 4695.0 3.6160 40.3288 3.6160 2.3791 2.1695
9400 4700.0 3.6249 37.8391 3.6249 2.3520 2.1253
9410 4705.0 3.6126 41.3026 3.6126 2.3732 2.0895
9420 4710.0 3.5897 48.1388 3.5897 2.3631 2.1555
9430 4715.0 3.5827 50.3462 3.5827 2.3149 2.0561
9440 4720.0 3.5710 54.1244 3.5710 2.2875 2.1393
9450 4725.0 3.5856 49.4297 3.5856 2.3286 2.0969
9460 4730.0 3.5704 54.3123 3.5704 2.3203 2.1261
9470 4735.0 3.5531 60.1817 3.5531 2.2985 2.1724
9480 4740.0 3.5592 58.0564 3.5592 2.2424 2.1307
9490 4745.0 3.5558 59.2458 3.5558 2.1574 2.1622
9500 4750.0 3.5490 61.5874 3.5490 2.2789 2.2476
9510 4755.0 3.5633 56.6734 3.5633 2.2768 2.2568
9520 4760.0 3.5467 62.4022 3.5467 2.3245 2.2214
9530 4765.0 3.5639 56.4700 3.5639 2.2762 2.3057
9540 4770.0 3.5679 55.1350 3.5679 2.2102 2.2255
9550 4775.0 3.5853 49.5308 3.5853 2.2943 2.2735
9560 4780.0 3.5962 46.1572 3.5962 2.3835 2.2544
9570 4785.0 3.5941 46.7910 3.5941 2.3954 2.2224
9580 4790.0 3.5859 49.3189 3.5859 2.4153 2.2567
9590 4795.0 3.5839 49.9648 3.5839 2.4267 2.1941
9600 4800.0 3.5876 48.7896 3.5876 2.4175 2.1905
9610 4805.0 3.5928 47.1845 3.5928 2.4116 2.1679
9620 4810.0 3.5931 47.1046 3.5931 2.4010 2.1481
9630 4815.0 3.5923 47.3472 3.5923 2.4689 2.1216
9640 4820.0 3.5938 46.8788 3.5938 2.4124 2.1322
9650 4825.0 3.5911 47.7248 3.5911 2.3240 2.1336
9660 4830.0 3.5909 47.7784 3.5909 2.3316 2.1649
9670 4835.0 3.6020 44.3928 3.6020 2.4567 2.1577
9680 4840.0 3.6029 44.1217 3.6029 2.4285 2.1912
9690 4845.0 3.5986 45.4256 3.5986 2.3817 2.1944
9700 4850.0 3.5965 46.0526 3.5965 2.3761 2.2171
9710 4855.0 3.6012 44.6481 3.6012 2.4019 2.2205
9720 4860.0 3.6005 44.8612 3.6005 2.4225 2.2388
9730 4865.0 3.6059 43.2413 3.6059 2.4276 2.2320
9740 4870.0 3.6059 43.2499 3.6059 2.3925 2.2217
9750 4875.0 3.6029 44.1405 3.6029 2.4002 2.2161
9760 4880.0 3.6027 44.2034 3.6027 2.4124 2.1973
9770 4885.0 3.5982 45.5404 3.5982 2.4544 2.2038
9780 4890.0 3.6049 43.5416 3.6049 2.5104 2.1900
9790 4895.0 3.6083 42.5576 3.6083 2.5602 2.1903
9800 4900.0 3.6014 44.5688 3.6014 2.5401 2.2069
9810 4905.0 3.5956 46.3357 3.5956 2.5298 2.2232
9820 4910.0 3.6099 42.0683 3.6099 2.5499 2.2204
9830 4915.0 3.6106 41.8824 3.6106 2.5996 2.2326
9840 4920.0 3.6081 42.5977 3.6081 2.5504 2.2368
9850 4925.0 3.5966 46.0258 3.5966 2.4414 2.2226
9860 4930.0 3.5628 56.8416 3.5628 2.4896 2.2494
9870 4935.0 3.5706 54.2592 3.5706 2.5576 2.2092
9880 4940.0 3.5944 46.7042 3.5944 2.4354 2.1860
9890 4945.0 3.5898 48.1188 3.5898 2.3330 2.1767
9900 4950.0 3.5812 50.8086 3.5812 2.3558 2.1700
9910 4955.0 3.6003 44.9085 3.6003 2.5054 2.1373
9920 4960.0 3.5681 55.0712 3.5681 2.4523 2.0985
9930 4965.0 3.5338 67.0551 3.5338 2.4069 2.1759
9940 4970.0 3.5731 53.4334 3.5731 2.4000 2.1066
9950 4975.0 3.5798 51.2686 3.5798 2.4666 2.1296
9960 4980.0 3.5492 61.5435 3.5492 2.4180 2.2117
9970 4985.0 3.5460 62.6751 3.5460 2.3859 2.1221
9980 4990.0 3.5547 59.6234 3.5547 2.4040 2.1906
9990 4995.0 3.5305 68.2527 3.5305 2.4311 2.2130
10000 5000.0 3.5427 63.8203 3.5427 2.2887 2.1503
10010 5005.0 3.5555 59.3324 3.5555 2.2914 2.1543
10020 5010.0 3.5473 62.2136 3.5473 2.4223 2.2098
10030 5015.0 3.5458 62.7251 3.5458 2.3321 2.1281
10040 5020.0 3.5193 72.4705 3.5193 2.3507 2.1090
10050 5025.0 3.5252 70.2274 3.5252 2.3500 2.1700
10060 5030.0 3.5570 58.8239 3.5570 2.3423 2.1000
10070 5035.0 3.5528 60.2830 3.5528 2.3678 2.0953
10080 5040.0 3.5323 67.5895 3.5323 2.3410 2.1477
10090 5045.0 3.5581 58.4626 3.5581 2.3230 2.0759
10100 5050.0 3.5528 60.2805 3.5528 2.3513 2.1025
10110 5055.0 3.5400 64.7976 3.5400 2.3276 2.1338
10120 5060.0 3.5595 57.9824 3.5595 2.3385 2.0934
10130 5065.0 3.5677 55.2049 3.5677 2.4071 2.1878
10140 5070.0 3.5831 50.1984 3.5831 2.3869 2.1648
10150 5075.0 3.5649 56.1379 3.5649 2.4400 2.1308
10160 5080.0 3.5672 55.3698 3.5672 2.4396 2.2266
10170 5085.0 3.5787 51.6220 3.5787 2.2883 2.2261
10180 5090.0 3.5686 54.9226 3.5686 2.2268 2.2149
10190 5095.0 3.5724 53.6603 3.5724 2.3842 2.2354
10200 5100.0 3.5808 50.9318 3.5808 2.4430 2.2036
10210 5105.0 3.5936 46.9422 3.5936 2.4614 2.2065
10220 5110.0 3.5741 53.1115 3.5741 2.4096 2.2568
10230 5115.0 3.5771 52.1252 3.5771 2.3667 2.1480
10240 5120.0 3.5912 47.6659 3.5912 2.3608 2.2241
10250 5125.0 3.6014 44.5932 3.6014 2.4224 2.1907
10260 5130.0 3.6014 44.5710 3.6014 2.4776 2.1668
10270 5135.0 3.6040 43.8176 3.6040 2.5003 2.1920
10280 5140.0 3.6063 43.1329 3.6063 2.4779 2.1221
10290 5145.0 3.5960 46.2174 3.5960 2.4687 2.1911
10300 5150.0 3.5964 46.0755 3.5964 2.4892 2.1307
10310 5155.0 3.5925 47.2898 3.5925 2.5328 2.1380
10320 5160.0 3.5965 46.0519 3.5965 2.5591 2.1227
10330 5165.0 3.6019 44.4308 3.6019 2.6142 2.1333
10340 5170.0 3.5927 47.2256 3.5927 2.6092 2.1442
10350 5175.0 3.5748 52.8717 3.5748 2.6240 2.1268
10360 5180.0 3.5765 52.3138 3.5765 2.5490 2.1323
10370 5185.0 3.5695 54.6283 3.5695 2.5028 2.1607
10380 5190.0 3.5603 57.6841 3.5603 2.4325 2.1283
10390 5195.0 3.5711 54.0712 3.5711 2.4600 2.1456
10400 5200.0 3.5747 52.8985 3.5747 2.4927 2.1572
10410 5205.0 3.5675 55.2631 3.5675 2.4907 2.0882
10420 5210.0 3.5725 53.6275 3.5725 2.4125 2.1438
10430 5215.0 3.5863 49.2113 3.5863 2.2779 2.0986
10440 5220.0 3.5972 45.8459 3.5972 2.2836 2.0840
10450 5225.0 3.5962 46.1457 3.5962 2.3577 2.1312
10460 5230.0 3.5935 46.9790 3.5935 2.4461 2.1255
10470 5235.0 3.5826 50.3650 3.5826 2.4056 2.1066
10480 5240.0 3.5736 53.2605 3.5736 2.3125 2.2027
10490 5245.0 3.5671 55.4246 3.5671 2.2787 2.1319
10500 5250.0 3.5608 57.5260 3.5608 2.2561 2.2630
10510 5255.0 3.5826 50.3744 3.5826 2.2568 2.1615
10520 5260.0 3.5841 49.9119 3.5841 2.3472 2.2611
10530 5265.0 3.6101 42.0337 3.6101 2.3211 2.2389
10540 5270.0 3.6144 40.7951 3.6144 2.3129 2.2382
10550 5275.0 3.6026 44.2218 3.6026 2.3333 2.3110
10560 5280.0 3.6167 40.1204 3.6167 2.3412 2.2794
10570 5285.0 3.6074 42.8121 3.6074 2.3661 2.3179
10580 5290.0 3.6123 41.3944 3.6123 2.3092 2.2674
10590 5295.0 3.6070 42.9214 3.6070 2.2455 2.2668
10600 5300.0 3.5987 45.3971 3.5987 2.2782 2.3009
10610 5305.0 3.5622 57.0622 3.5622 2.3497 2.2370
10620 5310.0 3.5663 55.6652 3.5663 2.3692 2.3217
10630 5315.0 3.5745 52.9884 3.5745 2.3783 2.1925
10640 5320.0 3.5655 55.9323 3.5655 2.2804 2.2448
10650 5325.0 3.5670 55.4458 3.5670 2.3474 2.1849
10660 5330.0 3.5832 50.1719 3.5832 2.3429 2.2672
10670 5335.0 3.5789 51.5682 3.5789 2.2732 2.2942
10680 5340.0 3.6139 40.9222 3.6139 2.4103 2.2643
10690 5345.0 3.6139 40.9272 3.6139 2.2648 2.2993
10700 5350.0 3.6201 39.1610 3.6201 2.2392 2.3196
10710 5355.0 3.6194 39.3638 3.6194 2.3801 2.2789
10720 5360.0 3.6067 43.0217 3.6067 2.3441 2.2645
10730 5365.0 3.5981 45.5848 3.5981 2.3812 2.2931
10740 5370.0 3.5835 50.0988 3.5835 2.2932 2.2782
10750 5375.0 3.5769 52.1871 3.5769 2.2612 2.2760
10760 5380.0 3.5881 48.6258 3.5881 2.3648 2.2621
10770 5385.0 3.5745 52.9890 3.5745 2.3267 2.1826
10780 5390.0 3.5600 57.7904 3.5600 2.3367 2.2282
10790 5395.0 3.5570 58.8097 3.5570 2.3751 2.1887
10800 5400.0 3.5530 60.2083 3.5530 2.2374 2.0520
10810 5405.0 3.5480 61.9558 3.5480 2.2072 2.1567
10820 5410.0 3.5521 60.5236 3.5521 2.3507 2.0135
10830 5415.0 3.5571 58.7983 3.5571 2.3964 2.0710
10840 5420.0 3.5588 58.1929 3.5588 2.4284 1.9506
10850 5425.0 3.5502 61.1800 3.5502 2.3613 1.9055
10860 5430.0 3.5385 65.3574 3.5385 2.3363 1.9460
10870 5435.0 3.5595 57.9585 3.5595 2.4278 1.8668
10880 5440.0 3.5723 53.6980 3.5723 2.4410 1.9527
10890 5445.0 3.5747 52.9256 3.5747 2.4652 1.9446
10900 5450.0 3.5777 51.9539 3.5777 2.4342 1.9477
10910 5455.0 3.5833 50.1505 3.5833 2.3568 1.9401
10920 5460.0 3.5773 52.0698 3.5773 2.2794 1.9682
10930 5465.0 3.5842 49.8673 3.5842 2.3671 1.9980
10940 5470.0 3.5853 49.5041 3.5853 2.4746 2.0141
10950 5475.0 3.6011 44.6709 3.6011 2.4533 2.0732
10960 5480.0 3.5966 46.0319 3.5966 2.3870 2.0791
10970 5485.0 3.5817 50.6640 3.5817 2.3700 2.1156
10980 5490.0 3.5819 50.5826 3.5819 2.4031 2.1420
10990 5495.0 3.5800 51.2021 3.5800 2.4021 2.1665
11000 5500.0 3.5779 51.8761 3.5779 2.4900 2.1400
11010 5505.0 3.5694 54.6407 3.5694 2.6018 2.1774
11020 5510.0 3.5620 57.1375 3.5620 2.5199 2.1330
11030 5515.0 3.5666 55.5930 3.5666 2.4292 2.1627
11040 5520.0 3.5841 49.9076 3.5841 2.4473 2.1693
11050 5525.0 3.5690 54.7760 3.5690 2.3265 2.1465
11060 5530.0 3.5640 56.4370 3.5640 2.2938 2.2002
11070 5535.0 3.5802 51.1364 3.5802 2.3309 2.1605
11080 5540.0 3.5685 54.9306 3.5685 2.3514 2.2756
11090 5545.0 3.5753 52.7247 3.5753 2.3717 2.1742
11100 5550.0 3.5881 48.6545 3.5881 2.3413 2.3064
11110 5555.0 3.6088 42.3845 3.6088 2.2564 2.1996
11120 5560.0 3.5961 46.1634 3.5961 2.2629 2.3328
11130 5565.0 3.5835 50.0947 3.5835 2.3243 2.1979
11140 5570.0 3.5839 49.9475 3.5839 2.2381 2.3513
11150 5575.0 3.5623 57.0040 3.5623 2.2830 2.2005
11160 5580.0 3.5530 60.2037 3.5530 2.2469 2.3807
11170 5585.0 3.5659 55.7951 3.5659 2.2456 2.1984
11180 5590.0 3.5458 62.7370 3.5458 2.2814 2.3719
11190 5595.0 3.5605 57.6221 3.5605 2.2889 2.2375
11200 5600.0 3.5603 57.7052 3.5603 2.2502 2.3834
11210 5605.0 3.5643 56.3607 3.5643 2.2755 2.2415
11220 5610.0 3.5764 52.3535 3.5764 2.2222 2.3776
11230 5615.0 3.5621 57.0987 3.5621 2.1949 2.2230
11240 5620.0 3.5184 72.8088 3.5184 2.3143 2.4098
11250 5625.0 3.5005 79.7851 3.5005 2.3650 2.2276
11260 5630.0 3.4958 81.6937 3.4958 2.3265 2.4046
11270 5635.0 3.5215 71.6138 3.5215 2.4656 2.2485
11280 5640.0 3.5353 66.5051 3.5353 2.3299 2.3744
11290 5645.0 3.5549 59.5588 3.5549 2.2434 2.2410
11300 5650.0 3.5609 57.4874 3.5609 2.2818 2.3034
11310 5655.0 3.5508 60.9768 3.5508 2.3838 2.1882
11320 5660.0 3.5281 69.1706 3.5281 2.2982 2.2328
11330 5665.0 3.5311 68.0263 3.5311 2.3066 2.1007
11340 5670.0 3.5563 59.0731 3.5563 2.2565 2.1641
11350 5675.0 3.5724 53.6675 3.5724 2.3614 2.0972
11360 5680.0 3.5767 52.2669 3.5767 2.3151 2.1770
11370 5685.0 3.5762 52.4131 3.5762 2.3802 2.0683
11380 5690.0 3.5880 48.6789 3.5880 2.2704 2.1172
11390 5695.0 3.5624 56.9880 3.5624 2.2446 2.1369
11400 5700.0 3.5812 50.8212 3.5812 2.3612 2.0719
11410 5705.0 3.5844 49.7920 3.5844 2.3446 2.0861
11420 5710.0 3.5798 51.2794 3.5798 2.3107 2.0725
11430 5715.0 3.5739 53.1555 3.5739 2.3186 2.0524
11440 5720.0 3.5731 53.4181 3.5731 2.3097 2.1132
11450 5725.0 3.5193 72.4748 3.5193 2.3352 2.1749
11460 5730.0 3.5380 65.5092 3.5380 2.3741 2.0502
11470 5735.0 3.5610 57.4733 3.5610 2.2402 2.1280
11480 5740.0 3.5572 58.7630 3.5572 2.2823 2.0349
11490 5745.0 3.5620 57.1337 3.5620 2.3043 2.1246
11500 5750.0 3.5678 55.1751 3.5678 2.3366 2.0889
11510 5755.0 3.5761 52.4623 3.5761 2.2822 2.1709
11520 5760.0 3.5869 49.0143 3.5869 2.2010 2.1919
11530 5765.0 3.5812 50.8325 3.5812 2.2388 2.1294
11540 5770.0 3.6036 43.9274 3.6036 2.2633 2.2084
11550 5775.0 3.6046 43.6162 3.6046 2.2269 2.1666
11560 5780.0 3.6202 39.1378 3.6202 2.1907 2.2236
11570 5785.0 3.6156 40.4352 3.6156 2.1791 2.2115
11580 5790.0 3.6062 43.1695 3.6062 2.2465 2.2041
11590 5795.0 3.6155 40.4776 3.6155 2.2558 2.2828
11600 5800.0 3.6227 38.4562 3.6227 2.2869 2.2227
11610 5805.0 3.6396 33.8940 3.6396 2.2452 2.3110
11620 5810.0 3.6534 30.4112 3.6534 2.2619 2.2823
11630 5815.0 3.6393 33.9774 3.6393 2.3071 2.2884
11640 5820.0 3.6284 36.8768 3.6284 2.2368 2.3713
11650 5825.0 3.6328 35.6937 3.6328 2.2525 2.2855
11660 5830.0 3.6450 32.5103 3.6450 2.2396 2.3812
11670 5835.0 3.6337 35.4551 3.6337 2.2694 2.3790
11680 5840.0 3.6075 42.7903 3.6075 2.3000 2.3878
11690 5845.0 3.6229 38.3991 3.6229 2.3921 2.3915
11700 5850.0 3.6162 40.2811 3.6162 2.3561 2.4225
11710 5855.0 3.6202 39.1512 3.6202 2.2807 2.3709
11720 5860.0 3.6182 39.7069 3.6182 2.2837 2.3904
11730 5865.0 3.6047 43.6033 3.6047 2.3987 2.4330
11740 5870.0 3.5939 46.8577 3.5939 2.4852 2.3825
11750 5875.0 3.6211 38.8917 3.6211 2.3230 2.3769
11760 5880.0 3.5946 46.6484 3.5946 2.1690 2.3528
11770 5885.0 3.5932 47.0572 3.5932 2.3210 2.3456
11780 5890.0 3.5732 53.3897 3.5732 2.3063 2.4158
11790 5895.0 3.5519 60.5794 3.5519 2.3161 2.4571
11800 5900.0 3.5572 58.7505 3.5572 2.3184 2.3979
11810 5905.0 3.5712 54.0400 3.5712 2.2678 2.3108
11820 5910.0 3.6103 41.9652 3.6103 2.2524 2.2863
11830 5915.0 3.6043 43.7326 3.6043 2.1552 2.2139
11840 5920.0 3.5912 47.6842 3.5912 2.2927 2.1804
11850 5925.0 3.5405 64.6188 3.5405 2.3383 2.2320
11860 5930.0 3.5440 63.3795 3.5440 2.3200 2.2462
11870 5935.0 3.5468 62.3609 3.5468 2.2288 2.3422
11880 5940.0 3.5562 59.0846 3.5562 2.3303 2.2255
11890 5945.0 3.5800 51.1895 3.5800 2.2993 2.2436
11900 5950.0 3.5995 45.1623 3.5995 2.3305 2.2033
11910 5955.0 3.5750 52.8200 3.5750 2.3397 2.3036
11920 5960.0 3.5708 54.1772 3.5708 2.4167 2.2589
11930 5965.0 3.5612 57.3980 3.5612 2.4075 2.3122
11940 5970.0 3.5546 59.6481 3.5546 2.4230 2.3362
11950 5975.0 3.5587 58.2420 3.5587 2.4025 2.3403
11960 5980.0 3.5458 62.7392 3.5458 2.3704 2.3936
11970 5985.0 3.5529 60.2439 3.5529 2.3537 2.4005
11980 5990.0 3.5590 58.1414 3.5590 2.3665 2.4025
11990 5995.0 3.5571 58.7740 3.5571 2.3408 2.4332
12000 6000.0 3.5657 55.8825 3.5657 2.3041 2.4648
12010 6005.0 3.5743 53.0284 3.5743 2.3129 2.4872
12020 6010.0 3.5664 55.6348 3.5664 2.2727 2.4899
12030 6015.0 3.5770 52.1607 3.5770 2.2499 2.4611
12040 6020.0 3.5775 52.0002 3.5775 2.2269 2.4262
12050 6025.0 3.5807 50.9859 3.5807 2.3156 2.4847
12060 6030.0 3.5802 51.1371 3.5802 2.2457 2.5166
12070 6035.0 3.5899 48.0907 3.5899 2.3359 2.4578
12080 6040.0 3.6050 43.5029 3.6050 2.3079 2.4372
12090 6045.0 3.5928 47.1842 3.5928 2.2576 2.4653
12100 6050.0 3.5933 47.0303 3.5933 2.3107 2.3570
12110 6055.0 3.5961 46.1715 3.5961 2.2927 2.4118
12120 6060.0 3.6131 41.1696 3.6131 2.3109 2.3631
12130 6065.0 3.6235 38.2128 3.6235 2.3214 2.3108
12140 6070.0 3.6290 36.7077 3.6290 2.2932 2.3218
12150 6075.0 3.6410 33.5501 3.6410 2.3274 2.3069
12160 6080.0 3.6505 31.1158 3.6505 2.3732 2.3067
12170 6085.0 3.6569 29.5483 3.6569 2.3783 2.3081
12180 6090.0 3.6632 28.0444 3.6632 2.3663 2.2926
12190 6095.0 3.6627 28.1589 3.6627 2.3402 2.2909
12200 6100.0 3.6561 29.7424 3.6561 2.3448 2.3049
12210 6105.0 3.6575 29.4048 3.6575 2.3465 2.2961
12220 6110.0 3.6643 27.7847 3.6643 2.3271 2.3050
12230 6115.0 3.6671 27.1183 3.6671 2.2945 2.3118
12240 6120.0 3.6673 27.0859 3.6673 2.2775 2.3170
12250 6125.0 3.6626 28.1857 3.6626 2.2900 2.3285
12260 6130.0 3.6539 30.2760 3.6539 2.2538 2.3356
12270 6135.0 3.6524 30.6581 3.6524 2.2030 2.3385
12280 6140.0 3.6563 29.6938 3.6563 2.2179 2.3246
12290 6145.0 3.6688 26.7239 3.6688 2.2220 2.3111
12300 6150.0 3.6642 27.7923 3.6642 2.1653 2.2666
12310 6155.0 3.6655 27.4839 3.6655 2.1188 2.2933
12320 6160.0 3.6323 35.8366 3.6323 2.2612 2.2693
12330 6165.0 3.6175 39.8953 3.6175 2.2138 2.3194
12340 6170.0 3.6284 36.8737 3.6284 2.2597 2.2457
12350 6175.0 3.6551 29.9919 3.6551 2.1516 2.2435
12360 6180.0 3.6666 27.2290 3.6666 2.2257 2.1771
12370 6185.0 3.6576 29.3707 3.6576 2.3472 2.1456
12380 6190.0 3.6335 35.5031 3.6335 2.2990 2.1828
12390 6195.0 3.6509 31.0243 3.6509 2.3245 2.1428
12400 6200.0 3.6352 35.0472 3.6352 2.2916 2.0882
12410 6205.0 3.6294 36.6112 3.6294 2.3070 2.1112
12420 6210.0 3.6479 31.7703 3.6479 2.3796 2.0227
12430 6215.0 3.6568 29.5636 3.6568 2.3618 2.0551
12440 6220.0 3.6520 30.7403 3.6520 2.3214 1.9926
12450 6225.0 3.6562 29.7190 3.6562 2.1962 2.0506
12460 6230.0 3.6530 30.4984 3.6530 2.2269 2.0366
12470 6235.0 3.6407 33.6224 3.6407 2.3243 2.0488
12480 6240.0 3.6274 37.1423 3.6274 2.3108 2.0415
12490 6245.0 3.6330 35.6346 3.6330 2.2176 2.0581
12500 6250.0 3.6175 39.9169 3.6175 2.1334 2.0793
12510 6255.0 3.6103 41.9761 3.6103 2.2593 2.0795
12520 6260.0 3.5793 51.4188 3.5793 2.2711 2.1204
12530 6265.0 3.5720 53.7977 3.5720 2.3391 2.1481
12540 6270.0 3.5759 52.5340 3.5759 2.2767 2.1243
12550 6275.0 3.5899 48.0768 3.5899 2.2077 2.1259
12560 6280.0 3.5716 53.9336 3.5716 2.3183 2.2027
12570 6285.0 3.5613 57.3608 3.5613 2.2595 2.1758
12580 6290.0 3.5627 56.8904 3.5627 2.3304 2.2421
12590 6295.0 3.5668 55.4993 3.5668 2.2496 2.2313
12600 6300.0 3.5441 63.3268 3.5441 2.2354 2.1869
12610 6305.0 3.5580 58.4750 3.5580 2.2822 2.2924
12620 6310.0 3.5606 57.5975 3.5606 2.3694 2.2529
12630 6315.0 3.5710 54.1080 3.5710 2.3627 2.3394
12640 6320.0 3.5683 55.0144 3.5683 2.3584 2.2581
12650 6325.0 3.5644 56.3157 3.5644 2.2678 2.3291
12660 6330.0 3.5848 49.6775 3.5848 2.3218 2.3247
12670 6335.0 3.5978 45.6764 3.5978 2.3534 2.3156
12680 6340.0 3.5856 49.4108 3.5856 2.2972 2.3748
12690 6345.0 3.6107 41.8335 3.6107 2.2757 2.2629
12700 6350.0 3.6425 33.1422 3.6425 2.2118 2.2776
12710 6355.0 3.6376 34.4140 3.6376 2.2595 2.2619
12720 6360.0 3.6237 38.1703 3.6237 2.3430 2.1840
12730 6365.0 3.6393 33.9887 3.6393 2.2837 2.2263
12740 6370.0 3.6558 29.8254 3.6558 2.2322 2.2108
12750 6375.0 3.6559 29.8009 3.6559 2.2974 2.1933
12760 6380.0 3.6453 32.4362 3.6453 2.3625 2.1982
12770 6385.0 3.6384 34.2086 3.6384 2.3351 2.1941
12780 6390.0 3.6564 29.6650 3.6564 2.3552 2.1808
12790 6395.0 3.6791 24.4060 3.6791 2.3393 2.1747
12800 6400.0 3.6575 29.4133 3.6575 2.1894 2.1608
12810 6405.0 3.6545 30.1442 3.6545 2.2330 2.1395
12820 6410.0 3.6593 28.9735 3.6593 2.3167 2.1946
12830 6415.0 3.6456 32.3534 3.6456 2.1834 2.1960
12840 6420.0 3.6472 31.9537 3.6472 2.1643 2.1999
12850 6425.0 3.6430 33.0278 3.6430 2.2964 2.1938
12860 6430.0 3.6219 38.6693 3.6219 2.2795 2.1667
12870 6435.0 3.6182 39.7155 3.6182 2.3067 2.1641
12880 6440.0 3.6270 37.2586 3.6270 2.3345 2.2748
12890 6445.0 3.6310 36.1724 3.6310 2.2661 2.2384
12900 6450.0 3.6111 41.7409 3.6111 2.2840 2.2473
12910 6455.0 3.6194 39.3813 3.6194 2.3915 2.3064
12920 6460.0 3.6194 39.3661 3.6194 2.2743 2.2515
12930 6465.0 3.6222 38.5998 3.6222 2.1756 2.3506
12940 6470.0 3.6247 37.8854 3.6247 2.2758 2.3623
12950 6475.0 3.5833 50.1370 3.5833 2.3614 2.3221
12960 6480.0 3.6066 43.0332 3.6066 2.2583 2.4098
12970 6485.0 3.6040 43.7980 3.6040 2.2646 2.2709
12980 6490.0 3.5889 48.4024 3.5889 2.2560 2.4134
12990 6495.0 3.6138 40.9483 3.6138 2.3137 2.2090
13000 6500.0 3.6258 37.5935 3.6258 2.2183 2.2659
13010 6505.0 3.6111 41.7392 3.6111 2.3472 2.3117
13020 6510.0 3.6093 42.2437 3.6093 2.2710 2.2387
13030 6515.0 3.6134 41.0782 3.6134 2.1766 2.3066
13040 6520.0 3.6481 31.7246 3.6481 2.3034 2.2369
13050 6525.0 3.6456 32.3566 3.6456 2.3663 2.2518
13060 6530.0 3.6555 29.8835 3.6555 2.3633 2.1888
13070 6535.0 3.6278 37.0350 3.6278 2.3108 2.3049
13080 6540.0 3.6217 38.7210 3.6217 2.3104 2.1730
13090 6545.0 3.6359 34.8714 3.6359 2.2287 2.3256
13100 6550.0 3.6372 34.5438 3.6372 2.2439 2.2162
13110 6555.0 3.6296 36.5573 3.6296 2.2052 2.3528
13120 6560.0 3.6454 32.4143 3.6454 2.2433 2.3272
13130 6565.0 3.6576 29.3892 3.6576 2.2491 2.2622
13140 6570.0 3.6543 30.1951 3.6543 2.1747 2.3430
13150 6575.0 3.6545 30.1473 3.6545 2.1476 2.3737
13160 6580.0 3.6621 28.2872 3.6621 2.2480 2.2766
13170 6585.0 3.6597 28.8814 3.6597 2.2083 2.3710
13180 6590.0 3.6648 27.6580 3.6648 2.2035 2.3300
13190 6595.0 3.6740 25.5344 3.6740 2.3029 2.3185
13200 6600.0 3.6260 37.5495 3.6260 2.2623 2.2889
13210 6605.0 3.6045 43.6672 3.6045 2.2483 2.3969
13220 6610.0 3.6333 35.5643 3.6333 2.3025 2.3314
13230 6615.0 3.6428 33.0697 3.6428 2.3627 2.2573
13240 6620.0 3.6327 35.7299 3.6327 2.3125 2.3074
13250 6625.0 3.6441 32.7310 3.6441 2.3358 2.2401
13260 6630.0 3.6467 32.0819 3.6467 2.3524 2.2392
13270 6635.0 3.6476 31.8435 3.6476 2.3384 2.2737
13280 6640.0 3.6174 39.9393 3.6174 2.2338 2.3192
13290 6645.0 3.6174 39.9378 3.6174 2.3217 2.2265
13300 6650.0 3.6177 39.8498 3.6177 2.3261 2.2857
13310 6655.0 3.6217 38.7242 3.6217 2.2206 2.2226
13320 6660.0 3.6179 39.8017 3.6179 2.2084 2.3057
13330 6665.0 3.6398 33.8521 3.6398 2.3135 2.1826
13340 6670.0 3.6099 42.0673 3.6099 2.2533 2.2599
13350 6675.0 3.6244 37.9813 3.6244 2.3407 2.1312
13360 6680.0 3.6289 36.7375 3.6289 2.3112 2.2165
13370 6685.0 3.6315 36.0567 3.6315 2.3182 2.0914
13380 6690.0 3.6497 31.3289 3.6497 2.3427 2.1820
13390 6695.0 3.6418 33.3338 3.6418 2.3698 2.0806
13400 6700.0 3.6431 33.0039 3.6431 2.3136 2.1983
13410 6705.0 3.6505 31.1343 3.6505 2.3366 2.0925
13420 6710.0 3.6295 36.5773 3.6295 2.1734 2.2472
13430 6715.0 3.6201 39.1638 3.6201 2.3187 2.0820
13440 6720.0 3.6340 35.3739 3.6340 2.2711 2.2663
13450 6725.0 3.6751 25.2918 3.6751 2.3336 2.1914
13460 6730.0 3.6692 26.6393 3.6692 2.3285 2.1790
13470 6735.0 3.6443 32.6916 3.6443 2.2674 2.2583
13480 6740.0 3.6115 41.6274 3.6115 2.2917 2.1374
13490 6745.0 3.6174 39.9403 3.6174 2.2053 2.2782
13500 6750.0 3.6364 34.7458 3.6364 2.3585 2.1710
13510 6755.0 3.6430 33.0242 3.6430 2.2737 2.3064
13520 6760.0 3.6466 32.1182 3.6466 2.3200 2.2354
13530 6765.0 3.6272 37.2162 3.6272 2.3621 2.3442
13540 6770.0 3.6440 32.7668 3.6440 2.3663 2.2700
13550 6775.0 3.6247 37.8995 3.6247 2.2792 2.3707
13560 6780.0 3.6457 32.3469 3.6457 2.2807 2.2581
13570 6785.0 3.6398 33.8514 3.6398 2.4259 2.3562
13580 6790.0 3.6366 34.6823 3.6366 2.4939 2.2434
13590 6795.0 3.6059 43.2452 3.6059 2.4252 2.3523
13600 6800.0 3.6127 41.2788 3.6127 2.5191 2.2105
13610 6805.0 3.6420 33.2795 3.6420 2.4674 2.3314
13620 6810.0 3.6788 24.4651 3.6788 2.4812 2.2964
13630 6815.0 3.6715 26.1037 3.6715 2.4373 2.2646
13640 6820.0 3.6285 36.8530 3.6285 2.4484 2.3621
13650 6825.0 3.6489 31.5135 3.6489 2.4630 2.2594
13660 6830.0 3.6175 39.9089 3.6175 2.4332 2.3854
13670 6835.0 3.6244 37.9818 3.6244 2.3974 2.3256
13680 6840.0 3.6334 35.5383 3.6334 2.4215 2.3875
13690 6845.0 3.6645 27.7265 3.6645 2.5258 2.3374
13700 6850.0 3.6605 28.6812 3.6605 2.5168 2.3396
13710 6855.0 3.6458 32.3028 3.6458 2.4227 2.3103
13720 6860.0 3.6467 32.0822 3.6467 2.3558 2.3330
13730 6865.0 3.6538 30.2961 3.6538 2.4312 2.3115
13740 6870.0 3.6567 29.5859 3.6567 2.3774 2.3365
13750 6875.0 3.6343 35.2887 3.6343 2.3269 2.3494
13760 6880.0 3.6340 35.3666 3.6340 2.3426 2.2604
13770 6885.0 3.6311 36.1656 3.6311 2.1891 2.2988
13780 6890.0 3.6255 37.6810 3.6255 2.2400 2.2817
13790 6895.0 3.5993 45.2167 3.5993 2.1380 2.3000
13800 6900.0 3.6041 43.7802 3.6041 2.2519 2.3318
13810 6905.0 3.5958 46.2662 3.5958 2.1607 2.3458
13820 6910.0 3.5827 50.3533 3.5827 2.2714 2.3321
13830 6915.0 3.5872 48.9268 3.5872 2.2209 2.3588
13840 6920.0 3.6016 44.5094 3.6016 2.1729 2.3426
13850 6925.0 3.6179 39.7983 3.6179 2.2904 2.2708
13860 6930.0 3.6230 38.3632 3.6230 2.2440 2.2802
13870 6935.0 3.6245 37.9617 3.6245 2.3092 2.2702
13880 6940.0 3.6164 40.2237 3.6164 2.3150 2.2736
13890 6945.0 3.6083 42.5325 3.6083 2.2683 2.3135
13900 6950.0 3.6156 40.4409 3.6156 2.3361 2.2755
13910 6955.0 3.6287 36.8007 3.6287 2.2905 2.2615
13920 6960.0 3.6364 34.7346 3.6364 2.3161 2.2345
13930 6965.0 3.6346 35.2256 3.6346 2.3986 2.2577
13940 6970.0 3.6231 38.3288 3.6231 2.3317 2.2899
13950 6975.0 3.6224 38.5412 3.6224 2.3125 2.2895
13960 6980.0 3.6368 34.6472 3.6368 2.3384 2.2716
13970 6985.0 3.6253 37.7246 3.6253 2.2847 2.3010
13980 6990.0 3.6399 33.8249 3.6399 2.2895 2.2337
13990 6995.0 3.6358 34.8969 3.6358 2.3491 2.2892
14000 7000.0 3.6234 38.2654 3.6234 2.4155 2.3161
14010 7005.0 3.6348 35.1678 3.6348 2.3234 2.2748
14020 7010.0 3.6424 33.1676 3.6424 2.2450 2.2794
14030 7015.0 3.6432 32.9745 3.6432 2.2303 2.2992
14040 7020.0 3.6168 40.0882 3.6168 2.3093 2.3219
14050 7025.0 3.6139 40.9251 3.6139 2.4125 2.3009
14060 7030.0 3.6226 38.4847 3.6226 2.3666 2.2598
14070 7035.0 3.6430 33.0177 3.6430 2.2294 2.2513
14080 7040.0 3.6400 33.7950 3.6400 2.2106 2.3085
14090 7045.0 3.6196 39.3060 3.6196 2.3254 2.3291
14100 7050.0 3.6158 40.3910 3.6158 2.3717 2.3073
14110 7055.0 3.6181 39.7417 3.6181 2.3542 2.3303
14120 7060.0 3.6204 39.0897 3.6204 2.3535 2.3450
14130 7065.0 3.6140 40.9033 3.6140 2.2657 2.4007
14140 7070.0 3.6024 44.2745 3.6024 2.2991 2.3299
14150 7075.0 3.6139 40.9324 3.6139 2.3165 2.3939
14160 7080.0 3.6308 36.2424 3.6308 2.3038 2.3567
14170 7085.0 3.6295 36.5779 3.6295 2.3203 2.2891
14180 7090.0 3.6108 41.8271 3.6108 2.3040 2.3630
14190 7095.0 3.6321 35.8889 3.6321 2.3287 2.2521
14200 7100.0 3.6108 41.8198 3.6108 2.2864 2.3521
14210 7105.0 3.6063 43.1428 3.6063 2.2969 2.2586
14220 7110.0 3.6507 31.0775 3.6507 2.2993 2.3063
14230 7115.0 3.6533 30.4269 3.6533 2.3261 2.2601
14240 7120.0 3.6332 35.5781 3.6332 2.2963 2.3410
14250 7125.0 3.6473 31.9328 3.6473 2.2822 2.2645
14260 7130.0 3.6465 32.1315 3.6465 2.1521 2.3294
14270 7135.0 3.6495 31.3827 3.6495 2.2520 2.2686
14280 7140.0 3.6433 32.9524 3.6433 2.2737 2.2644
14290 7145.0 3.6748 25.3672 3.6748 2.2241 2.3164
14300 7150.0 3.6626 28.1792 3.6626 2.1743 2.2598
14310 7155.0 3.6773 24.7990 3.6773 2.1938 2.3226
14320 7160.0 3.6600 28.8005 3.6600 2.2230 2.2562
14330 7165.0 3.6784 24.5612 3.6784 2.2204 2.3220
14340 7170.0 3.6889 22.2769 3.6889 2.2216 2.3467
14350 7175.0 3.6868 22.7209 3.6868 2.2759 2.3534
14360 7180.0 3.6828 23.5886 3.6828 2.1385 2.3442
14370 7185.0 3.6976 20.4787 3.6976 2.2173 2.3179
14380 7190.0 3.6890 22.2682 3.6890 2.1239 2.3669
14390 7195.0 3.7057 18.8781 3.7057 2.1634 2.3563
14400 7200.0 3.7045 19.1147 3.7045 2.2067 2.3520
14410 7205.0 3.6677 26.9783 3.6677 2.2699 2.4069
14420 7210.0 3.6684 26.8308 3.6684 2.2266 2.4258
14430 7215.0 3.6689 26.6951 3.6689 2.2099 2.3013
14440 7220.0 3.6733 25.7010 3.6733 2.1830 2.4082
14450 7225.0 3.6308 36.2477 3.6308 2.2737 2.3738
14460 7230.0 3.6365 34.7276 3.6365 2.1881 2.3684
14470 7235.0 3.6603 28.7165 3.6603 2.1062 2.3591
14480 7240.0 3.6753 25.2529 3.6753 2.2878 2.2844
14490 7245.0 3.6491 31.4753 3.6491 2.1895 2.4147
14500 7250.0 3.6594 28.9528 3.6594 2.2368 2.2694
14510 7255.0 3.6650 27.6042 3.6650 2.1235 2.3279
14520 7260.0 3.6752 25.2767 3.6752 2.2748 2.2855
14530 7265.0 3.6721 25.9801 3.6721 2.3002 2.3329
14540 7270.0 3.6605 28.6819 3.6605 2.1860 2.3287
14550 7275.0 3.6552 29.9525 3.6552 2.1691 2.3239
14560 7280.0 3.6752 25.2743 3.6752 2.2678 2.3062
14570 7285.0 3.6645 27.7269 3.6645 2.0865 2.2687
14580 7290.0 3.6622 28.2790 3.6622 2.0237 2.2740
14590 7295.0 3.6433 32.9420 3.6433 1.9511 2.2896
14600 7300.0 3.6275 37.1205 3.6275 2.0333 2.3216
14610 7305.0 3.6144 40.7768 3.6144 2.2939 2.2570
14620 7310.0 3.6319 35.9285 3.6319 2.3396 2.2821
14630 7315.0 3.6127 41.2566 3.6127 2.3466 2.2427
14640 7320.0 3.6304 36.3554 3.6304 2.1109 2.2571
14650 7325.0 3.6545 30.1373 3.6545 2.0030 2.2007
14660 7330.0 3.6260 37.5422 3.6260 2.0562 2.2791
14670 7335.0 3.6229 38.3844 3.6229 2.3224 2.2425
14680 7340.0 3.5885 48.5142 3.5885 2.3819 2.2546
14690 7345.0 3.6304 36.3436 3.6304 2.3963 2.2411
14700 7350.0 3.6748 25.3482 3.6748 2.1949 2.2538
14710 7355.0 3.6267 37.3479 3.6267 2.0939 2.3025
14720 7360.0 3.6378 34.3815 3.6378 2.1665 2.2448
14730 7365.0 3.6564 29.6796 3.6564 2.3056 2.2399
14740 7370.0 3.6132 41.1326 3.6132 2.4781 2.3316
14750 7375.0 3.6057 43.2969 3.6057 2.5306 2.2875
14760 7380.0 3.6268 37.3129 3.6268 2.4336 2.2374
14770 7385.0 3.6489 31.5220 3.6489 2.2815 2.3207
14780 7390.0 3.6128 41.2471 3.6128 2.1839 2.3550
14790 7395.0 3.6375 34.4484 3.6375 2.1976 2.2883
14800 7400.0 3.6445 32.6304 3.6445 2.2947 2.2733
14810 7405.0 3.6166 40.1640 3.6166 2.4537 2.3055
14820 7410.0 3.6033 44.0164 3.6033 2.4308 2.2148
14830 7415.0 3.6285 36.8458 3.6285 2.4162 2.2758
14840 7420.0 3.6387 34.1264 3.6387 2.3422 2.3254
14850 7425.0 3.6177 39.8337 3.6177 2.2924 2.3479
14860 7430.0 3.6063 43.1433 3.6063 2.2582 2.3631
14870 7435.0 3.6008 44.7578 3.6008 2.3901 2.2612
14880 7440.0 3.6015 44.5585 3.6015 2.3739 2.2924
14890 7445.0 3.6090 42.3544 3.6090 2.3731 2.2674
14900 7450.0 3.6233 38.2823 3.6233 2.3829 2.2754
14910 7455.0 3.6067 43.0158 3.6067 2.2270 2.2841
14920 7460.0 3.6063 43.1371 3.6063 2.2040 2.2589
14930 7465.0 3.6252 37.7486 3.6252 2.2964 2.2662
14940 7470.0 3.6420 33.2834 3.6420 2.4356 2.2284
14950 7475.0 3.6337 35.4630 3.6337 2.3475 2.2464
14960 7480.0 3.6477 31.8276 3.6477 2.4412 2.2344
14970 7485.0 3.6503 31.1873 3.6503 2.4902 2.2506
14980 7490.0 3.6137 40.9907 3.6137 2.3505 2.1903
14990 7495.0 3.6132 41.1392 3.6132 2.2510 2.2421
15000 7500.0 3.6238 38.1519 3.6238 2.3297 2.2202
15010 7505.0 3.6222 38.5905 3.6222 2.4608 2.2024
15020 7510.0 3.6085 42.4748 3.6085 2.5495 2.2170
15030 7515.0 3.6089 42.3757 3.6089 2.5583 2.2410
15040 7520.0 3.6245 37.9597 3.6245 2.4770 2.1983
15050 7525.0 3.6251 37.7837 3.6251 2.2979 2.2373
15060 7530.0 3.6332 35.5809 3.6332 2.3198 2.2228
15070 7535.0 3.6026 44.2274 3.6026 2.4373 2.1782
15080 7540.0 3.5958 46.2564 3.5958 2.3027 2.2767
15090 7545.0 3.6176 39.8614 3.6176 2.3631 2.2609
15100 7550.0 3.6105 41.9104 3.6105 2.0959 2.2271
15110 7555.0 3.6069 42.9597 3.6069 2.0682 2.2572
15120 7560.0 3.6298 36.5124 3.6298 2.2209 2.3121
15130 7565.0 3.6244 37.9869 3.6244 2.2848 2.3651
15140 7570.0 3.6362 34.7878 3.6362 2.2921 2.3680
15150 7575.0 3.6512 30.9629 3.6512 2.1798 2.3789
15160 7580.0 3.6370 34.5904 3.6370 2.0943 2.4364
15170 7585.0 3.6570 29.5212 3.6570 2.2369 2.4517
15180 7590.0 3.6461 32.2215 3.6461 2.3705 2.4838
15190 7595.0 3.6483 31.6703 3.6483 2.3457 2.5052
15200 7600.0 3.6590 29.0337 3.6590 2.3759 2.5130
15210 7605.0 3.6848 23.1481 3.6848 2.2322 2.4681
15220 7610.0 3.6901 22.0284 3.6901 2.1572 2.4110
15230 7615.0 3.6867 22.7522 3.6867 2.1980 2.3961
15240 7620.0 3.6937 21.2869 3.6937 2.3325 2.3876
15250 7625.0 3.6882 22.4351 3.6882 2.4589 2.3777
15260 7630.0 3.6982 20.3549 3.6982 2.4545 2.3417
15270 7635.0 3.7025 19.5082 3.7025 2.4204 2.2860
15280 7640.0 3.6826 23.6301 3.6826 2.3865 2.2923
15290 7645.0 3.7109 17.8871 3.7109 2.4011 2.2311
15300 7650.0 3.7136 17.3703 3.7136 2.4974 2.2060
15310 7655.0 3.7099 18.0597 3.7099 2.5413 2.1954
15320 7660.0 3.6973 20.5463 3.6973 2.5757 2.2060
15330 7665.0 3.6869 22.7164 3.6869 2.5631 2.2447
15340 7670.0 3.6788 24.4734 3.6788 2.5236 2.2654
15350 7675.0 3.6757 25.1477 3.6757 2.5357 2.2658
15360 7680.0 3.6749 25.3310 3.6749 2.6047 2.2361
15370 7685.0 3.6735 25.6451 3.6735 2.4446 2.2577
15380 7690.0 3.6623 28.2412 3.6623 2.4096 2.2509
15390 7695.0 3.6682 26.8592 3.6682 2.4526 2.2721
15400 7700.0 3.6379 34.3600 3.6379 2.4014 2.2844
15410 7705.0 3.6405 33.6764 3.6405 2.3731 2.2942
15420 7710.0 3.6423 33.2165 3.6423 2.4514 2.3626
15430 7715.0 3.6187 39.5721 3.6187 2.3759 2.4280
15440 7720.0 3.6244 37.9715 3.6244 2.4099 2.4324
15450 7725.0 3.6171 40.0125 3.6171 2.4550 2.4174
15460 7730.0 3.6164 40.2277 3.6164 2.5415 2.4417
15470 7735.0 3.5953 46.4125 3.5953 2.5356 2.4775
15480 7740.0 3.6134 41.0640 3.6134 2.4515 2.4086
15490 7745.0 3.6067 43.0250 3.6067 2.4120 2.4837
15500 7750.0 3.6172 39.9817 3.6172 2.4349 2.3803
15510 7755.0 3.6192 39.4240 3.6192 2.4409 2.5137
15520 7760.0 3.6332 35.5858 3.6332 2.3882 2.4049
15530 7765.0 3.6769 24.8800 3.6769 2.3856 2.4795
15540 7770.0 3.6746 25.4025 3.6746 2.4093 2.5115
15550 7775.0 3.6394 33.9464 3.6394 2.3925 2.4084
15560 7780.0 3.6400 33.7927 3.6400 2.3502 2.5880
15570 7785.0 3.6592 28.9991 3.6592 2.3816 2.4632
15580 7790.0 3.6506 31.0992 3.6506 2.2729 2.6092
15590 7795.0 3.6665 27.2707 3.6665 2.3506 2.4821
15600 7800.0 3.6573 29.4556 3.6573 2.3110 2.5742
15610 7805.0 3.6793 24.3452 3.6793 2.3371 2.4384
15620 7810.0 3.6760 25.0790 3.6760 2.2365 2.5359
15630 7815.0 3.6774 24.7834 3.6774 2.3116 2.3760
15640 7820.0 3.6970 20.5950 3.6970 2.2978 2.4343
15650 7825.0 3.7158 16.9709 3.7158 2.2792 2.3677
15660 7830.0 3.6969 20.6221 3.6969 2.3067 2.3085
15670 7835.0 3.6857 22.9696 3.6857 2.2755 2.3864
15680 7840.0 3.7090 18.2415 3.7090 2.2897 2.3037
15690 7845.0 3.7036 19.2861 3.7036 2.3199 2.3388
15700 7850.0 3.6789 24.4440 3.6789 2.3186 2.3651
15710 7855.0 3.6486 31.5928 3.6486 2.3364 2.2808
15720 7860.0 3.6305 36.3133 3.6305 2.2137 2.4378
15730 7865.0 3.6280 36.9895 3.6280 2.3762 2.2993
15740 7870.0 3.6523 30.6795 3.6523 2.3884 2.4030
15750 7875.0 3.6702 26.3959 3.6702 2.3948 2.3364
15760 7880.0 3.6618 28.3729 3.6618 2.3788 2.2891
15770 7885.0 3.6480 31.7463 3.6480 2.4018 2.3472
15780 7890.0 3.6736 25.6204 3.6736 2.4368 2.3003
15790 7895.0 3.6750 25.3143 3.6750 2.4816 2.3486
15800 7900.0 3.6769 24.8770 3.6769 2.4888 2.3207
15810 7905.0 3.6422 33.2431 3.6422 2.4922 2.2972
15820 7910.0 3.6733 25.7026 3.6733 2.4955 2.3131
15830 7915.0 3.6837 23.3988 3.6837 2.4917 2.2919
15840 7920.0 3.6859 22.9111 3.6859 2.4920 2.2249
15850 7925.0 3.6468 32.0624 3.6468 2.4360 2.3066
15860 7930.0 3.7069 18.6368 3.7069 2.3520 2.2434
15870 7935.0 3.6920 21.6355 3.6920 2.3503 2.2419
15880 7940.0 3.6445 32.6324 3.6445 2.4228 2.3375
15890 7945.0 3.6300 36.4594 3.6300 2.3545 2.3520
15900 7950.0 3.6345 35.2490 3.6345 2.3620 2.3451
15910 7955.0 3.6236 38.2050 3.6236 2.2429 2.3355
15920 7960.0 3.6223 38.5670 3.6223 2.1332 2.4128
15930 7965.0 3.6302 36.3906 3.6302 2.0339 2.3705
15940 7970.0 3.6464 32.1631 3.6464 2.0539 2.4241
15950 7975.0 3.6542 30.2155 3.6542 2.0813 2.4303
15960 7980.0 3.6651 27.5841 3.6651 2.0235 2.4387
15970 7985.0 3.6629 28.1055 3.6629 2.0158 2.4673
15980 7990.0 3.6599 28.8163 3.6599 2.0648 2.4478
15990 7995.0 3.6541 30.2399 3.6541 2.1215 2.4791
16000 8000.0 3.6492 31.4585 3.6492 2.2390 2.4888
16010 8005.0 3.6380 34.3287 3.6380 2.2871 2.4471
16020 8010.0 3.6264 37.4158 3.6264 2.3181 2.5002
16030 8015.0 3.6262 37.4915 3.6262 2.3012 2.4795
16040 8020.0 3.5917 47.5244 3.5917 2.2489 2.4759
16050 8025.0 3.5869 49.0276 3.5869 2.2467 2.5529
16060 8030.0 3.6018 44.4643 3.6018 2.3526 2.5074
16070 8035.0 3.6163 40.2417 3.6163 2.3702 2.4410
16080 8040.0 3.6511 30.9809 3.6511 2.3879 2.4555
16090 8045.0 3.6309 36.2000 3.6309 2.3473 2.4603
16100 8050.0 3.6240 38.0805 3.6240 2.4164 2.3845
16110 8055.0 3.6408 33.5840 3.6408 2.3266 2.4235
16120 8060.0 3.6614 28.4598 3.6614 2.3019 2.3646
16130 8065.0 3.6603 28.7338 3.6603 2.2749 2.3591
16140 8070.0 3.6527 30.5866 3.6527 2.3763 2.3756
16150 8075.0 3.6388 34.1114 3.6388 2.4627 2.3721
16160 8080.0 3.6121 41.4349 3.6121 2.4627 2.4291
16170 8085.0 3.6059 43.2390 3.6059 2.4602 2.4207
16180 8090.0 3.6207 39.0074 3.6207 2.5323 2.3656
16190 8095.0 3.6251 37.7726 3.6251 2.4308 2.2749
16200 8100.0 3.6297 36.5327 3.6297 2.3358 2.2090
16210 8105.0 3.6259 37.5601 3.6259 2.2432 2.2031
16220 8110.0 3.6269 37.3001 3.6269 2.2852 2.2246
16230 8115.0 3.6089 42.3724 3.6089 2.4241 2.3122
16240 8120.0 3.6474 31.9050 3.6474 2.4826 2.2497
16250 8125.0 3.6597 28.8741 3.6597 2.5160 2.2774
16260 8130.0 3.6597 28.8609 3.6597 2.5299 2.2738
16270 8135.0 3.6254 37.6924 3.6254 2.4492 2.1902
16280 8140.0 3.6270 37.2753 3.6270 2.2863 2.2836
16290 8145.0 3.6553 29.9328 3.6553 2.2465 2.2170
16300 8150.0 3.6422 33.2418 3.6422 2.2316 2.2577
16310 8155.0 3.6191 39.4652 3.6191 2.2967 2.3793
16320 8160.0 3.6660 27.3736 3.6660 2.4525 2.2943
16330 8165.0 3.6261 37.5227 3.6261 2.3312 2.3409
16340 8170.0 3.6458 32.3124 3.6458 2.3772 2.3023
16350 8175.0 3.6645 27.7382 3.6645 2.2135 2.3013
16360 8180.0 3.6444 32.6667 3.6444 2.1061 2.4342
16370 8185.0 3.6499 31.2813 3.6499 2.1873 2.4125
16380 8190.0 3.6226 38.4773 3.6226 2.3573 2.3489
16390 8195.0 3.6047 43.6038 3.6047 2.3545 2.4311
16400 8200.0 3.6464 32.1674 3.6464 2.3306 2.4073
16410 8205.0 3.6576 29.3780 3.6576 2.1466 2.4036
16420 8210.0 3.6556 29.8583 3.6556 2.1697 2.4132
16430 8215.0 3.6458 32.3082 3.6458 2.2968 2.3731
16440 8220.0 3.6329 35.6678 3.6329 2.3526 2.3561
16450 8225.0 3.6482 31.7132 3.6482 2.2554 2.3101
16460 8230.0 3.6738 25.5769 3.6738 2.0139 2.3050
16470 8235.0 3.6598 28.8521 3.6598 1.9233 2.2571
16480 8240.0 3.6743 25.4726 3.6743 1.9926 2.2558
16490 8245.0 3.6671 27.1287 3.6671 2.1177 2.2416
16500 8250.0 3.6598 28.8549 3.6598 2.2239 2.2169
16510 8255.0 3.6503 31.1850 3.6503 2.2089 2.1807
16520 8260.0 3.6433 32.9355 3.6433 2.0690 2.2165
16530 8265.0 3.6415 33.4093 3.6415 2.1134 2.1430
16540 8270.0 3.6311 36.1518 3.6311 2.2387 2.1854
16550 8275.0 3.6127 41.2645 3.6127 2.3362 2.2902
16560 8280.0 3.6350 35.1168 3.6350 2.4009 2.2836
16570 8285.0 3.6322 35.8525 3.6322 2.3776 2.2651
16580 8290.0 3.6186 39.5882 3.6186 2.3467 2.3568
16590 8295.0 3.6372 34.5308 3.6372 2.3444 2.3292
16600 8300.0 3.6379 34.3508 3.6379 2.2318 2.2780
16610 8305.0 3.6269 37.2828 3.6269 2.2032 2.3297
16620 8310.0 3.6179 39.8034 3.6179 2.2323 2.3660
16630 8315.0 3.6472 31.9599 3.6472 2.3256 2.3054
16640 8320.0 3.6146 40.7351 3.6146 2.3898 2.3620
16650 8325.0 3.6185 39.6270 3.6185 2.4447 2.3561
16660 8330.0 3.6489 31.5360 3.6489 2.2616 2.2848
16670 8335.0 3.6242 38.0249 3.6242 2.1097 2.2149
16680 8340.0 3.6398 33.8482 3.6398 2.2268 2.2520
16690 8345.0 3.6152 40.5498 3.6152 2.4407 2.3308
16700 8350.0 3.6109 41.7952 3.6109 2.2799 2.3062
16710 8355.0 3.6375 34.4583 3.6375 2.3893 2.2858
16720 8360.0 3.6240 38.0940 3.6240 2.1584 2.3360
16730 8365.0 3.6324 35.8059 3.6324 1.9947 2.2089
16740 8370.0 3.6564 29.6747 3.6564 2.1243 2.2340
16750 8375.0 3.5879 48.7160 3.5879 2.3634 2.4314
16760 8380.0 3.5881 48.6506 3.5881 2.1452 2.2842
16770 8385.0 3.6378 34.3790 3.6378 2.2044 2.3482
16780 8390.0 3.6364 34.7403 3.6364 2.2828 2.3965
16790 8395.0 3.7008 19.8494 3.7008 2.0616 2.3157
16800 8400.0 3.7111 17.8397 3.7111 2.0945 2.3045
16810 8405.0 3.6750 25.3081 3.6750 2.1781 2.3659
16820 8410.0 3.6358 34.9083 3.6358 2.3313 2.2793
16830 8415.0 3.6423 33.2037 3.6423 2.2825 2.4212
16840 8420.0 3.6348 35.1719 3.6348 2.1756 2.3291
16850 8425.0 3.6220 38.6333 3.6220 2.2268 2.4708
16860 8430.0 3.6019 44.4384 3.6019 2.3697 2.5129
16870 8435.0 3.5515 60.7252 3.5515 2.2647 2.5465
16880 8440.0 3.5582 58.4060 3.5582 2.1867 2.6136
16890 8445.0 3.5626 56.9073 3.5626 2.1583 2.6151
16900 8450.0 3.5778 51.8914 3.5778 2.2041 2.6064
16910 8455.0 3.5894 48.2391 3.5894 2.2723 2.5489
16920 8460.0 3.5893 48.2710 3.5893 2.3236 2.4317
16930 8465.0 3.6283 36.9232 3.6283 2.3036 2.4635
16940 8470.0 3.6688 26.7263 3.6688 2.2563 2.3489
16950 8475.0 3.6511 30.9872 3.6511 2.1773 2.3909
16960 8480.0 3.6799 24.2324 3.6799 2.1887 2.2726
16970 8485.0 3.6649 27.6336 3.6649 2.0789 2.2804
16980 8490.0 3.6678 26.9663 3.6678 2.2652 2.3090
16990 8495.0 3.6300 36.4598 3.6300 2.2785 2.3481
17000 8500.0 3.6198 39.2558 3.6198 2.3344 2.2996
17010 8505.0 3.6141 40.8616 3.6141 2.4093 2.2822
17020 8510.0 3.6019 44.4324 3.6019 2.4021 2.3678
17030 8515.0 3.6054 43.3940 3.6054 2.4446 2.2448
17040 8520.0 3.6248 37.8579 3.6248 2.4128 2.2904
17050 8525.0 3.6395 33.9263 3.6395 2.4898 2.2962
17060 8530.0 3.6568 29.5717 3.6568 2.3718 2.2649
17070 8535.0 3.6830 23.5349 3.6830 2.2181 2.2981
17080 8540.0 3.7069 18.6471 3.7069 2.2380 2.2759
17090 8545.0 3.7035 19.3067 3.7035 2.3191 2.2156
17100 8550.0 3.6885 22.3760 3.6885 2.3960 2.2318
17110 8555.0 3.7032 19.3562 3.7032 2.3565 2.1931
17120 8560.0 3.7158 16.9721 3.7158 2.3095 2.2881
17130 8565.0 3.6907 21.8942 3.6907 2.3017 2.3877
17140 8570.0 3.6847 23.1752 3.6847 2.2294 2.3272
17150 8575.0 3.6918 21.6635 3.6918 2.2145 2.4202
17160 8580.0 3.7317 14.1575 3.7317 2.3141 2.3392
17170 8585.0 3.7206 16.0898 3.7206 2.4357 2.3613
17180 8590.0 3.7162 16.8988 3.7162 2.4563 2.3880
17190 8595.0 3.6995 20.0953 3.6995 2.3806 2.4286
17200 8600.0 3.7347 13.6611 3.7347 2.2735 2.3773
17210 8605.0 3.7170 16.7376 3.7170 2.1982 2.4015
17220 8610.0 3.7280 14.7945 3.7280 2.2200 2.3958
17230 8615.0 3.7228 15.6917 3.7228 2.4061 2.4184
17240 8620.0 3.6994 20.1292 3.6994 2.4264 2.4936
17250 8625.0 3.6994 20.1227 3.6994 2.4703 2.4136
17260 8630.0 3.6975 20.5128 3.6975 2.4441 2.5244
17270 8635.0 3.6916 21.7187 3.6916 2.3152 2.4380
17280 8640.0 3.6720 25.9915 3.6720 2.2831 2.5577
17290 8645.0 3.6858 22.9499 3.6858 2.3703 2.4460
17300 8650.0 3.6903 21.9821 3.6903 2.4852 2.4901
17310 8655.0 3.6794 24.3269 3.6794 2.3960 2.4142
17320 8660.0 3.7038 19.2489 3.7038 2.3317 2.3865
17330 8665.0 3.7290 14.6252 3.7290 2.3213 2.4026
17340 8670.0 3.7216 15.9094 3.7216 2.1674 2.3876
17350 8675.0 3.7009 19.8227 3.7009 2.1737 2.4121
17360 8680.0 3.7096 18.1189 3.7096 2.3151 2.3513
17370 8685.0 3.6684 26.8139 3.6684 2.2587 2.4209
17380 8690.0 3.6698 26.4952 3.6698 2.2551 2.3697
17390 8695.0 3.6732 25.7223 3.6732 2.2763 2.3606
17400 8700.0 3.6689 26.6956 3.6689 2.2873 2.3395
17410 8705.0 3.6706 26.3227 3.6706 2.1625 2.3291
17420 8710.0 3.6642 27.8102 3.6642 2.0847 2.4185
17430 8715.0 3.6668 27.2016 3.6668 1.9734 2.3641
17440 8720.0 3.6655 27.5051 3.6655 2.0250 2.4573
17450 8725.0 3.6694 26.5977 3.6694 2.1369 2.3881
17460 8730.0 3.6498 31.2905 3.6498 2.2586 2.4775
17470 8735.0 3.6288 36.7838 3.6288 2.2886 2.5374
17480 8740.0 3.6153 40.5349 3.6153 2.2837 2.5015
17490 8745.0 3.6386 34.1531 3.6386 2.2516 2.5676
17500 8750.0 3.6275 37.1230 3.6275 2.3369 2.5814
17510 8755.0 3.6064 43.0967 3.6064 2.3820 2.4899
17520 8760.0 3.6304 36.3379 3.6304 2.3435 2.5541
17530 8765.0 3.7104 17.9788 3.7104 2.1998 2.4826
17540 8770.0 3.7282 14.7648 3.7282 2.0155 2.4554
17550 8775.0 3.7251 15.2936 3.7251 1.9988 2.4615
17560 8780.0 3.7373 13.2404 3.7373 2.0755 2.4031
17570 8785.0 3.7245 15.4013 3.7245 2.2337 2.4475
17580 8790.0 3.7248 15.3500 3.7248 2.3259 2.4407
17590 8795.0 3.7204 16.1199 3.7204 2.3614 2.4738
17600 8800.0 3.6923 21.5619 3.6923 2.2968 2.5171
17610 8805.0 3.6823 23.6990 3.6823 2.2768 2.5348
17620 8810.0 3.6674 27.0560 3.6674 2.3806 2.5672
17630 8815.0 3.6243 38.0136 3.6243 2.4581 2.5927
17640 8820.0 3.6316 36.0271 3.6316 2.4111 2.6006
17650 8825.0 3.6443 32.6846 3.6443 2.3020 2.5736
17660 8830.0 3.6339 35.3946 3.6339 2.2719 2.5714
17670 8835.0 3.6453 32.4337 3.6453 2.3683 2.5538
17680 8840.0 3.6506 31.1102 3.6506 2.3709 2.4918
17690 8845.0 3.6650 27.6035 3.6650 2.3494 2.5243
17700 8850.0 3.6883 22.4003 3.6883 2.3811 2.4739
17710 8855.0 3.6882 22.4348 3.6882 2.3472 2.4774
17720 8860.0 3.6920 21.6383 3.6920 2.3115 2.4219
17730 8865.0 3.6798 24.2375 3.6798 2.2567 2.4734
17740 8870.0 3.6807 24.0377 3.6807 2.2251 2.4298
17750 8875.0 3.6907 21.9105 3.6907 2.2919 2.4183
17760 8880.0 3.6919 21.6531 3.6919 2.3526 2.4001
17770 8885.0 3.6854 23.0341 3.6854 2.2992 2.4089
17780 8890.0 3.6891 22.2496 3.6891 2.3639 2.3949
17790 8895.0 3.6933 21.3708 3.6933 2.2954 2.3779
17800 8900.0 3.6813 23.9214 3.6813 2.2344 2.3942
17810 8905.0 3.6770 24.8720 3.6770 2.3342 2.3897
17820 8910.0 3.6523 30.6731 3.6523 2.4149 2.3667
17830 8915.0 3.6294 36.6095 3.6294 2.3241 2.4233
17840 8920.0 3.6473 31.9296 3.6473 2.4222 2.4136
17850 8925.0 3.6604 28.7008 3.6604 2.3509 2.4208
17860 8930.0 3.6596 28.9052 3.6596 2.3717 2.3964
17870 8935.0 3.6669 27.1695 3.6669 2.3719 2.3980
17880 8940.0 3.6717 26.0508 3.6717 2.3585 2.3501
17890 8945.0 3.6869 22.7001 3.6869 2.2691 2.3537
17900 8950.0 3.6804 24.1204 3.6804 2.1861 2.3097
17910 8955.0 3.6544 30.1487 3.6544 2.1636 2.3861
17920 8960.0 3.6494 31.4038 3.6494 2.2762 2.2954
17930 8965.0 3.6765 24.9733 3.6765 2.3275 2.3666
17940 8970.0 3.6536 30.3558 3.6536 2.3078 2.4100
17950 8975.0 3.6026 44.2162 3.6026 2.2927 2.3473
17960 8980.0 3.5971 45.8819 3.5971 2.2105 2.4694
17970 8985.0 3.6398 33.8473 3.6398 2.3478 2.3769
17980 8990.0 3.6456 32.3479 3.6456 2.3362 2.3631
17990 8995.0 3.6420 33.2792 3.6420 2.3265 2.3529
18000 9000.0 3.6485 31.6142 3.6485 2.3546 2.2847
