# step  time_fs  cv_FeH(A)  bias(kJ/mol)  d_min_FeH(A)  d_min_OH(A)  d_min_SH(A)
0 0.0 1.7182 2603.2345 1.7182 2.5114 2.4126
10 5.0 3.1526 359.0736 3.1526 1.4573 2.5008
20 10.0 3.2866 254.4352 3.2866 1.6153 2.1578
30 15.0 3.1375 371.9175 3.1375 1.5851 2.1939
40 20.0 3.1297 378.7459 3.1297 1.3152 1.9710
50 25.0 3.2649 270.1593 3.2649 1.3124 2.2637
60 30.0 2.9508 550.4072 2.9508 2.3284 1.2730
70 35.0 3.0164 483.7741 3.0164 2.6095 2.2954
80 40.0 3.2165 306.9268 3.2165 1.8738 2.3419
90 45.0 3.2835 256.6995 3.2835 1.5015 2.3964
100 50.0 3.3450 214.4999 3.3450 1.7895 2.5203
110 55.0 3.3588 205.5735 3.3588 2.0636 2.2794
120 60.0 3.3405 217.4661 3.3405 2.3989 2.0770
130 65.0 3.3285 225.4504 3.3285 2.6899 1.7002
140 70.0 3.3361 220.3776 3.3361 2.8749 1.9897
150 75.0 3.3289 225.1916 3.3289 2.7345 1.8851
160 80.0 3.4113 173.2669 3.4113 2.8622 2.0218
170 85.0 3.3709 197.8534 3.3709 2.9323 2.0505
180 90.0 3.3594 205.1919 3.3594 2.6906 1.7140
190 95.0 3.3783 193.2279 3.3783 2.5401 1.8636
200 100.0 3.3439 215.2218 3.3439 2.4076 1.8051
210 105.0 3.4750 137.8286 3.4750 2.4745 1.8111
220 110.0 3.4593 146.1941 3.4593 2.7453 1.8980
230 115.0 3.4615 144.9704 3.4615 2.9641 1.9555
240 120.0 3.4300 162.4449 3.4300 2.6865 1.9571
250 125.0 3.4424 155.4555 3.4424 2.5875 2.0302
260 130.0 3.4661 142.5401 3.4661 2.6894 2.0839
270 135.0 3.4183 169.1744 3.4183 2.6885 2.0605
280 140.0 3.4334 160.5323 3.4334 2.6340 2.0084
290 145.0 3.4271 164.1185 3.4271 2.3876 2.0280
300 150.0 3.4182 169.2461 3.4182 2.3790 2.0253
310 155.0 3.4348 159.7157 3.4348 2.6020 1.9964
320 160.0 3.4178 169.4532 3.4178 2.6259 1.9933
330 165.0 3.4378 158.0371 3.4378 2.5162 1.9499
340 170.0 3.4120 172.8733 3.4120 2.3008 1.9381
350 175.0 3.4246 165.5687 3.4246 2.2724 1.9536
360 180.0 3.4529 149.6521 3.4529 2.3839 1.9882
370 185.0 3.4346 159.8625 3.4346 2.4389 2.0156
380 190.0 3.4348 159.7172 3.4348 2.3575 1.9778
390 195.0 3.4470 152.9134 3.4470 2.2392 1.9720
400 200.0 3.4616 144.9366 3.4616 2.2137 1.9876
410 205.0 3.4685 141.2705 3.4685 2.3053 1.9653
420 210.0 3.4608 145.3495 3.4608 2.3719 1.9464
430 215.0 3.4807 134.8453 3.4807 2.2908 1.8859
440 220.0 3.4722 139.2981 3.4722 2.2334 1.8659
450 225.0 3.4876 131.2791 3.4876 2.2725 1.8707
460 230.0 3.4860 132.1089 3.4860 2.3604 1.8283
470 235.0 3.5020 123.9810 3.5020 2.3563 1.8480
480 240.0 3.5112 119.4622 3.5112 2.2400 1.7931
490 245.0 3.5077 121.1628 3.5077 2.2131 1.7720
500 250.0 3.5105 119.7959 3.5105 2.2635 1.7751
510 255.0 3.5021 123.9618 3.5021 2.3409 1.7714
520 260.0 3.5167 116.7863 3.5167 2.3251 1.7454
530 265.0 3.4810 134.6772 3.4810 2.2161 1.6901
540 270.0 3.5243 113.1606 3.5243 2.2482 1.7472
550 275.0 3.4990 125.5143 3.4990 2.3126 1.7793
560 280.0 3.5110 119.5782 3.5110 2.3671 1.7502
570 285.0 3.4955 127.2692 3.4955 2.2954 1.7012
580 290.0 3.5143 117.9554 3.5143 2.1972 1.7513
590 295.0 3.5147 117.7820 3.5147 2.2926 1.8034
600 300.0 3.5138 118.2101 3.5138 2.4694 1.7687
610 305.0 3.4967 126.6660 3.4967 2.4983 1.7613
620 310.0 3.5360 107.6392 3.5360 2.4420 1.8163
630 315.0 3.5329 109.1075 3.5329 2.3289 1.8476
640 320.0 3.5404 105.5947 3.5404 2.3247 1.9115
650 325.0 3.5352 108.0014 3.5352 2.3869 1.9371
660 330.0 3.5343 108.4171 3.5343 2.5304 1.9539
670 335.0 3.5426 104.6300 3.5426 2.6192 1.9574
680 340.0 3.5440 103.9532 3.5440 2.6165 1.9387
690 345.0 3.5570 98.1325 3.5570 2.4935 1.9365
700 350.0 3.5559 98.6041 3.5559 2.3460 1.9366
710 355.0 3.5298 110.5578 3.5298 2.2374 1.9352
720 360.0 3.5542 99.3664 3.5542 2.3773 1.9696
730 365.0 3.5526 100.0917 3.5526 2.4889 1.9863
740 370.0 3.5285 111.1393 3.5285 2.5180 1.9256
750 375.0 3.5559 98.6148 3.5559 2.3934 2.0077
760 380.0 3.5503 101.1167 3.5503 2.2660 2.0323
770 385.0 3.5258 112.4529 3.5258 2.2257 1.9948
780 390.0 3.5478 102.2559 3.5478 2.3679 2.0910
790 395.0 3.5657 94.3138 3.5657 2.4801 2.0794
800 400.0 3.5249 112.8807 3.5249 2.4792 2.0543
810 405.0 3.5651 94.5662 3.5651 2.3987 2.1226
820 410.0 3.5351 108.0503 3.5351 2.2590 2.2051
830 415.0 3.5448 103.6236 3.5448 2.2560 2.2000
840 420.0 3.5101 119.9966 3.5101 2.3320 2.0820
850 425.0 3.5380 106.7338 3.5380 2.3762 2.1562
860 430.0 3.5510 100.8226 3.5510 2.3303 2.1134
870 435.0 3.5092 120.4473 3.5092 2.2335 2.0097
880 440.0 3.5264 112.1256 3.5264 2.2514 2.1178
890 445.0 3.5654 94.4278 3.5654 2.3980 2.0408
900 450.0 3.5429 104.4648 3.5429 2.3560 1.9480
910 455.0 3.5523 100.2273 3.5523 2.2875 1.9262
920 460.0 3.5143 117.9649 3.5143 2.3157 2.0025
930 465.0 3.4942 127.8932 3.4942 2.3610 1.8160
940 470.0 3.5286 111.0908 3.5286 2.4139 1.9499
950 475.0 3.5183 116.0340 3.5183 2.3979 1.8296
960 480.0 3.5538 99.5662 3.5538 2.2830 1.9048
970 485.0 3.5466 102.7985 3.5466 2.2985 1.9737
980 490.0 3.4931 128.4683 3.4931 2.3977 1.8564
990 495.0 3.5105 119.8051 3.5105 2.5015 2.0425
1000 500.0 3.4675 141.7923 3.4675 2.4654 1.8985
1010 505.0 3.5052 122.4107 3.5052 2.3335 2.1561
1020 510.0 3.5034 123.3072 3.5034 2.2503 2.0535
1030 515.0 3.5634 95.3303 3.5634 2.3148 2.1650
1040 520.0 3.5422 104.7762 3.5422 2.4572 2.1919
1050 525.0 3.5369 107.2220 3.5369 2.4468 2.1236
1060 530.0 3.5436 104.1475 3.5436 2.4191 2.1198
1070 535.0 3.5395 106.0148 3.5395 2.3516 2.1650
1080 540.0 3.5538 99.5524 3.5538 2.4147 2.1102
1090 545.0 3.4874 131.3777 3.4874 2.5602 1.9924
1100 550.0 3.5001 124.9471 3.5001 2.4606 2.1076
1110 555.0 3.4941 127.9862 3.4941 2.4184 1.9148
1120 560.0 3.5239 113.3155 3.5239 2.4905 1.9506
1130 565.0 3.5367 107.3164 3.5367 2.6613 1.9190
1140 570.0 3.4942 127.9257 3.4942 2.7413 1.8680
1150 575.0 3.5161 117.0636 3.5161 2.5794 1.9392
1160 580.0 3.5212 114.6397 3.5212 2.3431 1.8614
1170 585.0 3.5109 119.6031 3.5109 2.2013 1.8971
1180 590.0 3.5299 110.4894 3.5299 2.3753 1.9383
1190 595.0 3.4899 130.1078 3.4899 2.6083 1.8083
1200 600.0 3.5043 122.8612 3.5043 2.6392 1.8850
1210 605.0 3.5319 109.5534 3.5319 2.4022 1.9361
1220 610.0 3.5421 104.8157 3.5421 2.0707 2.0144
1230 615.0 3.5421 104.8245 3.5421 2.1926 2.0867
1240 620.0 3.5302 110.3392 3.5302 2.5858 2.0984
1250 625.0 3.4962 126.8845 3.4962 2.7060 2.1638
1260 630.0 3.5089 120.5843 3.5089 2.5942 2.1173
1270 635.0 3.5601 96.7539 3.5601 2.2693 2.0879
1280 640.0 3.5460 103.0709 3.5460 1.9900 2.1654
1290 645.0 3.5717 91.7280 3.5717 2.3852 2.1312
1300 650.0 3.5301 110.4003 3.5301 2.5626 2.1880
1310 655.0 3.5106 119.7740 3.5106 2.4344 2.2157
1320 660.0 3.5420 104.8600 3.5420 2.3582 2.1587
1330 665.0 3.5441 103.9099 3.5441 2.3234 2.1435
1340 670.0 3.5274 111.6635 3.5274 2.1140 2.1564
1350 675.0 3.5730 91.1656 3.5730 2.3753 2.1127
1360 680.0 3.5497 101.3849 3.5497 2.3173 2.1242
1370 685.0 3.5338 108.6850 3.5338 2.2883 2.1379
1380 690.0 3.5558 98.6739 3.5558 2.2750 2.1426
1390 695.0 3.5589 97.2849 3.5589 2.1038 2.0586
1400 700.0 3.5795 88.4274 3.5795 2.1389 2.0774
1410 705.0 3.5332 108.9303 3.5332 2.2237 2.1976
1420 710.0 3.5204 114.9965 3.5204 2.2056 2.1610
1430 715.0 3.5289 110.9526 3.5289 2.2411 2.1201
1440 720.0 3.5630 95.4954 3.5630 2.1916 2.2107
1450 725.0 3.5783 88.9335 3.5783 2.1056 2.2158
1460 730.0 3.5399 105.8398 3.5399 2.2532 2.1253
1470 735.0 3.5159 117.1538 3.5159 2.1412 2.3028
1480 740.0 3.5209 114.7918 3.5209 2.2838 2.3022
1490 745.0 3.5299 110.4955 3.5299 2.4042 2.1321
1500 750.0 3.5262 112.2457 3.5262 2.2028 2.3230
1510 755.0 3.5528 99.9978 3.5528 2.2218 2.1749
1520 760.0 3.5959 81.6327 3.5959 2.2799 2.2000
1530 765.0 3.5740 90.7267 3.5740 2.3856 2.2276
1540 770.0 3.5429 104.4567 3.5429 2.4671 2.0951
1550 775.0 3.5501 101.2178 3.5501 2.3406 2.2515
1560 780.0 3.5484 101.9688 3.5484 2.2558 2.1528
1570 785.0 3.5830 86.9274 3.5830 2.4498 2.1271
1580 790.0 3.5737 90.8500 3.5737 2.4920 2.1862
1590 795.0 3.5304 110.2417 3.5304 2.4494 2.0839
1600 800.0 3.5345 108.3645 3.5345 2.2577 2.2065
1610 805.0 3.5060 122.0264 3.5060 2.1953 2.1311
1620 810.0 3.5207 114.8611 3.5207 2.3059 2.2707
1630 815.0 3.5275 111.6225 3.5275 2.5252 2.1344
1640 820.0 3.5433 104.2967 3.5433 2.3770 2.1234
1650 825.0 3.5427 104.5697 3.5427 2.1350 2.1574
1660 830.0 3.5241 113.2185 3.5241 2.3002 2.0408
1670 835.0 3.5006 124.7248 3.5006 2.2295 2.2324
1680 840.0 3.5177 116.3096 3.5177 2.2838 2.0223
1690 845.0 3.5512 100.7213 3.5512 2.2258 2.1175
1700 850.0 3.5425 104.6359 3.5425 2.2563 2.1222
1710 855.0 3.5225 113.9991 3.5225 2.3562 2.0077
1720 860.0 3.5236 113.4666 3.5236 2.2397 2.1496
1730 865.0 3.5498 101.3343 3.5498 2.2736 2.0344
1740 870.0 3.5460 103.0490 3.5460 2.2221 2.0658
1750 875.0 3.5466 102.7820 3.5466 2.2594 2.1844
1760 880.0 3.5804 88.0155 3.5804 2.2914 2.1512
1770 885.0 3.5790 88.6113 3.5790 2.1901 2.1776
1780 890.0 3.6024 79.0447 3.6024 2.2657 2.2169
1790 895.0 3.6074 77.0688 3.6074 2.1613 2.2864
1800 900.0 3.6010 79.5988 3.6010 2.2424 2.3520
1810 905.0 3.5972 81.1042 3.5972 2.2929 2.3719
1820 910.0 3.6185 72.7775 3.6185 2.3001 2.3615
1830 915.0 3.6179 73.0026 3.6179 2.1897 2.3319
1840 920.0 3.6281 69.1642 3.6281 2.2054 2.3303
1850 925.0 3.6293 68.7015 3.6293 2.2816 2.3436
1860 930.0 3.6293 68.7105 3.6293 2.2820 2.3110
1870 935.0 3.6212 71.7505 3.6212 2.2565 2.2596
1880 940.0 3.6257 70.0417 3.6257 2.2209 2.2926
1890 945.0 3.6147 74.2203 3.6147 2.2646 2.2549
1900 950.0 3.6199 72.2538 3.6199 2.2768 2.2165
1910 955.0 3.6315 67.9047 3.6315 2.1864 2.2468
1920 960.0 3.6204 72.0648 3.6204 2.1825 2.2492
1930 965.0 3.6226 71.2300 3.6226 2.2882 2.1911
1940 970.0 3.6104 75.9120 3.6104 2.3813 2.2532
1950 975.0 3.6099 76.0878 3.6099 2.4350 2.2530
1960 980.0 3.6068 77.3007 3.6068 2.3811 2.2259
1970 985.0 3.6011 79.5543 3.6011 2.2867 2.2881
1980 990.0 3.6023 79.1017 3.6023 2.2389 2.2982
1990 995.0 3.6019 79.2597 3.6019 2.3289 2.2972
2000 1000.0 3.5925 83.0331 3.5925 2.4227 2.2873
2010 1005.0 3.5960 81.6207 3.5960 2.3507 2.2585
2020 1010.0 3.5983 80.6865 3.5983 2.2137 2.2473
2030 1015.0 3.6125 75.0746 3.6125 2.1694 2.2578
2040 1020.0 3.5834 86.7660 3.5834 2.3832 2.2658
2050 1025.0 3.5740 90.7549 3.5740 2.3976 2.2527
2060 1030.0 3.5923 83.1288 3.5923 2.2153 2.2356
2070 1035.0 3.6026 78.9708 3.6026 2.0816 2.2046
2080 1040.0 3.5910 83.6396 3.5910 2.2172 2.1361
2090 1045.0 3.5649 94.6420 3.5649 2.3484 2.1252
2100 1050.0 3.5991 80.3601 3.5991 2.2932 2.1405
2110 1055.0 3.5817 87.4985 3.5817 2.2161 2.1734
2120 1060.0 3.5836 86.7147 3.5836 2.2005 2.1008
2130 1065.0 3.5769 89.5242 3.5769 2.2324 2.1166
2140 1070.0 3.5549 99.0635 3.5549 2.3410 2.1350
2150 1075.0 3.5514 100.6158 3.5514 2.3172 2.1228
2160 1080.0 3.5593 97.1219 3.5593 2.1702 2.1025
2170 1085.0 3.5614 96.1977 3.5614 2.1702 2.1039
2180 1090.0 3.5483 102.0068 3.5483 2.2872 2.0947
2190 1095.0 3.5467 102.7510 3.5467 2.2768 2.0820
2200 1100.0 3.5699 92.4876 3.5699 2.1371 2.0575
2210 1105.0 3.5753 90.1962 3.5753 2.0766 2.0563
2220 1110.0 3.5761 89.8609 3.5761 2.1700 2.0519
2230 1115.0 3.5756 90.0621 3.5756 2.2400 2.0659
2240 1120.0 3.5953 81.8826 3.5953 2.1212 2.0806
2250 1125.0 3.5962 81.5297 3.5962 2.0840 2.0696
2260 1130.0 3.5917 83.3648 3.5917 2.2056 2.0615
2270 1135.0 3.5828 87.0087 3.5828 2.1988 2.0773
2280 1140.0 3.5815 87.5855 3.5815 2.1321 2.0547
2290 1145.0 3.5808 87.8640 3.5808 2.1640 2.0265
2300 1150.0 3.5717 91.7317 3.5717 2.1544 2.0157
2310 1155.0 3.5646 94.7936 3.5646 2.1891 2.0552
2320 1160.0 3.5572 98.0327 3.5572 2.0850 2.0336
2330 1165.0 3.5518 100.4410 3.5518 2.1243 2.0286
2340 1170.0 3.5492 101.6276 3.5492 2.2020 2.1196
2350 1175.0 3.5403 105.6602 3.5403 2.2443 2.0859
2360 1180.0 3.5391 106.2292 3.5391 2.2418 2.1254
2370 1185.0 3.5259 112.4026 3.5259 2.2054 2.2005
2380 1190.0 3.5182 116.0678 3.5182 2.2537 2.0839
2390 1195.0 3.5423 104.7556 3.5423 2.2244 2.2021
2400 1200.0 3.5628 95.5857 3.5628 2.2452 2.1274
2410 1205.0 3.5685 93.0864 3.5685 2.2758 2.1521
2420 1210.0 3.5585 97.4619 3.5585 2.3093 2.1805
2430 1215.0 3.5452 103.4356 3.5452 2.2723 2.1038
2440 1220.0 3.5452 103.4092 3.5452 2.2590 2.2131
2450 1225.0 3.5690 92.8959 3.5690 2.2100 2.1189
2460 1230.0 3.5612 96.2786 3.5612 2.2105 2.1102
2470 1235.0 3.5510 100.8216 3.5510 2.2423 2.1959
2480 1240.0 3.5639 95.0732 3.5639 2.2730 2.1688
2490 1245.0 3.5703 92.3297 3.5703 2.2474 2.1217
2500 1250.0 3.5701 92.4116 3.5701 2.2003 2.1245
2510 1255.0 3.5660 94.1978 3.5660 2.1938 2.1108
2520 1260.0 3.5801 88.1715 3.5801 2.2247 2.1279
2530 1265.0 3.5745 90.5249 3.5745 2.2600 2.1650
2540 1270.0 3.5639 95.0822 3.5639 2.2574 2.1812
2550 1275.0 3.5731 91.1385 3.5731 2.2306 2.1665
2560 1280.0 3.5571 98.0688 3.5571 2.2366 2.1666
2570 1285.0 3.5426 104.6110 3.5426 2.2514 2.1676
2580 1290.0 3.5517 100.5052 3.5517 2.3161 2.1749
2590 1295.0 3.5404 105.6370 3.5404 2.2686 2.1630
2600 1300.0 3.5495 101.4672 3.5495 2.2804 2.1804
2610 1305.0 3.5563 98.4313 3.5563 2.1862 2.1867
2620 1310.0 3.5513 100.6686 3.5513 2.1920 2.1810
2630 1315.0 3.5351 108.0539 3.5351 2.3322 2.1630
2640 1320.0 3.5254 112.6055 3.5254 2.3333 2.1721
2650 1325.0 3.5427 104.5536 3.5427 2.2838 2.1678
2660 1330.0 3.5462 102.9476 3.5462 2.1445 2.1430
2670 1335.0 3.5539 99.4845 3.5539 2.1232 2.1625
2680 1340.0 3.5465 102.8406 3.5465 2.2064 2.2293
2690 1345.0 3.5250 112.8085 3.5250 2.1927 2.2652
2700 1350.0 3.5320 109.4951 3.5320 2.1943 2.2000
2710 1355.0 3.5405 105.5526 3.5405 2.2000 2.1956
2720 1360.0 3.5292 110.8473 3.5292 2.0820 2.2876
2730 1365.0 3.5421 104.8134 3.5421 2.1459 2.1692
2740 1370.0 3.5515 100.5599 3.5515 2.1408 2.1940
2750 1375.0 3.5030 123.4820 3.5030 2.1677 2.2933
2760 1380.0 3.4977 126.1552 3.4977 2.2021 2.1410
2770 1385.0 3.5793 88.4852 3.5793 2.1593 2.2188
2780 1390.0 3.5701 92.3948 3.5701 2.0963 2.2859
2790 1395.0 3.5561 98.5318 3.5561 2.0969 2.1877
2800 1400.0 3.5354 107.9138 3.5354 2.1731 2.3494
2810 1405.0 3.5470 102.6243 3.5470 2.2661 2.2659
2820 1410.0 3.5776 89.2274 3.5776 2.1901 2.2964
2830 1415.0 3.5778 89.1453 3.5778 2.1894 2.3265
2840 1420.0 3.5657 94.3187 3.5657 2.2951 2.2498
2850 1425.0 3.5622 95.8385 3.5622 2.3321 2.3491
2860 1430.0 3.5757 89.9972 3.5757 2.2996 2.2315
2870 1435.0 3.5909 83.6856 3.5909 2.2530 2.2777
2880 1440.0 3.5731 91.1117 3.5731 2.2395 2.3115
2890 1445.0 3.5594 97.0635 3.5594 2.2418 2.1820
2900 1450.0 3.5620 95.9421 3.5620 2.2292 2.2971
2910 1455.0 3.5517 100.5018 3.5517 2.3268 2.1790
2920 1460.0 3.5450 103.5065 3.5450 2.3001 2.1630
2930 1465.0 3.5652 94.5453 3.5652 2.1133 2.2316
2940 1470.0 3.5847 86.2574 3.5847 2.1269 2.1469
2950 1475.0 3.5686 93.0651 3.5686 2.2010 2.1111
2960 1480.0 3.5646 94.7858 3.5646 2.2118 2.0854
2970 1485.0 3.5856 85.8743 3.5856 2.1927 2.0919
2980 1490.0 3.5751 90.2550 3.5751 2.1774 2.0939
2990 1495.0 3.5749 90.3559 3.5749 2.1723 2.0668
3000 1500.0 3.5635 95.2637 3.5635 2.1771 2.0103
3010 1505.0 3.5445 103.7308 3.5445 2.2255 2.0458
3020 1510.0 3.5252 112.7069 3.5252 2.1895 2.1037
3030 1515.0 3.5341 108.5382 3.5341 2.2416 2.0078
3040 1520.0 3.5456 103.2580 3.5456 2.1397 1.9996
3050 1525.0 3.5540 99.4586 3.5540 2.0617 2.0679
3060 1530.0 3.5513 100.6701 3.5513 2.1886 2.0930
3070 1535.0 3.5354 107.9069 3.5354 2.2114 2.1341
3080 1540.0 3.5717 91.7414 3.5717 2.1384 2.1143
3090 1545.0 3.5489 101.7573 3.5489 2.1337 2.0742
3100 1550.0 3.5361 107.6219 3.5361 2.2175 2.1320
3110 1555.0 3.5494 101.5183 3.5494 2.1968 2.2260
3120 1560.0 3.5254 112.6216 3.5254 2.1256 2.3119
3130 1565.0 3.5635 95.2840 3.5635 2.1285 2.2355
3140 1570.0 3.5650 94.6308 3.5650 2.1449 2.2652
3150 1575.0 3.5511 100.7333 3.5511 2.1506 2.3624
3160 1580.0 3.5426 104.6188 3.5426 2.2302 2.3036
3170 1585.0 3.5699 92.4912 3.5699 2.2022 2.3723
3180 1590.0 3.5838 86.6123 3.5838 2.1470 2.3442
3190 1595.0 3.5854 85.9632 3.5854 2.2237 2.3368
3200 1600.0 3.5715 91.7960 3.5715 2.2861 2.3968
3210 1605.0 3.5796 88.3555 3.5796 2.3005 2.3080
3220 1610.0 3.5979 80.8285 3.5979 2.2016 2.2977
3230 1615.0 3.5808 87.8555 3.5808 2.2032 2.3260
3240 1620.0 3.5969 81.2345 3.5969 2.2641 2.2558
3250 1625.0 3.5873 85.1696 3.5873 2.2364 2.2349
3260 1630.0 3.5943 82.2800 3.5943 2.1871 2.1972
3270 1635.0 3.6008 79.6957 3.6008 2.1727 2.1569
3280 1640.0 3.5710 92.0344 3.5710 2.1965 2.1301
3290 1645.0 3.5418 104.9610 3.5418 2.1969 2.1201
3300 1650.0 3.5472 102.5087 3.5472 2.1349 2.1252
3310 1655.0 3.5781 88.9980 3.5781 2.0555 2.1591
3320 1660.0 3.5722 91.5208 3.5722 2.0066 2.1818
3330 1665.0 3.5451 103.4468 3.5451 2.1955 2.1602
3340 1670.0 3.5136 118.2711 3.5136 2.2467 2.2078
3350 1675.0 3.5199 115.2503 3.5199 2.3143 2.2295
3360 1680.0 3.5462 102.9857 3.5462 2.1114 2.2314
3370 1685.0 3.5663 94.0680 3.5663 2.0753 2.1886
3380 1690.0 3.5620 95.9048 3.5620 2.1744 2.1483
3390 1695.0 3.5684 93.1484 3.5684 2.2098 2.1221
3400 1700.0 3.5656 94.3492 3.5656 2.1673 2.1426
3410 1705.0 3.5702 92.3476 3.5702 2.2106 2.1272
3420 1710.0 3.5803 88.0604 3.5803 2.2616 2.0900
3430 1715.0 3.5833 86.8051 3.5833 2.2079 2.0421
3440 1720.0 3.5966 81.3678 3.5966 2.1179 2.0413
3450 1725.0 3.6032 78.7403 3.6032 2.1124 2.0639
3460 1730.0 3.5678 93.3893 3.5678 2.1780 2.1413
3470 1735.0 3.5567 98.2499 3.5567 2.2165 2.1577
3480 1740.0 3.5747 90.4424 3.5747 2.1517 2.1411
3490 1745.0 3.5966 81.3573 3.5966 2.0915 2.1764
3500 1750.0 3.5951 81.9617 3.5951 2.1266 2.2148
3510 1755.0 3.5597 96.9168 3.5597 2.2218 2.2876
3520 1760.0 3.5328 109.1214 3.5328 2.3011 2.3291
3530 1765.0 3.5451 103.4543 3.5451 2.2849 2.3447
3540 1770.0 3.5783 88.8968 3.5783 2.0875 2.3099
3550 1775.0 3.5858 85.7749 3.5858 2.0898 2.3201
3560 1780.0 3.5514 100.6140 3.5514 2.2366 2.3597
3570 1785.0 3.5121 119.0011 3.5121 2.3192 2.3513
3580 1790.0 3.5552 98.9409 3.5552 2.1826 2.3401
3590 1795.0 3.5812 87.6759 3.5812 2.1184 2.3178
3600 1800.0 3.5563 98.4208 3.5563 2.1031 2.2565
3610 1805.0 3.5728 91.2679 3.5728 2.1995 2.2744
3620 1810.0 3.5731 91.1234 3.5731 2.2237 2.2591
3630 1815.0 3.5678 93.4046 3.5678 2.1560 2.2708
3640 1820.0 3.5753 90.1967 3.5753 2.1696 2.1933
3650 1825.0 3.5753 90.2021 3.5753 2.2643 2.1845
3660 1830.0 3.5622 95.8558 3.5622 2.2458 2.1461
3670 1835.0 3.5827 87.0687 3.5827 2.1770 2.1832
3680 1840.0 3.5646 94.7877 3.5646 2.1667 2.2126
3690 1845.0 3.5551 98.9741 3.5551 2.2410 2.2285
3700 1850.0 3.5672 93.6766 3.5672 2.0996 2.2140
3710 1855.0 3.5821 87.3216 3.5821 2.1606 2.2027
3720 1860.0 3.5236 113.4851 3.5236 2.2096 2.1615
3730 1865.0 3.5303 110.3234 3.5303 2.2099 2.2745
3740 1870.0 3.5421 104.8242 3.5421 2.0987 2.2676
3750 1875.0 3.5033 123.3461 3.5033 2.1761 2.1546
3760 1880.0 3.5072 121.4177 3.5072 2.1762 2.2877
3770 1885.0 3.5408 105.4188 3.5408 2.1227 2.2683
3780 1890.0 3.5180 116.1422 3.5180 2.1364 2.1971
3790 1895.0 3.5396 105.9882 3.5396 2.2021 2.2275
3800 1900.0 3.5126 118.7878 3.5126 2.2553 2.2956
3810 1905.0 3.5386 106.4395 3.5386 2.1233 2.2994
3820 1910.0 3.5165 116.8954 3.5165 2.1131 2.1727
3830 1915.0 3.5560 98.5902 3.5560 2.1296 2.2658
3840 1920.0 3.4890 130.5563 3.4890 2.3069 2.3066
3850 1925.0 3.5033 123.3690 3.5033 2.3412 2.2635
3860 1930.0 3.5454 103.3153 3.5454 2.1521 2.2484
3870 1935.0 3.5411 105.3046 3.5411 2.0251 2.1845
3880 1940.0 3.5317 109.6467 3.5317 2.1894 2.1944
3890 1945.0 3.4993 125.3466 3.4993 2.2840 2.2162
3900 1950.0 3.5238 113.3734 3.5238 2.3802 2.1728
3910 1955.0 3.5360 107.6403 3.5360 2.1057 2.1580
3920 1960.0 3.5490 101.6830 3.5490 1.9772 2.1063
3930 1965.0 3.5333 108.9084 3.5333 2.2001 2.0732
3940 1970.0 3.4501 151.1771 3.4501 2.2493 2.1224
3950 1975.0 3.5191 115.6370 3.5191 2.3239 2.0481
3960 1980.0 3.4586 146.5797 3.4586 2.1111 1.9910
3970 1985.0 3.5332 108.9451 3.5332 2.0301 2.0187
3980 1990.0 3.4968 126.6016 3.4968 2.1839 2.0636
3990 1995.0 3.4618 144.8203 3.4618 2.1828 1.9618
4000 2000.0 3.5106 119.7340 3.5106 2.2268 2.0416
4010 2005.0 3.4780 136.2505 3.4780 2.1948 2.0649
4020 2010.0 3.5150 117.5927 3.5150 2.1535 2.0775
4030 2015.0 3.5022 123.9099 3.5022 2.1914 2.0789
4040 2020.0 3.4665 142.3011 3.4665 2.2438 2.0003
4050 2025.0 3.5027 123.6671 3.5027 2.2437 2.0825
4060 2030.0 3.4527 149.7693 3.4527 2.1333 2.1684
4070 2035.0 3.5194 115.4758 3.5194 2.1097 2.0775
4080 2040.0 3.4430 155.1272 3.4430 2.1099 1.9857
4090 2045.0 3.4743 138.1958 3.4743 2.1680 2.1131
4100 2050.0 3.4670 142.0247 3.4670 2.2397 2.0351
4110 2055.0 3.4931 128.4501 3.4931 2.1886 2.0162
4120 2060.0 3.4971 126.4582 3.4971 2.0952 1.9326
4130 2065.0 3.4640 143.6315 3.4640 2.1075 1.8982
4140 2070.0 3.4915 129.2713 3.4915 2.2276 1.9661
4150 2075.0 3.4284 163.3839 3.4284 2.3048 1.9547
4160 2080.0 3.4118 173.0022 3.4118 2.2013 2.0765
4170 2085.0 3.3977 181.3834 3.3977 2.2300 1.7692
4180 2090.0 3.4241 165.8385 3.4241 2.0701 1.9867
4190 2095.0 3.4119 172.9349 3.4119 2.3748 1.8000
4200 2100.0 3.4033 178.0158 3.4033 2.3046 2.0548
4210 2105.0 3.4108 173.5536 3.4108 2.3375 1.7742
4220 2110.0 3.4548 148.6045 3.4548 2.1359 1.9253
4230 2115.0 3.4657 142.7129 3.4657 2.2985 1.8624
4240 2120.0 3.4390 157.3798 3.4390 2.4636 1.8259
4250 2125.0 3.4388 157.4716 3.4388 2.3918 1.9524
4260 2130.0 3.5130 118.5843 3.5130 2.2305 1.8830
4270 2135.0 3.4574 147.2303 3.4574 2.1231 1.8133
4280 2140.0 3.4996 125.1760 3.4996 2.0738 1.9170
4290 2145.0 3.5221 114.1976 3.5221 2.1503 1.9023
4300 2150.0 3.4846 132.8275 3.4846 2.2278 1.8524
4310 2155.0 3.4843 132.9860 3.4843 2.2083 1.8180
4320 2160.0 3.5190 115.6793 3.5190 2.1258 1.8554
4330 2165.0 3.5113 119.4018 3.5113 2.0828 1.8604
4340 2170.0 3.4614 145.0526 3.4614 2.1850 1.7201
4350 2175.0 3.5039 123.0373 3.5039 2.1771 1.7622
4360 2180.0 3.5159 117.1739 3.5159 2.1146 1.7714
4370 2185.0 3.5061 121.9617 3.5061 2.0847 1.6926
4380 2190.0 3.5120 119.0828 3.5120 2.0648 1.6783
4390 2195.0 3.5307 110.1105 3.5307 2.0754 1.7270
4400 2200.0 3.4882 130.9499 3.4882 2.1548 1.6407
4410 2205.0 3.5441 103.9177 3.5441 2.1000 1.6514
4420 2210.0 3.5387 106.4034 3.5387 2.0948 1.6364
4430 2215.0 3.5282 111.3008 3.5282 2.1444 1.5740
4440 2220.0 3.5214 114.5174 3.5214 2.1760 1.5513
4450 2225.0 3.5400 105.8005 3.5400 2.1825 1.5598
4460 2230.0 3.5423 104.7584 3.5423 2.1591 1.5885
4470 2235.0 3.4924 128.8077 3.4924 2.2548 1.4815
4480 2240.0 3.5328 109.1311 3.5328 2.2143 1.5169
4490 2245.0 3.5096 120.2390 3.5096 2.1137 1.6004
4500 2250.0 3.4435 154.8640 3.4435 2.2105 1.4749
4510 2255.0 3.5179 116.2288 3.5179 2.1726 1.5840
4520 2260.0 3.5250 112.8174 3.5250 2.1727 1.6000
4530 2265.0 3.4608 145.3606 3.4608 2.1247 1.5213
4540 2270.0 3.5467 102.7598 3.5467 2.0150 1.6958
4550 2275.0 3.4656 142.7676 3.4656 2.1689 1.5571
4560 2280.0 3.5346 108.3166 3.5346 2.0736 1.7671
4570 2285.0 3.5221 114.1732 3.5221 2.0830 1.6688
4580 2290.0 3.5383 106.5647 3.5383 2.0768 1.7038
4590 2295.0 3.5457 103.2150 3.5457 2.1118 1.7403
4600 2300.0 3.5017 124.1577 3.5017 2.1775 1.6963
4610 2305.0 3.5290 110.9404 3.5290 2.1527 1.8117
4620 2310.0 3.5201 115.1604 3.5201 2.1875 1.7451
4630 2315.0 3.5184 115.9910 3.5184 2.1829 1.7273
4640 2320.0 3.5250 112.8024 3.5250 2.1360 1.7315
4650 2325.0 3.5220 114.2301 3.5220 2.2121 1.7301
4660 2330.0 3.5296 110.6298 3.5296 2.2376 1.8113
4670 2335.0 3.5288 111.0022 3.5288 2.1922 1.7123
4680 2340.0 3.5263 112.2158 3.5263 2.1377 1.6802
4690 2345.0 3.5561 98.5304 3.5561 2.1401 1.7494
4700 2350.0 3.5610 96.3540 3.5610 2.1902 1.7427
4710 2355.0 3.5344 108.4005 3.5344 2.2171 1.6883
4720 2360.0 3.5382 106.6146 3.5382 2.2001 1.6883
4730 2365.0 3.5457 103.1954 3.5457 2.1523 1.7404
4740 2370.0 3.5281 111.3544 3.5281 2.2141 1.6557
4750 2375.0 3.5472 102.5231 3.5472 2.2473 1.7228
4760 2380.0 3.5546 99.1901 3.5546 2.2206 1.7351
4770 2385.0 3.5657 94.3140 3.5657 2.2019 1.6956
4780 2390.0 3.5255 112.5701 3.5255 2.1947 1.6554
4790 2395.0 3.5426 104.6224 3.5426 2.2107 1.6952
4800 2400.0 3.5293 110.7801 3.5293 2.2768 1.7453
4810 2405.0 3.5183 115.9989 3.5183 2.3225 1.7560
4820 2410.0 3.5105 119.8200 3.5105 2.2740 1.7370
4830 2415.0 3.5133 118.4168 3.5133 2.1456 1.7560
4840 2420.0 3.5108 119.6782 3.5108 2.1331 1.7668
4850 2425.0 3.4949 127.5396 3.4949 2.2497 1.7618
4860 2430.0 3.4703 140.2779 3.4703 2.2950 1.7960
4870 2435.0 3.4740 138.3342 3.4740 2.2432 1.7697
4880 2440.0 3.5129 118.6497 3.5129 2.1642 1.8058
4890 2445.0 3.5190 115.6779 3.5190 2.1103 1.8082
4900 2450.0 3.5052 122.4263 3.5052 2.2313 1.7920
4910 2455.0 3.5073 121.3996 3.5073 2.2081 1.8369
4920 2460.0 3.5177 116.2950 3.5177 2.1916 1.8316
4930 2465.0 3.5367 107.3086 3.5367 2.1786 1.8494
4940 2470.0 3.5299 110.4929 3.5299 2.1448 1.8713
4950 2475.0 3.5378 106.8146 3.5378 2.1036 1.8923
4960 2480.0 3.5373 107.0603 3.5373 2.1833 1.9182
4970 2485.0 3.5274 111.6785 3.5274 2.3083 1.9626
4980 2490.0 3.5427 104.5620 3.5427 2.3104 1.9651
4990 2495.0 3.5316 109.7089 3.5316 2.1981 1.9843
5000 2500.0 3.5157 117.2890 3.5157 2.1240 1.9847
5010 2505.0 3.5287 111.0457 3.5287 2.2349 1.9628
5020 2510.0 3.5194 115.4833 3.5194 2.3628 1.9990
5030 2515.0 3.5157 117.2608 3.5157 2.3268 2.0482
5040 2520.0 3.5279 111.4200 3.5279 2.1900 2.0460
5050 2525.0 3.5321 109.4838 3.5321 2.0935 2.0435
5060 2530.0 3.5204 114.9901 3.5204 2.2002 1.9867
5070 2535.0 3.5158 117.2280 3.5158 2.2393 2.0363
5080 2540.0 3.5136 118.2930 3.5136 2.1962 2.0376
5090 2545.0 3.5199 115.2374 3.5199 2.1183 2.0607
5100 2550.0 3.5212 114.6230 3.5212 2.1037 2.0484
5110 2555.0 3.5207 114.8647 3.5207 2.1180 2.0629
5120 2560.0 3.5242 113.2094 3.5242 2.1299 2.0303
5130 2565.0 3.5222 114.1369 3.5222 2.1530 2.0096
5140 2570.0 3.5415 105.0928 3.5415 2.1188 2.0592
5150 2575.0 3.5445 103.7541 3.5445 2.1232 2.0271
5160 2580.0 3.5617 96.0723 3.5617 2.0807 2.0662
5170 2585.0 3.5582 97.6078 3.5582 2.1137 2.1059
5180 2590.0 3.5420 104.8904 3.5420 2.1973 2.1384
5190 2595.0 3.5531 99.8656 3.5531 2.1720 2.1183
5200 2600.0 3.5566 98.3025 3.5566 2.1174 2.0953
5210 2605.0 3.5585 97.4712 3.5585 2.1305 2.0936
5220 2610.0 3.5802 88.1338 3.5802 2.1600 2.1232
5230 2615.0 3.5701 92.4245 3.5701 2.1880 2.1398
5240 2620.0 3.5753 90.1684 3.5753 2.1574 2.1179
5250 2625.0 3.5702 92.3586 3.5702 2.1394 2.1258
5260 2630.0 3.5755 90.1207 3.5755 2.1373 2.1171
5270 2635.0 3.5717 91.7396 3.5717 2.1868 2.1211
5280 2640.0 3.5739 90.7629 3.5739 2.1784 2.1231
5290 2645.0 3.5843 86.4224 3.5843 2.1611 2.1416
5300 2650.0 3.5848 86.1806 3.5848 2.1711 2.1561
5310 2655.0 3.6030 78.7895 3.6030 2.1280 2.1890
5320 2660.0 3.5929 82.8852 3.5929 2.1591 2.2173
5330 2665.0 3.5859 85.7598 3.5859 2.1693 2.2248
5340 2670.0 3.5853 85.9972 3.5853 2.1543 2.2196
5350 2675.0 3.5889 84.5218 3.5889 2.1466 2.1921
5360 2680.0 3.5873 85.1535 3.5873 2.1790 2.1766
5370 2685.0 3.5810 87.7746 3.5810 2.1683 2.1513
5380 2690.0 3.5964 81.4660 3.5964 2.1379 2.1588
5390 2695.0 3.5831 86.8902 3.5831 2.1519 2.2077
5400 2700.0 3.5841 86.4887 3.5841 2.2177 2.1953
5410 2705.0 3.5588 97.3371 3.5588 2.2558 2.1230
5420 2710.0 3.5696 92.6012 3.5696 2.1389 2.2376
5430 2715.0 3.5962 81.5110 3.5962 2.1839 2.1773
5440 2720.0 3.5617 96.0356 3.5617 2.3070 2.1277
5450 2725.0 3.5474 102.4388 3.5474 2.2095 2.2715
5460 2730.0 3.5268 111.9819 3.5268 2.2187 2.0960
5470 2735.0 3.5819 87.3997 3.5819 2.1342 2.2237
5480 2740.0 3.6151 74.0771 3.6151 2.2661 2.1361
5490 2745.0 3.6059 77.6387 3.6059 2.2412 2.1229
5500 2750.0 3.6031 78.7803 3.6031 2.1189 2.1929
5510 2755.0 3.5773 89.3503 3.5773 2.2438 2.0762
5520 2760.0 3.5883 84.7378 3.5883 2.2372 2.1858
5530 2765.0 3.6098 76.1129 3.6098 2.1775 2.1260
5540 2770.0 3.5708 92.1264 3.5708 2.1989 2.0610
5550 2775.0 3.5719 91.6457 3.5719 2.1715 2.1555
5560 2780.0 3.5719 91.6380 3.5719 2.1882 2.1250
5570 2785.0 3.5588 97.3369 3.5588 2.1762 2.1371
5580 2790.0 3.5610 96.3621 3.5610 2.1131 2.1897
5590 2795.0 3.5609 96.4179 3.5609 2.1289 2.1673
5600 2800.0 3.5622 95.8498 3.5622 2.1653 2.1710
5610 2805.0 3.5667 93.8867 3.5667 2.1542 2.2226
5620 2810.0 3.5590 97.2328 3.5590 2.2069 2.2428
5630 2815.0 3.5642 94.9493 3.5642 2.1968 2.2495
5640 2820.0 3.5735 90.9325 3.5735 2.1931 2.2098
5650 2825.0 3.5831 86.8953 3.5831 2.1354 2.1994
5660 2830.0 3.5805 87.9827 3.5805 2.1316 2.1855
5670 2835.0 3.5663 94.0450 3.5663 2.2430 2.1694
5680 2840.0 3.5534 99.7230 3.5534 2.2959 2.1572
5690 2845.0 3.5751 90.2507 3.5751 2.1749 2.1148
5700 2850.0 3.5863 85.5889 3.5863 2.0821 2.0610
5710 2855.0 3.5845 86.3174 3.5845 2.1573 2.0552
5720 2860.0 3.5543 99.3258 3.5543 2.2571 2.0351
5730 2865.0 3.5467 102.7264 3.5467 2.2411 2.0727
5740 2870.0 3.5525 100.1140 3.5525 2.1482 2.0751
5750 2875.0 3.5562 98.4754 3.5562 2.1058 2.0903
5760 2880.0 3.5730 91.1634 3.5730 2.1389 2.0499
5770 2885.0 3.5267 112.0035 3.5267 2.2015 1.9996
5780 2890.0 3.5445 103.7253 3.5445 2.1622 2.0945
5790 2895.0 3.5298 110.5518 3.5298 2.1818 2.1208
5800 2900.0 3.5563 98.4340 3.5563 2.2067 2.0916
5810 2905.0 3.5480 102.1736 3.5480 2.1743 2.0971
5820 2910.0 3.5498 101.3432 3.5498 2.1324 2.1164
5830 2915.0 3.5488 101.7984 3.5488 2.1294 2.1544
5840 2920.0 3.5187 115.8274 3.5187 2.2380 2.1769
5850 2925.0 3.5178 116.2675 3.5178 2.2706 2.2026
5860 2930.0 3.5272 111.7633 3.5272 2.2309 2.2278
5870 2935.0 3.5072 121.4230 3.5072 2.1547 2.3253
5880 2940.0 3.5211 114.6799 3.5211 2.1640 2.3069
5890 2945.0 3.4899 130.1225 3.4899 2.2747 2.2108
5900 2950.0 3.5061 121.9799 3.5061 2.2567 2.2413
5910 2955.0 3.5008 124.5892 3.5008 2.2308 2.2890
5920 2960.0 3.5235 113.5349 3.5235 2.1523 2.2344
5930 2965.0 3.5299 110.4963 3.5299 2.1828 2.1382
5940 2970.0 3.5022 123.8803 3.5022 2.2621 2.0928
5950 2975.0 3.5105 119.8090 3.5105 2.2535 2.1666
5960 2980.0 3.5263 112.1819 3.5263 2.2400 2.1246
5970 2985.0 3.5121 119.0100 3.5121 2.1708 1.9989
5980 2990.0 3.5189 115.7083 3.5189 2.2786 2.1153
5990 2995.0 3.5225 114.0129 3.5225 2.2996 2.1237
6000 3000.0 3.4926 128.7136 3.4926 2.1761 1.9927
6010 3005.0 3.5054 122.3210 3.5054 2.1182 2.1551
6020 3010.0 3.4726 139.0567 3.4726 2.2129 1.9795
6030 3015.0 3.4907 129.6714 3.4907 2.1732 2.1954
6040 3020.0 3.4806 134.8969 3.4806 2.1840 1.9918
6050 3025.0 3.5166 116.8145 3.5166 2.1530 2.1558
6060 3030.0 3.5148 117.7114 3.5148 2.1476 2.0385
6070 3035.0 3.5481 102.0928 3.5481 2.0747 2.1399
6080 3040.0 3.5357 107.7902 3.5357 2.1705 2.0484
6090 3045.0 3.5338 108.6863 3.5338 2.2312 2.0738
6100 3050.0 3.5309 110.0455 3.5309 2.3097 2.0771
6110 3055.0 3.5250 112.7948 3.5250 2.3192 2.0120
6120 3060.0 3.5414 105.1377 3.5414 2.1989 2.0960
6130 3065.0 3.5427 104.5730 3.5427 2.1227 1.9760
6140 3070.0 3.5965 81.4085 3.5965 2.1225 2.0593
6150 3075.0 3.5635 95.2670 3.5635 2.2252 2.1096
6160 3080.0 3.5582 97.6098 3.5582 2.3102 2.0006
6170 3085.0 3.5817 87.5002 3.5817 2.2355 2.1165
6180 3090.0 3.5949 82.0527 3.5949 2.2022 2.1229
6190 3095.0 3.5745 90.5368 3.5745 2.3201 2.0809
6200 3100.0 3.5855 85.9175 3.5855 2.3301 2.1614
6210 3105.0 3.5643 94.9389 3.5643 2.1994 2.2223
6220 3110.0 3.5470 102.5982 3.5470 2.1567 2.1221
6230 3115.0 3.5664 94.0141 3.5664 2.1860 2.2228
6240 3120.0 3.5245 113.0424 3.5245 2.3277 2.2244
6250 3125.0 3.5079 121.0750 3.5079 2.3571 2.1799
6260 3130.0 3.5211 114.6609 3.5211 2.1743 2.2964
6270 3135.0 3.5418 104.9680 3.5418 2.0632 2.1964
6280 3140.0 3.5511 100.7670 3.5511 2.0942 2.2184
6290 3145.0 3.5254 112.6028 3.5254 2.3338 2.2961
6300 3150.0 3.5177 116.3196 3.5177 2.4005 2.2455
6310 3155.0 3.5215 114.4853 3.5215 2.3625 2.2493
6320 3160.0 3.5361 107.6138 3.5361 2.2697 2.2940
6330 3165.0 3.5505 101.0311 3.5505 2.1093 2.2446
6340 3170.0 3.5336 108.7686 3.5336 2.1466 2.2410
6350 3175.0 3.5389 106.2991 3.5389 2.3038 2.2993
6360 3180.0 3.5298 110.5569 3.5298 2.2755 2.3037
6370 3185.0 3.5331 108.9937 3.5331 2.2846 2.2949
6380 3190.0 3.5388 106.3515 3.5388 2.2076 2.2842
6390 3195.0 3.5342 108.4968 3.5342 2.1832 2.2814
6400 3200.0 3.5291 110.8513 3.5291 2.2372 2.2605
6410 3205.0 3.5233 113.6126 3.5233 2.2515 2.2456
6420 3210.0 3.5270 111.8512 3.5270 2.2061 2.2452
6430 3215.0 3.5296 110.6447 3.5296 2.1418 2.2458
6440 3220.0 3.5215 114.4751 3.5215 2.1528 2.2346
6450 3225.0 3.5104 119.8570 3.5104 2.2187 2.2547
6460 3230.0 3.4835 133.3931 3.4835 2.2453 2.2331
6470 3235.0 3.5107 119.6879 3.5107 2.1635 2.2435
6480 3240.0 3.5096 120.2283 3.5096 2.1374 2.2092
6490 3245.0 3.5143 117.9281 3.5143 2.1690 2.2049
6500 3250.0 3.4765 137.0498 3.4765 2.1911 2.2670
6510 3255.0 3.5050 122.5302 3.5050 2.1921 2.1829
6520 3260.0 3.4998 125.1050 3.4998 2.1675 2.0918
6530 3265.0 3.5119 119.1067 3.5119 2.0908 2.1928
6540 3270.0 3.5060 122.0388 3.5060 2.2557 2.0733
6550 3275.0 3.5373 107.0673 3.5373 2.3589 2.1543
6560 3280.0 3.4891 130.5154 3.4891 2.3282 2.2250
6570 3285.0 3.5281 111.3462 3.5281 2.2603 2.0426
6580 3290.0 3.5461 103.0138 3.5461 2.1507 2.1176
6590 3295.0 3.5566 98.3212 3.5566 2.2727 2.1222
6600 3300.0 3.5213 114.5993 3.5213 2.3854 2.1004
6610 3305.0 3.5307 110.1415 3.5307 2.3179 2.2089
6620 3310.0 3.5482 102.0593 3.5482 2.2766 2.1838
6630 3315.0 3.5326 109.2356 3.5326 2.2394 2.1253
6640 3320.0 3.4973 126.3767 3.4973 2.0678 2.2642
6650 3325.0 3.4833 133.5096 3.4833 2.2403 2.0793
6660 3330.0 3.4787 135.8947 3.4787 2.2292 2.2303
6670 3335.0 3.5266 112.0621 3.5266 2.2042 2.1556
6680 3340.0 3.4793 135.5663 3.4793 2.1957 2.1277
6690 3345.0 3.4912 129.4341 3.4912 2.0931 2.2564
6700 3350.0 3.4410 156.2168 3.4410 2.2258 2.0645
6710 3355.0 3.4403 156.6332 3.4403 2.1837 2.1486
6720 3360.0 3.3951 182.9740 3.3951 2.3251 1.9999
6730 3365.0 3.4310 161.8629 3.4310 2.1105 2.1960
6740 3370.0 3.4229 166.5332 3.4229 2.1579 1.9683
6750 3375.0 3.4657 142.7274 3.4657 2.1123 2.1385
6760 3380.0 3.4528 149.7291 3.4528 2.2983 1.9684
6770 3385.0 3.5209 114.7866 3.5209 2.2175 1.9962
6780 3390.0 3.4876 131.2852 3.4876 2.1329 1.8771
6790 3395.0 3.5322 109.4202 3.5322 2.0809 1.9210
6800 3400.0 3.4793 135.5475 3.4793 2.2441 1.8256
6810 3405.0 3.5268 111.9513 3.5268 2.2658 1.8887
6820 3410.0 3.5186 115.8763 3.5186 2.1894 1.9051
6830 3415.0 3.4701 140.3894 3.4701 2.2159 1.7379
6840 3420.0 3.5196 115.3844 3.5196 2.0991 1.8826
6850 3425.0 3.5033 123.3540 3.5033 2.2628 1.7800
6860 3430.0 3.5106 119.7787 3.5106 2.2896 1.8010
6870 3435.0 3.5250 112.8088 3.5250 2.1888 1.8200
6880 3440.0 3.4681 141.4378 3.4681 2.2315 1.6828
6890 3445.0 3.5092 120.4331 3.5092 2.1227 1.8077
6900 3450.0 3.4784 136.0374 3.4784 2.2716 1.7120
6910 3455.0 3.5149 117.6577 3.5149 2.2449 1.7674
6920 3460.0 3.5180 116.1716 3.5180 2.1807 1.7402
6930 3465.0 3.4625 144.4431 3.4625 2.1533 1.6483
6940 3470.0 3.5016 124.2234 3.5016 2.0986 1.7784
6950 3475.0 3.4227 166.6115 3.4227 2.2911 1.6088
6960 3480.0 3.4638 143.7736 3.4638 2.2402 1.7955
6970 3485.0 3.3876 187.4928 3.3876 2.2922 1.5618
6980 3490.0 3.4697 140.5957 3.4697 2.1304 1.7907
6990 3495.0 3.4000 179.9706 3.4000 2.2597 1.5765
7000 3500.0 3.4992 125.3978 3.4992 2.2307 1.7506
7010 3505.0 3.4637 143.8183 3.4637 2.2055 1.6744
7020 3510.0 3.4789 135.7809 3.4789 2.1339 1.6843
7030 3515.0 3.4928 128.6216 3.4928 2.1297 1.7058
7040 3520.0 3.4454 153.8050 3.4454 2.2212 1.6758
7050 3525.0 3.4673 141.8714 3.4673 2.1512 1.8160
7060 3530.0 3.4384 157.7020 3.4384 2.1392 1.6567
7070 3535.0 3.5085 120.7817 3.5085 1.9487 1.7691
7080 3540.0 3.4422 155.5616 3.4422 2.1545 1.6687
7090 3545.0 3.4928 128.6129 3.4928 2.1546 1.7549
7100 3550.0 3.5198 115.2818 3.5198 2.0118 1.7860
7110 3555.0 3.4501 151.1896 3.4501 2.0031 1.6676
7120 3560.0 3.5281 111.3505 3.5281 1.9400 1.8428
7130 3565.0 3.4765 137.0420 3.4765 2.1211 1.7343
7140 3570.0 3.5298 110.5424 3.5298 2.1394 1.8322
7150 3575.0 3.5035 123.2747 3.5035 2.1109 1.9039
7160 3580.0 3.4966 126.6872 3.4966 2.1629 1.8098
7170 3585.0 3.5232 113.6496 3.5232 2.0986 1.9042
7180 3590.0 3.5295 110.6669 3.5295 2.0390 1.9546
7190 3595.0 3.4939 128.0744 3.4939 2.1050 1.8822
7200 3600.0 3.5244 113.1165 3.5244 2.1141 1.9917
7210 3605.0 3.5253 112.6603 3.5253 2.0983 2.0289
7220 3610.0 3.4836 133.3126 3.4836 2.0989 1.9685
7230 3615.0 3.5243 113.1569 3.5243 2.0554 2.1280
7240 3620.0 3.5292 110.8077 3.5292 2.1403 2.1411
7250 3625.0 3.4840 133.1263 3.4840 2.2047 2.0953
7260 3630.0 3.5330 109.0426 3.5330 2.1426 2.1272
7270 3635.0 3.5297 110.5910 3.5297 2.0522 2.1927
7280 3640.0 3.5240 113.3040 3.5240 2.1548 2.0944
7290 3645.0 3.5103 119.9130 3.5103 2.1844 2.0826
7300 3650.0 3.4970 126.5159 3.4970 2.1959 2.1076
7310 3655.0 3.5216 114.4376 3.5216 2.1726 2.1387
7320 3660.0 3.5038 123.0928 3.5038 2.1075 2.1606
7330 3665.0 3.5095 120.3177 3.5095 2.0837 2.0687
7340 3670.0 3.5041 122.9404 3.5041 2.0859 2.1098
7350 3675.0 3.5028 123.6138 3.5028 2.1699 2.1979
7360 3680.0 3.4851 132.5450 3.4851 2.2043 2.2269
7370 3685.0 3.5234 113.5503 3.5234 2.1699 2.1973
7380 3690.0 3.5191 115.6246 3.5191 2.0421 2.1865
7390 3695.0 3.5114 119.3594 3.5114 2.1896 2.1903
7400 3700.0 3.4879 131.1026 3.4879 2.3638 2.2410
7410 3705.0 3.4601 145.7339 3.4601 2.3837 2.2185
7420 3710.0 3.5047 122.6409 3.5047 2.2198 2.2058
7430 3715.0 3.5055 122.2857 3.5055 2.0606 2.2209
7440 3720.0 3.5100 120.0462 3.5100 2.1990 2.2046
7450 3725.0 3.4659 142.6224 3.4659 2.2543 2.1791
7460 3730.0 3.4925 128.7615 3.4925 2.1126 2.1896
7470 3735.0 3.4795 135.4809 3.4795 2.1531 2.2205
7480 3740.0 3.4577 147.0239 3.4577 2.3476 2.2330
7490 3745.0 3.4664 142.3391 3.4664 2.3433 2.2556
7500 3750.0 3.4643 143.4790 3.4643 2.1202 2.2270
7510 3755.0 3.4768 136.8837 3.4768 2.0692 2.0494
7520 3760.0 3.4941 127.9431 3.4941 2.1853 2.0748
7530 3765.0 3.5075 121.3024 3.5075 2.3408 2.1295
7540 3770.0 3.4798 135.3212 3.4798 2.3086 2.1501
7550 3775.0 3.5154 117.4227 3.5154 2.1958 2.0869
7560 3780.0 3.4802 135.0947 3.4802 2.2214 1.9858
7570 3785.0 3.4744 138.1270 3.4744 2.2112 2.1573
7580 3790.0 3.4994 125.3229 3.4994 2.2759 2.0608
7590 3795.0 3.5128 118.6759 3.5128 2.2387 2.0981
7600 3800.0 3.4974 126.3077 3.4974 2.2193 2.1590
7610 3805.0 3.4815 134.4294 3.4815 2.2695 2.0316
7620 3810.0 3.5394 106.0782 3.5394 2.1812 2.1422
7630 3815.0 3.5169 116.6974 3.5169 2.2065 2.1975
7640 3820.0 3.5241 113.2299 3.5241 2.2720 2.1929
7650 3825.0 3.5362 107.5586 3.5362 2.2247 2.1908
7660 3830.0 3.5439 104.0169 3.5439 2.1670 2.1923
7670 3835.0 3.5428 104.5308 3.5428 2.1680 2.2242
7680 3840.0 3.5059 122.0518 3.5059 2.2684 2.2665
7690 3845.0 3.4989 125.5482 3.4989 2.2644 2.2758
7700 3850.0 3.5394 106.0583 3.5394 2.1438 2.3101
7710 3855.0 3.5737 90.8861 3.5737 2.0615 2.2760
7720 3860.0 3.5679 93.3564 3.5679 2.1102 2.2021
7730 3865.0 3.5530 99.9190 3.5530 2.1517 2.3263
7740 3870.0 3.5426 104.5909 3.5426 2.3245 2.1638
7750 3875.0 3.5712 91.9501 3.5712 2.2331 2.3041
7760 3880.0 3.5835 86.7331 3.5835 2.2234 2.1336
7770 3885.0 3.5981 80.7602 3.5981 2.2070 2.2933
7780 3890.0 3.6284 69.0368 3.6284 2.3282 2.2160
7790 3895.0 3.6415 64.2495 3.6415 2.3091 2.2642
7800 3900.0 3.6125 75.0636 3.6125 2.2553 2.3314
7810 3905.0 3.6301 68.4208 3.6301 2.1752 2.2540
7820 3910.0 3.6316 67.8430 3.6316 2.0995 2.3685
7830 3915.0 3.6178 73.0354 3.6178 2.2412 2.3475
7840 3920.0 3.5977 80.9426 3.5977 2.2425 2.3260
7850 3925.0 3.6210 71.8225 3.6210 2.1146 2.4213
7860 3930.0 3.6184 72.8010 3.6184 2.1057 2.3502
7870 3935.0 3.6110 75.6672 3.6110 2.1955 2.4021
7880 3940.0 3.5954 81.8381 3.5954 2.2008 2.3370
7890 3945.0 3.6106 75.8134 3.6106 2.2284 2.3760
7900 3950.0 3.6305 68.2749 3.6305 2.1884 2.3894
7910 3955.0 3.6217 71.5569 3.6217 2.1520 2.3649
7920 3960.0 3.6160 73.7191 3.6160 2.2570 2.3573
7930 3965.0 3.6112 75.5710 3.6112 2.2654 2.3505
7940 3970.0 3.6130 74.8759 3.6130 2.1964 2.3449
7950 3975.0 3.6075 77.0470 3.6075 2.2431 2.3426
7960 3980.0 3.5850 86.1271 3.5850 2.2720 2.3085
7970 3985.0 3.5906 83.7871 3.5906 2.2686 2.3249
7980 3990.0 3.5838 86.5913 3.5838 2.2345 2.3127
7990 3995.0 3.5727 91.3126 3.5727 2.2889 2.3178
8000 4000.0 3.5728 91.2606 3.5728 2.2694 2.3302
8010 4005.0 3.5669 93.7930 3.5669 2.2188 2.3034
8020 4010.0 3.5604 96.6340 3.5604 2.2281 2.2979
8030 4015.0 3.5541 99.4199 3.5541 2.2167 2.2776
8040 4020.0 3.5505 101.0223 3.5505 2.1875 2.2322
8050 4025.0 3.5432 104.3527 3.5432 2.2149 2.1963
8060 4030.0 3.5351 108.0566 3.5351 2.2761 2.1873
8070 4035.0 3.5331 109.0157 3.5331 2.2762 2.1876
8080 4040.0 3.5438 104.0543 3.5438 2.1897 2.1541
8090 4045.0 3.5544 99.2653 3.5544 2.1504 2.1084
8100 4050.0 3.5571 98.0759 3.5571 2.1969 2.0875
8110 4055.0 3.5490 101.7098 3.5490 2.2648 2.0714
8120 4060.0 3.5527 100.0263 3.5527 2.2424 2.0528
8130 4065.0 3.5615 96.1304 3.5615 2.1611 2.0346
8140 4070.0 3.5626 95.6431 3.5626 2.1472 2.0410
8150 4075.0 3.5426 104.5877 3.5426 2.1925 2.0268
8160 4080.0 3.5127 118.7389 3.5127 2.2395 2.0165
8170 4085.0 3.5207 114.8804 3.5207 2.2581 2.0291
8180 4090.0 3.5214 114.5350 3.5214 2.2455 2.0260
8190 4095.0 3.5340 108.5708 3.5340 2.1542 2.0996
8200 4100.0 3.5409 105.3852 3.5409 2.1519 2.0724
8210 4105.0 3.5267 112.0187 3.5267 2.1881 2.0453
8220 4110.0 3.5532 99.8285 3.5532 2.1939 2.1043
8230 4115.0 3.5345 108.3313 3.5345 2.2204 2.1522
8240 4120.0 3.5488 101.8036 3.5488 2.2234 2.1154
8250 4125.0 3.5227 113.9169 3.5227 2.2667 2.0990
8260 4130.0 3.5271 111.8319 3.5271 2.2585 2.1915
8270 4135.0 3.5375 106.9726 3.5375 2.2435 2.1474
8280 4140.0 3.5358 107.7557 3.5358 2.2438 2.1403
8290 4145.0 3.5211 114.6776 3.5211 2.2210 2.2159
8300 4150.0 3.5261 112.2743 3.5261 2.2185 2.2090
8310 4155.0 3.5398 105.9056 3.5398 2.2299 2.1831
8320 4160.0 3.5418 104.9628 3.5418 2.2668 2.1729
8330 4165.0 3.5332 108.9334 3.5332 2.3127 2.1722
8340 4170.0 3.5256 112.5316 3.5256 2.2654 2.1754
8350 4175.0 3.5260 112.3576 3.5260 2.2002 2.1421
8360 4180.0 3.5226 113.9411 3.5226 2.2741 2.1329
8370 4185.0 3.5141 118.0344 3.5141 2.2904 2.1256
8380 4190.0 3.5196 115.4090 3.5196 2.3009 2.0981
8390 4195.0 3.5143 117.9684 3.5143 2.2551 2.0533
8400 4200.0 3.5126 118.7815 3.5126 2.2461 2.0116
8410 4205.0 3.5128 118.6671 3.5128 2.2596 2.0012
8420 4210.0 3.5137 118.2410 3.5137 2.2443 1.9844
8430 4215.0 3.5179 116.2328 3.5179 2.2048 1.9465
8440 4220.0 3.5279 111.4533 3.5279 2.2109 1.9537
8450 4225.0 3.5257 112.4587 3.5257 2.2509 1.9542
8460 4230.0 3.5225 114.0111 3.5225 2.2790 1.9807
8470 4235.0 3.5093 120.3691 3.5093 2.1911 2.0002
8480 4240.0 3.5250 112.8065 3.5250 2.1319 1.9924
8490 4245.0 3.5298 110.5578 3.5298 2.1866 1.9495
8500 4250.0 3.5157 117.2699 3.5157 2.2305 1.9392
8510 4255.0 3.5046 122.7249 3.5046 2.2722 1.9417
8520 4260.0 3.5126 118.7961 3.5126 2.2235 1.9404
8530 4265.0 3.5144 117.8877 3.5144 2.1687 1.9985
8540 4270.0 3.5254 112.6407 3.5254 2.2174 1.9541
8550 4275.0 3.5078 121.1234 3.5078 2.2557 1.8977
8560 4280.0 3.5098 120.1396 3.5098 2.2568 1.8867
8570 4285.0 3.5150 117.6238 3.5150 2.2473 1.8686
8580 4290.0 3.5087 120.6742 3.5087 2.2774 1.8650
8590 4295.0 3.4978 126.1026 3.4978 2.3331 1.8697
8600 4300.0 3.4849 132.6613 3.4849 2.3826 1.8723
8610 4305.0 3.4819 134.1958 3.4819 2.3443 1.8534
8620 4310.0 3.4744 138.1190 3.4744 2.2182 1.9193
8630 4315.0 3.4945 127.7902 3.4945 2.1772 1.8316
8640 4320.0 3.4469 152.9464 3.4469 2.2479 1.7677
8650 4325.0 3.4844 132.9086 3.4844 2.2799 1.8486
8660 4330.0 3.4797 135.3537 3.4797 2.2794 1.8199
8670 4335.0 3.4490 151.7845 3.4490 2.2003 1.7135
8680 4340.0 3.4965 126.7645 3.4965 2.1658 1.7690
8690 4345.0 3.4714 139.7219 3.4714 2.2539 1.8189
8700 4350.0 3.4566 147.6351 3.4566 2.3610 1.7039
8710 4355.0 3.4576 147.0783 3.4576 2.2720 1.6872
8720 4360.0 3.4922 128.9331 3.4922 2.1614 1.7085
8730 4365.0 3.4179 169.3954 3.4179 2.1535 1.6266
8740 4370.0 3.4793 135.5783 3.4793 2.0871 1.7294
8750 4375.0 3.4445 154.3017 3.4445 2.2523 1.6505
8760 4380.0 3.4749 137.8653 3.4749 2.2803 1.7558
8770 4385.0 3.4856 132.3081 3.4856 2.2100 1.7951
8780 4390.0 3.4442 154.4502 3.4442 2.2041 1.7073
8790 4395.0 3.4826 133.8404 3.4826 2.0794 1.8712
8800 4400.0 3.4771 136.7349 3.4771 2.2243 1.8020
8810 4405.0 3.4920 129.0242 3.4920 2.2858 1.8645
8820 4410.0 3.5002 124.9225 3.5002 2.2174 1.9537
8830 4415.0 3.5054 122.3252 3.5054 2.1280 1.9741
8840 4420.0 3.5191 115.6537 3.5191 2.1469 1.9524
8850 4425.0 3.5030 123.4865 3.5030 2.2254 1.9483
8860 4430.0 3.4749 137.8667 3.4749 2.2660 1.9342
8870 4435.0 3.4588 146.4293 3.4588 2.2240 1.9225
8880 4440.0 3.5133 118.4332 3.5133 2.1458 1.9494
8890 4445.0 3.4971 126.4783 3.4971 2.1496 1.9779
8900 4450.0 3.5001 124.9330 3.5001 2.2416 1.9038
8910 4455.0 3.4909 129.6032 3.4909 2.2424 1.8960
8920 4460.0 3.5342 108.4890 3.5342 2.1983 1.9058
8930 4465.0 3.5217 114.4036 3.5217 2.1635 1.9507
8940 4470.0 3.5097 120.2082 3.5097 2.2294 1.8382
8950 4475.0 3.5413 105.1933 3.5413 2.2272 1.9459
8960 4480.0 3.5573 97.9799 3.5573 2.2568 1.9363
8970 4485.0 3.5543 99.3124 3.5543 2.2650 1.9336
8980 4490.0 3.5603 96.6815 3.5603 2.2546 1.9222
8990 4495.0 3.5577 97.8144 3.5577 2.2474 1.8989
9000 4500.0 3.5318 109.6282 3.5318 2.2637 1.8994
9010 4505.0 3.5390 106.2416 3.5390 2.2921 1.8690
9020 4510.0 3.5401 105.7554 3.5401 2.2868 1.9284
9030 4515.0 3.5385 106.4880 3.5385 2.3344 1.9308
9040 4520.0 3.5319 109.5421 3.5319 2.2924 1.9193
9050 4525.0 3.5214 114.5356 3.5214 2.1971 1.9110
9060 4530.0 3.5472 102.5341 3.5472 2.1794 1.9121
9070 4535.0 3.5447 103.6292 3.5447 2.2489 1.9209
9080 4540.0 3.5375 106.9409 3.5375 2.2521 1.9265
9090 4545.0 3.5495 101.4766 3.5495 2.1758 1.9125
9100 4550.0 3.5253 112.6552 3.5253 2.1443 1.8950
9110 4555.0 3.5044 122.8227 3.5044 2.2287 1.8943
9120 4560.0 3.5147 117.7441 3.5147 2.2550 1.8695
9130 4565.0 3.4783 136.1049 3.4783 2.1952 1.8007
9140 4570.0 3.4946 127.7054 3.4946 2.0383 1.9805
9150 4575.0 3.4590 146.3379 3.4590 2.2438 1.7643
9160 4580.0 3.4863 131.9603 3.4863 2.2425 1.9145
9170 4585.0 3.4377 158.1144 3.4377 2.2916 1.7535
9180 4590.0 3.4831 133.5734 3.4831 2.1370 1.9543
9190 4595.0 3.4363 158.8858 3.4363 2.2247 1.7784
9200 4600.0 3.4868 131.6783 3.4868 2.1907 1.9462
9210 4605.0 3.4652 143.0187 3.4652 2.2657 1.8452
9220 4610.0 3.5121 119.0120 3.5121 2.1638 1.9089
9230 4615.0 3.4809 134.7136 3.4809 2.1755 1.8611
9240 4620.0 3.4906 129.7309 3.4906 2.2434 1.9198
9250 4625.0 3.4763 137.1207 3.4763 2.3334 1.9401
9260 4630.0 3.4631 144.1485 3.4631 2.3443 1.8714
9270 4635.0 3.4702 140.3330 3.4702 2.1933 1.9250
9280 4640.0 3.4663 142.4357 3.4663 2.2619 1.8755
9290 4645.0 3.4743 138.1950 3.4743 2.3304 1.9953
9300 4650.0 3.4524 149.9544 3.4524 2.4420 1.9261
9310 4655.0 3.4726 139.0821 3.4726 2.3396 1.8819
9320 4660.0 3.4619 144.8010 3.4619 2.0714 1.9763
9330 4665.0 3.4782 136.1387 3.4782 2.1990 1.8756
9340 4670.0 3.4460 153.4540 3.4460 2.3832 1.9391
9350 4675.0 3.4798 135.3027 3.4798 2.4082 2.0081
9360 4680.0 3.4618 144.8110 3.4618 2.2404 2.0417
9370 4685.0 3.4489 151.8291 3.4489 2.0783 1.9183
9380 4690.0 3.5041 122.9424 3.5041 2.0871 2.0090
9390 4695.0 3.4426 155.3268 3.4426 2.2818 2.0706
9400 4700.0 3.4453 153.8434 3.4453 2.3811 2.0289
9410 4705.0 3.4610 145.2541 3.4610 2.3146 1.9518
9420 4710.0 3.4979 126.0611 3.4979 2.0788 2.0150
9430 4715.0 3.5079 121.0833 3.5079 2.0945 1.9068
9440 4720.0 3.4792 135.6025 3.4792 2.2347 1.8832
9450 4725.0 3.4921 129.0002 3.4921 2.2873 1.9542
9460 4730.0 3.5126 118.7833 3.5126 2.2086 1.9623
9470 4735.0 3.4873 131.4115 3.4873 2.2007 1.8605
9480 4740.0 3.5074 121.3077 3.5074 2.0934 1.9903
9490 4745.0 3.4845 132.8924 3.4845 2.2131 1.9050
9500 4750.0 3.5126 118.7931 3.5126 2.2506 1.9281
9510 4755.0 3.5208 114.8372 3.5208 2.2189 2.0936
9520 4760.0 3.5237 113.4396 3.5237 2.2566 1.9898
9530 4765.0 3.5724 91.4403 3.5724 2.1626 2.0573
9540 4770.0 3.5364 107.4737 3.5364 2.0612 2.1528
9550 4775.0 3.5282 111.2965 3.5282 2.1943 2.0474
9560 4780.0 3.5205 114.9460 3.5205 2.2142 2.1122
9570 4785.0 3.5373 107.0264 3.5373 2.1627 2.0292
9580 4790.0 3.5447 103.6410 3.5447 2.0873 2.1404
9590 4795.0 3.5162 117.0313 3.5162 2.1882 2.1606
9600 4800.0 3.5031 123.4775 3.5031 2.2391 2.0904
9610 4805.0 3.5401 105.7522 3.5401 2.1666 2.1021
9620 4810.0 3.5400 105.8161 3.5400 2.1621 2.0211
9630 4815.0 3.5600 96.8187 3.5600 2.1844 2.0391
9640 4820.0 3.5264 112.1553 3.5264 2.1889 2.1284
9650 4825.0 3.5651 94.5886 3.5651 2.2105 2.0915
9660 4830.0 3.5703 92.3061 3.5703 2.2100 2.0850
9670 4835.0 3.5641 94.9831 3.5641 2.2052 2.1115
9680 4840.0 3.5686 93.0671 3.5686 2.1943 2.1333
9690 4845.0 3.5835 86.7408 3.5835 2.2105 2.1268
9700 4850.0 3.5561 98.5156 3.5561 2.2373 2.0837
9710 4855.0 3.5466 102.7923 3.5466 2.1987 2.2083
9720 4860.0 3.5704 92.2778 3.5704 2.2402 2.1355
9730 4865.0 3.5555 98.8015 3.5555 2.2458 2.1605
9740 4870.0 3.5535 99.7007 3.5535 2.1846 2.2446
9750 4875.0 3.5621 95.8865 3.5621 2.2183 2.1621
9760 4880.0 3.5717 91.7080 3.5717 2.2157 2.1960
9770 4885.0 3.5559 98.6006 3.5559 2.1980 2.2400
9780 4890.0 3.5699 92.4958 3.5699 2.2204 2.2104
9790 4895.0 3.5615 96.1533 3.5615 2.2339 2.1659
9800 4900.0 3.5606 96.5157 3.5606 2.2088 2.1650
9810 4905.0 3.5478 102.2328 3.5478 2.1993 2.1626
9820 4910.0 3.5414 105.1685 3.5414 2.2189 2.1679
9830 4915.0 3.5448 103.6145 3.5448 2.2564 2.1914
9840 4920.0 3.5340 108.5740 3.5340 2.2422 2.1485
9850 4925.0 3.5261 112.2926 3.5261 2.1679 2.1591
9860 4930.0 3.5320 109.5007 3.5320 2.1491 2.1526
9870 4935.0 3.5116 119.2911 3.5116 2.2509 2.1173
9880 4940.0 3.5149 117.6706 3.5149 2.2238 2.1742
9890 4945.0 3.5363 107.5301 3.5363 2.1420 2.0955
9900 4950.0 3.5696 92.6285 3.5696 2.1450 2.0635
9910 4955.0 3.5658 94.2783 3.5658 2.2067 2.0380
9920 4960.0 3.5879 84.9174 3.5879 2.1928 2.0070
9930 4965.0 3.5769 89.5212 3.5769 2.1512 1.9822
9940 4970.0 3.5864 85.5252 3.5864 2.2188 1.9972
9950 4975.0 3.5981 80.7431 3.5981 2.3625 1.9739
9960 4980.0 3.6072 77.1440 3.6072 2.3406 1.9562
9970 4985.0 3.6196 72.3486 3.6196 2.2081 1.9894
9980 4990.0 3.5880 84.8812 3.5880 2.1345 2.0413
9990 4995.0 3.6104 75.8982 3.6104 2.3071 2.0269
10000 5000.0 3.5889 84.4885 3.5889 2.3430 2.0309
10010 5005.0 3.5686 93.0398 3.5686 2.2943 1.9938
10020 5010.0 3.5774 89.2973 3.5774 2.1735 2.0277
10030 5015.0 3.5568 98.2097 3.5568 2.2032 2.1393
10040 5020.0 3.5777 89.1723 3.5777 2.3038 2.0981
10050 5025.0 3.5426 104.5925 3.5426 2.2527 2.0706
10060 5030.0 3.5350 108.1266 3.5350 2.1544 2.2048
10070 5035.0 3.5426 104.6210 3.5426 2.2541 2.1450
10080 5040.0 3.5508 100.8714 3.5508 2.2556 2.1779
10090 5045.0 3.5319 109.5809 3.5319 2.1868 2.2709
10100 5050.0 3.5138 118.1725 3.5138 2.2327 2.1580
10110 5055.0 3.5201 115.1712 3.5201 2.1476 2.3521
10120 5060.0 3.5288 111.0331 3.5288 2.2299 2.2516
10130 5065.0 3.5259 112.3620 3.5259 2.2923 2.3453
10140 5070.0 3.5266 112.0328 3.5266 2.2810 2.3969
10150 5075.0 3.5542 99.3750 3.5542 2.1466 2.3651
10160 5080.0 3.5565 98.3579 3.5565 2.2173 2.3017
10170 5085.0 3.5474 102.4289 3.5474 2.2563 2.2821
10180 5090.0 3.5283 111.2360 3.5283 2.3209 2.3121
10190 5095.0 3.5371 107.1460 3.5371 2.2917 2.2902
10200 5100.0 3.5350 108.0916 3.5350 2.2746 2.2420
10210 5105.0 3.5330 109.0622 3.5330 2.2291 2.3139
10220 5110.0 3.5515 100.5902 3.5515 2.2744 2.2418
10230 5115.0 3.5619 95.9576 3.5619 2.3238 2.2423
10240 5120.0 3.5381 106.6812 3.5381 2.2603 2.3183
10250 5125.0 3.5565 98.3379 3.5565 2.1946 2.3167
10260 5130.0 3.5716 91.7565 3.5716 2.1943 2.3035
10270 5135.0 3.5763 89.7614 3.5763 2.2505 2.2552
10280 5140.0 3.5685 93.0869 3.5685 2.2578 2.2455
10290 5145.0 3.5702 92.3522 3.5702 2.2454 2.2338
10300 5150.0 3.5839 86.5805 3.5839 2.1700 2.2378
10310 5155.0 3.5860 85.6871 3.5860 2.1879 2.1968
10320 5160.0 3.5674 93.5900 3.5674 2.3118 2.1470
10330 5165.0 3.5463 102.9266 3.5463 2.3636 2.1225
10340 5170.0 3.5718 91.6590 3.5718 2.2830 2.1200
10350 5175.0 3.5871 85.2599 3.5871 2.1675 2.1346
10360 5180.0 3.5799 88.2623 3.5799 2.1477 2.1487
10370 5185.0 3.5847 86.2389 3.5847 2.2480 2.1352
10380 5190.0 3.5855 85.9000 3.5855 2.2929 2.1359
10390 5195.0 3.5862 85.6253 3.5862 2.2869 2.1359
10400 5200.0 3.5886 84.6079 3.5886 2.2128 2.1407
10410 5205.0 3.5930 82.8310 3.5930 2.1481 2.1408
10420 5210.0 3.5871 85.2580 3.5871 2.1568 2.1515
10430 5215.0 3.5832 86.8427 3.5832 2.1953 2.1583
10440 5220.0 3.5832 86.8409 3.5832 2.1861 2.1379
10450 5225.0 3.5788 88.7034 3.5788 2.1822 2.1389
10460 5230.0 3.5949 82.0557 3.5949 2.2100 2.1763
10470 5235.0 3.5912 83.5527 3.5912 2.2506 2.2035
10480 5240.0 3.5994 80.2599 3.5994 2.2077 2.2177
10490 5245.0 3.6065 77.4209 3.6065 2.1306 2.2548
10500 5250.0 3.6065 77.4121 3.6065 2.2037 2.2442
10510 5255.0 3.5816 87.5246 3.5816 2.3059 2.2718
10520 5260.0 3.5790 88.6230 3.5790 2.2386 2.2826
10530 5265.0 3.6021 79.1456 3.6021 2.1379 2.1975
10540 5270.0 3.6015 79.4031 3.6015 2.1691 2.1846
10550 5275.0 3.5528 99.9897 3.5528 2.2934 2.2954
10560 5280.0 3.5963 81.4765 3.5963 2.2987 2.1995
10570 5285.0 3.6320 67.6962 3.6320 2.1020 2.2151
10580 5290.0 3.6300 68.4674 3.6300 2.0966 2.2698
10590 5295.0 3.6174 73.1932 3.6174 2.3093 2.2416
10600 5300.0 3.6107 75.7750 3.6107 2.3663 2.2780
10610 5305.0 3.6513 60.7993 3.6513 2.2064 2.2908
10620 5310.0 3.6670 55.4560 3.6670 2.1529 2.3347
10630 5315.0 3.6589 58.1905 3.6589 2.3249 2.3539
10640 5320.0 3.6379 65.5755 3.6379 2.3646 2.3553
10650 5325.0 3.6480 61.9457 3.6480 2.3543 2.3368
10660 5330.0 3.6595 57.9572 3.6595 2.2399 2.3454
10670 5335.0 3.6527 60.3201 3.6527 2.2328 2.3494
10680 5340.0 3.6342 66.9175 3.6342 2.2302 2.3621
10690 5345.0 3.6193 72.4573 3.6193 2.2867 2.3226
10700 5350.0 3.6046 78.1678 3.6046 2.2625 2.2900
10710 5355.0 3.6148 74.1850 3.6148 2.2226 2.3146
10720 5360.0 3.6055 77.8019 3.6055 2.2184 2.3188
10730 5365.0 3.6055 77.8221 3.6055 2.3006 2.3027
10740 5370.0 3.5877 85.0105 3.5877 2.3404 2.3041
10750 5375.0 3.6030 78.8233 3.6030 2.3010 2.2696
10760 5380.0 3.5997 80.1014 3.5997 2.2837 2.2425
10770 5385.0 3.6108 75.7323 3.6108 2.3109 2.2735
10780 5390.0 3.6047 78.1360 3.6047 2.3380 2.2829
10790 5395.0 3.6067 77.3468 3.6067 2.4495 2.2466
10800 5400.0 3.6040 78.4073 3.6040 2.4346 2.2517
10810 5405.0 3.5956 81.7641 3.5956 2.3275 2.3307
10820 5410.0 3.6080 76.8190 3.6080 2.3607 2.2915
10830 5415.0 3.6158 73.8224 3.6158 2.4975 2.2824
10840 5420.0 3.6047 78.1433 3.6047 2.5702 2.3296
10850 5425.0 3.5959 81.6328 3.5959 2.5185 2.3403
10860 5430.0 3.6007 79.7365 3.6007 2.3788 2.3305
10870 5435.0 3.5926 82.9758 3.5926 2.3436 2.2870
10880 5440.0 3.5929 82.8597 3.5929 2.4426 2.2246
10890 5445.0 3.5932 82.7514 3.5932 2.5225 2.2118
10900 5450.0 3.5842 86.4364 3.5842 2.4248 2.1904
10910 5455.0 3.5922 83.1373 3.5922 2.3971 2.1877
10920 5460.0 3.6016 79.3544 3.6016 2.3007 2.1580
10930 5465.0 3.5831 86.8914 3.5831 2.3400 2.1044
10940 5470.0 3.5836 86.7058 3.5836 2.3597 2.1630
10950 5475.0 3.5659 94.2012 3.5659 2.2940 2.1979
10960 5480.0 3.5411 105.3135 3.5411 2.2544 2.0894
10970 5485.0 3.5491 101.6379 3.5491 2.1630 2.2306
10980 5490.0 3.5570 98.1157 3.5570 2.2680 2.2103
10990 5495.0 3.5387 106.4121 3.5387 2.2838 2.1439
11000 5500.0 3.5591 97.1874 3.5591 2.1971 2.1649
11010 5505.0 3.5599 96.8547 3.5599 2.2052 2.1762
11020 5510.0 3.5340 108.5844 3.5340 2.3220 2.0940
11030 5515.0 3.5429 104.4703 3.5429 2.2640 2.1409
11040 5520.0 3.5440 103.9806 3.5440 2.2907 2.1436
11050 5525.0 3.5612 96.2656 3.5612 2.2384 2.1061
11060 5530.0 3.5295 110.6833 3.5295 2.1906 2.0561
11070 5535.0 3.5339 108.6411 3.5339 2.2139 2.1505
11080 5540.0 3.5335 108.8057 3.5335 2.3451 2.1547
11090 5545.0 3.5087 120.6859 3.5087 2.4284 2.1111
11100 5550.0 3.5232 113.6702 3.5232 2.3722 2.1325
11110 5555.0 3.5311 109.9516 3.5311 2.1798 2.2512
11120 5560.0 3.5657 94.3160 3.5657 2.2382 2.2324
11130 5565.0 3.5432 104.3459 3.5432 2.3267 2.2459
11140 5570.0 3.5666 93.8987 3.5666 2.3806 2.2543
11150 5575.0 3.5766 89.6224 3.5766 2.1231 2.2321
11160 5580.0 3.5981 80.7457 3.5981 2.1906 2.2971
11170 5585.0 3.5923 83.1065 3.5923 2.2204 2.3203
11180 5590.0 3.6009 79.6534 3.6009 2.2621 2.2771
11190 5595.0 3.6256 70.0969 3.6256 2.1251 2.3155
11200 5600.0 3.6275 69.3843 3.6275 2.2352 2.3285
11210 5605.0 3.6210 71.8371 3.6210 2.3245 2.3238
11220 5610.0 3.6371 65.8475 3.6371 2.1959 2.3597
11230 5615.0 3.6334 67.1840 3.6334 2.1103 2.3718
11240 5620.0 3.6305 68.2640 3.6305 2.3101 2.3631
11250 5625.0 3.6322 67.6481 3.6322 2.3053 2.3698
11260 5630.0 3.6295 68.6495 3.6295 2.1528 2.3619
11270 5635.0 3.6321 67.6624 3.6321 2.1166 2.4133
11280 5640.0 3.6138 74.5602 3.6138 2.2905 2.4762
11290 5645.0 3.6035 78.5975 3.6035 2.2743 2.4473
11300 5650.0 3.6113 75.5410 3.6113 2.0374 2.5093
11310 5655.0 3.6149 74.1591 3.6149 2.1729 2.4631
11320 5660.0 3.5832 86.8417 3.5832 2.4149 2.3495
11330 5665.0 3.5937 82.5551 3.5937 2.3090 2.3458
11340 5670.0 3.6111 75.6346 3.6111 2.1168 2.4738
11350 5675.0 3.6094 76.2923 3.6094 2.2359 2.4338
11360 5680.0 3.5828 87.0374 3.5828 2.4306 2.4200
11370 5685.0 3.5989 80.4588 3.5989 2.3593 2.3637
11380 5690.0 3.6038 78.5038 3.6038 2.1343 2.2836
11390 5695.0 3.5902 83.9654 3.5902 2.1807 2.2520
11400 5700.0 3.5589 97.3001 3.5589 2.4076 2.2252
11410 5705.0 3.5424 104.6899 3.5424 2.3966 2.1943
11420 5710.0 3.5545 99.2260 3.5545 2.3016 2.1512
11430 5715.0 3.5380 106.7415 3.5380 2.1973 2.0686
11440 5720.0 3.5400 105.7970 3.5400 2.3309 2.1426
11450 5725.0 3.5370 107.1834 3.5370 2.2145 2.1550
11460 5730.0 3.5201 115.1297 3.5201 2.1725 2.1788
11470 5735.0 3.5210 114.7036 3.5210 2.2711 2.1250
11480 5740.0 3.5182 116.0694 3.5182 2.2645 2.1172
11490 5745.0 3.5291 110.8758 3.5291 2.1628 2.1410
11500 5750.0 3.5175 116.3999 3.5175 2.2309 2.0679
11510 5755.0 3.5131 118.5125 3.5131 2.2400 2.1784
11520 5760.0 3.5268 111.9733 3.5268 2.2648 2.0587
11530 5765.0 3.5556 98.7491 3.5556 2.1235 2.1639
11540 5770.0 3.5769 89.5137 3.5769 2.1971 2.1349
11550 5775.0 3.5579 97.7099 3.5579 2.3398 2.0520
11560 5780.0 3.5899 84.0893 3.5899 2.3245 2.1116
11570 5785.0 3.5941 82.3719 3.5941 2.2328 2.1343
11580 5790.0 3.6158 73.8041 3.6158 2.1987 2.1262
11590 5795.0 3.6165 73.5268 3.6165 2.1859 2.1513
11600 5800.0 3.6174 73.2032 3.6174 2.2304 2.2100
11610 5805.0 3.6173 73.2376 3.6173 2.2675 2.2007
11620 5810.0 3.6156 73.8631 3.6156 2.2281 2.1792
11630 5815.0 3.6210 71.8030 3.6210 2.0183 2.3254
11640 5820.0 3.6475 62.1188 3.6475 2.0826 2.2976
11650 5825.0 3.6138 74.5832 3.6138 2.1508 2.3589
11660 5830.0 3.6046 78.1635 3.6046 2.2926 2.3854
11670 5835.0 3.6017 79.3035 3.6017 2.0549 2.3709
11680 5840.0 3.5949 82.0639 3.5949 2.0762 2.4051
11690 5845.0 3.5962 81.5214 3.5962 2.2339 2.4844
11700 5850.0 3.5838 86.6305 3.5838 2.1481 2.4195
11710 5855.0 3.6262 69.8526 3.6262 2.2161 2.4436
11720 5860.0 3.6273 69.4558 3.6273 2.0586 2.3822
11730 5865.0 3.6412 64.3672 3.6412 2.1435 2.4136
11740 5870.0 3.5884 84.6951 3.5884 2.0632 2.3441
11750 5875.0 3.6296 68.6005 3.6296 2.2595 2.3186
11760 5880.0 3.6450 63.0206 3.6450 2.2504 2.3254
11770 5885.0 3.6438 63.4274 3.6438 2.3154 2.3419
11780 5890.0 3.6347 66.7140 3.6347 2.2028 2.3105
11790 5895.0 3.6494 61.4756 3.6494 2.2325 2.3269
11800 5900.0 3.6509 60.9433 3.6509 2.3770 2.3207
11810 5905.0 3.6409 64.4846 3.6409 2.3968 2.3438
11820 5910.0 3.6383 65.4183 3.6383 2.3583 2.3388
11830 5915.0 3.6279 69.2462 3.6279 2.3061 2.3739
11840 5920.0 3.6268 69.6454 3.6268 2.3426 2.3603
11850 5925.0 3.6275 69.3683 3.6275 2.3965 2.3739
11860 5930.0 3.6267 69.6851 3.6267 2.4126 2.3538
11870 5935.0 3.6290 68.8210 3.6290 2.3279 2.3171
11880 5940.0 3.6224 71.3030 3.6224 2.2577 2.2908
11890 5945.0 3.6277 69.2884 3.6277 2.2499 2.2606
11900 5950.0 3.6274 69.4270 3.6274 2.3662 2.1987
11910 5955.0 3.6043 78.3039 3.6043 2.4454 2.1646
11920 5960.0 3.6004 79.8458 3.6004 2.4348 2.0883
11930 5965.0 3.6213 71.7179 3.6213 2.3146 2.1208
11940 5970.0 3.5970 81.2067 3.5970 2.1721 2.1171
11950 5975.0 3.6042 78.3185 3.6042 2.3042 2.0768
11960 5980.0 3.5785 88.8318 3.5785 2.5267 2.0931
11970 5985.0 3.5600 96.7966 3.5600 2.6112 2.0165
11980 5990.0 3.5695 92.6684 3.5695 2.4572 2.1230
11990 5995.0 3.5500 101.2671 3.5500 2.3477 2.0333
12000 6000.0 3.5635 95.2769 3.5635 2.3085 2.0835
12010 6005.0 3.5789 88.6430 3.5789 2.4128 2.1359
12020 6010.0 3.5556 98.7446 3.5556 2.5559 2.1662
12030 6015.0 3.5406 105.5102 3.5406 2.5302 2.1846
12040 6020.0 3.5769 89.5143 3.5769 2.4848 2.1416
12050 6025.0 3.5584 97.5273 3.5584 2.3664 2.1470
12060 6030.0 3.5578 97.7556 3.5578 2.2549 2.1970
12070 6035.0 3.5589 97.2889 3.5589 2.2810 2.2055
12080 6040.0 3.5539 99.4872 3.5539 2.3226 2.2022
12090 6045.0 3.5495 101.4913 3.5495 2.3139 2.2107
12100 6050.0 3.5482 102.0817 3.5482 2.2486 2.2315
12110 6055.0 3.5568 98.2051 3.5568 2.1854 2.2271
12120 6060.0 3.5583 97.5655 3.5583 2.2054 2.2430
12130 6065.0 3.5489 101.7455 3.5489 2.2832 2.2476
12140 6070.0 3.5671 93.7024 3.5671 2.2660 2.2297
12150 6075.0 3.5707 92.1661 3.5707 2.1815 2.2379
12160 6080.0 3.5649 94.6655 3.5649 2.2270 2.2001
12170 6085.0 3.5512 100.7182 3.5512 2.3169 2.1948
12180 6090.0 3.5626 95.6548 3.5626 2.3644 2.1971
12190 6095.0 3.5451 103.4842 3.5451 2.2864 2.1854
12200 6100.0 3.5691 92.8553 3.5691 2.1727 2.1840
12210 6105.0 3.5681 93.2726 3.5681 2.2097 2.1917
12220 6110.0 3.5587 97.3569 3.5587 2.3739 2.1959
12230 6115.0 3.5452 103.4263 3.5452 2.4318 2.1930
12240 6120.0 3.5695 92.6448 3.5695 2.2839 2.1951
12250 6125.0 3.5704 92.2861 3.5704 2.1768 2.1497
12260 6130.0 3.5769 89.5052 3.5769 2.2827 2.1461
12270 6135.0 3.5773 89.3489 3.5773 2.4170 2.1410
12280 6140.0 3.5673 93.6330 3.5673 2.4550 2.1287
12290 6145.0 3.5786 88.7984 3.5786 2.4628 2.1271
12300 6150.0 3.5886 84.6194 3.5886 2.3371 2.1009
12310 6155.0 3.5842 86.4254 3.5842 2.3153 2.0866
12320 6160.0 3.5920 83.2362 3.5920 2.3671 2.0730
12330 6165.0 3.5717 91.7084 3.5717 2.4047 2.0827
12340 6170.0 3.5669 93.7678 3.5669 2.3385 2.0630
12350 6175.0 3.5699 92.4934 3.5699 2.2368 2.0636
12360 6180.0 3.5541 99.4323 3.5541 2.2868 2.0956
12370 6185.0 3.5517 100.4975 3.5517 2.3729 2.0990
12380 6190.0 3.5637 95.1895 3.5637 2.3595 2.1240
12390 6195.0 3.5427 104.5839 3.5427 2.3232 2.1633
12400 6200.0 3.5415 105.1136 3.5415 2.3456 2.0829
12410 6205.0 3.5560 98.5544 3.5560 2.4831 2.1655
12420 6210.0 3.5394 106.0670 3.5394 2.4615 2.1948
12430 6215.0 3.5362 107.5730 3.5362 2.3799 2.0985
12440 6220.0 3.5747 90.4402 3.5747 2.4738 2.1857
12450 6225.0 3.5468 102.7086 3.5468 2.4327 2.2524
12460 6230.0 3.5578 97.7696 3.5578 2.3665 2.1469
12470 6235.0 3.5781 88.9827 3.5781 2.2362 2.2396
12480 6240.0 3.5834 86.7669 3.5834 2.2517 2.2560
12490 6245.0 3.5534 99.7062 3.5534 2.3529 2.1606
12500 6250.0 3.5631 95.4227 3.5631 2.3499 2.2582
12510 6255.0 3.5763 89.7458 3.5763 2.2373 2.2580
12520 6260.0 3.5820 87.3709 3.5820 2.1258 2.2144
12530 6265.0 3.5723 91.4812 3.5723 2.1690 2.2371
12540 6270.0 3.5450 103.4924 3.5450 2.3051 2.2027
12550 6275.0 3.5352 108.0175 3.5352 2.2735 2.2270
12560 6280.0 3.5572 98.0370 3.5572 2.1612 2.2057
12570 6285.0 3.5347 108.2357 3.5347 2.1196 2.2092
12580 6290.0 3.5262 112.2331 3.5262 2.3270 2.1573
12590 6295.0 3.5138 118.2083 3.5138 2.2452 2.1556
12600 6300.0 3.5165 116.8800 3.5165 2.3140 2.1490
12610 6305.0 3.5126 118.7808 3.5126 2.3277 2.1374
12620 6310.0 3.5149 117.6603 3.5149 2.2559 2.1268
12630 6315.0 3.5199 115.2509 3.5199 2.2620 2.1020
12640 6320.0 3.5151 117.5816 3.5151 2.3392 2.1143
12650 6325.0 3.5125 118.8051 3.5125 2.4042 2.1310
12660 6330.0 3.5176 116.3629 3.5176 2.3323 2.1346
12670 6335.0 3.5319 109.5768 3.5319 2.1996 2.1121
12680 6340.0 3.5244 113.0978 3.5244 2.1588 2.1589
12690 6345.0 3.5314 109.7829 3.5314 2.2774 2.1390
12700 6350.0 3.4975 126.2510 3.4975 2.3959 2.1254
12710 6355.0 3.5286 111.1232 3.5286 2.3105 2.1058
12720 6360.0 3.5183 116.0003 3.5183 2.1543 2.1226
12730 6365.0 3.5219 114.2667 3.5219 2.1728 2.1088
12740 6370.0 3.5097 120.1943 3.5097 2.2755 2.0954
12750 6375.0 3.4959 127.0337 3.4959 2.2584 2.1116
12760 6380.0 3.5375 106.9388 3.5375 2.1577 2.0596
12770 6385.0 3.5342 108.4631 3.5342 2.1558 2.0604
12780 6390.0 3.5256 112.5386 3.5256 2.2905 2.0992
12790 6395.0 3.5107 119.7139 3.5107 2.3707 2.1048
12800 6400.0 3.5626 95.6782 3.5626 2.2879 2.0696
12810 6405.0 3.5292 110.8169 3.5292 2.2104 2.0271
12820 6410.0 3.5499 101.3028 3.5499 2.2229 2.0816
12830 6415.0 3.5551 98.9834 3.5551 2.3199 2.0823
12840 6420.0 3.5291 110.8543 3.5291 2.3482 2.1092
12850 6425.0 3.5467 102.7597 3.5467 2.2877 2.1348
12860 6430.0 3.5595 97.0399 3.5595 2.2827 2.0200
12870 6435.0 3.5668 93.8356 3.5668 2.2418 2.0566
12880 6440.0 3.5641 95.0167 3.5641 2.2396 2.0840
12890 6445.0 3.5459 103.0944 3.5459 2.3338 2.0575
12900 6450.0 3.5685 93.0811 3.5685 2.3403 2.1008
12910 6455.0 3.5818 87.4551 3.5818 2.3292 2.0386
12920 6460.0 3.5953 81.8901 3.5953 2.1644 2.1155
12930 6465.0 3.5844 86.3539 3.5844 2.1332 2.1730
12940 6470.0 3.5940 82.4035 3.5940 2.3293 2.1274
12950 6475.0 3.5691 92.8347 3.5691 2.4493 2.0854
12960 6480.0 3.5733 91.0533 3.5733 2.3642 2.0819
12970 6485.0 3.5774 89.2775 3.5774 2.2416 2.0992
12980 6490.0 3.5823 87.2172 3.5823 2.2172 2.1580
12990 6495.0 3.5865 85.5079 3.5865 2.2932 2.1044
13000 6500.0 3.5973 81.0844 3.5973 2.2694 2.0834
13010 6505.0 3.6088 76.5092 3.6088 2.2151 2.0871
13020 6510.0 3.6094 76.2872 3.6094 2.2235 2.1058
13030 6515.0 3.6153 74.0140 3.6153 2.2515 2.0907
13040 6520.0 3.6225 71.2596 3.6225 2.2286 2.0231
13050 6525.0 3.6120 75.2738 3.6120 2.1783 1.9794
13060 6530.0 3.6189 72.6017 3.6189 2.2729 1.9887
13070 6535.0 3.5868 85.3576 3.5868 2.3437 2.0415
13080 6540.0 3.6095 76.2380 3.6095 2.2933 2.0044
13090 6545.0 3.5825 87.1448 3.5825 2.1882 1.9739
13100 6550.0 3.5898 84.1186 3.5898 2.1331 2.0408
13110 6555.0 3.5625 95.7131 3.5625 2.3088 1.9713
13120 6560.0 3.5574 97.9623 3.5574 2.3420 2.0073
13130 6565.0 3.5673 93.6212 3.5673 2.1835 2.0550
13140 6570.0 3.5763 89.7760 3.5763 2.1283 2.0060
13150 6575.0 3.5589 97.2801 3.5589 2.1649 2.0261
13160 6580.0 3.5611 96.3348 3.5611 2.2592 2.0350
13170 6585.0 3.5423 104.7599 3.5423 2.3107 2.0431
13180 6590.0 3.5513 100.6453 3.5513 2.2372 2.0515
13190 6595.0 3.5597 96.9133 3.5597 2.1710 2.0723
13200 6600.0 3.5584 97.5041 3.5584 2.1838 2.0954
13210 6605.0 3.5568 98.2161 3.5568 2.2380 2.1154
13220 6610.0 3.5526 100.0840 3.5526 2.2374 2.1613
13230 6615.0 3.5567 98.2618 3.5567 2.1803 2.1907
13240 6620.0 3.5623 95.7940 3.5623 2.1483 2.1862
13250 6625.0 3.5730 91.1670 3.5730 2.2476 2.1773
13260 6630.0 3.5421 104.8221 3.5421 2.3657 2.1955
13270 6635.0 3.5575 97.9207 3.5575 2.4021 2.1686
13280 6640.0 3.5482 102.0696 3.5482 2.3383 2.1387
13290 6645.0 3.5377 106.8424 3.5377 2.3084 2.1855
13300 6650.0 3.5489 101.7443 3.5489 2.3325 2.1559
13310 6655.0 3.5296 110.6560 3.5296 2.4165 2.1697
13320 6660.0 3.5321 109.4630 3.5321 2.4279 2.1951
13330 6665.0 3.5451 103.4806 3.5451 2.2637 2.1699
13340 6670.0 3.5414 105.1560 3.5414 2.2195 2.2022
13350 6675.0 3.5540 99.4601 3.5540 2.1879 2.2627
13360 6680.0 3.5496 101.4285 3.5496 2.4098 2.2359
13370 6685.0 3.5538 99.5441 3.5538 2.4098 2.2526
13380 6690.0 3.5604 96.6140 3.5604 2.2646 2.2926
13390 6695.0 3.5486 101.9026 3.5486 2.2525 2.3079
13400 6700.0 3.5618 96.0309 3.5618 2.3783 2.1679
13410 6705.0 3.5665 93.9771 3.5665 2.4792 2.2018
13420 6710.0 3.5827 87.0544 3.5827 2.5159 2.1555
13430 6715.0 3.5791 88.5875 3.5791 2.4652 2.1798
13440 6720.0 3.5502 101.1687 3.5502 2.4454 2.2195
13450 6725.0 3.5661 94.1492 3.5661 2.4973 2.1231
13460 6730.0 3.5424 104.6875 3.5424 2.4263 2.2538
13470 6735.0 3.5414 105.1475 3.5414 2.4306 2.1173
13480 6740.0 3.5545 99.2487 3.5545 2.4800 2.2310
13490 6745.0 3.5756 90.0481 3.5756 2.4385 2.1487
13500 6750.0 3.5785 88.8203 3.5785 2.4268 2.2244
13510 6755.0 3.5858 85.7786 3.5858 2.4243 2.2198
13520 6760.0 3.5928 82.9194 3.5928 2.4473 2.2145
13530 6765.0 3.6002 79.9082 3.6002 2.4824 2.2505
13540 6770.0 3.5936 82.5947 3.5936 2.4775 2.2628
13550 6775.0 3.5839 86.5732 3.5839 2.3829 2.3116
13560 6780.0 3.5737 90.8727 3.5737 2.3429 2.2475
13570 6785.0 3.5573 97.9879 3.5573 2.2665 2.3849
13580 6790.0 3.5613 96.2140 3.5613 2.4538 2.2197
13590 6795.0 3.5646 94.7928 3.5646 2.4356 2.3633
13600 6800.0 3.5928 82.9040 3.5928 2.3441 2.2440
13610 6805.0 3.5956 81.7503 3.5956 2.1707 2.3255
13620 6810.0 3.6096 76.2229 3.6096 2.3183 2.2583
13630 6815.0 3.5977 80.9081 3.5977 2.3831 2.2407
13640 6820.0 3.5923 83.0896 3.5923 2.3370 2.1673
13650 6825.0 3.5669 93.7826 3.5669 2.1906 2.2947
13660 6830.0 3.5668 93.8398 3.5668 2.3014 2.1002
13670 6835.0 3.5719 91.6500 3.5719 2.2731 2.2074
13680 6840.0 3.5822 87.2604 3.5822 2.2810 2.0761
13690 6845.0 3.6014 79.4213 3.6014 2.2119 2.1426
13700 6850.0 3.5977 80.9175 3.5977 2.2390 2.1411
13710 6855.0 3.6028 78.8901 3.6028 2.2966 2.0922
13720 6860.0 3.5755 90.0882 3.5755 2.3158 2.1845
13730 6865.0 3.5982 80.7329 3.5982 2.4080 2.1160
13740 6870.0 3.5880 84.8628 3.5880 2.4451 2.1188
13750 6875.0 3.5777 89.1520 3.5777 2.4242 2.2197
13760 6880.0 3.5878 84.9650 3.5878 2.3700 2.1856
13770 6885.0 3.5672 93.6754 3.5672 2.3593 2.1334
13780 6890.0 3.5874 85.1141 3.5874 2.3496 2.2016
13790 6895.0 3.5860 85.7178 3.5860 2.4172 2.1952
13800 6900.0 3.5971 81.1732 3.5971 2.4383 2.1617
13810 6905.0 3.5823 87.2175 3.5823 2.4126 2.1644
13820 6910.0 3.5874 85.1194 3.5874 2.3639 2.1463
13830 6915.0 3.5936 82.5691 3.5936 2.3412 2.1299
13840 6920.0 3.5847 86.2437 3.5847 2.3157 2.1227
13850 6925.0 3.5829 86.9724 3.5829 2.3545 2.1509
13860 6930.0 3.5864 85.5382 3.5864 2.3980 2.1542
13870 6935.0 3.5848 86.1890 3.5848 2.3715 2.1799
13880 6940.0 3.5791 88.5677 3.5791 2.3947 2.2022
13890 6945.0 3.5764 89.7226 3.5764 2.4177 2.2222
13900 6950.0 3.5705 92.2142 3.5705 2.3998 2.2179
13910 6955.0 3.5665 93.9742 3.5665 2.3799 2.2482
13920 6960.0 3.5547 99.1515 3.5547 2.3308 2.2615
13930 6965.0 3.5616 96.0795 3.5616 2.3349 2.2342
13940 6970.0 3.5663 94.0274 3.5663 2.3523 2.1936
13950 6975.0 3.5578 97.7500 3.5578 2.3227 2.1552
13960 6980.0 3.5667 93.8618 3.5667 2.2864 2.1671
13970 6985.0 3.5604 96.6185 3.5604 2.2126 2.2170
13980 6990.0 3.5687 92.9909 3.5687 2.2132 2.2040
13990 6995.0 3.5575 97.9146 3.5575 2.2709 2.2279
14000 7000.0 3.5484 101.9849 3.5484 2.3465 2.1965
14010 7005.0 3.5618 96.0125 3.5618 2.3057 2.2489
14020 7010.0 3.5764 89.7131 3.5764 2.2249 2.2545
14030 7015.0 3.5718 91.6944 3.5718 2.2427 2.2140
14040 7020.0 3.5884 84.7241 3.5884 2.2383 2.3076
14050 7025.0 3.6028 78.8703 3.6028 2.2371 2.3266
14060 7030.0 3.6161 73.6726 3.6161 2.1927 2.3417
14070 7035.0 3.6224 71.2923 3.6224 2.1710 2.3358
14080 7040.0 3.6112 75.5742 3.6112 2.2216 2.3555
14090 7045.0 3.6138 74.5855 3.6138 2.3090 2.3719
14100 7050.0 3.6144 74.3265 3.6144 2.2502 2.4128
14110 7055.0 3.6374 65.7285 3.6374 2.1892 2.3836
14120 7060.0 3.6299 68.4783 3.6299 2.2509 2.3473
14130 7065.0 3.6373 65.7900 3.6373 2.1924 2.3927
14140 7070.0 3.6439 63.4066 3.6439 2.2361 2.3866
14150 7075.0 3.6280 69.2021 3.6280 2.2505 2.3709
14160 7080.0 3.6344 66.8251 3.6344 2.3035 2.3969
14170 7085.0 3.6219 71.4953 3.6219 2.2598 2.4072
14180 7090.0 3.6339 67.0263 3.6339 2.2673 2.3874
14190 7095.0 3.6303 68.3457 3.6303 2.2868 2.4087
14200 7100.0 3.6240 70.6933 3.6240 2.3312 2.3913
14210 7105.0 3.6202 72.1427 3.6202 2.3222 2.3675
14220 7110.0 3.6170 73.3269 3.6170 2.3790 2.3625
14230 7115.0 3.6135 74.6999 3.6135 2.3791 2.3591
14240 7120.0 3.6100 76.0686 3.6100 2.3107 2.3614
14250 7125.0 3.6102 75.9817 3.6102 2.2816 2.3509
14260 7130.0 3.6050 78.0075 3.6050 2.2797 2.3453
14270 7135.0 3.6071 77.1798 3.6071 2.3180 2.3338
14280 7140.0 3.5863 85.5738 3.5863 2.3816 2.3192
14290 7145.0 3.5908 83.7146 3.5908 2.3774 2.3021
14300 7150.0 3.5667 93.8618 3.5667 2.2301 2.3064
14310 7155.0 3.5734 90.9959 3.5734 2.2849 2.2865
14320 7160.0 3.5744 90.5814 3.5744 2.3413 2.2947
14330 7165.0 3.5720 91.5868 3.5720 2.4230 2.2802
14340 7170.0 3.5836 86.6902 3.5836 2.3645 2.2685
14350 7175.0 3.5756 90.0588 3.5756 2.2137 2.2434
14360 7180.0 3.5823 87.2171 3.5823 2.2688 2.2380
14370 7185.0 3.5642 94.9452 3.5642 2.3632 2.2726
14380 7190.0 3.5729 91.2124 3.5729 2.3684 2.2474
14390 7195.0 3.5951 81.9520 3.5951 2.3176 2.2212
14400 7200.0 3.6112 75.5736 3.6112 2.2084 2.1906
14410 7205.0 3.6132 74.7975 3.6132 2.2626 2.1912
14420 7210.0 3.6106 75.8252 3.6106 2.3896 2.2185
14430 7215.0 3.5755 90.1145 3.5755 2.3855 2.2263
14440 7220.0 3.5990 80.3890 3.5990 2.2931 2.2537
14450 7225.0 3.6144 74.3618 3.6144 2.2644 2.2580
14460 7230.0 3.6136 74.6599 3.6136 2.3892 2.2733
14470 7235.0 3.6095 76.2483 3.6095 2.4181 2.2779
14480 7240.0 3.6092 76.3730 3.6092 2.3960 2.2845
14490 7245.0 3.5969 81.2328 3.5969 2.3322 2.3506
14500 7250.0 3.5818 87.4518 3.5818 2.2892 2.3575
14510 7255.0 3.5986 80.5536 3.5986 2.3090 2.2975
14520 7260.0 3.6022 79.1350 3.6022 2.4087 2.2556
14530 7265.0 3.5876 85.0176 3.5876 2.4609 2.2882
14540 7270.0 3.5962 81.5329 3.5962 2.4415 2.2680
14550 7275.0 3.5912 83.5752 3.5912 2.2959 2.2006
14560 7280.0 3.5989 80.4243 3.5989 2.3217 2.2117
14570 7285.0 3.5950 82.0109 3.5950 2.3878 2.2285
14580 7290.0 3.5966 81.3667 3.5966 2.3527 2.2238
14590 7295.0 3.6012 79.5034 3.6012 2.3837 2.2085
14600 7300.0 3.6031 78.7687 3.6031 2.3793 2.2172
14610 7305.0 3.5994 80.2498 3.5994 2.3581 2.2445
14620 7310.0 3.6000 80.0014 3.6000 2.3777 2.2376
14630 7315.0 3.5897 84.1930 3.5897 2.3658 2.2566
14640 7320.0 3.5880 84.8791 3.5880 2.3498 2.2598
14650 7325.0 3.5877 85.0070 3.5877 2.3451 2.2361
14660 7330.0 3.6014 79.4546 3.6014 2.3263 2.2927
14670 7335.0 3.5911 83.5940 3.5911 2.2987 2.3129
14680 7340.0 3.5945 82.2220 3.5945 2.2586 2.3169
14690 7345.0 3.5918 83.3178 3.5918 2.2621 2.2602
14700 7350.0 3.5943 82.2846 3.5943 2.3143 2.2860
14710 7355.0 3.5899 84.1026 3.5899 2.2940 2.3118
14720 7360.0 3.5918 83.2990 3.5918 2.2611 2.2497
14730 7365.0 3.5812 87.6961 3.5812 2.3243 2.2911
14740 7370.0 3.5779 89.0647 3.5779 2.3366 2.2601
14750 7375.0 3.5945 82.2169 3.5945 2.3115 2.2158
14760 7380.0 3.5978 80.8806 3.5978 2.1911 2.2279
14770 7385.0 3.6058 77.7107 3.6058 2.2536 2.2263
14780 7390.0 3.5969 81.2338 3.5969 2.2328 2.2376
14790 7395.0 3.6079 76.8771 3.6079 2.2537 2.1872
14800 7400.0 3.6123 75.1578 3.6123 2.2033 2.2098
14810 7405.0 3.5953 81.8971 3.5953 2.2869 2.2460
14820 7410.0 3.6002 79.9024 3.6002 2.1597 2.2611
14830 7415.0 3.5902 83.9608 3.5902 2.1950 2.2134
14840 7420.0 3.5831 86.9018 3.5831 2.1841 2.3003
14850 7425.0 3.5919 83.2730 3.5919 2.2130 2.3088
14860 7430.0 3.5938 82.5081 3.5938 2.1650 2.3026
14870 7435.0 3.5825 87.1587 3.5825 2.2094 2.2901
14880 7440.0 3.5615 96.1199 3.5615 2.2124 2.3611
14890 7445.0 3.5573 98.0108 3.5573 2.3214 2.3045
14900 7450.0 3.5845 86.3214 3.5845 2.3171 2.3851
14910 7455.0 3.5764 89.7002 3.5764 2.3032 2.4485
14920 7460.0 3.5864 85.5297 3.5864 2.2260 2.3690
14930 7465.0 3.6111 75.6233 3.6111 2.2946 2.3538
14940 7470.0 3.5960 81.6072 3.5960 2.3007 2.3524
14950 7475.0 3.5956 81.7624 3.5956 2.2698 2.3126
14960 7480.0 3.6161 73.7022 3.6161 2.2022 2.2884
14970 7485.0 3.6198 72.2609 3.6198 2.2990 2.2666
14980 7490.0 3.6025 79.0105 3.6025 2.4000 2.2769
14990 7495.0 3.6124 75.1213 3.6124 2.4084 2.2781
15000 7500.0 3.6157 73.8319 3.6157 2.3888 2.2611
15010 7505.0 3.6025 79.0045 3.6025 2.2618 2.2547
15020 7510.0 3.6116 75.4183 3.6116 2.1449 2.2018
15030 7515.0 3.6180 72.9761 3.6180 2.2471 2.1963
15040 7520.0 3.6010 79.5964 3.6010 2.2903 2.1952
15050 7525.0 3.5914 83.4709 3.5914 2.1949 2.1707
15060 7530.0 3.6218 71.5291 3.6218 2.1288 2.1850
15070 7535.0 3.5888 84.5572 3.5888 2.3010 2.2284
15080 7540.0 3.5767 89.6099 3.5767 2.3030 2.2486
15090 7545.0 3.6180 72.9657 3.6180 2.1531 2.2270
15100 7550.0 3.6007 79.7121 3.6007 2.1902 2.2287
15110 7555.0 3.5963 81.4707 3.5963 2.3208 2.2300
15120 7560.0 3.6011 79.5426 3.6011 2.3313 2.2354
15130 7565.0 3.5976 80.9652 3.5976 2.2581 2.2674
15140 7570.0 3.6356 66.3806 3.6356 2.1418 2.2493
15150 7575.0 3.6353 66.5036 3.6353 2.1419 2.2067
15160 7580.0 3.6325 67.5248 3.6325 2.2630 2.2294
15170 7585.0 3.6558 59.2431 3.6558 2.2974 2.2334
15180 7590.0 3.6707 54.2028 3.6707 2.2001 2.2270
15190 7595.0 3.6570 58.8365 3.6570 2.1277 2.2068
15200 7600.0 3.6706 54.2404 3.6706 2.1457 2.1876
15210 7605.0 3.6723 53.6972 3.6723 2.2765 2.1926
15220 7610.0 3.6355 66.4321 3.6355 2.3348 2.2298
15230 7615.0 3.6587 58.2522 3.6587 2.2932 2.1629
15240 7620.0 3.6607 57.5521 3.6607 2.1667 2.1505
15250 7625.0 3.6205 71.9923 3.6205 2.2690 2.2421
15260 7630.0 3.6253 70.2068 3.6253 2.3289 2.1584
15270 7635.0 3.6416 64.2102 3.6416 2.2440 2.3099
15280 7640.0 3.6295 68.6428 3.6295 2.2069 2.2775
15290 7645.0 3.6311 68.0296 3.6311 2.2772 2.2863
15300 7650.0 3.6419 64.1132 3.6419 2.2757 2.3991
15310 7655.0 3.6195 72.3872 3.6195 2.2372 2.3357
15320 7660.0 3.5994 80.2580 3.5994 2.2857 2.3765
15330 7665.0 3.6036 78.5611 3.6036 2.2321 2.4068
15340 7670.0 3.6443 63.2527 3.6443 2.1727 2.4284
15350 7675.0 3.6600 57.7842 3.6600 2.2596 2.4605
15360 7680.0 3.6396 64.9566 3.6396 2.3693 2.4452
15370 7685.0 3.6723 53.7080 3.6723 2.2154 2.4116
15380 7690.0 3.6705 54.2792 3.6705 2.1070 2.4473
15390 7695.0 3.6271 69.5248 3.6271 2.2224 2.4569
15400 7700.0 3.6106 75.8194 3.6106 2.2065 2.4359
15410 7705.0 3.6158 73.8031 3.6158 2.1800 2.3933
15420 7710.0 3.6356 66.3862 3.6356 2.1649 2.3784
15430 7715.0 3.6349 66.6347 3.6349 2.2212 2.2838
15440 7720.0 3.6290 68.8262 3.6290 2.3427 2.2343
15450 7725.0 3.6328 67.4017 3.6328 2.3184 2.1904
15460 7730.0 3.6492 61.5340 3.6492 2.1949 2.2259
15470 7735.0 3.6366 66.0437 3.6366 2.1498 2.2206
15480 7740.0 3.6475 62.1397 3.6475 2.1978 2.1466
15490 7745.0 3.6314 67.9355 3.6314 2.3112 2.1382
15500 7750.0 3.5991 80.3481 3.5991 2.3225 2.1417
15510 7755.0 3.6229 71.1074 3.6229 2.1950 2.1496
15520 7760.0 3.5967 81.3187 3.5967 2.1642 2.1161
15530 7765.0 3.5704 92.2711 3.5704 2.2034 2.1181
15540 7770.0 3.5784 88.8641 3.5784 2.2251 2.1259
15550 7775.0 3.6035 78.6113 3.6035 2.1195 2.1567
15560 7780.0 3.5850 86.1048 3.5850 2.1578 2.1809
15570 7785.0 3.5595 97.0051 3.5595 2.2720 2.2229
15580 7790.0 3.5888 84.5353 3.5888 2.2737 2.2329
15590 7795.0 3.6096 76.2090 3.6096 2.1204 2.2614
15600 7800.0 3.5905 83.8440 3.5905 2.2327 2.3047
15610 7805.0 3.5767 89.5801 3.5767 2.3075 2.2628
15620 7810.0 3.6082 76.7709 3.6082 2.2188 2.3860
15630 7815.0 3.6191 72.5573 3.6191 2.1580 2.3934
15640 7820.0 3.6065 77.4251 3.6065 2.2668 2.3447
15650 7825.0 3.5900 84.0342 3.5900 2.3390 2.4609
15660 7830.0 3.6094 76.2681 3.6094 2.2228 2.4338
15670 7835.0 3.6181 72.9186 3.6181 2.2094 2.4040
15680 7840.0 3.6071 77.2046 3.6071 2.3653 2.4363
15690 7845.0 3.6041 78.3673 3.6041 2.4274 2.3186
15700 7850.0 3.6252 70.2388 3.6252 2.3001 2.3645
15710 7855.0 3.6197 72.3197 3.6197 2.2927 2.3615
15720 7860.0 3.6262 69.8585 3.6262 2.2578 2.2262
15730 7865.0 3.6365 66.0586 3.6365 2.3198 2.2975
15740 7870.0 3.6534 60.0592 3.6534 2.2940 2.2711
15750 7875.0 3.6217 71.5531 3.6217 2.2646 2.1760
15760 7880.0 3.6119 75.3081 3.6119 2.1889 2.3038
15770 7885.0 3.6279 69.2160 3.6279 2.2417 2.1790
15780 7890.0 3.6417 64.1991 3.6417 2.2714 2.2239
15790 7895.0 3.5998 80.0691 3.5998 2.2929 2.2863
15800 7900.0 3.6226 71.2313 3.6226 2.3033 2.2234
15810 7905.0 3.6010 79.6043 3.6010 2.2648 2.2019
15820 7910.0 3.6059 77.6492 3.6059 2.2086 2.2919
15830 7915.0 3.6120 75.2567 3.6120 2.2140 2.2876
15840 7920.0 3.5789 88.6806 3.5789 2.2800 2.2400
15850 7925.0 3.6048 78.1021 3.6048 2.3196 2.3419
15860 7930.0 3.5886 84.6217 3.5886 2.2668 2.3781
15870 7935.0 3.6346 66.7535 3.6346 2.2260 2.3475
15880 7940.0 3.6017 79.3333 3.6017 2.2416 2.3024
15890 7945.0 3.6353 66.5092 3.6353 2.2849 2.3555
15900 7950.0 3.6195 72.4034 3.6195 2.2623 2.3783
15910 7955.0 3.6410 64.4506 3.6410 2.2893 2.3547
15920 7960.0 3.6324 67.5718 3.6324 2.3036 2.2873
15930 7965.0 3.6520 60.5674 3.6520 2.3482 2.3398
15940 7970.0 3.6486 61.7373 3.6486 2.3199 2.3355
15950 7975.0 3.6446 63.1645 3.6446 2.3416 2.2557
15960 7980.0 3.6579 58.5104 3.6579 2.3187 2.2857
15970 7985.0 3.6447 63.1095 3.6447 2.2352 2.3337
15980 7990.0 3.6541 59.8296 3.6541 2.2302 2.2723
15990 7995.0 3.6448 63.0928 3.6448 2.2510 2.2751
16000 8000.0 3.6281 69.1523 3.6281 2.2563 2.3433
16010 8005.0 3.6506 61.0292 3.6506 2.2907 2.3083
16020 8010.0 3.6371 65.8452 3.6371 2.2983 2.2705
16030 8015.0 3.6309 68.0992 3.6309 2.3424 2.2485
16040 8020.0 3.6424 63.9352 3.6424 2.3036 2.2888
16050 8025.0 3.6440 63.3734 3.6440 2.3220 2.2753
16060 8030.0 3.6421 64.0575 3.6421 2.2963 2.2575
16070 8035.0 3.6369 65.9178 3.6369 2.3520 2.2357
16080 8040.0 3.6462 62.5707 3.6462 2.3429 2.2342
16090 8045.0 3.6425 63.9210 3.6425 2.3229 2.2728
16100 8050.0 3.6502 61.1928 3.6502 2.2337 2.2446
16110 8055.0 3.6438 63.4438 3.6438 2.2294 2.1983
16120 8060.0 3.6377 65.6268 3.6377 2.2811 2.2573
16130 8065.0 3.6460 62.6520 3.6460 2.2562 2.2157
16140 8070.0 3.6500 61.2468 3.6500 2.2148 2.2235
16150 8075.0 3.6514 60.7587 3.6514 2.2308 2.2744
16160 8080.0 3.6552 59.4368 3.6552 2.2392 2.2924
16170 8085.0 3.6436 63.4956 3.6436 2.2379 2.3227
16180 8090.0 3.6357 66.3569 3.6357 2.2429 2.3879
16190 8095.0 3.6210 71.8246 3.6210 2.3138 2.3944
16200 8100.0 3.6183 72.8597 3.6183 2.3323 2.4177
16210 8105.0 3.6233 70.9611 3.6233 2.2606 2.4079
16220 8110.0 3.6261 69.8984 3.6261 2.2572 2.4419
16230 8115.0 3.6295 68.6213 3.6295 2.3441 2.4508
16240 8120.0 3.6170 73.3574 3.6170 2.4102 2.4210
16250 8125.0 3.6118 75.3409 3.6118 2.3771 2.3660
16260 8130.0 3.6098 76.1334 3.6098 2.2321 2.3780
16270 8135.0 3.6120 75.2666 3.6120 2.1966 2.3948
16280 8140.0 3.5978 80.8780 3.5978 2.3012 2.3741
16290 8145.0 3.6040 78.4210 3.6040 2.2368 2.3485
16300 8150.0 3.6144 74.3594 3.6144 2.1905 2.3013
16310 8155.0 3.6315 67.9038 3.6315 2.2592 2.2712
16320 8160.0 3.6295 68.6519 3.6295 2.3248 2.2459
16330 8165.0 3.6398 64.8604 3.6398 2.2739 2.2473
16340 8170.0 3.6465 62.4687 3.6465 2.2704 2.2425
16350 8175.0 3.6378 65.5995 3.6378 2.2375 2.2470
16360 8180.0 3.6325 67.5301 3.6325 2.2381 2.2606
16370 8185.0 3.6401 64.7817 3.6401 2.2531 2.2482
16380 8190.0 3.6457 62.7789 3.6457 2.2507 2.2558
16390 8195.0 3.6267 69.6824 3.6267 2.3017 2.3061
16400 8200.0 3.6528 60.2580 3.6528 2.3177 2.2741
16410 8205.0 3.6262 69.8699 3.6262 2.2644 2.2390
16420 8210.0 3.6406 64.5948 3.6406 2.1709 2.2499
16430 8215.0 3.6134 74.7207 3.6134 2.1883 2.2822
16440 8220.0 3.5950 81.9928 3.5950 2.2673 2.1607
16450 8225.0 3.5984 80.6351 3.5984 2.2419 2.2085
16460 8230.0 3.6066 77.3949 3.6066 2.1875 2.1166
16470 8235.0 3.6069 77.2801 3.6069 2.2752 2.1806
16480 8240.0 3.6136 74.6702 3.6136 2.3740 2.1747
16490 8245.0 3.6240 70.6766 3.6240 2.3558 2.1999
16500 8250.0 3.6256 70.1056 3.6256 2.3033 2.2159
16510 8255.0 3.6287 68.9481 3.6287 2.3051 2.2247
16520 8260.0 3.6202 72.1300 3.6202 2.3153 2.2246
16530 8265.0 3.6067 77.3402 3.6067 2.2778 2.2534
16540 8270.0 3.6255 70.1370 3.6255 2.3484 2.2515
16550 8275.0 3.6380 65.5229 3.6380 2.2497 2.2933
16560 8280.0 3.6402 64.7455 3.6402 2.2298 2.3188
16570 8285.0 3.6487 61.7185 3.6487 2.3089 2.3421
16580 8290.0 3.6466 62.4629 3.6466 2.2727 2.3722
16590 8295.0 3.6634 56.6594 3.6634 2.2910 2.3900
16600 8300.0 3.6686 54.9136 3.6686 2.2338 2.3751
16610 8305.0 3.6532 60.1315 3.6532 2.3011 2.3371
16620 8310.0 3.6578 58.5652 3.6578 2.3455 2.3341
16630 8315.0 3.6653 56.0213 3.6653 2.2072 2.3487
16640 8320.0 3.6602 57.7488 3.6602 2.1851 2.3364
16650 8325.0 3.6731 53.4330 3.6731 2.1864 2.2977
16660 8330.0 3.6425 63.8939 3.6425 2.2646 2.3195
16670 8335.0 3.6335 67.1676 3.6335 2.2697 2.3171
16680 8340.0 3.6394 65.0194 3.6394 2.2199 2.2937
16690 8345.0 3.6332 67.2762 3.6332 2.2012 2.3162
16700 8350.0 3.6074 77.0652 3.6074 2.2876 2.3009
16710 8355.0 3.6081 76.8048 3.6081 2.2832 2.2852
16720 8360.0 3.6317 67.8140 3.6317 2.2540 2.2666
16730 8365.0 3.6357 66.3536 3.6357 2.1552 2.2382
16740 8370.0 3.6198 72.2737 3.6198 2.1809 2.2389
16750 8375.0 3.5885 84.6493 3.5885 2.3021 2.2697
16760 8380.0 3.5759 89.9381 3.5759 2.3480 2.2543
16770 8385.0 3.5799 88.2407 3.5799 2.3370 2.2058
16780 8390.0 3.5967 81.3190 3.5967 2.2069 2.1834
16790 8395.0 3.5885 84.6833 3.5885 2.2051 2.1954
16800 8400.0 3.5893 84.3169 3.5893 2.2881 2.1902
16810 8405.0 3.5871 85.2327 3.5871 2.3426 2.2033
16820 8410.0 3.5920 83.2345 3.5920 2.3089 2.2473
16830 8415.0 3.5798 88.2780 3.5798 2.3828 2.2297
16840 8420.0 3.5821 87.3152 3.5821 2.2298 2.2464
16850 8425.0 3.5745 90.5039 3.5745 2.2101 2.2258
16860 8430.0 3.5632 95.4121 3.5632 2.3891 2.2450
16870 8435.0 3.5560 98.5652 3.5560 2.4594 2.2949
16880 8440.0 3.5454 103.3333 3.5454 2.3636 2.2592
16890 8445.0 3.5319 109.5380 3.5319 2.2474 2.2579
16900 8450.0 3.5679 93.3631 3.5679 2.4369 2.2596
16910 8455.0 3.5383 106.5684 3.5383 2.4410 2.2675
16920 8460.0 3.5452 103.4254 3.5452 2.3400 2.2547
16930 8465.0 3.5526 100.0900 3.5526 2.1576 2.1992
16940 8470.0 3.5548 99.1128 3.5548 2.3065 2.2445
16950 8475.0 3.5504 101.0692 3.5504 2.3675 2.2501
16960 8480.0 3.5734 90.9999 3.5734 2.2112 2.2151
16970 8485.0 3.5836 86.6881 3.5836 2.0846 2.1255
16980 8490.0 3.5540 99.4615 3.5540 2.3095 2.1331
16990 8495.0 3.5436 104.1615 3.5436 2.3354 2.2344
17000 8500.0 3.5818 87.4402 3.5818 2.1032 2.1763
17010 8505.0 3.5862 85.6013 3.5862 2.0650 2.1353
17020 8510.0 3.5568 98.2074 3.5568 2.3351 2.2622
17030 8515.0 3.5235 113.5250 3.5235 2.3694 2.1673
17040 8520.0 3.6144 74.3263 3.6144 2.1073 2.1955
17050 8525.0 3.5945 82.2313 3.5945 2.1475 2.2598
17060 8530.0 3.5399 105.8462 3.5399 2.4221 2.1775
17070 8535.0 3.5422 104.8007 3.5422 2.3496 2.3380
17080 8540.0 3.6108 75.7397 3.6108 2.4235 2.2847
17090 8545.0 3.5972 81.1076 3.5972 2.2368 2.2813
17100 8550.0 3.5900 84.0321 3.5900 2.3741 2.3864
17110 8555.0 3.5897 84.1762 3.5897 2.4888 2.2789
17120 8560.0 3.6188 72.6498 3.6188 2.4035 2.3410
17130 8565.0 3.5810 87.7965 3.5810 2.3078 2.4289
17140 8570.0 3.5783 88.9108 3.5783 2.4298 2.3092
17150 8575.0 3.5899 84.0956 3.5899 2.3587 2.3955
17160 8580.0 3.6095 76.2513 3.6095 2.3138 2.3247
17170 8585.0 3.6074 77.0870 3.6074 2.3206 2.2912
17180 8590.0 3.5848 86.2051 3.5848 2.3389 2.3227
17190 8595.0 3.5566 98.3168 3.5566 2.3202 2.1806
17200 8600.0 3.5650 94.6259 3.5650 2.1722 2.3046
17210 8605.0 3.5608 96.4474 3.5608 2.2638 2.1163
17220 8610.0 3.5568 98.1959 3.5568 2.2609 2.2348
17230 8615.0 3.5592 97.1454 3.5592 2.2701 2.0709
17240 8620.0 3.5609 96.4213 3.5609 2.1802 2.1874
17250 8625.0 3.5744 90.5582 3.5744 2.2523 2.0560
17260 8630.0 3.5891 84.4316 3.5891 2.2504 2.0801
17270 8635.0 3.5512 100.6947 3.5512 2.3056 2.1179
17280 8640.0 3.5374 106.9887 3.5374 2.3238 2.0206
17290 8645.0 3.5400 105.8011 3.5400 2.1750 2.1015
17300 8650.0 3.5336 108.7670 3.5336 2.0810 1.9748
17310 8655.0 3.5293 110.7982 3.5293 2.2265 2.1467
17320 8660.0 3.5324 109.3400 3.5324 2.3183 2.0562
17330 8665.0 3.5582 97.6038 3.5582 2.2039 2.1355
17340 8670.0 3.5929 82.8524 3.5929 2.1613 2.0978
17350 8675.0 3.5909 83.6688 3.5909 2.2592 2.1053
17360 8680.0 3.5692 92.7807 3.5692 2.3263 2.2323
17370 8685.0 3.5857 85.8203 3.5857 2.2944 2.1364
17380 8690.0 3.6217 71.5493 3.6217 2.2429 2.2192
17390 8695.0 3.5869 85.3193 3.5869 2.2525 2.2933
17400 8700.0 3.5527 100.0302 3.5527 2.2643 2.1936
17410 8705.0 3.5733 91.0219 3.5733 2.2502 2.3447
17420 8710.0 3.5881 84.8128 3.5881 2.1990 2.3191
17430 8715.0 3.5795 88.4004 3.5795 2.2011 2.2843
17440 8720.0 3.5503 101.1323 3.5503 2.2502 2.3925
17450 8725.0 3.5703 92.3075 3.5703 2.2188 2.2646
17460 8730.0 3.5987 80.5322 3.5987 2.2012 2.2788
17470 8735.0 3.5800 88.1975 3.5800 2.2067 2.3194
17480 8740.0 3.5819 87.3837 3.5819 2.2577 2.3020
17490 8745.0 3.5525 100.1263 3.5525 2.2872 2.2265
17500 8750.0 3.5719 91.6406 3.5719 2.2486 2.2068
17510 8755.0 3.5490 101.6940 3.5490 2.1972 2.2660
17520 8760.0 3.5351 108.0862 3.5351 2.2265 2.1058
17530 8765.0 3.5387 106.3997 3.5387 2.2390 2.2622
17540 8770.0 3.5765 89.6639 3.5765 2.2146 2.1752
17550 8775.0 3.5809 87.8344 3.5809 2.1681 2.1968
17560 8780.0 3.5669 93.7821 3.5669 2.2718 2.2231
17570 8785.0 3.5521 100.3276 3.5521 2.2591 2.1347
17580 8790.0 3.5813 87.6434 3.5813 2.1178 2.2158
17590 8795.0 3.5778 89.1279 3.5778 2.1430 2.1229
17600 8800.0 3.5695 92.6601 3.5695 2.2641 2.2386
17610 8805.0 3.5656 94.3469 3.5656 2.2948 2.1024
17620 8810.0 3.5663 94.0342 3.5663 2.1994 2.2280
17630 8815.0 3.5660 94.1572 3.5660 2.1814 2.1059
17640 8820.0 3.5833 86.8278 3.5833 2.3333 2.1896
17650 8825.0 3.5665 93.9781 3.5665 2.3783 2.1354
17660 8830.0 3.5686 93.0619 3.5686 2.2030 2.1652
17670 8835.0 3.5502 101.1510 3.5502 2.1498 2.2203
17680 8840.0 3.5455 103.2730 3.5455 2.3737 2.1174
17690 8845.0 3.5419 104.9192 3.5419 2.4810 2.1855
17700 8850.0 3.5613 96.2239 3.5613 2.2843 2.0740
17710 8855.0 3.5639 95.1012 3.5639 2.1340 2.1918
17720 8860.0 3.5859 85.7408 3.5859 2.3271 2.1878
17730 8865.0 3.5727 91.2988 3.5727 2.5358 2.1516
17740 8870.0 3.5786 88.7750 3.5786 2.5634 2.3133
17750 8875.0 3.5805 88.0063 3.5805 2.5021 2.1772
17760 8880.0 3.6191 72.5298 3.6191 2.3274 2.3053
17770 8885.0 3.6297 68.5550 3.6297 2.2886 2.3232
17780 8890.0 3.6141 74.4767 3.6141 2.4028 2.2829
17790 8895.0 3.6094 76.2696 3.6094 2.4604 2.4001
17800 8900.0 3.6091 76.4181 3.6091 2.4062 2.3057
17810 8905.0 3.6195 72.3996 3.6195 2.3211 2.4046
17820 8910.0 3.6330 67.3423 3.6330 2.2821 2.4010
17830 8915.0 3.6215 71.6339 3.6215 2.2539 2.3580
17840 8920.0 3.6244 70.5505 3.6244 2.2789 2.3521
17850 8925.0 3.6129 74.9133 3.6129 2.3140 2.3655
17860 8930.0 3.6187 72.6940 3.6187 2.2280 2.3279
17870 8935.0 3.6143 74.3688 3.6143 2.1886 2.3732
17880 8940.0 3.6067 77.3282 3.6067 2.1986 2.2926
17890 8945.0 3.6070 77.2063 3.6070 2.2394 2.3910
17900 8950.0 3.6254 70.1778 3.6254 2.1470 2.3265
17910 8955.0 3.6126 75.0368 3.6126 2.2157 2.3249
17920 8960.0 3.6168 73.4210 3.6168 2.2828 2.3936
17930 8965.0 3.6461 62.6146 3.6461 2.2279 2.3527
17940 8970.0 3.6470 62.3210 3.6470 2.2156 2.2976
17950 8975.0 3.6591 58.1027 3.6591 2.1872 2.3193
17960 8980.0 3.6456 62.7835 3.6456 2.1722 2.3741
17970 8985.0 3.6382 65.4552 3.6382 2.2401 2.3302
17980 8990.0 3.6365 66.0504 3.6365 2.1767 2.2965
17990 8995.0 3.6272 69.4968 3.6272 2.1145 2.3755
18000 9000.0 3.6312 68.0001 3.6312 2.2153 2.2921
