# step  time_fs  cv_FeH(A)  bias(kJ/mol)  d_min_FeH(A)  d_min_OH(A)  d_min_SH(A)
0 0.0 1.7182 345.9197 1.7182 2.5114 2.4126
10 5.0 2.1497 80.1162 2.1497 2.1647 2.3403
20 10.0 2.7380 17.6733 2.7380 1.8004 2.3383
30 15.0 2.6394 3.9936 2.6394 1.8751 1.8335
40 20.0 2.3686 16.4536 2.3686 2.2098 1.0877
50 25.0 2.9505 80.1887 2.9505 1.8752 1.7976
60 30.0 2.5813 0.4888 2.5813 1.9207 1.5376
70 35.0 2.1330 86.9624 2.1330 2.0699 1.2791
80 40.0 2.6536 5.3677 2.6536 1.6597 1.8854
90 45.0 2.7895 28.6825 2.7895 1.2685 2.1257
100 50.0 2.3551 18.9995 2.3551 0.9765 2.2619
110 55.0 2.3344 23.2465 2.3344 1.0825 2.2967
120 60.0 2.7124 13.1940 2.7124 0.9972 2.4248
130 65.0 2.7011 11.4217 2.7011 1.1063 2.4150
140 70.0 2.5963 1.0738 2.5963 0.9324 2.4530
150 75.0 2.4535 4.6567 2.4535 1.0639 2.3226
160 80.0 2.6600 6.0481 2.6600 0.9724 2.2885
170 85.0 2.6004 1.2680 2.6004 1.0778 2.3613
180 90.0 2.6327 3.4200 2.6327 0.9423 2.4663
190 95.0 2.4452 5.4948 2.4452 1.0716 2.2715
200 100.0 2.5058 0.9790 2.5058 0.9396 2.3520
210 105.0 2.6853 9.1470 2.6853 1.0824 2.5005
220 110.0 2.8349 40.5909 2.8349 0.9557 2.6621
230 115.0 2.5957 1.0461 2.5957 1.0970 2.4379
240 120.0 2.6055 1.5403 2.6055 0.9411 2.5586
250 125.0 2.6050 1.5101 2.6050 1.0727 2.5315
260 130.0 2.6452 4.5295 2.6452 0.9370 2.6102
270 135.0 2.5731 0.2664 2.5731 1.0898 2.3457
280 140.0 2.5881 0.7262 2.5881 0.9517 2.3643
290 145.0 2.5355 0.1058 2.5355 1.0717 2.2879
300 150.0 2.6196 2.4203 2.6196 0.9868 2.3619
310 155.0 2.6094 1.7661 2.6094 1.0440 2.2922
320 160.0 2.5384 0.0678 2.5384 1.0257 2.2279
330 165.0 2.5846 0.5999 2.5846 0.9967 2.2454
340 170.0 2.6780 8.1867 2.6780 1.0630 2.2263
350 175.0 2.6601 6.0607 2.6601 0.9742 2.1853
360 180.0 2.4713 3.0986 2.4713 1.0725 2.0374
370 185.0 2.5377 0.0752 2.5377 0.9387 2.1266
380 190.0 2.5099 0.8032 2.5099 1.0839 2.0373
390 195.0 2.6599 6.0344 2.6599 0.9780 2.1637
400 200.0 2.5790 0.4194 2.5790 1.0871 2.0663
410 205.0 2.6441 4.4310 2.6441 1.0144 2.0781
420 210.0 2.6041 1.4619 2.6041 1.0352 2.0268
430 215.0 2.5089 0.8462 2.5089 1.0565 2.0122
440 220.0 2.5260 0.2881 2.5260 0.9842 2.0571
450 225.0 2.4966 1.4254 2.4966 1.0531 1.9177
460 230.0 2.5742 0.2935 2.5742 0.9895 1.9310
470 235.0 2.4734 2.9345 2.4734 1.0745 1.8786
480 240.0 2.5931 0.9275 2.5931 0.9856 2.0097
490 245.0 2.6197 2.4270 2.6197 1.1280 1.9228
500 250.0 2.6438 4.4023 2.6438 0.9707 2.0540
510 255.0 2.4090 9.9378 2.4090 1.0431 2.0473
520 260.0 2.4898 1.8133 2.4898 0.9296 2.1765
530 265.0 2.4891 1.8553 2.4891 1.0538 2.0790
540 270.0 2.6489 4.8863 2.6489 0.9728 2.1045
550 275.0 2.5281 0.2392 2.5281 1.0383 2.0344
560 280.0 2.4751 2.8013 2.4751 0.9435 2.1610
570 285.0 2.4380 6.2773 2.4380 0.9984 2.1284
580 290.0 2.5317 0.1672 2.5317 0.9980 2.1148
590 295.0 2.5455 0.0101 2.5455 1.0517 2.0821
600 300.0 2.5517 0.0015 2.5517 0.9830 2.1580
610 305.0 2.5080 0.8823 2.5080 1.0015 2.1546
620 310.0 2.5762 0.3434 2.5762 1.0089 2.1133
630 315.0 2.6030 1.4022 2.6030 0.9810 2.1476
640 320.0 2.5007 1.2148 2.5007 1.0335 2.1774
650 325.0 2.5753 0.3205 2.5753 0.9390 2.2675
660 330.0 2.4964 1.4387 2.4964 1.0480 2.1030
670 335.0 2.5895 0.7801 2.5895 0.9570 2.1211
680 340.0 2.5128 0.6903 2.5128 1.0239 2.0686
690 345.0 2.5442 0.0165 2.5442 0.9998 2.0653
700 350.0 2.5556 0.0155 2.5556 1.0070 2.0030
710 355.0 2.5578 0.0307 2.5578 1.0250 1.9659
720 360.0 2.5576 0.0286 2.5576 1.0418 1.9517
730 365.0 2.6024 1.3707 2.6024 1.0218 1.9635
740 370.0 2.5981 1.1553 2.5981 1.0054 1.9893
750 375.0 2.5398 0.0525 2.5398 1.0036 2.0278
760 380.0 2.5224 0.3809 2.5224 0.9940 2.0595
770 385.0 2.4861 2.0388 2.4861 1.0307 2.0318
780 390.0 2.5515 0.0011 2.5515 0.9837 2.0842
790 395.0 2.5265 0.2759 2.5265 1.0190 2.1248
800 400.0 2.5877 0.7098 2.5877 0.9579 2.2704
810 405.0 2.5504 0.0001 2.5504 1.0319 2.2372
820 410.0 2.6090 1.7380 2.6090 0.9437 2.2734
830 415.0 2.4992 1.2904 2.4992 1.0323 2.1498
840 420.0 2.5414 0.0374 2.5414 0.9512 2.1752
850 425.0 2.4906 1.7633 2.4906 1.0401 2.0733
860 430.0 2.5919 0.8768 2.5919 0.9666 2.1153
870 435.0 2.5952 1.0228 2.5952 1.0531 2.0859
880 440.0 2.5842 0.5851 2.5842 0.9707 2.1303
890 445.0 2.4750 2.8096 2.4750 1.0270 2.0226
900 450.0 2.5497 0.0000 2.5497 0.9720 2.0588
910 455.0 2.6172 2.2549 2.6172 1.0430 2.0695
920 460.0 2.6493 4.9310 2.6493 0.9755 2.1744
930 465.0 2.5167 0.5535 2.5167 1.0271 2.0945
940 470.0 2.5040 1.0590 2.5040 0.9636 2.1182
950 475.0 2.5105 0.7812 2.5105 0.9878 2.1327
960 480.0 2.5440 0.0180 2.5440 1.0307 2.1399
970 485.0 2.6299 3.1881 2.6299 1.0110 2.1541
980 490.0 2.5991 1.2047 2.5991 1.0030 2.1686
990 495.0 2.5494 0.0002 2.5494 0.9764 2.2387
1000 500.0 2.5129 0.6889 2.5129 1.0272 2.2140
1010 505.0 2.6322 3.3761 2.6322 0.9470 2.2705
1020 510.0 2.5502 0.0000 2.5502 1.0481 2.1950
1030 515.0 2.6281 3.0468 2.6281 0.9549 2.3787
1040 520.0 2.5647 0.1082 2.5647 1.0549 2.2844
1050 525.0 2.6604 6.0941 2.6604 0.9694 2.3313
1060 530.0 2.5919 0.8783 2.5919 1.0380 2.1827
1070 535.0 2.6237 2.7133 2.6237 0.9792 2.1974
1080 540.0 2.5645 0.1053 2.5645 1.0148 2.1455
1090 545.0 2.5235 0.3500 2.5235 0.9846 2.0809
1100 550.0 2.5147 0.6234 2.5147 0.9698 2.0238
1110 555.0 2.5622 0.0740 2.5622 1.0363 1.9604
1120 560.0 2.6623 6.3062 2.6623 1.0297 1.9942
1130 565.0 2.5464 0.0066 2.5464 1.0001 1.9957
1140 570.0 2.5037 1.0736 2.5037 0.9944 2.0299
1150 575.0 2.6034 1.4266 2.6034 1.0151 2.0641
1160 580.0 2.6034 1.4280 2.6034 1.0194 2.0838
1170 585.0 2.5399 0.0510 2.5399 0.9843 2.1264
1180 590.0 2.5648 0.1099 2.5648 0.9784 2.1859
1190 595.0 2.5593 0.0428 2.5593 1.0137 2.2163
1200 600.0 2.5401 0.0489 2.5401 0.9564 2.3099
1210 605.0 2.4868 1.9999 2.4868 1.0065 2.3787
1220 610.0 2.4958 1.4668 2.4958 0.9671 2.5462
1230 615.0 2.4324 6.9170 2.4324 0.9613 2.6318
1240 620.0 2.4147 9.1479 2.4147 0.9883 2.7308
1250 625.0 2.5277 0.2476 2.5277 0.9505 2.6916
1260 630.0 2.5701 0.2022 2.5701 1.0291 2.5621
1270 635.0 2.7048 11.9762 2.7048 0.9703 2.4965
1280 640.0 2.6252 2.8303 2.6252 1.0461 2.3750
1290 645.0 2.5505 0.0001 2.5505 0.9543 2.4420
1300 650.0 2.4592 4.1266 2.4592 1.0053 2.4649
1310 655.0 2.5201 0.4483 2.5201 0.9875 2.3435
1320 660.0 2.5221 0.3894 2.5221 0.9722 2.2507
1330 665.0 2.4607 3.9892 2.4607 1.0086 2.1373
1340 670.0 2.5386 0.0654 2.5386 0.9390 2.1332
1350 675.0 2.5043 1.0431 2.5043 1.0237 2.0093
1360 680.0 2.5881 0.7259 2.5881 0.9618 1.9873
1370 685.0 2.5724 0.2501 2.5724 1.0348 1.8917
1380 690.0 2.6267 2.9434 2.6267 0.9768 1.9362
1390 695.0 2.5557 0.0162 2.5557 1.0154 1.9044
1400 700.0 2.5472 0.0040 2.5472 0.9662 1.9925
1410 705.0 2.4970 1.4029 2.4970 0.9968 2.0710
1420 710.0 2.4865 2.0190 2.4865 0.9688 2.1664
1430 715.0 2.4560 4.4140 2.4560 0.9606 2.2533
1440 720.0 2.4503 4.9732 2.4503 0.9833 2.3893
1450 725.0 2.5239 0.3402 2.5239 0.9817 2.5775
1460 730.0 2.5675 0.1537 2.5675 0.9924 2.6553
1470 735.0 2.5898 0.7909 2.5898 0.9977 2.5473
1480 740.0 2.5841 0.5825 2.5841 0.9946 2.5221
1490 745.0 2.5644 0.1043 2.5644 1.0012 2.5326
1500 750.0 2.5357 0.1026 2.5357 0.9789 2.5507
1510 755.0 2.4384 6.2328 2.4384 0.9922 2.5276
1520 760.0 2.4517 4.8363 2.4517 0.9386 2.4905
1530 765.0 2.4683 3.3349 2.4683 1.0026 2.4693
1540 770.0 2.5151 0.6096 2.5151 0.9810 2.4093
1550 775.0 2.5419 0.0329 2.5419 0.9914 2.1934
1560 780.0 2.5891 0.7629 2.5891 1.0010 2.0694
1570 785.0 2.6080 1.6808 2.6080 0.9936 2.0670
1580 790.0 2.5665 0.1361 2.5665 0.9958 2.1233
1590 795.0 2.5394 0.0565 2.5394 0.9832 2.1658
1600 800.0 2.5446 0.0144 2.5446 0.9770 2.1880
1610 805.0 2.5499 0.0000 2.5499 0.9811 2.2526
1620 810.0 2.5430 0.0243 2.5430 0.9808 2.4056
1630 815.0 2.5452 0.0115 2.5452 0.9957 2.4781
1640 820.0 2.5980 1.1505 2.5980 0.9675 2.5072
1650 825.0 2.5468 0.0053 2.5468 0.9965 2.5487
1660 830.0 2.5415 0.0359 2.5415 0.9749 2.6531
1670 835.0 2.5356 0.1035 2.5356 0.9650 2.6199
1680 840.0 2.4825 2.2775 2.4825 1.0105 2.5125
1690 845.0 2.5564 0.0204 2.5564 0.9452 2.4890
1700 850.0 2.5112 0.7544 2.5112 1.0170 2.4768
1710 855.0 2.5896 0.7835 2.5896 0.9591 2.5930
1720 860.0 2.5509 0.0004 2.5509 1.0223 2.6018
1730 865.0 2.5771 0.3684 2.5771 0.9763 2.5763
1740 870.0 2.5507 0.0003 2.5507 0.9767 2.5243
1750 875.0 2.5151 0.6076 2.5151 1.0039 2.5260
1760 880.0 2.5653 0.1171 2.5653 0.9647 2.6154
1770 885.0 2.4987 1.3161 2.4987 1.0277 2.5820
1780 890.0 2.5134 0.6711 2.5134 0.9444 2.5347
1790 895.0 2.4873 1.9657 2.4873 0.9864 2.5412
1800 900.0 2.5618 0.0693 2.5618 0.9870 2.5097
1810 905.0 2.6000 1.2500 2.6000 0.9910 2.4816
1820 910.0 2.5939 0.9637 2.5939 1.0083 2.3899
1830 915.0 2.6064 1.5895 2.6064 0.9659 2.3273
1840 920.0 2.5511 0.0006 2.5511 1.0134 2.2412
1850 925.0 2.5730 0.2642 2.5730 0.9718 2.2238
1860 930.0 2.5517 0.0015 2.5517 1.0172 2.0941
1870 935.0 2.6231 2.6719 2.6231 1.0042 2.0282
1880 940.0 2.6231 2.6707 2.6231 1.0153 2.0172
1890 945.0 2.5627 0.0802 2.5627 1.0047 2.0648
1900 950.0 2.5550 0.0124 2.5550 0.9939 2.0477
1910 955.0 2.5555 0.0153 2.5555 1.0075 1.9823
1920 960.0 2.5478 0.0024 2.5478 0.9796 1.9927
1930 965.0 2.5102 0.7922 2.5102 0.9994 2.0004
1940 970.0 2.5556 0.0155 2.5556 0.9634 2.0454
1950 975.0 2.5595 0.0452 2.5595 1.0261 1.9940
1960 980.0 2.6355 3.6546 2.6355 0.9715 2.0832
1970 985.0 2.5859 0.6428 2.5859 1.0383 2.1223
1980 990.0 2.6104 1.8237 2.6104 0.9818 2.2517
1990 995.0 2.5290 0.2212 2.5290 1.0187 2.2519
2000 1000.0 2.5145 0.6303 2.5145 0.9776 2.2647
2010 1005.0 2.4814 2.3552 2.4814 0.9588 2.2980
2020 1010.0 2.4407 5.9763 2.4407 1.0134 2.2424
2030 1015.0 2.5620 0.0725 2.5620 0.9502 2.2630
2040 1020.0 2.5773 0.3727 2.5773 1.0540 2.1778
2050 1025.0 2.6702 7.2221 2.6702 0.9631 2.2481
2060 1030.0 2.5573 0.0265 2.5573 1.0569 2.1680
2070 1035.0 2.5774 0.3766 2.5774 0.9659 2.2950
2080 1040.0 2.5322 0.1591 2.5322 1.0236 2.3035
2090 1045.0 2.5595 0.0451 2.5595 0.9775 2.2951
2100 1050.0 2.5332 0.1415 2.5332 1.0047 2.3127
2110 1055.0 2.5928 0.9152 2.5928 1.0094 2.3903
2120 1060.0 2.6218 2.5807 2.6218 1.0043 2.3971
2130 1065.0 2.5954 1.0327 2.5954 1.0202 2.3909
2140 1070.0 2.6076 1.6593 2.6076 0.9623 2.4351
2150 1075.0 2.5218 0.3983 2.5218 1.0314 2.3530
2160 1080.0 2.5733 0.2717 2.5733 0.9629 2.3697
2170 1085.0 2.5249 0.3158 2.5249 1.0201 2.2826
2180 1090.0 2.5621 0.0728 2.5621 0.9632 2.3035
2190 1095.0 2.5446 0.0148 2.5446 1.0175 2.2329
2200 1100.0 2.6009 1.2962 2.6009 0.9695 2.2765
2210 1105.0 2.5590 0.0406 2.5590 1.0308 2.2089
2220 1110.0 2.5710 0.2211 2.5710 0.9642 2.2692
2230 1115.0 2.5077 0.8951 2.5077 1.0266 2.2188
2240 1120.0 2.5693 0.1872 2.5693 0.9713 2.2464
2250 1125.0 2.5578 0.0302 2.5578 1.0366 2.1493
2260 1130.0 2.5662 0.1316 2.5662 0.9701 2.1746
2270 1135.0 2.5171 0.5406 2.5171 1.0375 2.1015
2280 1140.0 2.5857 0.6365 2.5857 0.9814 2.1540
2290 1145.0 2.5595 0.0455 2.5595 1.0105 2.1344
2300 1150.0 2.5292 0.2160 2.5292 0.9889 2.2057
2310 1155.0 2.5330 0.1440 2.5330 0.9979 2.1843
2320 1160.0 2.5428 0.0258 2.5428 0.9999 2.1469
2330 1165.0 2.5626 0.0797 2.5626 0.9855 2.1557
2340 1170.0 2.5628 0.0824 2.5628 1.0240 2.1319
2350 1175.0 2.6477 4.7774 2.6477 0.9806 2.1676
2360 1180.0 2.5859 0.6461 2.5859 1.0260 2.1219
2370 1185.0 2.5200 0.4504 2.5200 0.9552 2.2144
2380 1190.0 2.4207 8.3646 2.4207 1.0022 2.2001
2390 1195.0 2.5431 0.0241 2.5431 0.9566 2.1958
2400 1200.0 2.6154 2.1409 2.6154 1.0335 2.1044
2410 1205.0 2.6280 3.0432 2.6280 0.9823 2.1816
2420 1210.0 2.5576 0.0289 2.5576 0.9880 2.2103
2430 1215.0 2.5425 0.0282 2.5425 1.0054 2.2226
2440 1220.0 2.6048 1.5017 2.6048 0.9675 2.2733
2450 1225.0 2.5436 0.0207 2.5436 1.0143 2.2710
2460 1230.0 2.5713 0.2274 2.5713 0.9535 2.3556
2470 1235.0 2.5363 0.0933 2.5363 1.0143 2.3538
2480 1240.0 2.5967 1.0884 2.5967 0.9730 2.4226
2490 1245.0 2.5843 0.5895 2.5843 1.0009 2.4231
2500 1250.0 2.5667 0.1392 2.5667 0.9957 2.4628
2510 1255.0 2.5784 0.4042 2.5784 0.9786 2.5136
2520 1260.0 2.5624 0.0771 2.5624 1.0138 2.5295
2530 1265.0 2.5709 0.2194 2.5709 0.9534 2.6304
2540 1270.0 2.5021 1.1467 2.5021 1.0262 2.5435
2550 1275.0 2.5838 0.5709 2.5838 0.9455 2.4851
2560 1280.0 2.5594 0.0444 2.5594 1.0333 2.4129
2570 1285.0 2.6288 3.1010 2.6288 0.9646 2.4401
2580 1290.0 2.5910 0.8400 2.5910 1.0122 2.4583
2590 1295.0 2.5672 0.1482 2.5672 1.0068 2.4777
2600 1300.0 2.6021 1.3573 2.6021 0.9647 2.5297
2610 1305.0 2.5492 0.0003 2.5492 1.0402 2.5543
2620 1310.0 2.6011 1.3037 2.6011 0.9441 2.5446
2630 1315.0 2.5330 0.1450 2.5330 1.0172 2.5362
2640 1320.0 2.6144 2.0761 2.6144 0.9821 2.6437
2650 1325.0 2.6366 3.7480 2.6366 0.9947 2.6037
2660 1330.0 2.5671 0.1470 2.5671 1.0020 2.6086
2670 1335.0 2.5807 0.4709 2.5807 0.9701 2.6299
2680 1340.0 2.5861 0.6508 2.5861 1.0302 2.5524
2690 1345.0 2.6464 4.6431 2.6464 0.9591 2.5253
2700 1350.0 2.5513 0.0009 2.5513 1.0227 2.5529
2710 1355.0 2.5579 0.0310 2.5579 0.9796 2.6104
2720 1360.0 2.5524 0.0030 2.5524 0.9946 2.5172
2730 1365.0 2.5367 0.0881 2.5367 0.9968 2.4583
2740 1370.0 2.5373 0.0812 2.5373 0.9539 2.5276
2750 1375.0 2.4740 2.8902 2.4740 1.0230 2.5482
2760 1380.0 2.5445 0.0153 2.5445 0.9397 2.5765
2770 1385.0 2.5110 0.7599 2.5110 1.0131 2.5256
2780 1390.0 2.5767 0.3558 2.5767 0.9811 2.5213
2790 1395.0 2.5982 1.1621 2.5982 1.0085 2.5026
2800 1400.0 2.6118 1.9122 2.6118 1.0137 2.4494
2810 1405.0 2.6194 2.4054 2.6194 0.9950 2.4096
2820 1410.0 2.5847 0.6023 2.5847 1.0183 2.3697
2830 1415.0 2.5910 0.8411 2.5910 0.9766 2.3982
2840 1420.0 2.5297 0.2060 2.5297 1.0131 2.4084
2850 1425.0 2.5615 0.0656 2.5615 0.9682 2.4468
2860 1430.0 2.5615 0.0662 2.5615 1.0101 2.4833
2870 1435.0 2.6043 1.4766 2.6043 0.9755 2.5923
2880 1440.0 2.5573 0.0264 2.5573 1.0172 2.5797
2890 1445.0 2.5778 0.3873 2.5778 0.9726 2.5777
2900 1450.0 2.5409 0.0415 2.5409 1.0074 2.4968
2910 1455.0 2.5150 0.6110 2.5150 0.9732 2.4897
2920 1460.0 2.5210 0.4191 2.5210 0.9781 2.4395
2930 1465.0 2.5357 0.1028 2.5357 1.0009 2.3886
2940 1470.0 2.5598 0.0484 2.5598 0.9690 2.4260
2950 1475.0 2.5694 0.1884 2.5694 1.0173 2.3962
2960 1480.0 2.6412 4.1582 2.6412 0.9886 2.4352
2970 1485.0 2.6106 1.8382 2.6106 1.0168 2.4193
2980 1490.0 2.5400 0.0504 2.5400 0.9695 2.4834
2990 1495.0 2.4668 3.4570 2.4668 0.9809 2.4520
3000 1500.0 2.4907 1.7562 2.4907 0.9686 2.4109
3010 1505.0 2.5417 0.0345 2.5417 0.9725 2.4568
3020 1510.0 2.5820 0.5122 2.5820 1.0028 2.5036
3030 1515.0 2.6344 3.5604 2.6344 0.9748 2.5392
3040 1520.0 2.6029 1.4007 2.6029 1.0068 2.4904
3050 1525.0 2.5717 0.2345 2.5717 0.9783 2.3984
3060 1530.0 2.5267 0.2704 2.5267 1.0012 2.3140
3070 1535.0 2.5980 1.1517 2.5980 0.9623 2.3858
3080 1540.0 2.6053 1.5279 2.6053 1.0170 2.4387
3090 1545.0 2.6249 2.8064 2.6249 0.9832 2.4114
3100 1550.0 2.6000 1.2518 2.6000 1.0209 2.4134
3110 1555.0 2.6407 4.1134 2.6407 0.9834 2.4650
3120 1560.0 2.5970 1.1043 2.5970 1.0004 2.4378
3130 1565.0 2.5443 0.0162 2.5443 0.9913 2.3474
3140 1570.0 2.5283 0.2354 2.5283 0.9795 2.3281
3150 1575.0 2.5213 0.4118 2.5213 0.9813 2.3557
3160 1580.0 2.5526 0.0034 2.5526 0.9648 2.4233
3170 1585.0 2.5732 0.2695 2.5732 0.9922 2.5282
3180 1590.0 2.5998 1.2425 2.5998 0.9881 2.6395
3190 1595.0 2.5893 0.7719 2.5893 0.9919 2.5206
3200 1600.0 2.5947 0.9975 2.5947 0.9755 2.4541
3210 1605.0 2.5561 0.0186 2.5561 1.0020 2.4124
3220 1610.0 2.5634 0.0899 2.5634 0.9792 2.4740
3230 1615.0 2.5354 0.1067 2.5354 0.9931 2.4459
3240 1620.0 2.5019 1.1584 2.5019 0.9745 2.4010
3250 1625.0 2.4826 2.2718 2.4826 0.9739 2.3539
3260 1630.0 2.5287 0.2276 2.5287 0.9486 2.3796
3270 1635.0 2.5226 0.3764 2.5226 0.9995 2.3857
3280 1640.0 2.5749 0.3103 2.5749 0.9691 2.4813
3290 1645.0 2.5763 0.3455 2.5763 0.9873 2.5558
3300 1650.0 2.5568 0.0231 2.5568 0.9955 2.4762
3310 1655.0 2.5415 0.0359 2.5415 0.9583 2.3797
3320 1660.0 2.4908 1.7507 2.4908 0.9903 2.2841
3330 1665.0 2.5224 0.3811 2.5224 0.9664 2.2693
3340 1670.0 2.5262 0.2828 2.5262 0.9896 2.2504
3350 1675.0 2.5502 0.0000 2.5502 0.9898 2.2471
3360 1680.0 2.5716 0.2343 2.5716 0.9846 2.2465
3370 1685.0 2.5664 0.1346 2.5664 1.0064 2.2729
3380 1690.0 2.5938 0.9576 2.5938 0.9669 2.3862
3390 1695.0 2.5552 0.0134 2.5552 1.0203 2.4585
3400 1700.0 2.5730 0.2643 2.5730 0.9664 2.5058
3410 1705.0 2.4804 2.4200 2.4804 0.9972 2.4144
3420 1710.0 2.4658 3.5425 2.4658 0.9533 2.4462
3430 1715.0 2.4936 1.5890 2.4936 0.9745 2.4486
3440 1720.0 2.5997 1.2329 2.5997 0.9856 2.4797
3450 1725.0 2.6334 3.4757 2.6334 1.0120 2.5028
3460 1730.0 2.5800 0.4493 2.5800 0.9862 2.4905
3470 1735.0 2.5042 1.0474 2.5042 0.9928 2.4470
3480 1740.0 2.4910 1.7396 2.4910 0.9804 2.4850
3490 1745.0 2.5327 0.1493 2.5327 0.9596 2.5555
3500 1750.0 2.5251 0.3093 2.5251 1.0132 2.5959
3510 1755.0 2.5610 0.0609 2.5610 0.9698 2.6867
3520 1760.0 2.5007 1.2141 2.5007 0.9896 2.6857
3530 1765.0 2.5032 1.0939 2.5032 0.9680 2.6668
3540 1770.0 2.5292 0.2158 2.5292 0.9807 2.7099
3550 1775.0 2.5749 0.3100 2.5749 1.0042 2.6840
3560 1780.0 2.6044 1.4801 2.6044 0.9669 2.6456
3570 1785.0 2.5221 0.3888 2.5221 1.0038 2.5434
3580 1790.0 2.5294 0.2127 2.5294 0.9522 2.5478
3590 1795.0 2.5133 0.6720 2.5133 0.9940 2.4763
3600 1800.0 2.5824 0.5244 2.5824 0.9935 2.4230
3610 1805.0 2.6127 1.9661 2.6127 0.9976 2.3928
3620 1810.0 2.6041 1.4626 2.6041 0.9884 2.3881
3630 1815.0 2.5592 0.0422 2.5592 0.9983 2.3662
3640 1820.0 2.5663 0.1323 2.5663 0.9768 2.3715
3650 1825.0 2.5512 0.0007 2.5512 0.9988 2.3535
3660 1830.0 2.5620 0.0723 2.5620 0.9845 2.4001
3670 1835.0 2.5824 0.5234 2.5824 0.9932 2.4439
3680 1840.0 2.5825 0.5288 2.5825 1.0003 2.5183
3690 1845.0 2.6100 1.8010 2.6100 0.9874 2.5515
3700 1850.0 2.6009 1.2977 2.6009 1.0035 2.5535
3710 1855.0 2.5627 0.0807 2.5627 0.9676 2.5674
3720 1860.0 2.4929 1.6296 2.4929 0.9871 2.4588
3730 1865.0 2.5246 0.3213 2.5246 0.9538 2.4910
3740 1870.0 2.5633 0.0879 2.5633 0.9987 2.5920
3750 1875.0 2.6335 3.4823 2.6335 0.9873 2.6144
3760 1880.0 2.6385 3.9151 2.6385 0.9894 2.6177
3770 1885.0 2.5711 0.2221 2.5711 1.0080 2.5329
3780 1890.0 2.5644 0.1036 2.5644 0.9681 2.4323
3790 1895.0 2.5334 0.1371 2.5334 1.0049 2.3235
3800 1900.0 2.5704 0.2084 2.5704 0.9619 2.3243
3810 1905.0 2.5679 0.1600 2.5679 1.0088 2.2880
3820 1910.0 2.6287 3.1001 2.6287 0.9777 2.3418
3830 1915.0 2.6048 1.5014 2.6048 1.0264 2.3579
3840 1920.0 2.6022 1.3607 2.6022 0.9869 2.4474
3850 1925.0 2.5716 0.2332 2.5716 0.9934 2.4794
3860 1930.0 2.5493 0.0002 2.5493 1.0058 2.4490
3870 1935.0 2.5806 0.4677 2.5806 0.9532 2.4417
3880 1940.0 2.5128 0.6918 2.5128 1.0299 2.3628
3890 1945.0 2.5856 0.6353 2.5856 0.9533 2.4117
3900 1950.0 2.5680 0.1628 2.5680 1.0329 2.3291
3910 1955.0 2.6260 2.8911 2.6260 0.9763 2.3491
3920 1960.0 2.5608 0.0582 2.5608 1.0005 2.3037
3930 1965.0 2.5484 0.0013 2.5484 0.9983 2.2817
3940 1970.0 2.5802 0.4560 2.5802 0.9572 2.3281
3950 1975.0 2.4841 2.1734 2.4841 1.0227 2.2895
3960 1980.0 2.5423 0.0294 2.5423 0.9550 2.3712
3970 1985.0 2.5966 1.0868 2.5966 1.0344 2.3308
3980 1990.0 2.6806 8.5305 2.6806 0.9684 2.4560
3990 1995.0 2.5614 0.0645 2.5614 1.0353 2.4684
4000 2000.0 2.5573 0.0268 2.5573 0.9594 2.6307
4010 2005.0 2.5284 0.2325 2.5284 1.0219 2.6725
4020 2010.0 2.5943 0.9826 2.5943 0.9729 2.7309
4030 2015.0 2.6174 2.2685 2.6174 0.9973 2.7010
4040 2020.0 2.6032 1.4134 2.6032 1.0015 2.6300
4050 2025.0 2.5574 0.0272 2.5574 0.9844 2.5646
4060 2030.0 2.5233 0.3564 2.5233 0.9844 2.5654
4070 2035.0 2.5362 0.0955 2.5362 0.9757 2.6306
4080 2040.0 2.5860 0.6463 2.5860 0.9975 2.6788
4090 2045.0 2.6162 2.1927 2.6162 0.9958 2.6007
4100 2050.0 2.6294 3.1528 2.6294 1.0002 2.4858
4110 2055.0 2.5787 0.4107 2.5787 0.9983 2.3845
4120 2060.0 2.5044 1.0415 2.5044 0.9848 2.3041
4130 2065.0 2.4693 3.2587 2.4693 0.9720 2.2548
4140 2070.0 2.5149 0.6158 2.5149 0.9837 2.2100
4150 2075.0 2.5576 0.0290 2.5576 0.9959 2.1829
4160 2080.0 2.5956 1.0384 2.5956 0.9899 2.1879
4170 2085.0 2.5950 1.0120 2.5950 1.0088 2.1562
4180 2090.0 2.5933 0.9385 2.5933 0.9708 2.1509
4190 2095.0 2.5349 0.1136 2.5349 1.0002 2.0975
4200 2100.0 2.4979 1.3580 2.4979 0.9778 2.1378
4210 2105.0 2.5214 0.4090 2.5214 0.9764 2.1585
4220 2110.0 2.5643 0.1016 2.5643 1.0090 2.1551
4230 2115.0 2.6256 2.8540 2.6256 0.9724 2.2162
4240 2120.0 2.5870 0.6855 2.5870 1.0211 2.2036
4250 2125.0 2.6040 1.4563 2.6040 0.9761 2.2616
4260 2130.0 2.5745 0.2992 2.5745 1.0164 2.2200
4270 2135.0 2.6114 1.8880 2.6114 0.9783 2.2072
4280 2140.0 2.5445 0.0153 2.5445 0.9957 2.1529
4290 2145.0 2.4736 2.9203 2.4736 0.9760 2.1857
4300 2150.0 2.5253 0.3058 2.5253 0.9654 2.2049
4310 2155.0 2.6027 1.3863 2.6027 1.0199 2.1549
4320 2160.0 2.6788 8.2913 2.6788 0.9852 2.2281
4330 2165.0 2.5785 0.4053 2.5785 1.0332 2.2337
4340 2170.0 2.6264 2.9152 2.6264 0.9704 2.3186
4350 2175.0 2.6052 1.5233 2.6052 1.0224 2.3118
4360 2180.0 2.5698 0.1964 2.5698 0.9627 2.3685
4370 2185.0 2.5028 1.1135 2.5028 0.9982 2.2507
4380 2190.0 2.5752 0.3166 2.5752 0.9855 2.3389
4390 2195.0 2.6493 4.9292 2.6493 1.0051 2.4489
4400 2200.0 2.6630 6.3857 2.6630 1.0305 2.4585
4410 2205.0 2.6495 4.9482 2.6495 1.0016 2.3943
4420 2210.0 2.5901 0.8057 2.5901 0.9948 2.3354
4430 2215.0 2.5722 0.2458 2.5722 0.9627 2.2725
4440 2220.0 2.5537 0.0068 2.5537 1.0264 2.2709
4450 2225.0 2.6338 3.5089 2.6338 0.9672 2.3282
4460 2230.0 2.5876 0.7061 2.5876 1.0165 2.3191
4470 2235.0 2.5869 0.6795 2.5869 0.9695 2.3415
4480 2240.0 2.5586 0.0369 2.5586 0.9932 2.3283
4490 2245.0 2.5637 0.0944 2.5637 1.0086 2.3507
4500 2250.0 2.5809 0.4785 2.5809 0.9716 2.4316
4510 2255.0 2.5502 0.0000 2.5502 1.0340 2.5416
4520 2260.0 2.6408 4.1180 2.6408 0.9473 2.5779
4530 2265.0 2.5512 0.0007 2.5512 1.0555 2.4957
4540 2270.0 2.6119 1.9171 2.6119 0.9449 2.5573
4550 2275.0 2.5215 0.4062 2.5215 1.0365 2.3702
4560 2280.0 2.6295 3.1609 2.6295 0.9553 2.3677
4570 2285.0 2.5635 0.0907 2.5635 1.0223 2.2576
4580 2290.0 2.5660 0.1282 2.5660 0.9709 2.2662
4590 2295.0 2.6014 1.3190 2.6014 1.0191 2.1560
4600 2300.0 2.6743 7.7207 2.6743 0.9697 2.1379
4610 2305.0 2.4992 1.2909 2.4992 1.0263 2.0228
4620 2310.0 2.4752 2.8000 2.4752 0.9631 2.1050
4630 2315.0 2.5692 0.1847 2.5692 0.9902 2.1427
4640 2320.0 2.6179 2.3038 2.6179 1.0042 2.2476
4650 2325.0 2.6117 1.9005 2.6117 1.0069 2.3641
4660 2330.0 2.6062 1.5797 2.6062 1.0004 2.5068
4670 2335.0 2.6103 1.8205 2.6103 0.9771 2.5978
4680 2340.0 2.5490 0.0005 2.5490 1.0245 2.4583
4690 2345.0 2.6167 2.2263 2.6167 0.9412 2.3269
4700 2350.0 2.5630 0.0843 2.5630 1.0596 2.1397
4710 2355.0 2.6339 3.5200 2.6339 0.9618 2.1444
4720 2360.0 2.5325 0.1524 2.5325 1.0310 2.1527
4730 2365.0 2.5637 0.0945 2.5637 0.9920 2.2673
4740 2370.0 2.5938 0.9595 2.5938 0.9934 2.3344
4750 2375.0 2.6091 1.7436 2.6091 1.0341 2.4606
4760 2380.0 2.6445 4.4616 2.6445 0.9888 2.5891
4770 2385.0 2.6094 1.7619 2.6094 1.0255 2.6016
4780 2390.0 2.6306 3.2451 2.6306 0.9757 2.6030
4790 2395.0 2.5599 0.0492 2.5599 1.0155 2.5529
4800 2400.0 2.5898 0.7928 2.5898 0.9802 2.4989
4810 2405.0 2.6022 1.3641 2.6022 0.9975 2.4092
4820 2410.0 2.5504 0.0001 2.5504 0.9930 2.3696
4830 2415.0 2.5330 0.1444 2.5330 0.9607 2.3642
4840 2420.0 2.5215 0.4069 2.5215 1.0086 2.2894
4850 2425.0 2.5978 1.1403 2.5978 0.9598 2.3177
4860 2430.0 2.5637 0.0936 2.5637 1.0130 2.2800
4870 2435.0 2.6043 1.4727 2.6043 0.9736 2.3387
4880 2440.0 2.5749 0.3092 2.5749 1.0168 2.3098
4890 2445.0 2.5757 0.3314 2.5757 0.9762 2.3721
4900 2450.0 2.5231 0.3606 2.5231 0.9790 2.4336
4910 2455.0 2.4977 1.3681 2.4977 0.9800 2.5221
4920 2460.0 2.5368 0.0869 2.5368 0.9655 2.6269
4930 2465.0 2.5532 0.0052 2.5532 1.0209 2.7119
4940 2470.0 2.6278 3.0247 2.6278 0.9733 2.6392
4950 2475.0 2.5931 0.9307 2.5931 1.0268 2.5715
4960 2480.0 2.6069 1.6191 2.6069 0.9849 2.5867
4970 2485.0 2.5777 0.3823 2.5777 0.9934 2.5386
4980 2490.0 2.5476 0.0030 2.5476 1.0053 2.5276
4990 2495.0 2.5595 0.0456 2.5595 0.9645 2.5731
5000 2500.0 2.4917 1.7014 2.4917 1.0210 2.4946
5010 2505.0 2.5446 0.0144 2.5446 0.9473 2.4834
5020 2510.0 2.4786 2.5458 2.4786 1.0208 2.3928
5030 2515.0 2.5355 0.1044 2.5355 0.9706 2.4093
5040 2520.0 2.5650 0.1119 2.5650 0.9911 2.3852
5050 2525.0 2.5905 0.8213 2.5905 1.0345 2.3960
5060 2530.0 2.6397 4.0239 2.6397 0.9845 2.4781
5070 2535.0 2.5605 0.0549 2.5605 1.0431 2.4280
5080 2540.0 2.6057 1.5487 2.6057 0.9510 2.4448
5090 2545.0 2.5010 1.1981 2.5010 1.0493 2.2975
5100 2550.0 2.5895 0.7787 2.5895 0.9420 2.3678
5110 2555.0 2.5297 0.2057 2.5297 1.0501 2.2817
5120 2560.0 2.6487 4.8711 2.6487 0.9599 2.3937
5130 2565.0 2.5849 0.6094 2.5849 1.0524 2.3826
5140 2570.0 2.6361 3.7045 2.6361 0.9732 2.5426
5150 2575.0 2.5861 0.6501 2.5861 1.0252 2.6002
5160 2580.0 2.6132 1.9959 2.6132 0.9908 2.5783
5170 2585.0 2.6022 1.3642 2.6022 0.9953 2.5811
5180 2590.0 2.6004 1.2713 2.6004 1.0030 2.5952
5190 2595.0 2.5918 0.8750 2.5918 1.0036 2.4959
5200 2600.0 2.5779 0.3904 2.5779 1.0056 2.4131
5210 2605.0 2.5883 0.7330 2.5883 0.9986 2.3714
5220 2610.0 2.5813 0.4908 2.5813 0.9811 2.3701
5230 2615.0 2.5301 0.1983 2.5301 0.9954 2.3587
5240 2620.0 2.5129 0.6899 2.5129 0.9751 2.3568
5250 2625.0 2.5136 0.6639 2.5136 0.9679 2.3302
5260 2630.0 2.5116 0.7363 2.5116 1.0137 2.2650
5270 2635.0 2.6112 1.8743 2.6112 0.9535 2.2803
5280 2640.0 2.5260 0.2868 2.5260 1.0354 2.1958
5290 2645.0 2.5506 0.0002 2.5506 0.9446 2.3117
5300 2650.0 2.5060 0.9690 2.5060 1.0069 2.2935
5310 2655.0 2.5652 0.1151 2.5652 0.9823 2.3349
5320 2660.0 2.6084 1.7064 2.6084 0.9912 2.3613
5330 2665.0 2.6089 1.7363 2.6089 1.0285 2.3868
5340 2670.0 2.6561 5.6312 2.6561 0.9752 2.4687
5350 2675.0 2.5874 0.6991 2.5874 1.0523 2.4316
5360 2680.0 2.6600 6.0457 2.6600 0.9460 2.4751
5370 2685.0 2.5344 0.1220 2.5344 1.0392 2.3622
5380 2690.0 2.5153 0.6028 2.5153 0.9333 2.3855
5390 2695.0 2.4212 8.3005 2.4212 0.9866 2.3280
5400 2700.0 2.4621 3.8640 2.4621 0.9938 2.3473
5410 2705.0 2.5738 0.2836 2.5738 0.9562 2.4021
5420 2710.0 2.5668 0.1419 2.5668 1.0386 2.3901
5430 2715.0 2.6762 7.9607 2.6762 0.9504 2.5109
5440 2720.0 2.6000 1.2506 2.6000 1.0461 2.4790
5450 2725.0 2.6603 6.0794 2.6603 0.9715 2.5126
5460 2730.0 2.5900 0.7984 2.5900 1.0373 2.3918
5470 2735.0 2.6242 2.7562 2.6242 0.9763 2.3302
5480 2740.0 2.5757 0.3305 2.5757 0.9984 2.2588
5490 2745.0 2.5356 0.1031 2.5356 0.9897 2.2451
5500 2750.0 2.5322 0.1584 2.5322 0.9711 2.2347
5510 2755.0 2.5436 0.0202 2.5436 1.0142 2.1934
5520 2760.0 2.6289 3.1113 2.6289 0.9528 2.3078
5530 2765.0 2.6106 1.8359 2.6106 1.0525 2.3572
5540 2770.0 2.6846 9.0551 2.6846 0.9654 2.4431
5550 2775.0 2.5584 0.0355 2.5584 1.0298 2.3346
5560 2780.0 2.5385 0.0660 2.5385 0.9430 2.3410
5570 2785.0 2.4745 2.8536 2.4745 0.9973 2.3867
5580 2790.0 2.5317 0.1679 2.5317 0.9775 2.5103
5590 2795.0 2.5758 0.3331 2.5758 0.9822 2.5102
5600 2800.0 2.5788 0.4139 2.5788 1.0112 2.5150
5610 2805.0 2.6391 3.9684 2.6391 0.9684 2.5887
5620 2810.0 2.5972 1.1121 2.5972 1.0460 2.6132
5630 2815.0 2.6440 4.4220 2.6440 0.9687 2.5948
5640 2820.0 2.5394 0.0562 2.5394 1.0334 2.4918
5650 2825.0 2.5891 0.7646 2.5891 0.9524 2.4493
5660 2830.0 2.5396 0.0543 2.5396 1.0125 2.3597
5670 2835.0 2.5907 0.8267 2.5907 0.9769 2.3462
5680 2840.0 2.6004 1.2696 2.6004 0.9963 2.3766
5690 2845.0 2.6115 1.8886 2.6115 0.9976 2.3954
5700 2850.0 2.6110 1.8625 2.6110 0.9768 2.3570
5710 2855.0 2.5615 0.0660 2.5615 1.0136 2.2500
5720 2860.0 2.5819 0.5075 2.5819 0.9570 2.1733
5730 2865.0 2.5084 0.8663 2.5084 1.0179 2.1305
5740 2870.0 2.5643 0.1023 2.5643 0.9671 2.2377
5750 2875.0 2.5876 0.7082 2.5876 0.9965 2.3655
5760 2880.0 2.6260 2.8878 2.6260 1.0133 2.4943
5770 2885.0 2.6652 6.6364 2.6652 0.9870 2.5441
5780 2890.0 2.6269 2.9560 2.6269 1.0145 2.5037
5790 2895.0 2.6004 1.2707 2.6004 0.9737 2.4142
5800 2900.0 2.5427 0.0270 2.5427 0.9930 2.3078
5810 2905.0 2.5214 0.4101 2.5214 0.9794 2.2913
5820 2910.0 2.5397 0.0531 2.5397 0.9754 2.3875
5830 2915.0 2.6086 1.7156 2.6086 0.9927 2.5124
5840 2920.0 2.6884 9.5816 2.6884 1.0058 2.6110
5850 2925.0 2.6728 7.5372 2.6728 1.0101 2.6257
5860 2930.0 2.5718 0.2373 2.5718 0.9927 2.5023
5870 2935.0 2.4799 2.4583 2.4799 0.9848 2.3887
5880 2940.0 2.5005 1.2229 2.5005 0.9581 2.4136
5890 2945.0 2.5511 0.0007 2.5511 0.9951 2.5421
5900 2950.0 2.6797 8.4168 2.6797 1.0265 2.5422
5910 2955.0 2.7308 16.3376 2.7308 0.9996 2.6075
5920 2960.0 2.6609 6.1513 2.6609 1.0316 2.5592
5930 2965.0 2.6021 1.3585 2.6021 0.9658 2.5678
5940 2970.0 2.4445 5.5626 2.4445 0.9972 2.5303
5950 2975.0 2.4585 4.1890 2.4585 0.9384 2.4736
5960 2980.0 2.4899 1.8058 2.4899 0.9847 2.4957
5970 2985.0 2.6247 2.7880 2.6247 1.0136 2.6441
5980 2990.0 2.6866 9.3245 2.6866 1.0035 2.6405
5990 2995.0 2.6628 6.3626 2.6628 1.0157 2.6154
6000 3000.0 2.6260 2.8903 2.6260 0.9959 2.5772
6010 3005.0 2.5563 0.0198 2.5563 0.9889 2.5549
6020 3010.0 2.5137 0.6590 2.5137 0.9812 2.6080
6030 3015.0 2.5232 0.3592 2.5232 0.9844 2.6864
6040 3020.0 2.5499 0.0000 2.5499 0.9808 2.6350
6050 3025.0 2.5589 0.0397 2.5589 1.0054 2.5313
6060 3030.0 2.6102 1.8121 2.6102 0.9857 2.4895
6070 3035.0 2.6086 1.7146 2.6086 1.0133 2.4503
6080 3040.0 2.6304 3.2321 2.6304 0.9762 2.4860
6090 3045.0 2.5722 0.2455 2.5722 1.0064 2.5070
6100 3050.0 2.5714 0.2293 2.5714 0.9858 2.5472
6110 3055.0 2.5663 0.1332 2.5663 0.9902 2.4884
6120 3060.0 2.5744 0.2982 2.5744 0.9826 2.4728
6130 3065.0 2.5701 0.2011 2.5701 0.9943 2.4967
6140 3070.0 2.6001 1.2567 2.6001 0.9858 2.5672
6150 3075.0 2.6009 1.2971 2.6009 1.0195 2.5556
6160 3080.0 2.6207 2.5009 2.6207 0.9874 2.6461
6170 3085.0 2.5742 0.2923 2.5742 0.9994 2.5359
6180 3090.0 2.5650 0.1132 2.5650 0.9874 2.4452
6190 3095.0 2.5678 0.1580 2.5678 0.9881 2.4124
6200 3100.0 2.5317 0.1666 2.5317 1.0030 2.4221
6210 3105.0 2.5309 0.1824 2.5309 0.9614 2.4689
6220 3110.0 2.4930 1.6270 2.4930 0.9840 2.4718
6230 3115.0 2.5198 0.4546 2.5198 0.9550 2.5388
6240 3120.0 2.5043 1.0456 2.5043 0.9988 2.5935
6250 3125.0 2.5432 0.0231 2.5432 0.9830 2.6151
6260 3130.0 2.5570 0.0243 2.5570 0.9842 2.4742
6270 3135.0 2.5872 0.6929 2.5872 0.9861 2.4160
6280 3140.0 2.6199 2.4429 2.6199 0.9943 2.4518
6290 3145.0 2.6372 3.7976 2.6372 1.0075 2.4947
6300 3150.0 2.6526 5.2621 2.6526 0.9896 2.5056
6310 3155.0 2.6029 1.3996 2.6029 0.9951 2.5113
6320 3160.0 2.5311 0.1783 2.5311 0.9801 2.5687
6330 3165.0 2.4774 2.6388 2.4774 0.9875 2.4566
6340 3170.0 2.4994 1.2799 2.4994 0.9629 2.4063
6350 3175.0 2.5527 0.0037 2.5527 0.9896 2.4705
6360 3180.0 2.6175 2.2784 2.6175 0.9882 2.5274
6370 3185.0 2.6246 2.7795 2.6246 0.9923 2.5135
6380 3190.0 2.5858 0.6421 2.5858 0.9921 2.4357
6390 3195.0 2.5330 0.1445 2.5330 0.9764 2.3864
6400 3200.0 2.5091 0.8372 2.5091 0.9806 2.4274
6410 3205.0 2.5384 0.0671 2.5384 0.9790 2.5508
6420 3210.0 2.5844 0.5913 2.5844 0.9928 2.5503
6430 3215.0 2.6036 1.4381 2.6036 0.9978 2.5420
6440 3220.0 2.5739 0.2849 2.5739 0.9931 2.5150
6450 3225.0 2.5529 0.0041 2.5529 0.9930 2.4513
6460 3230.0 2.5443 0.0165 2.5443 0.9783 2.4337
6470 3235.0 2.5365 0.0912 2.5365 0.9708 2.4404
6480 3240.0 2.5358 0.1009 2.5358 1.0081 2.4392
6490 3245.0 2.6079 1.6771 2.6079 0.9809 2.5042
6500 3250.0 2.5914 0.8567 2.5914 1.0237 2.4697
6510 3255.0 2.6152 2.1246 2.6152 0.9491 2.5235
6520 3260.0 2.5041 1.0531 2.5041 1.0079 2.4684
6530 3265.0 2.5191 0.4778 2.5191 0.9581 2.5737
6540 3270.0 2.5638 0.0955 2.5638 1.0111 2.5788
6550 3275.0 2.6585 5.8826 2.6585 0.9793 2.6182
6560 3280.0 2.6097 1.7840 2.6097 0.9784 2.6234
6570 3285.0 2.5069 0.9290 2.5069 0.9974 2.6587
6580 3290.0 2.5716 0.2323 2.5716 0.9547 2.6073
6590 3295.0 2.5057 0.9813 2.5057 1.0231 2.5383
6600 3300.0 2.5109 0.7661 2.5109 0.9322 2.5115
6610 3305.0 2.5183 0.5012 2.5183 1.0052 2.5751
6620 3310.0 2.6782 8.2185 2.6782 0.9795 2.7063
6630 3315.0 2.6208 2.5031 2.6208 1.0248 2.6954
6640 3320.0 2.4985 1.3258 2.4985 0.9746 2.5724
6650 3325.0 2.4872 1.9742 2.4872 0.9367 2.5342
6660 3330.0 2.4869 1.9903 2.4869 1.0443 2.6032
6670 3335.0 2.6450 4.5167 2.6450 0.9456 2.6852
6680 3340.0 2.5643 0.1020 2.5643 1.0668 2.5416
6690 3345.0 2.6416 4.1964 2.6416 0.9289 2.5747
6700 3350.0 2.5172 0.5363 2.5172 1.0557 2.5065
6710 3355.0 2.5557 0.0160 2.5557 0.9600 2.5858
6720 3360.0 2.4946 1.5357 2.4946 1.0145 2.5018
6730 3365.0 2.5255 0.3004 2.5255 1.0072 2.4420
6740 3370.0 2.6126 1.9604 2.6126 0.9559 2.4670
6750 3375.0 2.5789 0.4166 2.5789 1.0552 2.4334
6760 3380.0 2.6720 7.4423 2.6720 0.9560 2.4844
6770 3385.0 2.5519 0.0018 2.5519 1.0723 2.2704
6780 3390.0 2.6259 2.8818 2.6259 0.9305 2.2878
6790 3395.0 2.4790 2.5235 2.4790 1.0481 2.2148
6800 3400.0 2.5288 0.2245 2.5288 0.9399 2.3382
6810 3405.0 2.4819 2.3187 2.4819 0.9972 2.3074
6820 3410.0 2.5292 0.2155 2.5292 0.9978 2.3103
6830 3415.0 2.6189 2.3734 2.6189 0.9610 2.4118
6840 3420.0 2.5926 0.9053 2.5926 1.0416 2.4285
6850 3425.0 2.6463 4.6380 2.6463 0.9531 2.4976
6860 3430.0 2.5370 0.0849 2.5370 1.0192 2.4258
6870 3435.0 2.5265 0.2757 2.5265 0.9670 2.3973
6880 3440.0 2.5303 0.1941 2.5303 0.9772 2.3590
6890 3445.0 2.5700 0.2001 2.5700 1.0142 2.3671
6900 3450.0 2.6553 5.5468 2.6553 0.9747 2.4782
6910 3455.0 2.6196 2.4230 2.6196 1.0553 2.4830
6920 3460.0 2.6766 8.0117 2.6766 0.9499 2.5323
6930 3465.0 2.5328 0.1477 2.5328 1.0552 2.4489
6940 3470.0 2.5734 0.2741 2.5734 0.9260 2.5228
6950 3475.0 2.4775 2.6285 2.4775 1.0372 2.4719
6960 3480.0 2.5447 0.0141 2.5447 0.9662 2.5051
6970 3485.0 2.5581 0.0330 2.5581 0.9847 2.5842
6980 3490.0 2.5639 0.0960 2.5639 1.0212 2.5934
6990 3495.0 2.6260 2.8863 2.6260 0.9515 2.5729
7000 3500.0 2.5565 0.0209 2.5565 1.0467 2.4673
7010 3505.0 2.6446 4.4718 2.6446 0.9368 2.5219
7020 3510.0 2.5521 0.0023 2.5521 1.0480 2.4207
7030 3515.0 2.6121 1.9304 2.6121 0.9665 2.4835
7040 3520.0 2.5659 0.1262 2.5659 1.0147 2.4588
7050 3525.0 2.5821 0.5148 2.5821 1.0122 2.4402
7060 3530.0 2.6271 2.9742 2.6271 0.9812 2.4716
7070 3535.0 2.5726 0.2552 2.5726 1.0245 2.4657
7080 3540.0 2.6133 2.0029 2.6133 0.9570 2.5326
7090 3545.0 2.5211 0.4183 2.5211 1.0304 2.4962
7100 3550.0 2.5587 0.0374 2.5587 0.9545 2.5159
7110 3555.0 2.4996 1.2676 2.4996 0.9993 2.4383
7120 3560.0 2.4956 1.4791 2.4956 0.9925 2.3900
7130 3565.0 2.5304 0.1913 2.5304 0.9423 2.4321
7140 3570.0 2.4593 4.1162 2.4593 1.0298 2.4212
7150 3575.0 2.5497 0.0001 2.5497 0.9350 2.5286
7160 3580.0 2.5032 1.0956 2.5032 1.0062 2.5312
7170 3585.0 2.5269 0.2671 2.5269 0.9926 2.5580
7180 3590.0 2.5748 0.3070 2.5748 0.9552 2.5936
7190 3595.0 2.5197 0.4593 2.5197 1.0382 2.5432
7200 3600.0 2.6014 1.3220 2.6014 0.9257 2.5951
7210 3605.0 2.5275 0.2527 2.5275 1.0413 2.5363
7220 3610.0 2.5930 0.9261 2.5930 0.9617 2.6078
7230 3615.0 2.5662 0.1311 2.5662 1.0086 2.6247
7240 3620.0 2.5263 0.2804 2.5263 1.0127 2.5750
7250 3625.0 2.5682 0.1657 2.5682 0.9374 2.5575
7260 3630.0 2.5099 0.8059 2.5099 1.0457 2.4444
7270 3635.0 2.6490 4.9011 2.6490 0.9343 2.5503
7280 3640.0 2.5901 0.8020 2.5901 1.0599 2.4987
7290 3645.0 2.6634 6.4316 2.6634 0.9663 2.5469
7300 3650.0 2.5975 1.1278 2.5975 1.0279 2.5409
7310 3655.0 2.5943 0.9798 2.5943 0.9984 2.4895
7320 3660.0 2.5883 0.7321 2.5883 0.9955 2.3602
7330 3665.0 2.5271 0.2632 2.5271 1.0318 2.2606
7340 3670.0 2.5919 0.8773 2.5919 0.9286 2.3309
7350 3675.0 2.4902 1.7884 2.4902 1.0475 2.2826
7360 3680.0 2.6155 2.1447 2.6155 0.9642 2.3837
7370 3685.0 2.6025 1.3793 2.6025 1.0190 2.4240
7380 3690.0 2.6028 1.3922 2.6028 1.0117 2.4615
7390 3695.0 2.6388 3.9426 2.6388 0.9636 2.4213
7400 3700.0 2.5663 0.1323 2.5663 1.0489 2.3693
7410 3705.0 2.6719 7.4311 2.6719 0.9473 2.5021
7420 3710.0 2.5774 0.3748 2.5774 1.0740 2.4016
7430 3715.0 2.6949 10.5012 2.6949 0.9370 2.4360
7440 3720.0 2.5998 1.2417 2.5998 1.0658 2.3091
7450 3725.0 2.6693 7.1206 2.6693 0.9632 2.4412
7460 3730.0 2.5887 0.7471 2.5887 1.0396 2.4439
7470 3735.0 2.5857 0.6361 2.5857 1.0008 2.4622
7480 3740.0 2.5754 0.3233 2.5754 0.9642 2.4497
7490 3745.0 2.4847 2.1293 2.4847 1.0317 2.4313
7500 3750.0 2.5552 0.0134 2.5552 0.9247 2.5240
7510 3755.0 2.5002 1.2378 2.5002 1.0461 2.4744
7520 3760.0 2.6249 2.8070 2.6249 0.9599 2.6412
7530 3765.0 2.6021 1.3591 2.6021 1.0261 2.7400
7540 3770.0 2.6359 3.6909 2.6359 1.0000 2.7543
7550 3775.0 2.6302 3.2188 2.6302 1.0030 2.7025
7560 3780.0 2.5779 0.3904 2.5779 1.0227 2.6849
7570 3785.0 2.5934 0.9427 2.5934 0.9479 2.6772
7580 3790.0 2.5148 0.6188 2.5148 1.0357 2.6036
7590 3795.0 2.5871 0.6892 2.5871 0.9593 2.5344
7600 3800.0 2.5617 0.0687 2.5617 1.0362 2.6054
7610 3805.0 2.6282 3.0538 2.6282 0.9808 2.5796
7620 3810.0 2.6173 2.2629 2.6173 1.0142 2.4105
7630 3815.0 2.5928 0.9180 2.5928 1.0122 2.3811
7640 3820.0 2.5669 0.1424 2.5669 0.9919 2.3959
7650 3825.0 2.5299 0.2010 2.5299 1.0270 2.2441
7660 3830.0 2.6020 1.3533 2.6020 0.9673 2.2099
7670 3835.0 2.5412 0.0383 2.5412 1.0356 2.1557
7680 3840.0 2.5803 0.4588 2.5803 0.9659 2.2479
7690 3845.0 2.5578 0.0304 2.5578 1.0405 2.2155
7700 3850.0 2.6839 8.9633 2.6839 0.9791 2.2811
7710 3855.0 2.6081 1.6857 2.6081 1.0380 2.2641
7720 3860.0 2.5577 0.0294 2.5577 0.9684 2.4014
7730 3865.0 2.4959 1.4628 2.4959 1.0155 2.5584
7740 3870.0 2.5617 0.0686 2.5617 0.9735 2.5866
7750 3875.0 2.5501 0.0000 2.5501 0.9814 2.4535
7760 3880.0 2.5747 0.3045 2.5747 1.0122 2.2936
7770 3885.0 2.6606 6.1115 2.6606 0.9919 2.2288
7780 3890.0 2.6150 2.1108 2.6150 1.0365 2.1543
7790 3895.0 2.5899 0.7950 2.5899 0.9717 2.1554
7800 3900.0 2.5365 0.0918 2.5365 0.9807 2.1210
7810 3905.0 2.5342 0.1253 2.5342 1.0012 2.1088
7820 3910.0 2.5523 0.0026 2.5523 0.9841 2.2427
7830 3915.0 2.5946 0.9935 2.5946 1.0136 2.5214
7840 3920.0 2.7000 11.2529 2.7000 0.9824 2.5556
7850 3925.0 2.6728 7.5383 2.6728 1.0152 2.5318
7860 3930.0 2.5949 1.0099 2.5949 1.0085 2.4517
7870 3935.0 2.5330 0.1439 2.5330 0.9805 2.3050
7880 3940.0 2.5460 0.0078 2.5460 0.9975 2.2258
7890 3945.0 2.5746 0.3019 2.5746 0.9745 2.2877
7900 3950.0 2.5683 0.1679 2.5683 1.0138 2.3414
7910 3955.0 2.6521 5.2171 2.6521 1.0114 2.3993
7920 3960.0 2.6841 8.9979 2.6841 1.0102 2.4127
7930 3965.0 2.6412 4.1613 2.6412 0.9966 2.4849
7940 3970.0 2.5730 0.2655 2.5730 1.0194 2.6137
7950 3975.0 2.5852 0.6178 2.5852 0.9811 2.5461
7960 3980.0 2.5375 0.0786 2.5375 0.9908 2.5555
7970 3985.0 2.5310 0.1803 2.5310 0.9616 2.6032
7980 3990.0 2.5148 0.6195 2.5148 0.9858 2.5902
7990 3995.0 2.5266 0.2746 2.5266 0.9795 2.6033
8000 4000.0 2.4965 1.4313 2.4965 0.9806 2.5623
8010 4005.0 2.4900 1.7988 2.4900 0.9657 2.4528
8020 4010.0 2.5013 1.1847 2.5013 0.9826 2.3925
8030 4015.0 2.5514 0.0009 2.5514 0.9732 2.4010
8040 4020.0 2.5582 0.0340 2.5582 1.0091 2.4226
8050 4025.0 2.5937 0.9536 2.5937 0.9969 2.4498
8060 4030.0 2.5952 1.0233 2.5952 1.0093 2.4097
8070 4035.0 2.6044 1.4783 2.6044 0.9867 2.3996
8080 4040.0 2.5539 0.0074 2.5539 1.0104 2.3914
8090 4045.0 2.5444 0.0155 2.5444 0.9814 2.4469
8100 4050.0 2.5090 0.8415 2.5090 0.9922 2.4844
8110 4055.0 2.5217 0.4017 2.5217 0.9571 2.4593
8120 4060.0 2.5116 0.7386 2.5116 0.9909 2.3809
8130 4065.0 2.5671 0.1465 2.5671 0.9740 2.3722
8140 4070.0 2.6085 1.7131 2.6085 1.0092 2.3341
8150 4075.0 2.6592 5.9573 2.6592 1.0006 2.3605
8160 4080.0 2.6358 3.6841 2.6358 1.0044 2.4193
8170 4085.0 2.5952 1.0228 2.5952 1.0135 2.5498
8180 4090.0 2.6066 1.6009 2.6066 0.9873 2.6310
8190 4095.0 2.6160 2.1775 2.6160 1.0087 2.5265
8200 4100.0 2.6350 3.6130 2.6350 0.9960 2.5253
8210 4105.0 2.6058 1.5578 2.6058 1.0018 2.5540
8220 4110.0 2.5743 0.2957 2.5743 0.9923 2.5782
8230 4115.0 2.5287 0.2273 2.5287 0.9787 2.6015
8240 4120.0 2.5045 1.0335 2.5045 0.9638 2.6618
8250 4125.0 2.4869 1.9926 2.4869 0.9786 2.7061
8260 4130.0 2.4848 2.1273 2.4848 0.9708 2.7069
8270 4135.0 2.4686 3.3146 2.4686 0.9908 2.6402
8280 4140.0 2.5331 0.1422 2.5331 0.9640 2.5974
8290 4145.0 2.5386 0.0650 2.5386 1.0160 2.5371
8300 4150.0 2.5950 1.0143 2.5950 0.9775 2.5406
8310 4155.0 2.5910 0.8401 2.5910 1.0279 2.4749
8320 4160.0 2.6312 3.2946 2.6312 0.9934 2.4511
8330 4165.0 2.5650 0.1118 2.5650 0.9933 2.4089
8340 4170.0 2.4995 1.2752 2.4995 0.9881 2.3978
8350 4175.0 2.5142 0.6390 2.5142 0.9605 2.4714
8360 4180.0 2.5180 0.5107 2.5180 1.0041 2.5639
8370 4185.0 2.6025 1.3759 2.6025 0.9760 2.5818
8380 4190.0 2.5870 0.6850 2.5870 1.0229 2.5736
8390 4195.0 2.6207 2.4971 2.6207 0.9818 2.5794
8400 4200.0 2.5797 0.4408 2.5797 1.0030 2.5113
8410 4205.0 2.5197 0.4598 2.5197 0.9946 2.4269
8420 4210.0 2.5016 1.1712 2.5016 0.9630 2.4036
8430 4215.0 2.4956 1.4808 2.4956 0.9888 2.3747
8440 4220.0 2.5860 0.6496 2.5860 0.9744 2.4019
8450 4225.0 2.6137 2.0261 2.6137 1.0145 2.4836
8460 4230.0 2.6649 6.5984 2.6649 0.9831 2.6323
8470 4235.0 2.6258 2.8696 2.6258 1.0443 2.5665
8480 4240.0 2.6856 9.1978 2.6856 0.9639 2.5729
8490 4245.0 2.5771 0.3678 2.5771 1.0448 2.4870
8500 4250.0 2.5848 0.6057 2.5848 0.9674 2.5428
8510 4255.0 2.4989 1.3040 2.4989 1.0028 2.4753
8520 4260.0 2.4681 3.3512 2.4681 0.9918 2.4836
8530 4265.0 2.5146 0.6277 2.5146 0.9295 2.5503
8540 4270.0 2.4534 4.6629 2.4534 1.0317 2.4217
8550 4275.0 2.6285 3.0776 2.6285 0.9505 2.4288
8560 4280.0 2.6554 5.5503 2.6554 1.0437 2.3167
8570 4285.0 2.6039 1.4535 2.6039 0.9764 2.3339
8580 4290.0 2.4843 2.1559 2.4843 1.0049 2.3119
8590 4295.0 2.4860 2.0460 2.4860 0.9618 2.3788
8600 4300.0 2.4956 1.4785 2.4956 0.9551 2.4255
8610 4305.0 2.4737 2.9137 2.4737 1.0085 2.4607
8620 4310.0 2.5524 0.0029 2.5524 0.9679 2.5091
8630 4315.0 2.5759 0.3366 2.5759 0.9979 2.4968
8640 4320.0 2.6108 1.8456 2.6108 0.9993 2.4706
8650 4325.0 2.6159 2.1694 2.6159 1.0000 2.4917
8660 4330.0 2.6074 1.6501 2.6074 0.9954 2.5310
8670 4335.0 2.5988 1.1902 2.5988 0.9923 2.5337
8680 4340.0 2.5977 1.1399 2.5977 0.9920 2.4333
8690 4345.0 2.6087 1.7204 2.6087 0.9830 2.3597
8700 4350.0 2.6050 1.5134 2.6050 1.0071 2.2859
8710 4355.0 2.6295 3.1613 2.6295 0.9835 2.2535
8720 4360.0 2.5964 1.0780 2.5964 0.9923 2.2531
8730 4365.0 2.5643 0.1023 2.5643 0.9839 2.3121
8740 4370.0 2.5625 0.0786 2.5625 0.9693 2.3913
8750 4375.0 2.5420 0.0318 2.5420 0.9925 2.4958
8760 4380.0 2.5213 0.4126 2.5213 0.9832 2.6448
8770 4385.0 2.5432 0.0231 2.5432 0.9628 2.6837
8780 4390.0 2.5332 0.1420 2.5332 1.0152 2.6867
8790 4395.0 2.6333 3.4663 2.6333 0.9540 2.7225
8800 4400.0 2.6093 1.7572 2.6093 1.0393 2.6757
8810 4405.0 2.6995 11.1681 2.6995 0.9787 2.6814
8820 4410.0 2.6757 7.9026 2.6757 1.0319 2.6192
8830 4415.0 2.6816 8.6645 2.6816 0.9994 2.6275
8840 4420.0 2.6269 2.9569 2.6269 1.0185 2.6100
8850 4425.0 2.5952 1.0202 2.5952 0.9877 2.6489
8860 4430.0 2.5464 0.0066 2.5464 0.9834 2.6634
8870 4435.0 2.4979 1.3550 2.4979 1.0019 2.6647
8880 4440.0 2.5182 0.5049 2.5182 0.9608 2.6485
8890 4445.0 2.5115 0.7428 2.5115 1.0057 2.6218
8900 4450.0 2.5718 0.2379 2.5718 0.9719 2.5957
8910 4455.0 2.5776 0.3804 2.5776 1.0022 2.5503
8920 4460.0 2.6011 1.3056 2.6011 0.9971 2.5596
8930 4465.0 2.6067 1.6047 2.6067 0.9871 2.5897
8940 4470.0 2.5792 0.4252 2.5792 1.0019 2.6266
8950 4475.0 2.5953 1.0256 2.5953 0.9791 2.6355
8960 4480.0 2.5545 0.0103 2.5545 1.0157 2.5745
8970 4485.0 2.5984 1.1722 2.5984 0.9712 2.5557
8980 4490.0 2.5783 0.4012 2.5783 1.0320 2.4804
8990 4495.0 2.6352 3.6308 2.6352 0.9694 2.5475
9000 4500.0 2.5541 0.0083 2.5541 1.0064 2.5853
9010 4505.0 2.5185 0.4946 2.5185 0.9701 2.6427
9020 4510.0 2.5044 1.0385 2.5044 0.9841 2.5473
9030 4515.0 2.5711 0.2223 2.5711 0.9902 2.4977
9040 4520.0 2.6027 1.3890 2.6027 0.9944 2.5004
9050 4525.0 2.5373 0.0810 2.5373 0.9915 2.5382
9060 4530.0 2.4943 1.5496 2.4943 0.9610 2.6451
9070 4535.0 2.4577 4.2575 2.4577 0.9962 2.6114
9080 4540.0 2.5219 0.3941 2.5219 0.9601 2.5793
9090 4545.0 2.5318 0.1657 2.5318 0.9976 2.5355
9100 4550.0 2.5867 0.6736 2.5867 0.9854 2.5408
9110 4555.0 2.6078 1.6733 2.6078 1.0010 2.5468
9120 4560.0 2.6001 1.2557 2.6001 1.0248 2.5552
9130 4565.0 2.6362 3.7146 2.6362 0.9845 2.6287
9140 4570.0 2.5909 0.8384 2.5909 1.0163 2.6658
9150 4575.0 2.6021 1.3581 2.6021 0.9852 2.5904
9160 4580.0 2.5718 0.2384 2.5718 1.0133 2.5369
9170 4585.0 2.5812 0.4859 2.5812 0.9782 2.5877
9180 4590.0 2.5351 0.1110 2.5351 0.9937 2.6958
9190 4595.0 2.5311 0.1788 2.5311 0.9677 2.6570
9200 4600.0 2.5024 1.1334 2.5024 0.9842 2.6161
9210 4605.0 2.5165 0.5608 2.5165 0.9695 2.6235
9220 4610.0 2.5368 0.0869 2.5368 0.9858 2.5905
9230 4615.0 2.5945 0.9913 2.5945 0.9961 2.5026
9240 4620.0 2.6473 4.7343 2.6473 0.9988 2.4547
9250 4625.0 2.6541 5.4188 2.6541 1.0325 2.4084
9260 4630.0 2.6449 4.5024 2.6449 0.9973 2.4613
9270 4635.0 2.5639 0.0961 2.5639 1.0216 2.4869
9280 4640.0 2.5657 0.1229 2.5657 0.9506 2.5820
9290 4645.0 2.4467 5.3358 2.4467 0.9964 2.5834
9300 4650.0 2.4570 4.3200 2.4570 0.9435 2.6185
9310 4655.0 2.4555 4.4649 2.4555 0.9638 2.6004
9320 4660.0 2.4755 2.7729 2.4755 0.9945 2.5510
9330 4665.0 2.5728 0.2589 2.5728 0.9511 2.5663
9340 4670.0 2.5371 0.0830 2.5371 1.0287 2.5145
9350 4675.0 2.6186 2.3543 2.6186 0.9731 2.5790
9360 4680.0 2.6089 1.7342 2.6089 1.0326 2.5126
9370 4685.0 2.6573 5.7592 2.6573 0.9866 2.5303
9380 4690.0 2.6021 1.3556 2.6021 1.0170 2.5352
9390 4695.0 2.5929 0.9220 2.5929 0.9974 2.5873
9400 4700.0 2.5724 0.2502 2.5724 0.9868 2.6144
9410 4705.0 2.5444 0.0154 2.5444 0.9823 2.5307
9420 4710.0 2.5281 0.2402 2.5281 0.9736 2.4984
9430 4715.0 2.5088 0.8487 2.5088 0.9900 2.4573
9440 4720.0 2.5465 0.0063 2.5465 0.9952 2.3839
9450 4725.0 2.5971 1.1069 2.5971 0.9911 2.3655
9460 4730.0 2.5691 0.1820 2.5691 1.0055 2.3671
9470 4735.0 2.5740 0.2875 2.5740 0.9806 2.4161
9480 4740.0 2.5600 0.0496 2.5600 1.0286 2.4323
9490 4745.0 2.6466 4.6627 2.6466 0.9737 2.4386
9500 4750.0 2.5807 0.4707 2.5807 1.0453 2.3986
9510 4755.0 2.6188 2.3677 2.6188 0.9650 2.4836
9520 4760.0 2.5250 0.3124 2.5250 1.0507 2.4275
9530 4765.0 2.6206 2.4944 2.6206 0.9473 2.4424
9540 4770.0 2.5485 0.0012 2.5485 1.0366 2.3302
9550 4775.0 2.5941 0.9712 2.5941 0.9773 2.3768
9560 4780.0 2.5773 0.3717 2.5773 1.0173 2.3338
9570 4785.0 2.6433 4.3556 2.6433 1.0108 2.3109
9580 4790.0 2.6492 4.9172 2.6492 1.0037 2.3546
9590 4795.0 2.5594 0.0438 2.5594 1.0220 2.4404
9600 4800.0 2.5699 0.1988 2.5699 0.9674 2.5952
9610 4805.0 2.5076 0.8974 2.5076 1.0187 2.5924
9620 4810.0 2.5598 0.0480 2.5598 0.9545 2.5749
9630 4815.0 2.4972 1.3934 2.4972 0.9975 2.5281
9640 4820.0 2.5000 1.2477 2.5000 0.9849 2.5539
9650 4825.0 2.5098 0.8070 2.5098 0.9760 2.5435
9660 4830.0 2.4998 1.2598 2.4998 0.9917 2.4943
9670 4835.0 2.5497 0.0001 2.5497 0.9694 2.4827
9680 4840.0 2.5473 0.0036 2.5473 1.0108 2.4540
9690 4845.0 2.5979 1.1469 2.5979 0.9743 2.4932
9700 4850.0 2.5572 0.0259 2.5572 1.0035 2.4926
9710 4855.0 2.5856 0.6350 2.5856 0.9761 2.5226
9720 4860.0 2.5951 1.0179 2.5951 0.9955 2.5605
9730 4865.0 2.6050 1.5106 2.6050 1.0052 2.6338
9740 4870.0 2.5939 0.9628 2.5939 0.9744 2.6396
9750 4875.0 2.5461 0.0077 2.5461 1.0172 2.6032
9760 4880.0 2.5956 1.0396 2.5956 0.9655 2.6460
9770 4885.0 2.5822 0.5189 2.5822 1.0106 2.6026
9780 4890.0 2.6188 2.3673 2.6188 0.9929 2.5593
9790 4895.0 2.6049 1.5082 2.6049 1.0265 2.4931
9800 4900.0 2.6370 3.7887 2.6370 0.9798 2.5297
9810 4905.0 2.5697 0.1935 2.5697 1.0143 2.5578
9820 4910.0 2.5660 0.1286 2.5660 0.9875 2.6321
9830 4915.0 2.5540 0.0079 2.5540 0.9969 2.6163
9840 4920.0 2.5566 0.0215 2.5566 0.9983 2.5717
9850 4925.0 2.5768 0.3599 2.5768 0.9745 2.5875
9860 4930.0 2.5377 0.0753 2.5377 1.0152 2.6163
9870 4935.0 2.5621 0.0736 2.5621 0.9672 2.6599
9880 4940.0 2.5140 0.6483 2.5140 0.9992 2.6514
9890 4945.0 2.5372 0.0821 2.5372 0.9790 2.6744
9900 4950.0 2.5634 0.0893 2.5634 0.9774 2.7010
9910 4955.0 2.5268 0.2689 2.5268 1.0131 2.6918
9920 4960.0 2.5486 0.0010 2.5486 0.9613 2.7423
9930 4965.0 2.5158 0.5852 2.5158 1.0033 2.7120
9940 4970.0 2.5488 0.0007 2.5488 0.9655 2.7383
9950 4975.0 2.5401 0.0486 2.5401 0.9872 2.7338
9960 4980.0 2.5423 0.0298 2.5423 1.0040 2.7518
9970 4985.0 2.5825 0.5269 2.5825 0.9566 2.6893
9980 4990.0 2.5465 0.0061 2.5465 1.0181 2.5687
9990 4995.0 2.6000 1.2481 2.6000 0.9731 2.5603
10000 5000.0 2.5527 0.0035 2.5527 1.0313 2.5273
10010 5005.0 2.6042 1.4675 2.6042 0.9780 2.5203
10020 5010.0 2.5736 0.2789 2.5736 1.0282 2.4632
10030 5015.0 2.6152 2.1247 2.6152 0.9774 2.4892
10040 5020.0 2.5270 0.2637 2.5270 1.0053 2.4785
10050 5025.0 2.5010 1.2020 2.5010 0.9846 2.5021
10060 5030.0 2.5202 0.4440 2.5202 0.9661 2.5054
10070 5035.0 2.4870 1.9821 2.4870 0.9981 2.4997
10080 5040.0 2.5364 0.0922 2.5364 0.9437 2.5838
10090 5045.0 2.4865 2.0166 2.4865 1.0167 2.5583
10100 5050.0 2.5474 0.0035 2.5474 0.9852 2.5656
10110 5055.0 2.5835 0.5595 2.5835 0.9912 2.5499
10120 5060.0 2.5908 0.8332 2.5908 1.0100 2.5542
10130 5065.0 2.6038 1.4464 2.6038 0.9806 2.5856
10140 5070.0 2.5369 0.0857 2.5369 1.0194 2.5580
10150 5075.0 2.5745 0.3001 2.5745 0.9594 2.5852
10160 5080.0 2.5343 0.1231 2.5343 0.9936 2.5404
10170 5085.0 2.5225 0.3792 2.5225 0.9875 2.5363
10180 5090.0 2.5546 0.0106 2.5546 0.9625 2.5419
10190 5095.0 2.5488 0.0008 2.5488 1.0198 2.5030
10200 5100.0 2.6300 3.1966 2.6300 0.9606 2.5608
10210 5105.0 2.5835 0.5601 2.5835 1.0502 2.5516
10220 5110.0 2.6651 6.6266 2.6651 0.9601 2.5642
10230 5115.0 2.5519 0.0019 2.5519 1.0460 2.4614
10240 5120.0 2.5960 1.0572 2.5960 0.9683 2.5320
10250 5125.0 2.5628 0.0813 2.5628 1.0210 2.4627
10260 5130.0 2.5770 0.3637 2.5770 0.9928 2.4800
10270 5135.0 2.5749 0.3100 2.5749 0.9759 2.5069
10280 5140.0 2.5189 0.4847 2.5189 1.0206 2.4985
10290 5145.0 2.5597 0.0474 2.5597 0.9485 2.5771
10300 5150.0 2.5207 0.4303 2.5207 1.0148 2.5623
10310 5155.0 2.5907 0.8298 2.5907 0.9645 2.5678
10320 5160.0 2.5487 0.0009 2.5487 1.0246 2.6086
10330 5165.0 2.5685 0.1718 2.5685 0.9686 2.5719
10340 5170.0 2.5384 0.0668 2.5384 0.9768 2.5549
10350 5175.0 2.5134 0.6715 2.5134 1.0067 2.4816
10360 5180.0 2.5607 0.0569 2.5607 0.9507 2.4657
10370 5185.0 2.5047 1.0267 2.5047 1.0234 2.4461
10380 5190.0 2.5890 0.7619 2.5890 0.9597 2.5572
10390 5195.0 2.6016 1.3312 2.6016 1.0065 2.5749
10400 5200.0 2.6327 3.4216 2.6327 1.0077 2.5137
10410 5205.0 2.6386 3.9287 2.6386 0.9850 2.5341
10420 5210.0 2.5471 0.0043 2.5471 1.0176 2.5440
10430 5215.0 2.5797 0.4417 2.5797 0.9298 2.4846
10440 5220.0 2.5294 0.2117 2.5294 1.0293 2.4306
10450 5225.0 2.6011 1.3043 2.6011 0.9601 2.5068
10460 5230.0 2.5595 0.0451 2.5595 1.0031 2.5004
10470 5235.0 2.5678 0.1579 2.5678 0.9942 2.5510
10480 5240.0 2.6104 1.8221 2.6104 0.9620 2.6509
10490 5245.0 2.5684 0.1688 2.5684 1.0384 2.6833
10500 5250.0 2.6322 3.3749 2.6322 0.9539 2.6567
10510 5255.0 2.5354 0.1066 2.5354 1.0255 2.6329
10520 5260.0 2.5500 0.0000 2.5500 0.9552 2.6051
10530 5265.0 2.5217 0.4008 2.5217 0.9826 2.5366
10540 5270.0 2.5310 0.1800 2.5310 1.0034 2.4830
10550 5275.0 2.5485 0.0012 2.5485 0.9593 2.5392
10560 5280.0 2.5000 1.2506 2.5000 1.0121 2.6031
10570 5285.0 2.5683 0.1674 2.5683 0.9727 2.5839
10580 5290.0 2.5931 0.9289 2.5931 1.0011 2.5409
10590 5295.0 2.5772 0.3710 2.5772 1.0001 2.6597
10600 5300.0 2.5695 0.1909 2.5695 0.9724 2.5687
10610 5305.0 2.5337 0.1328 2.5337 1.0011 2.3948
10620 5310.0 2.5684 0.1689 2.5684 0.9897 2.2978
10630 5315.0 2.5999 1.2455 2.5999 1.0004 2.2264
10640 5320.0 2.6174 2.2706 2.6174 1.0022 2.1850
10650 5325.0 2.5914 0.8583 2.5914 1.0016 2.1766
10660 5330.0 2.5543 0.0091 2.5543 0.9818 2.2486
10670 5335.0 2.5367 0.0887 2.5367 0.9817 2.3603
10680 5340.0 2.5303 0.1932 2.5303 0.9936 2.4868
10690 5345.0 2.5490 0.0005 2.5490 0.9714 2.6310
10700 5350.0 2.4792 2.5053 2.4792 0.9992 2.4921
10710 5355.0 2.4954 1.4926 2.4954 0.9470 2.4656
10720 5360.0 2.5036 1.0778 2.5036 0.9918 2.4336
10730 5365.0 2.5797 0.4414 2.5797 1.0000 2.4872
10740 5370.0 2.6550 5.5083 2.6550 0.9838 2.5881
10750 5375.0 2.6378 3.8531 2.6378 1.0521 2.5863
10760 5380.0 2.7034 11.7649 2.7034 0.9861 2.6301
10770 5385.0 2.6341 3.5352 2.6341 1.0495 2.5842
10780 5390.0 2.6582 5.8557 2.6582 0.9687 2.6784
10790 5395.0 2.5590 0.0402 2.5590 1.0421 2.6658
10800 5400.0 2.6175 2.2771 2.6175 0.9510 2.6576
10810 5405.0 2.5446 0.0148 2.5446 1.0378 2.6189
10820 5410.0 2.6174 2.2735 2.6174 0.9578 2.6418
10830 5415.0 2.5503 0.0001 2.5503 1.0355 2.6855
10840 5420.0 2.5445 0.0153 2.5445 0.9753 2.7721
10850 5425.0 2.5122 0.7148 2.5122 0.9629 2.6526
10860 5430.0 2.4598 4.0711 2.4598 1.0162 2.5740
10870 5435.0 2.5356 0.1039 2.5356 0.9358 2.6207
10880 5440.0 2.4804 2.4237 2.4804 1.0251 2.5300
10890 5445.0 2.5867 0.6740 2.5867 0.9693 2.5192
10900 5450.0 2.5918 0.8726 2.5918 1.0239 2.4847
10910 5455.0 2.6007 1.2854 2.6007 0.9916 2.5562
10920 5460.0 2.5934 0.9419 2.5934 0.9961 2.5821
10930 5465.0 2.5889 0.7581 2.5889 1.0231 2.5741
10940 5470.0 2.6297 3.1737 2.6297 0.9634 2.5122
10950 5475.0 2.5037 1.0715 2.5037 1.0633 2.3907
10960 5480.0 2.6095 1.7728 2.6095 0.9330 2.4372
10970 5485.0 2.4793 2.4972 2.4793 1.0656 2.2676
10980 5490.0 2.5653 0.1164 2.5653 0.9318 2.3497
10990 5495.0 2.4870 1.9860 2.4870 1.0251 2.3136
11000 5500.0 2.5406 0.0446 2.5406 1.0012 2.4002
11010 5505.0 2.6124 1.9492 2.6124 0.9812 2.4642
11020 5510.0 2.6042 1.4697 2.6042 1.0635 2.4435
11030 5515.0 2.7107 12.9115 2.7107 0.9673 2.5661
11040 5520.0 2.6114 1.8857 2.6114 1.0843 2.5563
11050 5525.0 2.7253 15.3663 2.7253 0.9525 2.6958
11060 5530.0 2.5787 0.4105 2.5787 1.0953 2.5217
11070 5535.0 2.7031 11.7242 2.7031 0.9422 2.5746
11080 5540.0 2.5311 0.1777 2.5311 1.0787 2.4452
11090 5545.0 2.5922 0.8901 2.5922 0.9365 2.5739
11100 5550.0 2.4746 2.8443 2.4746 1.0049 2.5252
11110 5555.0 2.4675 3.4061 2.4675 1.0046 2.5158
11120 5560.0 2.5901 0.8024 2.5901 0.9414 2.5421
11130 5565.0 2.5577 0.0296 2.5577 1.0569 2.4027
11140 5570.0 2.5877 0.7109 2.5877 0.9241 2.4538
11150 5575.0 2.4517 4.8319 2.4517 1.0644 2.3350
11160 5580.0 2.6121 1.9254 2.6121 0.9247 2.4467
11170 5585.0 2.5160 0.5776 2.5160 1.0714 2.3966
11180 5590.0 2.5621 0.0734 2.5621 0.9406 2.5315
11190 5595.0 2.4855 2.0812 2.4855 1.0237 2.3788
11200 5600.0 2.5446 0.0147 2.5446 1.0091 2.3723
11210 5605.0 2.6010 1.3011 2.6010 0.9764 2.4190
11220 5610.0 2.4966 1.4247 2.4966 1.0575 2.4017
11230 5615.0 2.5807 0.4702 2.5807 0.9295 2.4616
11240 5620.0 2.5081 0.8778 2.5081 1.0765 2.3206
11250 5625.0 2.6456 4.5703 2.6456 0.9290 2.4155
11260 5630.0 2.4949 1.5191 2.4949 1.0668 2.3191
11270 5635.0 2.5767 0.3561 2.5767 0.9371 2.4247
11280 5640.0 2.5380 0.0720 2.5380 1.0343 2.3867
11290 5645.0 2.6178 2.3014 2.6178 0.9754 2.4743
11300 5650.0 2.5469 0.0047 2.5469 1.0091 2.4765
11310 5655.0 2.4983 1.3356 2.4983 1.0051 2.5426
11320 5660.0 2.5440 0.0181 2.5440 0.9547 2.5731
11330 5665.0 2.4953 1.4940 2.4953 1.0319 2.5112
11340 5670.0 2.5971 1.1098 2.5971 0.9261 2.6036
11350 5675.0 2.4954 1.4918 2.4954 1.0497 2.5411
11360 5680.0 2.6042 1.4675 2.6042 0.9832 2.6132
11370 5685.0 2.5783 0.3993 2.5783 1.0099 2.5760
11380 5690.0 2.5288 0.2248 2.5288 1.0390 2.5811
11390 5695.0 2.6238 2.7257 2.6238 0.9281 2.6801
11400 5700.0 2.4899 1.8087 2.4899 1.0899 2.5310
11410 5705.0 2.6446 4.4727 2.6446 0.9167 2.6181
11420 5710.0 2.5025 1.1301 2.5025 1.0623 2.5053
11430 5715.0 2.5838 0.5714 2.5838 0.9578 2.6291
11440 5720.0 2.5505 0.0001 2.5505 1.0076 2.6080
11450 5725.0 2.5360 0.0980 2.5360 1.0165 2.6165
11460 5730.0 2.5528 0.0038 2.5528 0.9470 2.6100
11470 5735.0 2.4647 3.6354 2.4647 1.0289 2.4818
11480 5740.0 2.5237 0.3457 2.5237 0.9313 2.3637
11490 5745.0 2.4524 4.7633 2.4524 0.9959 2.2543
11500 5750.0 2.4860 2.0478 2.4860 0.9930 2.2906
11510 5755.0 2.5762 0.3430 2.5762 0.9692 2.4624
11520 5760.0 2.5490 0.0005 2.5490 1.0462 2.5961
11530 5765.0 2.6475 4.7507 2.6475 0.9721 2.5004
11540 5770.0 2.5928 0.9150 2.5928 1.0484 2.3737
11550 5775.0 2.6316 3.3320 2.6316 0.9711 2.3814
11560 5780.0 2.4949 1.5154 2.4949 1.0147 2.3343
11570 5785.0 2.4913 1.7200 2.4913 0.9384 2.4221
11580 5790.0 2.4613 3.9304 2.4613 0.9853 2.4455
11590 5795.0 2.5032 1.0951 2.5032 0.9968 2.5325
11600 5800.0 2.5722 0.2472 2.5722 0.9513 2.6659
11610 5805.0 2.5176 0.5234 2.5176 1.0280 2.5590
11620 5810.0 2.5779 0.3900 2.5779 0.9522 2.6171
11630 5815.0 2.5255 0.2996 2.5255 1.0075 2.5775
11640 5820.0 2.5334 0.1371 2.5334 0.9949 2.6005
11650 5825.0 2.5422 0.0304 2.5422 0.9707 2.6328
11660 5830.0 2.5076 0.8974 2.5076 1.0092 2.6257
11670 5835.0 2.5609 0.0598 2.5609 0.9679 2.6823
11680 5840.0 2.5397 0.0533 2.5397 1.0203 2.6548
11690 5845.0 2.5561 0.0186 2.5561 0.9727 2.6226
11700 5850.0 2.5034 1.0863 2.5034 0.9980 2.5202
11710 5855.0 2.4935 1.5940 2.4935 0.9682 2.5058
11720 5860.0 2.4941 1.5600 2.4941 0.9732 2.4815
11730 5865.0 2.5408 0.0419 2.5408 1.0075 2.3930
11740 5870.0 2.6689 7.0676 2.6689 1.0018 2.3627
11750 5875.0 2.6591 5.9475 2.6591 1.0209 2.3521
11760 5880.0 2.5375 0.0778 2.5375 0.9923 2.4131
11770 5885.0 2.4660 3.5296 2.4660 0.9752 2.4869
11780 5890.0 2.4842 2.1664 2.4842 0.9561 2.5850
11790 5895.0 2.5115 0.7409 2.5115 0.9955 2.6420
11800 5900.0 2.5906 0.8256 2.5906 0.9656 2.6915
11810 5905.0 2.5887 0.7482 2.5887 1.0089 2.6632
11820 5910.0 2.6073 1.6420 2.6073 0.9928 2.6783
11830 5915.0 2.5907 0.8284 2.5907 1.0004 2.7073
11840 5920.0 2.5747 0.3046 2.5747 1.0047 2.6524
11850 5925.0 2.5759 0.3342 2.5759 0.9773 2.6523
11860 5930.0 2.5362 0.0950 2.5362 1.0126 2.5939
11870 5935.0 2.5850 0.6138 2.5850 0.9614 2.6507
11880 5940.0 2.4974 1.3829 2.4974 1.0055 2.5995
11890 5945.0 2.4937 1.5861 2.4937 0.9581 2.5036
11900 5950.0 2.5094 0.8245 2.5094 0.9830 2.3802
11910 5955.0 2.6010 1.3012 2.6010 1.0159 2.3196
11920 5960.0 2.6168 2.2289 2.6168 0.9792 2.3295
11930 5965.0 2.5089 0.8448 2.5089 1.0121 2.2701
11940 5970.0 2.4991 1.2965 2.4991 0.9460 2.3168
11950 5975.0 2.5252 0.3078 2.5252 1.0359 2.2670
11960 5980.0 2.5937 0.9567 2.5937 0.9531 2.3357
11970 5985.0 2.5014 1.1819 2.5014 1.0291 2.2674
11980 5990.0 2.5334 0.1380 2.5334 0.9448 2.3468
11990 5995.0 2.5382 0.0693 2.5382 1.0138 2.3287
12000 6000.0 2.5907 0.8290 2.5907 0.9839 2.3780
12010 6005.0 2.5614 0.0646 2.5614 0.9952 2.4306
12020 6010.0 2.5118 0.7309 2.5118 0.9902 2.4717
12030 6015.0 2.5293 0.2141 2.5293 0.9528 2.5090
12040 6020.0 2.4759 2.7436 2.4759 1.0271 2.4662
12050 6025.0 2.5967 1.0914 2.5967 0.9470 2.5546
12060 6030.0 2.5647 0.1075 2.5647 1.0190 2.5432
12070 6035.0 2.5856 0.6346 2.5856 0.9821 2.5566
12080 6040.0 2.5664 0.1338 2.5664 0.9886 2.5324
12090 6045.0 2.5414 0.0372 2.5414 1.0098 2.4965
12100 6050.0 2.5760 0.3376 2.5760 0.9557 2.5097
12110 6055.0 2.5181 0.5091 2.5181 1.0205 2.4011
12120 6060.0 2.5685 0.1714 2.5685 0.9526 2.4185
12130 6065.0 2.5188 0.4855 2.5188 1.0208 2.3304
12140 6070.0 2.6188 2.3685 2.6188 0.9648 2.3453
12150 6075.0 2.5933 0.9357 2.5933 1.0455 2.2774
12160 6080.0 2.6191 2.3892 2.6191 0.9656 2.3771
12170 6085.0 2.5434 0.0220 2.5434 1.0087 2.3841
12180 6090.0 2.5371 0.0834 2.5371 0.9975 2.4427
12190 6095.0 2.5770 0.3644 2.5770 0.9617 2.5241
12200 6100.0 2.5523 0.0026 2.5523 1.0315 2.5097
12210 6105.0 2.6591 5.9478 2.6591 0.9507 2.5459
12220 6110.0 2.5905 0.8214 2.5905 1.0485 2.5077
12230 6115.0 2.6476 4.7646 2.6476 0.9515 2.4639
12240 6120.0 2.5715 0.2301 2.5715 1.0273 2.3767
12250 6125.0 2.6050 1.5152 2.6050 0.9775 2.3841
12260 6130.0 2.6032 1.4137 2.6032 0.9869 2.4318
12270 6135.0 2.5803 0.4580 2.5803 1.0202 2.4743
12280 6140.0 2.6312 3.2996 2.6312 0.9518 2.5057
12290 6145.0 2.5485 0.0012 2.5485 1.0345 2.4950
12300 6150.0 2.6224 2.6215 2.6224 0.9598 2.5350
12310 6155.0 2.5738 0.2823 2.5738 1.0243 2.4517
12320 6160.0 2.6126 1.9584 2.6126 0.9722 2.4756
12330 6165.0 2.5784 0.4023 2.5784 1.0121 2.4566
12340 6170.0 2.6276 3.0080 2.6276 0.9820 2.5465
12350 6175.0 2.6220 2.5898 2.6220 1.0069 2.6631
12360 6180.0 2.6200 2.4520 2.6200 1.0079 2.6427
12370 6185.0 2.6009 1.2939 2.6009 0.9828 2.5374
12380 6190.0 2.5546 0.0106 2.5546 0.9926 2.4123
12390 6195.0 2.5526 0.0033 2.5526 0.9740 2.3682
12400 6200.0 2.5446 0.0144 2.5446 0.9923 2.3767
12410 6205.0 2.5792 0.4265 2.5792 0.9935 2.4442
12420 6210.0 2.5903 0.8103 2.5903 1.0012 2.4788
12430 6215.0 2.5741 0.2903 2.5741 0.9958 2.4944
12440 6220.0 2.5770 0.3653 2.5770 0.9907 2.4479
12450 6225.0 2.6000 1.2492 2.6000 0.9828 2.3975
12460 6230.0 2.5933 0.9357 2.5933 1.0133 2.3432
12470 6235.0 2.6157 2.1596 2.6157 0.9749 2.3839
12480 6240.0 2.5401 0.0494 2.5401 1.0148 2.4096
12490 6245.0 2.5583 0.0341 2.5583 0.9630 2.5512
12500 6250.0 2.5273 0.2573 2.5273 0.9878 2.4950
12510 6255.0 2.5465 0.0061 2.5465 0.9969 2.4397
12520 6260.0 2.5983 1.1667 2.5983 0.9905 2.3928
12530 6265.0 2.6059 1.5617 2.6059 1.0052 2.3530
12540 6270.0 2.5831 0.5493 2.5831 0.9884 2.3924
12550 6275.0 2.5296 0.2073 2.5296 1.0085 2.4370
12560 6280.0 2.5982 1.1595 2.5982 0.9684 2.5871
12570 6285.0 2.5845 0.5963 2.5845 1.0104 2.5277
12580 6290.0 2.5544 0.0097 2.5544 0.9791 2.5156
12590 6295.0 2.5002 1.2422 2.5002 0.9927 2.4993
12600 6300.0 2.5127 0.6940 2.5127 0.9859 2.5103
12610 6305.0 2.5622 0.0740 2.5622 0.9669 2.5608
12620 6310.0 2.5375 0.0780 2.5375 1.0105 2.6016
12630 6315.0 2.5653 0.1175 2.5653 0.9744 2.6782
12640 6320.0 2.5440 0.0182 2.5440 1.0176 2.7032
12650 6325.0 2.6237 2.7187 2.6237 0.9670 2.7510
12660 6330.0 2.5610 0.0600 2.5610 1.0234 2.7328
12670 6335.0 2.5663 0.1322 2.5663 0.9666 2.7414
12680 6340.0 2.5094 0.8229 2.5094 1.0056 2.6791
12690 6345.0 2.5307 0.1869 2.5307 0.9628 2.6743
12700 6350.0 2.5215 0.4066 2.5215 0.9682 2.6539
12710 6355.0 2.5054 0.9949 2.5054 0.9973 2.6084
12720 6360.0 2.5600 0.0497 2.5600 0.9637 2.6239
12730 6365.0 2.5301 0.1974 2.5301 1.0117 2.5702
12740 6370.0 2.5888 0.7527 2.5888 0.9631 2.5759
12750 6375.0 2.5811 0.4828 2.5811 1.0103 2.5934
12760 6380.0 2.6225 2.6261 2.6225 0.9973 2.6671
12770 6385.0 2.6197 2.4268 2.6197 0.9922 2.6095
12780 6390.0 2.5635 0.0916 2.5635 1.0050 2.4357
12790 6395.0 2.5516 0.0013 2.5516 0.9752 2.3741
12800 6400.0 2.5199 0.4525 2.5199 1.0047 2.3600
12810 6405.0 2.5798 0.4447 2.5798 0.9997 2.3365
12820 6410.0 2.6433 4.3534 2.6433 1.0195 2.2518
12830 6415.0 2.6475 4.7552 2.6475 1.0055 2.2661
12840 6420.0 2.5521 0.0022 2.5521 0.9954 2.4053
12850 6425.0 2.4961 1.4528 2.4961 0.9903 2.5268
12860 6430.0 2.5035 1.0819 2.5035 0.9609 2.4321
12870 6435.0 2.4800 2.4483 2.4800 0.9982 2.3142
12880 6440.0 2.5351 0.1107 2.5351 0.9605 2.3210
12890 6445.0 2.5366 0.0898 2.5366 1.0007 2.3052
12900 6450.0 2.5947 0.9985 2.5947 0.9848 2.3331
12910 6455.0 2.5826 0.5321 2.5826 1.0181 2.3238
12920 6460.0 2.6143 2.0684 2.6143 0.9932 2.4513
12930 6465.0 2.6241 2.7468 2.6241 1.0170 2.5100
12940 6470.0 2.6469 4.6984 2.6469 1.0044 2.4457
12950 6475.0 2.5876 0.7070 2.5876 0.9957 2.4098
12960 6480.0 2.4821 2.3021 2.4821 0.9799 2.3705
12970 6485.0 2.4471 5.2931 2.4471 0.9383 2.3666
12980 6490.0 2.4094 9.8831 2.4094 0.9966 2.3071
12990 6495.0 2.5312 0.1775 2.5312 0.9651 2.3590
13000 6500.0 2.6433 4.3488 2.6433 1.0200 2.4285
13010 6505.0 2.7026 11.6415 2.7026 0.9805 2.4810
13020 6510.0 2.5580 0.0319 2.5580 1.0123 2.3988
13030 6515.0 2.5127 0.6956 2.5127 0.9541 2.4603
13040 6520.0 2.4633 3.7624 2.4633 0.9772 2.5533
13050 6525.0 2.4805 2.4139 2.4805 0.9856 2.5245
13060 6530.0 2.5499 0.0000 2.5499 0.9509 2.4311
13070 6535.0 2.5418 0.0336 2.5418 1.0155 2.3257
13080 6540.0 2.6119 1.9142 2.6119 0.9741 2.2967
13090 6545.0 2.6092 1.7532 2.6092 0.9951 2.2894
13100 6550.0 2.5937 0.9529 2.5937 1.0142 2.3196
13110 6555.0 2.6343 3.5521 2.6343 0.9671 2.3950
13120 6560.0 2.5769 0.3625 2.5769 1.0344 2.4237
13130 6565.0 2.6231 2.6717 2.6231 0.9449 2.4592
13140 6570.0 2.5389 0.0621 2.5389 1.0186 2.4582
13150 6575.0 2.5822 0.5174 2.5822 0.9653 2.5290
13160 6580.0 2.5730 0.2647 2.5730 0.9944 2.5997
13170 6585.0 2.5647 0.1079 2.5647 1.0088 2.6143
13180 6590.0 2.5801 0.4531 2.5801 0.9672 2.5370
13190 6595.0 2.5111 0.7574 2.5111 1.0147 2.4459
13200 6600.0 2.5546 0.0104 2.5546 0.9334 2.4692
13210 6605.0 2.4765 2.6979 2.4765 1.0072 2.3982
13220 6610.0 2.5135 0.6675 2.5135 0.9647 2.4327
13230 6615.0 2.5190 0.4808 2.5190 0.9670 2.4706
13240 6620.0 2.4970 1.4052 2.4970 1.0126 2.5404
13250 6625.0 2.5769 0.3625 2.5769 0.9523 2.5138
13260 6630.0 2.5413 0.0376 2.5413 1.0244 2.4492
13270 6635.0 2.6009 1.2948 2.6009 0.9675 2.5110
13280 6640.0 2.5732 0.2698 2.5732 1.0115 2.5088
13290 6645.0 2.5720 0.2417 2.5720 0.9891 2.5096
13300 6650.0 2.5583 0.0341 2.5583 0.9741 2.5498
13310 6655.0 2.5060 0.9677 2.5060 1.0021 2.5920
13320 6660.0 2.5308 0.1836 2.5308 0.9526 2.6644
13330 6665.0 2.4825 2.2811 2.4825 1.0048 2.6095
13340 6670.0 2.5408 0.0424 2.5408 0.9648 2.6263
13350 6675.0 2.5517 0.0014 2.5517 0.9919 2.5702
13360 6680.0 2.5716 0.2338 2.5716 0.9926 2.5593
13370 6685.0 2.5708 0.2165 2.5708 0.9786 2.5922
13380 6690.0 2.5214 0.4084 2.5214 1.0093 2.6014
13390 6695.0 2.5513 0.0009 2.5513 0.9494 2.5725
13400 6700.0 2.4864 2.0205 2.4864 1.0091 2.4614
13410 6705.0 2.5470 0.0045 2.5470 0.9564 2.3900
13420 6710.0 2.5429 0.0250 2.5429 0.9851 2.3075
13430 6715.0 2.5222 0.3855 2.5222 0.9998 2.3142
13440 6720.0 2.5677 0.1565 2.5677 0.9479 2.3794
13450 6725.0 2.5074 0.9084 2.5074 1.0198 2.3091
13460 6730.0 2.5960 1.0586 2.5960 0.9401 2.3679
13470 6735.0 2.5247 0.3199 2.5247 1.0240 2.3358
13480 6740.0 2.5693 0.1857 2.5693 0.9677 2.4895
13490 6745.0 2.5834 0.5569 2.5834 0.9898 2.5643
13500 6750.0 2.6160 2.1792 2.6160 1.0141 2.5575
13510 6755.0 2.6308 3.2619 2.6308 0.9775 2.5331
13520 6760.0 2.5568 0.0229 2.5568 0.9908 2.5121
13530 6765.0 2.5419 0.0326 2.5419 0.9649 2.5456
13540 6770.0 2.5043 1.0437 2.5043 0.9902 2.5215
13550 6775.0 2.5413 0.0379 2.5413 0.9724 2.5173
13560 6780.0 2.6080 1.6828 2.6080 0.9920 2.5527
13570 6785.0 2.5808 0.4757 2.5808 0.9785 2.6080
13580 6790.0 2.4991 1.2976 2.4991 0.9806 2.6126
13590 6795.0 2.4806 2.4072 2.4806 0.9544 2.6131
13600 6800.0 2.4860 2.0502 2.4860 0.9811 2.5672
13610 6805.0 2.5459 0.0083 2.5459 0.9692 2.5431
13620 6810.0 2.5811 0.4845 2.5811 0.9890 2.4989
13630 6815.0 2.5706 0.2130 2.5706 0.9919 2.4993
13640 6820.0 2.5524 0.0028 2.5524 0.9642 2.5235
13650 6825.0 2.5176 0.5248 2.5176 0.9813 2.5237
13660 6830.0 2.5330 0.1452 2.5330 0.9788 2.5632
13670 6835.0 2.5656 0.1216 2.5656 0.9862 2.5705
13680 6840.0 2.6237 2.7157 2.6237 0.9842 2.5431
13690 6845.0 2.5778 0.3870 2.5778 0.9939 2.5204
13700 6850.0 2.5077 0.8963 2.5077 0.9688 2.5276
13710 6855.0 2.4739 2.8951 2.4739 0.9578 2.5223
13720 6860.0 2.4702 3.1815 2.4702 0.9752 2.5031
13730 6865.0 2.5093 0.8294 2.5093 0.9594 2.5522
13740 6870.0 2.5182 0.5052 2.5182 0.9917 2.5020
13750 6875.0 2.5783 0.4017 2.5783 0.9790 2.5120
13760 6880.0 2.5789 0.4162 2.5789 1.0122 2.5500
13770 6885.0 2.5644 0.1040 2.5644 0.9687 2.5223
13780 6890.0 2.4892 1.8485 2.4892 0.9839 2.4985
13790 6895.0 2.4820 2.3139 2.4820 0.9853 2.4947
13800 6900.0 2.5438 0.0194 2.5438 0.9590 2.5217
13810 6905.0 2.5368 0.0866 2.5368 1.0053 2.5165
13820 6910.0 2.5873 0.6943 2.5873 0.9621 2.5494
13830 6915.0 2.5438 0.0190 2.5438 1.0268 2.5115
13840 6920.0 2.5691 0.1818 2.5691 0.9682 2.5374
13850 6925.0 2.5117 0.7330 2.5117 1.0042 2.5577
13860 6930.0 2.4899 1.8065 2.4899 0.9594 2.6239
13870 6935.0 2.4353 6.5828 2.4353 0.9837 2.6349
13880 6940.0 2.5121 0.7163 2.5121 0.9638 2.5441
13890 6945.0 2.5885 0.7419 2.5885 1.0079 2.3820
13900 6950.0 2.6495 4.9496 2.6495 0.9900 2.3035
13910 6955.0 2.6260 2.8872 2.6260 1.0269 2.2462
13920 6960.0 2.6105 1.8273 2.6105 0.9844 2.2728
13930 6965.0 2.5497 0.0001 2.5497 0.9910 2.2881
13940 6970.0 2.5223 0.3843 2.5223 0.9953 2.3295
13950 6975.0 2.5488 0.0007 2.5488 0.9656 2.3897
13960 6980.0 2.5411 0.0399 2.5411 1.0121 2.3804
13970 6985.0 2.5948 1.0027 2.5948 0.9760 2.3916
13980 6990.0 2.5657 0.1235 2.5657 1.0209 2.3457
13990 6995.0 2.5868 0.6756 2.5868 0.9723 2.3352
14000 7000.0 2.5308 0.1845 2.5308 1.0141 2.3026
14010 7005.0 2.5557 0.0160 2.5557 0.9653 2.3040
14020 7010.0 2.5226 0.3742 2.5226 0.9900 2.2858
14030 7015.0 2.5229 0.3685 2.5229 0.9837 2.3012
14040 7020.0 2.5332 0.1419 2.5332 0.9690 2.3159
14050 7025.0 2.5087 0.8531 2.5087 1.0029 2.3301
14060 7030.0 2.5533 0.0056 2.5533 0.9568 2.3884
14070 7035.0 2.5027 1.1179 2.5027 1.0055 2.3698
14080 7040.0 2.5450 0.0126 2.5450 0.9490 2.4001
14090 7045.0 2.4917 1.7019 2.4917 1.0080 2.3622
14100 7050.0 2.5264 0.2774 2.5264 0.9761 2.3799
14110 7055.0 2.5728 0.2607 2.5728 0.9841 2.3727
14120 7060.0 2.5582 0.0332 2.5582 1.0285 2.3124
14130 7065.0 2.5816 0.4978 2.5816 0.9484 2.3095
14140 7070.0 2.4884 1.8979 2.4884 1.0272 2.1842
14150 7075.0 2.6044 1.4805 2.6044 0.9461 2.2144
14160 7080.0 2.5726 0.2544 2.5726 1.0569 2.1098
14170 7085.0 2.6478 4.7831 2.6478 0.9692 2.1465
14180 7090.0 2.5751 0.3154 2.5751 1.0339 2.0744
14190 7095.0 2.5771 0.3678 2.5771 0.9814 2.1428
14200 7100.0 2.5604 0.0539 2.5604 0.9983 2.1716
14210 7105.0 2.5681 0.1633 2.5681 1.0052 2.2233
14220 7110.0 2.5764 0.3490 2.5764 0.9550 2.2564
14230 7115.0 2.4722 3.0236 2.4722 1.0305 2.1694
14240 7120.0 2.5801 0.4541 2.5801 0.9304 2.2479
14250 7125.0 2.5385 0.0656 2.5385 1.0279 2.1632
14260 7130.0 2.5534 0.0059 2.5534 0.9770 2.2066
14270 7135.0 2.5260 0.2888 2.5260 0.9856 2.2253
14280 7140.0 2.5506 0.0002 2.5506 1.0118 2.2267
14290 7145.0 2.6611 6.1696 2.6611 0.9899 2.3112
14300 7150.0 2.6487 4.8753 2.6487 1.0368 2.3522
14310 7155.0 2.5974 1.1252 2.5974 0.9592 2.3953
14320 7160.0 2.4341 6.7146 2.4341 1.0141 2.3563
14330 7165.0 2.4609 3.9725 2.4609 0.9394 2.4080
14340 7170.0 2.4429 5.7342 2.4429 0.9612 2.3935
14350 7175.0 2.4157 9.0204 2.4157 1.0095 2.3813
14360 7180.0 2.5322 0.1576 2.5322 0.9353 2.4596
14370 7185.0 2.5184 0.4980 2.5184 1.0345 2.5129
14380 7190.0 2.6077 1.6674 2.6077 0.9749 2.6648
14390 7195.0 2.5780 0.3924 2.5780 1.0007 2.7528
14400 7200.0 2.5682 0.1651 2.5682 1.0017 2.7139
14410 7205.0 2.5872 0.6904 2.5872 0.9713 2.6749
14420 7210.0 2.5236 0.3487 2.5236 1.0196 2.6159
14430 7215.0 2.5707 0.2146 2.5707 0.9412 2.5987
14440 7220.0 2.5145 0.6317 2.5145 1.0220 2.4707
14450 7225.0 2.5969 1.0978 2.5969 0.9419 2.5146
14460 7230.0 2.5453 0.0111 2.5453 1.0107 2.4873
14470 7235.0 2.5478 0.0025 2.5478 0.9802 2.4538
14480 7240.0 2.5508 0.0003 2.5508 0.9511 2.4498
14490 7245.0 2.4929 1.6305 2.4929 1.0211 2.4389
14500 7250.0 2.5661 0.1302 2.5661 0.9431 2.5678
14510 7255.0 2.5246 0.3225 2.5246 1.0176 2.5858
14520 7260.0 2.5498 0.0000 2.5498 0.9767 2.5923
14530 7265.0 2.5496 0.0001 2.5496 0.9708 2.6082
14540 7270.0 2.5154 0.5995 2.5154 1.0164 2.6504
14550 7275.0 2.5788 0.4134 2.5788 0.9477 2.7188
14560 7280.0 2.5309 0.1819 2.5309 1.0218 2.6797
14570 7285.0 2.5896 0.7827 2.5896 0.9650 2.7020
14580 7290.0 2.5672 0.1472 2.5672 1.0109 2.5952
14590 7295.0 2.5799 0.4484 2.5799 0.9897 2.5078
14600 7300.0 2.5751 0.3143 2.5751 0.9834 2.3737
14610 7305.0 2.5841 0.5802 2.5841 1.0296 2.2400
14620 7310.0 2.6529 5.2987 2.6529 0.9798 2.2998
14630 7315.0 2.5574 0.0275 2.5574 1.0438 2.2896
14640 7320.0 2.5940 0.9681 2.5940 0.9485 2.2652
14650 7325.0 2.4971 1.4010 2.4971 1.0415 2.0785
14660 7330.0 2.5780 0.3909 2.5780 0.9330 2.1344
14670 7335.0 2.4871 1.9758 2.4871 1.0322 2.1249
14680 7340.0 2.5705 0.2104 2.5705 0.9788 2.1688
14690 7345.0 2.5555 0.0151 2.5555 1.0117 2.0687
14700 7350.0 2.5717 0.2355 2.5717 0.9917 2.0556
14710 7355.0 2.5622 0.0742 2.5622 0.9746 2.1181
14720 7360.0 2.5000 1.2487 2.5000 1.0310 2.1583
14730 7365.0 2.5781 0.3945 2.5781 0.9503 2.1966
14740 7370.0 2.4667 3.4684 2.4667 1.0313 2.1361
14750 7375.0 2.5270 0.2635 2.5270 0.9376 2.2428
14760 7380.0 2.5233 0.3567 2.5233 1.0196 2.2463
14770 7385.0 2.5774 0.3749 2.5774 1.0118 2.3374
14780 7390.0 2.5528 0.0038 2.5528 0.9851 2.4304
14790 7395.0 2.4953 1.4979 2.4953 1.0285 2.6101
14800 7400.0 2.6036 1.4378 2.6036 0.9464 2.5964
14810 7405.0 2.5122 0.7130 2.5122 1.0673 2.4737
14820 7410.0 2.6312 3.3000 2.6312 0.9340 2.5109
14830 7415.0 2.5215 0.4058 2.5215 1.0366 2.4448
14840 7420.0 2.5795 0.4356 2.5795 0.9671 2.5349
14850 7425.0 2.5433 0.0223 2.5433 1.0091 2.4871
14860 7430.0 2.5189 0.4851 2.5189 0.9935 2.4677
14870 7435.0 2.5373 0.0805 2.5373 0.9476 2.4445
14880 7440.0 2.5089 0.8447 2.5089 1.0247 2.3149
14890 7445.0 2.6159 2.1702 2.6159 0.9478 2.3487
14900 7450.0 2.5585 0.0364 2.5585 1.0255 2.2729
14910 7455.0 2.6206 2.4887 2.6206 0.9633 2.3521
14920 7460.0 2.5580 0.0321 2.5580 1.0222 2.3548
14930 7465.0 2.5666 0.1380 2.5666 0.9709 2.4575
14940 7470.0 2.5543 0.0094 2.5543 1.0017 2.5268
14950 7475.0 2.6057 1.5503 2.6057 1.0126 2.3706
14960 7480.0 2.6095 1.7730 2.6095 1.0037 2.2799
14970 7485.0 2.5061 0.9649 2.5061 0.9964 2.2418
14980 7490.0 2.5214 0.4092 2.5214 0.9381 2.3283
14990 7495.0 2.5107 0.7723 2.5107 1.0394 2.3437
15000 7500.0 2.6267 2.9391 2.6267 0.9344 2.4509
15010 7505.0 2.5243 0.3298 2.5243 1.0352 2.4553
15020 7510.0 2.5599 0.0492 2.5599 0.9406 2.5445
15030 7515.0 2.5145 0.6315 2.5145 1.0339 2.4015
15040 7520.0 2.5788 0.4141 2.5788 0.9664 2.4331
15050 7525.0 2.5530 0.0046 2.5530 1.0007 2.4038
15060 7530.0 2.5384 0.0667 2.5384 0.9946 2.4168
15070 7535.0 2.5690 0.1804 2.5690 0.9737 2.4355
15080 7540.0 2.4951 1.5049 2.4951 1.0342 2.4540
15090 7545.0 2.5806 0.4697 2.5806 0.9224 2.6687
15100 7550.0 2.5009 1.2044 2.5009 1.0474 2.5739
15110 7555.0 2.6378 3.8588 2.6378 0.9462 2.6588
15120 7560.0 2.5927 0.9096 2.5927 1.0537 2.5408
15130 7565.0 2.6377 3.8490 2.6377 0.9754 2.4334
15140 7570.0 2.5462 0.0071 2.5462 1.0043 2.3294
15150 7575.0 2.5280 0.2420 2.5280 0.9950 2.2820
15160 7580.0 2.6021 1.3597 2.6021 0.9804 2.3291
15170 7585.0 2.5749 0.3110 2.5749 1.0246 2.3990
15180 7590.0 2.5472 0.0040 2.5472 0.9456 2.4833
15190 7595.0 2.4880 1.9202 2.4880 0.9909 2.5528
15200 7600.0 2.5451 0.0121 2.5451 0.9837 2.6584
15210 7605.0 2.5827 0.5333 2.5827 1.0057 2.6173
15220 7610.0 2.5285 0.2306 2.5285 0.9940 2.5677
15230 7615.0 2.5452 0.0117 2.5452 0.9487 2.6062
15240 7620.0 2.5524 0.0028 2.5524 1.0327 2.5259
15250 7625.0 2.6795 8.3890 2.6795 0.9826 2.5972
15260 7630.0 2.5558 0.0166 2.5558 1.0362 2.6775
15270 7635.0 2.5892 0.7682 2.5892 0.9614 2.5014
15280 7640.0 2.5423 0.0296 2.5423 1.0008 2.4431
15290 7645.0 2.5238 0.3424 2.5238 0.9833 2.5608
15300 7650.0 2.5088 0.8472 2.5088 0.9759 2.6126
15310 7655.0 2.4841 2.1697 2.4841 0.9859 2.5910
15320 7660.0 2.5791 0.4248 2.5791 0.9516 2.6629
15330 7665.0 2.5858 0.6397 2.5858 1.0419 2.7248
15340 7670.0 2.6829 8.8352 2.6829 0.9800 2.7650
15350 7675.0 2.6266 2.9320 2.6266 1.0347 2.6090
15360 7680.0 2.6540 5.4111 2.6540 0.9606 2.5599
15370 7685.0 2.5510 0.0005 2.5510 1.0270 2.3712
15380 7690.0 2.5128 0.6908 2.5128 0.9674 2.3427
15390 7695.0 2.4357 6.5369 2.4357 0.9422 2.3135
15400 7700.0 2.4000 11.2539 2.4000 0.9895 2.1769
15410 7705.0 2.6264 2.9212 2.6264 0.9812 2.1165
15420 7710.0 2.6745 7.7484 2.6745 1.0555 2.0550
15430 7715.0 2.5721 0.2449 2.5721 0.9526 2.1251
15440 7720.0 2.4734 2.9356 2.4734 1.0015 2.1191
15450 7725.0 2.5479 0.0023 2.5479 0.9937 2.2351
15460 7730.0 2.5166 0.5569 2.5166 1.0172 2.2374
15470 7735.0 2.4730 2.9635 2.4730 0.9847 2.2251
15480 7740.0 2.5622 0.0744 2.5622 0.9758 2.2390
15490 7745.0 2.6379 3.8657 2.6379 1.0512 2.1961
15500 7750.0 2.5666 0.1372 2.5666 1.0020 2.2108
15510 7755.0 2.4173 8.8004 2.4173 0.9968 2.2206
15520 7760.0 2.5033 1.0903 2.5033 0.9345 2.2691
15530 7765.0 2.4976 1.3726 2.4976 1.0415 2.1643
15540 7770.0 2.5608 0.0585 2.5608 0.9396 2.2369
15550 7775.0 2.5128 0.6929 2.5128 1.0292 2.1611
15560 7780.0 2.6642 6.5231 2.6642 0.9392 2.2469
15570 7785.0 2.5770 0.3635 2.5770 1.0765 2.1640
15580 7790.0 2.6117 1.9062 2.6117 0.9449 2.3838
15590 7795.0 2.5149 0.6174 2.5149 1.0252 2.5704
15600 7800.0 2.6191 2.3897 2.6191 0.9719 2.6115
15610 7805.0 2.6063 1.5869 2.6063 1.0089 2.4637
15620 7810.0 2.5979 1.1490 2.5979 1.0125 2.3479
15630 7815.0 2.5734 0.2730 2.5734 0.9702 2.3423
15640 7820.0 2.5037 1.0730 2.5037 1.0167 2.3280
15650 7825.0 2.6233 2.6857 2.6233 0.9375 2.4244
15660 7830.0 2.6060 1.5669 2.6060 1.0672 2.4491
15670 7835.0 2.6664 6.7692 2.6664 0.9486 2.5301
15680 7840.0 2.5371 0.0834 2.5371 1.0289 2.5421
15690 7845.0 2.5647 0.1081 2.5647 0.9558 2.6182
15700 7850.0 2.5016 1.1718 2.5016 0.9956 2.5880
15710 7855.0 2.4865 2.0135 2.4865 0.9962 2.5602
15720 7860.0 2.5245 0.3263 2.5245 0.9400 2.5141
15730 7865.0 2.4756 2.7700 2.4756 1.0031 2.4788
15740 7870.0 2.5752 0.3183 2.5752 0.9546 2.6441
15750 7875.0 2.5568 0.0232 2.5568 1.0486 2.5784
15760 7880.0 2.5934 0.9404 2.5934 0.9593 2.6907
15770 7885.0 2.5415 0.0364 2.5415 0.9918 2.6642
15780 7890.0 2.5578 0.0302 2.5578 0.9883 2.7003
15790 7895.0 2.5952 1.0212 2.5952 0.9720 2.7148
15800 7900.0 2.5602 0.0523 2.5602 1.0250 2.6932
15810 7905.0 2.6284 3.0726 2.6284 0.9556 2.6289
15820 7910.0 2.5773 0.3717 2.5773 1.0287 2.5232
15830 7915.0 2.6374 3.8224 2.6374 0.9758 2.5982
15840 7920.0 2.6062 1.5813 2.6062 1.0162 2.6368
15850 7925.0 2.5996 1.2277 2.5996 1.0119 2.6123
15860 7930.0 2.6120 1.9220 2.6120 0.9845 2.5978
15870 7935.0 2.5685 0.1719 2.5685 1.0316 2.6399
15880 7940.0 2.6146 2.0866 2.6146 0.9571 2.6617
15890 7945.0 2.5266 0.2742 2.5266 1.0236 2.6365
15900 7950.0 2.5483 0.0014 2.5483 0.9554 2.6542
15910 7955.0 2.5080 0.8805 2.5080 0.9918 2.6727
15920 7960.0 2.4973 1.3900 2.4973 0.9943 2.6571
15930 7965.0 2.5156 0.5905 2.5156 0.9489 2.6757
15940 7970.0 2.4660 3.5261 2.4660 1.0047 2.5975
15950 7975.0 2.5293 0.2133 2.5293 0.9455 2.6150
15960 7980.0 2.5321 0.1598 2.5321 1.0029 2.6089
15970 7985.0 2.5939 0.9634 2.5939 0.9847 2.6721
15980 7990.0 2.6290 3.1198 2.6290 0.9983 2.7277
15990 7995.0 2.6437 4.3862 2.6437 1.0041 2.6851
16000 8000.0 2.6458 4.5934 2.6458 0.9868 2.6345
16010 8005.0 2.5830 0.5431 2.5830 1.0150 2.5207
16020 8010.0 2.5992 1.2086 2.5992 0.9506 2.5285
16030 8015.0 2.4816 2.3376 2.4816 1.0257 2.4588
16040 8020.0 2.5264 0.2791 2.5264 0.9360 2.5058
16050 8025.0 2.4632 3.7696 2.4632 0.9706 2.4794
16060 8030.0 2.4554 4.4776 2.4554 1.0059 2.4383
16070 8035.0 2.5858 0.6424 2.5858 0.9397 2.4307
16080 8040.0 2.5728 0.2596 2.5728 1.0407 2.3592
16090 8045.0 2.6743 7.7274 2.6743 0.9677 2.4651
16100 8050.0 2.6011 1.3074 2.6011 1.0291 2.4024
16110 8055.0 2.5657 0.1233 2.5657 0.9778 2.4276
16120 8060.0 2.5035 1.0804 2.5035 0.9834 2.5164
16130 8065.0 2.5065 0.9463 2.5065 0.9826 2.6334
16140 8070.0 2.5760 0.3385 2.5760 0.9746 2.5016
16150 8075.0 2.5855 0.6303 2.5855 0.9984 2.3684
16160 8080.0 2.5976 1.1312 2.5976 0.9780 2.3147
16170 8085.0 2.5699 0.1988 2.5699 0.9939 2.2864
16180 8090.0 2.5706 0.2129 2.5706 0.9927 2.2896
16190 8095.0 2.5779 0.3901 2.5779 0.9746 2.3238
16200 8100.0 2.5260 0.2890 2.5260 0.9971 2.3671
16210 8105.0 2.5074 0.9087 2.5074 0.9478 2.4369
16220 8110.0 2.4390 6.1658 2.4390 0.9784 2.4845
16230 8115.0 2.4726 2.9935 2.4726 0.9930 2.4606
16240 8120.0 2.5585 0.0360 2.5585 0.9561 2.4449
16250 8125.0 2.4928 1.6385 2.4928 1.0284 2.4294
16260 8130.0 2.5415 0.0361 2.5415 0.9310 2.5209
16270 8135.0 2.5182 0.5044 2.5182 1.0273 2.5583
16280 8140.0 2.6103 1.8203 2.6103 0.9643 2.5686
16290 8145.0 2.5432 0.0230 2.5432 1.0115 2.5528
16300 8150.0 2.5196 0.4609 2.5196 1.0001 2.5401
16310 8155.0 2.5454 0.0108 2.5454 0.9582 2.5542
16320 8160.0 2.4776 2.6173 2.4776 1.0297 2.5261
16330 8165.0 2.5350 0.1119 2.5350 0.9258 2.5481
16340 8170.0 2.4471 5.2915 2.4471 1.0055 2.4446
16350 8175.0 2.4741 2.8766 2.4741 0.9709 2.4850
16360 8180.0 2.5043 1.0422 2.5043 0.9433 2.5807
16370 8185.0 2.4612 3.9410 2.4612 1.0222 2.6167
16380 8190.0 2.5302 0.1969 2.5302 0.9340 2.6651
16390 8195.0 2.4991 1.2957 2.4991 1.0070 2.6758
16400 8200.0 2.5716 0.2323 2.5716 0.9882 2.7121
16410 8205.0 2.6184 2.3424 2.6184 0.9872 2.5912
16420 8210.0 2.6157 2.1553 2.6157 1.0176 2.4867
16430 8215.0 2.6388 3.9390 2.6388 0.9790 2.4855
16440 8220.0 2.5850 0.6138 2.5850 1.0318 2.4855
16450 8225.0 2.6215 2.5535 2.6215 0.9439 2.5816
16460 8230.0 2.5318 0.1657 2.5318 1.0287 2.5192
16470 8235.0 2.5055 0.9892 2.5055 0.9508 2.4636
16480 8240.0 2.4450 5.5127 2.4450 0.9834 2.4728
16490 8245.0 2.4895 1.8273 2.4895 0.9978 2.5635
16500 8250.0 2.5731 0.2657 2.5731 0.9647 2.6806
16510 8255.0 2.4875 1.9506 2.4875 1.0219 2.6911
16520 8260.0 2.5369 0.0854 2.5369 0.9358 2.7191
16530 8265.0 2.5044 1.0380 2.5044 0.9964 2.7108
16540 8270.0 2.5473 0.0035 2.5473 0.9890 2.7448
16550 8275.0 2.6038 1.4482 2.6038 0.9670 2.6916
16560 8280.0 2.5995 1.2272 2.5995 1.0387 2.5805
16570 8285.0 2.6665 6.7885 2.6665 0.9646 2.4987
16580 8290.0 2.5440 0.0178 2.5440 1.0382 2.3494
16590 8295.0 2.5860 0.6498 2.5860 0.9292 2.3355
16600 8300.0 2.4920 1.6807 2.4920 1.0310 2.1946
16610 8305.0 2.5961 1.0644 2.5961 0.9773 2.2278
16620 8310.0 2.5904 0.8144 2.5904 1.0004 2.2247
16630 8315.0 2.5823 0.5223 2.5823 1.0125 2.1961
16640 8320.0 2.6275 3.0056 2.6275 0.9743 2.2088
16650 8325.0 2.5894 0.7777 2.5894 1.0361 2.1648
16660 8330.0 2.6461 4.6165 2.6461 0.9833 2.1599
16670 8335.0 2.5897 0.7863 2.5897 1.0276 2.0658
16680 8340.0 2.5853 0.6215 2.5853 0.9694 2.1170
16690 8345.0 2.5044 1.0382 2.5044 1.0055 2.1674
16700 8350.0 2.5322 0.1587 2.5322 0.9718 2.2390
16710 8355.0 2.5504 0.0001 2.5504 0.9868 2.2256
16720 8360.0 2.5686 0.1729 2.5686 0.9910 2.2599
16730 8365.0 2.5871 0.6869 2.5871 0.9715 2.3684
16740 8370.0 2.5542 0.0089 2.5542 1.0173 2.3504
16750 8375.0 2.6174 2.2734 2.6174 0.9727 2.4822
16760 8380.0 2.5906 0.8222 2.5906 1.0060 2.5284
16770 8385.0 2.5660 0.1283 2.5660 0.9621 2.4972
16780 8390.0 2.5261 0.2862 2.5261 1.0161 2.4421
16790 8395.0 2.6396 4.0169 2.6396 0.9797 2.4972
16800 8400.0 2.6300 3.1962 2.6300 1.0320 2.4149
16810 8405.0 2.5844 0.5923 2.5844 0.9767 2.4375
16820 8410.0 2.5235 0.3513 2.5235 0.9868 2.3290
16830 8415.0 2.5482 0.0017 2.5482 1.0114 2.2626
16840 8420.0 2.6248 2.7951 2.6248 0.9827 2.3295
16850 8425.0 2.6283 3.0669 2.6283 1.0224 2.3320
16860 8430.0 2.6543 5.4367 2.6543 0.9839 2.3341
16870 8435.0 2.5715 0.2319 2.5715 1.0186 2.3362
16880 8440.0 2.5714 0.2284 2.5714 0.9608 2.3500
16890 8445.0 2.5351 0.1114 2.5351 1.0187 2.3719
16900 8450.0 2.5763 0.3466 2.5763 0.9545 2.4116
16910 8455.0 2.5194 0.4678 2.5194 1.0046 2.3567
16920 8460.0 2.5505 0.0002 2.5505 0.9728 2.3427
16930 8465.0 2.5801 0.4542 2.5801 0.9959 2.3595
16940 8470.0 2.6013 1.3171 2.6013 1.0111 2.3948
16950 8475.0 2.6220 2.5951 2.6220 0.9776 2.3998
16960 8480.0 2.5665 0.1367 2.5665 1.0180 2.3493
16970 8485.0 2.5890 0.7610 2.5890 0.9600 2.3938
16980 8490.0 2.5283 0.2354 2.5283 1.0076 2.4073
16990 8495.0 2.5474 0.0033 2.5474 0.9621 2.4999
17000 8500.0 2.5431 0.0235 2.5431 1.0065 2.5803
17010 8505.0 2.6064 1.5931 2.6064 0.9753 2.6002
17020 8510.0 2.5616 0.0672 2.5616 1.0122 2.5979
17030 8515.0 2.5433 0.0225 2.5433 0.9773 2.6325
17040 8520.0 2.5247 0.3208 2.5247 0.9798 2.6173
17050 8525.0 2.5658 0.1246 2.5658 0.9942 2.5395
17060 8530.0 2.6150 2.1110 2.6150 0.9736 2.5226
17070 8535.0 2.5952 1.0225 2.5952 1.0066 2.4586
17080 8540.0 2.6125 1.9531 2.6125 0.9706 2.4677
17090 8545.0 2.5738 0.2839 2.5738 1.0204 2.5300
17100 8550.0 2.5760 0.3371 2.5760 0.9481 2.6212
17110 8555.0 2.4815 2.3443 2.4815 1.0252 2.6273
17120 8560.0 2.5508 0.0003 2.5508 0.9602 2.7137
17130 8565.0 2.5550 0.0126 2.5550 0.9877 2.6756
17140 8570.0 2.5624 0.0767 2.5624 0.9974 2.6775
17150 8575.0 2.5875 0.7033 2.5875 0.9745 2.6842
17160 8580.0 2.5558 0.0167 2.5558 1.0228 2.5944
17170 8585.0 2.6108 1.8462 2.6108 0.9584 2.6473
17180 8590.0 2.5539 0.0078 2.5539 1.0123 2.5843
17190 8595.0 2.5579 0.0312 2.5579 0.9611 2.5486
17200 8600.0 2.4992 1.2927 2.4992 1.0028 2.4625
17210 8605.0 2.5295 0.2103 2.5295 0.9644 2.4146
17220 8610.0 2.5187 0.4904 2.5187 0.9945 2.3793
17230 8615.0 2.5424 0.0287 2.5424 0.9869 2.4471
17240 8620.0 2.5794 0.4310 2.5794 0.9778 2.5318
17250 8625.0 2.5776 0.3813 2.5776 1.0069 2.5346
17260 8630.0 2.6039 1.4504 2.6039 0.9801 2.5279
17270 8635.0 2.5765 0.3518 2.5765 1.0132 2.4838
17280 8640.0 2.6145 2.0833 2.6145 0.9703 2.5107
17290 8645.0 2.5928 0.9149 2.5928 1.0000 2.4685
17300 8650.0 2.5881 0.7247 2.5881 0.9998 2.4329
17310 8655.0 2.6027 1.3872 2.6027 0.9666 2.4358
17320 8660.0 2.5242 0.3321 2.5242 1.0191 2.3901
17330 8665.0 2.5561 0.0187 2.5561 0.9434 2.4523
17340 8670.0 2.4927 1.6433 2.4927 1.0084 2.4158
17350 8675.0 2.5401 0.0487 2.5401 0.9631 2.4183
17360 8680.0 2.5409 0.0415 2.5409 0.9835 2.3706
17370 8685.0 2.5395 0.0552 2.5395 1.0102 2.3307
17380 8690.0 2.5922 0.8904 2.5922 0.9611 2.3611
17390 8695.0 2.5339 0.1303 2.5339 1.0387 2.3115
17400 8700.0 2.6228 2.6471 2.6228 0.9458 2.4021
17410 8705.0 2.5516 0.0012 2.5516 1.0363 2.4081
17420 8710.0 2.6204 2.4751 2.6204 0.9627 2.5313
17430 8715.0 2.5785 0.4069 2.5785 1.0122 2.6243
17440 8720.0 2.5635 0.0913 2.5635 0.9957 2.7418
17450 8725.0 2.5630 0.0839 2.5630 0.9625 2.7389
17460 8730.0 2.5093 0.8289 2.5093 1.0118 2.6688
17470 8735.0 2.5719 0.2408 2.5719 0.9492 2.6330
17480 8740.0 2.5401 0.0486 2.5401 1.0165 2.5854
17490 8745.0 2.5964 1.0758 2.5964 0.9702 2.5344
17500 8750.0 2.5751 0.3139 2.5751 1.0174 2.4158
17510 8755.0 2.5995 1.2273 2.5995 0.9681 2.4002
17520 8760.0 2.5117 0.7336 2.5117 0.9997 2.3209
17530 8765.0 2.4935 1.5979 2.4935 0.9871 2.2562
17540 8770.0 2.5944 0.9845 2.5944 0.9709 2.3075
17550 8775.0 2.6294 3.1498 2.6294 1.0409 2.2379
17560 8780.0 2.6945 10.4447 2.6945 0.9710 2.2732
17570 8785.0 2.5696 0.1915 2.5696 1.0515 2.2858
17580 8790.0 2.5869 0.6806 2.5869 0.9323 2.3725
17590 8795.0 2.5038 1.0682 2.5038 1.0251 2.3086
17600 8800.0 2.5467 0.0055 2.5467 0.9782 2.3149
17610 8805.0 2.5383 0.0684 2.5383 0.9832 2.3278
17620 8810.0 2.6006 1.2803 2.6006 1.0245 2.2657
17630 8815.0 2.7050 12.0113 2.7050 0.9553 2.3140
17640 8820.0 2.6225 2.6306 2.6225 1.0588 2.2973
17650 8825.0 2.5986 1.1829 2.5986 0.9373 2.4993
17660 8830.0 2.4604 4.0104 2.4604 1.0243 2.4532
17670 8835.0 2.6031 1.4117 2.6031 0.9482 2.5125
17680 8840.0 2.6164 2.2026 2.6164 1.0147 2.4381
17690 8845.0 2.5876 0.7074 2.5876 0.9978 2.3484
17700 8850.0 2.5448 0.0138 2.5448 0.9766 2.3719
17710 8855.0 2.5156 0.5932 2.5156 0.9925 2.4663
17720 8860.0 2.5456 0.0096 2.5456 0.9645 2.5949
17730 8865.0 2.5359 0.0994 2.5359 1.0077 2.6806
17740 8870.0 2.5889 0.7583 2.5889 0.9705 2.7315
17750 8875.0 2.5778 0.3877 2.5778 0.9979 2.7376
17760 8880.0 2.5675 0.1527 2.5675 0.9733 2.6730
17770 8885.0 2.5164 0.5641 2.5164 0.9675 2.5804
17780 8890.0 2.4826 2.2685 2.4826 0.9810 2.5182
17790 8895.0 2.5352 0.1095 2.5352 0.9628 2.5486
17800 8900.0 2.5747 0.3054 2.5747 0.9871 2.5556
17810 8905.0 2.6239 2.7291 2.6239 0.9957 2.5593
17820 8910.0 2.6277 3.0180 2.6277 0.9955 2.5426
17830 8915.0 2.5922 0.8887 2.5922 0.9935 2.5251
17840 8920.0 2.5640 0.0982 2.5640 0.9703 2.5620
17850 8925.0 2.5171 0.5416 2.5171 0.9913 2.5659
17860 8930.0 2.5306 0.1883 2.5306 0.9647 2.5912
17870 8935.0 2.5300 0.1998 2.5300 0.9912 2.6180
17880 8940.0 2.5465 0.0063 2.5465 0.9676 2.6262
17890 8945.0 2.5024 1.1340 2.5024 0.9958 2.5734
17900 8950.0 2.5422 0.0303 2.5422 0.9487 2.6014
17910 8955.0 2.5304 0.1915 2.5304 1.0137 2.6362
17920 8960.0 2.5869 0.6811 2.5869 0.9635 2.6862
17930 8965.0 2.5542 0.0089 2.5542 1.0228 2.6674
17940 8970.0 2.5754 0.3225 2.5754 0.9690 2.6764
17950 8975.0 2.5130 0.6828 2.5130 0.9931 2.6204
17960 8980.0 2.4846 2.1379 2.4846 0.9814 2.5867
17970 8985.0 2.5352 0.1093 2.5352 0.9594 2.6810
17980 8990.0 2.5557 0.0161 2.5557 1.0350 2.6493
17990 8995.0 2.6075 1.6551 2.6075 0.9578 2.6679
18000 9000.0 2.5601 0.0512 2.5601 1.0184 2.6174
