# step  time_fs  cv_FeH(A)  bias(kJ/mol)  d_min_FeH(A)  d_min_OH(A)  d_min_SH(A)
0 0.0 1.7182 821.4657 1.7182 2.5114 2.4126
10 5.0 2.3789 192.9043 2.3789 1.9362 2.3505
20 10.0 3.2038 20.7619 3.2038 1.5466 2.1747
30 15.0 3.0262 0.3436 3.0262 1.2273 2.6459
40 20.0 2.7440 32.7684 2.7440 1.3018 1.9465
50 25.0 3.2212 24.4630 3.2212 1.6428 1.9660
60 30.0 2.9629 0.6877 2.9629 1.5837 1.7788
70 35.0 2.7349 35.1403 2.7349 1.0066 2.0396
80 40.0 2.7946 21.0925 2.7946 1.3024 1.8209
90 45.0 3.1181 6.9758 3.1181 1.6504 1.7955
100 50.0 3.0485 1.1771 3.0485 1.3983 1.8290
110 55.0 2.8397 12.8465 2.8397 0.8597 2.0857
120 60.0 2.8110 17.8694 2.8110 1.3448 1.8780
130 65.0 3.3450 59.5108 3.3450 0.8998 2.4139
140 70.0 2.9498 1.2582 2.9498 1.2097 2.2598
150 75.0 2.7800 24.2063 2.7800 0.9608 2.1693
160 80.0 3.0710 2.5214 3.0710 1.2048 2.0944
170 85.0 3.1101 6.0653 3.1101 1.1552 2.1180
180 90.0 2.8229 15.6788 2.8229 1.0175 2.1086
190 95.0 2.9523 1.1355 2.9523 1.1308 2.2104
200 100.0 3.2876 41.3544 3.2876 0.9772 2.4942
210 105.0 3.0742 2.7540 3.0742 1.0619 2.3411
220 110.0 2.7324 35.8034 2.7324 0.9899 2.3682
230 115.0 2.9854 0.1063 2.9854 0.9532 2.5389
240 120.0 3.1516 11.4876 3.1516 1.0169 2.5330
250 125.0 2.8372 13.2467 2.8372 0.9724 2.3747
260 130.0 2.7481 31.7306 2.7481 0.9695 2.3710
270 135.0 3.0782 3.0578 3.0782 1.0153 2.5436
280 140.0 3.2312 26.7340 3.2312 0.9577 2.5429
290 145.0 2.8170 16.7423 2.8170 1.0339 2.4093
300 150.0 2.8437 12.2215 2.8437 0.9009 2.4608
310 155.0 3.0427 0.9116 3.0427 1.0705 2.4641
320 160.0 3.2033 20.6753 3.2033 0.9175 2.6827
330 165.0 2.9595 0.8204 2.9595 1.0872 2.4396
340 170.0 2.9239 2.8964 2.9239 0.9088 2.5297
350 175.0 3.0486 1.1822 3.0486 1.0765 2.4735
360 180.0 3.1877 17.6152 3.1877 0.9165 2.6545
370 185.0 2.9976 0.0030 2.9976 1.0654 2.3958
380 190.0 2.8816 7.0075 2.8816 0.9215 2.3877
390 195.0 3.0324 0.5247 3.0324 1.0773 2.3624
400 200.0 3.1842 16.9647 3.1842 0.9218 2.5725
410 205.0 3.0684 2.3415 3.0684 1.0372 2.4026
420 210.0 2.8552 10.4818 2.8552 0.9636 2.3426
430 215.0 2.9880 0.0725 2.9880 0.9965 2.4702
440 220.0 3.1682 14.1389 3.1682 0.9732 2.6244
450 225.0 3.0725 2.6311 3.0725 1.0129 2.5510
460 230.0 2.9725 0.3791 2.9725 0.9470 2.5951
470 235.0 2.9842 0.1244 2.9842 1.0098 2.6672
480 240.0 3.0906 4.1020 3.0906 0.9664 2.7715
490 245.0 3.0810 3.2806 3.0810 1.0344 2.6998
500 250.0 3.0834 3.4808 3.0834 0.9415 2.7429
510 255.0 2.9732 0.3598 2.9732 1.0217 2.6842
520 260.0 3.0070 0.0246 3.0070 0.9557 2.7633
530 265.0 2.9860 0.0981 2.9860 0.9978 2.7022
540 270.0 3.0112 0.0623 3.0112 0.9871 2.7201
550 275.0 3.0628 1.9737 3.0628 0.9804 2.8417
560 280.0 3.0371 0.6886 3.0371 1.0296 2.9226
570 285.0 2.9873 0.0806 2.9873 0.9598 2.8089
580 290.0 2.8966 5.3508 2.8966 0.9992 2.7537
590 295.0 3.0046 0.0104 3.0046 0.9518 2.8637
600 300.0 3.0360 0.6478 3.0360 1.0360 2.8732
610 305.0 3.0744 2.7703 3.0744 0.9434 2.8370
620 310.0 2.9767 0.2717 2.9767 1.0188 2.6656
630 315.0 2.9633 0.6729 2.9633 0.9463 2.6823
640 320.0 2.9659 0.5831 2.9659 1.0154 2.6327
650 325.0 3.0087 0.0381 3.0087 0.9589 2.6345
660 330.0 3.0187 0.1740 3.0187 1.0010 2.5790
670 335.0 3.0433 0.9373 3.0433 0.9716 2.5940
680 340.0 3.0475 1.1301 3.0475 1.0146 2.5793
690 345.0 3.0303 0.4588 3.0303 0.9953 2.5543
700 350.0 3.0140 0.0982 3.0140 0.9728 2.4941
710 355.0 3.0477 1.1361 3.0477 1.0159 2.4370
720 360.0 3.0682 2.3290 3.0682 0.9724 2.4519
730 365.0 2.9520 1.1511 2.9520 1.0189 2.3288
740 370.0 2.9195 3.2365 2.9195 0.9497 2.3052
750 375.0 2.9701 0.4473 2.9701 1.0339 2.2539
760 380.0 3.1019 5.1920 3.1019 0.9440 2.4041
770 385.0 3.0277 0.3825 3.0277 1.0563 2.3340
780 390.0 3.0127 0.0801 3.0127 0.9339 2.3974
790 395.0 2.9244 2.8581 2.9244 1.0415 2.3184
800 400.0 3.0414 0.8560 3.0414 0.9329 2.4610
810 405.0 2.9965 0.0061 2.9965 1.0493 2.4831
820 410.0 3.0965 4.6544 3.0965 0.9614 2.6380
830 415.0 3.0513 1.3179 3.0513 1.0694 2.5880
840 420.0 3.0665 2.2109 3.0665 0.9462 2.6194
850 425.0 2.9275 2.6246 2.9275 1.0222 2.5601
860 430.0 2.9409 1.7455 2.9409 0.9851 2.5427
870 435.0 3.0080 0.0318 3.0080 0.9834 2.4665
880 440.0 3.0513 1.3152 3.0513 1.0355 2.4016
890 445.0 2.9764 0.2793 2.9764 0.9961 2.3861
900 450.0 2.8930 5.7200 2.8930 1.0300 2.3419
910 455.0 3.0476 1.1307 3.0476 0.9705 2.4226
920 460.0 3.1192 7.1094 3.1192 1.0453 2.5738
930 465.0 2.9257 2.7608 2.9257 0.9813 2.7641
940 470.0 2.8598 9.8232 2.8598 1.0093 2.5918
950 475.0 3.0828 3.4318 3.0828 1.0045 2.7202
960 480.0 3.0600 1.7974 3.0600 1.0136 2.6690
970 485.0 2.9575 0.9013 2.9575 0.9634 2.5023
980 490.0 2.9355 2.0781 2.9355 1.0094 2.3930
990 495.0 3.0855 3.6558 3.0855 0.9643 2.4519
1000 500.0 3.0701 2.4552 3.0701 1.0259 2.4016
1010 505.0 3.0219 0.2397 3.0219 0.9675 2.3905
1020 510.0 2.9365 2.0185 2.9365 0.9838 2.3616
1030 515.0 2.9200 3.2010 2.9200 0.9609 2.4146
1040 520.0 2.9321 2.3044 2.9321 0.9664 2.4448
1050 525.0 2.9723 0.3823 2.9723 0.9802 2.4499
1060 530.0 3.0204 0.2076 3.0204 0.9798 2.4754
1070 535.0 3.0178 0.1592 3.0178 0.9983 2.4920
1080 540.0 3.0367 0.6723 3.0367 0.9719 2.5243
1090 545.0 2.9865 0.0915 2.9865 0.9945 2.4871
1100 550.0 2.9878 0.0743 2.9878 0.9685 2.5188
1110 555.0 2.9787 0.2273 2.9787 0.9870 2.5344
1120 560.0 3.0300 0.4503 3.0300 0.9720 2.5831
1130 565.0 3.0524 1.3711 3.0524 1.0062 2.6137
1140 570.0 3.0475 1.1277 3.0475 0.9847 2.6183
1150 575.0 3.0100 0.0499 3.0100 0.9911 2.5791
1160 580.0 3.0094 0.0438 3.0094 0.9724 2.5796
1170 585.0 3.0050 0.0124 3.0050 0.9875 2.5841
1180 590.0 3.0187 0.1745 3.0187 0.9858 2.6275
1190 595.0 3.0180 0.1618 3.0180 0.9950 2.6443
1200 600.0 3.0334 0.5590 3.0334 0.9877 2.6562
1210 605.0 3.0165 0.1354 3.0165 0.9925 2.6399
1220 610.0 3.0178 0.1588 3.0178 0.9785 2.6704
1230 615.0 3.0403 0.8116 3.0403 1.0108 2.6281
1240 620.0 3.1116 6.2265 3.1116 0.9997 2.6145
1250 625.0 3.0448 1.0031 3.0448 1.0095 2.5557
1260 630.0 2.9863 0.0938 2.9863 0.9807 2.5608
1270 635.0 3.0083 0.0346 3.0083 1.0082 2.5802
1280 640.0 3.1052 5.5359 3.1052 1.0188 2.6835
1290 645.0 3.1187 7.0416 3.1187 1.0105 2.7443
1300 650.0 2.9861 0.0972 2.9861 1.0161 2.6089
1310 655.0 2.9571 0.9204 2.9571 0.9898 2.5216
1320 660.0 3.1041 5.4155 3.1041 1.0205 2.5444
1330 665.0 3.1078 5.8135 3.1078 0.9813 2.5637
1340 670.0 2.9288 2.5314 2.9288 1.0241 2.5125
1350 675.0 2.9704 0.4387 2.9704 0.9874 2.6243
1360 680.0 3.0812 3.2950 3.0812 1.0253 2.6329
1370 685.0 3.0471 1.1096 3.0471 1.0036 2.5985
1380 690.0 2.9154 3.5813 2.9154 1.0124 2.6486
1390 695.0 3.0011 0.0006 3.0011 1.0501 2.6293
1400 700.0 3.0967 4.6794 3.0967 0.9912 2.5714
1410 705.0 3.0428 0.9164 3.0428 1.0288 2.4471
1420 710.0 2.8896 6.0941 2.8896 0.9933 2.3973
1430 715.0 2.9831 0.1430 2.9831 1.0201 2.5226
1440 720.0 3.1124 6.3166 3.1124 1.0144 2.6375
1450 725.0 3.0764 2.9169 3.0764 1.0027 2.6673
1460 730.0 2.9414 1.7189 2.9414 1.0409 2.6178
1470 735.0 3.0138 0.0958 3.0138 0.9438 2.6838
1480 740.0 3.0658 2.1623 3.0658 1.0805 2.6417
1490 745.0 3.0615 1.8898 3.0615 0.9786 2.6878
1500 750.0 2.9692 0.4736 2.9692 1.0299 2.7695
1510 755.0 2.9395 1.8297 2.9395 0.9790 2.7373
1520 760.0 3.0002 0.0000 3.0002 1.0234 2.6036
1530 765.0 3.0173 0.1492 3.0173 1.0252 2.5513
1540 770.0 2.9484 1.3321 2.9484 0.9769 2.6071
1550 775.0 2.9232 2.9525 2.9232 1.0167 2.6206
1560 780.0 3.0206 0.2132 3.0206 0.9881 2.5827
1570 785.0 3.0006 0.0002 3.0006 1.0488 2.6352
1580 790.0 2.9299 2.4562 2.9299 0.9532 2.7606
1590 795.0 2.9765 0.2770 2.9765 1.0630 2.6621
1600 800.0 3.0655 2.1462 3.0655 0.9498 2.7282
1610 805.0 3.0023 0.0026 3.0023 1.0546 2.6752
1620 810.0 2.9702 0.4429 2.9702 0.9350 2.7480
1630 815.0 3.0440 0.9667 3.0440 1.0437 2.5879
1640 820.0 3.0770 2.9645 3.0770 0.9429 2.5572
1650 825.0 2.9634 0.6693 2.9634 1.0369 2.6217
1660 830.0 2.9413 1.7254 2.9413 0.9426 2.6891
1670 835.0 3.0486 1.1798 3.0486 1.0588 2.6183
1680 840.0 3.0805 3.2433 3.0805 0.9589 2.6335
1690 845.0 2.9568 0.9331 2.9568 1.0565 2.7242
1700 850.0 2.9899 0.0511 2.9899 0.9432 2.7118
1710 855.0 3.0210 0.2210 3.0210 1.0511 2.6781
1720 860.0 3.0417 0.8714 3.0417 0.9629 2.6841
1730 865.0 2.9842 0.1249 2.9842 1.0226 2.7371
1740 870.0 3.0062 0.0194 3.0062 0.9559 2.8050
1750 875.0 3.0354 0.6272 3.0354 1.0308 2.7502
1760 880.0 3.0628 1.9745 3.0628 0.9627 2.7220
1770 885.0 2.9544 1.0399 2.9544 1.0289 2.6221
1780 890.0 3.0227 0.2570 3.0227 0.9625 2.6923
1790 895.0 3.0685 2.3475 3.0685 1.0430 2.7205
1800 900.0 3.0737 2.7138 3.0737 1.0208 2.7555
1810 905.0 3.0079 0.0309 3.0079 1.0094 2.6912
1820 910.0 2.9828 0.1476 2.9828 0.9817 2.6710
1830 915.0 3.0490 1.2023 3.0490 1.0074 2.7424
1840 920.0 3.1347 9.0717 3.1347 1.0220 2.7245
1850 925.0 3.0347 0.6005 3.0347 0.9976 2.7992
1860 930.0 2.9408 1.7510 2.9408 0.9832 2.7120
1870 935.0 3.0309 0.4784 3.0309 0.9938 2.7562
1880 940.0 3.1033 5.3345 3.1033 1.0229 2.6816
1890 945.0 3.0875 3.8303 3.0875 1.0093 2.6142
1900 950.0 2.9515 1.1757 2.9515 0.9895 2.6025
1910 955.0 2.9648 0.6205 2.9648 0.9882 2.7588
1920 960.0 3.1258 7.9159 3.1258 1.0206 2.7878
1930 965.0 3.0449 1.0062 3.0449 0.9764 2.7924
1940 970.0 2.9020 4.7989 2.9020 1.0366 2.7015
1950 975.0 3.0035 0.0063 3.0035 0.9768 2.7943
1960 980.0 3.0725 2.6250 3.0725 1.0387 2.8357
1970 985.0 2.9812 0.1771 2.9812 0.9784 2.8125
1980 990.0 2.9794 0.2119 2.9794 1.0137 2.8172
1990 995.0 3.0749 2.8054 3.0749 0.9709 2.8728
2000 1000.0 3.0354 0.6255 3.0354 1.0209 2.8083
2010 1005.0 2.9854 0.1059 2.9854 1.0017 2.6902
2020 1010.0 3.0476 1.1318 3.0476 1.0057 2.6668
2030 1015.0 3.0832 3.4631 3.0832 1.0197 2.6845
2040 1020.0 3.0226 0.2563 3.0226 0.9895 2.6624
2050 1025.0 3.0085 0.0357 3.0085 1.0088 2.6316
2060 1030.0 3.0819 3.3529 3.0819 1.0011 2.6669
2070 1035.0 3.0372 0.6932 3.0372 1.0453 2.6796
2080 1040.0 2.9902 0.0484 2.9902 0.9752 2.7877
2090 1045.0 3.0079 0.0311 3.0079 1.0347 2.7966
2100 1050.0 3.1002 5.0187 3.1002 0.9790 2.7401
2110 1055.0 2.9753 0.3053 2.9753 1.0402 2.7932
2120 1060.0 2.9601 0.7978 2.9601 0.9569 2.8283
2130 1065.0 3.0621 1.9264 3.0621 1.0419 2.7215
2140 1070.0 3.0955 4.5649 3.0955 0.9621 2.7548
2150 1075.0 3.0015 0.0011 3.0015 1.0532 2.6746
2160 1080.0 3.0244 0.2970 3.0244 0.9554 2.7033
2170 1085.0 3.0581 1.6868 3.0581 1.0888 2.7408
2180 1090.0 2.9885 0.0663 2.9885 0.9452 2.7590
2190 1095.0 2.9508 1.2094 2.9508 1.0572 2.7462
2200 1100.0 3.0569 1.6191 3.0569 0.9506 2.6595
2210 1105.0 3.0117 0.0688 3.0117 1.0326 2.6569
2220 1110.0 2.9336 2.2050 2.9336 0.9554 2.7105
2230 1115.0 2.9971 0.0042 2.9971 1.0521 2.6686
2240 1120.0 3.0579 1.6787 3.0579 0.9753 2.7083
2250 1125.0 3.0006 0.0002 3.0006 1.0349 2.6210
2260 1130.0 3.0068 0.0232 3.0068 0.9920 2.6551
2270 1135.0 3.0346 0.5994 3.0346 1.0019 2.7100
2280 1140.0 2.9665 0.5597 2.9665 0.9939 2.6504
2290 1145.0 2.9745 0.3251 2.9745 0.9923 2.6067
2300 1150.0 3.0668 2.2321 3.0668 0.9922 2.6784
2310 1155.0 3.0164 0.1337 3.0164 0.9711 2.6743
2320 1160.0 2.9606 0.7764 2.9606 0.9844 2.5832
2330 1165.0 3.0240 0.2876 3.0240 0.9865 2.5019
2340 1170.0 3.0906 4.1051 3.0906 1.0110 2.4780
2350 1175.0 3.0166 0.1372 3.0166 0.9804 2.4502
2360 1180.0 2.9600 0.7991 2.9600 1.0160 2.4462
2370 1185.0 3.0369 0.6821 3.0369 0.9792 2.4654
2380 1190.0 3.0436 0.9518 3.0436 0.9985 2.4168
2390 1195.0 2.9334 2.2180 2.9334 0.9759 2.3916
2400 1200.0 2.9419 1.6857 2.9419 0.9927 2.5095
2410 1205.0 3.0905 4.0929 3.0905 0.9799 2.6282
2420 1210.0 3.0202 0.2045 3.0202 0.9790 2.6142
2430 1215.0 2.9093 4.1128 2.9093 0.9885 2.6555
2440 1220.0 2.9802 0.1961 2.9802 0.9618 2.5575
2450 1225.0 3.0937 4.3936 3.0937 1.0013 2.4477
2460 1230.0 2.9838 0.1308 2.9838 0.9752 2.5934
2470 1235.0 2.9144 3.6664 2.9144 0.9723 2.5492
2480 1240.0 3.0198 0.1962 3.0198 1.0001 2.5328
2490 1245.0 3.0475 1.1284 3.0475 0.9640 2.5132
2500 1250.0 2.9568 0.9350 2.9568 1.0121 2.4191
2510 1255.0 2.9519 1.1577 2.9519 0.9656 2.3990
2520 1260.0 3.0406 0.8238 3.0406 1.0195 2.4596
2530 1265.0 3.0733 2.6877 3.0733 0.9498 2.5363
2540 1270.0 2.9946 0.0144 2.9946 1.0390 2.4223
2550 1275.0 3.0056 0.0158 3.0056 0.9634 2.3663
2560 1280.0 3.0168 0.1416 3.0168 1.0305 2.3138
2570 1285.0 3.0601 1.8038 3.0601 0.9607 2.3994
2580 1290.0 3.0347 0.6025 3.0347 1.0414 2.3747
2590 1295.0 3.0280 0.3923 3.0280 0.9558 2.4584
2600 1300.0 3.0071 0.0251 3.0071 1.0150 2.4357
2610 1305.0 2.9890 0.0606 2.9890 0.9776 2.4718
2620 1310.0 3.0064 0.0202 3.0064 0.9708 2.5303
2630 1315.0 3.0541 1.4627 3.0541 1.0162 2.5717
2640 1320.0 3.0515 1.3279 3.0515 0.9439 2.5780
2650 1325.0 2.9469 1.4097 2.9469 1.0168 2.4600
2660 1330.0 2.9739 0.3417 2.9739 0.9348 2.4601
2670 1335.0 2.9854 0.1059 2.9854 1.0352 2.4073
2680 1340.0 3.0436 0.9519 3.0436 0.9356 2.5245
2690 1345.0 2.9970 0.0046 2.9970 1.0202 2.4602
2700 1350.0 3.0439 0.9641 3.0439 0.9521 2.5255
2710 1355.0 3.0398 0.7918 3.0398 1.0295 2.5293
2720 1360.0 3.0454 1.0323 3.0454 0.9714 2.6961
2730 1365.0 3.0329 0.5416 3.0329 1.0019 2.6764
2740 1370.0 3.0133 0.0888 3.0133 0.9964 2.6786
2750 1375.0 3.0507 1.2848 3.0507 0.9461 2.6417
2760 1380.0 3.0408 0.8305 3.0408 1.0520 2.6103
2770 1385.0 3.0589 1.7334 3.0589 0.9306 2.6118
2780 1390.0 2.9712 0.4157 2.9712 1.0491 2.7022
2790 1395.0 3.0391 0.7643 3.0391 0.9337 2.7206
2800 1400.0 3.0705 2.4872 3.0705 1.0616 2.7307
2810 1405.0 3.0471 1.1076 3.0471 0.9499 2.7874
2820 1410.0 2.9578 0.8921 2.9578 1.0383 2.6851
2830 1415.0 3.0595 1.7731 3.0595 0.9661 2.7448
2840 1420.0 3.0883 3.8983 3.0883 1.0576 2.6864
2850 1425.0 3.0205 0.2094 3.0205 1.0419 2.6026
2860 1430.0 2.9879 0.0736 2.9879 0.9762 2.6078
2870 1435.0 3.0549 1.5096 3.0549 1.0973 2.6389
2880 1440.0 3.1310 8.5819 3.1310 0.9634 2.7562
2890 1445.0 3.0308 0.4738 3.0308 1.0380 2.6711
2900 1450.0 2.9939 0.0185 2.9939 0.9864 2.6842
2910 1455.0 3.0319 0.5104 3.0319 1.0140 2.7451
2920 1460.0 3.0831 3.4520 3.0831 1.0165 2.8105
2930 1465.0 3.0452 1.0230 3.0452 0.9883 2.7550
2940 1470.0 2.9915 0.0362 2.9915 1.0268 2.6244
2950 1475.0 3.0795 3.1615 3.0795 0.9743 2.6288
2960 1480.0 3.0939 4.4072 3.0939 1.0284 2.5987
2970 1485.0 2.9911 0.0400 2.9911 0.9881 2.5489
2980 1490.0 2.9133 3.7550 2.9133 0.9976 2.4850
2990 1495.0 3.0222 0.2459 3.0222 0.9871 2.5397
3000 1500.0 3.1166 6.7990 3.1166 1.0269 2.5969
3010 1505.0 3.0356 0.6327 3.0356 0.9924 2.5728
3020 1510.0 2.9706 0.4326 2.9706 0.9971 2.6129
3030 1515.0 3.0467 1.0907 3.0467 1.0058 2.7292
3040 1520.0 3.0557 1.5510 3.0557 0.9897 2.6767
3050 1525.0 2.9697 0.4604 2.9697 1.0045 2.5088
3060 1530.0 2.9793 0.2147 2.9793 0.9858 2.4392
3070 1535.0 3.0720 2.5939 3.0720 1.0084 2.4821
3080 1540.0 3.0396 0.7830 3.0396 1.0010 2.4825
3090 1545.0 2.9962 0.0073 2.9962 0.9947 2.4104
3100 1550.0 3.0444 0.9876 3.0444 0.9997 2.4100
3110 1555.0 3.1133 6.4209 3.1133 1.0220 2.5083
3120 1560.0 3.0207 0.2138 3.0207 0.9841 2.5380
3130 1565.0 2.9832 0.1419 2.9832 0.9936 2.4923
3140 1570.0 3.0855 3.6588 3.0855 1.0194 2.4641
3150 1575.0 3.1124 6.3155 3.1124 1.0236 2.4375
3160 1580.0 2.9828 0.1487 2.9828 1.0028 2.3755
3170 1585.0 2.9949 0.0133 2.9949 1.0129 2.3801
3180 1590.0 3.1014 5.1451 3.1014 1.0230 2.4543
3190 1595.0 3.0552 1.5214 3.0552 1.0254 2.4634
3200 1600.0 2.9320 2.3120 2.9320 0.9883 2.4178
3210 1605.0 3.0119 0.0704 3.0119 1.0209 2.4724
3220 1610.0 3.1305 8.5115 3.1305 0.9974 2.5613
3230 1615.0 3.0087 0.0375 3.0087 1.0154 2.4886
3240 1620.0 2.9480 1.3498 2.9480 0.9734 2.4702
3250 1625.0 3.0438 0.9570 3.0438 0.9980 2.4864
3260 1630.0 3.0898 4.0363 3.0898 1.0062 2.5156
3270 1635.0 2.9621 0.7193 2.9621 0.9849 2.4649
3280 1640.0 2.9133 3.7618 2.9133 0.9848 2.3926
3290 1645.0 3.0451 1.0148 3.0451 0.9878 2.4140
3300 1650.0 3.1128 6.3666 3.1128 0.9997 2.4248
3310 1655.0 2.9851 0.1115 2.9851 0.9896 2.3800
3320 1660.0 2.9397 1.8198 2.9397 0.9735 2.3545
3330 1665.0 3.0256 0.3268 3.0256 0.9877 2.3460
3340 1670.0 3.1081 5.8392 3.1081 1.0014 2.3769
3350 1675.0 3.0802 3.2178 3.0802 0.9960 2.3982
3360 1680.0 3.0025 0.0032 3.0025 0.9923 2.4025
3370 1685.0 3.0043 0.0092 3.0043 0.9753 2.4000
3380 1690.0 3.0679 2.3079 3.0679 1.0024 2.4080
3390 1695.0 3.0859 3.6935 3.0859 0.9979 2.4853
3400 1700.0 3.0256 0.3269 3.0256 1.0032 2.5535
3410 1705.0 3.0720 2.5952 3.0720 0.9621 2.6169
3420 1710.0 3.0735 2.7024 3.0735 1.0483 2.5766
3430 1715.0 3.0806 3.2472 3.0806 0.9442 2.6006
3440 1720.0 2.9754 0.3034 2.9754 1.0355 2.5208
3450 1725.0 3.0250 0.3137 3.0250 0.9283 2.5859
3460 1730.0 2.9763 0.2815 2.9763 1.0384 2.5138
3470 1735.0 3.0642 2.0612 3.0642 0.9621 2.5910
3480 1740.0 3.0497 1.2372 3.0497 1.0341 2.6075
3490 1745.0 3.0320 0.5116 3.0320 0.9864 2.6288
3500 1750.0 3.0078 0.0301 3.0078 1.0049 2.5653
3510 1755.0 2.9952 0.0117 2.9952 1.0063 2.5163
3520 1760.0 3.0028 0.0039 3.0028 0.9643 2.5487
3530 1765.0 2.9921 0.0308 2.9921 1.0525 2.5145
3540 1770.0 3.0474 1.1210 3.0474 0.9363 2.5567
3550 1775.0 3.0423 0.8932 3.0423 1.0562 2.4750
3560 1780.0 3.0255 0.3244 3.0255 0.9231 2.5648
3570 1785.0 2.9745 0.3251 2.9745 1.0613 2.4966
3580 1790.0 2.9902 0.0478 2.9902 0.9207 2.6026
3590 1795.0 2.9909 0.0418 2.9909 1.0508 2.5384
3600 1800.0 3.1368 9.3509 3.1368 0.9282 2.7312
3610 1805.0 3.1198 7.1759 3.1198 1.0516 2.6962
3620 1810.0 2.9805 0.1895 2.9805 0.9446 2.7213
3630 1815.0 2.8788 7.3440 2.8788 0.9918 2.6859
3640 1820.0 3.0043 0.0092 3.0043 0.9810 2.7992
3650 1825.0 3.1066 5.6819 3.1066 0.9805 2.7588
3660 1830.0 2.9742 0.3328 2.9742 0.9974 2.8720
3670 1835.0 2.9315 2.3461 2.9315 0.9457 2.8093
3680 1840.0 2.9647 0.6232 2.9647 1.0227 2.8634
3690 1845.0 3.0831 3.4544 3.0831 0.9402 2.7557
3700 1850.0 2.9529 1.1112 2.9529 1.0457 2.8407
3710 1855.0 2.9524 1.1349 2.9524 0.9052 2.7152
3720 1860.0 2.8684 8.6618 2.8684 1.0244 2.6613
3730 1865.0 3.0010 0.0005 3.0010 0.9707 2.7291
3740 1870.0 3.0713 2.5445 3.0713 1.0027 2.7791
3750 1875.0 3.0450 1.0106 3.0450 1.0134 2.7004
3760 1880.0 3.0076 0.0290 3.0076 0.9625 2.5611
3770 1885.0 2.9145 3.6543 2.9145 1.0243 2.4433
3780 1890.0 3.0219 0.2406 3.0219 0.9386 2.4899
3790 1895.0 3.0559 1.5627 3.0559 1.0411 2.5905
3800 1900.0 3.1024 5.2411 3.1024 0.9580 2.5743
3810 1905.0 2.9867 0.0881 2.9867 1.0159 2.4876
3820 1910.0 2.9713 0.4118 2.9713 0.9593 2.4600
3830 1915.0 2.9638 0.6556 2.9638 1.0038 2.5434
3840 1920.0 2.9953 0.0109 2.9953 0.9842 2.6172
3850 1925.0 3.0263 0.3461 3.0263 0.9728 2.6635
3860 1930.0 3.0364 0.6615 3.0364 1.0045 2.7428
3870 1935.0 3.0464 1.0775 3.0464 0.9819 2.7628
3880 1940.0 2.9996 0.0001 2.9996 0.9939 2.7393
3890 1945.0 2.9536 1.0750 2.9536 0.9606 2.6539
3900 1950.0 2.9466 1.4238 2.9466 0.9832 2.6785
3910 1955.0 3.0337 0.5673 3.0337 0.9819 2.7003
3920 1960.0 3.0062 0.0190 3.0062 0.9916 2.6375
3930 1965.0 2.9492 1.2894 2.9492 0.9650 2.6016
3940 1970.0 2.9497 1.2642 2.9497 0.9771 2.5957
3950 1975.0 2.9980 0.0019 2.9980 0.9707 2.6431
3960 1980.0 2.9766 0.2740 2.9766 0.9915 2.6425
3970 1985.0 2.9311 2.3713 2.9311 0.9569 2.6787
3980 1990.0 2.9554 0.9935 2.9554 0.9899 2.6448
3990 1995.0 3.0342 0.5835 3.0342 0.9792 2.5901
4000 2000.0 2.9797 0.2057 2.9797 0.9832 2.6949
4010 2005.0 2.8900 6.0548 2.8900 0.9687 2.5498
4020 2010.0 2.9584 0.8673 2.9584 0.9726 2.6089
4030 2015.0 3.0645 2.0789 3.0645 1.0033 2.7418
4040 2020.0 3.0636 2.0237 3.0636 0.9777 2.7238
4050 2025.0 2.9814 0.1730 2.9814 0.9921 2.6324
4060 2030.0 2.9753 0.3041 2.9753 0.9749 2.5906
4070 2035.0 3.0026 0.0034 3.0026 0.9780 2.6159
4080 2040.0 3.0209 0.2188 3.0209 0.9913 2.6328
4090 2045.0 3.0147 0.1079 3.0147 0.9824 2.5961
4100 2050.0 2.9442 1.5562 2.9442 0.9920 2.4624
4110 2055.0 2.9527 1.1173 2.9527 0.9407 2.3684
4120 2060.0 2.8992 5.0770 2.8992 0.9986 2.2979
4130 2065.0 2.9561 0.9652 2.9561 0.9580 2.3484
4140 2070.0 2.9574 0.9060 2.9574 0.9930 2.3911
4150 2075.0 3.0130 0.0843 3.0130 0.9737 2.4789
4160 2080.0 3.0612 1.8754 3.0612 0.9971 2.6027
4170 2085.0 3.0920 4.2343 3.0920 1.0035 2.6910
4180 2090.0 3.0636 2.0254 3.0636 0.9706 2.6663
4190 2095.0 2.9596 0.8151 2.9596 0.9994 2.5877
4200 2100.0 2.9512 1.1923 2.9512 0.9337 2.5765
4210 2105.0 2.9385 1.8932 2.9385 1.0109 2.7015
4220 2110.0 3.0247 0.3056 3.0247 0.9552 2.7652
4230 2115.0 3.0537 1.4435 3.0537 1.0186 2.6768
4240 2120.0 3.0135 0.0908 3.0135 0.9588 2.7314
4250 2125.0 2.9559 0.9724 2.9559 0.9830 2.7579
4260 2130.0 2.9561 0.9618 2.9561 0.9887 2.7064
4270 2135.0 3.0121 0.0728 3.0121 0.9611 2.6410
4280 2140.0 3.0433 0.9386 3.0433 1.0194 2.6007
4290 2145.0 3.0407 0.8287 3.0407 0.9362 2.6512
4300 2150.0 2.9250 2.8135 2.9250 1.0388 2.7460
4310 2155.0 2.9972 0.0040 2.9972 0.9296 2.7508
4320 2160.0 2.9717 0.3997 2.9717 1.0373 2.6847
4330 2165.0 3.0471 1.1110 3.0471 0.9405 2.7392
4340 2170.0 3.0269 0.3607 3.0269 1.0194 2.6990
4350 2175.0 2.9861 0.0967 2.9861 0.9738 2.7083
4360 2180.0 2.9126 3.8232 2.9126 0.9651 2.6844
4370 2185.0 2.9140 3.6959 2.9140 1.0130 2.6638
4380 2190.0 3.0943 4.4482 3.0943 0.9325 2.8037
4390 2195.0 3.0709 2.5156 3.0709 1.0546 2.7996
4400 2200.0 3.0071 0.0253 3.0071 0.9358 2.7740
4410 2205.0 2.8787 7.3627 2.8787 0.9985 2.6055
4420 2210.0 2.9775 0.2528 2.9775 0.9694 2.6783
4430 2215.0 3.0952 4.5278 3.0952 0.9980 2.8129
4440 2220.0 3.1068 5.7053 3.1068 1.0028 2.8082
4450 2225.0 3.0008 0.0004 3.0008 0.9752 2.6337
4460 2230.0 2.8827 6.8745 2.8827 0.9831 2.4633
4470 2235.0 2.9067 4.3483 2.9067 0.9393 2.4658
4480 2240.0 2.9616 0.7376 2.9616 0.9995 2.6209
4490 2245.0 3.1093 5.9719 3.1093 0.9977 2.8124
4500 2250.0 3.0714 2.5487 3.0714 0.9977 2.7881
4510 2255.0 2.9559 0.9715 2.9559 0.9684 2.6577
4520 2260.0 2.9160 3.5278 2.9160 0.9719 2.6383
4530 2265.0 2.9877 0.0756 2.9877 0.9894 2.7669
4540 2270.0 3.0390 0.7608 3.0390 0.9872 2.8715
4550 2275.0 3.0213 0.2268 3.0213 0.9827 2.8734
4560 2280.0 3.0140 0.0977 3.0140 0.9734 2.8639
4570 2285.0 3.0090 0.0402 3.0090 1.0104 2.8974
4580 2290.0 2.9854 0.1063 2.9854 0.9685 2.8188
4590 2295.0 2.9363 2.0283 2.9363 0.9876 2.7206
4600 2300.0 3.0177 0.1572 3.0177 0.9668 2.7900
4610 2305.0 3.0362 0.6558 3.0362 1.0199 2.8663
4620 2310.0 2.9959 0.0084 2.9959 0.9499 2.8581
4630 2315.0 2.9169 3.4507 2.9169 1.0215 2.9083
4640 2320.0 2.9587 0.8513 2.9587 0.9362 2.8781
4650 2325.0 2.9260 2.7359 2.9260 1.0083 2.8313
4660 2330.0 3.0080 0.0324 3.0080 0.9823 2.7260
4670 2335.0 3.0893 3.9844 3.0893 1.0184 2.6864
4680 2340.0 3.0881 3.8780 3.0881 0.9700 2.7951
4690 2345.0 2.9397 1.8198 2.9397 1.0090 2.7346
4700 2350.0 2.9021 4.7969 2.9021 0.9728 2.5768
4710 2355.0 2.9195 3.2367 2.9195 0.9472 2.4793
4720 2360.0 2.9023 4.7694 2.9023 1.0258 2.4836
4730 2365.0 3.0851 3.6229 3.0851 0.9441 2.6540
4740 2370.0 3.0859 3.6919 3.0859 1.0497 2.7251
4750 2375.0 3.0054 0.0146 3.0054 0.9432 2.5454
4760 2380.0 2.8703 8.4091 2.8703 0.9816 2.3672
4770 2385.0 2.8480 11.5570 2.8480 0.9919 2.3565
4780 2390.0 2.9959 0.0084 2.9959 0.9299 2.5580
4790 2395.0 3.0841 3.5384 3.0841 1.0493 2.7775
4800 2400.0 3.0889 3.9483 3.0889 0.9381 2.7159
4810 2405.0 2.9217 3.0653 2.9217 1.0275 2.5204
4820 2410.0 2.9882 0.0700 2.9882 0.9741 2.4302
4830 2415.0 2.9803 0.1935 2.9803 0.9972 2.3448
4840 2420.0 2.8940 5.6210 2.8940 1.0142 2.2175
4850 2425.0 2.9737 0.3457 2.9737 0.9393 2.2673
4860 2430.0 2.9677 0.5202 2.9677 1.0498 2.3160
4870 2435.0 3.0996 4.9573 3.0996 0.9552 2.4604
4880 2440.0 3.0184 0.1696 3.0184 1.0492 2.4836
4890 2445.0 3.0890 3.9630 3.0890 0.9668 2.5768
4900 2450.0 3.0338 0.5716 3.0338 1.0164 2.5852
4910 2455.0 2.9935 0.0213 2.9935 0.9743 2.5449
4920 2460.0 2.9533 1.0921 2.9533 0.9596 2.5305
4930 2465.0 2.9175 3.3991 2.9175 1.0264 2.6001
4940 2470.0 3.0094 0.0441 3.0094 0.9238 2.6921
4950 2475.0 2.9975 0.0032 2.9975 1.0497 2.7707
4960 2480.0 3.0685 2.3486 3.0685 0.9298 2.8236
4970 2485.0 2.9434 1.6029 2.9434 1.0350 2.7209
4980 2490.0 2.9419 1.6904 2.9419 0.9413 2.7452
4990 2495.0 2.9307 2.4020 2.9307 0.9971 2.6648
5000 2500.0 3.0202 0.2033 3.0202 0.9842 2.6926
5010 2505.0 3.0322 0.5195 3.0322 0.9494 2.7106
5020 2510.0 2.8951 5.5054 2.8951 1.0262 2.6128
5030 2515.0 2.9382 1.9108 2.9382 0.9188 2.7149
5040 2520.0 2.8967 5.3353 2.8967 1.0210 2.6266
5050 2525.0 2.9841 0.1272 2.9841 0.9322 2.7474
5060 2530.0 2.9603 0.7867 2.9603 1.0100 2.7132
5070 2535.0 3.0072 0.0256 3.0072 0.9682 2.7236
5080 2540.0 2.9692 0.4731 2.9692 0.9808 2.6825
5090 2545.0 2.8737 7.9719 2.8737 1.0079 2.6475
5100 2550.0 2.9499 1.2540 2.9499 0.9028 2.7612
5110 2555.0 2.9150 3.6114 2.9150 1.0595 2.6466
5120 2560.0 3.0788 3.1086 3.0788 0.9142 2.7849
5130 2565.0 3.0262 0.3432 3.0262 1.0559 2.6631
5140 2570.0 2.9909 0.0413 2.9909 0.9200 2.7755
5150 2575.0 2.8569 10.2363 2.8569 1.0325 2.6841
5160 2580.0 2.9331 2.2400 2.9331 0.9622 2.7421
5170 2585.0 3.0047 0.0113 3.0047 0.9908 2.7437
5180 2590.0 3.0612 1.8755 3.0612 1.0157 2.7685
5190 2595.0 2.9948 0.0134 2.9948 0.9647 2.7858
5200 2600.0 2.8636 9.2979 2.8636 1.0136 2.7230
5210 2605.0 2.9479 1.3557 2.9479 0.9223 2.7645
5220 2610.0 3.0230 0.2649 3.0230 1.0479 2.7942
5230 2615.0 3.1148 6.5877 3.1148 0.9324 2.8988
5240 2620.0 2.9825 0.1538 2.9825 1.0360 2.7884
5250 2625.0 2.9666 0.5587 2.9666 0.9403 2.6675
5260 2630.0 2.9597 0.8133 2.9597 0.9902 2.6686
5270 2635.0 3.0628 1.9707 3.0628 0.9865 2.7862
5280 2640.0 3.0994 4.9401 3.0994 0.9922 2.8401
5290 2645.0 2.9971 0.0043 2.9971 1.0066 2.7546
5300 2650.0 2.9410 1.7377 2.9410 0.9523 2.6370
5310 2655.0 2.8588 9.9720 2.8588 1.0267 2.5113
5320 2660.0 2.9739 0.3409 2.9739 0.9136 2.5784
5330 2665.0 2.9805 0.1895 2.9805 1.0542 2.7097
5340 2670.0 3.1479 10.9446 3.1479 0.9499 2.7249
5350 2675.0 3.0386 0.7462 3.0386 1.0516 2.7604
5360 2680.0 2.9801 0.1972 2.9801 0.9372 2.5867
5370 2685.0 2.8844 6.6823 2.8844 0.9889 2.4945
5380 2690.0 2.9485 1.3251 2.9485 0.9967 2.5800
5390 2695.0 3.0821 3.3673 3.0821 0.9769 2.7090
5400 2700.0 3.0664 2.2017 3.0664 1.0338 2.7370
5410 2705.0 3.0151 0.1139 3.0151 0.9639 2.6547
5420 2710.0 2.9240 2.8909 2.9240 1.0343 2.6123
5430 2715.0 3.0298 0.4427 3.0298 0.9252 2.6838
5440 2720.0 3.0814 3.3144 3.0814 1.0640 2.8343
5450 2725.0 3.1253 7.8479 3.1253 0.9327 2.8139
5460 2730.0 2.9812 0.1761 2.9812 1.0551 2.7561
5470 2735.0 3.0120 0.0722 3.0120 0.9149 2.7203
5480 2740.0 3.0214 0.2299 3.0214 1.0774 2.7956
5490 2745.0 3.1051 5.5197 3.1051 0.9232 2.8555
5500 2750.0 3.0251 0.3158 3.0251 1.0391 2.7291
5510 2755.0 3.0305 0.4664 3.0305 0.9492 2.7792
5520 2760.0 3.0130 0.0851 3.0130 1.0292 2.7200
5530 2765.0 3.0373 0.6958 3.0373 0.9668 2.7704
5540 2770.0 3.0100 0.0502 3.0100 1.0165 2.7178
5550 2775.0 3.0621 1.9258 3.0621 0.9822 2.7644
5560 2780.0 3.0666 2.2180 3.0666 1.0049 2.7585
5570 2785.0 3.0093 0.0430 3.0093 1.0005 2.7429
5580 2790.0 2.9934 0.0216 2.9934 0.9724 2.6476
5590 2795.0 3.0161 0.1299 3.0161 1.0272 2.6610
5600 2800.0 3.0983 4.8268 3.0983 0.9703 2.7021
5610 2805.0 3.0360 0.6480 3.0360 1.0310 2.6912
5620 2810.0 3.0340 0.5787 3.0340 0.9491 2.6479
5630 2815.0 2.9503 1.2352 2.9503 1.0240 2.6420
5640 2820.0 3.0238 0.2827 3.0238 0.9413 2.7139
5650 2825.0 2.9992 0.0003 2.9992 1.0597 2.7503
5660 2830.0 3.0009 0.0004 3.0009 0.9331 2.7484
5670 2835.0 2.9263 2.7190 2.9263 0.9947 2.7636
5680 2840.0 3.0418 0.8740 3.0418 0.9893 2.8002
5690 2845.0 3.0428 0.9157 3.0428 1.0062 2.7826
5700 2850.0 2.9659 0.5808 2.9659 0.9822 2.7370
5710 2855.0 2.9907 0.0432 2.9907 0.9763 2.7594
5720 2860.0 3.0564 1.5915 3.0564 1.0187 2.7963
5730 2865.0 3.0252 0.3183 3.0252 0.9663 2.8568
5740 2870.0 2.9463 1.4438 2.9463 1.0244 2.8675
5750 2875.0 3.0330 0.5438 3.0330 0.9536 2.9296
5760 2880.0 3.0788 3.1021 3.0788 1.0300 2.9945
5770 2885.0 3.0206 0.2132 3.0206 0.9650 2.9375
5780 2890.0 2.9487 1.3177 2.9487 1.0241 2.8420
5790 2895.0 3.0620 1.9229 3.0620 0.9605 2.9067
5800 2900.0 3.0603 1.8185 3.0603 1.0299 2.8396
5810 2905.0 2.9556 0.9876 2.9556 0.9739 2.7960
5820 2910.0 2.9618 0.7312 2.9618 1.0302 2.7413
5830 2915.0 3.0411 0.8458 3.0411 0.9644 2.8197
5840 2920.0 3.0465 1.0806 3.0465 1.0305 2.7913
5850 2925.0 3.0027 0.0036 3.0027 1.0088 2.7919
5860 2930.0 2.9703 0.4407 2.9703 0.9942 2.7710
5870 2935.0 3.0329 0.5424 3.0329 1.0349 2.7553
5880 2940.0 3.0420 0.8826 3.0420 0.9596 2.7394
5890 2945.0 2.9653 0.6030 2.9653 1.0330 2.8050
5900 2950.0 3.0316 0.5005 3.0316 0.9624 2.7586
5910 2955.0 3.0371 0.6894 3.0371 1.0291 2.7502
5920 2960.0 2.9666 0.5563 2.9666 0.9604 2.8029
5930 2965.0 2.9421 1.6767 2.9421 1.0069 2.7477
5940 2970.0 3.0839 3.5200 3.0839 0.9878 2.7250
5950 2975.0 3.0555 1.5417 3.0555 0.9915 2.7685
5960 2980.0 2.9246 2.8400 2.9246 0.9979 2.7094
5970 2985.0 3.0334 0.5562 3.0334 0.9767 2.7815
5980 2990.0 3.1214 7.3662 3.1214 1.0067 2.7214
5990 2995.0 2.9726 0.3754 2.9726 0.9777 2.7046
6000 3000.0 2.8927 5.7580 2.8927 0.9816 2.6471
6010 3005.0 3.0233 0.2722 3.0233 0.9832 2.7084
6020 3010.0 3.1069 5.7176 3.1069 0.9788 2.7106
6030 3015.0 3.0034 0.0059 3.0034 0.9876 2.6224
6040 3020.0 2.9319 2.3175 2.9319 0.9873 2.6019
6050 3025.0 2.9693 0.4712 2.9693 0.9654 2.6578
6060 3030.0 2.9895 0.0555 2.9895 1.0174 2.6228
6070 3035.0 3.0552 1.5224 3.0552 0.9556 2.6575
6080 3040.0 2.9965 0.0060 2.9965 1.0113 2.5853
6090 3045.0 2.9682 0.5047 2.9682 0.9587 2.6173
6100 3050.0 2.9678 0.5179 2.9678 0.9859 2.5953
6110 3055.0 3.0412 0.8483 3.0412 0.9938 2.6518
6120 3060.0 3.0267 0.3572 3.0267 0.9750 2.6997
6130 3065.0 2.9279 2.6001 2.9279 0.9834 2.6771
6140 3070.0 2.9689 0.4826 2.9689 0.9648 2.7392
6150 3075.0 3.0834 3.4787 3.0834 1.0120 2.8004
6160 3080.0 3.0094 0.0444 3.0094 0.9469 2.6800
6170 3085.0 2.9002 4.9772 2.9002 0.9969 2.6043
6180 3090.0 3.0192 0.1839 3.0192 0.9720 2.6718
6190 3095.0 3.0963 4.6399 3.0963 0.9809 2.6881
6200 3100.0 2.9713 0.4128 2.9713 0.9920 2.6862
6210 3105.0 2.8928 5.7488 2.8928 0.9511 2.6190
6220 3110.0 2.9730 0.3658 2.9730 1.0107 2.7079
6230 3115.0 3.1087 5.9111 3.1087 0.9624 2.5640
6240 3120.0 3.0212 0.2256 3.0212 1.0019 2.6376
6250 3125.0 2.8887 6.1902 2.8887 0.9620 2.7285
6260 3130.0 2.8644 9.1979 2.8644 0.9905 2.7382
6270 3135.0 2.9682 0.5064 2.9682 0.9554 2.8026
6280 3140.0 3.0423 0.8943 3.0423 1.0064 2.7215
6290 3145.0 3.0598 1.7883 3.0598 0.9784 2.7370
6300 3150.0 2.9455 1.4854 2.9455 0.9866 2.8599
6310 3155.0 2.9325 2.2770 2.9325 0.9759 2.8281
6320 3160.0 2.9995 0.0001 2.9995 0.9899 2.7576
6330 3165.0 3.0430 0.9233 3.0430 0.9943 2.7415
6340 3170.0 3.0476 1.1331 3.0476 0.9842 2.7064
6350 3175.0 3.0239 0.2844 3.0239 1.0039 2.6163
6360 3180.0 3.0481 1.1564 3.0481 0.9711 2.5390
6370 3185.0 3.0034 0.0058 3.0034 1.0094 2.4748
6380 3190.0 3.0155 0.1206 3.0155 0.9634 2.5160
6390 3195.0 2.9707 0.4306 2.9707 0.9936 2.5343
6400 3200.0 2.9866 0.0895 2.9866 0.9668 2.5393
6410 3205.0 3.0118 0.0697 3.0118 0.9845 2.5895
6420 3210.0 3.0515 1.3275 3.0515 0.9813 2.7163
6430 3215.0 3.0183 0.1674 3.0183 0.9926 2.7927
6440 3220.0 2.9589 0.8430 2.9589 0.9785 2.7984
6450 3225.0 2.9577 0.8951 2.9577 0.9675 2.8526
6460 3230.0 3.0287 0.4106 3.0287 0.9825 2.9210
6470 3235.0 3.0388 0.7542 3.0388 0.9747 2.8603
6480 3240.0 2.8892 6.1420 2.8892 0.9807 2.8620
6490 3245.0 2.8758 7.7085 2.8758 0.9506 2.8469
6500 3250.0 3.0000 0.0000 3.0000 0.9981 2.7534
6510 3255.0 3.0761 2.8949 3.0761 0.9684 2.6405
6520 3260.0 2.9740 0.3376 2.9740 0.9917 2.7275
6530 3265.0 2.9303 2.4263 2.9303 0.9600 2.7699
6540 3270.0 2.9932 0.0233 2.9932 0.9793 2.7051
6550 3275.0 3.0781 3.0488 3.0781 0.9919 2.6336
6560 3280.0 3.0230 0.2653 3.0230 0.9782 2.7233
6570 3285.0 2.9950 0.0127 2.9950 0.9737 2.7380
6580 3290.0 3.0213 0.2274 3.0213 0.9706 2.7539
6590 3295.0 2.9958 0.0087 2.9958 0.9924 2.7330
6600 3300.0 2.9799 0.2016 2.9799 0.9580 2.7748
6610 3305.0 2.9422 1.6688 2.9422 0.9883 2.7688
6620 3310.0 2.9780 0.2427 2.9780 0.9627 2.8189
6630 3315.0 3.0160 0.1287 3.0160 1.0024 2.8386
6640 3320.0 3.0322 0.5188 3.0322 0.9655 2.8613
6650 3325.0 2.9766 0.2748 2.9766 1.0057 2.7919
6660 3330.0 3.0060 0.0182 3.0060 0.9693 2.7630
6670 3335.0 3.0049 0.0121 3.0049 0.9896 2.7677
6680 3340.0 2.9996 0.0001 2.9996 0.9822 2.7657
6690 3345.0 2.9844 0.1215 2.9844 0.9726 2.7608
6700 3350.0 2.9926 0.0273 2.9926 0.9950 2.8158
6710 3355.0 3.0443 0.9807 3.0443 0.9725 2.8835
6720 3360.0 2.9850 0.1129 2.9850 1.0084 2.7812
6730 3365.0 2.9574 0.9074 2.9574 0.9430 2.7636
6740 3370.0 2.9418 1.6922 2.9418 1.0252 2.6458
6750 3375.0 3.0480 1.1517 3.0480 0.9291 2.7256
6760 3380.0 3.0013 0.0008 3.0013 1.0603 2.5772
6770 3385.0 3.0142 0.1010 3.0142 0.9154 2.6680
6780 3390.0 2.9412 1.7294 2.9412 1.0506 2.5153
6790 3395.0 3.0463 1.0729 3.0463 0.9348 2.6160
6800 3400.0 3.0612 1.8724 3.0612 1.0432 2.5256
6810 3405.0 3.0052 0.0133 3.0052 0.9377 2.5503
6820 3410.0 2.9238 2.9033 2.9238 1.0122 2.4465
6830 3415.0 3.0382 0.7308 3.0382 0.9707 2.5249
6840 3420.0 3.0579 1.6767 3.0579 0.9902 2.4997
6850 3425.0 3.0065 0.0213 3.0065 0.9750 2.4520
6860 3430.0 2.9915 0.0359 2.9915 0.9693 2.4191
6870 3435.0 2.9998 0.0000 2.9998 1.0000 2.3810
6880 3440.0 3.0351 0.6167 3.0351 0.9812 2.3800
6890 3445.0 3.0421 0.8866 3.0421 0.9985 2.3392
6900 3450.0 3.0318 0.5064 3.0318 0.9545 2.3434
6910 3455.0 3.0079 0.0310 3.0079 1.0182 2.2858
6920 3460.0 3.0183 0.1677 3.0183 0.9550 2.3330
6930 3465.0 2.9772 0.2607 2.9772 1.0124 2.2832
6940 3470.0 2.9974 0.0033 2.9974 0.9484 2.3416
6950 3475.0 3.0052 0.0134 3.0052 1.0000 2.2858
6960 3480.0 2.9753 0.3058 2.9753 0.9766 2.2461
6970 3485.0 2.9812 0.1774 2.9812 0.9778 2.2379
6980 3490.0 2.9739 0.3399 2.9739 1.0003 2.2668
6990 3495.0 3.0214 0.2284 3.0214 0.9630 2.4233
7000 3500.0 3.0232 0.2694 3.0232 1.0071 2.5102
7010 3505.0 3.0483 1.1644 3.0483 0.9531 2.5504
7020 3510.0 2.9926 0.0275 2.9926 1.0226 2.4530
7030 3515.0 3.0354 0.6272 3.0354 0.9391 2.4523
7040 3520.0 3.0023 0.0027 3.0023 1.0197 2.3760
7050 3525.0 3.0095 0.0451 3.0095 0.9505 2.4075
7060 3530.0 2.9672 0.5389 2.9672 1.0107 2.3532
7070 3535.0 3.0318 0.5051 3.0318 0.9497 2.4661
7080 3540.0 3.0914 4.1780 3.0914 1.0157 2.5099
7090 3545.0 3.0299 0.4468 3.0299 0.9469 2.5386
7100 3550.0 2.9345 2.1445 2.9345 1.0175 2.4625
7110 3555.0 3.0193 0.1866 3.0193 0.9433 2.6073
7120 3560.0 3.0676 2.2852 3.0676 1.0223 2.6818
7130 3565.0 3.0253 0.3195 3.0253 0.9606 2.7271
7140 3570.0 2.9650 0.6137 2.9650 1.0048 2.6827
7150 3575.0 3.0406 0.8248 3.0406 0.9645 2.7075
7160 3580.0 3.0558 1.5557 3.0558 1.0046 2.6363
7170 3585.0 3.0124 0.0768 3.0124 0.9748 2.5820
7180 3590.0 2.9675 0.5294 2.9675 0.9830 2.5455
7190 3595.0 3.0418 0.8727 3.0418 0.9871 2.5925
7200 3600.0 3.0933 4.3539 3.0933 0.9930 2.6378
7210 3605.0 3.0310 0.4808 3.0310 0.9834 2.6273
7220 3610.0 2.9996 0.0001 2.9996 0.9830 2.6102
7230 3615.0 3.0936 4.3780 3.0936 0.9988 2.6682
7240 3620.0 3.0763 2.9076 3.0763 0.9730 2.6831
7250 3625.0 2.9718 0.3981 2.9718 1.0046 2.5846
7260 3630.0 2.9985 0.0011 2.9985 0.9713 2.6350
7270 3635.0 3.0635 2.0184 3.0635 1.0052 2.6833
7280 3640.0 3.0301 0.4544 3.0301 0.9746 2.6596
7290 3645.0 2.9534 1.0847 2.9534 1.0004 2.5485
7300 3650.0 3.0212 0.2245 3.0212 0.9739 2.5800
7310 3655.0 3.0694 2.4093 3.0694 1.0018 2.5601
7320 3660.0 3.0149 0.1113 3.0149 0.9861 2.4977
7330 3665.0 2.9772 0.2599 2.9772 0.9916 2.4457
7340 3670.0 3.0164 0.1340 3.0164 0.9984 2.4470
7350 3675.0 3.0546 1.4888 3.0546 0.9864 2.4877
7360 3680.0 3.0265 0.3524 3.0265 0.9763 2.4820
7370 3685.0 3.0130 0.0846 3.0130 0.9917 2.4486
7380 3690.0 3.0077 0.0296 3.0077 1.0025 2.4032
7390 3695.0 3.0283 0.3992 3.0283 0.9989 2.4054
7400 3700.0 3.0047 0.0109 3.0047 0.9804 2.3841
7410 3705.0 3.0344 0.5906 3.0344 0.9959 2.3747
7420 3710.0 3.0279 0.3888 3.0279 0.9829 2.3924
7430 3715.0 2.9517 1.1677 2.9517 0.9998 2.3346
7440 3720.0 2.9514 1.1829 2.9514 0.9657 2.3162
7450 3725.0 3.0566 1.6019 3.0566 0.9834 2.3571
7460 3730.0 3.0642 2.0633 3.0642 0.9797 2.3483
7470 3735.0 3.0024 0.0029 3.0024 0.9774 2.3080
7480 3740.0 2.9729 0.3673 2.9729 0.9828 2.3034
7490 3745.0 2.9862 0.0955 2.9862 0.9709 2.3604
7500 3750.0 2.9979 0.0021 2.9979 0.9835 2.3859
7510 3755.0 2.9961 0.0077 2.9961 0.9709 2.3902
7520 3760.0 3.0110 0.0603 3.0110 0.9931 2.4112
7530 3765.0 2.9918 0.0338 2.9918 0.9742 2.4660
7540 3770.0 2.9631 0.6800 2.9631 0.9839 2.4871
7550 3775.0 2.9975 0.0031 2.9975 0.9632 2.5824
7560 3780.0 3.0084 0.0354 3.0084 0.9951 2.6479
7570 3785.0 2.9942 0.0168 2.9942 0.9620 2.6312
7580 3790.0 2.9600 0.8006 2.9600 0.9962 2.6083
7590 3795.0 2.9898 0.0518 2.9898 0.9654 2.6916
7600 3800.0 2.9905 0.0449 2.9905 0.9757 2.7148
7610 3805.0 2.9864 0.0924 2.9864 0.9983 2.6211
7620 3810.0 2.9748 0.3183 2.9748 0.9536 2.5598
7630 3815.0 2.9228 2.9825 2.9228 1.0039 2.4664
7640 3820.0 2.9882 0.0698 2.9882 0.9382 2.5453
7650 3825.0 3.0278 0.3876 3.0278 1.0016 2.5154
7660 3830.0 2.9871 0.0834 2.9871 0.9595 2.4793
7670 3835.0 2.9403 1.7845 2.9403 1.0003 2.4156
7680 3840.0 3.0148 0.1096 3.0148 0.9716 2.4935
7690 3845.0 3.1265 7.9956 3.1265 1.0023 2.5775
7700 3850.0 3.0962 4.6269 3.0962 0.9780 2.5891
7710 3855.0 2.9787 0.2263 2.9787 1.0104 2.5096
7720 3860.0 2.9904 0.0456 2.9904 0.9710 2.5125
7730 3865.0 3.1057 5.5895 3.1057 1.0104 2.5250
7740 3870.0 3.1077 5.8007 3.1077 0.9737 2.5342
7750 3875.0 2.9584 0.8657 2.9584 1.0047 2.4344
7760 3880.0 2.9362 2.0352 2.9362 0.9724 2.4737
7770 3885.0 3.0239 0.2852 3.0239 0.9973 2.5241
7780 3890.0 3.1149 6.5978 3.1149 0.9853 2.6072
7790 3895.0 3.0235 0.2771 3.0235 0.9916 2.5308
7800 3900.0 2.9379 1.9256 2.9379 0.9917 2.4515
7810 3905.0 2.9656 0.5924 2.9656 0.9905 2.4401
7820 3910.0 3.0308 0.4745 3.0308 0.9906 2.4494
7830 3915.0 3.0601 1.8031 3.0601 0.9927 2.4301
7840 3920.0 3.0070 0.0245 3.0070 0.9953 2.3499
7850 3925.0 2.9827 0.1503 2.9827 0.9981 2.3203
7860 3930.0 3.0419 0.8775 3.0419 0.9812 2.3781
7870 3935.0 3.0644 2.0769 3.0644 0.9924 2.3747
7880 3940.0 2.9845 0.1202 2.9845 0.9776 2.3310
7890 3945.0 2.9640 0.6485 2.9640 0.9970 2.3474
7900 3950.0 3.0492 1.2102 3.0492 0.9801 2.4430
7910 3955.0 3.0688 2.3661 3.0688 1.0045 2.4621
7920 3960.0 2.9769 0.2664 2.9769 0.9877 2.4259
7930 3965.0 2.9530 1.1029 2.9530 0.9888 2.4203
7940 3970.0 3.0304 0.4630 3.0304 0.9938 2.4814
7950 3975.0 3.0125 0.0784 3.0125 0.9632 2.5150
7960 3980.0 2.9341 2.1690 2.9341 0.9960 2.4887
7970 3985.0 2.9603 0.7884 2.9603 0.9649 2.5336
7980 3990.0 3.0497 1.2362 3.0497 0.9930 2.5203
7990 3995.0 3.0295 0.4346 3.0295 0.9694 2.4401
8000 4000.0 2.9572 0.9161 2.9572 0.9825 2.3213
8010 4005.0 2.9928 0.0256 2.9928 0.9922 2.3305
8020 4010.0 3.0282 0.3988 3.0282 0.9689 2.3975
8030 4015.0 2.9945 0.0152 2.9945 1.0092 2.4165
8040 4020.0 2.9847 0.1178 2.9847 0.9695 2.3797
8050 4025.0 3.0129 0.0827 3.0129 1.0034 2.3464
8060 4030.0 3.0644 2.0714 3.0644 0.9875 2.3294
8070 4035.0 3.0284 0.4028 3.0284 0.9969 2.2814
8080 4040.0 2.9899 0.0512 2.9899 0.9866 2.2746
8090 4045.0 2.9923 0.0296 2.9923 1.0002 2.3073
8100 4050.0 3.0562 1.5813 3.0562 0.9858 2.4166
8110 4055.0 3.0533 1.4203 3.0533 0.9924 2.4929
8120 4060.0 3.0028 0.0039 3.0028 0.9862 2.5406
8130 4065.0 3.0405 0.8187 3.0405 0.9744 2.6162
8140 4070.0 3.0492 1.2106 3.0492 0.9982 2.6452
8150 4075.0 3.0096 0.0460 3.0096 0.9699 2.6627
8160 4080.0 2.9934 0.0220 2.9934 0.9951 2.6432
8170 4085.0 3.0324 0.5243 3.0324 0.9794 2.6317
8180 4090.0 3.0044 0.0096 3.0044 0.9952 2.5543
8190 4095.0 2.9757 0.2956 2.9757 0.9742 2.4922
8200 4100.0 3.0144 0.1037 3.0144 0.9884 2.4624
8210 4105.0 3.1222 7.4698 3.1222 0.9918 2.5071
8220 4110.0 3.0473 1.1180 3.0473 0.9808 2.4358
8230 4115.0 2.9266 2.6963 2.9266 0.9879 2.3327
8240 4120.0 2.9826 0.1513 2.9826 0.9806 2.3845
8250 4125.0 3.0602 1.8110 3.0602 1.0037 2.4405
8260 4130.0 3.0051 0.0132 3.0051 0.9895 2.4314
8270 4135.0 2.9579 0.8872 2.9579 0.9668 2.4567
8280 4140.0 3.0640 2.0474 3.0640 1.0002 2.5539
8290 4145.0 3.0975 4.7523 3.0975 0.9831 2.6555
8300 4150.0 2.9876 0.0773 2.9876 1.0053 2.6582
8310 4155.0 2.9522 1.1434 2.9522 0.9603 2.7384
8320 4160.0 2.9907 0.0429 2.9907 1.0047 2.7741
8330 4165.0 3.1424 10.1415 3.1424 0.9754 2.7405
8340 4170.0 3.0879 3.8661 3.0879 1.0251 2.7612
8350 4175.0 2.9774 0.2552 2.9774 0.9494 2.7357
8360 4180.0 2.9225 3.0007 2.9225 1.0082 2.6143
8370 4185.0 3.0621 1.9292 3.0621 0.9583 2.6897
8380 4190.0 3.1593 12.6805 3.1593 1.0264 2.6913
8390 4195.0 3.0043 0.0092 3.0043 0.9682 2.7331
8400 4200.0 2.8164 16.8570 2.8164 0.9885 2.6347
8410 4205.0 2.9884 0.0672 2.9884 0.9888 2.7351
8420 4210.0 3.1549 12.0046 3.1549 1.0174 2.6176
8430 4215.0 2.9835 0.1360 2.9835 1.0085 2.7499
8440 4220.0 3.0078 0.0301 3.0078 1.0075 2.7125
8450 4225.0 3.1628 13.2586 3.1628 1.0125 2.5638
8460 4230.0 2.9858 0.1013 2.9858 1.0227 2.7404
8470 4235.0 2.8918 5.8497 2.8918 0.9910 2.6749
8480 4240.0 3.0266 0.3546 3.0266 1.0019 2.6693
8490 4245.0 3.0691 2.3876 3.0691 0.9858 2.7128
8500 4250.0 2.9008 4.9244 2.9008 0.9775 2.5319
8510 4255.0 2.9022 4.7799 2.9022 0.9998 2.4801
8520 4260.0 3.0994 4.9432 3.0994 0.9733 2.6243
8530 4265.0 3.1313 8.6218 3.1313 0.9984 2.6248
8540 4270.0 2.9645 0.6312 2.9645 0.9744 2.4885
8550 4275.0 2.8634 9.3243 2.8634 0.9831 2.4585
8560 4280.0 2.9757 0.2953 2.9757 0.9877 2.5326
8570 4285.0 3.1364 9.3064 3.1364 1.0141 2.6103
8580 4290.0 3.0321 0.5166 3.0321 0.9695 2.5292
8590 4295.0 2.9489 1.3064 2.9489 1.0032 2.4397
8600 4300.0 3.0680 2.3134 3.0680 0.9744 2.5426
8610 4305.0 3.0629 1.9758 3.0629 0.9998 2.5096
8620 4310.0 2.8804 7.1482 2.8804 0.9874 2.3530
8630 4315.0 2.9751 0.3102 2.9751 0.9923 2.3868
8640 4320.0 3.1574 12.3866 3.1574 0.9778 2.5084
8650 4325.0 3.0841 3.5324 3.0841 0.9989 2.3848
8660 4330.0 2.9037 4.6339 2.9037 1.0129 2.1700
8670 4335.0 2.9574 0.9094 2.9574 0.9804 2.1910
8680 4340.0 3.1586 12.5712 3.1586 1.0245 2.3348
8690 4345.0 3.0737 2.7180 3.0737 0.9732 2.2901
8700 4350.0 2.8978 5.2196 2.8978 1.0328 2.1371
8710 4355.0 2.9832 0.1417 2.9832 0.9671 2.2565
8720 4360.0 3.0558 1.5572 3.0558 1.0116 2.3270
8730 4365.0 2.9349 2.1168 2.9349 0.9855 2.3049
8740 4370.0 2.9267 2.6899 2.9267 0.9835 2.3343
8750 4375.0 3.0824 3.3966 3.0824 1.0079 2.4425
8760 4380.0 3.0399 0.7980 3.0399 0.9639 2.4397
8770 4385.0 2.9184 3.3255 2.9184 1.0085 2.3280
8780 4390.0 3.0357 0.6380 3.0357 0.9661 2.4064
8790 4395.0 3.0504 1.2713 3.0504 1.0051 2.3835
8800 4400.0 2.9582 0.8719 2.9582 0.9713 2.3515
8810 4405.0 2.9211 3.1112 2.9211 0.9936 2.3487
8820 4410.0 3.0851 3.6209 3.0851 0.9887 2.4203
8830 4415.0 3.1274 8.1146 3.1274 0.9994 2.4381
8840 4420.0 2.9312 2.3659 2.9312 0.9848 2.3445
8850 4425.0 2.9532 1.0967 2.9532 0.9843 2.3466
8860 4430.0 3.0727 2.6456 3.0727 0.9760 2.4117
8870 4435.0 2.9691 0.4786 2.9691 0.9917 2.3561
8880 4440.0 2.8673 8.8074 2.8673 0.9620 2.3499
8890 4445.0 2.9999 0.0000 2.9999 1.0022 2.4123
8900 4450.0 3.1258 7.9186 3.1258 0.9947 2.5132
8910 4455.0 3.0069 0.0240 3.0069 1.0098 2.4495
8920 4460.0 2.9905 0.0451 2.9905 0.9691 2.4924
8930 4465.0 3.0886 3.9256 3.0886 1.0372 2.5212
8940 4470.0 3.1175 6.9030 3.1175 0.9646 2.5931
8950 4475.0 2.9145 3.6541 2.9145 1.0353 2.4577
8960 4480.0 2.9370 1.9858 2.9370 0.9160 2.5646
8970 4485.0 2.9388 1.8756 2.9388 1.0536 2.4762
8980 4490.0 3.0524 1.3743 3.0524 0.9379 2.6161
8990 4495.0 2.9311 2.3706 2.9311 1.0315 2.5114
9000 4500.0 3.0004 0.0001 3.0004 0.9516 2.6052
9010 4505.0 3.0945 4.4695 3.0945 1.0493 2.5965
9020 4510.0 3.0574 1.6467 3.0574 0.9658 2.5829
9030 4515.0 2.9396 1.8250 2.9396 1.0270 2.4435
9040 4520.0 3.0415 0.8608 3.0415 0.9895 2.5124
9050 4525.0 3.0926 4.2898 3.0926 1.0390 2.4939
9060 4530.0 2.9929 0.0249 2.9929 0.9848 2.4494
9070 4535.0 3.0067 0.0227 3.0067 1.0018 2.4564
9080 4540.0 3.1012 5.1190 3.1012 1.0009 2.5162
9090 4545.0 3.0158 0.1253 3.0158 0.9867 2.4412
9100 4550.0 2.8962 5.3839 2.8962 1.0003 2.3106
9110 4555.0 3.0133 0.0888 3.0133 0.9602 2.3703
9120 4560.0 3.0887 3.9308 3.0887 1.0407 2.3768
9130 4565.0 3.0872 3.8014 3.0872 0.9971 2.4013
9140 4570.0 3.0144 0.1041 3.0144 1.0065 2.3439
9150 4575.0 2.9398 1.8125 2.9398 0.9924 2.3301
9160 4580.0 3.0117 0.0685 3.0117 0.9867 2.4272
9170 4585.0 3.0841 3.5349 3.0841 1.0334 2.4422
9180 4590.0 3.0135 0.0913 3.0135 0.9666 2.4191
9190 4595.0 2.9232 2.9484 2.9232 1.0539 2.3453
9200 4600.0 3.0587 1.7233 3.0587 0.9530 2.5832
9210 4605.0 3.1191 7.0868 3.1191 1.0466 2.6560
9220 4610.0 2.9730 0.3633 2.9730 0.9581 2.5657
9230 4615.0 2.9595 0.8190 2.9595 1.0399 2.4893
9240 4620.0 3.0354 0.6261 3.0354 0.9597 2.6074
9250 4625.0 2.9899 0.0509 2.9899 1.0353 2.5600
9260 4630.0 2.9875 0.0781 2.9875 0.9329 2.6345
9270 4635.0 3.0659 2.1738 3.0659 1.0634 2.6356
9280 4640.0 3.0464 1.0743 3.0464 0.9288 2.6663
9290 4645.0 2.9500 1.2509 2.9500 1.0588 2.5762
9300 4650.0 2.9751 0.3098 2.9751 0.9184 2.6590
9310 4655.0 3.0044 0.0097 3.0044 1.0570 2.5724
9320 4660.0 3.0435 0.9467 3.0435 0.9461 2.6383
9330 4665.0 3.0095 0.0451 3.0095 1.0329 2.5332
9340 4670.0 2.9696 0.4628 2.9696 0.9669 2.5188
9350 4675.0 3.0006 0.0002 3.0006 1.0121 2.4861
9360 4680.0 3.0115 0.0660 3.0115 0.9998 2.4568
9370 4685.0 3.0077 0.0293 3.0077 0.9907 2.4228
9380 4690.0 2.9750 0.3118 2.9750 1.0321 2.3537
9390 4695.0 3.0316 0.4997 3.0316 0.9854 2.4061
9400 4700.0 3.1334 8.8921 3.1334 1.0465 2.4397
9410 4705.0 3.0266 0.3545 3.0266 0.9931 2.3779
9420 4710.0 2.9420 1.6824 2.9420 1.0386 2.2876
9430 4715.0 3.0422 0.8918 3.0422 1.0106 2.3821
9440 4720.0 3.0855 3.6531 3.0855 1.0333 2.4465
9450 4725.0 2.9830 0.1446 2.9830 1.0950 2.4042
9460 4730.0 3.0112 0.0631 3.0112 0.9436 2.5242
9470 4735.0 3.1031 5.3160 3.1031 1.0741 2.5297
9480 4740.0 2.9177 3.3879 2.9177 1.0149 2.4053
9490 4745.0 2.8499 11.2659 2.8499 0.9973 2.4023
9500 4750.0 3.1129 6.3686 3.1129 1.0289 2.6192
9510 4755.0 3.1371 9.3980 3.1371 0.9502 2.6688
9520 4760.0 2.9660 0.5764 2.9660 1.0541 2.5166
9530 4765.0 2.9655 0.5938 2.9655 0.9385 2.5421
9540 4770.0 3.0799 3.1944 3.0799 1.0529 2.5678
9550 4775.0 2.9323 2.2916 2.9323 0.9295 2.5610
9560 4780.0 2.8788 7.3471 2.8788 1.0397 2.5072
9570 4785.0 3.1593 12.6909 3.1593 0.9465 2.7126
9580 4790.0 3.1059 5.6115 3.1059 1.0022 2.7109
9590 4795.0 2.8369 13.2928 2.8369 0.9916 2.5222
9600 4800.0 2.8935 5.6716 2.8935 0.9597 2.5898
9610 4805.0 3.1208 7.2923 3.1208 1.0320 2.7289
9620 4810.0 3.1491 11.1186 3.1491 0.9457 2.6877
9630 4815.0 2.9609 0.7627 2.9609 1.0537 2.6307
9640 4820.0 2.9982 0.0017 2.9982 0.9196 2.7087
9650 4825.0 3.0378 0.7158 3.0378 1.0919 2.6212
9660 4830.0 3.0044 0.0095 3.0044 0.9074 2.6973
9670 4835.0 2.9357 2.0703 2.9357 1.0646 2.7027
9680 4840.0 3.1149 6.5955 3.1149 0.9300 2.7770
9690 4845.0 3.1094 5.9885 3.1094 1.0677 2.7305
9700 4850.0 2.9486 1.3226 2.9486 0.9355 2.6472
9710 4855.0 2.9189 3.2913 2.9189 1.0436 2.5746
9720 4860.0 3.0784 3.0766 3.0784 0.9541 2.6856
9730 4865.0 3.1707 14.5773 3.1707 1.0003 2.7494
9740 4870.0 3.0049 0.0120 3.0049 0.9817 2.6050
9750 4875.0 2.9104 4.0115 2.9104 0.9972 2.4900
9760 4880.0 3.0338 0.5729 3.0338 1.0018 2.5470
9770 4885.0 3.1126 6.3382 3.1126 0.9617 2.6211
9780 4890.0 3.0512 1.3107 3.0512 1.0016 2.5126
9790 4895.0 2.9071 4.3192 2.9071 0.9688 2.3873
9800 4900.0 2.9790 0.2213 2.9790 1.0102 2.3868
9810 4905.0 3.0907 4.1114 3.0907 0.9572 2.4867
9820 4910.0 3.0626 1.9611 3.0626 1.0275 2.4491
9830 4915.0 2.9442 1.5558 2.9442 0.9680 2.4239
9840 4920.0 3.0001 0.0000 3.0001 1.0155 2.4763
9850 4925.0 3.1225 7.4985 3.1225 0.9651 2.6397
9860 4930.0 3.0615 1.8895 3.0615 1.0098 2.6635
9870 4935.0 2.9750 0.3118 2.9750 0.9626 2.6491
9880 4940.0 2.9958 0.0086 2.9958 1.0062 2.6719
9890 4945.0 3.0501 1.2547 3.0501 0.9730 2.7034
9900 4950.0 3.0284 0.4027 3.0284 0.9885 2.7264
9910 4955.0 2.9511 1.1961 2.9511 0.9773 2.7875
9920 4960.0 2.9780 0.2429 2.9780 0.9866 2.7357
9930 4965.0 3.0601 1.8045 3.0601 0.9940 2.6049
9940 4970.0 3.0674 2.2683 3.0674 0.9733 2.5833
9950 4975.0 2.9865 0.0911 2.9865 0.9820 2.7022
9960 4980.0 2.9807 0.1859 2.9807 0.9925 2.7217
9970 4985.0 3.0643 2.0695 3.0643 0.9533 2.6097
9980 4990.0 3.0832 3.4627 3.0832 1.0147 2.6166
9990 4995.0 2.9425 1.6535 2.9425 0.9553 2.5344
10000 5000.0 2.9575 0.9017 2.9575 1.0202 2.4953
10010 5005.0 3.0967 4.6770 3.0967 0.9524 2.5699
10020 5010.0 3.1158 6.7019 3.1158 1.0120 2.4573
10030 5015.0 2.9682 0.5045 2.9682 0.9676 2.3066
10040 5020.0 2.9500 1.2518 2.9500 0.9929 2.2894
10050 5025.0 3.0946 4.4728 3.0946 0.9940 2.4113
10060 5030.0 3.1098 6.0300 3.1098 0.9720 2.3945
10070 5035.0 2.9726 0.3767 2.9726 1.0102 2.2719
10080 5040.0 2.9529 1.1113 2.9529 0.9608 2.3211
10090 5045.0 3.0234 0.2738 3.0234 1.0140 2.4343
10100 5050.0 3.0761 2.8926 3.0761 0.9639 2.5110
10110 5055.0 3.0308 0.4737 3.0308 1.0215 2.4862
10120 5060.0 2.9849 0.1146 2.9849 0.9571 2.5152
10130 5065.0 2.9931 0.0241 2.9931 1.0079 2.5430
10140 5070.0 3.0562 1.5791 3.0562 0.9645 2.6268
10150 5075.0 3.0697 2.4323 3.0697 0.9998 2.6210
10160 5080.0 3.0077 0.0295 3.0077 0.9724 2.5957
10170 5085.0 2.9593 0.8301 2.9593 0.9859 2.5663
10180 5090.0 2.9967 0.0054 2.9967 0.9888 2.5759
10190 5095.0 3.0449 1.0064 3.0449 0.9857 2.6037
10200 5100.0 2.9820 0.1611 2.9820 0.9837 2.5833
10210 5105.0 2.9345 2.1448 2.9345 0.9642 2.5762
10220 5110.0 2.9253 2.7922 2.9253 1.0048 2.5380
10230 5115.0 3.0298 0.4427 3.0298 0.9551 2.6045
10240 5120.0 3.1031 5.3172 3.1031 1.0168 2.5351
10250 5125.0 3.0151 0.1142 3.0151 0.9494 2.6107
10260 5130.0 2.9172 3.4297 2.9172 1.0024 2.5715
10270 5135.0 3.0259 0.3356 3.0259 0.9663 2.6547
10280 5140.0 3.0726 2.6365 3.0726 0.9902 2.6441
10290 5145.0 2.9391 1.8562 2.9391 0.9740 2.7030
10300 5150.0 2.9573 0.9117 2.9573 0.9661 2.7570
10310 5155.0 3.0864 3.7323 3.0864 1.0074 2.7716
10320 5160.0 3.0628 1.9695 3.0628 0.9588 2.8081
10330 5165.0 2.9803 0.1938 2.9803 1.0164 2.8282
10340 5170.0 2.9731 0.3605 2.9731 0.9526 2.7964
10350 5175.0 2.9957 0.0091 2.9957 1.0085 2.7144
10360 5180.0 3.0733 2.6897 3.0733 0.9622 2.7738
10370 5185.0 3.0418 0.8726 3.0418 1.0213 2.7141
10380 5190.0 2.9934 0.0219 2.9934 0.9471 2.7456
10390 5195.0 2.9456 1.4808 2.9456 0.9995 2.6785
10400 5200.0 3.0569 1.6212 3.0569 0.9796 2.7609
10410 5205.0 3.0914 4.1774 3.0914 0.9935 2.7721
10420 5210.0 3.0260 0.3378 3.0260 0.9953 2.7353
10430 5215.0 2.9914 0.0372 2.9914 0.9613 2.7149
10440 5220.0 2.9453 1.4964 2.9453 1.0221 2.6381
10450 5225.0 3.0081 0.0329 3.0081 0.9335 2.7418
10460 5230.0 3.0619 1.9186 3.0619 1.0364 2.6936
10470 5235.0 3.0125 0.0780 3.0125 0.9326 2.7612
10480 5240.0 2.9125 3.8275 2.9125 1.0259 2.5819
10490 5245.0 3.0756 2.8542 3.0756 0.9454 2.6384
10500 5250.0 3.1090 5.9352 3.1090 1.0086 2.6514
10510 5255.0 2.9119 3.8823 2.9119 0.9784 2.5041
10520 5260.0 2.8503 11.2116 2.8503 0.9394 2.4913
10530 5265.0 2.9220 3.0395 2.9220 1.0158 2.5856
10540 5270.0 3.0729 2.6586 3.0729 0.9404 2.6797
10550 5275.0 3.0226 0.2552 3.0226 1.0481 2.6410
10560 5280.0 2.9877 0.0755 2.9877 0.9365 2.7206
10570 5285.0 2.9263 2.7151 2.9263 1.0152 2.6687
10580 5290.0 3.0112 0.0632 3.0112 0.9424 2.7310
10590 5295.0 3.0052 0.0134 3.0052 1.0195 2.6764
10600 5300.0 3.0662 2.1885 3.0662 0.9770 2.7232
10610 5305.0 3.0596 1.7768 3.0596 1.0031 2.6760
10620 5310.0 2.9817 0.1681 2.9817 0.9818 2.6304
10630 5315.0 2.9659 0.5803 2.9659 0.9705 2.6222
10640 5320.0 3.0363 0.6585 3.0363 1.0133 2.6445
10650 5325.0 3.0560 1.5676 3.0560 0.9646 2.6854
10660 5330.0 2.9894 0.0564 2.9894 1.0163 2.5971
10670 5335.0 2.9913 0.0379 2.9913 0.9572 2.6253
10680 5340.0 3.0222 0.2467 3.0222 1.0164 2.6290
10690 5345.0 3.0472 1.1162 3.0472 0.9531 2.6836
10700 5350.0 2.9992 0.0003 2.9992 1.0072 2.6086
10710 5355.0 2.9975 0.0032 2.9975 0.9573 2.6087
10720 5360.0 3.0276 0.3800 3.0276 1.0036 2.5739
10730 5365.0 3.0939 4.4075 3.0939 0.9673 2.6008
10740 5370.0 3.0208 0.2156 3.0208 1.0139 2.4848
10750 5375.0 2.9524 1.1316 2.9524 0.9657 2.4278
10760 5380.0 2.9974 0.0035 2.9974 0.9936 2.3963
10770 5385.0 3.0675 2.2810 3.0675 0.9908 2.4307
10780 5390.0 3.0255 0.3246 3.0255 0.9934 2.4123
10790 5395.0 2.9829 0.1456 2.9829 1.0069 2.4081
10800 5400.0 3.0654 2.1381 3.0654 0.9685 2.4869
10810 5405.0 3.0721 2.6002 3.0721 1.0255 2.4639
10820 5410.0 2.9951 0.0122 2.9951 0.9520 2.4226
10830 5415.0 2.9460 1.4591 2.9460 1.0322 2.3469
10840 5420.0 3.0626 1.9569 3.0626 0.9604 2.4734
10850 5425.0 3.1078 5.8076 3.1078 1.0252 2.5043
10860 5430.0 2.9692 0.4746 2.9692 0.9758 2.4774
10870 5435.0 2.9747 0.3190 2.9747 0.9922 2.4973
10880 5440.0 3.0875 3.8307 3.0875 0.9849 2.6027
10890 5445.0 3.0303 0.4581 3.0303 0.9892 2.5806
10900 5450.0 2.9508 1.2111 2.9508 0.9948 2.5537
10910 5455.0 3.0311 0.4847 3.0311 0.9698 2.6285
10920 5460.0 3.0730 2.6625 3.0730 1.0090 2.6264
10930 5465.0 2.9975 0.0031 2.9975 0.9865 2.5817
10940 5470.0 2.9705 0.4360 2.9705 0.9994 2.5699
10950 5475.0 3.0471 1.1084 3.0471 0.9967 2.6234
10960 5480.0 3.0719 2.5862 3.0719 0.9820 2.6341
10970 5485.0 2.9752 0.3085 2.9752 1.0049 2.5239
10980 5490.0 3.0046 0.0105 3.0046 0.9800 2.5486
10990 5495.0 3.0858 3.6814 3.0858 1.0168 2.5904
11000 5500.0 3.0240 0.2872 3.0240 0.9727 2.5474
11010 5505.0 2.9722 0.3872 2.9722 1.0178 2.4615
11020 5510.0 3.0831 3.4494 3.0831 0.9764 2.5749
11030 5515.0 3.1443 10.4089 3.1443 1.0101 2.6139
11040 5520.0 2.9783 0.2344 2.9783 0.9806 2.4789
11050 5525.0 2.8954 5.4723 2.8954 0.9921 2.4061
11060 5530.0 3.0493 1.2177 3.0493 0.9766 2.5434
11070 5535.0 3.1247 7.7771 3.1247 0.9954 2.6050
11080 5540.0 3.0163 0.1329 3.0163 0.9786 2.5383
11090 5545.0 2.9399 1.8082 2.9399 0.9813 2.5297
11100 5550.0 3.0136 0.0920 3.0136 0.9846 2.5732
11110 5555.0 3.0772 2.9774 3.0772 0.9774 2.5987
11120 5560.0 3.0074 0.0277 3.0074 0.9851 2.5720
11130 5565.0 2.9571 0.9188 2.9571 0.9539 2.5933
11140 5570.0 2.9738 0.3426 2.9738 1.0038 2.6401
11150 5575.0 3.0495 1.2247 3.0495 0.9456 2.6971
11160 5580.0 3.0226 0.2545 3.0226 1.0143 2.7071
11170 5585.0 2.9733 0.3559 2.9733 0.9537 2.6952
11180 5590.0 2.9775 0.2535 2.9775 1.0098 2.6097
11190 5595.0 3.0560 1.5677 3.0560 0.9668 2.6587
11200 5600.0 3.0516 1.3288 3.0516 1.0154 2.6210
11210 5605.0 2.9691 0.4768 2.9691 0.9784 2.5355
11220 5610.0 2.9461 1.4530 2.9461 0.9961 2.4551
11230 5615.0 3.0416 0.8663 3.0416 0.9788 2.5207
11240 5620.0 3.0641 2.0533 3.0641 1.0065 2.5415
11250 5625.0 2.9978 0.0025 2.9978 0.9747 2.4916
11260 5630.0 2.9667 0.5558 2.9667 0.9968 2.4424
11270 5635.0 3.0015 0.0012 3.0015 0.9533 2.5272
11280 5640.0 3.0053 0.0141 3.0053 0.9985 2.5861
11290 5645.0 2.9784 0.2336 2.9784 0.9696 2.6057
11300 5650.0 2.9742 0.3338 2.9742 0.9874 2.5908
11310 5655.0 3.0009 0.0004 3.0009 0.9880 2.6131
11320 5660.0 3.0552 1.5225 3.0552 0.9818 2.6989
11330 5665.0 3.0365 0.6648 3.0365 1.0206 2.7010
11340 5670.0 3.0264 0.3480 3.0264 0.9562 2.6633
11350 5675.0 2.9660 0.5763 2.9660 1.0249 2.5609
11360 5680.0 3.0163 0.1334 3.0163 0.9365 2.6512
11370 5685.0 3.0374 0.6985 3.0374 1.0485 2.6827
11380 5690.0 3.1232 7.5862 3.1232 0.9369 2.6539
11390 5695.0 3.0218 0.2372 3.0218 1.0545 2.5987
11400 5700.0 3.0452 1.0229 3.0452 0.9298 2.6093
11410 5705.0 2.9856 0.1033 2.9856 1.0458 2.4913
11420 5710.0 3.0580 1.6804 3.0580 0.9419 2.5758
11430 5715.0 3.0349 0.6089 3.0349 1.0226 2.4981
11440 5720.0 2.9890 0.0610 2.9890 0.9545 2.5066
11450 5725.0 2.9583 0.8713 2.9583 1.0000 2.5108
11460 5730.0 3.0343 0.5895 3.0343 0.9649 2.6184
11470 5735.0 3.0989 4.8891 3.0989 1.0123 2.6676
11480 5740.0 3.0239 0.2862 3.0239 0.9612 2.6642
11490 5745.0 2.9585 0.8608 2.9585 0.9972 2.6251
11500 5750.0 3.0585 1.7098 3.0585 0.9807 2.6704
11510 5755.0 3.0701 2.4586 3.0701 0.9905 2.6329
11520 5760.0 2.9762 0.2841 2.9762 0.9885 2.5402
11530 5765.0 3.0012 0.0007 3.0012 1.0024 2.5206
11540 5770.0 3.0780 3.0440 3.0780 0.9803 2.5600
11550 5775.0 2.9863 0.0933 2.9863 1.0178 2.4435
11560 5780.0 2.9441 1.5626 2.9441 0.9665 2.4213
11570 5785.0 3.0106 0.0560 3.0106 1.0138 2.4270
11580 5790.0 3.0506 1.2799 3.0506 0.9797 2.4604
11590 5795.0 3.0280 0.3917 3.0280 1.0145 2.3990
11600 5800.0 3.0051 0.0128 3.0051 0.9778 2.3786
11610 5805.0 3.0153 0.1168 3.0153 1.0230 2.3734
11620 5810.0 3.0305 0.4638 3.0305 0.9684 2.4068
11630 5815.0 3.0365 0.6645 3.0365 1.0221 2.3558
11640 5820.0 3.0460 1.0589 3.0460 0.9671 2.3910
11650 5825.0 3.0322 0.5176 3.0322 1.0216 2.4037
11660 5830.0 3.0274 0.3749 3.0274 0.9674 2.4772
11670 5835.0 3.0191 0.1815 3.0191 1.0070 2.4688
11680 5840.0 3.0118 0.0701 3.0118 0.9632 2.5151
11690 5845.0 2.9701 0.4477 2.9701 1.0060 2.5672
11700 5850.0 2.9899 0.0512 2.9899 0.9747 2.6300
11710 5855.0 3.0293 0.4299 3.0293 0.9891 2.6042
11720 5860.0 3.0144 0.1034 3.0144 0.9884 2.5819
11730 5865.0 2.9796 0.2090 2.9796 0.9642 2.5360
11740 5870.0 2.9774 0.2563 2.9774 1.0033 2.4711
11750 5875.0 3.0199 0.1983 3.0199 0.9625 2.5164
11760 5880.0 2.9983 0.0014 2.9983 1.0008 2.5266
11770 5885.0 3.0173 0.1491 3.0173 0.9539 2.6209
11780 5890.0 3.0216 0.2330 3.0216 0.9981 2.6361
11790 5895.0 3.0194 0.1881 3.0194 0.9643 2.6353
11800 5900.0 2.9924 0.0290 2.9924 0.9925 2.6114
11810 5905.0 2.9899 0.0507 2.9899 0.9776 2.6825
11820 5910.0 3.0201 0.2016 3.0201 0.9820 2.6810
11830 5915.0 3.0073 0.0270 3.0073 0.9777 2.6874
11840 5920.0 2.9752 0.3078 2.9752 0.9765 2.6738
11850 5925.0 3.0175 0.1527 3.0175 0.9949 2.6663
11860 5930.0 3.0554 1.5329 3.0554 0.9830 2.6367
11870 5935.0 3.0300 0.4507 3.0300 1.0035 2.5674
11880 5940.0 2.9882 0.0693 2.9882 0.9955 2.4932
11890 5945.0 2.9849 0.1135 2.9849 0.9738 2.4462
11900 5950.0 3.0194 0.1878 3.0194 1.0093 2.4382
11910 5955.0 3.0474 1.1231 3.0474 0.9779 2.4667
11920 5960.0 3.0091 0.0412 3.0091 0.9974 2.4210
11930 5965.0 2.9672 0.5380 2.9672 0.9728 2.3978
11940 5970.0 3.0121 0.0728 3.0121 1.0072 2.4257
11950 5975.0 3.0508 1.2898 3.0508 0.9658 2.5178
11960 5980.0 2.9915 0.0362 2.9915 1.0158 2.5273
11970 5985.0 2.9696 0.4633 2.9696 0.9623 2.5839
11980 5990.0 3.0268 0.3581 3.0268 1.0047 2.6451
11990 5995.0 3.0624 1.9450 3.0624 0.9588 2.7189
12000 6000.0 2.9680 0.5120 2.9680 1.0174 2.6399
12010 6005.0 2.9720 0.3931 2.9720 0.9628 2.7042
12020 6010.0 3.0174 0.1513 3.0174 1.0044 2.7027
12030 6015.0 3.0297 0.4412 3.0297 0.9754 2.7070
12040 6020.0 2.9903 0.0475 2.9903 0.9902 2.6658
12050 6025.0 2.9692 0.4758 2.9692 0.9834 2.6245
12060 6030.0 3.0345 0.5960 3.0345 0.9850 2.5731
12070 6035.0 3.0537 1.4441 3.0537 0.9878 2.4895
12080 6040.0 2.9544 1.0416 2.9544 0.9787 2.3455
12090 6045.0 2.9307 2.4025 2.9307 0.9827 2.2367
12100 6050.0 3.0297 0.4410 3.0297 0.9926 2.2308
12110 6055.0 3.0418 0.8722 3.0418 0.9924 2.2206
12120 6060.0 2.9770 0.2643 2.9770 0.9932 2.1813
12130 6065.0 3.0075 0.0280 3.0075 0.9902 2.2124
12140 6070.0 3.0183 0.1667 3.0183 0.9971 2.2457
12150 6075.0 2.9476 1.3720 2.9476 0.9869 2.2567
12160 6080.0 2.9531 1.0982 2.9531 0.9789 2.3234
12170 6085.0 3.0771 2.9707 3.0771 1.0149 2.4416
12180 6090.0 3.1228 7.5432 3.1228 0.9901 2.5335
12190 6095.0 3.0081 0.0332 3.0081 1.0008 2.4791
12200 6100.0 2.9705 0.4339 2.9705 0.9681 2.4712
12210 6105.0 3.0119 0.0712 3.0119 1.0056 2.4851
12220 6110.0 3.0801 3.2078 3.0801 0.9672 2.6076
12230 6115.0 3.0748 2.7999 3.0748 1.0142 2.6730
12240 6120.0 3.0419 0.8771 3.0419 0.9698 2.6802
12250 6125.0 2.9966 0.0057 2.9966 0.9962 2.5900
12260 6130.0 2.9695 0.4646 2.9695 0.9693 2.5246
12270 6135.0 2.9678 0.5199 2.9678 0.9619 2.5513
12280 6140.0 3.0264 0.3494 3.0264 1.0051 2.6134
12290 6145.0 3.1257 7.9065 3.1257 0.9799 2.6514
12300 6150.0 3.0437 0.9561 3.0437 1.0104 2.5337
12310 6155.0 2.9410 1.7389 2.9410 0.9730 2.4082
12320 6160.0 2.9413 1.7230 2.9413 1.0014 2.3547
12330 6165.0 3.0264 0.3491 3.0264 0.9814 2.4281
12340 6170.0 3.0788 3.1069 3.0788 1.0163 2.4893
12350 6175.0 3.0474 1.1254 3.0474 0.9896 2.5049
12360 6180.0 3.0055 0.0151 3.0055 0.9972 2.4590
12370 6185.0 3.0097 0.0474 3.0097 1.0007 2.4914
12380 6190.0 3.0352 0.6203 3.0352 0.9865 2.6131
12390 6195.0 3.0373 0.6969 3.0373 0.9969 2.6222
12400 6200.0 3.0565 1.5934 3.0565 0.9863 2.5962
12410 6205.0 3.0135 0.0905 3.0135 0.9842 2.6774
12420 6210.0 2.9697 0.4588 2.9697 0.9703 2.6667
12430 6215.0 2.9778 0.2456 2.9778 0.9861 2.5935
12440 6220.0 3.0808 3.2638 3.0808 0.9877 2.6033
12450 6225.0 3.0561 1.5734 3.0561 0.9892 2.6356
12460 6230.0 2.9625 0.7031 2.9625 0.9677 2.6914
12470 6235.0 2.9253 2.7910 2.9253 0.9751 2.6802
12480 6240.0 3.0096 0.0457 3.0096 0.9796 2.7363
12490 6245.0 3.0915 4.1881 3.0915 0.9919 2.6526
12500 6250.0 2.9975 0.0032 2.9975 0.9864 2.7310
12510 6255.0 2.9108 3.9824 2.9108 0.9568 2.7043
12520 6260.0 2.9957 0.0094 2.9957 1.0011 2.7368
12530 6265.0 3.0869 3.7729 3.0869 0.9796 2.6831
12540 6270.0 2.9947 0.0141 2.9947 0.9945 2.7906
12550 6275.0 2.9572 0.9161 2.9572 0.9669 2.8090
12560 6280.0 2.9836 0.1341 2.9836 0.9805 2.7826
12570 6285.0 2.9818 0.1653 2.9818 0.9758 2.7730
12580 6290.0 2.9758 0.2921 2.9758 0.9944 2.7704
12590 6295.0 3.0541 1.4638 3.0541 0.9687 2.6892
12600 6300.0 3.0212 0.2242 3.0212 1.0010 2.7308
12610 6305.0 2.9520 1.1519 2.9520 0.9772 2.8024
12620 6310.0 2.9765 0.2767 2.9765 0.9691 2.7938
12630 6315.0 3.0148 0.1093 3.0148 1.0007 2.7916
12640 6320.0 2.9877 0.0753 2.9877 0.9548 2.8173
12650 6325.0 2.9928 0.0260 2.9928 1.0167 2.7654
12660 6330.0 3.0735 2.7002 3.0735 0.9632 2.7650
12670 6335.0 3.0055 0.0152 3.0055 1.0184 2.7017
12680 6340.0 2.9413 1.7255 2.9413 0.9416 2.6945
12690 6345.0 2.9810 0.1802 2.9810 1.0227 2.6383
12700 6350.0 3.1255 7.8725 3.1255 0.9564 2.6462
12710 6355.0 3.0173 0.1489 3.0173 1.0116 2.6472
12720 6360.0 2.8609 9.6715 2.8609 0.9509 2.5844
12730 6365.0 2.9872 0.0818 2.9872 1.0301 2.6251
12740 6370.0 3.1259 7.9195 3.1259 0.9378 2.5831
12750 6375.0 3.0026 0.0034 3.0026 1.0450 2.6586
12760 6380.0 2.9081 4.2245 2.9081 0.9527 2.6502
12770 6385.0 3.0781 3.0528 3.0781 1.0554 2.6393
12780 6390.0 3.1075 5.7776 3.1075 0.9479 2.5879
12790 6395.0 3.0131 0.0861 3.0131 1.0621 2.6049
12800 6400.0 3.0038 0.0071 3.0038 0.9729 2.6152
12810 6405.0 3.0848 3.5985 3.0848 1.0460 2.6062
12820 6410.0 3.0365 0.6662 3.0365 1.0123 2.5678
12830 6415.0 3.0163 0.1336 3.0163 0.9984 2.5601
12840 6420.0 3.0582 1.6940 3.0582 1.0339 2.5803
12850 6425.0 3.0309 0.4786 3.0309 0.9719 2.6134
12860 6430.0 2.9616 0.7364 2.9616 1.0395 2.5388
12870 6435.0 2.9711 0.4169 2.9711 0.9758 2.6192
12880 6440.0 3.0430 0.9230 3.0430 1.0242 2.6804
12890 6445.0 3.0191 0.1831 3.0191 0.9738 2.7107
12900 6450.0 3.0154 0.1186 3.0154 1.0155 2.6620
12910 6455.0 3.0256 0.3271 3.0256 0.9811 2.6630
12920 6460.0 3.0060 0.0182 3.0060 1.0015 2.6278
12930 6465.0 3.0374 0.7008 3.0374 0.9887 2.6486
12940 6470.0 3.0351 0.6154 3.0351 0.9704 2.6494
12950 6475.0 2.9503 1.2348 2.9503 1.0163 2.6021
12960 6480.0 2.9914 0.0369 2.9914 0.9361 2.5949
12970 6485.0 3.0226 0.2559 3.0226 1.0410 2.5634
12980 6490.0 3.0663 2.1959 3.0663 0.9319 2.6621
12990 6495.0 2.9086 4.1804 2.9086 1.0218 2.5899
13000 6500.0 2.9032 4.6890 2.9032 0.9480 2.5886
13010 6505.0 3.0032 0.0050 3.0032 0.9878 2.6317
13020 6510.0 3.1407 9.8992 3.1407 1.0123 2.6438
13030 6515.0 3.0321 0.5155 3.0321 0.9897 2.6164
13040 6520.0 2.9505 1.2256 2.9505 0.9928 2.5177
13050 6525.0 3.0599 1.7954 3.0599 0.9886 2.5433
13060 6530.0 3.0860 3.6978 3.0860 1.0039 2.5805
13070 6535.0 3.0213 0.2269 3.0213 0.9902 2.6100
13080 6540.0 3.0593 1.7589 3.0593 1.0097 2.6280
13090 6545.0 3.0518 1.3393 3.0518 0.9957 2.5677
13100 6550.0 2.9436 1.5917 2.9436 0.9990 2.4852
13110 6555.0 2.9533 1.0909 2.9533 0.9751 2.5878
13120 6560.0 3.0740 2.7374 3.0740 1.0158 2.7505
13130 6565.0 3.0171 0.1466 3.0171 0.9605 2.7387
13140 6570.0 2.8957 5.4363 2.8957 1.0070 2.6441
13150 6575.0 3.0394 0.7755 3.0394 0.9721 2.7503
13160 6580.0 3.1025 5.2528 3.1025 1.0084 2.7583
13170 6585.0 2.9249 2.8198 2.9249 0.9799 2.6224
13180 6590.0 2.9471 1.4010 2.9471 0.9843 2.6462
13190 6595.0 3.1321 8.7186 3.1321 1.0148 2.7405
13200 6600.0 3.0542 1.4715 3.0542 0.9782 2.7499
13210 6605.0 2.8747 7.8496 2.8747 0.9999 2.5621
13220 6610.0 3.0123 0.0752 3.0123 0.9821 2.6555
13230 6615.0 3.1250 7.8066 3.1250 1.0249 2.7552
13240 6620.0 2.9785 0.2315 2.9785 0.9829 2.6865
13250 6625.0 2.9319 2.3179 2.9319 0.9786 2.6236
13260 6630.0 3.0882 3.8859 3.0882 1.0132 2.7236
13270 6635.0 3.1488 11.0700 3.1488 0.9911 2.7459
13280 6640.0 2.9825 0.1528 2.9825 1.0181 2.6429
13290 6645.0 2.9842 0.1243 2.9842 0.9558 2.6781
13300 6650.0 3.0242 0.2937 3.0242 1.0415 2.6279
13310 6655.0 3.1147 6.5796 3.1147 0.9518 2.7381
13320 6660.0 2.9981 0.0019 2.9981 1.0273 2.6821
13330 6665.0 2.9730 0.3642 2.9730 0.9444 2.6532
13340 6670.0 3.0115 0.0657 3.0115 1.0212 2.7081
13350 6675.0 3.0595 1.7720 3.0595 0.9630 2.7289
13360 6680.0 2.9851 0.1117 2.9851 1.0056 2.6667
13370 6685.0 2.9530 1.1045 2.9530 0.9802 2.6509
13380 6690.0 3.0207 0.2135 3.0207 0.9936 2.7133
13390 6695.0 3.0604 1.8251 3.0604 0.9961 2.7367
13400 6700.0 3.0152 0.1154 3.0152 0.9938 2.7238
13410 6705.0 2.9840 0.1284 2.9840 1.0009 2.7468
13420 6710.0 3.0801 3.2120 3.0801 0.9712 2.7914
13430 6715.0 3.1006 5.0624 3.1006 1.0203 2.7312
13440 6720.0 2.9920 0.0320 2.9920 0.9749 2.6813
13450 6725.0 2.9413 1.7237 2.9413 0.9994 2.6374
13460 6730.0 3.0248 0.3069 3.0248 0.9867 2.6658
13470 6735.0 3.0762 2.9042 3.0762 1.0177 2.6449
13480 6740.0 3.0316 0.4980 3.0316 0.9987 2.6323
13490 6745.0 2.9946 0.0146 2.9946 1.0056 2.6608
13500 6750.0 3.0422 0.8912 3.0422 1.0031 2.6972
13510 6755.0 3.0425 0.9039 3.0425 0.9884 2.6090
13520 6760.0 3.0058 0.0170 3.0058 1.0264 2.5173
13530 6765.0 3.0353 0.6237 3.0353 0.9800 2.5972
13540 6770.0 3.0815 3.3180 3.0815 1.0316 2.6255
13550 6775.0 3.0526 1.3816 3.0526 0.9786 2.5775
13560 6780.0 2.9753 0.3040 2.9753 1.0350 2.4540
13570 6785.0 3.0317 0.5039 3.0317 0.9825 2.5289
13580 6790.0 3.0789 3.1158 3.0789 1.0379 2.6216
13590 6795.0 3.0092 0.0423 3.0092 0.9763 2.6643
13600 6800.0 2.9362 2.0359 2.9362 1.0182 2.5821
13610 6805.0 3.0131 0.0863 3.0131 0.9892 2.6167
13620 6810.0 3.0516 1.3315 3.0516 0.9960 2.6910
13630 6815.0 2.9660 0.5784 2.9660 0.9903 2.7264
13640 6820.0 2.9572 0.9164 2.9572 0.9931 2.7643
13650 6825.0 3.0368 0.6768 3.0368 0.9908 2.7286
13660 6830.0 3.0038 0.0074 3.0038 0.9882 2.7635
13670 6835.0 2.9755 0.3006 2.9755 0.9767 2.7652
13680 6840.0 3.0009 0.0004 3.0009 0.9967 2.7229
13690 6845.0 3.0237 0.2809 3.0237 0.9901 2.7354
13700 6850.0 3.0443 0.9815 3.0443 0.9973 2.7647
13710 6855.0 3.0277 0.3839 3.0277 0.9904 2.7499
13720 6860.0 2.9938 0.0193 2.9938 1.0046 2.7143
13730 6865.0 2.9929 0.0251 2.9929 0.9889 2.6890
13740 6870.0 2.9860 0.0974 2.9860 1.0065 2.5975
13750 6875.0 2.9866 0.0898 2.9866 0.9665 2.5938
13760 6880.0 2.9922 0.0302 2.9922 1.0109 2.5650
13770 6885.0 3.0295 0.4337 3.0295 0.9859 2.5963
13780 6890.0 3.0256 0.3278 3.0256 0.9995 2.5545
13790 6895.0 2.9926 0.0276 2.9926 0.9712 2.5059
13800 6900.0 3.0041 0.0085 3.0041 1.0139 2.4721
13810 6905.0 3.0387 0.7477 3.0387 0.9741 2.4914
13820 6910.0 3.0218 0.2372 3.0218 1.0176 2.4177
13830 6915.0 3.0151 0.1145 3.0151 0.9729 2.3926
13840 6920.0 3.0032 0.0052 3.0032 1.0133 2.3728
13850 6925.0 3.0225 0.2538 3.0225 0.9660 2.3847
13860 6930.0 2.9907 0.0431 2.9907 1.0177 2.3329
13870 6935.0 3.0065 0.0211 3.0065 0.9596 2.3858
13880 6940.0 3.0164 0.1353 3.0164 1.0097 2.4338
13890 6945.0 3.0070 0.0247 3.0070 0.9536 2.4769
13900 6950.0 2.9556 0.9856 2.9556 1.0178 2.4397
13910 6955.0 3.0275 0.3786 3.0275 0.9602 2.4936
13920 6960.0 3.0376 0.7055 3.0376 1.0158 2.4820
13930 6965.0 3.0190 0.1804 3.0190 0.9709 2.4739
13940 6970.0 2.9839 0.1293 2.9839 0.9935 2.4397
13950 6975.0 3.0301 0.4527 3.0301 0.9839 2.4404
13960 6980.0 3.0657 2.1612 3.0657 0.9881 2.4553
13970 6985.0 3.0246 0.3033 3.0246 1.0010 2.4439
13980 6990.0 3.0025 0.0031 3.0025 0.9636 2.4685
13990 6995.0 2.9801 0.1989 2.9801 1.0213 2.4114
14000 7000.0 3.0650 2.1114 3.0650 0.9413 2.4986
14010 7005.0 3.0095 0.0454 3.0095 1.0505 2.4481
14020 7010.0 3.0180 0.1622 3.0180 0.9412 2.5352
14030 7015.0 3.0103 0.0532 3.0103 1.0442 2.4884
14040 7020.0 3.0796 3.1656 3.0796 0.9446 2.5113
14050 7025.0 3.0114 0.0651 3.0114 1.0286 2.4050
14060 7030.0 2.9679 0.5154 2.9679 0.9566 2.4207
14070 7035.0 2.9777 0.2477 2.9777 1.0288 2.3891
14080 7040.0 3.0255 0.3245 3.0255 0.9487 2.4349
14090 7045.0 2.9948 0.0136 2.9948 1.0125 2.3805
14100 7050.0 3.0024 0.0028 3.0024 0.9635 2.4610
14110 7055.0 3.0382 0.7300 3.0382 1.0076 2.5508
14120 7060.0 3.0497 1.2370 3.0497 0.9702 2.6051
14130 7065.0 3.0316 0.4992 3.0316 0.9936 2.5981
14140 7070.0 3.0310 0.4795 3.0310 0.9777 2.6588
14150 7075.0 3.0314 0.4939 3.0314 0.9877 2.7051
14160 7080.0 3.0488 1.1897 3.0488 0.9909 2.7113
14170 7085.0 3.0607 1.8418 3.0607 0.9946 2.6727
14180 7090.0 3.0174 0.1506 3.0174 1.0028 2.6006
14190 7095.0 3.0256 0.3271 3.0256 0.9804 2.6001
14200 7100.0 3.0018 0.0016 3.0018 1.0155 2.5451
14210 7105.0 3.0121 0.0727 3.0121 0.9772 2.5081
14220 7110.0 3.0013 0.0009 3.0013 1.0061 2.4366
14230 7115.0 3.0151 0.1146 3.0151 0.9629 2.4763
14240 7120.0 3.0604 1.8245 3.0604 1.0346 2.5306
14250 7125.0 3.0928 4.3052 3.0928 0.9687 2.6628
14260 7130.0 3.0066 0.0215 3.0066 1.0267 2.6181
14270 7135.0 2.9947 0.0141 2.9947 0.9629 2.6592
14280 7140.0 3.0036 0.0063 3.0036 1.0089 2.6981
14290 7145.0 2.9585 0.8597 2.9585 0.9572 2.6933
14300 7150.0 2.9773 0.2585 2.9773 1.0059 2.6727
14310 7155.0 3.0310 0.4808 3.0310 0.9532 2.6574
14320 7160.0 3.0117 0.0686 3.0117 1.0096 2.7011
14330 7165.0 2.9944 0.0156 2.9944 0.9616 2.6229
14340 7170.0 3.0670 2.2477 3.0670 1.0158 2.6114
14350 7175.0 3.0990 4.9045 3.0990 0.9802 2.6241
14360 7180.0 3.0111 0.0614 3.0111 1.0171 2.5067
14370 7185.0 2.9714 0.4090 2.9714 0.9820 2.4748
14380 7190.0 2.9994 0.0002 2.9994 0.9833 2.5031
14390 7195.0 3.1031 5.3196 3.1031 0.9968 2.5896
14400 7200.0 3.0780 3.0407 3.0780 0.9993 2.5821
14410 7205.0 3.0035 0.0062 3.0035 0.9802 2.5468
14420 7210.0 3.0463 1.0733 3.0463 0.9952 2.5685
14430 7215.0 3.1237 7.6531 3.1237 1.0196 2.6205
14440 7220.0 3.0295 0.4366 3.0295 0.9877 2.5626
14450 7225.0 2.9529 1.1111 2.9529 0.9979 2.4887
14460 7230.0 3.0331 0.5475 3.0331 0.9835 2.5583
14470 7235.0 3.0787 3.0963 3.0787 1.0105 2.6187
14480 7240.0 3.0197 0.1947 3.0197 0.9802 2.5859
14490 7245.0 2.9332 2.2282 2.9332 0.9973 2.5051
14500 7250.0 3.0468 1.0943 3.0468 0.9834 2.6115
14510 7255.0 3.1045 5.4601 3.1045 0.9988 2.6735
14520 7260.0 3.0310 0.4793 3.0310 1.0026 2.6453
14530 7265.0 2.9748 0.3180 2.9748 0.9717 2.6185
14540 7270.0 3.0112 0.0627 3.0112 1.0049 2.6191
14550 7275.0 3.0992 4.9191 3.0992 0.9893 2.6963
14560 7280.0 3.0539 1.4549 3.0539 1.0163 2.6572
14570 7285.0 3.0008 0.0003 3.0008 0.9860 2.6339
14580 7290.0 2.9943 0.0164 2.9943 1.0246 2.6019
14590 7295.0 3.0754 2.8447 3.0754 0.9822 2.6669
14600 7300.0 3.0633 2.0007 3.0633 1.0247 2.5881
14610 7305.0 3.0332 0.5516 3.0332 1.0099 2.5172
14620 7310.0 3.0453 1.0281 3.0453 1.0071 2.4869
14630 7315.0 3.0477 1.1387 3.0477 1.0347 2.4494
14640 7320.0 3.0749 2.8018 3.0749 0.9792 2.4673
14650 7325.0 3.0501 1.2526 3.0501 1.0569 2.3626
14660 7330.0 3.0450 1.0141 3.0450 0.9501 2.4018
14670 7335.0 3.0105 0.0555 3.0105 1.0610 2.3091
14680 7340.0 3.0765 2.9234 3.0765 0.9464 2.4386
14690 7345.0 3.1181 6.9719 3.1181 1.0700 2.4268
14700 7350.0 3.0149 0.1116 3.0149 0.9403 2.4388
14710 7355.0 2.9658 0.5851 2.9658 1.0729 2.3441
14720 7360.0 3.0665 2.2085 3.0665 0.9451 2.5242
14730 7365.0 3.0946 4.4736 3.0946 1.0898 2.4976
14740 7370.0 3.0651 2.1174 3.0651 0.9590 2.5867
14750 7375.0 3.0554 1.5333 3.0554 1.0647 2.5364
14760 7380.0 3.0634 2.0127 3.0634 1.0298 2.5786
14770 7385.0 2.9945 0.0151 2.9945 0.9904 2.5695
14780 7390.0 2.9842 0.1247 2.9842 1.0706 2.5371
14790 7395.0 3.0777 3.0164 3.0777 0.9555 2.6989
14800 7400.0 3.0428 0.9164 3.0428 1.0796 2.6185
14810 7405.0 2.9800 0.2003 2.9800 0.9472 2.6527
14820 7410.0 3.0446 0.9965 3.0446 1.0726 2.6402
14830 7415.0 3.0824 3.3926 3.0824 0.9702 2.7444
14840 7420.0 3.0170 0.1450 3.0170 1.0482 2.6487
14850 7425.0 2.9994 0.0002 2.9994 0.9439 2.6826
14860 7430.0 3.0844 3.5637 3.0844 1.0595 2.6603
14870 7435.0 3.0522 1.3635 3.0522 0.9762 2.6835
14880 7440.0 2.9454 1.4926 2.9454 1.0372 2.5686
14890 7445.0 3.0458 1.0505 3.0458 0.9653 2.6610
14900 7450.0 3.0849 3.6003 3.0849 1.0522 2.6780
14910 7455.0 2.9889 0.0611 2.9889 0.9660 2.6964
14920 7460.0 2.8814 7.0363 2.8814 1.0342 2.5786
14930 7465.0 3.0536 1.4357 3.0536 0.9381 2.6419
14940 7470.0 3.0553 1.5307 3.0553 1.0395 2.6065
14950 7475.0 2.9582 0.8737 2.9582 0.9425 2.5281
14960 7480.0 2.9585 0.8592 2.9585 1.0209 2.4677
14970 7485.0 3.0832 3.4636 3.0832 0.9621 2.5147
14980 7490.0 3.0334 0.5574 3.0334 1.0224 2.4817
14990 7495.0 2.9486 1.3201 2.9486 0.9406 2.4972
15000 7500.0 3.0237 0.2798 3.0237 1.0510 2.5753
15010 7505.0 3.1395 9.7321 3.1395 0.9318 2.6729
15020 7510.0 3.0368 0.6782 3.0368 1.0522 2.6622
15030 7515.0 2.9411 1.7355 2.9411 0.9425 2.5051
15040 7520.0 3.0151 0.1143 3.0151 1.0704 2.3818
15050 7525.0 3.1164 6.7750 3.1164 0.9355 2.5066
15060 7530.0 2.9841 0.1270 2.9841 1.0764 2.3951
15070 7535.0 2.9872 0.0815 2.9872 0.9418 2.4559
15080 7540.0 3.0217 0.2350 3.0217 1.0645 2.3927
15090 7545.0 3.0572 1.6363 3.0572 0.9652 2.4948
15100 7550.0 3.0427 0.9134 3.0427 1.0291 2.5629
15110 7555.0 3.0514 1.3218 3.0514 0.9725 2.6629
15120 7560.0 3.0348 0.6055 3.0348 1.0181 2.6495
15130 7565.0 3.0528 1.3946 3.0528 0.9646 2.6506
15140 7570.0 3.0498 1.2398 3.0498 1.0137 2.6163
15150 7575.0 3.0644 2.0720 3.0644 0.9629 2.6766
15160 7580.0 3.0169 0.1421 3.0169 1.0314 2.6182
15170 7585.0 2.9943 0.0160 2.9943 0.9556 2.5365
15180 7590.0 3.0091 0.0418 3.0091 1.0302 2.4064
15190 7595.0 3.0539 1.4528 3.0539 0.9490 2.4154
15200 7600.0 2.9965 0.0061 2.9965 1.0219 2.2936
15210 7605.0 2.9410 1.7414 2.9410 0.9559 2.2585
15220 7610.0 2.9272 2.6501 2.9272 1.0089 2.1942
15230 7615.0 3.0072 0.0260 3.0072 0.9758 2.2673
15240 7620.0 3.0280 0.3923 3.0280 1.0053 2.2786
15250 7625.0 3.0181 0.1631 3.0181 0.9793 2.2939
15260 7630.0 3.0092 0.0422 3.0092 1.0048 2.2829
15270 7635.0 2.9959 0.0082 2.9959 0.9731 2.2907
15280 7640.0 3.0215 0.2310 3.0215 1.0012 2.2806
15290 7645.0 3.0416 0.8638 3.0416 0.9774 2.2932
15300 7650.0 3.0170 0.1445 3.0170 1.0132 2.2640
15310 7655.0 3.0653 2.1352 3.0653 0.9762 2.3119
15320 7660.0 3.0661 2.1837 3.0661 1.0148 2.2458
15330 7665.0 3.0278 0.3875 3.0278 0.9773 2.1720
15340 7670.0 2.9543 1.0438 2.9543 1.0095 2.0748
15350 7675.0 3.0195 0.1906 3.0195 0.9864 2.1291
15360 7680.0 3.0277 0.3837 3.0277 1.0117 2.1186
15370 7685.0 2.9493 1.2842 2.9493 0.9736 2.1535
15380 7690.0 2.9671 0.5427 2.9671 1.0115 2.2258
15390 7695.0 3.0900 4.0482 3.0900 0.9761 2.3540
15400 7700.0 3.0075 0.0279 3.0075 1.0184 2.2750
15410 7705.0 2.9877 0.0755 2.9877 0.9641 2.2734
15420 7710.0 3.0742 2.7496 3.0742 1.0299 2.3171
15430 7715.0 3.0120 0.0722 3.0120 0.9686 2.3290
15440 7720.0 2.9091 4.1329 2.9091 1.0031 2.2571
15450 7725.0 2.9426 1.6460 2.9426 0.9664 2.3290
15460 7730.0 3.0267 0.3571 3.0267 1.0029 2.3983
15470 7735.0 3.0123 0.0752 3.0123 0.9641 2.4291
15480 7740.0 2.9553 1.0002 2.9553 0.9994 2.3770
15490 7745.0 2.9843 0.1234 2.9843 0.9678 2.4322
15500 7750.0 3.0440 0.9690 3.0440 1.0012 2.4692
15510 7755.0 3.0878 3.8518 3.0878 0.9631 2.5416
15520 7760.0 3.0166 0.1379 3.0166 1.0107 2.4928
15530 7765.0 2.9856 0.1030 2.9856 0.9737 2.5370
15540 7770.0 3.0714 2.5468 3.0714 1.0150 2.6069
15550 7775.0 3.0695 2.4127 3.0695 0.9667 2.6224
15560 7780.0 2.9654 0.5999 2.9654 1.0169 2.6159
15570 7785.0 3.0167 0.1392 3.0167 0.9733 2.6897
15580 7790.0 3.0674 2.2715 3.0674 1.0179 2.6602
15590 7795.0 3.0236 0.2790 3.0236 0.9890 2.7066
15600 7800.0 2.9648 0.6185 2.9648 0.9820 2.7003
15610 7805.0 2.9605 0.7821 2.9605 0.9903 2.7125
15620 7810.0 2.9659 0.5806 2.9659 0.9792 2.7275
15630 7815.0 3.0214 0.2284 3.0214 1.0007 2.7151
15640 7820.0 3.0032 0.0052 3.0032 0.9863 2.7147
15650 7825.0 2.9605 0.7814 2.9605 1.0058 2.7440
15660 7830.0 3.0142 0.1007 3.0142 0.9739 2.6795
15670 7835.0 3.0309 0.4769 3.0309 1.0242 2.6674
15680 7840.0 3.0376 0.7077 3.0376 0.9790 2.6568
15690 7845.0 2.9949 0.0132 2.9949 1.0039 2.6769
15700 7850.0 2.9807 0.1854 2.9807 0.9706 2.6668
15710 7855.0 2.9735 0.3504 2.9735 0.9860 2.6288
15720 7860.0 2.9920 0.0324 2.9920 0.9787 2.6281
15730 7865.0 3.0032 0.0050 3.0032 0.9895 2.6268
15740 7870.0 3.0275 0.3782 3.0275 0.9899 2.6339
15750 7875.0 3.0425 0.9034 3.0425 0.9833 2.6410
15760 7880.0 3.0202 0.2037 3.0202 1.0012 2.6126
15770 7885.0 3.0049 0.0121 3.0049 0.9932 2.6206
15780 7890.0 3.0831 3.4512 3.0831 1.0096 2.6543
15790 7895.0 2.9959 0.0084 2.9959 0.9987 2.6290
15800 7900.0 2.9455 1.4849 2.9455 1.0398 2.6120
15810 7905.0 3.0509 1.2956 3.0509 0.9779 2.6005
15820 7910.0 3.0813 3.3011 3.0813 1.0286 2.5986
15830 7915.0 2.9952 0.0113 2.9952 1.0146 2.6092
15840 7920.0 2.9726 0.3761 2.9726 0.9993 2.5595
15850 7925.0 3.0245 0.2995 3.0245 1.0113 2.5920
15860 7930.0 3.0236 0.2779 3.0236 1.0016 2.6120
15870 7935.0 2.9904 0.0457 2.9904 1.0075 2.6043
15880 7940.0 3.0250 0.3123 3.0250 1.0000 2.6584
15890 7945.0 3.0459 1.0551 3.0459 1.0062 2.6915
15900 7950.0 2.9555 0.9906 2.9555 0.9978 2.6445
15910 7955.0 2.9879 0.0731 2.9879 1.0020 2.6672
15920 7960.0 3.0946 4.4761 3.0946 1.0166 2.7271
15930 7965.0 3.0259 0.3361 3.0259 0.9765 2.6604
15940 7970.0 2.9732 0.3600 2.9732 0.9949 2.5663
15950 7975.0 3.1016 5.1621 3.1016 0.9999 2.6403
15960 7980.0 3.1326 8.7927 3.1326 0.9884 2.6294
15970 7985.0 2.9869 0.0853 2.9869 1.0127 2.4382
15980 7990.0 2.9682 0.5048 2.9682 1.0072 2.4056
15990 7995.0 3.0424 0.9004 3.0424 1.0171 2.4743
16000 8000.0 3.0114 0.0652 3.0114 1.0198 2.4992
16010 8005.0 2.9869 0.0863 2.9869 0.9694 2.5331
16020 8010.0 2.9967 0.0054 2.9967 1.0182 2.4897
16030 8015.0 3.0379 0.7169 3.0379 0.9817 2.5263
16040 8020.0 3.0430 0.9258 3.0430 1.0341 2.5773
16050 8025.0 2.9788 0.2239 2.9788 0.9636 2.6512
16060 8030.0 2.9571 0.9207 2.9571 1.0035 2.6566
16070 8035.0 3.0602 1.8143 3.0602 0.9774 2.6873
16080 8040.0 3.0492 1.2120 3.0492 1.0018 2.6968
16090 8045.0 2.9559 0.9728 2.9559 0.9692 2.6732
16100 8050.0 2.9713 0.4133 2.9713 0.9932 2.6386
16110 8055.0 3.0649 2.1057 3.0649 0.9834 2.6021
16120 8060.0 3.0453 1.0248 3.0453 1.0157 2.5085
16130 8065.0 2.9924 0.0290 2.9924 0.9735 2.4483
16140 8070.0 2.9809 0.1832 2.9809 1.0019 2.4144
16150 8075.0 3.0281 0.3935 3.0281 0.9783 2.4523
16160 8080.0 3.0248 0.3082 3.0248 1.0060 2.4346
16170 8085.0 3.0049 0.0121 3.0049 0.9719 2.4540
16180 8090.0 3.0200 0.1992 3.0200 0.9971 2.4761
16190 8095.0 3.0477 1.1363 3.0477 0.9740 2.5263
16200 8100.0 3.0140 0.0986 3.0140 0.9965 2.4834
16210 8105.0 2.9714 0.4086 2.9714 0.9829 2.4522
16220 8110.0 3.0121 0.0729 3.0121 1.0025 2.4551
16230 8115.0 3.0368 0.6763 3.0368 0.9866 2.4464
16240 8120.0 3.0095 0.0455 3.0095 1.0098 2.3728
16250 8125.0 3.0264 0.3476 3.0264 0.9875 2.3601
16260 8130.0 3.0812 3.2961 3.0812 1.0253 2.3499
16270 8135.0 3.0401 0.8029 3.0401 0.9907 2.3045
16280 8140.0 2.9713 0.4129 2.9713 1.0509 2.1955
16290 8145.0 2.9768 0.2699 2.9768 0.9628 2.2470
16300 8150.0 3.0619 1.9171 3.0619 1.0787 2.2621
16310 8155.0 3.0886 3.9219 3.0886 0.9515 2.3727
16320 8160.0 3.0291 0.4229 3.0291 1.0931 2.2935
16330 8165.0 2.9466 1.4232 2.9466 0.9195 2.3978
16340 8170.0 2.9597 0.8124 2.9597 1.0781 2.3789
16350 8175.0 3.1524 11.6056 3.1524 0.9394 2.6239
16360 8180.0 3.0569 1.6195 3.0569 1.0938 2.4879
16370 8185.0 2.9444 1.5456 2.9444 0.9138 2.5429
16380 8190.0 2.9585 0.8630 2.9585 1.0859 2.4562
16390 8195.0 3.1387 9.6238 3.1387 0.9346 2.6802
16400 8200.0 3.0475 1.1273 3.0475 1.0654 2.6153
16410 8205.0 2.9413 1.7205 2.9413 0.9356 2.6521
16420 8210.0 2.9552 1.0042 2.9552 1.0160 2.5770
16430 8215.0 3.1024 5.2428 3.1024 0.9625 2.6265
16440 8220.0 3.0247 0.3062 3.0247 1.0131 2.5441
16450 8225.0 2.9218 3.0540 2.9218 0.9596 2.5329
16460 8230.0 2.9704 0.4378 2.9704 1.0078 2.4736
16470 8235.0 3.1059 5.6026 3.1059 0.9767 2.5001
16480 8240.0 3.0074 0.0271 3.0074 0.9938 2.3912
16490 8245.0 2.9023 4.7773 2.9023 0.9726 2.3246
16500 8250.0 3.0004 0.0001 3.0004 1.0078 2.3961
16510 8255.0 3.1162 6.7479 3.1162 0.9794 2.5096
16520 8260.0 3.0169 0.1433 3.0169 1.0100 2.4349
16530 8265.0 2.9685 0.4970 2.9685 0.9823 2.4191
16540 8270.0 3.0851 3.6235 3.0851 1.0289 2.4887
16550 8275.0 3.0206 0.2132 3.0206 1.0076 2.4667
16560 8280.0 2.9745 0.3252 2.9745 1.0065 2.5028
16570 8285.0 3.1235 7.6244 3.1235 1.0160 2.6157
16580 8290.0 3.1594 12.7059 3.1594 0.9777 2.5919
16590 8295.0 2.9704 0.4391 2.9704 1.0628 2.3597
16600 8300.0 2.9034 4.6613 2.9034 0.9456 2.3706
16610 8305.0 3.0817 3.3388 3.0817 1.0759 2.4061
16620 8310.0 3.0365 0.6659 3.0365 0.9250 2.4408
16630 8315.0 2.9333 2.2225 2.9333 1.0804 2.2437
16640 8320.0 2.9777 0.2495 2.9777 0.9231 2.3612
16650 8325.0 3.0895 4.0066 3.0895 1.0752 2.3566
16660 8330.0 3.0183 0.1669 3.0183 0.9350 2.3806
16670 8335.0 2.9358 2.0581 2.9358 1.0616 2.2308
16680 8340.0 3.0514 1.3234 3.0514 0.9389 2.3716
16690 8345.0 3.1061 5.6309 3.1061 1.0516 2.3865
16700 8350.0 3.0653 2.1297 3.0653 0.9396 2.4335
16710 8355.0 2.9920 0.0323 2.9920 1.0183 2.3515
16720 8360.0 3.0055 0.0152 3.0055 0.9641 2.3853
16730 8365.0 3.0453 1.0252 3.0453 0.9846 2.4507
16740 8370.0 3.0516 1.3295 3.0516 0.9833 2.5374
16750 8375.0 3.0337 0.5670 3.0337 0.9977 2.5018
16760 8380.0 3.0452 1.0218 3.0452 0.9820 2.4121
16770 8385.0 3.0289 0.4185 3.0289 0.9711 2.3611
16780 8390.0 2.9828 0.1487 2.9828 1.0187 2.3041
16790 8395.0 3.0290 0.4196 3.0290 0.9589 2.3257
16800 8400.0 3.0795 3.1597 3.0795 1.0310 2.2802
16810 8405.0 3.0427 0.9099 3.0427 0.9552 2.2835
16820 8410.0 2.9429 1.6319 2.9429 1.0429 2.1766
16830 8415.0 3.0008 0.0003 3.0008 0.9410 2.3031
16840 8420.0 3.0339 0.5739 3.0339 1.0689 2.3068
16850 8425.0 2.9897 0.0527 2.9897 0.9380 2.4244
16860 8430.0 2.9579 0.8865 2.9579 1.0464 2.3988
16870 8435.0 3.0654 2.1376 3.0654 0.9482 2.5196
16880 8440.0 3.0389 0.7577 3.0389 1.0432 2.4973
16890 8445.0 2.9317 2.3344 2.9317 0.9522 2.5388
16900 8450.0 3.0178 0.1587 3.0178 1.0331 2.6341
16910 8455.0 3.0978 4.7858 3.0978 0.9550 2.7144
16920 8460.0 2.9810 0.1810 2.9810 1.0272 2.7198
16930 8465.0 2.9399 1.8062 2.9399 0.9499 2.7467
16940 8470.0 3.0208 0.2169 3.0208 1.0462 2.7539
16950 8475.0 2.9875 0.0777 2.9875 0.9569 2.7677
16960 8480.0 2.9275 2.6265 2.9275 1.0150 2.7225
16970 8485.0 3.0441 0.9703 3.0441 0.9708 2.7606
16980 8490.0 3.0291 0.4243 3.0291 1.0324 2.6196
16990 8495.0 2.9541 1.0545 2.9541 1.0137 2.5014
17000 8500.0 3.0167 0.1391 3.0167 0.9958 2.5206
17010 8505.0 3.1386 9.6108 3.1386 1.0207 2.5755
17020 8510.0 3.0874 3.8201 3.0874 0.9927 2.5398
17030 8515.0 2.9714 0.4076 2.9714 0.9950 2.4731
17040 8520.0 3.0086 0.0372 3.0086 0.9911 2.5117
17050 8525.0 3.0876 3.8383 3.0876 1.0175 2.5416
17060 8530.0 3.0508 1.2917 3.0508 0.9956 2.5590
17070 8535.0 2.9239 2.8920 2.9239 1.0299 2.4944
17080 8540.0 2.9937 0.0197 2.9937 0.9650 2.5982
17090 8545.0 3.1083 5.8682 3.1083 1.0406 2.6791
17100 8550.0 3.0412 0.8485 3.0412 0.9642 2.7278
17110 8555.0 2.9562 0.9570 2.9562 1.0335 2.6760
17120 8560.0 3.0319 0.5101 3.0319 0.9581 2.7186
17130 8565.0 3.0646 2.0855 3.0646 1.0480 2.5988
17140 8570.0 2.9946 0.0144 2.9946 0.9524 2.5344
17150 8575.0 3.0297 0.4408 3.0297 1.0319 2.4974
17160 8580.0 3.0850 3.6114 3.0850 0.9569 2.5729
17170 8585.0 3.0037 0.0068 3.0037 1.0394 2.4862
17180 8590.0 2.9536 1.0779 2.9536 0.9421 2.5264
17190 8595.0 2.9757 0.2962 2.9757 1.0370 2.4831
17200 8600.0 3.1090 5.9446 3.1090 0.9560 2.5618
17210 8605.0 3.0502 1.2579 3.0502 1.0277 2.4614
17220 8610.0 2.9586 0.8562 2.9586 0.9601 2.4138
17230 8615.0 2.9772 0.2592 2.9772 1.0195 2.3277
17240 8620.0 3.0472 1.1133 3.0472 0.9656 2.3722
17250 8625.0 3.0188 0.1767 3.0188 1.0226 2.3103
17260 8630.0 2.9837 0.1321 2.9837 0.9593 2.3442
17270 8635.0 3.0065 0.0208 3.0065 1.0261 2.3696
17280 8640.0 3.0969 4.6952 3.0969 0.9694 2.4934
17290 8645.0 3.0236 0.2780 3.0236 1.0047 2.4412
17300 8650.0 2.9635 0.6650 2.9635 0.9674 2.4236
17310 8655.0 3.0037 0.0067 3.0037 0.9973 2.4081
17320 8660.0 3.0270 0.3637 3.0270 0.9778 2.3983
17330 8665.0 2.9565 0.9452 2.9565 0.9880 2.3411
17340 8670.0 2.9618 0.7315 2.9618 0.9803 2.3752
17350 8675.0 3.0920 4.2363 3.0920 0.9888 2.4678
17360 8680.0 3.0903 4.0814 3.0903 0.9757 2.4418
17370 8685.0 2.9664 0.5659 2.9664 1.0034 2.3187
17380 8690.0 2.9286 2.5472 2.9286 0.9646 2.3234
17390 8695.0 3.0509 1.2978 3.0509 1.0123 2.4033
17400 8700.0 3.1204 7.2439 3.1204 0.9617 2.4871
17410 8705.0 2.9949 0.0130 2.9949 1.0082 2.3488
17420 8710.0 2.8853 6.5767 2.8853 0.9618 2.2734
17430 8715.0 2.9596 0.8157 2.9596 0.9965 2.2626
17440 8720.0 3.0859 3.6896 3.0859 0.9793 2.3448
17450 8725.0 2.9992 0.0003 2.9992 1.0079 2.2999
17460 8730.0 3.0017 0.0014 3.0017 0.9798 2.2922
17470 8735.0 3.0868 3.7686 3.0868 1.0223 2.2744
17480 8740.0 3.0369 0.6794 3.0369 0.9787 2.1921
17490 8745.0 2.9525 1.1268 2.9525 1.0010 2.0809
17500 8750.0 3.0866 3.7505 3.0866 0.9836 2.1698
17510 8755.0 3.1635 13.3632 3.1635 1.0136 2.2155
17520 8760.0 3.0032 0.0052 3.0032 0.9889 2.1343
17530 8765.0 2.9663 0.5663 2.9663 0.9962 2.1158
17540 8770.0 3.0634 2.0123 3.0634 0.9944 2.1765
17550 8775.0 3.0047 0.0109 3.0047 0.9910 2.1636
17560 8780.0 2.9292 2.5031 2.9292 0.9812 2.1804
17570 8785.0 2.9758 0.2924 2.9758 0.9979 2.2353
17580 8790.0 3.1014 5.1387 3.1014 0.9956 2.3211
17590 8795.0 3.0445 0.9910 3.0445 0.9868 2.3091
17600 8800.0 2.8992 5.0786 2.8992 0.9865 2.2662
17610 8805.0 2.9517 1.1683 2.9517 0.9931 2.3381
17620 8810.0 3.0726 2.6381 3.0726 0.9970 2.4713
17630 8815.0 3.0207 0.2144 3.0207 0.9860 2.5130
17640 8820.0 2.9366 2.0086 2.9366 1.0057 2.5008
17650 8825.0 3.0506 1.2792 3.0506 0.9838 2.6224
17660 8830.0 3.1528 11.6812 3.1528 1.0001 2.7100
17670 8835.0 3.0322 0.5200 3.0322 0.9850 2.6142
17680 8840.0 2.9720 0.3930 2.9720 0.9879 2.5532
17690 8845.0 3.0911 4.1470 3.0911 0.9973 2.5843
17700 8850.0 3.1026 5.2598 3.1026 1.0223 2.5105
17710 8855.0 2.9450 1.5108 2.9450 1.0020 2.3498
17720 8860.0 3.0037 0.0068 3.0037 0.9818 2.3940
17730 8865.0 3.1100 6.0470 3.1100 1.0203 2.4570
17740 8870.0 2.9749 0.3145 2.9749 0.9829 2.3758
17750 8875.0 2.8929 5.7337 2.8929 0.9844 2.3007
17760 8880.0 3.0478 1.1443 3.0478 1.0019 2.3603
17770 8885.0 3.1097 6.0212 3.1097 0.9861 2.4198
17780 8890.0 2.9744 0.3288 2.9744 1.0010 2.3421
17790 8895.0 2.9524 1.1331 2.9524 0.9574 2.3410
17800 8900.0 3.0208 0.2157 3.0208 1.0323 2.2849
17810 8905.0 3.0920 4.2294 3.0920 0.9795 2.3628
17820 8910.0 2.9948 0.0133 2.9948 1.0191 2.3638
17830 8915.0 3.0388 0.7515 3.0388 0.9736 2.4819
17840 8920.0 3.1085 5.8897 3.1085 1.0122 2.5592
17850 8925.0 2.9627 0.6968 2.9627 0.9616 2.4699
17860 8930.0 2.9702 0.4440 2.9702 1.0081 2.4380
17870 8935.0 3.1088 5.9147 3.1088 0.9593 2.5577
17880 8940.0 3.0234 0.2741 3.0234 0.9966 2.4621
17890 8945.0 2.9148 3.6319 2.9148 0.9685 2.3791
17900 8950.0 3.0353 0.6242 3.0353 1.0120 2.4149
17910 8955.0 3.1148 6.5857 3.1148 0.9673 2.4956
17920 8960.0 3.0216 0.2325 3.0216 1.0221 2.3888
17930 8965.0 2.9801 0.1971 2.9801 0.9712 2.3866
17940 8970.0 3.0585 1.7087 3.0585 1.0376 2.4056
17950 8975.0 3.0592 1.7515 3.0592 0.9725 2.4598
17960 8980.0 2.9794 0.2130 2.9794 1.0164 2.3964
17970 8985.0 3.0494 1.2190 3.0494 0.9769 2.4820
17980 8990.0 3.1111 6.1670 3.1111 1.0050 2.5142
17990 8995.0 2.9529 1.1102 2.9529 0.9771 2.3960
18000 9000.0 2.8490 11.4062 2.8490 0.9890 2.2918
