# step  time_fs  cv_FeH(A)  bias(kJ/mol)  d_min_FeH(A)  d_min_OH(A)  d_min_SH(A)
0 0.0 1.7182 26.8584 1.7182 2.5114 2.4126
10 5.0 1.8885 1.8897 1.8885 2.4248 2.2503
20 10.0 1.8987 1.3153 1.8987 2.4648 2.1723
30 15.0 1.7652 17.0814 1.7652 2.6258 2.2051
40 20.0 1.7762 15.1041 1.7762 2.6091 2.2045
50 25.0 1.8103 9.7584 1.8103 2.4897 2.1568
60 30.0 1.9231 0.3621 1.9231 2.4069 2.1328
70 35.0 1.9150 0.6128 1.9150 2.3948 1.9802
80 40.0 1.8044 10.6015 1.8044 2.4478 1.6942
90 45.0 1.8008 11.1285 1.8008 2.5004 1.3555
100 50.0 2.0433 4.3484 2.0433 2.3664 1.3742
110 55.0 2.0364 3.7360 2.0364 2.3869 1.5153
120 60.0 1.7227 25.8353 1.7227 2.5883 1.4701
130 65.0 1.8536 4.6421 1.8536 2.4556 1.4978
140 70.0 2.0095 1.7691 2.0095 2.2323 1.5032
150 75.0 1.8880 1.9246 1.8880 2.2068 1.3871
160 80.0 1.8333 6.8122 1.8333 2.2989 1.4235
170 85.0 1.8549 4.5207 1.8549 2.4883 1.5521
180 90.0 1.8422 5.8153 1.8422 2.6327 1.5496
190 95.0 1.9353 0.1077 1.9353 2.6795 1.3884
200 100.0 2.0074 1.6489 2.0074 2.7339 1.3653
210 105.0 1.9294 0.2131 1.9294 2.7616 1.4871
220 110.0 1.8121 9.5029 1.8121 2.8059 1.4298
230 115.0 1.9229 0.3661 1.9229 2.8036 1.4186
240 120.0 2.0285 3.0799 2.0285 2.7038 1.4160
250 125.0 1.9036 1.0742 1.9036 2.6880 1.3982
260 130.0 1.8527 4.7301 1.8527 2.6132 1.5098
270 135.0 1.8338 6.7557 1.8338 2.4327 1.6028
280 140.0 1.8171 8.8280 1.8171 2.3807 1.5394
290 145.0 1.9579 0.0311 1.9579 2.5156 1.3739
300 150.0 1.9518 0.0017 1.9518 2.7486 1.3716
310 155.0 1.9008 1.2110 1.9008 2.8100 1.5351
320 160.0 1.8590 4.1408 1.8590 2.6972 1.5901
330 165.0 1.8751 2.8024 1.8751 2.7083 1.4598
340 170.0 1.9771 0.3672 1.9771 2.7721 1.2871
350 175.0 2.0493 4.9254 2.0493 2.6728 1.4164
360 180.0 1.9103 0.7873 1.9103 2.7346 1.4581
370 185.0 1.8051 10.5026 1.8051 2.9345 1.4193
380 190.0 1.9691 0.1834 1.9691 2.7782 1.4611
390 195.0 1.9226 0.3749 1.9226 2.5459 1.4280
400 200.0 1.7687 16.4363 1.7687 2.4596 1.4350
410 205.0 1.9111 0.7568 1.9111 2.7062 1.4509
420 210.0 1.8583 4.2064 1.8583 2.9033 1.4887
430 215.0 1.8807 2.4030 1.8807 2.9274 1.4609
440 220.0 1.9848 0.6058 1.9848 2.8287 1.3756
450 225.0 1.9567 0.0226 1.9567 2.7666 1.3984
460 230.0 1.8604 4.0140 1.8604 2.7323 1.4561
470 235.0 1.9022 1.1403 1.9022 2.7265 1.4189
480 240.0 1.9662 0.1311 1.9662 2.7135 1.3779
490 245.0 1.9117 0.7318 1.9117 2.7418 1.4006
500 250.0 1.8921 1.6736 1.8921 2.7366 1.4456
510 255.0 1.9471 0.0043 1.9471 2.7927 1.3529
520 260.0 1.9482 0.0017 1.9482 2.7892 1.3805
530 265.0 1.8744 2.8595 1.8744 2.7942 1.4517
540 270.0 1.9408 0.0420 1.9408 2.8020 1.3466
550 275.0 2.0016 1.3333 2.0016 2.7030 1.3677
560 280.0 1.8745 2.8525 1.8745 2.7081 1.4569
570 285.0 1.8574 4.2871 1.8574 2.7650 1.3949
580 290.0 1.9791 0.4242 1.9791 2.7408 1.3562
590 295.0 1.9601 0.0509 1.9601 2.7246 1.4255
600 300.0 1.8202 8.4214 1.8202 2.9036 1.4062
610 305.0 1.8897 1.8154 1.8897 2.8767 1.3884
620 310.0 2.0376 3.8384 2.0376 2.7288 1.4352
630 315.0 1.9262 0.2828 1.9262 2.8103 1.3845
640 320.0 1.8161 8.9655 1.8161 2.8733 1.3790
650 325.0 1.9458 0.0086 1.9458 2.7550 1.4377
660 330.0 2.0227 2.6446 2.0227 2.7822 1.3795
670 335.0 1.8705 3.1620 1.8705 2.8911 1.3763
680 340.0 1.8184 8.6591 1.8184 2.8376 1.4967
690 345.0 1.9791 0.4232 1.9791 2.6637 1.4596
700 350.0 2.0183 2.3337 2.0183 2.6118 1.3346
710 355.0 1.9292 0.2159 1.9292 2.5193 1.4105
720 360.0 1.8479 5.2112 1.8479 2.3918 1.5434
730 365.0 1.8041 10.6423 1.8041 2.3510 1.5237
740 370.0 1.9200 0.4513 1.9200 2.4239 1.4119
750 375.0 2.0511 5.1064 2.0511 2.5058 1.3686
760 380.0 1.9793 0.4282 1.9793 2.5306 1.3941
770 385.0 1.8202 8.4180 1.8202 2.5367 1.4751
780 390.0 1.8462 5.3867 1.8462 2.4588 1.5337
790 395.0 1.9120 0.7237 1.9120 2.3922 1.5011
800 400.0 1.9423 0.0295 1.9423 2.4646 1.3694
810 405.0 1.9955 1.0338 1.9955 2.4833 1.3512
820 410.0 1.9570 0.0245 1.9570 2.3770 1.4746
830 415.0 1.8431 5.7146 1.8431 2.3885 1.5204
840 420.0 1.7341 23.3086 1.7341 2.5139 1.5125
850 425.0 1.8836 2.2039 1.8836 2.5216 1.4959
860 430.0 2.0310 3.2810 2.0310 2.6184 1.4199
870 435.0 1.9558 0.0170 1.9558 2.6955 1.3486
880 440.0 1.8227 8.1066 1.8227 2.7638 1.4532
890 445.0 1.8685 3.3237 1.8685 2.6691 1.6050
900 450.0 1.9302 0.1968 1.9302 2.7137 1.5448
910 455.0 1.9051 1.0067 1.9051 2.7549 1.2996
920 460.0 1.9399 0.0513 1.9399 2.6995 1.4274
930 465.0 1.9298 0.2039 1.9298 2.5997 1.6198
940 470.0 1.8300 7.1992 1.8300 2.6453 1.5471
950 475.0 1.8466 5.3485 1.8466 2.4878 1.3612
960 480.0 1.8250 7.8177 1.8250 2.2584 1.3918
970 485.0 1.9317 0.1677 1.9317 2.1760 1.4266
980 490.0 2.0569 5.7111 2.0569 2.2119 1.3965
990 495.0 1.9685 0.1713 1.9685 2.2539 1.3863
1000 500.0 1.8324 6.9181 1.8324 2.3314 1.4512
1010 505.0 1.8654 3.5745 1.8654 2.5542 1.4020
1020 510.0 1.9100 0.8011 1.9100 2.7435 1.4305
1030 515.0 1.9721 0.2437 1.9721 2.8472 1.4376
1040 520.0 1.9175 0.5286 1.9175 3.0248 1.4139
1050 525.0 1.8592 4.1192 1.8592 2.8423 1.4855
1060 530.0 1.8765 2.6979 1.8765 2.8002 1.4084
1070 535.0 1.9494 0.0002 1.9494 2.7952 1.3577
1080 540.0 1.9503 0.0001 1.9503 2.7488 1.4507
1090 545.0 1.8511 4.8952 1.8511 2.8626 1.4330
1100 550.0 1.8795 2.4852 1.8795 2.9840 1.4125
1110 555.0 1.9647 0.1075 1.9647 2.9191 1.4590
1120 560.0 1.9106 0.7768 1.9106 2.8213 1.3796
1130 565.0 1.8725 3.0029 1.8725 2.6629 1.3785
1140 570.0 1.9344 0.1215 1.9344 2.4340 1.5073
1150 575.0 1.8894 1.8358 1.8894 2.3487 1.4940
1160 580.0 1.8358 6.5244 1.8358 2.4001 1.3901
1170 585.0 1.8753 2.7880 1.8753 2.3278 1.3988
1180 590.0 1.8986 1.3224 1.8986 2.2334 1.4598
1190 595.0 1.8967 1.4214 1.8967 2.2699 1.3796
1200 600.0 1.8427 5.7610 1.8427 2.2476 1.3838
1210 605.0 1.8992 1.2913 1.8992 2.1398 1.4955
1220 610.0 1.8826 2.2696 1.8826 2.2700 1.4138
1230 615.0 1.9026 1.1216 1.9026 2.4312 1.3368
1240 620.0 1.9573 0.0265 1.9573 2.5135 1.4490
1250 625.0 1.8499 5.0072 1.8499 2.6216 1.4857
1260 630.0 1.8200 8.4452 1.8200 2.8204 1.3874
1270 635.0 1.9343 0.1229 1.9343 2.9416 1.4251
1280 640.0 1.9371 0.0828 1.9371 2.9994 1.4396
1290 645.0 1.7734 15.5940 1.7734 2.9665 1.4470
1300 650.0 1.8011 11.0861 1.8011 2.8982 1.4876
1310 655.0 1.9642 0.1013 1.9642 2.8212 1.4402
1320 660.0 1.9339 0.1304 1.9339 2.6512 1.3909
1330 665.0 1.8346 6.6599 1.8346 2.4221 1.4363
1340 670.0 1.9259 0.2892 1.9259 2.2197 1.4531
1350 675.0 1.9751 0.3160 1.9751 2.2062 1.3716
1360 680.0 1.8766 2.6909 1.8766 2.2543 1.3538
1370 685.0 1.8417 5.8654 1.8417 2.1842 1.4810
1380 690.0 1.8696 3.2292 1.8696 2.2265 1.4726
1390 695.0 1.8971 1.3992 1.8971 2.3362 1.3979
1400 700.0 1.9212 0.4144 1.9212 2.3914 1.3826
1410 705.0 1.8833 2.2229 1.8833 2.3703 1.4623
1420 710.0 1.8315 7.0181 1.8315 2.4095 1.4914
1430 715.0 1.8358 6.5169 1.8358 2.4339 1.4833
1440 720.0 1.9299 0.2018 1.9299 2.4477 1.4389
1450 725.0 1.9860 0.6463 1.9860 2.4741 1.3769
1460 730.0 1.9545 0.0101 1.9545 2.4826 1.3720
1470 735.0 1.8660 3.5294 1.8660 2.4027 1.4552
1480 740.0 1.8504 4.9642 1.8504 2.3236 1.5214
1490 745.0 1.9026 1.1245 1.9026 2.3644 1.4259
1500 750.0 1.9712 0.2241 1.9712 2.4152 1.3398
1510 755.0 2.0058 1.5562 2.0058 2.3391 1.4086
1520 760.0 1.9055 0.9905 1.9055 2.3418 1.4286
1530 765.0 1.7904 12.7323 1.7904 2.3516 1.4630
1540 770.0 1.8677 3.3876 1.8677 2.2270 1.5209
1550 775.0 1.9155 0.5966 1.9155 2.2565 1.4031
1560 780.0 1.9297 0.2060 1.9297 2.3032 1.3201
1570 785.0 1.8951 1.5081 1.8951 2.1476 1.4733
1580 790.0 1.8710 3.1238 1.8710 2.2070 1.4521
1590 795.0 1.7831 13.9259 1.7831 2.3452 1.4108
1600 800.0 1.9440 0.0182 1.9440 2.2446 1.5317
1610 805.0 1.9579 0.0312 1.9579 2.3390 1.4697
1620 810.0 1.8603 4.0271 1.8603 2.5058 1.3474
1630 815.0 1.9146 0.6274 1.9146 2.4532 1.4464
1640 820.0 1.9590 0.0404 1.9590 2.4240 1.5280
1650 825.0 1.8628 3.8041 1.8628 2.6079 1.3945
1660 830.0 1.8807 2.3981 1.8807 2.6692 1.3340
1670 835.0 1.9985 1.1764 1.9985 2.5736 1.4662
1680 840.0 1.9179 0.5138 1.9179 2.6424 1.4382
1690 845.0 1.8108 9.6843 1.8108 2.7593 1.3901
1700 850.0 1.9209 0.4221 1.9209 2.7023 1.4385
1710 855.0 2.0010 1.2991 2.0010 2.6933 1.4643
1720 860.0 1.8845 2.1453 1.8845 2.8727 1.4027
1730 865.0 1.8689 3.2874 1.8689 2.9690 1.4237
1740 870.0 1.9852 0.6206 1.9852 3.0324 1.4368
1750 875.0 1.9552 0.0135 1.9552 3.1668 1.4101
1760 880.0 1.8544 4.5665 1.8544 3.1409 1.4330
1770 885.0 1.9063 0.9545 1.9063 3.1003 1.3980
1780 890.0 1.9546 0.0106 1.9546 3.0036 1.4263
1790 895.0 1.9010 1.2020 1.9010 3.0082 1.4157
1800 900.0 1.8555 4.4688 1.8555 3.0181 1.3949
1810 905.0 1.9437 0.0201 1.9437 2.9559 1.4171
1820 910.0 1.9789 0.4165 1.9789 2.8352 1.4264
1830 915.0 1.9076 0.9001 1.9076 2.6854 1.4040
1840 920.0 1.8574 4.2835 1.8574 2.5208 1.4559
1850 925.0 1.9157 0.5875 1.9157 2.4367 1.4104
1860 930.0 1.9402 0.0484 1.9402 2.3775 1.4271
1870 935.0 1.8733 2.9391 1.8733 2.3672 1.4406
1880 940.0 1.8869 1.9896 1.8869 2.3711 1.4138
1890 945.0 1.9689 0.1785 1.9689 2.3758 1.4091
1900 950.0 1.9309 0.1819 1.9309 2.4463 1.3718
1910 955.0 1.8794 2.4922 1.8794 2.4646 1.4074
1920 960.0 1.9171 0.5397 1.9171 2.4252 1.4780
1930 965.0 1.9240 0.3392 1.9240 2.4959 1.3711
1940 970.0 1.9533 0.0053 1.9533 2.5458 1.3502
1950 975.0 1.9306 0.1880 1.9306 2.5517 1.4663
1960 980.0 1.8566 4.3626 1.8566 2.6547 1.3981
1970 985.0 1.9236 0.3473 1.9236 2.7268 1.3604
1980 990.0 2.0234 2.6955 2.0234 2.7150 1.4461
1990 995.0 1.9229 0.3674 1.9229 2.7716 1.3869
2000 1000.0 1.8369 6.3971 1.8369 2.7860 1.3676
2010 1005.0 1.9827 0.5342 1.9827 2.6762 1.4478
2020 1010.0 1.9773 0.3735 1.9773 2.6340 1.3992
2030 1015.0 1.8589 4.1514 1.8589 2.6041 1.3540
2040 1020.0 1.9133 0.6747 1.9133 2.4189 1.4985
2050 1025.0 1.9046 1.0296 1.9046 2.4167 1.4287
2060 1030.0 1.8986 1.3211 1.8986 2.4361 1.3410
2070 1035.0 1.8510 4.8978 1.8510 2.2820 1.4876
2080 1040.0 1.8016 11.0043 1.8016 2.3148 1.4990
2090 1045.0 1.8484 5.1566 1.8484 2.4525 1.3800
2100 1050.0 1.9705 0.2109 1.9705 2.4139 1.4459
2110 1055.0 1.9349 0.1134 1.9349 2.5239 1.4256
2120 1060.0 1.8423 5.7970 1.8423 2.6465 1.4306
2130 1065.0 1.9014 1.1796 1.9014 2.7097 1.4759
2140 1070.0 1.9622 0.0750 1.9622 2.8503 1.3442
2150 1075.0 1.9836 0.5636 1.9836 2.8585 1.3612
2160 1080.0 1.9175 0.5282 1.9175 2.7948 1.4546
2170 1085.0 1.8600 4.0457 1.8600 2.9155 1.3658
2180 1090.0 1.9954 1.0307 1.9954 2.9566 1.3478
2190 1095.0 1.9804 0.4627 1.9804 2.8322 1.3951
2200 1100.0 1.8373 6.3467 1.8373 2.6981 1.4344
2210 1105.0 1.8866 2.0080 1.8866 2.5227 1.4790
2220 1110.0 1.9847 0.6012 1.9847 2.4237 1.4092
2230 1115.0 1.9312 0.1773 1.9312 2.3863 1.3610
2240 1120.0 1.8086 9.9922 1.8086 2.2979 1.4481
2250 1125.0 1.8193 8.5408 1.8193 2.2590 1.4706
2260 1130.0 1.9827 0.5350 1.9827 2.2883 1.4180
2270 1135.0 2.0268 2.9513 2.0268 2.3673 1.3793
2280 1140.0 1.9035 1.0806 1.9035 2.4656 1.4061
2290 1145.0 1.8447 5.5414 1.8447 2.5225 1.4776
2300 1150.0 1.9532 0.0052 1.9532 2.5465 1.4371
2310 1155.0 1.9963 1.0703 1.9963 2.6448 1.3533
2320 1160.0 1.9314 0.1737 1.9314 2.7238 1.4230
2330 1165.0 1.8484 5.1619 1.8484 2.8022 1.4971
2340 1170.0 1.9089 0.8464 1.9089 2.8757 1.3886
2350 1175.0 2.0277 3.0178 2.0277 2.8965 1.3202
2360 1180.0 1.9380 0.0722 1.9380 2.8423 1.4351
2370 1185.0 1.7785 14.7126 1.7785 2.7593 1.5208
2380 1190.0 1.8422 5.8121 1.8422 2.6798 1.4705
2390 1195.0 2.0409 4.1319 2.0409 2.6327 1.3363
2400 1200.0 1.9998 1.2418 1.9998 2.5735 1.3620
2410 1205.0 1.8064 10.3139 1.8064 2.5215 1.4993
2420 1210.0 1.8040 10.6623 1.8040 2.4938 1.5408
2430 1215.0 1.9874 0.6986 1.9874 2.5329 1.3889
2440 1220.0 2.0226 2.6385 2.0226 2.5699 1.3082
2450 1225.0 1.8458 5.4335 1.8458 2.4812 1.5138
2460 1230.0 1.7836 13.8444 1.7836 2.4440 1.6175
2470 1235.0 1.9074 0.9073 1.9074 2.4697 1.5100
2480 1240.0 2.0096 1.7735 2.0096 2.5837 1.2886
2490 1245.0 2.0002 1.2613 2.0002 2.4644 1.4047
2500 1250.0 1.8219 8.2009 1.8219 2.4005 1.5394
2510 1255.0 1.7689 16.3925 1.7689 2.3969 1.5530
2520 1260.0 1.9104 0.7823 1.9104 2.3347 1.4945
2530 1265.0 1.9745 0.2990 1.9745 2.1700 1.3585
2540 1270.0 1.9556 0.0155 1.9556 2.0699 1.3421
2550 1275.0 1.8902 1.7869 1.8902 2.0425 1.3954
2560 1280.0 1.8980 1.3512 1.8980 2.2174 1.3831
2570 1285.0 1.8820 2.3094 1.8820 2.3966 1.4144
2580 1290.0 1.7528 19.4491 1.7528 2.3621 1.5190
2590 1295.0 1.8452 5.4895 1.8452 2.2387 1.6552
2600 1300.0 1.9115 0.7407 1.9115 2.2762 1.6056
2610 1305.0 1.8407 5.9721 1.8407 2.5350 1.3439
2620 1310.0 1.9617 0.0689 1.9617 2.5806 1.3678
2630 1315.0 1.9589 0.0397 1.9589 2.6067 1.4850
2640 1320.0 1.7672 16.7162 1.7672 2.7480 1.4362
2650 1325.0 1.8519 4.8107 1.8519 2.8338 1.4592
2660 1330.0 2.0111 1.8644 2.0111 2.9216 1.4410
2670 1335.0 1.9128 0.6907 1.9128 3.0132 1.3245
2680 1340.0 1.8383 6.2382 1.8383 2.9581 1.4590
2690 1345.0 1.8967 1.4207 1.8967 2.9062 1.5539
2700 1350.0 1.8872 1.9737 1.8872 2.9292 1.4478
2710 1355.0 1.8827 2.2642 1.8827 2.8978 1.3477
2720 1360.0 1.9185 0.4967 1.9185 2.8047 1.4597
2730 1365.0 1.8807 2.4040 1.8807 2.7389 1.4922
2740 1370.0 1.8526 4.7471 1.8526 2.8527 1.3629
2750 1375.0 1.9533 0.0055 1.9533 2.8167 1.3851
2760 1380.0 1.9492 0.0003 1.9492 2.7383 1.4777
2770 1385.0 1.8282 7.4221 1.8282 2.8341 1.3973
2780 1390.0 1.8520 4.8026 1.8520 2.9209 1.3737
2790 1395.0 1.9562 0.0190 1.9562 2.9328 1.4631
2800 1400.0 1.9390 0.0605 1.9390 3.0277 1.4169
2810 1405.0 1.8608 3.9739 1.8608 3.1318 1.3611
2820 1410.0 1.8515 4.8535 1.8515 3.0723 1.4543
2830 1415.0 1.9521 0.0021 1.9521 3.0815 1.4229
2840 1420.0 1.9421 0.0308 1.9421 3.1542 1.3713
2850 1425.0 1.7936 12.2249 1.7936 3.0541 1.4605
2860 1430.0 1.8990 1.3023 1.8990 2.9258 1.4216
2870 1435.0 2.0719 7.4323 2.0719 2.8189 1.3863
2880 1440.0 1.8928 1.6384 1.8928 2.8204 1.4410
2890 1445.0 1.7618 17.7011 1.7618 2.8546 1.4218
2900 1450.0 1.9490 0.0005 1.9490 2.7218 1.3446
2910 1455.0 2.0203 2.4722 2.0203 2.6596 1.4213
2920 1460.0 1.8248 7.8359 1.8248 2.6737 1.4953
2930 1465.0 1.7936 12.2297 1.7936 2.7331 1.4847
2940 1470.0 2.0247 2.7867 2.0247 2.7660 1.3802
2950 1475.0 1.9978 1.1423 1.9978 2.7909 1.4008
2960 1480.0 1.7492 20.1642 1.7492 2.8106 1.4943
2970 1485.0 1.8303 7.1634 1.8303 2.8241 1.4716
2980 1490.0 2.0387 3.9295 2.0387 2.8665 1.3647
2990 1495.0 1.9196 0.4617 1.9196 2.8824 1.3582
3000 1500.0 1.7564 18.7418 1.7564 2.8299 1.5200
3010 1505.0 1.8473 5.2715 1.8473 2.8231 1.6230
3020 1510.0 1.9524 0.0029 1.9524 2.8336 1.5416
3030 1515.0 1.8996 1.2678 1.8996 2.8970 1.3333
3040 1520.0 1.8952 1.4995 1.8952 2.8621 1.3886
3050 1525.0 1.9624 0.0770 1.9624 2.7736 1.5482
3060 1530.0 1.8799 2.4558 1.8799 2.7177 1.4490
3070 1535.0 1.8708 3.1401 1.8708 2.6685 1.3167
3080 1540.0 2.0145 2.0792 2.0145 2.4852 1.4706
3090 1545.0 1.9292 0.2160 1.9292 2.4835 1.4086
3100 1550.0 1.8367 6.4216 1.8367 2.5236 1.3688
3110 1555.0 1.9520 0.0020 1.9520 2.4325 1.4868
3120 1560.0 1.9098 0.8068 1.9098 2.5107 1.4188
3130 1565.0 1.8653 3.5898 1.8653 2.6328 1.3359
3140 1570.0 1.9436 0.0205 1.9436 2.6393 1.4418
3150 1575.0 1.8933 1.6099 1.8933 2.7647 1.4182
3160 1580.0 1.8732 2.9479 1.8732 2.8581 1.3356
3170 1585.0 1.9872 0.6923 1.9872 2.7210 1.3985
3180 1590.0 1.9447 0.0141 1.9447 2.7068 1.4231
3190 1595.0 1.8169 8.8618 1.8169 2.7782 1.3902
3200 1600.0 1.8842 2.1673 1.8842 2.7154 1.4396
3210 1605.0 1.9985 1.1745 1.9985 2.6910 1.4281
3220 1610.0 1.9221 0.3900 1.9221 2.7778 1.3400
3230 1615.0 1.8288 7.3503 1.8288 2.7797 1.4062
3240 1620.0 1.9197 0.4595 1.9197 2.7141 1.4750
3250 1625.0 1.9656 0.1220 1.9656 2.7076 1.3467
3260 1630.0 1.8959 1.4645 1.8959 2.6674 1.3695
3270 1635.0 1.8835 2.2127 1.8835 2.6041 1.5223
3280 1640.0 1.8664 3.4970 1.8664 2.6123 1.4675
3290 1645.0 1.9065 0.9482 1.9065 2.6542 1.3178
3300 1650.0 1.9344 0.1219 1.9344 2.5735 1.4134
3310 1655.0 1.8986 1.3235 1.8986 2.5453 1.4625
3320 1660.0 1.8707 3.1420 1.8707 2.5775 1.3441
3330 1665.0 1.9448 0.0136 1.9448 2.5091 1.3927
3340 1670.0 1.9473 0.0035 1.9473 2.4797 1.4595
3350 1675.0 1.8415 5.8887 1.8415 2.6064 1.3615
3360 1680.0 1.9090 0.8387 1.9090 2.6198 1.3924
3370 1685.0 1.9807 0.4700 1.9807 2.5968 1.4745
3380 1690.0 1.8628 3.8062 1.8628 2.7133 1.3818
3390 1695.0 1.8665 3.4837 1.8665 2.7146 1.4040
3400 1700.0 1.9636 0.0921 1.9636 2.6516 1.4511
3410 1705.0 1.9322 0.1581 1.9322 2.7315 1.3747
3420 1710.0 1.8717 3.0684 1.8717 2.7741 1.3746
3430 1715.0 1.9141 0.6435 1.9141 2.7164 1.4786
3440 1720.0 1.8872 1.9704 1.8872 2.7430 1.4243
3450 1725.0 1.8892 1.8462 1.8892 2.7388 1.3787
3460 1730.0 1.9454 0.0107 1.9454 2.6518 1.4374
3470 1735.0 1.9018 1.1627 1.9018 2.6351 1.4145
3480 1740.0 1.8727 2.9864 1.8727 2.6205 1.3797
3490 1745.0 1.9733 0.2720 1.9733 2.4637 1.4458
3500 1750.0 1.9379 0.0736 1.9379 2.4097 1.4476
3510 1755.0 1.8182 8.6899 1.8182 2.4306 1.4136
3520 1760.0 1.8211 8.3138 1.8211 2.3519 1.4584
3530 1765.0 1.9672 0.1483 1.9672 2.3541 1.4571
3540 1770.0 1.9960 1.0565 1.9960 2.4740 1.3824
3550 1775.0 1.8665 3.4859 1.8665 2.5641 1.3797
3560 1780.0 1.8626 3.8213 1.8626 2.5370 1.4671
3570 1785.0 1.9094 0.8225 1.9094 2.5116 1.4873
3580 1790.0 1.9116 0.7385 1.9116 2.5552 1.4210
3590 1795.0 1.9006 1.2194 1.9006 2.5900 1.4004
3600 1800.0 1.9170 0.5434 1.9170 2.5770 1.4513
3610 1805.0 1.8824 2.2853 1.8824 2.6206 1.4564
3620 1810.0 1.8746 2.8393 1.8746 2.6832 1.3765
3630 1815.0 1.9532 0.0052 1.9532 2.6660 1.3876
3640 1820.0 1.9828 0.5383 1.9828 2.7011 1.4145
3650 1825.0 1.8462 5.3875 1.8462 2.8044 1.3693
3660 1830.0 1.8625 3.8269 1.8625 2.7816 1.3933
3670 1835.0 1.9710 0.2210 1.9710 2.6776 1.4436
3680 1840.0 1.9371 0.0834 1.9371 2.6805 1.3307
3690 1845.0 1.8717 3.0664 1.8717 2.6196 1.4123
3700 1850.0 1.8525 4.7536 1.8525 2.5241 1.6122
3710 1855.0 1.8410 5.9358 1.8410 2.4712 1.6650
3720 1860.0 1.8183 8.6721 1.8183 2.4741 1.6098
3730 1865.0 1.8727 2.9902 1.8727 2.4885 1.4703
3740 1870.0 1.9728 0.2594 1.9728 2.5390 1.3217
3750 1875.0 1.9779 0.3883 1.9779 2.5060 1.4210
3760 1880.0 1.8369 6.3923 1.8369 2.5265 1.5057
3770 1885.0 1.8009 11.1140 1.8009 2.5580 1.4547
3780 1890.0 1.9460 0.0079 1.9460 2.5103 1.4150
3790 1895.0 1.9646 0.1067 1.9646 2.4732 1.4256
3800 1900.0 1.8086 9.9913 1.8086 2.5102 1.4541
3810 1905.0 1.8325 6.8975 1.8325 2.5238 1.4527
3820 1910.0 2.0069 1.6174 2.0069 2.5039 1.4265
3830 1915.0 1.9231 0.3607 1.9231 2.5823 1.3686
3840 1920.0 1.8090 9.9357 1.8090 2.5759 1.4638
3850 1925.0 1.8671 3.4384 1.8671 2.5439 1.5285
3860 1930.0 1.9118 0.7315 1.9118 2.5761 1.4864
3870 1935.0 1.8845 2.1467 1.8845 2.7204 1.3392
3880 1940.0 1.8916 1.7044 1.8916 2.7127 1.4174
3890 1945.0 1.9014 1.1809 1.9014 2.6576 1.5092
3900 1950.0 1.8290 7.3242 1.8290 2.6909 1.4044
3910 1955.0 1.8773 2.6392 1.8773 2.6760 1.3580
3920 1960.0 1.9871 0.6886 1.9871 2.5537 1.4780
3930 1965.0 1.8793 2.5003 1.8793 2.5761 1.4295
3940 1970.0 1.8345 6.6666 1.8345 2.6091 1.3807
3950 1975.0 1.9586 0.0367 1.9586 2.5378 1.4763
3960 1980.0 1.9374 0.0791 1.9374 2.6009 1.4059
3970 1985.0 1.8366 6.4281 1.8366 2.6775 1.3565
3980 1990.0 1.9054 0.9953 1.9054 2.6927 1.4871
3990 1995.0 1.9149 0.6146 1.9149 2.7711 1.4083
4000 2000.0 1.8844 2.1523 1.8844 2.8299 1.3342
4010 2005.0 1.9599 0.0493 1.9599 2.7757 1.4626
4020 2010.0 1.9159 0.5818 1.9159 2.7667 1.3960
4030 2015.0 1.8699 3.2043 1.8699 2.6920 1.3413
4040 2020.0 1.9569 0.0235 1.9569 2.5609 1.4699
4050 2025.0 1.8996 1.2690 1.8996 2.5675 1.3997
4060 2030.0 1.8673 3.4219 1.8673 2.5596 1.3534
4070 2035.0 1.9341 0.1268 1.9341 2.4576 1.4476
4080 2040.0 1.8857 2.0652 1.8857 2.4696 1.3811
4090 2045.0 1.9017 1.1668 1.9017 2.4566 1.3888
4100 2050.0 1.9320 0.1627 1.9320 2.4773 1.4553
4110 2055.0 1.8731 2.9537 1.8731 2.6447 1.3600
4120 2060.0 1.9307 0.1871 1.9307 2.6833 1.3858
4130 2065.0 1.9300 0.1999 1.9300 2.6917 1.4660
4140 2070.0 1.8446 5.5552 1.8446 2.7485 1.3730
4150 2075.0 1.8996 1.2681 1.8996 2.6816 1.3860
4160 2080.0 1.9681 0.1637 1.9681 2.5595 1.4447
4170 2085.0 1.9220 0.3906 1.9220 2.5545 1.3785
4180 2090.0 1.8699 3.2075 1.8699 2.5367 1.3984
4190 2095.0 1.9256 0.2968 1.9256 2.4724 1.4434
4200 2100.0 1.9470 0.0045 1.9470 2.4953 1.3934
4210 2105.0 1.9222 0.3866 1.9222 2.5559 1.3319
4220 2110.0 1.9312 0.1763 1.9312 2.4989 1.4158
4230 2115.0 1.9173 0.5346 1.9173 2.5175 1.4061
4240 2120.0 1.9392 0.0588 1.9392 2.5282 1.3451
4250 2125.0 1.9323 0.1573 1.9323 2.5111 1.3809
4260 2130.0 1.9015 1.1749 1.9015 2.5309 1.4456
4270 2135.0 1.9211 0.4177 1.9211 2.6331 1.4026
4280 2140.0 1.9502 0.0000 1.9502 2.7277 1.3604
4290 2145.0 1.9162 0.5717 1.9162 2.7511 1.4006
4300 2150.0 1.8841 2.1721 1.8841 2.7488 1.4289
4310 2155.0 1.9427 0.0263 1.9427 2.7467 1.4044
4320 2160.0 1.9430 0.0245 1.9430 2.7122 1.3867
4330 2165.0 1.8702 3.1876 1.8702 2.6523 1.4437
4340 2170.0 1.8572 4.3042 1.8572 2.5940 1.4266
4350 2175.0 1.9789 0.4172 1.9789 2.5266 1.3724
4360 2180.0 1.9859 0.6438 1.9859 2.4585 1.4263
4370 2185.0 1.8281 7.4251 1.8281 2.4962 1.4167
4380 2190.0 1.8818 2.3272 1.8818 2.4008 1.4662
4390 2195.0 1.9626 0.0797 1.9626 2.3638 1.4301
4400 2200.0 1.9216 0.4043 1.9216 2.4783 1.3097
4410 2205.0 1.9228 0.3712 1.9228 2.3694 1.4525
4420 2210.0 1.8842 2.1641 1.8842 2.3102 1.5325
4430 2215.0 1.8282 7.4163 1.8282 2.4103 1.4433
4440 2220.0 1.9811 0.4837 1.9811 2.5131 1.3566
4450 2225.0 2.0277 3.0193 2.0277 2.5931 1.3559
4460 2230.0 1.8553 4.4802 1.8553 2.6541 1.4196
4470 2235.0 1.8055 10.4374 1.8055 2.6915 1.5055
4480 2240.0 1.9425 0.0280 1.9425 2.7979 1.4327
4490 2245.0 1.9623 0.0753 1.9623 2.9530 1.3054
4500 2250.0 1.9158 0.5832 1.9158 2.8946 1.4332
4510 2255.0 1.8599 4.0599 1.8599 2.8058 1.4714
4520 2260.0 1.9100 0.8006 1.9100 2.8644 1.3437
4530 2265.0 2.0065 1.5986 2.0065 2.8195 1.3865
4540 2270.0 1.9105 0.7782 1.9105 2.8169 1.4568
4550 2275.0 1.7793 14.5742 1.7793 2.7528 1.4003
4560 2280.0 1.9591 0.0417 1.9591 2.5829 1.4533
4570 2285.0 2.0028 1.3921 2.0028 2.5174 1.3855
4580 2290.0 1.8611 3.9503 1.8611 2.4690 1.3507
4590 2295.0 1.8655 3.5690 1.8655 2.2742 1.4708
4600 2300.0 1.9507 0.0002 1.9507 2.2160 1.4095
4610 2305.0 1.9711 0.2220 1.9711 2.2750 1.2877
4620 2310.0 1.9345 0.1208 1.9345 2.1099 1.4551
4630 2315.0 1.8436 5.6577 1.8436 2.1140 1.4728
4640 2320.0 1.9204 0.4385 1.9204 2.2355 1.3326
4650 2325.0 2.0363 3.7228 2.0363 2.2060 1.3770
4660 2330.0 1.9795 0.4364 1.9795 2.1635 1.4619
4670 2335.0 1.8653 3.5876 1.8653 2.2621 1.4191
4680 2340.0 1.8297 7.2346 1.8297 2.3045 1.4169
4690 2345.0 1.9115 0.7397 1.9115 2.2489 1.4639
4700 2350.0 1.9705 0.2109 1.9705 2.2591 1.4579
4710 2355.0 1.9644 0.1035 1.9644 2.2991 1.4153
4720 2360.0 1.8864 2.0241 1.8864 2.2740 1.4127
4730 2365.0 1.8432 5.6993 1.8432 2.2229 1.4412
4740 2370.0 1.9206 0.4309 1.9206 2.2365 1.3945
4750 2375.0 1.9708 0.2161 1.9708 2.2043 1.4132
4760 2380.0 1.9180 0.5117 1.9180 2.2069 1.4438
4770 2385.0 1.8785 2.5596 1.8785 2.2739 1.3863
4780 2390.0 1.8598 4.0705 1.8598 2.2942 1.3754
4790 2395.0 1.8831 2.2409 1.8831 2.2634 1.3900
4800 2400.0 1.9502 0.0000 1.9502 2.1847 1.4234
4810 2405.0 1.9651 0.1139 1.9651 2.1557 1.4111
4820 2410.0 1.9099 0.8051 1.9099 2.1748 1.3744
4830 2415.0 1.8818 2.3285 1.8818 2.1652 1.3408
4840 2420.0 1.9015 1.1763 1.9015 2.0986 1.3729
4850 2425.0 1.9716 0.2329 1.9716 2.0600 1.4217
4860 2430.0 1.9757 0.3312 1.9757 2.1403 1.3587
4870 2435.0 1.9026 1.1230 1.9026 2.1921 1.3530
4880 2440.0 1.8856 2.0722 1.8856 2.1812 1.3956
4890 2445.0 1.9867 0.6732 1.9867 2.1858 1.3546
4900 2450.0 1.9716 0.2333 1.9716 2.1584 1.3857
4910 2455.0 1.9214 0.4101 1.9214 2.1871 1.3861
4920 2460.0 1.9078 0.8887 1.9078 2.2825 1.3602
4930 2465.0 1.9094 0.8227 1.9094 2.3286 1.4048
4940 2470.0 1.9085 0.8624 1.9085 2.3788 1.4669
4950 2475.0 1.8822 2.2955 1.8822 2.5096 1.4428
4960 2480.0 1.9150 0.6108 1.9150 2.5558 1.4370
4970 2485.0 1.9302 0.1957 1.9302 2.5722 1.4362
4980 2490.0 1.9026 1.1220 1.9026 2.5755 1.4350
4990 2495.0 1.8836 2.2069 1.8836 2.5544 1.4369
5000 2500.0 1.8980 1.3500 1.8980 2.4997 1.4589
5010 2505.0 1.9315 0.1715 1.9315 2.4917 1.4351
5020 2510.0 1.9487 0.0009 1.9487 2.5185 1.3707
5030 2515.0 1.9468 0.0051 1.9468 2.4888 1.3650
5040 2520.0 1.9135 0.6652 1.9135 2.3966 1.4315
5050 2525.0 1.8731 2.9567 1.8731 2.3669 1.4475
5060 2530.0 1.8576 4.2687 1.8576 2.3802 1.4094
5070 2535.0 1.9517 0.0015 1.9517 2.3192 1.4089
5080 2540.0 1.9717 0.2351 1.9717 2.2828 1.4265
5090 2545.0 1.8774 2.6348 1.8774 2.3661 1.3956
5100 2550.0 1.8536 4.6427 1.8536 2.3749 1.4325
5110 2555.0 1.9289 0.2229 1.9289 2.3776 1.4478
5120 2560.0 1.9090 0.8396 1.9090 2.5081 1.3534
5130 2565.0 1.8965 1.4295 1.8965 2.5232 1.4113
5140 2570.0 1.9160 0.5788 1.9160 2.4978 1.4973
5150 2575.0 1.9163 0.5672 1.9163 2.6133 1.3946
5160 2580.0 1.9264 0.2795 1.9264 2.6481 1.3700
5170 2585.0 1.9233 0.3577 1.9233 2.5604 1.4848
5180 2590.0 1.8726 2.9949 1.8726 2.5924 1.4433
5190 2595.0 1.9344 0.1212 1.9344 2.5757 1.3480
5200 2600.0 2.0027 1.3867 2.0027 2.5640 1.4446
5210 2605.0 1.8910 1.7420 1.8910 2.6396 1.4277
5220 2610.0 1.8481 5.1870 1.8481 2.7000 1.3439
5230 2615.0 1.9897 0.7887 1.9897 2.7023 1.4477
5240 2620.0 1.9623 0.0756 1.9623 2.7256 1.4288
5250 2625.0 1.8384 6.2317 1.8384 2.7239 1.3475
5260 2630.0 1.8949 1.5173 1.8949 2.6777 1.4548
5270 2635.0 1.9703 0.2065 1.9703 2.6669 1.4506
5280 2640.0 1.8612 3.9415 1.8612 2.7047 1.3501
5290 2645.0 1.8649 3.6189 1.8649 2.7136 1.4112
5300 2650.0 1.9641 0.0993 1.9641 2.7248 1.4638
5310 2655.0 1.8670 3.4483 1.8670 2.8235 1.3702
5320 2660.0 1.8523 4.7735 1.8523 2.8696 1.3854
5330 2665.0 1.9670 0.1443 1.9670 2.8797 1.4743
5340 2670.0 1.9335 0.1366 1.9335 2.8529 1.3721
5350 2675.0 1.8935 1.5959 1.8935 2.8102 1.3731
5360 2680.0 1.9269 0.2661 1.9269 2.6492 1.4776
5370 2685.0 1.9279 0.2446 1.9279 2.6042 1.4197
5380 2690.0 1.9070 0.9235 1.9070 2.5779 1.3507
5390 2695.0 1.9438 0.0191 1.9438 2.4223 1.4569
5400 2700.0 1.9314 0.1735 1.9314 2.3900 1.4280
5410 2705.0 1.8779 2.5976 1.8779 2.4497 1.3289
5420 2710.0 1.8873 1.9668 1.8873 2.3037 1.4462
5430 2715.0 1.9254 0.3037 1.9254 2.2538 1.4725
5440 2720.0 1.9188 0.4866 1.9188 2.3630 1.3312
5450 2725.0 1.9444 0.0158 1.9444 2.3131 1.3834
5460 2730.0 1.9147 0.6223 1.9147 2.2532 1.4697
5470 2735.0 1.8671 3.4371 1.8671 2.3849 1.3661
5480 2740.0 1.9783 0.4010 1.9783 2.3487 1.3920
5490 2745.0 1.9555 0.0149 1.9555 2.3396 1.4159
5500 2750.0 1.8492 5.0787 1.8492 2.3751 1.3622
5510 2755.0 1.9146 0.6281 1.9146 2.3165 1.4140
5520 2760.0 1.9684 0.1695 1.9684 2.3011 1.4083
5530 2765.0 1.9261 0.2866 1.9261 2.3731 1.3484
5540 2770.0 1.9069 0.9293 1.9069 2.3203 1.4167
5550 2775.0 1.8899 1.8033 1.8899 2.2930 1.4885
5560 2780.0 1.8766 2.6954 1.8766 2.3250 1.4950
5570 2785.0 1.8854 2.0862 1.8854 2.3537 1.4337
5580 2790.0 1.9135 0.6673 1.9135 2.3413 1.3661
5590 2795.0 1.9069 0.9278 1.9069 2.3167 1.4324
5600 2800.0 1.8971 1.3988 1.8971 2.3495 1.5152
5610 2805.0 1.8998 1.2625 1.8998 2.4540 1.4273
5620 2810.0 1.8689 3.2918 1.8689 2.5363 1.3753
5630 2815.0 1.9617 0.0681 1.9617 2.4666 1.4724
5640 2820.0 1.9030 1.1064 1.9030 2.5909 1.3956
5650 2825.0 1.8413 5.9121 1.8413 2.7130 1.3802
5660 2830.0 1.9553 0.0139 1.9553 2.7308 1.4632
5670 2835.0 1.9953 1.0282 1.9953 2.8184 1.3525
5680 2840.0 1.9083 0.8711 1.9083 2.8474 1.3914
5690 2845.0 1.8663 3.4992 1.8663 2.7993 1.4904
5700 2850.0 1.9270 0.2642 1.9270 2.7964 1.3482
5710 2855.0 1.9908 0.8331 1.9908 2.7217 1.3733
5720 2860.0 1.9258 0.2938 1.9258 2.6656 1.4660
5730 2865.0 1.8487 5.1292 1.8487 2.6808 1.3517
5740 2870.0 1.9760 0.3374 1.9760 2.5582 1.3789
5750 2875.0 1.9608 0.0586 1.9608 2.4604 1.4193
5760 2880.0 1.8410 5.9363 1.8410 2.4768 1.3715
5770 2885.0 1.9292 0.2170 1.9292 2.3897 1.4120
5780 2890.0 1.9569 0.0238 1.9569 2.4073 1.3985
5790 2895.0 1.8778 2.6083 1.8778 2.5054 1.3357
5800 2900.0 1.9123 0.7098 1.9123 2.5205 1.4141
5810 2905.0 1.9490 0.0005 1.9490 2.5768 1.4361
5820 2910.0 1.8616 3.9035 1.8616 2.7309 1.3104
5830 2915.0 1.9123 0.7089 1.9123 2.6952 1.4284
5840 2920.0 1.9478 0.0025 1.9478 2.6457 1.4149
5850 2925.0 1.9119 0.7240 1.9119 2.5749 1.3077
5860 2930.0 1.9401 0.0487 1.9401 2.3897 1.4697
5870 2935.0 1.8356 6.5445 1.8356 2.3321 1.4459
5880 2940.0 1.8518 4.8265 1.8518 2.3001 1.3543
5890 2945.0 2.0243 2.7608 2.0243 2.1424 1.4313
5900 2950.0 1.9580 0.0321 1.9580 2.1655 1.4031
5910 2955.0 1.7858 13.4845 1.7858 2.2323 1.4183
5920 2960.0 1.8289 7.3335 1.8289 2.1485 1.5077
5930 2965.0 1.9511 0.0007 1.9511 2.1792 1.4188
5940 2970.0 1.9863 0.6581 1.9863 2.2826 1.3073
5950 2975.0 1.9009 1.2071 1.9009 2.2099 1.4652
5960 2980.0 1.7903 12.7444 1.7903 2.2602 1.5043
5970 2985.0 1.8533 4.6730 1.8533 2.3731 1.3780
5980 2990.0 2.0112 1.8733 2.0112 2.4181 1.3777
5990 2995.0 1.9701 0.2015 1.9701 2.5329 1.4179
6000 3000.0 1.8108 9.6938 1.8108 2.7355 1.4167
6010 3005.0 1.8853 2.0912 1.8853 2.8422 1.4353
6020 3010.0 1.9868 0.6778 1.9868 2.9336 1.3591
6030 3015.0 1.9110 0.7617 1.9110 2.9512 1.3733
6040 3020.0 1.8519 4.8119 1.8519 2.8751 1.4937
6050 3025.0 1.8835 2.2108 1.8835 2.8197 1.4467
6060 3030.0 1.9523 0.0027 1.9523 2.7623 1.3404
6070 3035.0 1.9661 0.1301 1.9661 2.6287 1.3757
6080 3040.0 1.8947 1.5274 1.8947 2.4896 1.4925
6090 3045.0 1.8273 7.5319 1.8273 2.4484 1.5032
6100 3050.0 1.9052 1.0054 1.9052 2.4331 1.4214
6110 3055.0 1.9825 0.5274 1.9825 2.4115 1.3820
6120 3060.0 1.9390 0.0604 1.9390 2.3688 1.4363
6130 3065.0 1.8520 4.8007 1.8520 2.3759 1.4927
6140 3070.0 1.8206 8.3733 1.8206 2.4718 1.4540
6150 3075.0 1.9299 0.2019 1.9299 2.4834 1.4631
6160 3080.0 1.9975 1.1289 1.9975 2.5484 1.4311
6170 3085.0 1.8906 1.7671 1.8906 2.6800 1.3820
6180 3090.0 1.8364 6.4520 1.8364 2.6813 1.4702
6190 3095.0 1.9515 0.0011 1.9515 2.6634 1.4959
6200 3100.0 1.9683 0.1670 1.9683 2.8052 1.3496
6210 3105.0 1.9074 0.9061 1.9074 2.8354 1.3851
6220 3110.0 1.8683 3.3401 1.8683 2.8108 1.5139
6230 3115.0 1.8789 2.5266 1.8789 2.8517 1.4879
6240 3120.0 1.9218 0.3966 1.9218 2.9357 1.3464
6250 3125.0 1.9405 0.0455 1.9405 2.9470 1.3953
6260 3130.0 1.8539 4.6159 1.8539 2.9296 1.5129
6270 3135.0 1.8081 10.0709 1.8081 2.9027 1.4905
6280 3140.0 1.9750 0.3115 1.9750 2.8230 1.3796
6290 3145.0 2.0225 2.6271 2.0225 2.7273 1.3595
6300 3150.0 1.8217 8.2246 1.8217 2.6168 1.4404
6310 3155.0 1.8121 9.5037 1.8121 2.5305 1.4774
6320 3160.0 2.0096 1.7777 2.0096 2.4596 1.4029
6330 3165.0 1.9685 0.1715 1.9685 2.4743 1.3418
6340 3170.0 1.7905 12.7264 1.7905 2.4329 1.4842
6350 3175.0 1.8324 6.9153 1.8324 2.3845 1.5216
6360 3180.0 1.9704 0.2071 1.9704 2.4074 1.3816
6370 3185.0 1.9852 0.6182 1.9852 2.4320 1.3263
6380 3190.0 1.9009 1.2034 1.9009 2.3648 1.4614
6390 3195.0 1.8375 6.3333 1.8375 2.4068 1.4798
6400 3200.0 1.8812 2.3669 1.8812 2.5131 1.3755
6410 3205.0 2.0206 2.4906 2.0206 2.5655 1.3638
6420 3210.0 1.9438 0.0193 1.9438 2.5743 1.4444
6430 3215.0 1.7605 17.9589 1.7605 2.6444 1.4314
6440 3220.0 1.8999 1.2551 1.8999 2.6502 1.4047
6450 3225.0 2.0328 3.4267 2.0328 2.6372 1.3611
6460 3230.0 1.9124 0.7086 1.9124 2.5714 1.3509
6470 3235.0 1.7992 11.3712 1.7992 2.4108 1.5153
6480 3240.0 1.8680 3.3581 1.8680 2.2712 1.5931
6490 3245.0 1.8897 1.8196 1.8897 2.2095 1.5103
6500 3250.0 1.8599 4.0571 1.8599 2.2481 1.3120
6510 3255.0 1.9422 0.0306 1.9422 2.1169 1.4135
6520 3260.0 1.9302 0.1961 1.9302 2.1173 1.4642
6530 3265.0 1.8119 9.5331 1.8119 2.3371 1.3586
6540 3270.0 1.9267 0.2715 1.9267 2.4218 1.4385
6550 3275.0 1.9961 1.0605 1.9961 2.5302 1.4719
6560 3280.0 1.8338 6.7462 1.8338 2.7028 1.3442
6570 3285.0 1.8563 4.3902 1.8563 2.7002 1.4430
6580 3290.0 1.9918 0.8747 1.9918 2.6320 1.4877
6590 3295.0 1.9282 0.2382 1.9282 2.6641 1.3284
6600 3300.0 1.8359 6.5149 1.8359 2.6063 1.4275
6610 3305.0 1.8983 1.3350 1.8983 2.4679 1.5644
6620 3310.0 1.9180 0.5116 1.9180 2.4826 1.4183
6630 3315.0 1.9194 0.4681 1.9194 2.4613 1.3387
6640 3320.0 1.9231 0.3612 1.9231 2.2813 1.4923
6650 3325.0 1.8540 4.6036 1.8540 2.2428 1.5393
6660 3330.0 1.8506 4.9422 1.8506 2.3952 1.3659
6670 3335.0 1.8909 1.7464 1.8909 2.3850 1.3551
6680 3340.0 1.9217 0.4011 1.9217 2.2354 1.5243
6690 3345.0 1.9388 0.0629 1.9388 2.3243 1.4620
6700 3350.0 1.8976 1.3719 1.8976 2.4854 1.3367
6710 3355.0 1.9212 0.4142 1.9212 2.4410 1.4412
6720 3360.0 1.9290 0.2203 1.9290 2.4548 1.5136
6730 3365.0 1.8863 2.0264 1.8863 2.6261 1.3867
6740 3370.0 1.9314 0.1721 1.9314 2.6720 1.3605
6750 3375.0 2.0039 1.4517 2.0039 2.5919 1.4877
6760 3380.0 1.9177 0.5211 1.9177 2.6926 1.4701
6770 3385.0 1.8313 7.0438 1.8313 2.8713 1.3757
6780 3390.0 1.9620 0.0723 1.9620 2.8653 1.3905
6790 3395.0 2.0309 3.2702 2.0309 2.8442 1.4376
6800 3400.0 1.9391 0.0596 1.9391 2.9557 1.3934
6810 3405.0 1.8764 2.7093 1.8764 3.0458 1.4042
6820 3410.0 1.9348 0.1156 1.9348 2.9620 1.4599
6830 3415.0 2.0075 1.6533 2.0075 3.0085 1.3594
6840 3420.0 1.9016 1.1701 1.9016 3.0167 1.3821
6850 3425.0 1.8688 3.2939 1.8688 3.0186 1.4783
6860 3430.0 1.9959 1.0528 1.9959 3.0648 1.3592
6870 3435.0 2.0211 2.5249 2.0211 3.1367 1.3651
6880 3440.0 1.8561 4.4098 1.8561 2.9767 1.4787
6890 3445.0 1.8915 1.7095 1.8915 2.8738 1.4230
6900 3450.0 2.0399 4.0369 2.0399 2.7249 1.4068
6910 3455.0 1.9423 0.0297 1.9423 2.6545 1.4444
6920 3460.0 1.8015 11.0283 1.8015 2.6721 1.4337
6930 3465.0 1.8660 3.5275 1.8660 2.6001 1.4646
6940 3470.0 1.9452 0.0117 1.9452 2.5355 1.4818
6950 3475.0 1.9497 0.0000 1.9497 2.5047 1.4756
6960 3480.0 1.9359 0.0999 1.9359 2.5460 1.4327
6970 3485.0 1.9039 1.0615 1.9039 2.5273 1.4284
6980 3490.0 1.8675 3.4020 1.8675 2.4588 1.4848
6990 3495.0 1.8907 1.7593 1.8907 2.4019 1.5094
7000 3500.0 1.9227 0.3731 1.9227 2.4434 1.4411
7010 3505.0 1.9201 0.4481 1.9201 2.4803 1.3960
7020 3510.0 1.9003 1.2372 1.9003 2.4471 1.4468
7030 3515.0 1.8811 2.3755 1.8811 2.3771 1.5010
7040 3520.0 1.9161 0.5732 1.9161 2.4390 1.4097
7050 3525.0 1.9354 0.1067 1.9354 2.4449 1.3729
7060 3530.0 1.9089 0.8432 1.9089 2.3598 1.4448
7070 3535.0 1.8603 4.0206 1.8603 2.3300 1.4797
7080 3540.0 1.8582 4.2169 1.8582 2.4180 1.3978
7090 3545.0 1.8845 2.1443 1.8845 2.3816 1.4290
7100 3550.0 1.9192 0.4759 1.9192 2.3189 1.4972
7110 3555.0 1.8825 2.2775 1.8825 2.3978 1.4267
7120 3560.0 1.8720 3.0424 1.8720 2.4353 1.3803
7130 3565.0 1.9141 0.6452 1.9141 2.3438 1.4481
7140 3570.0 1.8852 2.0984 1.8852 2.3560 1.4342
7150 3575.0 1.8728 2.9800 1.8728 2.4218 1.3918
7160 3580.0 1.8579 4.2379 1.8579 2.3929 1.4771
7170 3585.0 1.8541 4.5983 1.8541 2.4189 1.5039
7180 3590.0 1.9037 1.0740 1.9037 2.5093 1.4169
7190 3595.0 1.9708 0.2159 1.9708 2.5720 1.3566
7200 3600.0 1.9204 0.4375 1.9204 2.5604 1.4281
7210 3605.0 1.8559 4.4243 1.8559 2.5592 1.4797
7220 3610.0 1.9095 0.8215 1.9095 2.5829 1.4225
7230 3615.0 1.9642 0.1007 1.9642 2.5663 1.3695
7240 3620.0 1.9530 0.0046 1.9530 2.4914 1.4126
7250 3625.0 1.8674 3.4111 1.8674 2.4341 1.4779
7260 3630.0 1.8631 3.7765 1.8631 2.3960 1.4575
7270 3635.0 1.8771 2.6589 1.8771 2.3875 1.4167
7280 3640.0 1.9496 0.0001 1.9496 2.3760 1.4149
7290 3645.0 1.9867 0.6725 1.9867 2.4058 1.4139
7300 3650.0 1.8800 2.4494 1.8800 2.4659 1.3945
7310 3655.0 1.8564 4.3776 1.8564 2.4145 1.4468
7320 3660.0 1.9124 0.7072 1.9124 2.3140 1.5018
7330 3665.0 1.8902 1.7892 1.8902 2.3456 1.4044
7340 3670.0 1.8827 2.2652 1.8827 2.3394 1.3723
7350 3675.0 1.9236 0.3476 1.9236 2.2657 1.4750
7360 3680.0 1.9006 1.2187 1.9006 2.3273 1.4653
7370 3685.0 1.8299 7.2088 1.8299 2.4482 1.4212
7380 3690.0 1.8845 2.1476 1.8845 2.4229 1.4953
7390 3695.0 1.9277 0.2486 1.9277 2.4519 1.4783
7400 3700.0 1.9265 0.2765 1.9265 2.5658 1.3565
7410 3705.0 1.9367 0.0890 1.9367 2.5802 1.4157
7420 3710.0 1.8938 1.5815 1.8938 2.6464 1.4821
7430 3715.0 1.8697 3.2273 1.8697 2.7503 1.4060
7440 3720.0 1.9833 0.5531 1.9833 2.7525 1.3529
7450 3725.0 2.0205 2.4832 2.0205 2.7499 1.4005
7460 3730.0 1.8639 3.7030 1.8639 2.8331 1.4246
7470 3735.0 1.8299 7.2150 1.8299 2.8372 1.4385
7480 3740.0 1.9969 1.1020 1.9969 2.7507 1.4607
7490 3745.0 1.9731 0.2670 1.9731 2.8526 1.3500
7500 3750.0 1.8531 4.6927 1.8531 2.8904 1.4048
7510 3755.0 1.8766 2.6970 1.8766 2.8151 1.5560
7520 3760.0 1.9300 0.1993 1.9300 2.7673 1.4901
7530 3765.0 1.9422 0.0304 1.9422 2.7700 1.3300
7540 3770.0 1.9313 0.1749 1.9313 2.6527 1.4459
7550 3775.0 1.9046 1.0309 1.9046 2.6356 1.4843
7560 3780.0 1.8890 1.8635 1.8890 2.6668 1.3760
7570 3785.0 1.9349 0.1133 1.9349 2.5483 1.4684
7580 3790.0 1.9211 0.4178 1.9211 2.5478 1.4387
7590 3795.0 1.9166 0.5573 1.9166 2.6036 1.3630
7600 3800.0 1.9630 0.0850 1.9630 2.5330 1.4386
7610 3805.0 1.9205 0.4340 1.9205 2.5752 1.4415
7620 3810.0 1.8588 4.1604 1.8588 2.6546 1.3922
7630 3815.0 1.9368 0.0869 1.9368 2.5818 1.4451
7640 3820.0 1.9487 0.0009 1.9487 2.6066 1.4000
7650 3825.0 1.8677 3.3904 1.8677 2.6281 1.4128
7660 3830.0 1.9076 0.9006 1.9076 2.5629 1.4562
7670 3835.0 1.9570 0.0242 1.9570 2.5791 1.3772
7680 3840.0 1.9056 0.9871 1.9056 2.5955 1.3611
7690 3845.0 1.8680 3.3615 1.8680 2.5173 1.4711
7700 3850.0 1.9073 0.9111 1.9073 2.4984 1.4621
7710 3855.0 1.9411 0.0397 1.9411 2.5486 1.3845
7720 3860.0 1.8981 1.3488 1.8981 2.5802 1.4454
7730 3865.0 1.8818 2.3246 1.8818 2.6703 1.4536
7740 3870.0 1.9029 1.1094 1.9029 2.7782 1.4215
7750 3875.0 1.9227 0.3717 1.9227 2.7980 1.4226
7760 3880.0 1.8963 1.4416 1.8963 2.7534 1.4196
7770 3885.0 1.8717 3.0647 1.8717 2.6815 1.4225
7780 3890.0 1.8877 1.9376 1.8877 2.5853 1.4430
7790 3895.0 1.9506 0.0002 1.9506 2.4782 1.4270
7800 3900.0 1.9263 0.2800 1.9263 2.3967 1.3969
7810 3905.0 1.8724 3.0080 1.8724 2.3104 1.4454
7820 3910.0 1.8396 6.0966 1.8396 2.2610 1.4978
7830 3915.0 1.8661 3.5235 1.8661 2.2950 1.4861
7840 3920.0 1.9277 0.2485 1.9277 2.4184 1.4143
7850 3925.0 1.9092 0.8327 1.9092 2.5842 1.3772
7860 3930.0 1.8814 2.3528 1.8814 2.6969 1.4544
7870 3935.0 1.9308 0.1843 1.9308 2.8052 1.4502
7880 3940.0 1.9108 0.7700 1.9108 2.9194 1.3759
7890 3945.0 1.8501 4.9869 1.8501 2.9627 1.3934
7900 3950.0 1.8724 3.0135 1.8724 2.9537 1.4786
7910 3955.0 1.9143 0.6381 1.9143 2.9335 1.4467
7920 3960.0 1.9170 0.5452 1.9170 2.9337 1.3434
7930 3965.0 1.9307 0.1861 1.9307 2.8123 1.4302
7940 3970.0 1.8724 3.0134 1.8724 2.7832 1.4667
7950 3975.0 1.8581 4.2216 1.8581 2.8429 1.4158
7960 3980.0 1.9837 0.5695 1.9837 2.7246 1.4397
7970 3985.0 1.9466 0.0056 1.9466 2.6269 1.4077
7980 3990.0 1.8680 3.3590 1.8680 2.5936 1.3995
7990 3995.0 1.9349 0.1145 1.9349 2.5263 1.4676
8000 4000.0 1.9176 0.5238 1.9176 2.5850 1.4024
8010 4005.0 1.8694 3.2459 1.8694 2.6214 1.3971
8020 4010.0 1.9248 0.3183 1.9248 2.6474 1.4498
8030 4015.0 1.9087 0.8517 1.9087 2.6885 1.3865
8040 4020.0 1.8892 1.8458 1.8892 2.6685 1.3844
8050 4025.0 1.8994 1.2807 1.8994 2.5905 1.4740
8060 4030.0 1.8813 2.3578 1.8813 2.5548 1.4131
8070 4035.0 1.9146 0.6266 1.9146 2.4544 1.4277
8080 4040.0 1.9129 0.6900 1.9129 2.4033 1.4614
8090 4045.0 1.8712 3.1071 1.8712 2.4475 1.3730
8100 4050.0 1.9022 1.1402 1.9022 2.3985 1.4233
8110 4055.0 1.8952 1.5021 1.8952 2.3786 1.4729
8120 4060.0 1.8823 2.2912 1.8823 2.4373 1.4036
8130 4065.0 1.9263 0.2808 1.9263 2.4798 1.3913
8140 4070.0 1.9288 0.2253 1.9288 2.5081 1.4462
8150 4075.0 1.8461 5.3999 1.8461 2.5575 1.4795
8160 4080.0 1.8538 4.6252 1.8538 2.6249 1.4196
8170 4085.0 1.9453 0.0111 1.9453 2.5991 1.4110
8180 4090.0 1.9229 0.3684 1.9229 2.5347 1.4644
8190 4095.0 1.8478 5.2236 1.8478 2.5660 1.4331
8200 4100.0 1.8526 4.7443 1.8526 2.5809 1.4204
8210 4105.0 1.9469 0.0049 1.9469 2.5627 1.4516
8220 4110.0 1.9300 0.2004 1.9300 2.6310 1.4231
8230 4115.0 1.8627 3.8077 1.8627 2.7282 1.3921
8240 4120.0 1.8768 2.6799 1.8768 2.7731 1.4554
8250 4125.0 1.9502 0.0000 1.9502 2.8482 1.4501
8260 4130.0 1.9210 0.4218 1.9210 2.9588 1.3864
8270 4135.0 1.8715 3.0773 1.8715 3.0088 1.3927
8280 4140.0 1.8877 1.9403 1.8877 2.9800 1.4804
8290 4145.0 1.8604 4.0118 1.8604 2.9546 1.4528
8300 4150.0 1.8926 1.6460 1.8926 2.9135 1.3902
8310 4155.0 1.9377 0.0761 1.9377 2.7832 1.4280
8320 4160.0 1.8531 4.6946 1.8531 2.6918 1.4730
8330 4165.0 1.8226 8.1177 1.8226 2.6185 1.4811
8340 4170.0 1.9240 0.3379 1.9240 2.5535 1.4433
8350 4175.0 1.9413 0.0380 1.9413 2.5429 1.3865
8360 4180.0 1.8966 1.4255 1.8966 2.5102 1.4478
8370 4185.0 1.8240 7.9361 1.8240 2.5281 1.4655
8380 4190.0 1.9139 0.6505 1.9139 2.5644 1.4299
8390 4195.0 1.9929 0.9214 1.9929 2.6012 1.4216
8400 4200.0 1.8492 5.0852 1.8492 2.7030 1.3975
8410 4205.0 1.8394 6.1199 1.8394 2.7380 1.4737
8420 4210.0 1.9549 0.0119 1.9549 2.7894 1.4177
8430 4215.0 1.9285 0.2302 1.9285 2.8154 1.3207
8440 4220.0 1.8683 3.3397 1.8683 2.7436 1.4345
8450 4225.0 1.8917 1.7013 1.8917 2.6381 1.4969
8460 4230.0 1.9133 0.6748 1.9133 2.6188 1.3449
8470 4235.0 1.9246 0.3218 1.9246 2.4931 1.3911
8480 4240.0 1.9051 1.0066 1.9051 2.3446 1.5216
8490 4245.0 1.8328 6.8687 1.8328 2.4098 1.4199
8500 4250.0 1.9029 1.1080 1.9029 2.4619 1.3289
8510 4255.0 1.9599 0.0490 1.9599 2.3625 1.4681
8520 4260.0 1.8784 2.5636 1.8784 2.4424 1.4430
8530 4265.0 1.8414 5.8920 1.8414 2.5708 1.3467
8540 4270.0 1.9455 0.0099 1.9455 2.5250 1.4773
8550 4275.0 1.9613 0.0636 1.9613 2.5576 1.4784
8560 4280.0 1.8527 4.7295 1.8527 2.6779 1.3216
8570 4285.0 1.9098 0.8087 1.9098 2.5783 1.4723
8580 4290.0 1.9205 0.4357 1.9205 2.5596 1.5572
8590 4295.0 1.8397 6.0819 1.8397 2.6668 1.3543
8600 4300.0 1.9471 0.0043 1.9471 2.6544 1.3756
8610 4305.0 1.9727 0.2576 1.9727 2.7215 1.5349
8620 4310.0 1.8095 9.8633 1.8095 2.8081 1.4338
8630 4315.0 1.8593 4.1127 1.8593 2.7940 1.3358
8640 4320.0 2.0763 7.9779 2.0763 2.7645 1.4713
8650 4325.0 1.8966 1.4261 1.8966 2.8892 1.4322
8660 4330.0 1.7614 17.7942 1.7614 2.9725 1.4109
8670 4335.0 2.0074 1.6498 2.0074 2.8890 1.5281
8680 4340.0 1.9550 0.0127 1.9550 2.8405 1.4170
8690 4345.0 1.8022 10.9179 1.8022 2.8370 1.3290
8700 4350.0 1.9506 0.0002 1.9506 2.7271 1.5378
8710 4355.0 1.9743 0.2941 1.9743 2.6581 1.5680
8720 4360.0 1.8232 8.0344 1.8232 2.6544 1.3895
8730 4365.0 1.8709 3.1253 1.8709 2.5681 1.3903
8740 4370.0 1.9618 0.0698 1.9618 2.4532 1.5075
8750 4375.0 1.8898 1.8094 1.8898 2.4490 1.4271
8760 4380.0 1.8231 8.0462 1.8231 2.4884 1.3950
8770 4385.0 1.8451 5.5065 1.8451 2.5367 1.5150
8780 4390.0 1.9078 0.8921 1.9078 2.6168 1.5347
8790 4395.0 1.8906 1.7648 1.8906 2.7041 1.4039
8800 4400.0 1.9038 1.0669 1.9038 2.7356 1.3668
8810 4405.0 1.9255 0.3000 1.9255 2.7475 1.4826
8820 4410.0 1.8857 2.0685 1.8857 2.7447 1.4304
8830 4415.0 1.9106 0.7772 1.9106 2.6673 1.3687
8840 4420.0 1.9801 0.4534 1.9801 2.5915 1.4472
8850 4425.0 1.9134 0.6687 1.9134 2.5566 1.4157
8860 4430.0 1.8674 3.4111 1.8674 2.5478 1.3587
8870 4435.0 1.9390 0.0610 1.9390 2.4649 1.4497
8880 4440.0 1.9299 0.2010 1.9299 2.4625 1.4319
8890 4445.0 1.8893 1.8403 1.8893 2.5128 1.3851
8900 4450.0 1.8962 1.4490 1.8962 2.5183 1.4455
8910 4455.0 1.9010 1.1985 1.9010 2.4812 1.4447
8920 4460.0 1.9074 0.9073 1.9074 2.4832 1.4119
8930 4465.0 1.9107 0.7723 1.9107 2.4145 1.4502
8940 4470.0 1.8862 2.0338 1.8862 2.3669 1.4693
8950 4475.0 1.8745 2.8487 1.8745 2.4148 1.3996
8960 4480.0 1.9065 0.9446 1.9065 2.3743 1.4325
8970 4485.0 1.9218 0.3989 1.9218 2.3725 1.4877
8980 4490.0 1.8577 4.2583 1.8577 2.4469 1.4184
8990 4495.0 1.8517 4.8327 1.8517 2.4435 1.4333
9000 4500.0 1.8999 1.2535 1.8999 2.4132 1.4975
9010 4505.0 1.9059 0.9718 1.9059 2.4397 1.4171
9020 4510.0 1.8941 1.5635 1.8941 2.4681 1.4174
9030 4515.0 1.8724 3.0142 1.8724 2.4709 1.5162
9040 4520.0 1.8844 2.1541 1.8844 2.5137 1.4589
9050 4525.0 1.9113 0.7496 1.9113 2.5206 1.3586
9060 4530.0 1.8990 1.2988 1.8990 2.4927 1.4510
9070 4535.0 1.9021 1.1450 1.9021 2.4553 1.5245
9080 4540.0 1.8656 3.5619 1.8656 2.4600 1.4553
9090 4545.0 1.8660 3.5283 1.8660 2.4450 1.3741
9100 4550.0 1.9236 0.3479 1.9236 2.2974 1.4626
9110 4555.0 1.9600 0.0499 1.9600 2.2635 1.4408
9120 4560.0 1.9555 0.0151 1.9555 2.3246 1.3703
9130 4565.0 1.8698 3.2177 1.8698 2.4015 1.4637
9140 4570.0 1.8328 6.8633 1.8328 2.4760 1.5389
9150 4575.0 1.8907 1.7592 1.8907 2.4715 1.4990
9160 4580.0 1.9575 0.0284 1.9575 2.5529 1.3720
9170 4585.0 1.9429 0.0255 1.9429 2.5550 1.3595
9180 4590.0 1.8776 2.6227 1.8776 2.4549 1.4613
9190 4595.0 1.8812 2.3686 1.8812 2.4406 1.4648
9200 4600.0 1.9547 0.0112 1.9547 2.5109 1.3501
9210 4605.0 1.9514 0.0010 1.9514 2.4479 1.3849
9220 4610.0 1.8887 1.8764 1.8887 2.3470 1.4713
9230 4615.0 1.8783 2.5718 1.8783 2.3681 1.4259
9240 4620.0 1.9662 0.1315 1.9662 2.3898 1.3689
9250 4625.0 1.9511 0.0006 1.9511 2.3184 1.4139
9260 4630.0 1.8217 8.2278 1.8217 2.2975 1.4496
9270 4635.0 1.8405 5.9958 1.8405 2.3700 1.3665
9280 4640.0 1.9225 0.3769 1.9225 2.2754 1.4012
9290 4645.0 1.9781 0.3939 1.9781 2.1990 1.4740
9300 4650.0 1.8895 1.8290 1.8895 2.3419 1.3406
9310 4655.0 1.8769 2.6725 1.8769 2.2944 1.3872
9320 4660.0 1.9338 0.1308 1.9338 2.1480 1.5025
9330 4665.0 1.9442 0.0168 1.9442 2.2446 1.3864
9340 4670.0 1.9088 0.8495 1.9088 2.3094 1.3326
9350 4675.0 1.8831 2.2382 1.8831 2.1947 1.4865
9360 4680.0 1.8736 2.9147 1.8736 2.2316 1.4895
9370 4685.0 1.8537 4.6407 1.8537 2.3719 1.3983
9380 4690.0 1.9460 0.0080 1.9460 2.3891 1.3860
9390 4695.0 1.9583 0.0344 1.9583 2.3606 1.4540
9400 4700.0 1.8825 2.2794 1.8825 2.4041 1.4466
9410 4705.0 1.8204 8.3973 1.8204 2.5362 1.3760
9420 4710.0 1.8150 9.1072 1.8150 2.5318 1.4087
9430 4715.0 1.9226 0.3743 1.9226 2.4406 1.4953
9440 4720.0 1.9831 0.5466 1.9831 2.5277 1.4584
9450 4725.0 1.8629 3.7920 1.8629 2.7111 1.3622
9460 4730.0 1.8884 1.8965 1.8884 2.6658 1.4652
9470 4735.0 1.9613 0.0637 1.9613 2.6964 1.4759
9480 4740.0 1.8857 2.0647 1.8857 2.8548 1.3631
9490 4745.0 1.9008 1.2094 1.9008 2.8989 1.3964
9500 4750.0 1.9608 0.0586 1.9608 2.8034 1.4754
9510 4755.0 1.8678 3.3753 1.8678 2.9341 1.3663
9520 4760.0 1.8824 2.2872 1.8824 2.8697 1.3922
9530 4765.0 1.9446 0.0146 1.9446 2.7322 1.4895
9540 4770.0 1.9195 0.4644 1.9195 2.6523 1.3711
9550 4775.0 1.9289 0.2219 1.9289 2.5123 1.3776
9560 4780.0 1.9215 0.4051 1.9215 2.3245 1.5189
9570 4785.0 1.8521 4.7877 1.8521 2.3220 1.4668
9580 4790.0 1.8549 4.5180 1.8549 2.3177 1.4086
9590 4795.0 1.8990 1.3000 1.8990 2.2672 1.4366
9600 4800.0 1.9465 0.0061 1.9465 2.2900 1.4230
9610 4805.0 1.9501 0.0000 1.9501 2.3560 1.3869
9620 4810.0 1.9089 0.8439 1.9089 2.3791 1.4094
9630 4815.0 1.8715 3.0829 1.8715 2.3940 1.4689
9640 4820.0 1.8841 2.1694 1.8841 2.4975 1.4476
9650 4825.0 1.9489 0.0006 1.9489 2.6218 1.3978
9660 4830.0 1.9699 0.1980 1.9699 2.7178 1.4222
9670 4835.0 1.8997 1.2670 1.8997 2.8603 1.4404
9680 4840.0 1.8830 2.2416 1.8830 2.8071 1.4147
9690 4845.0 1.9485 0.0011 1.9485 2.7538 1.4296
9700 4850.0 1.9213 0.4111 1.9213 2.8113 1.4013
9710 4855.0 1.8986 1.3233 1.8986 2.8540 1.4250
9720 4860.0 1.9221 0.3884 1.9221 2.9523 1.4050
9730 4865.0 1.9475 0.0030 1.9475 2.8487 1.4171
9740 4870.0 1.9172 0.5378 1.9172 2.7581 1.4502
9750 4875.0 1.9314 0.1725 1.9314 2.7122 1.4020
9760 4880.0 1.9000 1.2478 1.9000 2.6214 1.4194
9770 4885.0 1.8395 6.1084 1.8395 2.5016 1.5082
9780 4890.0 1.8602 4.0327 1.8602 2.5488 1.4499
9790 4895.0 1.9266 0.2733 1.9266 2.6105 1.3790
9800 4900.0 1.9888 0.7510 1.9888 2.6111 1.4087
9810 4905.0 1.9280 0.2418 1.9280 2.6457 1.4166
9820 4910.0 1.8905 1.7676 1.8905 2.6608 1.4106
9830 4915.0 1.9486 0.0009 1.9486 2.6470 1.4094
9840 4920.0 1.9102 0.7904 1.9102 2.6730 1.3861
9850 4925.0 1.9061 0.9654 1.9061 2.6281 1.4260
9860 4930.0 1.9087 0.8524 1.9087 2.6025 1.4720
9870 4935.0 1.8745 2.8494 1.8745 2.7113 1.4059
9880 4940.0 1.9382 0.0700 1.9382 2.7585 1.4113
9890 4945.0 1.9301 0.1989 1.9301 2.7779 1.4532
9900 4950.0 1.8325 6.8978 1.8325 2.8759 1.3819
9910 4955.0 1.9441 0.0176 1.9441 2.8084 1.4405
9920 4960.0 1.9651 0.1140 1.9651 2.7872 1.4231
9930 4965.0 1.8369 6.3955 1.8369 2.7713 1.3990
9940 4970.0 1.9047 1.0269 1.9047 2.6549 1.4848
9950 4975.0 1.9316 0.1684 1.9316 2.6690 1.4203
9960 4980.0 1.9141 0.6443 1.9141 2.7392 1.3379
9970 4985.0 1.9348 0.1155 1.9348 2.6377 1.4623
9980 4990.0 1.8468 5.3226 1.8468 2.6415 1.4776
9990 4995.0 1.8612 3.9447 1.8612 2.7258 1.3754
10000 5000.0 2.0110 1.8614 2.0110 2.7390 1.3732
10010 5005.0 1.9586 0.0367 1.9586 2.7404 1.4127
10020 5010.0 1.7926 12.3897 1.7926 2.7545 1.4220
10030 5015.0 1.8900 1.8016 1.8900 2.7379 1.4588
10040 5020.0 1.9955 1.0341 1.9955 2.8176 1.3518
10050 5025.0 1.9239 0.3400 1.9239 2.8325 1.3506
10060 5030.0 1.8702 3.1828 1.8702 2.7448 1.4812
10070 5035.0 1.8949 1.5197 1.8949 2.7371 1.4428
10080 5040.0 1.9201 0.4469 1.9201 2.7319 1.3467
10090 5045.0 1.9411 0.0393 1.9411 2.5960 1.4362
10100 5050.0 1.9040 1.0573 1.9040 2.5275 1.4430
10110 5055.0 1.8441 5.6086 1.8441 2.5257 1.3620
10120 5060.0 1.9283 0.2362 1.9283 2.4015 1.4520
10130 5065.0 1.9473 0.0037 1.9473 2.4022 1.4351
10140 5070.0 1.8838 2.1931 1.8838 2.5025 1.3347
10150 5075.0 1.9396 0.0538 1.9396 2.4120 1.4417
10160 5080.0 1.9483 0.0014 1.9483 2.4424 1.4181
10170 5085.0 1.9002 1.2406 1.9002 2.5502 1.3474
10180 5090.0 1.9277 0.2489 1.9277 2.5258 1.4586
10190 5095.0 1.9244 0.3275 1.9244 2.6151 1.4297
10200 5100.0 1.8893 1.8393 1.8893 2.7814 1.3220
10210 5105.0 1.9474 0.0034 1.9474 2.7520 1.4434
10220 5110.0 1.9125 0.7043 1.9125 2.8371 1.4410
10230 5115.0 1.8994 1.2788 1.8994 2.8672 1.3279
10240 5120.0 1.9857 0.6355 1.9857 2.6834 1.4327
10250 5125.0 1.9236 0.3494 1.9236 2.6485 1.4380
10260 5130.0 1.8290 7.3176 1.8290 2.7418 1.3410
10270 5135.0 1.9549 0.0119 1.9549 2.6480 1.4407
10280 5140.0 1.9765 0.3505 1.9765 2.7276 1.3978
10290 5145.0 1.8705 3.1631 1.8705 2.9028 1.3407
10300 5150.0 1.9123 0.7124 1.9123 2.8903 1.4731
10310 5155.0 1.9315 0.1705 1.9315 2.8439 1.4391
10320 5160.0 1.9347 0.1173 1.9347 2.7930 1.3164
10330 5165.0 1.9528 0.0040 1.9528 2.6636 1.4136
10340 5170.0 1.9048 1.0199 1.9048 2.5513 1.4804
10350 5175.0 1.8704 3.1650 1.8704 2.4970 1.3588
10360 5180.0 1.9232 0.3587 1.9232 2.4456 1.3681
10370 5185.0 1.9639 0.0966 1.9639 2.4174 1.4843
10380 5190.0 1.8656 3.5617 1.8656 2.4764 1.4695
10390 5195.0 1.8268 7.5884 1.8268 2.4949 1.4014
10400 5200.0 1.9478 0.0025 1.9478 2.3582 1.4496
10410 5205.0 1.9661 0.1304 1.9661 2.2914 1.5150
10420 5210.0 1.8314 7.0280 1.8314 2.3911 1.4232
10430 5215.0 1.8042 10.6358 1.8042 2.4019 1.4412
10440 5220.0 1.9290 0.2204 1.9290 2.2859 1.5550
10450 5225.0 1.9307 0.1860 1.9307 2.2653 1.5162
10460 5230.0 1.8698 3.2132 1.8698 2.3769 1.3564
10470 5235.0 1.8741 2.8833 1.8741 2.4543 1.4048
10480 5240.0 1.9420 0.0319 1.9420 2.3781 1.5570
10490 5245.0 1.8592 4.1186 1.8592 2.4059 1.5853
10500 5250.0 1.7824 14.0503 1.7824 2.5437 1.4883
10510 5255.0 1.9571 0.0253 1.9571 2.5827 1.3930
10520 5260.0 2.0608 6.1388 2.0608 2.5498 1.3742
10530 5265.0 1.8786 2.5471 1.8786 2.6182 1.4041
10540 5270.0 1.7989 11.4231 1.7989 2.5872 1.5439
10550 5275.0 1.9093 0.8298 1.9093 2.6258 1.5460
10560 5280.0 1.9380 0.0726 1.9380 2.7744 1.3438
10570 5285.0 1.9552 0.0135 1.9552 2.7791 1.3502
10580 5290.0 1.9233 0.3574 1.9233 2.6336 1.5524
10590 5295.0 1.7725 15.7527 1.7725 2.6567 1.5119
10600 5300.0 1.8854 2.0884 1.8854 2.6489 1.3877
10610 5305.0 2.0888 9.6377 2.0888 2.5941 1.3990
10620 5310.0 1.9574 0.0275 1.9574 2.6020 1.3637
10630 5315.0 1.7684 16.4873 1.7684 2.6258 1.4459
10640 5320.0 1.9228 0.3695 1.9228 2.5380 1.5802
10650 5325.0 1.9551 0.0132 1.9551 2.6324 1.4485
10660 5330.0 1.8763 2.7177 1.8763 2.7495 1.2902
10670 5335.0 1.9592 0.0421 1.9592 2.6704 1.5172
10680 5340.0 1.8955 1.4833 1.8955 2.6633 1.5650
10690 5345.0 1.7938 12.1940 1.7938 2.7382 1.4148
10700 5350.0 1.9720 0.2419 1.9720 2.6598 1.3498
10710 5355.0 2.0477 4.7685 2.0477 2.5796 1.4009
10720 5360.0 1.8459 5.4210 1.8459 2.6470 1.4117
10730 5365.0 1.8066 10.2819 1.8066 2.6030 1.4854
10740 5370.0 1.9660 0.1281 1.9660 2.4896 1.4806
10750 5375.0 1.9871 0.6898 1.9871 2.5041 1.3367
10760 5380.0 1.8997 1.2650 1.8997 2.4342 1.4003
10770 5385.0 1.8164 8.9259 1.8164 2.3606 1.5143
10780 5390.0 1.8894 1.8357 1.8894 2.4656 1.4311
10790 5395.0 1.9182 0.5045 1.9182 2.5561 1.3704
10800 5400.0 1.9265 0.2764 1.9265 2.5407 1.4696
10810 5405.0 1.9104 0.7829 1.9104 2.6088 1.4841
10820 5410.0 1.8908 1.7547 1.8908 2.8089 1.3424
10830 5415.0 1.9363 0.0932 1.9363 2.8446 1.4122
10840 5420.0 1.9352 0.1095 1.9352 2.8741 1.4605
10850 5425.0 1.8729 2.9694 1.8729 2.9612 1.3651
10860 5430.0 1.9055 0.9882 1.9055 2.9667 1.3522
10870 5435.0 1.9316 0.1686 1.9316 2.8700 1.4719
10880 5440.0 1.8918 1.6911 1.8918 2.8272 1.4326
10890 5445.0 1.8835 2.2107 1.8835 2.7992 1.3638
10900 5450.0 1.9482 0.0017 1.9482 2.6997 1.4679
10910 5455.0 1.9270 0.2645 1.9270 2.7039 1.3832
10920 5460.0 1.8907 1.7574 1.8907 2.6451 1.3772
10930 5465.0 1.9385 0.0665 1.9385 2.4920 1.5192
10940 5470.0 1.8715 3.0784 1.8715 2.5382 1.4186
10950 5475.0 1.8736 2.9195 1.8736 2.5400 1.3581
10960 5480.0 1.9903 0.8138 1.9903 2.3586 1.4926
10970 5485.0 1.9307 0.1862 1.9307 2.4282 1.4039
10980 5490.0 1.8307 7.1212 1.8307 2.4967 1.3605
10990 5495.0 1.8132 9.3561 1.8132 2.3653 1.5012
11000 5500.0 1.9048 1.0193 1.9048 2.4229 1.4728
11010 5505.0 1.9189 0.4843 1.9189 2.5892 1.3681
11020 5510.0 1.9214 0.4101 1.9214 2.6532 1.3901
11030 5515.0 1.9198 0.4567 1.9198 2.6720 1.4833
11040 5520.0 1.8716 3.0749 1.8716 2.8196 1.4186
11050 5525.0 1.9254 0.3015 1.9254 2.9535 1.4020
11060 5530.0 1.9442 0.0166 1.9442 2.9101 1.4270
11070 5535.0 1.8811 2.3739 1.8811 2.9354 1.4039
11080 5540.0 1.8851 2.1057 1.8851 2.9407 1.4226
11090 5545.0 1.9289 0.2216 1.9289 2.9733 1.4039
11100 5550.0 1.9047 1.0269 1.9047 3.0285 1.3837
11110 5555.0 1.8729 2.9736 1.8729 3.0067 1.4515
11120 5560.0 1.9093 0.8290 1.9093 3.0436 1.4320
11130 5565.0 1.9081 0.8780 1.9081 3.1027 1.3653
11140 5570.0 1.8961 1.4505 1.8961 3.0658 1.4579
11150 5575.0 1.9070 0.9231 1.9070 3.0629 1.4395
11160 5580.0 1.9256 0.2968 1.9256 2.9993 1.3669
11170 5585.0 1.9150 0.6119 1.9150 2.9584 1.4368
11180 5590.0 1.8877 1.9376 1.8877 2.8921 1.4450
11190 5595.0 1.9154 0.5977 1.9154 2.7756 1.3599
11200 5600.0 1.9010 1.2028 1.9010 2.7170 1.4283
11210 5605.0 1.8560 4.4136 1.8560 2.7194 1.5144
11220 5610.0 1.8491 5.0918 1.8491 2.7198 1.4437
11230 5615.0 1.9141 0.6458 1.9141 2.7097 1.3437
11240 5620.0 1.9232 0.3591 1.9232 2.7606 1.4376
11250 5625.0 1.8870 1.9838 1.8870 2.7694 1.4457
11260 5630.0 1.9056 0.9839 1.9056 2.8129 1.3551
11270 5635.0 1.9058 0.9746 1.9058 2.7690 1.4324
11280 5640.0 1.8834 2.2176 1.8834 2.7577 1.4647
11290 5645.0 1.8609 3.9736 1.8609 2.8203 1.3674
11300 5650.0 1.9263 0.2800 1.9263 2.7808 1.4415
11310 5655.0 1.9375 0.0780 1.9375 2.7252 1.4410
11320 5660.0 1.8218 8.2147 1.8218 2.6833 1.3824
11330 5665.0 1.8906 1.7632 1.8906 2.5632 1.4409
11340 5670.0 1.9613 0.0643 1.9613 2.5159 1.4426
11350 5675.0 1.8685 3.3248 1.8685 2.5739 1.3412
11360 5680.0 1.8697 3.2257 1.8697 2.5098 1.4104
11370 5685.0 1.9182 0.5056 1.9182 2.4102 1.4929
11380 5690.0 1.8459 5.4182 1.8459 2.5046 1.3655
11390 5695.0 1.9077 0.8941 1.9077 2.5335 1.3544
11400 5700.0 1.9805 0.4651 1.9805 2.4747 1.4643
11410 5705.0 1.8354 6.5680 1.8354 2.5754 1.4155
11420 5710.0 1.8444 5.5791 1.8444 2.6611 1.4029
11430 5715.0 2.0098 1.7898 2.0098 2.7095 1.4379
11440 5720.0 1.9233 0.3555 1.9233 2.8281 1.3777
11450 5725.0 1.8084 10.0266 1.8084 2.8664 1.4307
11460 5730.0 1.9463 0.0069 1.9463 2.9156 1.4979
11470 5735.0 2.0018 1.3418 2.0018 3.0489 1.3378
11480 5740.0 1.8679 3.3736 1.8679 3.0392 1.3679
11490 5745.0 1.8712 3.1047 1.8712 2.8774 1.5594
11500 5750.0 1.8930 1.6273 1.8930 2.9419 1.4623
11510 5755.0 1.9308 0.1834 1.9308 3.0396 1.2867
11520 5760.0 1.9811 0.4846 1.9811 2.9001 1.4525
11530 5765.0 1.8721 3.0371 1.8721 2.8397 1.4844
11540 5770.0 1.8370 6.3885 1.8370 2.8448 1.3856
11550 5775.0 2.0158 2.1655 2.0158 2.7465 1.4070
11560 5780.0 1.9787 0.4116 1.9787 2.7102 1.4047
11570 5785.0 1.8194 8.5300 1.8194 2.7106 1.3569
11580 5790.0 1.9335 0.1360 1.9335 2.6212 1.4338
11590 5795.0 2.0220 2.5905 2.0220 2.5760 1.4402
11600 5800.0 1.8683 3.3354 1.8683 2.6790 1.3271
11610 5805.0 1.8803 2.4297 1.8803 2.5880 1.4717
11620 5810.0 1.9484 0.0012 1.9484 2.5592 1.5627
11630 5815.0 1.9263 0.2806 1.9263 2.6902 1.3880
11640 5820.0 1.9059 0.9719 1.9059 2.7939 1.3198
11650 5825.0 1.9506 0.0002 1.9506 2.7657 1.5555
11660 5830.0 1.8612 3.9444 1.8612 2.8157 1.5101
11670 5835.0 1.8800 2.4498 1.8800 2.8018 1.3262
11680 5840.0 2.0200 2.4515 2.0200 2.6965 1.3965
11690 5845.0 1.9611 0.0621 1.9611 2.6309 1.4578
11700 5850.0 1.7921 12.4603 1.7921 2.6369 1.4099
11710 5855.0 1.9093 0.8281 1.9093 2.5049 1.4475
11720 5860.0 2.0127 1.9658 2.0127 2.4430 1.4573
11730 5865.0 1.8751 2.8063 1.8751 2.5641 1.3407
11740 5870.0 1.8797 2.4741 1.8797 2.5639 1.4173
11750 5875.0 1.9805 0.4639 1.9805 2.5240 1.5031
11760 5880.0 1.8946 1.5351 1.8946 2.6456 1.3934
11770 5885.0 1.8718 3.0613 1.8718 2.7072 1.3453
11780 5890.0 1.9719 0.2404 1.9719 2.6062 1.4721
11790 5895.0 1.8983 1.3368 1.8983 2.5866 1.4275
11800 5900.0 1.8774 2.6367 1.8774 2.5792 1.3644
11810 5905.0 1.9923 0.8948 1.9923 2.4621 1.4448
11820 5910.0 1.8847 2.1304 1.8847 2.5191 1.4184
11830 5915.0 1.8591 4.1295 1.8591 2.5368 1.4226
11840 5920.0 1.9492 0.0003 1.9492 2.4997 1.4741
11850 5925.0 1.9063 0.9527 1.9063 2.5627 1.3842
11860 5930.0 1.8864 2.0208 1.8864 2.6134 1.4086
11870 5935.0 1.9274 0.2549 1.9274 2.5842 1.5147
11880 5940.0 1.8586 4.1759 1.8586 2.6781 1.3843
11890 5945.0 1.9303 0.1940 1.9303 2.6550 1.3950
11900 5950.0 1.9567 0.0222 1.9567 2.6111 1.4512
11910 5955.0 1.8438 5.6398 1.8438 2.6118 1.4036
11920 5960.0 1.8604 4.0124 1.8604 2.5290 1.4630
11930 5965.0 1.9319 0.1635 1.9319 2.4476 1.4688
11940 5970.0 1.8894 1.8377 1.8894 2.5351 1.3479
11950 5975.0 1.9124 0.7085 1.9124 2.4845 1.4216
11960 5980.0 1.9200 0.4514 1.9200 2.4653 1.4844
11970 5985.0 1.8389 6.1726 1.8389 2.5919 1.3853
11980 5990.0 1.9149 0.6152 1.9149 2.5801 1.4065
11990 5995.0 1.9360 0.0979 1.9360 2.5934 1.4455
12000 6000.0 1.8354 6.5611 1.8354 2.6839 1.4175
12010 6005.0 1.8811 2.3758 1.8811 2.6773 1.3986
12020 6010.0 2.0165 2.2139 2.0165 2.6169 1.4185
12030 6015.0 1.9089 0.8465 1.9089 2.6727 1.4190
12040 6020.0 1.7999 11.2712 1.7999 2.7078 1.4632
12050 6025.0 1.8898 1.8102 1.8898 2.6979 1.4748
12060 6030.0 2.0094 1.7665 2.0094 2.7314 1.4097
12070 6035.0 1.8697 3.2207 1.8697 2.7968 1.4036
12080 6040.0 1.7796 14.5246 1.7796 2.8007 1.5050
12090 6045.0 1.9090 0.8423 1.9090 2.7947 1.4809
12100 6050.0 2.0095 1.7680 2.0095 2.8378 1.3373
12110 6055.0 1.9058 0.9753 1.9058 2.8540 1.4227
12120 6060.0 1.7966 11.7689 1.7966 2.8654 1.5198
12130 6065.0 1.8708 3.1345 1.8708 2.8827 1.4843
12140 6070.0 1.9654 0.1188 1.9654 2.9459 1.3286
12150 6075.0 1.9916 0.8647 1.9916 2.8755 1.4091
12160 6080.0 1.8839 2.1840 1.8839 2.8236 1.4877
12170 6085.0 1.8124 9.4645 1.8124 2.8395 1.4409
12180 6090.0 1.9172 0.5391 1.9172 2.7481 1.4169
12190 6095.0 1.9950 1.0114 1.9950 2.6626 1.4162
12200 6100.0 1.9019 1.1546 1.9019 2.6682 1.4021
12210 6105.0 1.8471 5.2974 1.8471 2.6372 1.4896
12220 6110.0 1.9046 1.0299 1.9046 2.6145 1.4865
12230 6115.0 1.9272 0.2597 1.9272 2.6537 1.3827
12240 6120.0 1.9157 0.5882 1.9157 2.6119 1.4512
12250 6125.0 1.8763 2.7157 1.8763 2.5996 1.4703
12260 6130.0 1.8773 2.6422 1.8773 2.5774 1.4317
12270 6135.0 1.9204 0.4374 1.9204 2.4667 1.4613
12280 6140.0 1.9218 0.3981 1.9218 2.4460 1.4394
12290 6145.0 1.9144 0.6343 1.9144 2.4677 1.4241
12300 6150.0 1.8836 2.2062 1.8836 2.4849 1.4630
12310 6155.0 1.8869 1.9920 1.8869 2.5422 1.4402
12320 6160.0 1.9027 1.1170 1.9027 2.5765 1.4228
12330 6165.0 1.9178 0.5185 1.9178 2.5970 1.4222
12340 6170.0 1.9160 0.5767 1.9160 2.6364 1.4364
12350 6175.0 1.9135 0.6675 1.9135 2.6748 1.4190
12360 6180.0 1.8944 1.5430 1.8944 2.7186 1.3996
12370 6185.0 1.9231 0.3629 1.9231 2.7087 1.4225
12380 6190.0 1.9438 0.0192 1.9438 2.7430 1.3943
12390 6195.0 1.8988 1.3098 1.8988 2.7640 1.3707
12400 6200.0 1.9267 0.2717 1.9267 2.6978 1.4385
12410 6205.0 1.9346 0.1185 1.9346 2.6374 1.4405
12420 6210.0 1.8946 1.5361 1.8946 2.6283 1.3724
12430 6215.0 1.9167 0.5541 1.9167 2.5417 1.4133
12440 6220.0 1.9528 0.0039 1.9528 2.4539 1.4550
12450 6225.0 1.9021 1.1454 1.9021 2.4892 1.3921
12460 6230.0 1.8734 2.9335 1.8734 2.4369 1.4607
12470 6235.0 1.9061 0.9621 1.9061 2.3848 1.4865
12480 6240.0 1.8939 1.5719 1.8939 2.4677 1.3721
12490 6245.0 1.9137 0.6586 1.9137 2.3981 1.4606
12500 6250.0 1.9194 0.4690 1.9194 2.4103 1.4742
12510 6255.0 1.8655 3.5678 1.8655 2.5210 1.3719
12520 6260.0 1.9089 0.8455 1.9089 2.4399 1.4530
12530 6265.0 1.9305 0.1899 1.9305 2.3971 1.4997
12540 6270.0 1.8667 3.4663 1.8667 2.5446 1.3600
12550 6275.0 1.8900 1.8023 1.8900 2.5789 1.3962
12560 6280.0 1.9788 0.4139 1.9788 2.6130 1.5029
12570 6285.0 1.9201 0.4469 1.9201 2.7874 1.3998
12580 6290.0 1.8360 6.4958 1.8360 2.8838 1.3219
12590 6295.0 1.9342 0.1245 1.9342 2.7117 1.4870
12600 6300.0 1.9272 0.2609 1.9272 2.7447 1.4578
12610 6305.0 1.8556 4.4516 1.8556 2.8246 1.2907
12620 6310.0 1.9213 0.4114 1.9213 2.5894 1.4781
12630 6315.0 1.9083 0.8674 1.9083 2.4231 1.5728
12640 6320.0 1.7955 11.9372 1.7955 2.4400 1.4225
12650 6325.0 1.9388 0.0625 1.9388 2.3924 1.3194
12660 6330.0 2.0615 6.2172 2.0615 2.2030 1.4799
12670 6335.0 1.8149 9.1247 1.8149 2.2974 1.4038
12680 6340.0 1.7923 12.4335 1.7923 2.3375 1.3717
12690 6345.0 2.0339 3.5154 2.0339 2.2252 1.4795
12700 6350.0 1.9275 0.2537 1.9275 2.3835 1.3236
12710 6355.0 1.8146 9.1644 1.8146 2.3708 1.4035
12720 6360.0 1.9423 0.0297 1.9423 2.2805 1.5507
12730 6365.0 1.9383 0.0679 1.9383 2.4613 1.3308
12740 6370.0 1.9031 1.0983 1.9031 2.5124 1.3617
12750 6375.0 1.8731 2.9585 1.8731 2.4656 1.5845
12760 6380.0 1.7801 14.4267 1.7801 2.5896 1.5248
12770 6385.0 1.8968 1.4140 1.8968 2.7589 1.3192
12780 6390.0 2.1081 12.5014 2.1081 2.8162 1.3775
12790 6395.0 1.9381 0.0709 1.9381 2.7733 1.4732
12800 6400.0 1.6839 35.4115 1.6839 2.7564 1.5009
12810 6405.0 1.8524 4.7597 1.8524 2.7542 1.4605
12820 6410.0 2.0927 10.1778 2.0927 2.7523 1.3919
12830 6415.0 1.9506 0.0002 1.9506 2.6717 1.3364
12840 6420.0 1.7276 24.7340 1.7276 2.4959 1.4772
12850 6425.0 1.9151 0.6092 1.9151 2.2059 1.6286
12860 6430.0 1.9948 1.0026 1.9948 2.2499 1.4575
12870 6435.0 1.8845 2.1456 1.8845 2.4303 1.2698
12880 6440.0 1.8383 6.2365 1.8383 2.1899 1.6150
12890 6445.0 1.8292 7.2920 1.8292 2.1080 1.7647
12900 6450.0 1.7365 22.7850 1.7365 2.2487 1.7088
12910 6455.0 1.7317 23.8292 1.7317 2.4101 1.5182
12920 6460.0 1.9041 1.0549 1.9041 2.5183 1.3633
12930 6465.0 2.0359 3.6920 2.0359 2.5307 1.4772
12940 6470.0 1.8632 3.7651 1.8632 2.7349 1.5015
12950 6475.0 1.7936 12.2297 1.7936 2.9994 1.4288
12960 6480.0 2.0052 1.5258 2.0052 2.9276 1.4269
12970 6485.0 1.9677 0.1566 1.9677 2.9057 1.4175
12980 6490.0 1.7724 15.7674 1.7724 2.9623 1.4188
12990 6495.0 1.8482 5.1823 1.8482 2.8904 1.4565
13000 6500.0 2.0357 3.6740 2.0357 2.6393 1.4815
13010 6505.0 1.9255 0.2991 1.9255 2.7403 1.3543
13020 6510.0 1.8205 8.3914 1.8205 2.7581 1.4005
13030 6515.0 1.9324 0.1547 1.9324 2.5599 1.5676
13040 6520.0 1.9317 0.1674 1.9317 2.5295 1.5444
13050 6525.0 1.8517 4.8290 1.8517 2.6131 1.4056
13060 6530.0 1.9221 0.3884 1.9221 2.5729 1.3678
13070 6535.0 1.9998 1.2394 1.9998 2.4837 1.4248
13080 6540.0 1.8506 4.9390 1.8506 2.5986 1.3933
13090 6545.0 1.8377 6.3085 1.8377 2.5752 1.4520
13100 6550.0 1.9739 0.2851 1.9739 2.4809 1.4997
13110 6555.0 1.9701 0.2028 1.9701 2.5168 1.4426
13120 6560.0 1.8261 7.6804 1.8261 2.6690 1.3473
13130 6565.0 1.9273 0.2571 1.9273 2.5074 1.4592
13140 6570.0 1.9930 0.9263 1.9930 2.4120 1.5660
13150 6575.0 1.8934 1.6011 1.8934 2.4824 1.5605
13160 6580.0 1.8100 9.7987 1.8100 2.6012 1.4564
13170 6585.0 1.9622 0.0746 1.9622 2.4910 1.4071
13180 6590.0 2.0334 3.4805 2.0334 2.4343 1.4062
13190 6595.0 1.8700 3.1990 1.8700 2.5284 1.4201
13200 6600.0 1.7651 17.0978 1.7651 2.5813 1.5101
13210 6605.0 1.9192 0.4752 1.9192 2.4255 1.5779
13220 6610.0 1.9584 0.0354 1.9584 2.4587 1.4800
13230 6615.0 1.8630 3.7852 1.8630 2.6179 1.3272
13240 6620.0 1.9244 0.3277 1.9244 2.5584 1.4362
13250 6625.0 1.9564 0.0207 1.9564 2.5202 1.5239
13260 6630.0 1.8324 6.9152 1.8324 2.6945 1.4443
13270 6635.0 1.8827 2.2642 1.8827 2.6969 1.3859
13280 6640.0 2.0256 2.8595 2.0256 2.6074 1.4043
13290 6645.0 1.9151 0.6079 1.9151 2.7439 1.3988
13300 6650.0 1.8215 8.2572 1.8215 2.8586 1.4349
13310 6655.0 1.8993 1.2844 1.8993 2.7896 1.4569
13320 6660.0 1.9694 0.1872 1.9694 2.7440 1.3845
13330 6665.0 1.9130 0.6829 1.9130 2.7943 1.4011
13340 6670.0 1.8751 2.8046 1.8751 2.7945 1.4732
13350 6675.0 1.9123 0.7101 1.9123 2.7865 1.4412
13360 6680.0 1.9664 0.1350 1.9664 2.7549 1.3816
13370 6685.0 1.8923 1.6667 1.8923 2.8092 1.4084
13380 6690.0 1.8464 5.3716 1.8464 2.7436 1.5034
13390 6695.0 1.9276 0.2500 1.9276 2.6907 1.5139
13400 6700.0 1.9198 0.4563 1.9198 2.8022 1.3663
13410 6705.0 1.8397 6.0842 1.8397 2.8069 1.4018
13420 6710.0 1.8925 1.6541 1.8925 2.6658 1.5292
13430 6715.0 1.9390 0.0604 1.9390 2.6906 1.4887
13440 6720.0 1.8635 3.7441 1.8635 2.8582 1.3375
13450 6725.0 1.8874 1.9600 1.8874 2.7866 1.4203
13460 6730.0 1.9549 0.0121 1.9549 2.6452 1.5672
13470 6735.0 1.8613 3.9325 1.8613 2.7101 1.4493
13480 6740.0 1.8743 2.8622 1.8743 2.6911 1.3321
13490 6745.0 1.9836 0.5660 1.9836 2.5534 1.4709
13500 6750.0 1.8739 2.8922 1.8739 2.6278 1.5774
13510 6755.0 1.7868 13.3226 1.7868 2.7029 1.5308
13520 6760.0 1.9565 0.0211 1.9565 2.7229 1.4053
13530 6765.0 2.0379 3.8659 2.0379 2.7346 1.3568
13540 6770.0 1.8650 3.6157 1.8650 2.6065 1.4649
13550 6775.0 1.8429 5.7304 1.8429 2.5067 1.4949
13560 6780.0 1.9865 0.6649 1.9865 2.4404 1.3722
13570 6785.0 1.9948 1.0024 1.9948 2.4349 1.3440
13580 6790.0 1.8261 7.6739 1.8261 2.4693 1.5132
13590 6795.0 1.8075 10.1502 1.8075 2.5108 1.5823
13600 6800.0 1.9721 0.2431 1.9721 2.5842 1.4808
13610 6805.0 1.9502 0.0000 1.9502 2.7020 1.2938
13620 6810.0 1.8683 3.3392 1.8683 2.7349 1.4410
13630 6815.0 1.8642 3.6841 1.8642 2.7365 1.4945
13640 6820.0 1.9214 0.4095 1.9214 2.7735 1.3664
13650 6825.0 1.9574 0.0277 1.9574 2.7568 1.3768
13660 6830.0 1.8749 2.8196 1.8749 2.7276 1.5070
13670 6835.0 1.8341 6.7171 1.8341 2.7254 1.4511
13680 6840.0 1.9799 0.4479 1.9799 2.7082 1.3474
13690 6845.0 2.0092 1.7501 2.0092 2.6125 1.3976
13700 6850.0 1.8546 4.5471 1.8546 2.5828 1.4432
13710 6855.0 1.8334 6.7928 1.8334 2.5383 1.4432
13720 6860.0 1.9236 0.3481 1.9236 2.4442 1.4677
13730 6865.0 1.9206 0.4321 1.9206 2.4213 1.4511
13740 6870.0 1.8678 3.3792 1.8678 2.4524 1.4346
13750 6875.0 1.8113 9.6244 1.8113 2.4772 1.4846
13760 6880.0 1.8545 4.5644 1.8545 2.4983 1.4926
13770 6885.0 1.9677 0.1564 1.9677 2.5563 1.3724
13780 6890.0 1.9560 0.0181 1.9560 2.5333 1.3796
13790 6895.0 1.8579 4.2408 1.8579 2.4394 1.5040
13800 6900.0 1.8301 7.1820 1.8301 2.4116 1.4683
13810 6905.0 1.9356 0.1036 1.9356 2.3603 1.3884
13820 6910.0 1.9214 0.4102 1.9214 2.2946 1.3898
13830 6915.0 1.8458 5.4278 1.8458 2.2430 1.4488
13840 6920.0 1.8370 6.3900 1.8370 2.2507 1.4882
13850 6925.0 1.8257 7.7250 1.8257 2.3194 1.4775
13860 6930.0 1.8898 1.8092 1.8898 2.4088 1.4127
13870 6935.0 1.9545 0.0101 1.9545 2.5631 1.3474
13880 6940.0 1.9552 0.0138 1.9552 2.5302 1.4391
13890 6945.0 1.8591 4.1324 1.8591 2.4857 1.4124
13900 6950.0 1.9119 0.7250 1.9119 2.4972 1.3406
13910 6955.0 1.9881 0.7254 1.9881 2.4804 1.3860
13920 6960.0 1.8937 1.5875 1.8937 2.5726 1.4353
13930 6965.0 1.8278 7.4613 1.8278 2.6600 1.4510
13940 6970.0 1.9047 1.0265 1.9047 2.5504 1.4181
13950 6975.0 1.9973 1.1188 1.9973 2.4381 1.3824
13960 6980.0 1.8987 1.3138 1.8987 2.3424 1.4668
13970 6985.0 1.8002 11.2214 1.8002 2.3356 1.4952
13980 6990.0 1.8080 10.0803 1.8080 2.3885 1.3985
13990 6995.0 1.8997 1.2639 1.8997 2.3987 1.3313
14000 7000.0 1.9599 0.0488 1.9599 2.2303 1.4993
14010 7005.0 1.9574 0.0272 1.9574 2.3001 1.4818
14020 7010.0 1.8473 5.2741 1.8473 2.4976 1.3481
14030 7015.0 1.8524 4.7587 1.8524 2.4599 1.4253
14040 7020.0 1.9109 0.7639 1.9109 2.4078 1.5088
14050 7025.0 1.9399 0.0509 1.9399 2.4430 1.3945
14060 7030.0 1.9015 1.1777 1.9015 2.5136 1.3385
14070 7035.0 1.9213 0.4111 1.9213 2.4940 1.4824
14080 7040.0 1.9346 0.1184 1.9346 2.4907 1.5118
14090 7045.0 1.9053 0.9985 1.9053 2.5360 1.4240
14100 7050.0 1.9058 0.9783 1.9058 2.5525 1.3732
14110 7055.0 1.9468 0.0051 1.9468 2.5417 1.4364
14120 7060.0 1.9202 0.4443 1.9202 2.5172 1.4977
14130 7065.0 1.8732 2.9477 1.8732 2.5423 1.4285
14140 7070.0 1.8967 1.4215 1.8967 2.5167 1.3848
14150 7075.0 1.9669 0.1433 1.9669 2.3448 1.4747
14160 7080.0 1.9149 0.6176 1.9149 2.3291 1.4452
14170 7085.0 1.8430 5.7276 1.8430 2.3887 1.3598
14180 7090.0 1.9482 0.0016 1.9482 2.2345 1.4398
14190 7095.0 1.9217 0.4009 1.9217 2.1628 1.4485
14200 7100.0 1.8644 3.6617 1.8644 2.2338 1.3402
14210 7105.0 1.8609 3.9725 1.8609 2.1870 1.3691
14220 7110.0 1.9063 0.9559 1.9063 2.1012 1.4680
14230 7115.0 1.8954 1.4928 1.8954 2.2791 1.3517
14240 7120.0 1.8948 1.5219 1.8948 2.3667 1.3711
14250 7125.0 1.9323 0.1568 1.9323 2.4084 1.4963
14260 7130.0 1.8529 4.7156 1.8529 2.6161 1.4170
14270 7135.0 1.9167 0.5534 1.9167 2.6756 1.3806
14280 7140.0 2.0245 2.7736 2.0245 2.5787 1.3978
14290 7145.0 1.9483 0.0014 1.9483 2.6229 1.3303
14300 7150.0 1.8587 4.1708 1.8587 2.6531 1.4253
14310 7155.0 1.9094 0.8224 1.9094 2.5796 1.4783
14320 7160.0 1.9745 0.2990 1.9745 2.5019 1.3460
14330 7165.0 1.9759 0.3359 1.9759 2.3862 1.3710
14340 7170.0 1.8776 2.6222 1.8776 2.3041 1.4667
14350 7175.0 1.8480 5.2022 1.8480 2.3145 1.4439
14360 7180.0 1.8672 3.4304 1.8672 2.2662 1.4454
14370 7185.0 1.9190 0.4819 1.9190 2.2804 1.4241
14380 7190.0 1.9312 0.1769 1.9312 2.3599 1.4094
14390 7195.0 1.8903 1.7799 1.8903 2.3998 1.4428
14400 7200.0 1.8759 2.7483 1.8759 2.4480 1.4268
14410 7205.0 1.9315 0.1709 1.9315 2.4086 1.4347
14420 7210.0 1.9453 0.0110 1.9453 2.4419 1.4140
14430 7215.0 1.9140 0.6467 1.9140 2.4865 1.4102
14440 7220.0 1.8553 4.4882 1.8553 2.5303 1.4326
14450 7225.0 1.8655 3.5741 1.8655 2.4772 1.4927
14460 7230.0 1.8911 1.7322 1.8911 2.4502 1.4998
14470 7235.0 1.8704 3.1655 1.8704 2.5016 1.4324
14480 7240.0 1.8386 6.2037 1.8386 2.4525 1.4352
14490 7245.0 1.8886 1.8879 1.8886 2.4706 1.4598
14500 7250.0 1.9091 0.8369 1.9091 2.5013 1.4396
14510 7255.0 1.8528 4.7285 1.8528 2.5880 1.4021
14520 7260.0 1.9117 0.7341 1.9117 2.5401 1.4658
14530 7265.0 1.9341 0.1267 1.9341 2.5724 1.4461
14540 7270.0 1.8816 2.3406 1.8816 2.6748 1.3647
14550 7275.0 1.9065 0.9457 1.9065 2.6382 1.4382
14560 7280.0 1.9159 0.5802 1.9159 2.5727 1.5002
14570 7285.0 1.8485 5.1474 1.8485 2.6510 1.3945
14580 7290.0 1.9026 1.1238 1.9026 2.6194 1.3731
14590 7295.0 1.9638 0.0953 1.9638 2.5326 1.4513
14600 7300.0 1.8864 2.0194 1.8864 2.6038 1.4191
14610 7305.0 1.9043 1.0422 1.9043 2.6723 1.4073
14620 7310.0 1.9689 0.1783 1.9689 2.7104 1.4245
14630 7315.0 1.8853 2.0956 1.8853 2.7389 1.3894
14640 7320.0 1.8946 1.5352 1.8946 2.6494 1.4317
14650 7325.0 1.9490 0.0005 1.9490 2.5453 1.4358
14660 7330.0 1.9042 1.0490 1.9042 2.4908 1.3962
14670 7335.0 1.9008 1.2119 1.9008 2.3964 1.4285
14680 7340.0 1.9407 0.0429 1.9407 2.3439 1.4196
14690 7345.0 1.9079 0.8858 1.9079 2.3760 1.3828
14700 7350.0 1.9132 0.6790 1.9132 2.3570 1.4124
14710 7355.0 1.9342 0.1248 1.9342 2.3380 1.4414
14720 7360.0 1.9054 0.9962 1.9054 2.3860 1.3899
14730 7365.0 1.9272 0.2610 1.9272 2.3690 1.4006
14740 7370.0 1.9424 0.0289 1.9424 2.3317 1.4157
14750 7375.0 1.9031 1.0982 1.9031 2.3202 1.4075
14760 7380.0 1.8812 2.3678 1.8812 2.2985 1.4213
14770 7385.0 1.9493 0.0002 1.9493 2.2798 1.4222
14780 7390.0 1.9531 0.0048 1.9531 2.3098 1.4040
14790 7395.0 1.8814 2.3537 1.8814 2.3126 1.4325
14800 7400.0 1.8321 6.9516 1.8321 2.3274 1.4442
14810 7405.0 1.9121 0.7171 1.9121 2.3261 1.4373
14820 7410.0 1.9491 0.0004 1.9491 2.3435 1.4365
14830 7415.0 1.9181 0.5094 1.9181 2.3593 1.4498
14840 7420.0 1.8395 6.1051 1.8395 2.4326 1.4216
14850 7425.0 1.8528 4.7207 1.8528 2.4167 1.4359
14860 7430.0 1.9213 0.4118 1.9213 2.3650 1.4691
14870 7435.0 1.9382 0.0695 1.9382 2.3910 1.4131
14880 7440.0 1.8878 1.9336 1.8878 2.4667 1.3668
14890 7445.0 1.8896 1.8236 1.8896 2.4687 1.4615
14900 7450.0 1.9283 0.2358 1.9283 2.4765 1.4862
14910 7455.0 1.9196 0.4612 1.9196 2.5223 1.3684
14920 7460.0 1.8837 2.1965 1.8837 2.5806 1.3687
14930 7465.0 1.8942 1.5574 1.8942 2.4815 1.4980
14940 7470.0 1.8889 1.8664 1.8889 2.5416 1.4927
14950 7475.0 1.8927 1.6392 1.8927 2.7437 1.3695
14960 7480.0 1.9493 0.0002 1.9493 2.8299 1.4090
14970 7485.0 1.9075 0.9029 1.9075 2.8732 1.4547
14980 7490.0 1.8154 9.0530 1.8154 2.9521 1.3802
14990 7495.0 1.9429 0.0249 1.9429 2.8727 1.4229
15000 7500.0 1.9539 0.0075 1.9539 2.8893 1.4224
15010 7505.0 1.8464 5.3626 1.8464 2.8076 1.3905
15020 7510.0 1.8953 1.4967 1.8953 2.6390 1.4652
15030 7515.0 1.9221 0.3893 1.9221 2.5646 1.4340
15040 7520.0 1.8870 1.9832 1.8870 2.5589 1.3503
15050 7525.0 1.9107 0.7721 1.9107 2.4734 1.4044
15060 7530.0 1.9179 0.5155 1.9179 2.4020 1.4528
15070 7535.0 1.9075 0.9049 1.9075 2.4560 1.3796
15080 7540.0 1.9198 0.4574 1.9198 2.5003 1.3727
15090 7545.0 1.9081 0.8772 1.9081 2.4985 1.4555
15100 7550.0 1.8867 2.0051 1.8867 2.5623 1.3785
15110 7555.0 1.9482 0.0016 1.9482 2.6193 1.3591
15120 7560.0 1.9680 0.1623 1.9680 2.6214 1.4216
15130 7565.0 1.8572 4.3043 1.8572 2.6825 1.3507
15140 7570.0 1.9096 0.8163 1.9096 2.6803 1.4016
15150 7575.0 1.9625 0.0779 1.9625 2.6825 1.4226
15160 7580.0 1.8807 2.4040 1.8807 2.6658 1.3598
15170 7585.0 1.8744 2.8541 1.8744 2.5860 1.3817
15180 7590.0 1.9611 0.0621 1.9611 2.4372 1.4276
15190 7595.0 1.9556 0.0159 1.9556 2.3669 1.3503
15200 7600.0 1.8919 1.6880 1.8919 2.2644 1.3708
15210 7605.0 1.8810 2.3831 1.8810 2.1638 1.4448
15220 7610.0 1.9010 1.2022 1.9010 2.1744 1.3932
15230 7615.0 1.9216 0.4047 1.9216 2.2298 1.3421
15240 7620.0 1.8973 1.3887 1.8973 2.2604 1.4244
15250 7625.0 1.8855 2.0803 1.8855 2.3478 1.4650
15260 7630.0 1.9120 0.7208 1.9120 2.5096 1.3556
15270 7635.0 1.9567 0.0225 1.9567 2.5980 1.3687
15280 7640.0 1.9055 0.9909 1.9055 2.6917 1.4466
15290 7645.0 1.8296 7.2453 1.8296 2.8065 1.4212
15300 7650.0 1.9405 0.0451 1.9405 2.8675 1.3764
15310 7655.0 1.9925 0.9018 1.9925 2.8207 1.3709
15320 7660.0 1.8913 1.7228 1.8913 2.7132 1.3867
15330 7665.0 1.8683 3.3353 1.8683 2.5748 1.4329
15340 7670.0 1.9478 0.0025 1.9478 2.4686 1.4547
15350 7675.0 1.9075 0.9048 1.9075 2.4893 1.3706
15360 7680.0 1.9197 0.4581 1.9197 2.4445 1.4110
15370 7685.0 1.9287 0.2271 1.9287 2.3869 1.4921
15380 7690.0 1.8822 2.2983 1.8822 2.4748 1.4376
15390 7695.0 1.8640 3.6976 1.8640 2.5705 1.3906
15400 7700.0 1.8903 1.7834 1.8903 2.5200 1.4621
15410 7705.0 1.9317 0.1677 1.9317 2.4123 1.4545
15420 7710.0 1.9673 0.1505 1.9673 2.3933 1.3539
15430 7715.0 1.8782 2.5783 1.8782 2.3464 1.4311
15440 7720.0 1.8514 4.8629 1.8514 2.3932 1.4688
15450 7725.0 1.9041 1.0529 1.9041 2.5437 1.3561
15460 7730.0 1.9048 1.0200 1.9048 2.6331 1.4211
15470 7735.0 1.9424 0.0286 1.9424 2.6660 1.5250
15480 7740.0 1.9043 1.0430 1.9043 2.7680 1.4505
15490 7745.0 1.8890 1.8629 1.8890 2.8289 1.3316
15500 7750.0 1.9614 0.0644 1.9614 2.7924 1.4445
15510 7755.0 1.9673 0.1495 1.9673 2.7699 1.5293
15520 7760.0 1.8470 5.3025 1.8470 2.8356 1.4111
15530 7765.0 1.8751 2.8016 1.8751 2.7815 1.3224
15540 7770.0 1.9115 0.7419 1.9115 2.6121 1.4997
15550 7775.0 1.8632 3.7632 1.8632 2.5173 1.5880
15560 7780.0 1.8820 2.3150 1.8820 2.5697 1.4879
15570 7785.0 1.8956 1.4773 1.8956 2.7463 1.3277
15580 7790.0 1.8087 9.9770 1.8087 2.8005 1.4331
15590 7795.0 1.9106 0.7757 1.9106 2.7423 1.5159
15600 7800.0 2.0369 3.7721 2.0369 2.8014 1.4274
15610 7805.0 1.9151 0.6099 1.9151 2.9096 1.3556
15620 7810.0 1.7682 16.5314 1.7682 2.9693 1.4275
15630 7815.0 1.9341 0.1271 1.9341 2.9481 1.3988
15640 7820.0 2.0684 7.0085 2.0684 2.9120 1.4319
15650 7825.0 1.8668 3.4647 1.8668 2.9164 1.4693
15660 7830.0 1.7514 19.7250 1.7514 2.9672 1.4153
15670 7835.0 1.9709 0.2183 1.9709 2.9429 1.3536
15680 7840.0 2.0373 3.8145 2.0373 2.8675 1.4504
15690 7845.0 1.8178 8.7425 1.8178 2.8546 1.4044
15700 7850.0 1.7962 11.8245 1.7962 2.7845 1.3680
15710 7855.0 2.0018 1.3401 2.0018 2.6240 1.4462
15720 7860.0 1.9560 0.0180 1.9560 2.5659 1.4416
15730 7865.0 1.7915 12.5642 1.7915 2.5943 1.3533
15740 7870.0 1.9195 0.4648 1.9195 2.4137 1.4580
15750 7875.0 2.0098 1.7853 2.0098 2.3604 1.4317
15760 7880.0 1.8947 1.5298 1.8947 2.4385 1.3485
15770 7885.0 1.8621 3.8665 1.8621 2.3441 1.4984
15780 7890.0 1.9198 0.4552 1.9198 2.3322 1.5147
15790 7895.0 1.9291 0.2181 1.9291 2.4844 1.3405
15800 7900.0 1.9346 0.1193 1.9346 2.4628 1.3928
15810 7905.0 1.9027 1.1182 1.9027 2.3868 1.5221
15820 7910.0 1.8677 3.3837 1.8677 2.4687 1.4213
15830 7915.0 1.9553 0.0143 1.9553 2.4673 1.3784
15840 7920.0 1.9338 0.1309 1.9338 2.3795 1.4590
15850 7925.0 1.8038 10.6934 1.8038 2.4003 1.4712
15860 7930.0 1.8092 9.9124 1.8092 2.3956 1.4529
15870 7935.0 1.8811 2.3707 1.8811 2.3657 1.4096
15880 7940.0 1.9534 0.0056 1.9534 2.2613 1.4485
15890 7945.0 1.9545 0.0100 1.9545 2.2722 1.4374
15900 7950.0 1.8300 7.2034 1.8300 2.3812 1.4372
15910 7955.0 1.7599 18.0648 1.7599 2.3633 1.5289
15920 7960.0 1.8871 1.9761 1.8871 2.3162 1.5368
15930 7965.0 1.9590 0.0402 1.9590 2.4049 1.3822
15940 7970.0 1.9393 0.0572 1.9393 2.4839 1.3084
15950 7975.0 1.8897 1.8207 1.8897 2.3505 1.5222
15960 7980.0 1.8441 5.6030 1.8441 2.2773 1.5943
15970 7985.0 1.8426 5.7643 1.8426 2.3936 1.4498
15980 7990.0 1.9727 0.2576 1.9727 2.4512 1.3659
15990 7995.0 1.8880 1.9203 1.8880 2.2972 1.4707
16000 8000.0 1.8568 4.3427 1.8568 2.2722 1.4056
16010 8005.0 1.9402 0.0479 1.9402 2.3136 1.3108
16020 8010.0 1.9106 0.7745 1.9106 2.2528 1.4569
16030 8015.0 1.9790 0.4196 1.9790 2.2867 1.4286
16040 8020.0 1.9656 0.1210 1.9656 2.3179 1.3607
16050 8025.0 1.8649 3.6188 1.8649 2.3162 1.3991
16060 8030.0 1.8554 4.4747 1.8554 2.4008 1.4168
16070 8035.0 1.9198 0.4548 1.9198 2.4255 1.4300
16080 8040.0 1.8923 1.6675 1.8923 2.4223 1.4629
16090 8045.0 1.8839 2.1828 1.8839 2.4589 1.4400
16100 8050.0 1.9566 0.0219 1.9566 2.4759 1.4222
16110 8055.0 1.9462 0.0072 1.9462 2.5390 1.4388
16120 8060.0 1.8847 2.1325 1.8847 2.6696 1.4261
16130 8065.0 1.9198 0.4562 1.9198 2.7476 1.4432
16140 8070.0 1.9238 0.3427 1.9238 2.8194 1.3891
16150 8075.0 1.9067 0.9379 1.9067 2.8155 1.4261
16160 8080.0 1.8641 3.6924 1.8641 2.7846 1.4243
16170 8085.0 1.8783 2.5691 1.8783 2.7203 1.4102
16180 8090.0 1.9382 0.0700 1.9382 2.5949 1.4515
16190 8095.0 1.9352 0.1100 1.9352 2.4684 1.4485
16200 8100.0 1.8724 3.0135 1.8724 2.3885 1.4242
16210 8105.0 1.9037 1.0727 1.9037 2.2806 1.4269
16220 8110.0 1.9123 0.7117 1.9123 2.1910 1.4285
16230 8115.0 1.8842 2.1677 1.8842 2.1744 1.4094
16240 8120.0 1.9070 0.9237 1.9070 2.2057 1.4071
16250 8125.0 1.8509 4.9115 1.8509 2.2412 1.4567
16260 8130.0 1.8637 3.7266 1.8637 2.2622 1.4950
16270 8135.0 1.9657 0.1240 1.9657 2.3221 1.4726
16280 8140.0 1.9230 0.3653 1.9230 2.4926 1.3064
16290 8145.0 1.9308 0.1839 1.9308 2.4918 1.4401
16300 8150.0 1.9509 0.0004 1.9509 2.4857 1.5077
16310 8155.0 1.8941 1.5615 1.8941 2.5830 1.3797
16320 8160.0 1.9184 0.5002 1.9184 2.5823 1.3584
16330 8165.0 1.9670 0.1449 1.9670 2.4644 1.4761
16340 8170.0 1.9011 1.1963 1.9011 2.4541 1.3949
16350 8175.0 1.9134 0.6706 1.9134 2.4048 1.3559
16360 8180.0 1.9715 0.2310 1.9715 2.2649 1.4722
16370 8185.0 1.8623 3.8441 1.8623 2.3207 1.4274
16380 8190.0 1.8437 5.6476 1.8437 2.3037 1.4287
16390 8195.0 1.8608 3.9819 1.8608 2.2438 1.4755
16400 8200.0 1.8978 1.3603 1.8978 2.3337 1.4281
16410 8205.0 1.8929 1.6294 1.8929 2.4637 1.4039
16420 8210.0 1.8322 6.9428 1.8322 2.4998 1.4814
16430 8215.0 1.8529 4.7154 1.8529 2.5247 1.5490
16440 8220.0 1.9018 1.1597 1.9018 2.5959 1.5358
16450 8225.0 1.9305 0.1903 1.9305 2.7477 1.4184
16460 8230.0 1.9511 0.0006 1.9511 2.8553 1.3665
16470 8235.0 1.9173 0.5333 1.9173 2.8616 1.4759
16480 8240.0 1.8688 3.2980 1.8688 2.8972 1.5094
16490 8245.0 1.8865 2.0153 1.8865 2.9615 1.4040
16500 8250.0 1.9705 0.2102 1.9705 2.9360 1.3852
16510 8255.0 1.9460 0.0081 1.9460 2.8520 1.4682
16520 8260.0 1.8369 6.3979 1.8369 2.8512 1.4354
16530 8265.0 1.9046 1.0305 1.9046 2.8163 1.4302
16540 8270.0 1.9885 0.7423 1.9885 2.7751 1.4722
16550 8275.0 1.8756 2.7706 1.8756 2.8666 1.4074
16560 8280.0 1.8458 5.4334 1.8458 2.9011 1.4192
16570 8285.0 1.9734 0.2738 1.9734 2.8835 1.4730
16580 8290.0 1.9543 0.0093 1.9543 2.9394 1.3818
16590 8295.0 1.8791 2.5142 1.8791 3.0666 1.3733
16600 8300.0 1.9039 1.0642 1.9039 3.0080 1.4922
16610 8305.0 1.8963 1.4439 1.8963 3.0513 1.4409
16620 8310.0 1.8962 1.4469 1.8962 3.0971 1.3753
16630 8315.0 1.9213 0.4109 1.9213 3.0036 1.4423
16640 8320.0 1.9176 0.5236 1.9176 2.9682 1.4197
16650 8325.0 1.8878 1.9365 1.8878 2.9657 1.3697
16660 8330.0 1.9310 0.1798 1.9310 2.8777 1.4338
16670 8335.0 1.9372 0.0821 1.9372 2.8255 1.4630
16680 8340.0 1.8729 2.9742 1.8729 2.8316 1.3858
16690 8345.0 1.9099 0.8021 1.9099 2.7760 1.3749
16700 8350.0 1.9483 0.0014 1.9483 2.6845 1.4338
16710 8355.0 1.9473 0.0035 1.9473 2.6708 1.4392
16720 8360.0 1.9136 0.6612 1.9136 2.7161 1.3837
16730 8365.0 1.8998 1.2608 1.8998 2.7091 1.3694
16740 8370.0 1.9115 0.7392 1.9115 2.6322 1.4527
16750 8375.0 1.9714 0.2283 1.9714 2.6482 1.4305
16760 8380.0 1.9519 0.0018 1.9519 2.7510 1.3463
16770 8385.0 1.8251 7.8055 1.8251 2.7748 1.4505
16780 8390.0 1.8892 1.8454 1.8892 2.7980 1.4420
16790 8395.0 1.9776 0.3796 1.9776 2.8414 1.3631
16800 8400.0 1.8769 2.6715 1.8769 2.8176 1.3769
16810 8405.0 1.8343 6.6965 1.8343 2.7256 1.4645
16820 8410.0 1.9517 0.0014 1.9517 2.6107 1.4248
16830 8415.0 1.9702 0.2031 1.9702 2.5222 1.3303
16840 8420.0 1.8936 1.5915 1.8936 2.3482 1.4232
16850 8425.0 1.8955 1.4843 1.8955 2.1871 1.4909
16860 8430.0 1.8884 1.8955 1.8884 2.1677 1.3833
16870 8435.0 1.8841 2.1734 1.8841 2.1651 1.3552
16880 8440.0 1.9513 0.0008 1.9513 2.1510 1.4524
16890 8445.0 1.8818 2.3288 1.8818 2.3110 1.4246
16900 8450.0 1.8709 3.1262 1.8709 2.4542 1.4090
16910 8455.0 1.9952 1.0196 1.9952 2.5016 1.4235
16920 8460.0 1.9660 0.1286 1.9660 2.5823 1.3533
16930 8465.0 1.8550 4.5084 1.8550 2.6170 1.4066
16940 8470.0 1.8995 1.2757 1.8995 2.5192 1.5766
16950 8475.0 1.9526 0.0034 1.9526 2.5108 1.5548
16960 8480.0 1.9025 1.1292 1.9025 2.6277 1.3358
16970 8485.0 1.9482 0.0016 1.9482 2.5271 1.4085
16980 8490.0 1.9513 0.0009 1.9513 2.3787 1.5599
16990 8495.0 1.8182 8.6904 1.8182 2.4330 1.4997
17000 8500.0 1.8549 4.5266 1.8549 2.4429 1.4215
17010 8505.0 1.9702 0.2050 1.9702 2.3635 1.4523
17020 8510.0 1.9430 0.0248 1.9430 2.3373 1.4705
17030 8515.0 1.8696 3.2358 1.8696 2.4010 1.3943
17040 8520.0 1.8800 2.4524 1.8800 2.4178 1.4228
17050 8525.0 1.8661 3.5201 1.8661 2.4164 1.5348
17060 8530.0 1.8751 2.8051 1.8751 2.5044 1.5380
17070 8535.0 1.9431 0.0235 1.9431 2.6667 1.4112
17080 8540.0 1.9946 0.9927 1.9946 2.8107 1.3239
17090 8545.0 1.9718 0.2386 1.9718 2.8552 1.4681
17100 8550.0 1.8414 5.8922 1.8414 2.8946 1.4524
17110 8555.0 1.8875 1.9500 1.8875 2.9081 1.3661
17120 8560.0 2.0149 2.1037 2.0149 2.8299 1.3795
17130 8565.0 1.9299 0.2023 1.9299 2.8527 1.3817
17140 8570.0 1.8104 9.7397 1.8104 2.9141 1.4421
17150 8575.0 1.9229 0.3667 1.9229 2.6832 1.5369
17160 8580.0 2.0087 1.7211 2.0087 2.5426 1.4976
17170 8585.0 1.9040 1.0598 1.9040 2.5737 1.3294
17180 8590.0 1.8101 9.7797 1.8101 2.4039 1.4202
17190 8595.0 1.8436 5.6574 1.8436 2.2160 1.5243
17200 8600.0 2.0280 3.0440 2.0280 2.3306 1.3808
17210 8605.0 1.9875 0.7049 1.9875 2.4446 1.3367
17220 8610.0 1.8156 9.0313 1.8156 2.4583 1.5233
17230 8615.0 1.8953 1.4970 1.8953 2.5656 1.5269
17240 8620.0 2.0323 3.3894 2.0323 2.7525 1.3283
17250 8625.0 1.9367 0.0878 1.9367 2.8571 1.3821
17260 8630.0 1.8046 10.5662 1.8046 2.8474 1.5118
17270 8635.0 1.9078 0.8887 1.9078 2.9075 1.3886
17280 8640.0 2.0303 3.2243 2.0303 2.9205 1.3322
17290 8645.0 1.8994 1.2804 1.8994 2.9052 1.4724
17300 8650.0 1.7350 23.1111 1.7350 2.9173 1.4721
17310 8655.0 1.9695 0.1895 1.9695 2.8493 1.3903
17320 8660.0 2.0800 8.4515 2.0800 2.7511 1.3882
17330 8665.0 1.8309 7.0900 1.8309 2.6619 1.4157
17340 8670.0 1.7918 12.5097 1.7918 2.5224 1.4799
17350 8675.0 2.0135 2.0133 2.0135 2.4733 1.4037
17360 8680.0 2.0562 5.6445 2.0562 2.4650 1.3309
17370 8685.0 1.8743 2.8644 1.8743 2.3741 1.4231
17380 8690.0 1.7805 14.3725 1.7805 2.3117 1.4839
17390 8695.0 1.8949 1.5195 1.8949 2.2898 1.4229
17400 8700.0 2.0250 2.8131 2.0250 2.2819 1.3657
17410 8705.0 1.9144 0.6333 1.9144 2.2763 1.3837
17420 8710.0 1.7826 14.0166 1.7826 2.2359 1.4742
17430 8715.0 1.8751 2.8018 1.8751 2.1434 1.5015
17440 8720.0 1.9695 0.1898 1.9695 2.2339 1.3686
17450 8725.0 1.9738 0.2833 1.9738 2.2749 1.3295
17460 8730.0 1.8627 3.8070 1.8627 2.1521 1.5023
17470 8735.0 1.8120 9.5167 1.8120 2.2304 1.4767
17480 8740.0 1.8559 4.4258 1.8559 2.3559 1.3572
17490 8745.0 1.9890 0.7613 1.9890 2.3156 1.4015
17500 8750.0 1.9987 1.1851 1.9987 2.2976 1.4574
17510 8755.0 1.8755 2.7765 1.8755 2.4054 1.4098
17520 8760.0 1.7798 14.4785 1.7798 2.4587 1.4360
17530 8765.0 1.8398 6.0682 1.8398 2.4587 1.4213
17540 8770.0 1.9758 0.3327 1.9758 2.4403 1.4374
17550 8775.0 2.0037 1.4436 2.0037 2.4816 1.4227
17560 8780.0 1.8914 1.7151 1.8914 2.5453 1.3869
17570 8785.0 1.8411 5.9273 1.8411 2.4908 1.4580
17580 8790.0 1.9052 1.0026 1.9052 2.4289 1.5039
17590 8795.0 1.9359 0.0991 1.9359 2.4753 1.3869
17600 8800.0 1.9133 0.6752 1.9133 2.4553 1.3580
17610 8805.0 1.8755 2.7755 1.8755 2.3809 1.4881
17620 8810.0 1.8770 2.6626 1.8770 2.4138 1.4934
17630 8815.0 1.8482 5.1866 1.8482 2.4960 1.4232
17640 8820.0 1.9629 0.0831 1.9629 2.4659 1.4227
17650 8825.0 2.0089 1.7330 2.0089 2.4661 1.4180
17660 8830.0 1.9564 0.0204 1.9564 2.5500 1.3726
17670 8835.0 1.8963 1.4400 1.8963 2.5522 1.4273
17680 8840.0 1.9292 0.2164 1.9292 2.5064 1.4894
17690 8845.0 1.9498 0.0000 1.9498 2.5487 1.4364
17700 8850.0 1.9323 0.1571 1.9323 2.5674 1.3880
17710 8855.0 1.9244 0.3286 1.9244 2.5653 1.4465
17720 8860.0 1.9129 0.6880 1.9129 2.5726 1.5001
17730 8865.0 1.8727 2.9839 1.8727 2.5460 1.4013
17740 8870.0 1.9355 0.1046 1.9355 2.4808 1.4215
17750 8875.0 1.9356 0.1043 1.9356 2.4686 1.5096
17760 8880.0 1.8579 4.2448 1.8579 2.4917 1.4473
17770 8885.0 1.8368 6.4110 1.8368 2.4944 1.4247
17780 8890.0 1.9316 0.1688 1.9316 2.4045 1.4978
17790 8895.0 1.9419 0.0331 1.9419 2.3842 1.4608
17800 8900.0 1.8641 3.6911 1.8641 2.4100 1.3223
17810 8905.0 1.8202 8.4287 1.8202 2.4023 1.4224
17820 8910.0 1.9302 0.1959 1.9302 2.3966 1.5263
17830 8915.0 1.9717 0.2361 1.9717 2.4780 1.4475
17840 8920.0 1.8932 1.6115 1.8932 2.5846 1.3192
17850 8925.0 1.9215 0.4064 1.9215 2.5423 1.4567
17860 8930.0 1.9081 0.8772 1.9081 2.4995 1.5764
17870 8935.0 1.8293 7.2828 1.8293 2.5063 1.5266
17880 8940.0 1.8454 5.4745 1.8454 2.5126 1.3846
17890 8945.0 1.8991 1.2971 1.8991 2.4480 1.3666
17900 8950.0 1.9384 0.0677 1.9384 2.3887 1.4823
17910 8955.0 1.9589 0.0392 1.9589 2.4354 1.4380
17920 8960.0 1.9105 0.7795 1.9105 2.5508 1.3652
17930 8965.0 1.8327 6.8831 1.8327 2.4937 1.4812
17940 8970.0 1.8546 4.5468 1.8546 2.4165 1.5185
17950 8975.0 1.9261 0.2858 1.9261 2.4173 1.4186
17960 8980.0 1.9840 0.5788 1.9840 2.4223 1.3452
17970 8985.0 1.8997 1.2642 1.8997 2.3500 1.4331
17980 8990.0 1.7910 12.6347 1.7910 2.3116 1.5054
17990 8995.0 1.8759 2.7472 1.8759 2.3396 1.4249
18000 9000.0 2.0167 2.2269 2.0167 2.3913 1.3592
