# step  time_fs  cv_FeH(A)  bias(kJ/mol)  d_min_FeH(A)  d_min_OH(A)  d_min_SH(A)
0 0.0 1.7182 1770.5270 1.7182 2.5114 2.4126
10 5.0 2.8860 254.8879 2.8860 1.6094 2.5267
20 10.0 3.1743 90.5963 3.1743 1.7172 2.3463
30 15.0 3.3327 35.7302 3.3327 1.3162 2.2850
40 20.0 3.1328 109.1280 3.1328 1.2237 2.5574
50 25.0 2.9262 226.9928 2.9262 1.8378 1.4952
60 30.0 2.8126 310.0200 2.8126 1.5885 1.6351
70 35.0 3.4097 18.1043 3.4097 1.6626 2.4987
80 40.0 2.8816 258.0831 2.8816 1.5810 2.6109
90 45.0 3.3182 39.6984 3.3182 1.7215 2.3776
100 50.0 3.0937 128.1941 3.0937 1.8966 2.0521
110 55.0 3.3874 22.6004 3.3874 1.8109 2.4779
120 60.0 3.1501 101.1886 3.1501 1.5922 2.5890
130 65.0 3.2796 51.3315 3.2796 1.5475 1.9066
140 70.0 2.9793 192.6080 2.9793 1.9246 1.4319
150 75.0 3.3090 42.3326 3.3090 1.9272 1.7722
160 80.0 3.4182 16.5210 3.4182 1.8205 2.3241
170 85.0 3.3314 36.0619 3.3314 2.0246 2.4166
180 90.0 3.2422 64.0169 3.2422 2.0516 2.2498
190 95.0 3.2447 63.1242 3.2447 2.1449 2.5307
200 100.0 3.4760 7.6898 3.4760 2.0775 2.2993
210 105.0 3.3133 41.1074 3.3133 2.2679 2.0041
220 110.0 3.5771 0.2620 3.5771 1.8998 2.1331
230 115.0 3.4949 5.5250 3.4949 1.6546 2.3551
240 120.0 3.5739 0.3399 3.5739 1.9167 2.2821
250 125.0 3.3137 40.9805 3.3137 2.3361 2.2169
260 130.0 3.3961 20.7779 3.3961 2.1722 2.5764
270 135.0 3.4080 18.4254 3.4080 2.2760 2.5593
280 140.0 3.3474 31.9138 3.3474 2.2270 2.2622
290 145.0 3.4839 6.7433 3.4839 1.8944 2.3397
300 150.0 3.5087 4.1687 3.5087 1.7054 2.2759
310 155.0 3.3960 20.8073 3.3960 1.7995 2.0314
320 160.0 3.3505 31.1164 3.3505 1.9977 1.9663
330 165.0 3.3476 31.8443 3.3476 2.0326 2.1752
340 170.0 3.4131 17.4711 3.4131 2.0885 2.0670
350 175.0 3.3589 29.0759 3.3589 1.9474 1.8903
360 180.0 3.4246 15.3739 3.4246 2.0505 1.8371
370 185.0 3.3291 36.6941 3.3291 1.9647 1.7183
380 190.0 3.3116 41.5869 3.3116 1.9552 1.6728
390 195.0 3.4126 17.5550 3.4126 2.0542 1.7450
400 200.0 3.3078 42.6823 3.3078 2.2387 1.6807
410 205.0 3.4005 19.9038 3.4005 2.1749 1.7806
420 210.0 3.4386 13.0293 3.4386 2.0146 1.8926
430 215.0 3.4405 12.7204 3.4405 2.0024 1.7503
440 220.0 3.3073 42.8226 3.3073 2.0863 1.5753
450 225.0 3.3610 28.5594 3.3610 2.1149 1.6338
460 230.0 3.4114 17.7910 3.4114 2.1119 1.7406
470 235.0 3.3383 34.2502 3.3383 2.1199 1.6613
480 240.0 3.4162 16.8882 3.4162 2.0577 1.7270
490 245.0 3.4229 15.6839 3.4229 2.0160 1.7746
500 250.0 3.4053 18.9547 3.4053 1.9938 1.7888
510 255.0 3.4247 15.3630 3.4247 2.0060 1.8495
520 260.0 3.3844 23.2511 3.3844 2.0811 1.8201
530 265.0 3.3411 33.5247 3.3411 2.1064 1.7716
540 270.0 3.4170 16.7514 3.4170 1.9794 1.8581
550 275.0 3.3445 32.6392 3.3445 1.9657 1.7708
560 280.0 3.3818 23.8042 3.3818 2.0609 1.8310
570 285.0 3.4071 18.6030 3.4071 2.1588 1.9358
580 290.0 3.3666 27.2297 3.3666 2.2048 1.8642
590 295.0 3.4333 13.8958 3.4333 2.1455 1.9691
600 300.0 3.4392 12.9257 3.4392 2.1692 2.0432
610 305.0 3.4205 16.1056 3.4205 2.2135 1.9977
620 310.0 3.4649 9.1248 3.4649 2.3271 2.0606
630 315.0 3.4732 8.0370 3.4732 2.4245 2.1130
640 320.0 3.4848 6.6304 3.4848 2.4617 2.0517
650 325.0 3.4912 5.9210 3.4912 2.4457 2.0666
660 330.0 3.4897 6.0788 3.4897 2.3605 2.1680
670 335.0 3.4718 8.2200 3.4718 2.3614 2.2620
680 340.0 3.5223 3.0187 3.5223 2.3571 2.2353
690 345.0 3.4787 7.3587 3.4787 2.2269 2.1936
700 350.0 3.5089 4.1534 3.5089 2.3963 2.3022
710 355.0 3.5289 2.5277 3.5289 2.2993 2.2523
720 360.0 3.4754 7.7629 3.4754 2.1767 2.1873
730 365.0 3.5435 1.5934 3.5435 2.2810 2.2561
740 370.0 3.5144 3.6672 3.5144 2.3841 2.2880
750 375.0 3.4714 8.2638 3.4714 2.3076 2.2146
760 380.0 3.5081 4.2252 3.5081 2.2192 2.2773
770 385.0 3.4722 8.1645 3.4722 2.1750 2.3903
780 390.0 3.5091 4.1285 3.5091 2.2444 2.2855
790 395.0 3.4862 6.4765 3.4862 2.3795 2.1712
800 400.0 3.4509 11.1206 3.4509 2.2542 2.2042
810 405.0 3.4131 17.4578 3.4131 2.2163 2.2357
820 410.0 3.4396 12.8708 3.4396 2.2617 2.0837
830 415.0 3.4794 7.2725 3.4794 2.2143 2.1769
840 420.0 3.4711 8.3127 3.4711 2.2644 2.2652
850 425.0 3.4700 8.4535 3.4700 2.1640 2.3006
860 430.0 3.4655 9.0463 3.4655 2.2555 2.3002
870 435.0 3.4584 10.0320 3.4584 2.3733 2.2916
880 440.0 3.4703 8.4155 3.4703 2.3670 2.2593
890 445.0 3.4860 6.4950 3.4860 2.3256 2.2496
900 450.0 3.4839 6.7349 3.4839 2.3090 2.2696
910 455.0 3.5067 4.3535 3.5067 2.3220 2.2507
920 460.0 3.5091 4.1346 3.5091 2.3921 2.2594
930 465.0 3.5192 3.2657 3.5192 2.3521 2.2478
940 470.0 3.4992 5.0805 3.4992 2.3454 2.2694
950 475.0 3.5051 4.5043 3.5051 2.3483 2.2123
960 480.0 3.4601 9.7845 3.4601 2.3020 2.3049
970 485.0 3.4662 8.9551 3.4662 2.2520 2.2393
980 490.0 3.4501 11.2298 3.4501 2.3166 2.3069
990 495.0 3.4695 8.5153 3.4695 2.2154 2.2487
1000 500.0 3.4861 6.4908 3.4861 2.2675 2.3277
1010 505.0 3.5159 3.5381 3.5159 2.3231 2.3030
1020 510.0 3.5204 3.1676 3.5204 2.2935 2.3608
1030 515.0 3.4676 8.7678 3.4676 2.3038 2.4918
1040 520.0 3.5056 4.4583 3.5056 2.3190 2.4372
1050 525.0 3.5124 3.8395 3.5124 2.2912 2.5079
1060 530.0 3.4709 8.3331 3.4709 2.2705 2.5800
1070 535.0 3.4587 9.9758 3.4587 2.2738 2.4688
1080 540.0 3.4805 7.1357 3.4805 2.3548 2.5670
1090 545.0 3.4782 7.4216 3.4782 2.2235 2.7241
1100 550.0 3.4927 5.7606 3.4927 2.2054 2.7118
1110 555.0 3.4485 11.4773 3.4485 2.3047 2.6917
1120 560.0 3.4705 8.3796 3.4705 2.3384 2.7677
1130 565.0 3.4852 6.5844 3.4852 2.2583 2.7649
1140 570.0 3.4877 6.3052 3.4877 2.1853 2.7050
1150 575.0 3.4713 8.2800 3.4713 2.3032 2.7968
1160 580.0 3.4598 9.8267 3.4598 2.3659 2.7917
1170 585.0 3.4273 14.9060 3.4273 2.2921 2.6516
1180 590.0 3.4728 8.0938 3.4728 2.3540 2.6708
1190 595.0 3.4721 8.1820 3.4721 2.3022 2.6419
1200 600.0 3.5164 3.4983 3.5164 2.2470 2.4986
1210 605.0 3.5049 4.5220 3.5049 2.2965 2.4205
1220 610.0 3.4735 7.9948 3.4735 2.3285 2.4813
1230 615.0 3.4455 11.9414 3.4455 2.2761 2.4741
1240 620.0 3.4654 9.0623 3.4654 2.2708 2.3522
1250 625.0 3.4558 10.4006 3.4558 2.3706 2.4135
1260 630.0 3.4971 5.2973 3.4971 2.3477 2.3101
1270 635.0 3.4780 7.4477 3.4780 2.3242 2.2369
1280 640.0 3.4838 6.7462 3.4838 2.3787 2.2944
1290 645.0 3.5048 4.5277 3.5048 2.3523 2.2477
1300 650.0 3.5049 4.5254 3.5049 2.3076 2.2342
1310 655.0 3.4893 6.1259 3.4893 2.2657 2.2977
1320 660.0 3.4977 5.2318 3.4977 2.2528 2.3272
1330 665.0 3.4828 6.8687 3.4828 2.3161 2.4141
1340 670.0 3.4670 8.8445 3.4670 2.4176 2.4122
1350 675.0 3.4444 12.1112 3.4444 2.5240 2.4922
1360 680.0 3.4459 11.8754 3.4459 2.5656 2.4634
1370 685.0 3.4497 11.2991 3.4497 2.5693 2.4042
1380 690.0 3.4616 9.5742 3.4616 2.4859 2.3322
1390 695.0 3.4510 11.1040 3.4510 2.3655 2.3474
1400 700.0 3.4170 16.7391 3.4170 2.2119 2.2958
1410 705.0 3.4304 14.3753 3.4304 2.2999 2.3182
1420 710.0 3.4701 8.4319 3.4701 2.4448 2.2504
1430 715.0 3.4579 10.0998 3.4579 2.5123 2.0743
1440 720.0 3.4750 7.8171 3.4750 2.4859 2.0611
1450 725.0 3.4787 7.3508 3.4787 2.3211 2.1058
1460 730.0 3.5121 3.8618 3.5121 2.1514 2.0621
1470 735.0 3.5150 3.6105 3.5150 2.1815 2.0067
1480 740.0 3.5276 2.6238 3.5276 2.3662 2.0770
1490 745.0 3.5109 3.9716 3.5109 2.3864 2.2099
1500 750.0 3.4810 7.0839 3.4810 2.4222 2.2643
1510 755.0 3.5351 2.1087 3.5351 2.3982 2.1561
1520 760.0 3.5368 1.9982 3.5368 2.3860 2.1402
1530 765.0 3.5233 2.9383 3.5233 2.3883 2.2388
1540 770.0 3.4897 6.0824 3.4897 2.3388 2.3337
1550 775.0 3.5111 3.9519 3.5111 2.2332 2.2549
1560 780.0 3.4867 6.4231 3.4867 2.2611 2.2144
1570 785.0 3.4888 6.1794 3.4888 2.3564 2.2594
1580 790.0 3.4869 6.3927 3.4869 2.2669 2.2080
1590 795.0 3.4678 8.7348 3.4678 2.2730 2.1574
1600 800.0 3.4580 10.0850 3.4580 2.3184 2.1611
1610 805.0 3.4546 10.5705 3.4546 2.3648 2.2439
1620 810.0 3.4462 11.8219 3.4462 2.3847 2.2480
1630 815.0 3.4334 13.8725 3.4334 2.3759 2.1862
1640 820.0 3.4429 12.3357 3.4429 2.3637 2.2350
1650 825.0 3.4326 14.0163 3.4326 2.3173 2.3394
1660 830.0 3.4721 8.1821 3.4721 2.1751 2.3919
1670 835.0 3.4605 9.7342 3.4605 2.1640 2.4554
1680 840.0 3.4315 14.2013 3.4315 2.2262 2.4080
1690 845.0 3.4305 14.3656 3.4305 2.2648 2.3778
1700 850.0 3.4486 11.4677 3.4486 2.2826 2.3774
1710 855.0 3.4852 6.5887 3.4852 2.2205 2.2655
1720 860.0 3.4973 5.2750 3.4973 2.2258 2.2803
1730 865.0 3.4903 6.0140 3.4903 2.1742 2.2906
1740 870.0 3.5016 4.8416 3.5016 2.2128 2.2516
1750 875.0 3.5026 4.7396 3.5026 2.2977 2.2392
1760 880.0 3.5027 4.7368 3.5027 2.2994 2.2601
1770 885.0 3.4957 5.4408 3.4957 2.2182 2.3093
1780 890.0 3.4536 10.7187 3.4536 2.2353 2.3893
1790 895.0 3.4610 9.6546 3.4610 2.1672 2.2961
1800 900.0 3.4401 12.7795 3.4401 2.3113 2.3535
1810 905.0 3.4456 11.9160 3.4456 2.3353 2.2935
1820 910.0 3.4341 13.7591 3.4341 2.2443 2.2610
1830 915.0 3.4371 13.2636 3.4371 2.2363 2.3687
1840 920.0 3.4829 6.8513 3.4829 2.2243 2.3028
1850 925.0 3.4993 5.0690 3.4993 2.3121 2.1947
1860 930.0 3.4941 5.6067 3.4941 2.4127 2.1694
1870 935.0 3.5091 4.1316 3.5091 2.3317 2.2102
1880 940.0 3.5100 4.0516 3.5100 2.2403 2.2770
1890 945.0 3.5141 3.6895 3.5141 2.2657 2.2807
1900 950.0 3.5276 2.6222 3.5276 2.3353 2.2252
1910 955.0 3.5174 3.4153 3.5174 2.3181 2.1787
1920 960.0 3.4979 5.2113 3.4979 2.3086 2.1950
1930 965.0 3.5063 4.3886 3.5063 2.3605 2.1771
1940 970.0 3.4994 5.0621 3.4994 2.4605 2.1360
1950 975.0 3.4812 7.0520 3.4812 2.5004 2.1460
1960 980.0 3.4967 5.3398 3.4967 2.5384 2.2689
1970 985.0 3.5001 4.9903 3.5001 2.4890 2.2626
1980 990.0 3.4917 5.8595 3.4917 2.3995 2.1623
1990 995.0 3.4969 5.3120 3.4969 2.3498 2.2371
2000 1000.0 3.4351 13.6028 3.4351 2.3096 2.3215
2010 1005.0 3.4943 5.5889 3.4943 2.2046 2.2140
2020 1010.0 3.4819 6.9761 3.4819 2.2201 2.1431
2030 1015.0 3.4740 7.9440 3.4740 2.3666 2.1404
2040 1020.0 3.4877 6.3072 3.4877 2.3933 2.0571
2050 1025.0 3.4618 9.5565 3.4618 2.3332 1.9381
2060 1030.0 3.4779 7.4504 3.4779 2.4038 1.9404
2070 1035.0 3.4750 7.8096 3.4750 2.3056 2.0121
2080 1040.0 3.4629 9.4018 3.4629 2.1845 2.0135
2090 1045.0 3.4524 10.8899 3.4524 2.2204 2.0140
2100 1050.0 3.4326 14.0141 3.4326 2.3924 2.0367
2110 1055.0 3.3950 21.0225 3.3950 2.5151 2.0006
2120 1060.0 3.3968 20.6524 3.3968 2.4990 2.0808
2130 1065.0 3.3904 21.9711 3.3904 2.4398 2.2127
2140 1070.0 3.3867 22.7556 3.3867 2.3791 2.1865
2150 1075.0 3.3915 21.7279 3.3915 2.4208 2.2041
2160 1080.0 3.3937 21.2721 3.3937 2.5368 2.2307
2170 1085.0 3.3902 22.0153 3.3902 2.5727 2.2494
2180 1090.0 3.4117 17.7363 3.4117 2.5932 2.3149
2190 1095.0 3.4423 12.4276 3.4423 2.4685 2.3291
2200 1100.0 3.4183 16.5052 3.4183 2.2339 2.3493
2210 1105.0 3.3970 20.6053 3.3970 2.2562 2.4535
2220 1110.0 3.4170 16.7498 3.4170 2.3911 2.3806
2230 1115.0 3.3730 25.7685 3.3730 2.4404 2.0918
2240 1120.0 3.5056 4.4589 3.5056 2.5431 2.1717
2250 1125.0 3.4092 18.1988 3.4092 2.4148 2.2726
2260 1130.0 3.4916 5.8717 3.4916 2.2898 2.0519
2270 1135.0 3.4125 17.5700 3.4125 2.1752 1.9142
2280 1140.0 3.5132 3.7703 3.5132 2.1695 2.0408
2290 1145.0 3.5132 3.7687 3.5132 2.3051 2.2104
2300 1150.0 3.5323 2.2903 3.5323 2.4505 2.2110
2310 1155.0 3.4700 8.4502 3.4700 2.4507 2.1312
2320 1160.0 3.5294 2.4893 3.5294 2.4295 2.2165
2330 1165.0 3.4647 9.1480 3.4647 2.3436 2.3059
2340 1170.0 3.5085 4.1872 3.5085 2.3100 2.2094
2350 1175.0 3.4447 12.0591 3.4447 2.3067 1.9884
2360 1180.0 3.4247 15.3671 3.4247 2.3349 1.9531
2370 1185.0 3.4721 8.1789 3.4721 2.4135 2.0762
2380 1190.0 3.4546 10.5669 3.4546 2.4834 1.9855
2390 1195.0 3.3844 23.2337 3.3844 2.4922 1.8833
2400 1200.0 3.4953 5.4844 3.4953 2.3961 1.9649
2410 1205.0 3.5161 3.5200 3.5161 2.3510 2.0451
2420 1210.0 3.4489 11.4216 3.4489 2.2890 1.9950
2430 1215.0 3.4589 9.9595 3.4589 2.2027 2.1478
2440 1220.0 3.3434 32.9295 3.3434 2.3082 2.2987
2450 1225.0 3.4313 14.2370 3.4313 2.2198 2.0807
2460 1230.0 3.4334 13.8822 3.4334 2.2807 2.0431
2470 1235.0 3.4206 16.0839 3.4206 2.5495 2.1130
2480 1240.0 3.4026 19.4843 3.4026 2.5680 1.9109
2490 1245.0 3.3770 24.8554 3.3770 2.4334 1.8189
2500 1250.0 3.4175 16.6556 3.4175 2.2859 1.9134
2510 1255.0 3.3875 22.5688 3.3875 2.2624 1.7728
2520 1260.0 3.4613 9.6201 3.4613 2.3676 1.8062
2530 1265.0 3.4392 12.9318 3.4392 2.3796 1.8184
2540 1270.0 3.4441 12.1454 3.4441 2.2941 1.8818
2550 1275.0 3.4428 12.3519 3.4428 2.3954 1.9796
2560 1280.0 3.4395 12.8726 3.4395 2.4520 1.8991
2570 1285.0 3.4351 13.6007 3.4351 2.5355 1.8705
2580 1290.0 3.4623 9.4820 3.4623 2.5097 1.8900
2590 1295.0 3.4473 11.6576 3.4473 2.4338 1.8470
2600 1300.0 3.4784 7.3877 3.4784 2.3636 1.9091
2610 1305.0 3.4680 8.7077 3.4680 2.2966 1.9240
2620 1310.0 3.4645 9.1824 3.4645 2.2929 1.9774
2630 1315.0 3.4347 13.6601 3.4347 2.3855 1.9973
2640 1320.0 3.4429 12.3416 3.4429 2.4586 2.0774
2650 1325.0 3.4765 7.6268 3.4765 2.5183 2.0893
2660 1330.0 3.4856 6.5412 3.4856 2.5191 2.0015
2670 1335.0 3.5256 2.7676 3.5256 2.4929 2.0582
2680 1340.0 3.5039 4.6207 3.5039 2.2965 2.0984
2690 1345.0 3.4875 6.3331 3.4875 2.1681 2.1234
2700 1350.0 3.5157 3.5533 3.5157 2.3034 2.1465
2710 1355.0 3.5245 2.8483 3.5245 2.4518 2.1126
2720 1360.0 3.5230 2.9628 3.5230 2.4569 2.1205
2730 1365.0 3.5113 3.9338 3.5113 2.3403 2.1180
2740 1370.0 3.4686 8.6280 3.4686 2.2320 2.1861
2750 1375.0 3.4604 9.7430 3.4604 2.2822 2.1720
2760 1380.0 3.4854 6.5635 3.4854 2.4493 2.1900
2770 1385.0 3.4782 7.4187 3.4782 2.5662 2.1124
2780 1390.0 3.5149 3.6244 3.5149 2.6830 2.1387
2790 1395.0 3.4883 6.2394 3.4883 2.6446 2.1025
2800 1400.0 3.4480 11.5549 3.4480 2.6111 2.0462
2810 1405.0 3.4608 9.6863 3.4608 2.6963 2.0847
2820 1410.0 3.4312 14.2404 3.4312 2.6151 2.0977
2830 1415.0 3.3857 22.9518 3.3857 2.5520 1.9615
2840 1420.0 3.4037 19.2592 3.4037 2.5153 2.0324
2850 1425.0 3.3962 20.7657 3.3962 2.5578 2.0413
2860 1430.0 3.3891 22.2368 3.3891 2.6124 1.9281
2870 1435.0 3.3742 25.4888 3.3742 2.5909 1.8943
2880 1440.0 3.4055 18.9178 3.4055 2.5415 2.0063
2890 1445.0 3.4121 17.6439 3.4121 2.4761 2.0640
2900 1450.0 3.4216 15.9117 3.4216 2.3886 2.0050
2910 1455.0 3.4228 15.7051 3.4228 2.3940 2.0228
2920 1460.0 3.4127 17.5488 3.4127 2.4539 2.0805
2930 1465.0 3.4166 16.8266 3.4166 2.3953 1.9978
2940 1470.0 3.4159 16.9448 3.4159 2.4147 1.9863
2950 1475.0 3.4201 16.1830 3.4201 2.4754 2.0745
2960 1480.0 3.4404 12.7353 3.4404 2.3812 2.0197
2970 1485.0 3.4491 11.3907 3.4491 2.2731 2.0490
2980 1490.0 3.4547 10.5613 3.4547 2.2933 2.1848
2990 1495.0 3.4542 10.6259 3.4542 2.2857 2.2109
3000 1500.0 3.4424 12.4177 3.4424 2.3289 2.1862
3010 1505.0 3.4400 12.8006 3.4400 2.4587 2.2480
3020 1510.0 3.4381 13.1050 3.4381 2.4937 2.2207
3030 1515.0 3.4661 8.9681 3.4661 2.5086 2.2560
3040 1520.0 3.4628 9.4098 3.4628 2.4360 2.2063
3050 1525.0 3.4801 7.1923 3.4801 2.4194 2.3033
3060 1530.0 3.4598 9.8310 3.4598 2.2777 2.3066
3070 1535.0 3.4616 9.5723 3.4616 2.2736 2.3743
3080 1540.0 3.4362 13.4123 3.4362 2.3296 2.4979
3090 1545.0 3.4317 14.1643 3.4317 2.2111 2.4445
3100 1550.0 3.4216 15.9158 3.4216 2.2783 2.3072
3110 1555.0 3.4421 12.4645 3.4421 2.2472 2.3085
3120 1560.0 3.4565 10.2897 3.4565 2.2725 2.3180
3130 1565.0 3.4420 12.4891 3.4420 2.3285 2.3656
3140 1570.0 3.4089 18.2642 3.4089 2.2675 2.3189
3150 1575.0 3.4732 8.0442 3.4732 2.4019 2.3592
3160 1580.0 3.4819 6.9717 3.4819 2.3712 2.2952
3170 1585.0 3.4526 10.8661 3.4526 2.2226 2.2351
3180 1590.0 3.4309 14.2941 3.4309 2.2411 2.4183
3190 1595.0 3.4752 7.7828 3.4752 2.1064 2.3849
3200 1600.0 3.4798 7.2196 3.4798 2.0958 2.2980
3210 1605.0 3.4124 17.5901 3.4124 2.3072 2.3478
3220 1610.0 3.4883 6.2403 3.4883 2.2880 2.1581
3230 1615.0 3.4411 12.6247 3.4411 2.3124 2.0540
3240 1620.0 3.4515 11.0275 3.4515 2.5026 2.1572
3250 1625.0 3.4790 7.3194 3.4790 2.4794 2.0856
3260 1630.0 3.3895 22.1545 3.3895 2.2556 1.9744
3270 1635.0 3.4929 5.7363 3.4929 2.2449 2.1258
3280 1640.0 3.3678 26.9542 3.3678 2.3607 2.3613
3290 1645.0 3.5000 5.0003 3.5000 2.1842 2.2003
3300 1650.0 3.4130 17.4858 3.4130 2.1826 2.0639
3310 1655.0 3.4708 8.3437 3.4708 2.5143 2.1912
3320 1660.0 3.4981 5.1876 3.4981 2.5677 2.1163
3330 1665.0 3.3963 20.7492 3.3963 2.5700 1.8789
3340 1670.0 3.4047 19.0671 3.4047 2.5994 1.8859
3350 1675.0 3.5400 1.8018 3.5400 2.6888 2.1016
3360 1680.0 3.4959 5.4158 3.4959 2.6629 2.2376
3370 1685.0 3.5306 2.4091 3.5306 2.5612 2.1479
3380 1690.0 3.4458 11.8935 3.4458 2.4090 2.0279
3390 1695.0 3.4655 9.0450 3.4655 2.4001 2.0745
3400 1700.0 3.4596 9.8560 3.4596 2.4451 2.2540
3410 1705.0 3.4914 5.8948 3.4914 2.3490 2.2250
3420 1710.0 3.4254 15.2436 3.4254 2.2725 2.1102
3430 1715.0 3.4905 5.9939 3.4905 2.4152 2.2230
3440 1720.0 3.5275 2.6256 3.5275 2.4870 2.1789
3450 1725.0 3.4355 13.5307 3.4355 2.4473 1.9843
3460 1730.0 3.4143 17.2511 3.4143 2.4350 1.9517
3470 1735.0 3.5317 2.3332 3.5317 2.4536 2.1001
3480 1740.0 3.4968 5.3262 3.4968 2.4015 2.1082
3490 1745.0 3.4258 15.1733 3.4258 2.2738 1.9977
3500 1750.0 3.4420 12.4887 3.4420 2.2793 2.1181
3510 1755.0 3.4672 8.8131 3.4672 2.2954 2.0328
3520 1760.0 3.4126 17.5564 3.4126 2.3662 1.8943
3530 1765.0 3.4543 10.6128 3.4543 2.5793 1.9863
3540 1770.0 3.4525 10.8740 3.4525 2.6613 2.0650
3550 1775.0 3.4399 12.8123 3.4399 2.6423 2.0304
3560 1780.0 3.4472 11.6800 3.4472 2.5923 2.0410
3570 1785.0 3.4712 8.2969 3.4712 2.5398 2.1134
3580 1790.0 3.4759 7.6968 3.4759 2.4203 2.0647
3590 1795.0 3.4673 8.8030 3.4673 2.3719 2.0155
3600 1800.0 3.4742 7.9184 3.4742 2.4457 2.0022
3610 1805.0 3.4680 8.7172 3.4680 2.5575 2.0186
3620 1810.0 3.4569 10.2459 3.4569 2.4732 2.0358
3630 1815.0 3.4593 9.9012 3.4593 2.4424 2.0493
3640 1820.0 3.4694 8.5226 3.4694 2.4849 2.0359
3650 1825.0 3.4857 6.5278 3.4857 2.5581 2.0136
3660 1830.0 3.4871 6.3788 3.4871 2.4301 1.9830
3670 1835.0 3.4603 9.7586 3.4603 2.3783 1.9643
3680 1840.0 3.4857 6.5294 3.4857 2.4888 1.9496
3690 1845.0 3.5044 4.5650 3.5044 2.6094 1.9228
3700 1850.0 3.4666 8.9032 3.4666 2.6574 1.8259
3710 1855.0 3.4477 11.5993 3.4477 2.6878 1.8013
3720 1860.0 3.4909 5.9539 3.4909 2.6751 1.8783
3730 1865.0 3.4687 8.6186 3.4687 2.7307 1.8742
3740 1870.0 3.4405 12.7203 3.4405 2.6279 1.8738
3750 1875.0 3.4870 6.3826 3.4870 2.5680 1.9906
3760 1880.0 3.4841 6.7200 3.4841 2.4857 2.0189
3770 1885.0 3.4673 8.8060 3.4673 2.4414 1.9809
3780 1890.0 3.5016 4.8375 3.5016 2.4580 2.0325
3790 1895.0 3.5138 3.7183 3.5138 2.5125 2.0313
3800 1900.0 3.4985 5.1474 3.4985 2.5215 1.9932
3810 1905.0 3.5237 2.9081 3.5237 2.5393 2.0351
3820 1910.0 3.5341 2.1731 3.5341 2.5663 2.0667
3830 1915.0 3.5365 2.0185 3.5365 2.4854 2.0498
3840 1920.0 3.5328 2.2580 3.5328 2.4357 2.0429
3850 1925.0 3.5544 1.0378 3.5544 2.4331 2.0963
3860 1930.0 3.5499 1.2540 3.5499 2.4661 2.1142
3870 1935.0 3.5344 2.1525 3.5344 2.4490 2.0602
3880 1940.0 3.5277 2.6149 3.5277 2.4532 2.0453
3890 1945.0 3.5420 1.6844 3.5420 2.4692 2.0783
3900 1950.0 3.5250 2.8088 3.5250 2.4108 2.1284
3910 1955.0 3.5293 2.4972 3.5293 2.3992 2.0890
3920 1960.0 3.5233 2.9386 3.5233 2.3088 2.1628
3930 1965.0 3.5195 3.2441 3.5195 2.2308 2.1878
3940 1970.0 3.5210 3.1226 3.5210 2.2115 2.1597
3950 1975.0 3.5146 3.6505 3.5146 2.3157 2.2053
3960 1980.0 3.5059 4.4288 3.5059 2.3442 2.1940
3970 1985.0 3.4955 5.4651 3.4955 2.3059 2.2334
3980 1990.0 3.4806 7.1319 3.4806 2.3287 2.2659
3990 1995.0 3.4758 7.7083 3.4758 2.2957 2.2334
4000 2000.0 3.4920 5.8363 3.4920 2.3347 2.2569
4010 2005.0 3.5229 2.9697 3.5229 2.3607 2.1580
4020 2010.0 3.5623 0.7108 3.5623 2.3974 2.1931
4030 2015.0 3.5423 1.6674 3.5423 2.4396 2.2212
4040 2020.0 3.5561 0.9648 3.5561 2.4100 2.1903
4050 2025.0 3.5449 1.5189 3.5449 2.3470 2.1440
4060 2030.0 3.5202 3.1832 3.5202 2.3111 2.1431
4070 2035.0 3.5255 2.7755 3.5255 2.3542 2.2223
4080 2040.0 3.5000 5.0030 3.5000 2.2605 2.2743
4090 2045.0 3.4837 6.7671 3.4837 2.1634 2.2552
4100 2050.0 3.5080 4.2306 3.5080 2.2937 2.2313
4110 2055.0 3.5143 3.6720 3.5143 2.2700 2.1125
4120 2060.0 3.5104 4.0147 3.5104 2.1492 2.0981
4130 2065.0 3.4919 5.8464 3.4919 2.1940 2.0936
4140 2070.0 3.5112 3.9387 3.5112 2.3032 1.9755
4150 2075.0 3.4121 17.6509 3.4121 2.4816 1.8618
4160 2080.0 3.4487 11.4430 3.4487 2.4271 1.9322
4170 2085.0 3.5269 2.6711 3.5269 2.4769 2.1505
4180 2090.0 3.4436 12.2338 3.4436 2.4605 2.2693
4190 2095.0 3.5087 4.1705 3.5087 2.2807 2.1396
4200 2100.0 3.4628 9.4070 3.4628 2.2093 2.1318
4210 2105.0 3.4649 9.1268 3.4649 2.3262 2.3015
4220 2110.0 3.4854 6.5629 3.4854 2.3248 2.2399
4230 2115.0 3.4188 16.4099 3.4188 2.3333 2.1296
4240 2120.0 3.4478 11.5779 3.4478 2.3940 2.2250
4250 2125.0 3.4431 12.3075 3.4431 2.3729 2.2434
4260 2130.0 3.4386 13.0223 3.4386 2.2494 2.0815
4270 2135.0 3.4798 7.2211 3.4798 2.2441 2.1290
4280 2140.0 3.4460 11.8573 3.4460 2.3331 2.2458
4290 2145.0 3.4875 6.3314 3.4875 2.2791 2.1843
4300 2150.0 3.4768 7.5949 3.4768 2.2094 2.1043
4310 2155.0 3.4870 6.3893 3.4870 2.2736 2.1550
4320 2160.0 3.4627 9.4311 3.4627 2.3443 2.2390
4330 2165.0 3.4671 8.8302 3.4671 2.3001 2.1481
4340 2170.0 3.4401 12.7872 3.4401 2.3237 2.0974
4350 2175.0 3.4877 6.3046 3.4877 2.3558 2.2301
4360 2180.0 3.4768 7.5879 3.4768 2.3313 2.3227
4370 2185.0 3.5055 4.4620 3.5055 2.2244 2.3252
4380 2190.0 3.4806 7.1292 3.4806 2.2072 2.3970
4390 2195.0 3.4823 6.9321 3.4823 2.2124 2.3876
4400 2200.0 3.4904 6.0034 3.4904 2.2480 2.4018
4410 2205.0 3.5219 3.0526 3.5219 2.2979 2.2922
4420 2210.0 3.4750 7.8083 3.4750 2.4034 2.1889
4430 2215.0 3.4776 7.4947 3.4776 2.3794 2.2223
4440 2220.0 3.5249 2.8165 3.5249 2.3577 2.3622
4450 2225.0 3.4768 7.5866 3.4768 2.2880 2.4258
4460 2230.0 3.4894 6.1168 3.4894 2.1800 2.2726
4470 2235.0 3.5497 1.2659 3.5497 2.3562 2.3045
4480 2240.0 3.5242 2.8757 3.5242 2.4585 2.2870
4490 2245.0 3.5072 4.3051 3.5072 2.3623 2.1433
4500 2250.0 3.4969 5.3186 3.4969 2.2691 2.1190
4510 2255.0 3.5328 2.2569 3.5328 2.3350 2.2556
4520 2260.0 3.4915 5.8846 3.4915 2.2553 2.3247
4530 2265.0 3.5052 4.4979 3.5052 2.1685 2.2689
4540 2270.0 3.4645 9.1789 3.4645 2.2741 2.3090
4550 2275.0 3.4791 7.3088 3.4791 2.2434 2.1821
4560 2280.0 3.4485 11.4694 3.4485 2.2965 2.0567
4570 2285.0 3.4849 6.6264 3.4849 2.3795 2.1180
4580 2290.0 3.4755 7.7527 3.4755 2.3812 2.2376
4590 2295.0 3.4750 7.8130 3.4750 2.2006 2.2688
4600 2300.0 3.4616 9.5842 3.4616 2.0471 2.2600
4610 2305.0 3.4682 8.6889 3.4682 2.2242 2.2794
4620 2310.0 3.4881 6.2577 3.4881 2.3761 2.2253
4630 2315.0 3.4605 9.7309 3.4605 2.2728 2.1024
4640 2320.0 3.4692 8.5606 3.4692 2.3088 2.1406
4650 2325.0 3.4744 7.8915 3.4744 2.3729 2.3209
4660 2330.0 3.4959 5.4141 3.4959 2.2654 2.2981
4670 2335.0 3.4837 6.7618 3.4837 2.2531 2.2746
4680 2340.0 3.4808 7.1073 3.4808 2.3531 2.3756
4690 2345.0 3.5013 4.8755 3.5013 2.3877 2.3147
4700 2350.0 3.4389 12.9841 3.4389 2.3817 2.2024
4710 2355.0 3.4974 5.2665 3.4974 2.3851 2.3161
4720 2360.0 3.5315 2.3447 3.5315 2.2159 2.4623
4730 2365.0 3.4783 7.4016 3.4783 2.0648 2.5228
4740 2370.0 3.4761 7.6813 3.4761 2.1987 2.5728
4750 2375.0 3.5062 4.3991 3.5062 2.2119 2.4483
4760 2380.0 3.4909 5.9532 3.4909 2.2228 2.2880
4770 2385.0 3.5002 4.9760 3.5002 2.1822 2.3084
4780 2390.0 3.4810 7.0748 3.4810 2.3310 2.4896
4790 2395.0 3.5095 4.0994 3.5095 2.2857 2.4601
4800 2400.0 3.4736 7.9826 3.4736 2.2455 2.3157
4810 2405.0 3.4984 5.1566 3.4984 2.3858 2.3503
4820 2410.0 3.4672 8.8157 3.4672 2.3322 2.3679
4830 2415.0 3.4919 5.8474 3.4919 2.3220 2.2675
4840 2420.0 3.4990 5.1017 3.4990 2.2984 2.2245
4850 2425.0 3.5191 3.2747 3.5191 2.2693 2.3186
4860 2430.0 3.4822 6.9403 3.4822 2.2683 2.3088
4870 2435.0 3.4832 6.8207 3.4832 2.2858 2.1754
4880 2440.0 3.4479 11.5635 3.4479 2.2641 2.2195
4890 2445.0 3.4144 17.2323 3.4144 2.1742 2.2615
4900 2450.0 3.4172 16.7030 3.4172 2.2895 2.1639
4910 2455.0 3.4780 7.4389 3.4780 2.2792 2.2111
4920 2460.0 3.5043 4.5838 3.5043 2.2462 2.2695
4930 2465.0 3.5120 3.8689 3.5120 2.2143 2.2527
4940 2470.0 3.4973 5.2762 3.4973 2.2480 2.2775
4950 2475.0 3.4620 9.5199 3.4620 2.3376 2.4248
4960 2480.0 3.4608 9.6933 3.4608 2.2361 2.4264
4970 2485.0 3.4477 11.5967 3.4477 2.2893 2.5358
4980 2490.0 3.4202 16.1665 3.4202 2.3102 2.5044
4990 2495.0 3.4414 12.5717 3.4414 2.2660 2.5171
5000 2500.0 3.4437 12.2131 3.4437 2.2429 2.5273
5010 2505.0 3.4715 8.2609 3.4715 2.2607 2.3379
5020 2510.0 3.4539 10.6710 3.4539 2.3585 2.2556
5030 2515.0 3.4531 10.7896 3.4531 2.3217 2.2609
5040 2520.0 3.4726 8.1198 3.4726 2.2182 2.3533
5050 2525.0 3.4657 9.0149 3.4657 2.1424 2.2218
5060 2530.0 3.4700 8.4452 3.4700 2.2360 2.2259
5070 2535.0 3.4674 8.7946 3.4674 2.3350 2.2098
5080 2540.0 3.4532 10.7716 3.4532 2.3839 2.2310
5090 2545.0 3.4469 11.7222 3.4469 2.3700 2.2610
5100 2550.0 3.4519 10.9620 3.4519 2.3715 2.2832
5110 2555.0 3.4988 5.1188 3.4988 2.4911 2.3179
5120 2560.0 3.5086 4.1774 3.5086 2.3636 2.3128
5130 2565.0 3.4942 5.5964 3.4942 2.2886 2.3528
5140 2570.0 3.5023 4.7689 3.5023 2.2985 2.3852
5150 2575.0 3.5171 3.4352 3.5171 2.3623 2.3480
5160 2580.0 3.5174 3.4075 3.5174 2.3866 2.3144
5170 2585.0 3.5002 4.9757 3.5002 2.3625 2.2736
5180 2590.0 3.5136 3.7321 3.5136 2.2978 2.3166
5190 2595.0 3.5099 4.0567 3.5099 2.1987 2.3402
5200 2600.0 3.4932 5.7082 3.4932 2.1656 2.3283
5210 2605.0 3.4851 6.5984 3.4851 2.2865 2.2591
5220 2610.0 3.4409 12.6535 3.4409 2.3515 2.1244
5230 2615.0 3.4702 8.4218 3.4702 2.3976 2.1922
5240 2620.0 3.4953 5.4843 3.4953 2.2052 2.1612
5250 2625.0 3.4705 8.3801 3.4705 2.1297 2.2441
5260 2630.0 3.4642 9.2205 3.4642 2.2627 2.2203
5270 2635.0 3.4364 13.3748 3.4364 2.3924 2.0374
5280 2640.0 3.4447 12.0658 3.4447 2.5171 2.0399
5290 2645.0 3.4451 11.9957 3.4451 2.4242 2.0982
5300 2650.0 3.4166 16.8172 3.4166 2.4095 2.0063
5310 2655.0 3.4501 11.2399 3.4501 2.4312 2.0745
5320 2660.0 3.4603 9.7614 3.4603 2.5066 2.0497
5330 2665.0 3.4093 18.1864 3.4093 2.4747 1.9575
5340 2670.0 3.4416 12.5468 3.4416 2.4628 2.0500
5350 2675.0 3.4091 18.2221 3.4091 2.4197 1.9637
5360 2680.0 3.4286 14.6874 3.4286 2.3498 2.0362
5370 2685.0 3.4058 18.8498 3.4058 2.3636 1.9691
5380 2690.0 3.4203 16.1489 3.4203 2.4261 1.9340
5390 2695.0 3.4478 11.5784 3.4478 2.4550 1.9344
5400 2700.0 3.4019 19.6257 3.4019 2.5537 1.8122
5410 2705.0 3.4628 9.4129 3.4628 2.6762 1.8703
5420 2710.0 3.4068 18.6544 3.4068 2.7920 1.7005
5430 2715.0 3.3093 42.2422 3.3093 2.7561 1.5731
5440 2720.0 3.3972 20.5599 3.3972 2.8761 1.6282
5450 2725.0 3.4774 7.5168 3.4774 2.7692 1.6465
5460 2730.0 3.3672 27.1047 3.3672 2.5637 1.4809
5470 2735.0 3.4107 17.9111 3.4107 2.4870 1.5127
5480 2740.0 3.4818 6.9816 3.4818 2.5580 1.5595
5490 2745.0 3.3771 24.8362 3.3771 2.6899 1.3811
5500 2750.0 3.4698 8.4812 3.4698 2.8733 1.4599
5510 2755.0 3.4824 6.9193 3.4824 2.9578 1.4669
5520 2760.0 3.4312 14.2490 3.4312 2.9705 1.3598
5530 2765.0 3.5192 3.2676 3.5192 2.9339 1.4419
5540 2770.0 3.4730 8.0693 3.4730 2.9114 1.3389
5550 2775.0 3.5291 2.5144 3.5291 2.9286 1.4406
5560 2780.0 3.5051 4.5031 3.5051 2.9739 1.3560
5570 2785.0 3.5341 2.1702 3.5341 3.0216 1.4231
5580 2790.0 3.5183 3.3362 3.5183 3.0313 1.3773
5590 2795.0 3.5160 3.5261 3.5160 3.0486 1.3852
5600 2800.0 3.5278 2.6038 3.5278 3.0557 1.4213
5610 2805.0 3.4673 8.8070 3.4673 3.0481 1.3745
5620 2810.0 3.5149 3.6197 3.5149 3.0422 1.4877
5630 2815.0 3.4158 16.9641 3.4158 2.9508 1.4110
5640 2820.0 3.4273 14.9073 3.4273 2.8661 1.4707
5650 2825.0 3.4629 9.3915 3.4629 2.7993 1.5538
5660 2830.0 3.3932 21.3791 3.3932 2.7528 1.5007
5670 2835.0 3.3515 30.8742 3.3515 2.7888 1.4612
5680 2840.0 3.3910 21.8495 3.3910 2.8699 1.5212
5690 2845.0 3.4510 11.1072 3.4510 2.8946 1.6057
5700 2850.0 3.4022 19.5613 3.4022 2.8397 1.5332
5710 2855.0 3.3695 26.5630 3.3695 2.8051 1.4746
5720 2860.0 3.4378 13.1574 3.4378 2.7923 1.5358
5730 2865.0 3.4121 17.6536 3.4121 2.6770 1.4892
5740 2870.0 3.3793 24.3515 3.3793 2.6482 1.4131
5750 2875.0 3.4219 15.8632 3.4219 2.6973 1.4306
5760 2880.0 3.4219 15.8591 3.4219 2.7299 1.3875
5770 2885.0 3.4374 13.2122 3.4374 2.8241 1.3956
5780 2890.0 3.4481 11.5360 3.4481 2.9299 1.3615
5790 2895.0 3.4522 10.9224 3.4522 3.0054 1.3651
5800 2900.0 3.4481 11.5372 3.4481 2.9570 1.3774
5810 2905.0 3.4505 11.1733 3.4505 2.8249 1.3547
5820 2910.0 3.4363 13.3942 3.4363 2.6901 1.4188
5830 2915.0 3.3936 21.2983 3.3936 2.6673 1.3686
5840 2920.0 3.4445 12.0919 3.4445 2.7238 1.4643
5850 2925.0 3.4079 18.4479 3.4079 2.8638 1.3767
5860 2930.0 3.4425 12.4074 3.4425 2.9975 1.4356
5870 2935.0 3.4241 15.4780 3.4241 3.0743 1.3542
5880 2940.0 3.4387 13.0086 3.4387 3.1296 1.3827
5890 2945.0 3.4330 13.9506 3.4330 3.0951 1.3790
5900 2950.0 3.4189 16.3936 3.4189 3.0310 1.3836
5910 2955.0 3.4024 19.5252 3.4024 2.9183 1.3947
5920 2960.0 3.3990 20.2101 3.3990 2.8724 1.4034
5930 2965.0 3.4059 18.8282 3.4059 2.8704 1.3834
5940 2970.0 3.4202 16.1628 3.4202 2.8480 1.3382
5950 2975.0 3.4206 16.1005 3.4206 2.8338 1.3343
5960 2980.0 3.4047 19.0697 3.4047 2.8013 1.3620
5970 2985.0 3.3959 20.8342 3.3959 2.8120 1.3852
5980 2990.0 3.3722 25.9509 3.3722 2.8019 1.3344
5990 2995.0 3.3854 23.0315 3.3854 2.8639 1.3989
6000 3000.0 3.3872 22.6447 3.3872 2.9079 1.3403
6010 3005.0 3.4096 18.1209 3.4096 2.9770 1.3906
6020 3010.0 3.4163 16.8775 3.4163 3.0065 1.4046
6030 3015.0 3.4179 16.5845 3.4179 3.0335 1.4116
6040 3020.0 3.4235 15.5732 3.4235 3.0439 1.4223
6050 3025.0 3.4317 14.1617 3.4317 3.0400 1.4463
6060 3030.0 3.4016 19.6766 3.4016 2.9807 1.4100
6070 3035.0 3.4438 12.2014 3.4438 2.9334 1.4911
6080 3040.0 3.3696 26.5424 3.3696 2.8271 1.3917
6090 3045.0 3.4273 14.9041 3.4273 2.7896 1.5046
6100 3050.0 3.3451 32.4771 3.3451 2.7167 1.3860
6110 3055.0 3.4431 12.3099 3.4431 2.7591 1.5009
6120 3060.0 3.3836 23.4206 3.3836 2.8380 1.4030
6130 3065.0 3.4107 17.9195 3.4107 2.9354 1.4222
6140 3070.0 3.4362 13.4202 3.4362 3.0318 1.4728
6150 3075.0 3.3691 26.6596 3.3691 3.0318 1.3536
6160 3080.0 3.3881 22.4451 3.3881 2.9253 1.4434
6170 3085.0 3.3755 25.2006 3.3755 2.7906 1.3559
6180 3090.0 3.3469 32.0322 3.3469 2.6685 1.3525
6190 3095.0 3.3245 37.9392 3.3245 2.5826 1.4489
6200 3100.0 3.3130 41.1836 3.3130 2.6626 1.3312
6210 3105.0 3.3762 25.0390 3.3762 2.7602 1.4099
6220 3110.0 3.4058 18.8475 3.4058 2.7673 1.3872
6230 3115.0 3.4207 16.0776 3.4207 2.6853 1.4490
6240 3120.0 3.3269 37.2997 3.3269 2.5954 1.3967
6250 3125.0 3.4087 18.2932 3.4087 2.6106 1.5553
6260 3130.0 3.3760 25.0832 3.3760 2.6288 1.3474
6270 3135.0 3.4210 16.0198 3.4210 2.7185 1.4780
6280 3140.0 3.3421 33.2636 3.3421 2.8284 1.3542
6290 3145.0 3.4420 12.4806 3.4420 2.9562 1.4929
6300 3150.0 3.3896 22.1255 3.3896 3.0050 1.4524
6310 3155.0 3.3510 31.0050 3.3510 2.9745 1.4394
6320 3160.0 3.4240 15.4954 3.4240 2.9804 1.5832
6330 3165.0 3.3223 38.5634 3.3223 2.9219 1.3656
6340 3170.0 3.4610 9.6632 3.4610 2.8665 1.5216
6350 3175.0 3.3978 20.4368 3.3978 2.8394 1.4025
6360 3180.0 3.4215 15.9331 3.4215 2.8536 1.4116
6370 3185.0 3.4654 9.0574 3.4654 2.8571 1.4943
6380 3190.0 3.3759 25.1016 3.3759 2.8087 1.3365
6390 3195.0 3.4417 12.5294 3.4417 2.7965 1.4972
6400 3200.0 3.4031 19.3822 3.4031 2.8197 1.3227
6410 3205.0 3.4403 12.7577 3.4403 2.8468 1.4543
6420 3210.0 3.4021 19.5794 3.4021 2.8716 1.3160
6430 3215.0 3.4294 14.5598 3.4294 2.9198 1.4797
6440 3220.0 3.3781 24.6261 3.3781 2.8710 1.3285
6450 3225.0 3.4532 10.7706 3.4532 2.8517 1.4855
6460 3230.0 3.3823 23.6887 3.3823 2.7833 1.3636
6470 3235.0 3.4653 9.0730 3.4653 2.8045 1.4813
6480 3240.0 3.3996 20.0809 3.3996 2.8311 1.3651
6490 3245.0 3.4633 9.3476 3.4633 2.8345 1.4349
6500 3250.0 3.4468 11.7343 3.4468 2.8128 1.4089
6510 3255.0 3.4443 12.1188 3.4443 2.7520 1.4017
6520 3260.0 3.4477 11.5956 3.4477 2.7072 1.4060
6530 3265.0 3.4569 10.2391 3.4569 2.7511 1.3998
6540 3270.0 3.4463 11.8122 3.4463 2.8604 1.3724
6550 3275.0 3.4675 8.7719 3.4675 2.9852 1.4130
6560 3280.0 3.4351 13.5986 3.4351 3.0384 1.3584
6570 3285.0 3.4680 8.7080 3.4680 3.0361 1.4156
6580 3290.0 3.4490 11.4019 3.4490 2.9323 1.3462
6590 3295.0 3.4396 12.8626 3.4396 2.8336 1.4205
6600 3300.0 3.3933 21.3655 3.3933 2.7350 1.3240
6610 3305.0 3.4248 15.3463 3.4248 2.7520 1.4174
6620 3310.0 3.4339 13.7968 3.4339 2.7828 1.3499
6630 3315.0 3.4493 11.3479 3.4493 2.8274 1.4122
6640 3320.0 3.4229 15.6737 3.4229 2.8604 1.3972
6650 3325.0 3.4305 14.3735 3.4305 2.8782 1.3785
6660 3330.0 3.4343 13.7200 3.4343 2.9045 1.4049
6670 3335.0 3.3903 21.9800 3.3903 2.8346 1.3213
6680 3340.0 3.3879 22.4903 3.3879 2.7787 1.4067
6690 3345.0 3.3991 20.1738 3.3991 2.7852 1.3999
6700 3350.0 3.3571 29.4886 3.3571 2.8288 1.3176
6710 3355.0 3.3928 21.4559 3.3928 2.8478 1.4713
6720 3360.0 3.3359 34.8627 3.3359 2.8252 1.3568
6730 3365.0 3.3927 21.4918 3.3927 2.8760 1.4920
6740 3370.0 3.3573 29.4568 3.3573 2.8722 1.3568
6750 3375.0 3.4010 19.8015 3.4010 2.9182 1.4392
6760 3380.0 3.3687 26.7610 3.3687 2.8724 1.3542
6770 3385.0 3.4160 16.9258 3.4160 2.8864 1.3999
6780 3390.0 3.4189 16.4007 3.4189 2.9207 1.4112
6790 3395.0 3.4023 19.5347 3.4023 2.9564 1.3395
6800 3400.0 3.4182 16.5269 3.4182 2.9393 1.4066
6810 3405.0 3.4176 16.6270 3.4176 2.8470 1.3818
6820 3410.0 3.4094 18.1639 3.4094 2.8088 1.3909
6830 3415.0 3.4220 15.8351 3.4220 2.8441 1.4133
6840 3420.0 3.4072 18.5938 3.4072 2.8004 1.3673
6850 3425.0 3.4248 15.3561 3.4248 2.7440 1.4103
6860 3430.0 3.4076 18.5069 3.4076 2.7148 1.3537
6870 3435.0 3.4167 16.7938 3.4167 2.6866 1.3827
6880 3440.0 3.4181 16.5498 3.4181 2.6219 1.3963
6890 3445.0 3.3745 25.4353 3.3745 2.5493 1.3591
6900 3450.0 3.3987 20.2630 3.3987 2.5458 1.4407
6910 3455.0 3.3831 23.5141 3.3831 2.6304 1.3875
6920 3460.0 3.3856 22.9800 3.3856 2.7274 1.4081
6930 3465.0 3.3817 23.8366 3.3817 2.7154 1.3983
6940 3470.0 3.3859 22.9203 3.3859 2.5948 1.4072
6950 3475.0 3.3920 21.6365 3.3920 2.5464 1.4418
6960 3480.0 3.3725 25.8683 3.3725 2.5608 1.3848
6970 3485.0 3.3883 22.4015 3.3883 2.6386 1.3952
6980 3490.0 3.3831 23.5322 3.3831 2.7362 1.4235
6990 3495.0 3.3587 29.1174 3.3587 2.7701 1.3666
7000 3500.0 3.3906 21.9176 3.3906 2.7203 1.4417
7010 3505.0 3.3676 27.0020 3.3676 2.6101 1.3643
7020 3510.0 3.4003 19.9329 3.4003 2.5209 1.4319
7030 3515.0 3.3984 20.3258 3.3984 2.4987 1.4354
7040 3520.0 3.3843 23.2665 3.3843 2.5780 1.3929
7050 3525.0 3.4050 19.0093 3.4050 2.6985 1.4473
7060 3530.0 3.3608 28.6049 3.3608 2.7957 1.4185
7070 3535.0 3.3973 20.5339 3.3973 2.8070 1.4537
7080 3540.0 3.4109 17.8721 3.4109 2.6709 1.4538
7090 3545.0 3.3742 25.5023 3.3742 2.5210 1.4643
7100 3550.0 3.4237 15.5461 3.4237 2.4786 1.5935
7110 3555.0 3.3523 30.6677 3.3523 2.5212 1.5036
7120 3560.0 3.4080 18.4382 3.4080 2.6538 1.5381
7130 3565.0 3.4466 11.7665 3.4466 2.7586 1.5656
7140 3570.0 3.3322 35.8623 3.3322 2.7991 1.4620
7150 3575.0 3.3175 39.8984 3.3175 2.8007 1.4645
7160 3580.0 3.4337 13.8265 3.4337 2.8681 1.5692
7170 3585.0 3.4196 16.2796 3.4196 2.7682 1.5414
7180 3590.0 3.3486 31.6013 3.3486 2.6308 1.4767
7190 3595.0 3.4118 17.7067 3.4118 2.5495 1.5717
7200 3600.0 3.3336 35.4977 3.3336 2.5656 1.4159
7210 3605.0 3.4495 11.3203 3.4495 2.7254 1.4732
7220 3610.0 3.4030 19.4006 3.4030 2.7381 1.3982
7230 3615.0 3.4002 19.9631 3.4002 2.7680 1.4383
7240 3620.0 3.3768 24.9077 3.3768 2.7772 1.3594
7250 3625.0 3.4241 15.4670 3.4241 2.8179 1.4161
7260 3630.0 3.4145 17.1989 3.4145 2.7777 1.3265
7270 3635.0 3.3938 21.2562 3.3938 2.7048 1.4409
7280 3640.0 3.3966 20.6940 3.3966 2.6641 1.3981
7290 3645.0 3.4037 19.2619 3.4037 2.6322 1.3650
7300 3650.0 3.4207 16.0801 3.4207 2.7041 1.4433
7310 3655.0 3.3615 28.4471 3.3615 2.7242 1.3901
7320 3660.0 3.4053 18.9520 3.4053 2.7490 1.4555
7330 3665.0 3.4099 18.0692 3.4099 2.7047 1.3596
7340 3670.0 3.4171 16.7257 3.4171 2.6720 1.3876
7350 3675.0 3.4023 19.5454 3.4023 2.7220 1.4234
7360 3680.0 3.4032 19.3622 3.4032 2.7928 1.3501
7370 3685.0 3.4423 12.4379 3.4423 2.8866 1.3363
7380 3690.0 3.4383 13.0705 3.4383 2.9353 1.3996
7390 3695.0 3.4205 16.1021 3.4205 2.9396 1.3542
7400 3700.0 3.4288 14.6604 3.4288 2.9485 1.4072
7410 3705.0 3.4273 14.9126 3.4273 2.8508 1.3577
7420 3710.0 3.4172 16.7008 3.4172 2.7262 1.3972
7430 3715.0 3.4099 18.0607 3.4099 2.6071 1.4425
7440 3720.0 3.3825 23.6456 3.3825 2.6041 1.4107
7450 3725.0 3.4316 14.1799 3.4316 2.7306 1.4553
7460 3730.0 3.3932 21.3851 3.3932 2.8760 1.3924
7470 3735.0 3.4240 15.4903 3.4240 2.9648 1.4894
7480 3740.0 3.3750 25.3028 3.3750 2.9414 1.3998
7490 3745.0 3.4324 14.0529 3.4324 2.8208 1.4793
7500 3750.0 3.3698 26.5063 3.3698 2.6785 1.3819
7510 3755.0 3.4302 14.4236 3.4302 2.6193 1.4825
7520 3760.0 3.3830 23.5468 3.3830 2.6604 1.3615
7530 3765.0 3.4160 16.9280 3.4160 2.7810 1.4271
7540 3770.0 3.3958 20.8569 3.3958 2.8272 1.3494
7550 3775.0 3.4058 18.8508 3.4058 2.8221 1.3874
7560 3780.0 3.4183 16.5009 3.4183 2.7658 1.3799
7570 3785.0 3.4187 16.4307 3.4187 2.7299 1.3120
7580 3790.0 3.4164 16.8600 3.4164 2.7496 1.3884
7590 3795.0 3.4453 11.9665 3.4453 2.7667 1.3306
7600 3800.0 3.4512 11.0744 3.4512 2.7895 1.3557
7610 3805.0 3.4378 13.1541 3.4378 2.8242 1.4058
7620 3810.0 3.4185 16.4641 3.4185 2.8058 1.3678
7630 3815.0 3.4443 12.1237 3.4443 2.7809 1.4152
7640 3820.0 3.4318 14.1400 3.4318 2.7117 1.4064
7650 3825.0 3.3880 22.4806 3.3880 2.7189 1.3692
7660 3830.0 3.4179 16.5868 3.4179 2.7705 1.4437
7670 3835.0 3.3856 22.9731 3.3856 2.8297 1.4063
7680 3840.0 3.4033 19.3535 3.4033 2.7932 1.4421
7690 3845.0 3.3872 22.6336 3.3872 2.7022 1.4356
7700 3850.0 3.3622 28.2703 3.3622 2.6515 1.4250
7710 3855.0 3.3836 23.4207 3.3836 2.6674 1.4585
7720 3860.0 3.3869 22.6966 3.3869 2.7171 1.4240
7730 3865.0 3.3708 26.2550 3.3708 2.7250 1.3759
7740 3870.0 3.3862 22.8483 3.3862 2.6537 1.3905
7750 3875.0 3.3881 22.4402 3.3881 2.5969 1.3687
7760 3880.0 3.3871 22.6666 3.3871 2.6022 1.3278
7770 3885.0 3.4115 17.7677 3.4115 2.6645 1.3478
7780 3890.0 3.4017 19.6701 3.4017 2.7502 1.4137
7790 3895.0 3.3992 20.1672 3.3992 2.7907 1.3817
7800 3900.0 3.4011 19.7732 3.4011 2.7695 1.3977
7810 3905.0 3.4069 18.6458 3.4069 2.7043 1.3987
7820 3910.0 3.4137 17.3490 3.4137 2.6847 1.4033
7830 3915.0 3.4093 18.1753 3.4093 2.7290 1.3859
7840 3920.0 3.4014 19.7207 3.4014 2.7228 1.3818
7850 3925.0 3.3965 20.7030 3.3965 2.6388 1.3717
7860 3930.0 3.3963 20.7446 3.3963 2.6207 1.3625
7870 3935.0 3.3965 20.7110 3.3965 2.6245 1.3633
7880 3940.0 3.3931 21.4115 3.3931 2.7129 1.3640
7890 3945.0 3.3838 23.3784 3.3838 2.8466 1.3783
7900 3950.0 3.3864 22.8146 3.3864 2.8855 1.4148
7910 3955.0 3.4028 19.4535 3.4028 2.8185 1.4299
7920 3960.0 3.3919 21.6435 3.3919 2.7381 1.4351
7930 3965.0 3.3846 23.2065 3.3846 2.7930 1.3927
7940 3970.0 3.4260 15.1298 3.4260 2.8138 1.3573
7950 3975.0 3.4247 15.3680 3.4247 2.8288 1.3791
7960 3980.0 3.4205 16.1033 3.4205 2.7881 1.3470
7970 3985.0 3.4350 13.6153 3.4350 2.6714 1.3919
7980 3990.0 3.4317 14.1702 3.4317 2.5481 1.4208
7990 3995.0 3.4248 15.3432 3.4248 2.4817 1.4442
8000 4000.0 3.4090 18.2448 3.4090 2.5338 1.4129
8010 4005.0 3.4308 14.3152 3.4308 2.6988 1.4129
8020 4010.0 3.3908 21.8907 3.3908 2.8854 1.3715
8030 4015.0 3.3912 21.7982 3.3912 3.0098 1.4034
8040 4020.0 3.3804 24.1063 3.3804 2.7922 1.4179
8050 4025.0 3.3862 22.8508 3.3862 2.5976 1.4975
8060 4030.0 3.4066 18.7085 3.4066 2.5043 1.5456
8070 4035.0 3.3949 21.0256 3.3949 2.5684 1.5028
8080 4040.0 3.4041 19.1962 3.4041 2.7227 1.4752
8090 4045.0 3.3764 25.0078 3.3764 2.8777 1.3798
8100 4050.0 3.4103 17.9884 3.4103 2.8096 1.4443
8110 4055.0 3.3606 28.6652 3.3606 2.6911 1.3815
8120 4060.0 3.3944 21.1374 3.3944 2.6998 1.4707
8130 4065.0 3.3731 25.7394 3.3731 2.7970 1.3643
8140 4070.0 3.4158 16.9705 3.4158 2.7555 1.4122
8150 4075.0 3.4049 19.0315 3.4049 2.7284 1.3673
8160 4080.0 3.4129 17.5080 3.4129 2.6897 1.4458
8170 4085.0 3.3928 21.4621 3.3928 2.6531 1.4675
8180 4090.0 3.4076 18.5181 3.4076 2.7875 1.4719
8190 4095.0 3.4087 18.2891 3.4087 2.8232 1.4216
8200 4100.0 3.4035 19.3041 3.4035 2.8257 1.4264
8210 4105.0 3.3838 23.3684 3.3838 2.8291 1.4710
8220 4110.0 3.3940 21.2207 3.3940 2.7696 1.5660
8230 4115.0 3.3266 37.3702 3.3266 2.7632 1.4536
8240 4120.0 3.4079 18.4520 3.4079 2.8941 1.4940
8250 4125.0 3.3933 21.3662 3.3933 2.9032 1.4913
8260 4130.0 3.3777 24.6994 3.3777 2.7984 1.5193
8270 4135.0 3.3746 25.4042 3.3746 2.6681 1.5430
8280 4140.0 3.3748 25.3517 3.3748 2.6507 1.5206
8290 4145.0 3.3893 22.2045 3.3893 2.7062 1.4821
8300 4150.0 3.3998 20.0493 3.3998 2.7575 1.4220
8310 4155.0 3.4344 13.7057 3.4344 2.8574 1.4020
8320 4160.0 3.4394 12.9010 3.4394 2.8698 1.3578
8330 4165.0 3.4446 12.0813 3.4446 2.8246 1.3409
8340 4170.0 3.4412 12.6101 3.4412 2.7768 1.3413
8350 4175.0 3.4185 16.4721 3.4185 2.6993 1.3442
8360 4180.0 3.4172 16.7057 3.4172 2.6920 1.3847
8370 4185.0 3.4134 17.4075 3.4134 2.7791 1.3575
8380 4190.0 3.4239 15.4973 3.4239 2.8504 1.3787
8390 4195.0 3.4206 16.0999 3.4206 2.9346 1.3944
8400 4200.0 3.4176 16.6274 3.4176 2.9176 1.4592
8410 4205.0 3.3944 21.1275 3.3944 2.8333 1.4327
8420 4210.0 3.4204 16.1320 3.4204 2.6942 1.4860
8430 4215.0 3.3537 30.3401 3.3537 2.6199 1.4501
8440 4220.0 3.4370 13.2913 3.4370 2.6655 1.5945
8450 4225.0 3.3945 21.1104 3.3945 2.7510 1.5408
8460 4230.0 3.3955 20.9082 3.3955 2.8250 1.5540
8470 4235.0 3.4447 12.0650 3.4447 2.8699 1.6147
8480 4240.0 3.4044 19.1388 3.4044 2.8525 1.5559
8490 4245.0 3.3646 27.7144 3.3646 2.7573 1.4869
8500 4250.0 3.4458 11.8824 3.4458 2.6101 1.5666
8510 4255.0 3.4335 13.8640 3.4335 2.5389 1.5392
8520 4260.0 3.3566 29.6163 3.3566 2.5061 1.4264
8530 4265.0 3.4254 15.2478 3.4254 2.5343 1.4734
8540 4270.0 3.3837 23.3933 3.3837 2.6095 1.4073
8550 4275.0 3.3982 20.3533 3.3982 2.6671 1.4344
8560 4280.0 3.3757 25.1604 3.3757 2.6674 1.3764
8570 4285.0 3.3645 27.7346 3.3645 2.6425 1.4112
8580 4290.0 3.3296 36.5636 3.3296 2.5774 1.3154
8590 4295.0 3.3250 37.8132 3.3250 2.5427 1.4441
8600 4300.0 3.3408 33.5925 3.3408 2.5395 1.3201
8610 4305.0 3.3587 29.1245 3.3587 2.6017 1.4051
8620 4310.0 3.3588 29.0909 3.3588 2.6780 1.3872
8630 4315.0 3.3471 31.9685 3.3471 2.7049 1.3758
8640 4320.0 3.3857 22.9650 3.3857 2.6385 1.4482
8650 4325.0 3.3512 30.9414 3.3512 2.5814 1.4088
8660 4330.0 3.3762 25.0474 3.3762 2.5455 1.4518
8670 4335.0 3.3999 20.0224 3.3999 2.5831 1.4912
8680 4340.0 3.3351 35.0796 3.3351 2.6175 1.4174
8690 4345.0 3.3919 21.6462 3.3919 2.6129 1.5261
8700 4350.0 3.3593 28.9592 3.3593 2.5245 1.4643
8710 4355.0 3.3861 22.8851 3.3861 2.4342 1.4955
8720 4360.0 3.3695 26.5696 3.3695 2.4195 1.4753
8730 4365.0 3.3367 34.6583 3.3367 2.4810 1.4310
8740 4370.0 3.3930 21.4289 3.3930 2.5729 1.5089
8750 4375.0 3.3417 33.3597 3.3417 2.6571 1.4318
8760 4380.0 3.4018 19.6351 3.4018 2.6894 1.4951
8770 4385.0 3.3980 20.4085 3.3980 2.7045 1.4769
8780 4390.0 3.4161 16.9033 3.4161 2.6752 1.4918
8790 4395.0 3.4148 17.1575 3.4148 2.6487 1.4745
8800 4400.0 3.4087 18.3069 3.4087 2.6694 1.4329
8810 4405.0 3.4438 12.2037 3.4438 2.7472 1.4322
8820 4410.0 3.4405 12.7268 3.4405 2.8181 1.3916
8830 4415.0 3.4316 14.1717 3.4316 2.8666 1.3560
8840 4420.0 3.4356 13.5138 3.4356 2.8631 1.3648
8850 4425.0 3.4258 15.1735 3.4258 2.7372 1.3828
8860 4430.0 3.4142 17.2616 3.4142 2.6140 1.3964
8870 4435.0 3.3944 21.1452 3.3944 2.6135 1.3693
8880 4440.0 3.4259 15.1632 3.4259 2.6725 1.4244
8890 4445.0 3.3910 21.8470 3.3910 2.7867 1.4043
8900 4450.0 3.4163 16.8802 3.4163 2.8554 1.4834
8910 4455.0 3.3618 28.3797 3.3618 2.8313 1.4239
8920 4460.0 3.3929 21.4423 3.3929 2.7902 1.5022
8930 4465.0 3.4053 18.9608 3.4053 2.8249 1.5271
8940 4470.0 3.3556 29.8617 3.3556 2.8453 1.4590
8950 4475.0 3.3790 24.4179 3.3790 2.8423 1.4905
8960 4480.0 3.4103 17.9986 3.4103 2.8536 1.5224
8970 4485.0 3.3546 30.1035 3.3546 2.8012 1.4231
8980 4490.0 3.4052 18.9733 3.4052 2.8254 1.4832
8990 4495.0 3.3763 25.0174 3.3763 2.8289 1.3984
9000 4500.0 3.4109 17.8722 3.4109 2.7832 1.4192
9010 4505.0 3.4115 17.7715 3.4115 2.7629 1.4137
9020 4510.0 3.4178 16.6016 3.4178 2.7431 1.3669
9030 4515.0 3.4219 15.8574 3.4219 2.7251 1.3828
9040 4520.0 3.4206 16.0982 3.4206 2.6719 1.4156
9050 4525.0 3.4011 19.7722 3.4011 2.6352 1.4019
9060 4530.0 3.4278 14.8262 3.4278 2.6810 1.4318
9070 4535.0 3.4197 16.2497 3.4197 2.7433 1.3760
9080 4540.0 3.4265 15.0568 3.4265 2.8296 1.3823
9090 4545.0 3.4186 16.4505 3.4186 2.8674 1.3799
9100 4550.0 3.4287 14.6683 3.4287 2.8730 1.4233
9110 4555.0 3.4160 16.9304 3.4160 2.8674 1.4144
9120 4560.0 3.4313 14.2332 3.4313 2.8333 1.4740
9130 4565.0 3.4029 19.4270 3.4029 2.8088 1.4560
9140 4570.0 3.4060 18.8113 3.4060 2.8055 1.4585
9150 4575.0 3.4248 15.3562 3.4248 2.8196 1.4609
9160 4580.0 3.4150 17.1033 3.4150 2.8226 1.4230
9170 4585.0 3.4230 15.6645 3.4230 2.8146 1.4059
9180 4590.0 3.4216 15.9049 3.4216 2.8299 1.3741
9190 4595.0 3.4266 15.0292 3.4266 2.8712 1.3512
9200 4600.0 3.4307 14.3294 3.4307 2.8927 1.3268
9210 4605.0 3.4405 12.7204 3.4405 2.9048 1.3348
9220 4610.0 3.4483 11.5104 3.4483 2.9002 1.3515
9230 4615.0 3.4485 11.4756 3.4485 2.8913 1.3740
9240 4620.0 3.4449 12.0286 3.4449 2.8514 1.3891
9250 4625.0 3.4375 13.2085 3.4375 2.8341 1.4105
9260 4630.0 3.4471 11.6893 3.4471 2.8483 1.4091
9270 4635.0 3.4274 14.8910 3.4274 2.9447 1.3604
9280 4640.0 3.4473 11.6644 3.4473 3.0491 1.4432
9290 4645.0 3.3958 20.8507 3.3958 3.0404 1.4125
9300 4650.0 3.4312 14.2431 3.4312 2.9656 1.4685
9310 4655.0 3.3944 21.1380 3.3944 2.8132 1.3873
9320 4660.0 3.4255 15.2242 3.4255 2.6671 1.4490
9330 4665.0 3.3755 25.2062 3.3755 2.5970 1.4242
9340 4670.0 3.3909 21.8632 3.3909 2.6329 1.4310
9350 4675.0 3.4175 16.6604 3.4175 2.8098 1.4227
9360 4680.0 3.4395 12.8791 3.4395 3.0066 1.4857
9370 4685.0 3.3797 24.2702 3.3797 3.0159 1.3697
9380 4690.0 3.4244 15.4177 3.4244 3.0057 1.4670
9390 4695.0 3.4013 19.7417 3.4013 2.9215 1.3723
9400 4700.0 3.4535 10.7300 3.4535 2.8525 1.4449
9410 4705.0 3.4200 16.2077 3.4200 2.8189 1.3831
9420 4710.0 3.4229 15.6809 3.4229 2.7455 1.4110
9430 4715.0 3.4325 14.0220 3.4325 2.7658 1.4276
9440 4720.0 3.4405 12.7200 3.4405 2.8597 1.3576
9450 4725.0 3.4806 7.1317 3.4806 2.8210 1.3981
9460 4730.0 3.4470 11.7073 3.4470 2.7855 1.3964
9470 4735.0 3.4181 16.5421 3.4181 2.7268 1.3849
9480 4740.0 3.4606 9.7128 3.4606 2.6620 1.4257
9490 4745.0 3.4175 16.6532 3.4175 2.6083 1.3778
9500 4750.0 3.4359 13.4617 3.4359 2.6281 1.4552
9510 4755.0 3.3906 21.9227 3.3906 2.7021 1.4189
9520 4760.0 3.4259 15.1557 3.4259 2.8126 1.4620
9530 4765.0 3.4149 17.1381 3.4149 2.9468 1.4433
9540 4770.0 3.4285 14.7091 3.4285 3.0249 1.4840
9550 4775.0 3.4259 15.1632 3.4259 3.0619 1.4982
9560 4780.0 3.3824 23.6833 3.3824 2.9816 1.4358
9570 4785.0 3.4205 16.1092 3.4205 2.8329 1.4810
9580 4790.0 3.3665 27.2606 3.3665 2.6668 1.4302
9590 4795.0 3.4049 19.0229 3.4049 2.6245 1.4801
9600 4800.0 3.4095 18.1513 3.4095 2.6915 1.4482
9610 4805.0 3.4168 16.7886 3.4168 2.6445 1.4317
9620 4810.0 3.3954 20.9327 3.3954 2.6954 1.4236
9630 4815.0 3.3757 25.1576 3.3757 2.7599 1.4141
9640 4820.0 3.3752 25.2677 3.3752 2.7613 1.3919
9650 4825.0 3.3938 21.2586 3.3938 2.7030 1.3846
9660 4830.0 3.4184 16.4854 3.4184 2.6005 1.4320
9670 4835.0 3.4046 19.0940 3.4046 2.4601 1.4296
9680 4840.0 3.3863 22.8235 3.3863 2.3943 1.4354
9690 4845.0 3.4148 17.1527 3.4148 2.5228 1.4663
9700 4850.0 3.3915 21.7380 3.3915 2.7252 1.4223
9710 4855.0 3.3882 22.4238 3.3882 2.8331 1.4710
9720 4860.0 3.3637 27.9074 3.3637 2.8741 1.4715
9730 4865.0 3.3940 21.2232 3.3940 2.7713 1.5040
9740 4870.0 3.3365 34.7162 3.3365 2.6246 1.4448
9750 4875.0 3.4019 19.6259 3.4019 2.5479 1.6008
9760 4880.0 3.3428 33.0747 3.3428 2.6209 1.4718
9770 4885.0 3.4131 17.4737 3.4131 2.7914 1.5610
9780 4890.0 3.3540 30.2643 3.3540 2.8889 1.4078
9790 4895.0 3.3897 22.1214 3.3897 2.8906 1.4257
9800 4900.0 3.4254 15.2371 3.4254 2.8328 1.5021
9810 4905.0 3.3438 32.8292 3.3438 2.7490 1.3533
9820 4910.0 3.4106 17.9331 3.4106 2.6632 1.5342
9830 4915.0 3.3252 37.7686 3.3252 2.5633 1.3495
9840 4920.0 3.4196 16.2786 3.4196 2.5875 1.5178
9850 4925.0 3.4026 19.4884 3.4026 2.6844 1.4094
9860 4930.0 3.4002 19.9598 3.4002 2.8777 1.4149
9870 4935.0 3.4112 17.8295 3.4112 2.8985 1.5424
9880 4940.0 3.2803 51.1171 3.2803 2.8449 1.3550
9890 4945.0 3.4185 16.4657 3.4185 2.9496 1.5637
9900 4950.0 3.3977 20.4548 3.3977 2.8378 1.4774
9910 4955.0 3.3461 32.2279 3.3461 2.6899 1.4829
9920 4960.0 3.4298 14.4917 3.4298 2.7063 1.6729
9930 4965.0 3.3411 33.5200 3.3411 2.6744 1.4652
9940 4970.0 3.3647 27.6730 3.3647 2.6712 1.4272
9950 4975.0 3.4025 19.4997 3.4025 2.7948 1.6171
9960 4980.0 3.3037 43.8821 3.3037 2.8408 1.3752
9970 4985.0 3.3862 22.8657 3.3862 3.0272 1.4748
9980 4990.0 3.4197 16.2503 3.4197 3.0850 1.5622
9990 4995.0 3.3273 37.1877 3.3273 2.8460 1.3892
10000 5000.0 3.4220 15.8504 3.4220 2.5798 1.4850
10010 5005.0 3.3880 22.4745 3.3880 2.3800 1.4798
10020 5010.0 3.3443 32.6804 3.3443 2.3577 1.4005
10030 5015.0 3.4515 11.0250 3.4515 2.5076 1.4438
10040 5020.0 3.4818 6.9888 3.4818 2.7466 1.3212
10050 5025.0 3.4644 9.1891 3.4644 2.9423 1.3946
10060 5030.0 3.4554 10.4581 3.4554 3.1165 1.3328
10070 5035.0 3.4380 13.1141 3.4380 3.0644 1.4247
10080 5040.0 3.4083 18.3671 3.4083 3.0235 1.3718
10090 5045.0 3.4328 13.9696 3.4328 3.0589 1.4178
10100 5050.0 3.4330 13.9471 3.4330 3.0624 1.3985
10110 5055.0 3.4251 15.2964 3.4251 2.8442 1.3758
10120 5060.0 3.4165 16.8318 3.4165 2.5987 1.4028
10130 5065.0 3.3638 27.9012 3.3638 2.3974 1.3932
10140 5070.0 3.3731 25.7455 3.3731 2.3358 1.4542
10150 5075.0 3.3918 21.6822 3.3918 2.4827 1.4434
10160 5080.0 3.3828 23.5935 3.3828 2.7026 1.4258
10170 5085.0 3.3770 24.8712 3.3770 2.8462 1.4387
10180 5090.0 3.3921 21.6017 3.3921 2.8796 1.4410
10190 5095.0 3.4081 18.4201 3.4081 2.8280 1.4185
10200 5100.0 3.4146 17.1897 3.4146 2.7595 1.4309
10210 5105.0 3.4279 14.8092 3.4279 2.7308 1.4861
10220 5110.0 3.4168 16.7825 3.4168 2.7377 1.4807
10230 5115.0 3.4224 15.7648 3.4224 2.7943 1.4650
10240 5120.0 3.4267 15.0182 3.4267 2.9123 1.4608
10250 5125.0 3.4168 16.7888 3.4168 3.0012 1.5050
10260 5130.0 3.4170 16.7399 3.4170 2.9662 1.5324
10270 5135.0 3.4074 18.5468 3.4074 2.8048 1.4692
10280 5140.0 3.4357 13.4952 3.4357 2.6144 1.4529
10290 5145.0 3.4187 16.4281 3.4187 2.5214 1.4132
10300 5150.0 3.4082 18.3913 3.4082 2.5765 1.3734
10310 5155.0 3.4149 17.1385 3.4149 2.7105 1.4150
10320 5160.0 3.3920 21.6265 3.3920 2.8277 1.4084
10330 5165.0 3.4062 18.7778 3.4062 2.8548 1.4255
10340 5170.0 3.4072 18.5903 3.4072 2.8113 1.3746
10350 5175.0 3.4150 17.1072 3.4150 2.7374 1.4103
10360 5180.0 3.3838 23.3671 3.3838 2.6925 1.3912
10370 5185.0 3.3989 20.2183 3.3989 2.6637 1.4325
10380 5190.0 3.4095 18.1400 3.4095 2.6696 1.4174
10390 5195.0 3.3914 21.7555 3.3914 2.6956 1.3990
10400 5200.0 3.4038 19.2551 3.4038 2.7449 1.4658
10410 5205.0 3.3674 27.0570 3.3674 2.7624 1.4303
10420 5210.0 3.4056 18.8963 3.4056 2.8335 1.4736
10430 5215.0 3.3860 22.9041 3.3860 2.8691 1.4238
10440 5220.0 3.3918 21.6656 3.3918 2.7820 1.4493
10450 5225.0 3.3940 21.2178 3.3940 2.7325 1.4721
10460 5230.0 3.3599 28.8292 3.3599 2.7541 1.4189
10470 5235.0 3.4067 18.6888 3.4067 2.8186 1.4614
10480 5240.0 3.3743 25.4662 3.3743 2.8902 1.4200
10490 5245.0 3.4089 18.2617 3.4089 2.8971 1.4902
10500 5250.0 3.3550 30.0153 3.3550 2.8631 1.3976
10510 5255.0 3.4203 16.1537 3.4203 2.7980 1.4922
10520 5260.0 3.3813 23.9157 3.3813 2.7064 1.4491
10530 5265.0 3.3785 24.5211 3.3785 2.6409 1.4804
10540 5270.0 3.4333 13.8979 3.4333 2.7113 1.5505
10550 5275.0 3.3776 24.7246 3.3776 2.8552 1.4690
10560 5280.0 3.4091 18.2162 3.4091 3.0128 1.5088
10570 5285.0 3.4096 18.1228 3.4096 3.1152 1.5084
10580 5290.0 3.3720 26.0010 3.3720 3.0799 1.4427
10590 5295.0 3.4330 13.9490 3.4330 3.0447 1.5194
10600 5300.0 3.4242 15.4520 3.4242 3.0270 1.4950
10610 5305.0 3.3851 23.0840 3.3851 3.0108 1.4232
10620 5310.0 3.4438 12.1930 3.4438 3.0279 1.4847
10630 5315.0 3.3969 20.6261 3.3969 3.0054 1.3575
10640 5320.0 3.4374 13.2118 3.4374 3.0291 1.4116
10650 5325.0 3.4264 15.0683 3.4264 3.0414 1.3512
10660 5330.0 3.4222 15.8131 3.4222 2.9645 1.3769
10670 5335.0 3.4278 14.8338 3.4278 2.8813 1.3646
10680 5340.0 3.4154 17.0331 3.4154 2.8302 1.3489
10690 5345.0 3.4336 13.8447 3.4336 2.8099 1.4041
10700 5350.0 3.3975 20.5052 3.3975 2.7999 1.3527
10710 5355.0 3.4390 12.9575 3.4390 2.8538 1.4108
10720 5360.0 3.4349 13.6351 3.4349 2.9091 1.3700
10730 5365.0 3.4415 12.5667 3.4415 2.9604 1.4025
10740 5370.0 3.4228 15.7018 3.4228 2.9636 1.3935
10750 5375.0 3.4383 13.0810 3.4383 2.9393 1.4226
10760 5380.0 3.4335 13.8579 3.4335 2.8900 1.4304
10770 5385.0 3.4096 18.1266 3.4096 2.8475 1.4515
10780 5390.0 3.4345 13.6996 3.4345 2.7935 1.4996
10790 5395.0 3.4116 17.7502 3.4116 2.7447 1.4566
10800 5400.0 3.4383 13.0680 3.4383 2.7151 1.4828
10810 5405.0 3.4305 14.3635 3.4305 2.7497 1.4422
10820 5410.0 3.4316 14.1712 3.4316 2.8182 1.4037
10830 5415.0 3.4371 13.2704 3.4371 2.8884 1.3823
10840 5420.0 3.4364 13.3852 3.4364 2.9257 1.3696
10850 5425.0 3.4309 14.2980 3.4309 2.9389 1.3537
10860 5430.0 3.4281 14.7694 3.4281 2.9362 1.3553
10870 5435.0 3.4287 14.6662 3.4287 2.8925 1.3703
10880 5440.0 3.4352 13.5732 3.4352 2.8670 1.3870
10890 5445.0 3.4387 13.0039 3.4387 2.7447 1.3921
10900 5450.0 3.4116 17.7489 3.4116 2.5996 1.3896
10910 5455.0 3.3900 22.0457 3.3900 2.4885 1.4325
10920 5460.0 3.4042 19.1721 3.4042 2.4941 1.4598
10930 5465.0 3.4137 17.3458 3.4137 2.6141 1.4302
10940 5470.0 3.4317 14.1541 3.4317 2.7883 1.4306
10950 5475.0 3.4175 16.6544 3.4175 2.9010 1.4339
10960 5480.0 3.4172 16.6994 3.4172 2.9173 1.4435
10970 5485.0 3.3956 20.8986 3.3956 2.8828 1.4029
10980 5490.0 3.4338 13.8118 3.4338 2.8404 1.4677
10990 5495.0 3.3839 23.3526 3.3839 2.8183 1.4243
11000 5500.0 3.4212 15.9901 3.4212 2.8992 1.4810
11010 5505.0 3.4041 19.1801 3.4041 3.0291 1.4251
11020 5510.0 3.4021 19.5807 3.4021 3.0047 1.4092
11030 5515.0 3.3906 21.9238 3.3906 2.8946 1.3899
11040 5520.0 3.4045 19.1096 3.4045 2.7874 1.4422
11050 5525.0 3.4038 19.2543 3.4038 2.7308 1.4136
11060 5530.0 3.4207 16.0736 3.4207 2.8258 1.4090
11070 5535.0 3.4318 14.1523 3.4318 2.8928 1.4235
11080 5540.0 3.4183 16.5084 3.4183 2.8510 1.3978
11090 5545.0 3.4026 19.4748 3.4026 2.7612 1.3952
11100 5550.0 3.4219 15.8623 3.4219 2.7336 1.4265
11110 5555.0 3.4317 14.1695 3.4317 2.7802 1.4289
11120 5560.0 3.4038 19.2478 3.4038 2.7966 1.4520
11130 5565.0 3.4270 14.9584 3.4270 2.8349 1.4813
11140 5570.0 3.4108 17.9076 3.4108 2.8071 1.4154
11150 5575.0 3.4051 18.9911 3.4051 2.7224 1.3953
11160 5580.0 3.4130 17.4856 3.4130 2.6414 1.4352
11170 5585.0 3.3786 24.5005 3.3786 2.5854 1.3976
11180 5590.0 3.4018 19.6447 3.4018 2.5937 1.4410
11190 5595.0 3.3797 24.2743 3.3797 2.6497 1.3959
11200 5600.0 3.3998 20.0423 3.3998 2.7398 1.4447
11210 5605.0 3.3809 24.0053 3.3809 2.7820 1.3818
11220 5610.0 3.3984 20.3149 3.3984 2.7796 1.4351
11230 5615.0 3.3736 25.6290 3.3736 2.7347 1.3570
11240 5620.0 3.4079 18.4466 3.4079 2.7201 1.4371
11250 5625.0 3.4065 18.7238 3.4065 2.7273 1.3670
11260 5630.0 3.4289 14.6431 3.4289 2.7677 1.3812
11270 5635.0 3.4300 14.4503 3.4300 2.7611 1.4116
11280 5640.0 3.4274 14.9005 3.4274 2.7174 1.3898
11290 5645.0 3.4221 15.8298 3.4221 2.6939 1.3983
11300 5650.0 3.4194 16.3016 3.4194 2.6189 1.4206
11310 5655.0 3.3933 21.3664 3.3933 2.5674 1.3940
11320 5660.0 3.4018 19.6336 3.4018 2.5898 1.4286
11330 5665.0 3.3958 20.8502 3.3958 2.6467 1.4394
11340 5670.0 3.4181 16.5353 3.4181 2.7412 1.4758
11350 5675.0 3.3769 24.8966 3.3769 2.8135 1.4367
11360 5680.0 3.4286 14.6855 3.4286 2.8463 1.4931
11370 5685.0 3.4004 19.9182 3.4004 2.8267 1.4366
11380 5690.0 3.4142 17.2618 3.4142 2.7535 1.4512
11390 5695.0 3.3868 22.7196 3.3868 2.7140 1.4114
11400 5700.0 3.4003 19.9351 3.4003 2.7620 1.3894
11410 5705.0 3.4205 16.1129 3.4205 2.8509 1.4038
11420 5710.0 3.4171 16.7270 3.4171 2.8884 1.3657
11430 5715.0 3.4150 17.1126 3.4150 2.7926 1.3657
11440 5720.0 3.4166 16.8113 3.4166 2.6932 1.3892
11450 5725.0 3.4241 15.4682 3.4241 2.6539 1.4228
11460 5730.0 3.4353 13.5673 3.4353 2.6378 1.4180
11470 5735.0 3.4146 17.1933 3.4146 2.6240 1.3844
11480 5740.0 3.4120 17.6709 3.4120 2.6973 1.3892
11490 5745.0 3.4022 19.5526 3.4022 2.7613 1.4286
11500 5750.0 3.3934 21.3417 3.3934 2.7818 1.4221
11510 5755.0 3.4046 19.0913 3.4046 2.7109 1.4605
11520 5760.0 3.4090 18.2489 3.4090 2.6596 1.4977
11530 5765.0 3.4152 17.0715 3.4152 2.6349 1.5127
11540 5770.0 3.4095 18.1416 3.4095 2.6683 1.4936
11550 5775.0 3.3961 20.7966 3.3961 2.7452 1.4950
11560 5780.0 3.3717 26.0681 3.3717 2.8301 1.5007
11570 5785.0 3.3972 20.5690 3.3972 2.8330 1.5083
11580 5790.0 3.3885 22.3684 3.3885 2.7947 1.4694
11590 5795.0 3.4187 16.4327 3.4187 2.6879 1.5513
11600 5800.0 3.3925 21.5298 3.3925 2.5953 1.5061
11610 5805.0 3.4276 14.8667 3.4276 2.6593 1.4981
11620 5810.0 3.3971 20.5930 3.3971 2.8440 1.4165
11630 5815.0 3.3928 21.4756 3.3928 2.9105 1.4875
11640 5820.0 3.3603 28.7324 3.3603 2.9468 1.4262
11650 5825.0 3.4112 17.8148 3.4112 2.9417 1.4231
11660 5830.0 3.4207 16.0749 3.4207 2.7769 1.4082
11670 5835.0 3.4014 19.7217 3.4014 2.6454 1.4470
11680 5840.0 3.3912 21.7931 3.3912 2.6472 1.4307
11690 5845.0 3.4197 16.2525 3.4197 2.7280 1.4181
11700 5850.0 3.4232 15.6215 3.4232 2.8096 1.4172
11710 5855.0 3.4297 14.5093 3.4297 2.8140 1.4260
11720 5860.0 3.4177 16.6101 3.4177 2.8619 1.3972
11730 5865.0 3.4398 12.8385 3.4398 2.9234 1.4253
11740 5870.0 3.4298 14.4805 3.4298 2.9539 1.4168
11750 5875.0 3.4075 18.5251 3.4075 2.9442 1.3900
11760 5880.0 3.4174 16.6757 3.4174 2.8303 1.4308
11770 5885.0 3.3986 20.2834 3.3986 2.7072 1.4412
11780 5890.0 3.3866 22.7744 3.3866 2.6828 1.4498
11790 5895.0 3.4078 18.4791 3.4078 2.7772 1.4932
11800 5900.0 3.3634 27.9870 3.3634 2.8629 1.4280
11810 5905.0 3.3721 25.9755 3.3721 2.9022 1.4351
11820 5910.0 3.3861 22.8679 3.3861 2.8540 1.4509
11830 5915.0 3.3819 23.7740 3.3819 2.7290 1.4677
11840 5920.0 3.4218 15.8817 3.4218 2.6381 1.5527
11850 5925.0 3.3865 22.7886 3.3865 2.5985 1.5200
11860 5930.0 3.3655 27.4911 3.3655 2.7007 1.4767
11870 5935.0 3.3890 22.2653 3.3890 2.8039 1.5325
11880 5940.0 3.3394 33.9627 3.3394 2.7829 1.4387
11890 5945.0 3.3712 26.1637 3.3712 2.7248 1.4801
11900 5950.0 3.4004 19.9260 3.4004 2.6741 1.5205
11910 5955.0 3.3665 27.2675 3.3665 2.6740 1.4783
11920 5960.0 3.4032 19.3573 3.4032 2.7527 1.5081
11930 5965.0 3.3829 23.5655 3.3829 2.8105 1.4475
11940 5970.0 3.4059 18.8316 3.4059 2.8287 1.4348
11950 5975.0 3.4217 15.8874 3.4217 2.8251 1.4136
11960 5980.0 3.4398 12.8243 3.4398 2.7974 1.4070
11970 5985.0 3.4437 12.2202 3.4437 2.7234 1.3806
11980 5990.0 3.4441 12.1510 3.4441 2.7140 1.3567
11990 5995.0 3.4402 12.7690 3.4402 2.7557 1.3453
12000 6000.0 3.4402 12.7653 3.4402 2.7953 1.3453
12010 6005.0 3.4338 13.8066 3.4338 2.8211 1.3511
12020 6010.0 3.4347 13.6671 3.4347 2.8067 1.3846
12030 6015.0 3.4436 12.2235 3.4436 2.7530 1.4134
12040 6020.0 3.4420 12.4826 3.4420 2.7121 1.4268
12050 6025.0 3.4396 12.8592 3.4396 2.6686 1.4470
12060 6030.0 3.4212 15.9931 3.4212 2.6929 1.4778
12070 6035.0 3.4320 14.1190 3.4320 2.7500 1.5418
12080 6040.0 3.4275 14.8723 3.4275 2.7924 1.5310
12090 6045.0 3.4133 17.4207 3.4133 2.8028 1.5255
12100 6050.0 3.4062 18.7697 3.4062 2.7378 1.5659
12110 6055.0 3.4501 11.2298 3.4501 2.6611 1.6161
12120 6060.0 3.3853 23.0552 3.3853 2.5139 1.5107
12130 6065.0 3.3866 22.7653 3.3866 2.4903 1.5078
12140 6070.0 3.4474 11.6500 3.4474 2.5601 1.5885
12150 6075.0 3.3818 23.8157 3.3818 2.6371 1.4534
12160 6080.0 3.3905 21.9551 3.3905 2.7237 1.4543
12170 6085.0 3.4038 19.2504 3.4038 2.7649 1.5330
12180 6090.0 3.3208 38.9806 3.3208 2.7673 1.4118
12190 6095.0 3.3779 24.6575 3.3779 2.6457 1.4679
12200 6100.0 3.3798 24.2356 3.3798 2.5668 1.3082
12210 6105.0 3.3590 29.0442 3.3590 2.5414 1.3734
12220 6110.0 3.3950 21.0079 3.3950 2.6285 1.3024
12230 6115.0 3.3994 20.1281 3.3994 2.8029 1.3749
12240 6120.0 3.3895 22.1604 3.3895 3.0077 1.3903
12250 6125.0 3.3765 24.9866 3.3765 2.9322 1.4569
12260 6130.0 3.3485 31.6180 3.3485 2.8056 1.3779
12270 6135.0 3.3737 25.6005 3.3737 2.8461 1.4350
12280 6140.0 3.3706 26.3200 3.3706 2.8909 1.3603
12290 6145.0 3.3637 27.9111 3.3637 2.6535 1.4196
12300 6150.0 3.3526 30.6080 3.3526 2.6039 1.4390
12310 6155.0 3.3664 27.2913 3.3664 2.5688 1.4310
12320 6160.0 3.3665 27.2594 3.3665 2.5949 1.3833
12330 6165.0 3.3473 31.9208 3.3473 2.6946 1.4459
12340 6170.0 3.2890 48.3597 3.2890 2.7590 1.4343
12350 6175.0 3.3362 34.7825 3.3362 2.6638 1.5403
12360 6180.0 3.2848 49.6601 3.2848 2.5278 1.3334
12370 6185.0 3.3332 35.5893 3.3332 2.3363 1.5226
12380 6190.0 3.2890 48.3548 3.2890 2.2988 1.3831
12390 6195.0 3.3527 30.5842 3.3527 2.4050 1.5022
12400 6200.0 3.3102 41.9794 3.3102 2.6566 1.3326
12410 6205.0 3.3424 33.1819 3.3424 2.8610 1.5248
12420 6210.0 3.3032 44.0435 3.3032 2.9507 1.3686
12430 6215.0 3.3855 23.0107 3.3855 2.7787 1.4682
12440 6220.0 3.3740 25.5342 3.3740 2.5107 1.3919
12450 6225.0 3.4132 17.4465 3.4132 2.3650 1.5175
12460 6230.0 3.3975 20.5114 3.3975 2.4059 1.4648
12470 6235.0 3.4050 19.0141 3.4050 2.5649 1.4370
12480 6240.0 3.4197 16.2524 3.4197 2.8314 1.4996
12490 6245.0 3.3316 36.0061 3.3316 2.9236 1.4444
12500 6250.0 3.3893 22.2033 3.3893 2.9378 1.5049
12510 6255.0 3.3741 25.5172 3.3741 2.7798 1.4487
12520 6260.0 3.3577 29.3602 3.3577 2.6767 1.4258
12530 6265.0 3.3275 37.1266 3.3275 2.4497 1.4135
12540 6270.0 3.3323 35.8309 3.3323 2.3356 1.4337
12550 6275.0 3.3300 36.4428 3.3300 2.4330 1.4274
12560 6280.0 3.3382 34.2764 3.3382 2.6350 1.3754
12570 6285.0 3.3532 30.4602 3.3532 2.8281 1.4516
12580 6290.0 3.3500 31.2451 3.3500 2.9474 1.4160
12590 6295.0 3.3844 23.2434 3.3844 3.0103 1.4956
12600 6300.0 3.3728 25.8003 3.3728 2.8766 1.4700
12610 6305.0 3.4004 19.9123 3.4004 2.7828 1.4513
12620 6310.0 3.4162 16.8906 3.4162 2.6704 1.4280
12630 6315.0 3.3979 20.4299 3.3979 2.5181 1.4222
12640 6320.0 3.3853 23.0454 3.3853 2.4590 1.4357
12650 6325.0 3.4109 17.8756 3.4109 2.5268 1.4321
12660 6330.0 3.4294 14.5449 3.4294 2.6529 1.4261
12670 6335.0 3.4071 18.5958 3.4071 2.7540 1.3829
12680 6340.0 3.4289 14.6411 3.4289 2.7620 1.4182
12690 6345.0 3.4275 14.8836 3.4275 2.7180 1.3432
12700 6350.0 3.4370 13.2785 3.4370 2.6567 1.3780
12710 6355.0 3.4342 13.7456 3.4342 2.5432 1.3598
12720 6360.0 3.4180 16.5579 3.4180 2.4545 1.3213
12730 6365.0 3.4314 14.2191 3.4314 2.4476 1.3417
12740 6370.0 3.4037 19.2731 3.4037 2.4804 1.4125
12750 6375.0 3.3889 22.2815 3.3889 2.5893 1.3257
12760 6380.0 3.4235 15.5772 3.4235 2.6816 1.4548
12770 6385.0 3.3733 25.6968 3.3733 2.7104 1.3568
12780 6390.0 3.4466 11.7685 3.4466 2.6995 1.4695
12790 6395.0 3.3935 21.3115 3.3935 2.6354 1.3829
12800 6400.0 3.4409 12.6521 3.4409 2.6104 1.5055
12810 6405.0 3.3595 28.9209 3.3595 2.6344 1.4239
12820 6410.0 3.4427 12.3680 3.4427 2.6850 1.5596
12830 6415.0 3.3722 25.9364 3.3722 2.6507 1.4922
12840 6420.0 3.4127 17.5442 3.4127 2.7069 1.5157
12850 6425.0 3.4248 15.3418 3.4248 2.8073 1.4827
12860 6430.0 3.3926 21.5037 3.3926 2.8230 1.4087
12870 6435.0 3.4607 9.7030 3.4607 2.8503 1.4827
12880 6440.0 3.3946 21.0851 3.3946 2.8544 1.3775
12890 6445.0 3.4485 11.4782 3.4485 2.7778 1.4617
12900 6450.0 3.4069 18.6402 3.4069 2.7400 1.3778
12910 6455.0 3.4389 12.9837 3.4389 2.7521 1.4335
12920 6460.0 3.4297 14.5088 3.4297 2.8137 1.3484
12930 6465.0 3.4444 12.1017 3.4444 2.8259 1.3691
12940 6470.0 3.4268 15.0041 3.4268 2.8115 1.4166
12950 6475.0 3.4002 19.9593 3.4002 2.7896 1.3361
12960 6480.0 3.4190 16.3786 3.4190 2.8450 1.4343
12970 6485.0 3.3953 20.9469 3.3953 2.8385 1.3491
12980 6490.0 3.4298 14.4890 3.4298 2.8221 1.4518
12990 6495.0 3.3846 23.2031 3.3846 2.7601 1.3761
13000 6500.0 3.4408 12.6682 3.4408 2.7333 1.4723
13010 6505.0 3.3807 24.0407 3.3807 2.7284 1.4073
13020 6510.0 3.3983 20.3368 3.3983 2.7409 1.4440
13030 6515.0 3.4208 16.0560 3.4208 2.7389 1.5242
13040 6520.0 3.3347 35.1930 3.3347 2.7184 1.3873
13050 6525.0 3.4138 17.3395 3.4138 2.6883 1.5379
13060 6530.0 3.3429 33.0397 3.3429 2.6199 1.4297
13070 6535.0 3.3970 20.6025 3.3970 2.5885 1.4939
13080 6540.0 3.3717 26.0670 3.3717 2.6065 1.4488
13090 6545.0 3.3883 22.4142 3.3883 2.6506 1.4581
13100 6550.0 3.4031 19.3805 3.4031 2.6676 1.4774
13110 6555.0 3.3487 31.5844 3.3487 2.6750 1.3891
13120 6560.0 3.4115 17.7619 3.4115 2.6358 1.4876
13130 6565.0 3.3725 25.8876 3.3725 2.5511 1.3506
13140 6570.0 3.4100 18.0451 3.4100 2.4963 1.4500
13150 6575.0 3.3965 20.6995 3.3965 2.4983 1.3596
13160 6580.0 3.4213 15.9713 3.4213 2.5720 1.3741
13170 6585.0 3.3989 20.2116 3.3989 2.6657 1.3826
13180 6590.0 3.3946 21.0993 3.3946 2.7561 1.3016
13190 6595.0 3.3736 25.6300 3.3736 2.7892 1.3671
13200 6600.0 3.3996 20.0714 3.3996 2.6957 1.3076
13210 6605.0 3.4009 19.8211 3.4009 2.6373 1.3659
13220 6610.0 3.4004 19.9133 3.4004 2.5829 1.3507
13230 6615.0 3.3946 21.0939 3.3946 2.5579 1.3711
13240 6620.0 3.4030 19.4017 3.4030 2.6011 1.4140
13250 6625.0 3.3758 25.1350 3.3758 2.6807 1.3885
13260 6630.0 3.3920 21.6220 3.3920 2.7666 1.4277
13270 6635.0 3.3941 21.2025 3.3941 2.7801 1.3756
13280 6640.0 3.4066 18.7063 3.4066 2.7307 1.3994
13290 6645.0 3.3938 21.2618 3.3938 2.6603 1.4297
13300 6650.0 3.4030 19.3992 3.4030 2.5847 1.4341
13310 6655.0 3.4092 18.1982 3.4092 2.5321 1.4019
13320 6660.0 3.4145 17.1987 3.4145 2.5544 1.3708
13330 6665.0 3.4269 14.9749 3.4269 2.6245 1.3691
13340 6670.0 3.4253 15.2574 3.4253 2.7245 1.3720
13350 6675.0 3.4180 16.5647 3.4180 2.7911 1.3890
13360 6680.0 3.4135 17.3852 3.4135 2.7540 1.3586
13370 6685.0 3.4076 18.5153 3.4076 2.7078 1.3400
13380 6690.0 3.4049 19.0232 3.4049 2.6545 1.3387
13390 6695.0 3.4017 19.6613 3.4017 2.6237 1.3400
13400 6700.0 3.4079 18.4592 3.4079 2.5964 1.3392
13410 6705.0 3.4098 18.0837 3.4098 2.6218 1.3607
13420 6710.0 3.4206 16.1000 3.4206 2.7018 1.3877
13430 6715.0 3.4107 17.9253 3.4107 2.7646 1.3699
13440 6720.0 3.4241 15.4726 3.4241 2.7669 1.4161
13450 6725.0 3.4331 13.9283 3.4331 2.7100 1.4389
13460 6730.0 3.4152 17.0797 3.4152 2.6165 1.4369
13470 6735.0 3.4203 16.1485 3.4203 2.5486 1.4568
13480 6740.0 3.4070 18.6257 3.4070 2.5309 1.4451
13490 6745.0 3.4091 18.2137 3.4091 2.5886 1.4534
13500 6750.0 3.3903 21.9939 3.3903 2.6220 1.4285
13510 6755.0 3.3986 20.2774 3.3986 2.5937 1.4439
13520 6760.0 3.3897 22.1053 3.3897 2.5644 1.4288
13530 6765.0 3.3904 21.9609 3.3904 2.5186 1.4375
13540 6770.0 3.3918 21.6798 3.3918 2.4992 1.4700
13550 6775.0 3.3822 23.7156 3.3822 2.5156 1.4666
13560 6780.0 3.3807 24.0388 3.3807 2.6067 1.4914
13570 6785.0 3.3715 26.1119 3.3715 2.7453 1.4895
13580 6790.0 3.3896 22.1356 3.3896 2.7943 1.5334
13590 6795.0 3.3826 23.6251 3.3826 2.7670 1.4774
13600 6800.0 3.3950 21.0164 3.3950 2.7077 1.4704
13610 6805.0 3.3947 21.0731 3.3947 2.6620 1.4631
13620 6810.0 3.3916 21.7159 3.3916 2.6906 1.4487
13630 6815.0 3.3835 23.4437 3.3835 2.7504 1.3842
13640 6820.0 3.4115 17.7603 3.4115 2.8673 1.3948
13650 6825.0 3.4316 14.1719 3.4316 2.9333 1.4404
13660 6830.0 3.4213 15.9738 3.4213 2.9204 1.4091
13670 6835.0 3.4477 11.5948 3.4477 2.9153 1.4571
13680 6840.0 3.4239 15.5128 3.4239 2.9156 1.3963
13690 6845.0 3.4430 12.3256 3.4430 2.7384 1.4174
13700 6850.0 3.4222 15.7985 3.4222 2.5738 1.4274
13710 6855.0 3.3888 22.2989 3.3888 2.5096 1.3944
13720 6860.0 3.4149 17.1282 3.4149 2.5971 1.3958
13730 6865.0 3.4567 10.2692 3.4567 2.8022 1.4264
13740 6870.0 3.4146 17.1881 3.4146 2.8797 1.3802
13750 6875.0 3.4519 10.9614 3.4519 2.9272 1.4581
13760 6880.0 3.4293 14.5665 3.4293 2.9576 1.3682
13770 6885.0 3.4631 9.3761 3.4631 3.0071 1.3989
13780 6890.0 3.4568 10.2520 3.4568 2.9205 1.3309
13790 6895.0 3.4370 13.2904 3.4370 2.8337 1.4040
13800 6900.0 3.4019 19.6183 3.4019 2.8144 1.3419
13810 6905.0 3.4077 18.4804 3.4077 2.8346 1.4577
13820 6910.0 3.3841 23.3166 3.3841 2.9042 1.3565
13830 6915.0 3.4277 14.8402 3.4277 2.8975 1.4592
13840 6920.0 3.3955 20.9102 3.3955 2.9370 1.3652
13850 6925.0 3.4235 15.5830 3.4235 3.0126 1.4399
13860 6930.0 3.4077 18.4927 3.4077 2.9860 1.3834
13870 6935.0 3.4384 13.0552 3.4384 3.0253 1.4305
13880 6940.0 3.3967 20.6639 3.3967 2.8328 1.4099
13890 6945.0 3.4092 18.2116 3.4092 2.7256 1.4636
13900 6950.0 3.3700 26.4385 3.3700 2.5856 1.4507
13910 6955.0 3.3630 28.0930 3.3630 2.5855 1.3991
13920 6960.0 3.4264 15.0710 3.4264 2.6931 1.4466
13930 6965.0 3.3846 23.1885 3.3846 2.8454 1.3613
13940 6970.0 3.4231 15.6541 3.4231 2.9977 1.4739
13950 6975.0 3.3966 20.6839 3.3966 3.0082 1.4379
13960 6980.0 3.4312 14.2399 3.4312 2.8946 1.3678
13970 6985.0 3.4524 10.8914 3.4524 2.7605 1.3608
13980 6990.0 3.4056 18.9044 3.4056 2.6087 1.3945
13990 6995.0 3.3986 20.2807 3.3986 2.5501 1.3249
14000 7000.0 3.3960 20.8041 3.3960 2.5952 1.4187
14010 7005.0 3.4429 12.3399 3.4429 2.7664 1.3353
14020 7010.0 3.4588 9.9705 3.4588 2.9198 1.3978
14030 7015.0 3.4429 12.3450 3.4429 2.8933 1.3975
14040 7020.0 3.4447 12.0570 3.4447 2.8782 1.4310
14050 7025.0 3.4298 14.4898 3.4298 2.8596 1.4201
14060 7030.0 3.4023 19.5514 3.4023 2.6868 1.4154
14070 7035.0 3.4146 17.1878 3.4146 2.5334 1.4686
14080 7040.0 3.3682 26.8574 3.3682 2.4978 1.4152
14090 7045.0 3.4137 17.3567 3.4137 2.5513 1.4586
14100 7050.0 3.4122 17.6418 3.4122 2.6564 1.4085
14110 7055.0 3.4151 17.1019 3.4151 2.7564 1.4853
14120 7060.0 3.4011 19.7789 3.4011 2.8213 1.5272
14130 7065.0 3.4019 19.6221 3.4019 2.7986 1.5265
14140 7070.0 3.4109 17.8775 3.4109 2.6788 1.4761
14150 7075.0 3.4142 17.2696 3.4142 2.5619 1.4289
14160 7080.0 3.4220 15.8354 3.4220 2.5245 1.4579
14170 7085.0 3.4119 17.6966 3.4119 2.6108 1.4692
14180 7090.0 3.4294 14.5488 3.4294 2.7579 1.5292
14190 7095.0 3.4226 15.7383 3.4226 2.8900 1.5278
14200 7100.0 3.4082 18.3867 3.4082 2.9311 1.4897
14210 7105.0 3.4419 12.4902 3.4419 2.8589 1.4990
14220 7110.0 3.4180 16.5530 3.4180 2.7904 1.4785
14230 7115.0 3.4238 15.5306 3.4238 2.8227 1.4856
14240 7120.0 3.4325 14.0310 3.4325 2.9257 1.4675
14250 7125.0 3.4439 12.1837 3.4439 3.0128 1.4520
14260 7130.0 3.4393 12.9088 3.4393 2.8974 1.4343
14270 7135.0 3.4469 11.7249 3.4469 2.8202 1.4399
14280 7140.0 3.4464 11.7927 3.4464 2.8348 1.4039
14290 7145.0 3.4629 9.3979 3.4629 2.9332 1.3993
14300 7150.0 3.4564 10.3128 3.4564 2.9940 1.3762
14310 7155.0 3.4622 9.4906 3.4622 2.9237 1.4217
14320 7160.0 3.4296 14.5221 3.4296 2.7921 1.3931
14330 7165.0 3.4154 17.0310 3.4154 2.6806 1.4127
14340 7170.0 3.4268 15.0021 3.4268 2.6923 1.4271
14350 7175.0 3.4379 13.1350 3.4379 2.8183 1.4390
14360 7180.0 3.4349 13.6282 3.4349 2.9913 1.4469
14370 7185.0 3.4152 17.0797 3.4152 3.0531 1.4183
14380 7190.0 3.4292 14.5922 3.4292 2.9865 1.4370
14390 7195.0 3.4309 14.3039 3.4309 2.9637 1.4407
14400 7200.0 3.4123 17.6163 3.4123 3.0059 1.3923
14410 7205.0 3.4229 15.6862 3.4229 2.9904 1.4079
14420 7210.0 3.4219 15.8557 3.4219 2.9215 1.3463
14430 7215.0 3.4186 16.4548 3.4186 2.8870 1.3786
14440 7220.0 3.4304 14.3875 3.4304 2.8773 1.3397
14450 7225.0 3.4163 16.8739 3.4163 2.8797 1.3589
14460 7230.0 3.4138 17.3268 3.4138 2.8332 1.4124
14470 7235.0 3.4199 16.2223 3.4199 2.7629 1.4385
14480 7240.0 3.4113 17.8021 3.4113 2.6686 1.4062
14490 7245.0 3.4315 14.2011 3.4315 2.5222 1.4647
14500 7250.0 3.3854 23.0165 3.3854 2.4172 1.4261
14510 7255.0 3.4113 17.7977 3.4113 2.4044 1.4930
14520 7260.0 3.3969 20.6191 3.3969 2.5043 1.4633
14530 7265.0 3.4299 14.4685 3.4299 2.6921 1.5159
14540 7270.0 3.3926 21.5092 3.3926 2.8443 1.4802
14550 7275.0 3.4334 13.8849 3.4334 2.8904 1.5675
14560 7280.0 3.4005 19.9056 3.4005 2.8148 1.4670
14570 7285.0 3.3951 20.9998 3.3951 2.6812 1.4589
14580 7290.0 3.3605 28.6803 3.3605 2.5979 1.4310
14590 7295.0 3.3922 21.5932 3.3922 2.6314 1.4366
14600 7300.0 3.4039 19.2186 3.4039 2.8308 1.4000
14610 7305.0 3.4154 17.0397 3.4154 3.0049 1.3565
14620 7310.0 3.4124 17.6006 3.4124 3.0370 1.3171
14630 7315.0 3.4030 19.4139 3.4030 3.0348 1.3442
14640 7320.0 3.3810 23.9789 3.3810 2.9978 1.3617
14650 7325.0 3.3884 22.3777 3.3884 2.9260 1.3428
14660 7330.0 3.3784 24.5528 3.3784 2.8433 1.3583
14670 7335.0 3.3803 24.1427 3.3803 2.7394 1.3530
14680 7340.0 3.3731 25.7513 3.3731 2.6823 1.3469
14690 7345.0 3.3889 22.2862 3.3889 2.6272 1.4287
14700 7350.0 3.3827 23.6041 3.3827 2.5645 1.4563
14710 7355.0 3.3690 26.6865 3.3690 2.6119 1.4360
14720 7360.0 3.4066 18.7069 3.4066 2.7721 1.4550
14730 7365.0 3.4023 19.5425 3.4023 2.9569 1.3824
14740 7370.0 3.4261 15.1156 3.4261 3.1168 1.3767
14750 7375.0 3.4195 16.2987 3.4195 3.0751 1.3874
14760 7380.0 3.3996 20.0814 3.3996 3.0611 1.3596
14770 7385.0 3.3914 21.7553 3.3914 3.0653 1.3673
14780 7390.0 3.3916 21.7100 3.3916 3.0909 1.3673
14790 7395.0 3.3951 20.9899 3.3951 3.1469 1.3649
14800 7400.0 3.4075 18.5267 3.4075 3.1253 1.3936
14810 7405.0 3.4121 17.6473 3.4121 3.0460 1.3910
14820 7410.0 3.4072 18.5882 3.4072 2.8999 1.3716
14830 7415.0 3.4004 19.9218 3.4004 2.7069 1.3833
14840 7420.0 3.3903 21.9886 3.3903 2.4817 1.4166
14850 7425.0 3.3930 21.4193 3.3930 2.3633 1.4533
14860 7430.0 3.4055 18.9084 3.4055 2.4008 1.4623
14870 7435.0 3.3966 20.6850 3.3966 2.5451 1.4347
14880 7440.0 3.3860 22.9048 3.3860 2.6785 1.4022
14890 7445.0 3.4033 19.3361 3.4033 2.7699 1.3957
14900 7450.0 3.4094 18.1607 3.4094 2.7737 1.3585
14910 7455.0 3.4090 18.2392 3.4090 2.7231 1.3646
14920 7460.0 3.3879 22.5011 3.3879 2.6498 1.3732
14930 7465.0 3.3841 23.3021 3.3841 2.6189 1.3276
14940 7470.0 3.3927 21.4953 3.3927 2.6766 1.3313
14950 7475.0 3.4239 15.5106 3.4239 2.7705 1.3636
14960 7480.0 3.4270 14.9696 3.4270 2.8353 1.4009
14970 7485.0 3.4356 13.5111 3.4356 2.8809 1.4058
14980 7490.0 3.4258 15.1769 3.4258 2.8516 1.4100
14990 7495.0 3.4424 12.4130 3.4424 2.7788 1.4630
15000 7500.0 3.3970 20.5968 3.3970 2.7066 1.4223
15010 7505.0 3.4456 11.9247 3.4456 2.6984 1.5005
15020 7510.0 3.3967 20.6755 3.3967 2.7063 1.4263
15030 7515.0 3.4706 8.3706 3.4706 2.8120 1.4825
15040 7520.0 3.4448 12.0385 3.4448 2.8953 1.4337
15050 7525.0 3.4794 7.2771 3.4794 2.9053 1.4515
15060 7530.0 3.4577 10.1310 3.4577 2.8586 1.4133
15070 7535.0 3.4668 8.8763 3.4668 2.8251 1.4480
15080 7540.0 3.4337 13.8357 3.4337 2.8040 1.3778
15090 7545.0 3.4503 11.2115 3.4503 2.7743 1.4318
15100 7550.0 3.4309 14.2964 3.4309 2.7475 1.3669
15110 7555.0 3.4480 11.5512 3.4480 2.7613 1.3996
15120 7560.0 3.4571 10.2036 3.4571 2.7890 1.3785
15130 7565.0 3.4453 11.9617 3.4453 2.8394 1.3721
15140 7570.0 3.4723 8.1509 3.4723 2.9088 1.4232
15150 7575.0 3.4184 16.4887 3.4184 2.8859 1.3735
15160 7580.0 3.4490 11.3966 3.4490 2.8226 1.4527
15170 7585.0 3.3931 21.4093 3.3931 2.7750 1.4053
15180 7590.0 3.4456 11.9195 3.4456 2.8203 1.4830
15190 7595.0 3.4473 11.6578 3.4473 2.8973 1.4832
15200 7600.0 3.3975 20.5113 3.3975 2.9862 1.4351
15210 7605.0 3.4434 12.2668 3.4434 3.0100 1.5100
15220 7610.0 3.4442 12.1403 3.4442 2.9139 1.5124
15230 7615.0 3.3992 20.1508 3.3992 2.7462 1.4560
15240 7620.0 3.4128 17.5265 3.4128 2.6576 1.4491
15250 7625.0 3.4131 17.4600 3.4131 2.6353 1.4251
15260 7630.0 3.3924 21.5583 3.3924 2.6909 1.3577
15270 7635.0 3.4086 18.3243 3.4086 2.8193 1.4035
15280 7640.0 3.3940 21.2283 3.3940 2.9540 1.3918
15290 7645.0 3.4170 16.7355 3.4170 2.9180 1.4526
15300 7650.0 3.3978 20.4469 3.3978 2.8189 1.4333
15310 7655.0 3.3955 20.9192 3.3955 2.7996 1.4545
15320 7660.0 3.4016 19.6817 3.4016 2.8651 1.4476
15330 7665.0 3.4019 19.6204 3.4019 2.8772 1.3986
15340 7670.0 3.3995 20.1007 3.3995 2.7232 1.3742
15350 7675.0 3.3922 21.5881 3.3922 2.5932 1.3922
15360 7680.0 3.3886 22.3494 3.3886 2.5126 1.4395
15370 7685.0 3.4011 19.7847 3.4011 2.4722 1.4735
15380 7690.0 3.4002 19.9633 3.4002 2.4726 1.4303
15390 7695.0 3.4119 17.6831 3.4119 2.5206 1.3980
15400 7700.0 3.4294 14.5553 3.4294 2.6487 1.3886
15410 7705.0 3.4512 11.0704 3.4512 2.8212 1.4166
15420 7710.0 3.4373 13.2316 3.4373 2.8948 1.4169
15430 7715.0 3.4542 10.6354 3.4542 2.8281 1.4436
15440 7720.0 3.4313 14.2286 3.4313 2.8347 1.3807
15450 7725.0 3.4756 7.7388 3.4756 2.9350 1.4116
15460 7730.0 3.4647 9.1526 3.4647 2.8199 1.3817
15470 7735.0 3.4391 12.9453 3.4391 2.7525 1.3396
15480 7740.0 3.4484 11.4973 3.4484 2.6960 1.3918
15490 7745.0 3.4487 11.4509 3.4487 2.6515 1.4126
15500 7750.0 3.3997 20.0606 3.3997 2.6468 1.3985
15510 7755.0 3.4489 11.4149 3.4489 2.6818 1.4834
15520 7760.0 3.4091 18.2255 3.4091 2.7234 1.4639
15530 7765.0 3.4094 18.1574 3.4094 2.7713 1.4725
15540 7770.0 3.4304 14.3752 3.4304 2.7834 1.4883
15550 7775.0 3.4062 18.7713 3.4062 2.7666 1.4372
15560 7780.0 3.4328 13.9781 3.4328 2.7407 1.4472
15570 7785.0 3.3963 20.7500 3.3963 2.7354 1.3876
15580 7790.0 3.4306 14.3445 3.4306 2.8167 1.4447
15590 7795.0 3.4079 18.4448 3.4079 2.8906 1.3763
15600 7800.0 3.4334 13.8800 3.4334 2.8761 1.3895
15610 7805.0 3.4256 15.2143 3.4256 2.7894 1.3775
15620 7810.0 3.4069 18.6510 3.4069 2.6659 1.3240
15630 7815.0 3.4140 17.2928 3.4140 2.5758 1.3817
15640 7820.0 3.4040 19.2155 3.4040 2.5841 1.4229
15650 7825.0 3.4052 18.9677 3.4052 2.6439 1.3642
15660 7830.0 3.4324 14.0507 3.4324 2.7117 1.3755
15670 7835.0 3.4496 11.3045 3.4496 2.8436 1.4133
15680 7840.0 3.4170 16.7415 3.4170 2.9683 1.3765
15690 7845.0 3.4548 10.5379 3.4548 3.0184 1.4664
15700 7850.0 3.4091 18.2146 3.4091 2.9446 1.3982
15710 7855.0 3.4349 13.6277 3.4349 2.7999 1.4622
15720 7860.0 3.4074 18.5452 3.4074 2.7105 1.4647
15730 7865.0 3.3860 22.8947 3.3860 2.7402 1.4363
15740 7870.0 3.4045 19.1061 3.4045 2.8825 1.4545
15750 7875.0 3.3739 25.5517 3.3739 2.9847 1.4121
15760 7880.0 3.3913 21.7841 3.3913 2.9240 1.4052
15770 7885.0 3.4018 19.6424 3.4018 2.7858 1.4057
15780 7890.0 3.3978 20.4451 3.3978 2.7251 1.4151
15790 7895.0 3.3953 20.9580 3.3953 2.7032 1.4046
15800 7900.0 3.4148 17.1486 3.4148 2.7131 1.4153
15810 7905.0 3.4142 17.2588 3.4142 2.7479 1.3818
15820 7910.0 3.4090 18.2466 3.4090 2.7952 1.4185
15830 7915.0 3.3928 21.4641 3.3928 2.7140 1.3768
15840 7920.0 3.4300 14.4437 3.4300 2.5722 1.4278
15850 7925.0 3.4139 17.3129 3.4139 2.4703 1.3431
15860 7930.0 3.4531 10.7889 3.4531 2.4262 1.3845
15870 7935.0 3.4491 11.3926 3.4491 2.4819 1.3887
15880 7940.0 3.4259 15.1606 3.4259 2.5808 1.3398
15890 7945.0 3.4205 16.1044 3.4205 2.6708 1.4003
15900 7950.0 3.3962 20.7640 3.3962 2.7421 1.3467
15910 7955.0 3.3939 21.2324 3.3939 2.7498 1.3673
15920 7960.0 3.4021 19.5799 3.4021 2.6841 1.4051
15930 7965.0 3.4221 15.8268 3.4221 2.6026 1.3383
15940 7970.0 3.4213 15.9609 3.4213 2.4924 1.3645
15950 7975.0 3.4082 18.3882 3.4082 2.4382 1.3835
15960 7980.0 3.3860 22.8958 3.3860 2.4148 1.3777
15970 7985.0 3.3835 23.4256 3.3835 2.5062 1.3886
15980 7990.0 3.4052 18.9711 3.4052 2.6867 1.4355
15990 7995.0 3.4032 19.3631 3.4032 2.9058 1.3945
16000 8000.0 3.4001 19.9783 3.4001 3.0979 1.4042
16010 8005.0 3.3788 24.4560 3.3788 3.0805 1.4252
16020 8010.0 3.3607 28.6334 3.3607 3.0309 1.4030
16030 8015.0 3.3753 25.2493 3.3753 3.0016 1.4037
16040 8020.0 3.3887 22.3261 3.3887 3.0026 1.4136
16050 8025.0 3.3802 24.1564 3.3802 3.0198 1.4121
16060 8030.0 3.3735 25.6617 3.3735 2.8994 1.4369
16070 8035.0 3.4075 18.5244 3.4075 2.8476 1.4804
16080 8040.0 3.3991 20.1850 3.3991 2.8341 1.4218
16090 8045.0 3.4313 14.2239 3.4313 2.8619 1.4059
16100 8050.0 3.4421 12.4706 3.4421 2.8988 1.3818
16110 8055.0 3.4486 11.4559 3.4486 2.9028 1.4037
16120 8060.0 3.4522 10.9238 3.4522 2.8273 1.4160
16130 8065.0 3.4480 11.5504 3.4480 2.7426 1.3698
16140 8070.0 3.4552 10.4778 3.4552 2.6871 1.3755
16150 8075.0 3.4551 10.5049 3.4551 2.6795 1.3658
16160 8080.0 3.4586 10.0007 3.4586 2.6792 1.3807
16170 8085.0 3.4571 10.2034 3.4571 2.6685 1.3816
16180 8090.0 3.4702 8.4236 3.4702 2.6566 1.4125
16190 8095.0 3.4578 10.1098 3.4578 2.6080 1.4196
16200 8100.0 3.4516 11.0185 3.4516 2.5703 1.4390
16210 8105.0 3.4603 9.7629 3.4603 2.5659 1.4700
16220 8110.0 3.4505 11.1772 3.4505 2.5894 1.4774
16230 8115.0 3.4408 12.6665 3.4408 2.6051 1.4817
16240 8120.0 3.4570 10.2200 3.4570 2.5991 1.5129
16250 8125.0 3.4627 9.4197 3.4627 2.5959 1.5256
16260 8130.0 3.4711 8.3078 3.4711 2.6033 1.5327
16270 8135.0 3.4707 8.3651 3.4707 2.6219 1.5249
16280 8140.0 3.4613 9.6213 3.4613 2.7076 1.5026
16290 8145.0 3.4297 14.5051 3.4297 2.7952 1.4649
16300 8150.0 3.4497 11.3001 3.4497 2.7935 1.4677
16310 8155.0 3.4430 12.3187 3.4430 2.7203 1.4325
16320 8160.0 3.4300 14.4515 3.4300 2.6530 1.4073
16330 8165.0 3.4194 16.3101 3.4194 2.5992 1.3988
16340 8170.0 3.4104 17.9791 3.4104 2.6074 1.3705
16350 8175.0 3.4153 17.0535 3.4153 2.6453 1.3728
16360 8180.0 3.4135 17.3873 3.4135 2.6994 1.3790
16370 8185.0 3.4175 16.6442 3.4175 2.7845 1.3856
16380 8190.0 3.4224 15.7756 3.4224 2.8216 1.3735
16390 8195.0 3.4351 13.5892 3.4351 2.8789 1.4099
16400 8200.0 3.4330 13.9424 3.4330 2.8917 1.4243
16410 8205.0 3.4302 14.4196 3.4302 2.8713 1.4314
16420 8210.0 3.4160 16.9249 3.4160 2.8600 1.4002
16430 8215.0 3.4358 13.4776 3.4358 2.9200 1.3874
16440 8220.0 3.4350 13.6081 3.4350 3.0126 1.3772
16450 8225.0 3.4186 16.4442 3.4186 3.0629 1.3246
16460 8230.0 3.4178 16.5908 3.4178 2.9816 1.3619
16470 8235.0 3.4081 18.4074 3.4081 2.8899 1.3842
16480 8240.0 3.4352 13.5841 3.4352 2.7643 1.3349
16490 8245.0 3.4541 10.6472 3.4541 2.6767 1.3766
16500 8250.0 3.4379 13.1388 3.4379 2.6837 1.4108
16510 8255.0 3.4136 17.3683 3.4136 2.7199 1.3470
16520 8260.0 3.4491 11.3825 3.4491 2.7834 1.4387
16530 8265.0 3.4187 16.4311 3.4187 2.8138 1.4024
16540 8270.0 3.4442 12.1432 3.4442 2.8357 1.4529
16550 8275.0 3.4227 15.7129 3.4227 2.8284 1.4316
16560 8280.0 3.4317 14.1704 3.4317 2.8275 1.4603
16570 8285.0 3.4089 18.2576 3.4089 2.8218 1.4347
16580 8290.0 3.4222 15.8098 3.4222 2.8160 1.4533
16590 8295.0 3.4158 16.9728 3.4158 2.8458 1.4350
16600 8300.0 3.3838 23.3631 3.3838 2.8362 1.3894
16610 8305.0 3.4076 18.5106 3.4076 2.8051 1.4505
16620 8310.0 3.3823 23.7019 3.3823 2.6893 1.3607
16630 8315.0 3.4046 19.0844 3.4046 2.6148 1.4650
16640 8320.0 3.3844 23.2311 3.3844 2.6226 1.4404
16650 8325.0 3.4162 16.8827 3.4162 2.7274 1.5106
16660 8330.0 3.3926 21.4996 3.3926 2.8563 1.4125
16670 8335.0 3.4385 13.0379 3.4385 2.9858 1.4637
16680 8340.0 3.3724 25.8973 3.3724 2.9064 1.4171
16690 8345.0 3.4166 16.8239 3.4166 2.8529 1.4980
16700 8350.0 3.3950 21.0212 3.3950 2.8007 1.4388
16710 8355.0 3.4479 11.5743 3.4479 2.7312 1.5037
16720 8360.0 3.3931 21.3939 3.3931 2.6524 1.4464
16730 8365.0 3.4502 11.2174 3.4502 2.7339 1.5235
16740 8370.0 3.4057 18.8847 3.4057 2.8348 1.4163
16750 8375.0 3.4268 15.0076 3.4268 2.9160 1.4596
16760 8380.0 3.3734 25.6805 3.3734 2.8185 1.4132
16770 8385.0 3.3966 20.6833 3.3966 2.7569 1.4907
16780 8390.0 3.3491 31.4707 3.3491 2.7399 1.4104
16790 8395.0 3.3929 21.4470 3.3929 2.7555 1.4977
16800 8400.0 3.3437 32.8535 3.3437 2.7344 1.4109
16810 8405.0 3.3873 22.6211 3.3873 2.8070 1.5228
16820 8410.0 3.3300 36.4582 3.3300 2.8253 1.4170
16830 8415.0 3.3775 24.7600 3.3775 2.7991 1.5083
16840 8420.0 3.3584 29.1972 3.3584 2.7395 1.4608
16850 8425.0 3.3665 27.2545 3.3665 2.7118 1.4881
16860 8430.0 3.3720 25.9997 3.3720 2.6902 1.5105
16870 8435.0 3.3618 28.3667 3.3618 2.7323 1.4543
16880 8440.0 3.3754 25.2307 3.3754 2.8593 1.4967
16890 8445.0 3.3274 37.1657 3.3274 2.8578 1.4167
16900 8450.0 3.3756 25.1871 3.3756 2.8909 1.5084
16910 8455.0 3.3562 29.7160 3.3562 2.8761 1.3942
16920 8460.0 3.3964 20.7294 3.3964 2.8208 1.4704
16930 8465.0 3.3669 27.1711 3.3669 2.6966 1.3510
16940 8470.0 3.4077 18.4940 3.4077 2.7236 1.4288
16950 8475.0 3.4253 15.2606 3.4253 2.7611 1.3597
16960 8480.0 3.4333 13.8946 3.4333 2.8330 1.3741
16970 8485.0 3.4270 14.9710 3.4270 2.9228 1.4156
16980 8490.0 3.4204 16.1306 3.4204 2.9339 1.4126
16990 8495.0 3.4346 13.6820 3.4346 2.8824 1.4013
17000 8500.0 3.4546 10.5717 3.4546 2.7980 1.3813
17010 8505.0 3.4396 12.8642 3.4396 2.7191 1.4151
17020 8510.0 3.4151 17.0933 3.4151 2.7291 1.3512
17030 8515.0 3.4210 16.0125 3.4210 2.7953 1.4360
17040 8520.0 3.4123 17.6097 3.4123 2.8489 1.3297
17050 8525.0 3.4106 17.9323 3.4106 2.9290 1.4150
17060 8530.0 3.4210 16.0144 3.4210 2.9679 1.3177
17070 8535.0 3.4269 14.9790 3.4269 3.0108 1.4490
17080 8540.0 3.4220 15.8409 3.4220 3.0490 1.3519
17090 8545.0 3.4556 10.4324 3.4556 3.0770 1.4841
17100 8550.0 3.4026 19.4813 3.4026 3.0188 1.4127
17110 8555.0 3.4506 11.1599 3.4506 2.9696 1.5079
17120 8560.0 3.4241 15.4789 3.4241 2.8800 1.4994
17130 8565.0 3.3777 24.7098 3.3777 2.8353 1.4666
17140 8570.0 3.4335 13.8588 3.4335 2.8591 1.5480
17150 8575.0 3.4433 12.2831 3.4433 2.8724 1.5763
17160 8580.0 3.3897 22.1073 3.3897 2.8777 1.5050
17170 8585.0 3.4547 10.5543 3.4547 2.9094 1.5555
17180 8590.0 3.4386 13.0320 3.4386 2.9365 1.5034
17190 8595.0 3.3550 30.0075 3.3550 2.9322 1.3874
17200 8600.0 3.4599 9.8122 3.4599 2.9344 1.5639
17210 8605.0 3.4065 18.7135 3.4065 2.8480 1.4137
17220 8610.0 3.4335 13.8646 3.4335 2.8289 1.4259
17230 8615.0 3.4572 10.1909 3.4572 2.7988 1.4864
17240 8620.0 3.3870 22.6811 3.3870 2.7336 1.3588
17250 8625.0 3.4273 14.9128 3.4273 2.7246 1.4699
17260 8630.0 3.4046 19.0890 3.4046 2.7523 1.3110
17270 8635.0 3.4153 17.0610 3.4153 2.7711 1.4281
17280 8640.0 3.4186 16.4529 3.4186 2.7685 1.3267
17290 8645.0 3.4338 13.8185 3.4338 2.7550 1.3978
17300 8650.0 3.4156 17.0106 3.4156 2.7607 1.3937
17310 8655.0 3.4066 18.7093 3.4066 2.7724 1.3886
17320 8660.0 3.4193 16.3304 3.4193 2.8269 1.4160
17330 8665.0 3.4208 16.0557 3.4208 2.7638 1.3346
17340 8670.0 3.4351 13.5948 3.4351 2.7081 1.3748
17350 8675.0 3.4055 18.9187 3.4055 2.7143 1.4154
17360 8680.0 3.4070 18.6187 3.4070 2.8423 1.3501
17370 8685.0 3.4250 15.3197 3.4250 2.9680 1.4559
17380 8690.0 3.3773 24.7935 3.3773 3.0552 1.3734
17390 8695.0 3.4101 18.0264 3.4101 3.0926 1.4902
17400 8700.0 3.3908 21.8853 3.3908 2.9887 1.3943
17410 8705.0 3.4098 18.0899 3.4098 2.8562 1.4528
17420 8710.0 3.4120 17.6735 3.4120 2.7632 1.4953
17430 8715.0 3.3496 31.3556 3.3496 2.7388 1.4015
17440 8720.0 3.4328 13.9825 3.4328 2.8316 1.5001
17450 8725.0 3.3966 20.6899 3.3966 2.9525 1.4242
17460 8730.0 3.4269 14.9804 3.4269 3.0527 1.4753
17470 8735.0 3.4034 19.3167 3.4034 3.0877 1.4655
17480 8740.0 3.3820 23.7635 3.3820 3.0307 1.4328
17490 8745.0 3.4357 13.5029 3.4357 2.9135 1.5096
17500 8750.0 3.3635 27.9588 3.3635 2.7859 1.3616
17510 8755.0 3.4223 15.7943 3.4223 2.6642 1.4958
17520 8760.0 3.3705 26.3350 3.3705 2.6498 1.3617
17530 8765.0 3.4380 13.1184 3.4380 2.6880 1.4583
17540 8770.0 3.4217 15.8892 3.4217 2.7327 1.3808
17550 8775.0 3.4334 13.8709 3.4334 2.7514 1.4041
17560 8780.0 3.4362 13.4144 3.4362 2.7173 1.3762
17570 8785.0 3.4553 10.4654 3.4553 2.6263 1.4007
17580 8790.0 3.4560 10.3665 3.4560 2.4817 1.4421
17590 8795.0 3.3852 23.0664 3.3852 2.4620 1.3947
17600 8800.0 3.4438 12.2013 3.4438 2.5450 1.4872
17610 8805.0 3.3720 25.9851 3.3720 2.6687 1.3402
17620 8810.0 3.4023 19.5446 3.4023 2.8265 1.5215
17630 8815.0 3.3101 42.0319 3.3101 2.8541 1.3589
17640 8820.0 3.3920 21.6328 3.3920 2.8904 1.5091
17650 8825.0 3.3953 20.9576 3.3953 2.8746 1.5280
17660 8830.0 3.2786 51.6627 3.2786 2.8411 1.4131
17670 8835.0 3.4128 17.5238 3.4128 2.8785 1.6141
17680 8840.0 3.3690 26.6715 3.3690 2.8486 1.5670
17690 8845.0 3.2994 45.1913 3.2994 2.8280 1.4783
17700 8850.0 3.4296 14.5199 3.4296 2.8763 1.6264
17710 8855.0 3.3617 28.3972 3.3617 2.9339 1.5214
17720 8860.0 3.3063 43.1387 3.3063 3.0001 1.4288
17730 8865.0 3.4379 13.1334 3.4379 3.0768 1.5589
17740 8870.0 3.4191 16.3563 3.4191 3.0286 1.4996
17750 8875.0 3.3838 23.3622 3.3838 2.9807 1.3919
17760 8880.0 3.4707 8.3628 3.4707 2.9268 1.4528
17770 8885.0 3.4448 12.0471 3.4448 2.8696 1.3394
17780 8890.0 3.4691 8.5728 3.4691 2.8615 1.3703
17790 8895.0 3.4479 11.5722 3.4479 2.8116 1.3711
17800 8900.0 3.4441 12.1476 3.4441 2.7266 1.3030
17810 8905.0 3.4032 19.3746 3.4032 2.6105 1.3961
17820 8910.0 3.3839 23.3575 3.3839 2.5662 1.3107
17830 8915.0 3.4051 18.9880 3.4051 2.5498 1.3573
17840 8920.0 3.3988 20.2384 3.3988 2.6006 1.3912
17850 8925.0 3.4260 15.1384 3.4260 2.7275 1.3276
17860 8930.0 3.4179 16.5757 3.4179 2.8282 1.3157
17870 8935.0 3.3915 21.7289 3.3915 2.8843 1.3615
17880 8940.0 3.3884 22.3858 3.3884 2.8836 1.3799
17890 8945.0 3.3686 26.7649 3.3686 2.8281 1.4057
17900 8950.0 3.3766 24.9537 3.3766 2.7790 1.4281
17910 8955.0 3.4074 18.5430 3.4074 2.8119 1.4313
17920 8960.0 3.4259 15.1621 3.4259 2.9287 1.3926
17930 8965.0 3.4241 15.4723 3.4241 3.0150 1.3718
17940 8970.0 3.4214 15.9495 3.4214 2.9559 1.3709
17950 8975.0 3.4249 15.3272 3.4249 2.9415 1.3658
17960 8980.0 3.4190 16.3884 3.4190 2.9384 1.4138
17970 8985.0 3.4113 17.8055 3.4113 2.8552 1.4568
17980 8990.0 3.4225 15.7522 3.4225 2.8222 1.4476
17990 8995.0 3.4279 14.8110 3.4279 2.8913 1.4221
18000 9000.0 3.4217 15.8939 3.4217 3.0032 1.4169
